# t (s)	mx ()	my ()	mz ()	B_extx (T)	B_exty (T)	B_extz (T)	mx ()	my ()	mz ()	E_total (J)	branch ()
0	-0.038331985	0.9991995	-5.4707707e-05	0	0.06283186	0	-0.038331985	0.9991995	-5.4707707e-05	4.619458e-21	-1
0	-0.045595363	0.9988934	-1.532969e-05	0	0.050265484	0	-0.045595363	0.9988934	-1.532969e-05	9.633247e-21	-1
0	-0.056163095	0.99835384	4.3380864e-05	0	0.03769911	0	-0.056163095	0.99835384	4.3380864e-05	1.4644977e-20	-1
0	-0.07289307	0.99727035	0.00013854248	0	0.025132742	0	-0.07289307	0.99727035	0.00013854248	1.9652848e-20	-1
0	-0.08544423	0.9962723	0.00021111424	0	0.018849555	0	-0.08544423	0.9962723	0.00021111424	2.21541e-20	-1
0	-0.102911666	0.99461806	0.00031319793	0	0.012566371	0	-0.102911666	0.99461806	0.00031319793	2.465211e-20	-1
0	-0.114450246	0.9933554	0.0003810865	0	0.009424778	0	-0.114450246	0.9933554	0.0003810865	2.5899232e-20	-1
0	-0.12875664	0.9916009	0.00046553503	0	0.0062831854	0	-0.12875664	0.9916009	0.00046553503	2.7144478e-20	-1
0	-0.14292021	0.98965716	0.0005492312	0	0.0037699111	0	-0.14292021	0.98965716	0.0005492312	2.8138823e-20	-1
0	-0.1511792	0.9884281	0.00059799536	0	0.002513274	0	-0.1511792	0.9884281	0.00059799536	2.8635177e-20	-1
0	-0.15569943	0.9877256	0.00062465476	0	0.0018849556	0	-0.15569943	0.9877256	0.00062465476	2.8883115e-20	-1
0	-0.16043508	0.98696685	0.0006525397	0	0.001256637	0	-0.16043508	0.98696685	0.0006525397	2.9130868e-20	-1
0	-0.16242099	0.98664176	0.00066423655	0	0.0010053096	0	-0.16242099	0.98664176	0.00066423655	2.9229913e-20	-1
0	-0.16549256	0.9861307	0.00068229635	0	0.0006283185	0	-0.16549256	0.9861307	0.00068229635	2.9378418e-20	-1
0	-0.16549256	0.9861307	0.00068229635	0	0.0002513274	0	-0.16549256	0.9861307	0.00068229635	2.9526884e-20	-1
0	-0.16976574	0.98540354	0.0007073835	0	0.0001256637	0	-0.16976574	0.98540354	0.0007073835	2.9576305e-20	-1
0	-0.16976574	0.98540354	0.0007073835	0	6.283185e-05	0	-0.16976574	0.98540354	0.0007073835	2.960103e-20	-1
0	-0.16976574	0.98540354	0.0007073835	0	2.5132742e-05	0	-0.16976574	0.98540354	0.0007073835	2.9615864e-20	-1
0	-0.16976574	0.98540354	0.0007073835	0	1.2566371e-05	0	-0.16976574	0.98540354	0.0007073835	2.962081e-20	-1
0	-0.16976574	0.98540354	0.0007073835	0	6.2831855e-06	0	-0.16976574	0.98540354	0.0007073835	2.9623283e-20	-1
0	-0.16976574	0.98540354	0.0007073835	0	2.513274e-06	0	-0.16976574	0.98540354	0.0007073835	2.9624766e-20	-1
0	-0.16976574	0.98540354	0.0007073835	0	1.256637e-06	0	-0.16976574	0.98540354	0.0007073835	2.962526e-20	-1
0	-0.16976574	0.98540354	0.0007073835	0	6.283185e-07	0	-0.16976574	0.98540354	0.0007073835	2.962551e-20	-1
0	-0.16976574	0.98540354	0.0007073835	0	2.513274e-07	0	-0.16976574	0.98540354	0.0007073835	2.9625658e-20	-1
0	-0.16976574	0.98540354	0.0007073835	0	1.256637e-07	0	-0.16976574	0.98540354	0.0007073835	2.9625706e-20	-1
0	-0.16976574	0.98540354	0.0007073835	0	0	0	-0.16976574	0.98540354	0.0007073835	2.9625755e-20	-1
0	-0.16976574	0.98540354	0.0007073835	0	-1.256637e-07	0	-0.16976574	0.98540354	0.0007073835	2.9625806e-20	-1
0	-0.16976574	0.98540354	0.0007073835	0	-2.513274e-07	0	-0.16976574	0.98540354	0.0007073835	2.9625855e-20	-1
0	-0.16976574	0.98540354	0.0007073835	0	-6.283185e-07	0	-0.16976574	0.98540354	0.0007073835	2.9626004e-20	-1
0	-0.16976574	0.98540354	0.0007073835	0	-1.256637e-06	0	-0.16976574	0.98540354	0.0007073835	2.962625e-20	-1
0	-0.16976574	0.98540354	0.0007073835	0	-2.513274e-06	0	-0.16976574	0.98540354	0.0007073835	2.9626743e-20	-1
0	-0.16976574	0.98540354	0.0007073835	0	-6.2831855e-06	0	-0.16976574	0.98540354	0.0007073835	2.962823e-20	-1
0	-0.16976574	0.98540354	0.0007073835	0	-1.2566371e-05	0	-0.16976574	0.98540354	0.0007073835	2.9630702e-20	-1
0	-0.16976574	0.98540354	0.0007073835	0	-2.5132742e-05	0	-0.16976574	0.98540354	0.0007073835	2.9635645e-20	-1
0	-0.16976574	0.98540354	0.0007073835	0	-6.283185e-05	0	-0.16976574	0.98540354	0.0007073835	2.9650483e-20	-1
0	-0.16976574	0.98540354	0.0007073835	0	-0.0001256637	0	-0.16976574	0.98540354	0.0007073835	2.9675208e-20	-1
0	-0.17312923	0.9848176	0.00072709954	0	-0.0002513274	0	-0.17312923	0.9848176	0.00072709954	2.9724616e-20	-1
0	-0.17661414	0.9841982	0.0007475046	0	-0.0006283185	0	-0.17661414	0.9841982	0.0007475046	2.987284e-20	-1
0	-0.18026456	0.98353565	0.00076883426	0	-0.0010053096	0	-0.18026456	0.98353565	0.00076883426	3.0020963e-20	-1
0	-0.18026456	0.98353565	0.00076883426	0	-0.001256637	0	-0.18026456	0.98353565	0.00076883426	3.011968e-20	-1
0	-0.18938577	0.9818187	0.0008219416	0	-0.0018849556	0	-0.18938577	0.9818187	0.0008219416	3.0366178e-20	-1
0	-0.19652548	0.9804135	0.00086328876	0	-0.002513274	0	-0.19652548	0.9804135	0.00086328876	3.0612374e-20	-1
0	-0.21272677	0.9770236	0.00095627614	0	-0.0037699111	0	-0.21272677	0.9770236	0.00095627614	3.1103578e-20	-1
0	-0.25720966	0.9662585	0.0012034777	0	-0.0062831854	0	-0.25720966	0.9662585	0.0012034777	3.2079415e-20	-1
0	-0.9234003	-0.38352543	-0.0029277294	0	-0.009424778	0	-0.9234003	-0.38352543	-0.0029277294	2.6471429e-20	-1
0	-0.8747487	-0.4842886	-0.0022988268	0	-0.012566371	0	-0.8747487	-0.4842886	-0.0022988268	2.593057e-20	-1
0	0.08544585	-0.9962722	-0.0002111227	0	-0.018849555	0	0.08544585	-0.9962722	-0.0002111227	2.2154097e-20	-1
0	0.07290122	-0.99726975	-0.00013859055	0	-0.025132742	0	0.07290122	-0.99726975	-0.00013859055	1.9652847e-20	-1
0	0.05617774	-0.998353	-4.3465247e-05	0	-0.03769911	0	0.05617774	-0.998353	-4.3465247e-05	1.4644979e-20	-1
0	0.045599546	-0.99889326	1.5305432e-05	0	-0.050265484	0	0.045599546	-0.99889326	1.5305432e-05	9.633247e-21	-1
0	0.038337074	-0.9991993	5.4678632e-05	0	-0.06283186	0	0.038337074	-0.9991993	5.4678632e-05	4.6194596e-21	-1
0	0.038333517	-0.99919945	5.4698656e-05	0	-0.06283186	0	0.038333517	-0.99919945	5.4698656e-05	4.6194584e-21	1
0	0.045598682	-0.99889326	1.5310958e-05	0	-0.050265484	0	0.045598682	-0.99889326	1.5310958e-05	9.633244e-21	1
0	0.056168407	-0.99835354	-4.3401356e-05	0	-0.03769911	0	0.056168407	-0.99835354	-4.3401356e-05	1.4644979e-20	1
0	0.07288985	-0.9972706	-0.000138526	0	-0.025132742	0	0.07288985	-0.9972706	-0.000138526	1.9652853e-20	1
0	0.08543201	-0.9962734	-0.0002110418	0	-0.018849555	0	0.08543201	-0.9962734	-0.0002110418	2.2154097e-20	1
0	0.10291224	-0.99461806	-0.0003132011	0	-0.012566371	0	0.10291224	-0.99461806	-0.0003132011	2.465211e-20	1
0	0.11444409	-0.993356	-0.00038104996	0	-0.009424778	0	0.11444409	-0.993356	-0.00038104996	2.5899227e-20	1
0	0.12876248	-0.99160016	-0.00046556955	0	-0.0062831854	0	0.12876248	-0.99160016	-0.00046556955	2.7144478e-20	1
0	0.14292379	-0.98965657	-0.0005492523	0	-0.0037699111	0	0.14292379	-0.98965657	-0.0005492523	2.813882e-20	1
0	0.15118389	-0.9884274	-0.0005980233	0	-0.002513274	0	0.15118389	-0.9884274	-0.0005980233	2.8635183e-20	1
0	0.15566328	-0.98773134	-0.0006244405	0	-0.0018849556	0	0.15566328	-0.98773134	-0.0006244405	2.8883118e-20	1
0	0.16043416	-0.986967	-0.00065254455	0	-0.001256637	0	0.16043416	-0.986967	-0.00065254455	2.9130865e-20	1
0	0.16043416	-0.986967	-0.00065254455	0	-0.0010053096	0	0.16043416	-0.986967	-0.00065254455	2.9229926e-20	1
0	0.16549328	-0.9861306	-0.00068230066	0	-0.0006283185	0	0.16549328	-0.9861306	-0.00068230066	2.9378418e-20	1
0	0.16868863	-0.98558867	-0.00070106745	0	-0.0002513274	0	0.16868863	-0.98558867	-0.00070106745	2.952685e-20	1
0	0.16868863	-0.98558867	-0.00070106745	0	-0.0001256637	0	0.16868863	-0.98558867	-0.00070106745	2.9576308e-20	1
0	0.16868863	-0.98558867	-0.00070106745	0	-6.283185e-05	0	0.16868863	-0.98558867	-0.00070106745	2.960104e-20	1
0	0.16868863	-0.98558867	-0.00070106745	0	-2.5132742e-05	0	0.16868863	-0.98558867	-0.00070106745	2.9615877e-20	1
0	0.16868863	-0.98558867	-0.00070106745	0	-1.2566371e-05	0	0.16868863	-0.98558867	-0.00070106745	2.9620824e-20	1
0	0.16868863	-0.98558867	-0.00070106745	0	-6.2831855e-06	0	0.16868863	-0.98558867	-0.00070106745	2.96233e-20	1
0	0.16868863	-0.98558867	-0.00070106745	0	-2.513274e-06	0	0.16868863	-0.98558867	-0.00070106745	2.9624782e-20	1
0	0.16868863	-0.98558867	-0.00070106745	0	-1.256637e-06	0	0.16868863	-0.98558867	-0.00070106745	2.9625277e-20	1
0	0.16868863	-0.98558867	-0.00070106745	0	-6.283185e-07	0	0.16868863	-0.98558867	-0.00070106745	2.9625522e-20	1
0	0.16868863	-0.98558867	-0.00070106745	0	-2.513274e-07	0	0.16868863	-0.98558867	-0.00070106745	2.962567e-20	1
0	0.16868863	-0.98558867	-0.00070106745	0	-1.256637e-07	0	0.16868863	-0.98558867	-0.00070106745	2.9625722e-20	1
0	0.16868863	-0.98558867	-0.00070106745	0	0	0	0.16868863	-0.98558867	-0.00070106745	2.962577e-20	1
0	0.16868863	-0.98558867	-0.00070106745	0	1.256637e-07	0	0.16868863	-0.98558867	-0.00070106745	2.962582e-20	1
0	0.16868863	-0.98558867	-0.00070106745	0	2.513274e-07	0	0.16868863	-0.98558867	-0.00070106745	2.962587e-20	1
0	0.16868863	-0.98558867	-0.00070106745	0	6.283185e-07	0	0.16868863	-0.98558867	-0.00070106745	2.9626016e-20	1
0	0.16868863	-0.98558867	-0.00070106745	0	1.256637e-06	0	0.16868863	-0.98558867	-0.00070106745	2.9626265e-20	1
0	0.16868863	-0.98558867	-0.00070106745	0	2.513274e-06	0	0.16868863	-0.98558867	-0.00070106745	2.962676e-20	1
0	0.16868863	-0.98558867	-0.00070106745	0	6.2831855e-06	0	0.16868863	-0.98558867	-0.00070106745	2.9628243e-20	1
0	0.16868863	-0.98558867	-0.00070106745	0	1.2566371e-05	0	0.16868863	-0.98558867	-0.00070106745	2.9630718e-20	1
0	0.16868863	-0.98558867	-0.00070106745	0	2.5132742e-05	0	0.16868863	-0.98558867	-0.00070106745	2.963566e-20	1
0	0.16868863	-0.98558867	-0.00070106745	0	6.283185e-05	0	0.16868863	-0.98558867	-0.00070106745	2.9650502e-20	1
0	0.17198491	-0.9850184	-0.00072040106	0	0.0001256637	0	0.17198491	-0.9850184	-0.00072040106	2.967519e-20	1
0	0.17312607	-0.9848182	-0.0007270811	0	0.0002513274	0	0.17312607	-0.9848182	-0.0007270811	2.9724616e-20	1
0	0.17661813	-0.9841975	-0.00074752973	0	0.0006283185	0	0.17661813	-0.9841975	-0.00074752973	2.987284e-20	1
0	0.18026875	-0.9835348	-0.00076885923	0	0.0010053096	0	0.18026875	-0.9835348	-0.00076885923	3.0020963e-20	1
0	0.18026875	-0.9835348	-0.00076885923	0	0.001256637	0	0.18026875	-0.9835348	-0.00076885923	3.011968e-20	1
0	0.18940565	-0.98181486	-0.00082205405	0	0.0018849556	0	0.18940565	-0.98181486	-0.00082205405	3.0366185e-20	1
0	0.19652337	-0.9804139	-0.00086327596	0	0.002513274	0	0.19652337	-0.9804139	-0.00086327596	3.061237e-20	1
0	0.21272992	-0.9770229	-0.0009562943	0	0.0037699111	0	0.21272992	-0.9770229	-0.0009562943	3.1103578e-20	1
0	0.2572099	-0.96625847	-0.0012034794	0	0.0062831854	0	0.2572099	-0.96625847	-0.0012034794	3.2079415e-20	1
0	-0.11446275	0.99335384	0.00038116093	0	0.009424778	0	-0.11446275	0.99335384	0.00038116093	2.589923e-20	1
0	-0.10293642	0.99461555	0.0003133339	0	0.012566371	0	-0.10293642	0.99461555	0.0003133339	2.4652108e-20	1
0	-0.08544806	0.99627197	0.00021113596	0	0.018849555	0	-0.08544806	0.99627197	0.00021113596	2.2154097e-20	1
0	-0.07289803	0.99727	0.0001385717	0	0.025132742	0	-0.07289803	0.99727	0.0001385717	1.965285e-20	1
0	-0.05617693	0.99835306	4.3461405e-05	0	0.03769911	0	-0.05617693	0.99835306	4.3461405e-05	1.464498e-20	1
0	-0.04560125	0.99889314	-1.5296198e-05	0	0.050265484	0	-0.04560125	0.99889314	-1.5296198e-05	9.633246e-21	1
0	-0.038332846	0.99919945	-5.470259e-05	0	0.06283186	0	-0.038332846	0.99919945	-5.470259e-05	4.6194596e-21	1
