# t (s)	mx ()	my ()	mz ()	B_extx (T)	B_exty (T)	B_extz (T)	mx ()	my ()	mz ()	E_total (J)	branch ()
0	-0.0267225	0.99957085	-0.0040297536	0	0.06283186	0	-0.0267225	0.99957085	-0.0040297536	2.471862e-21	-1
0	-0.030488802	0.9994621	-0.0040621124	0	0.050265484	0	-0.030488802	0.9994621	-0.0040621124	7.4879644e-21	-1
0	-0.03547968	0.99929637	-0.004094902	0	0.03769911	0	-0.03547968	0.99929637	-0.004094902	1.2503382e-20	-1
0	-0.04240551	0.99902534	-0.004127765	0	0.025132742	0	-0.04240551	0.99902534	-0.004127765	1.751774e-20	-1
0	-0.046983413	0.99881995	-0.0041439338	0	0.018849555	0	-0.046983413	0.99881995	-0.0041439338	2.00243e-20	-1
0	-0.052654915	0.99853635	-0.0041595735	0	0.012566371	0	-0.052654915	0.99853635	-0.0041595735	2.2530256e-20	-1
0	-0.056015987	0.9983531	-0.00416704	0	0.009424778	0	-0.056015987	0.9983531	-0.00416704	2.3782935e-20	-1
0	-0.059860766	0.9981295	-0.0041741235	0	0.0062831854	0	-0.059860766	0.9981295	-0.0041741235	2.503536e-20	-1
0	-0.06330528	0.9979167	-0.0041794255	0	0.0037699111	0	-0.06330528	0.9979167	-0.0041794255	2.6037079e-20	-1
0	-0.06519703	0.9977946	-0.0041819075	0	0.002513274	0	-0.06519703	0.9977946	-0.0041819075	2.6537852e-20	-1
0	-0.0661806	0.9977298	-0.00418311	0	0.0018849556	0	-0.0661806	0.9977298	-0.00418311	2.6788218e-20	-1
0	-0.06719364	0.997662	-0.0041842633	0	0.001256637	0	-0.06719364	0.997662	-0.0041842633	2.7038565e-20	-1
0	-0.06719364	0.997662	-0.0041842633	0	0.0010053096	0	-0.06719364	0.997662	-0.0041842633	2.71387e-20	-1
0	-0.068237744	0.997591	-0.004185389	0	0.0006283185	0	-0.068237744	0.997591	-0.004185389	2.7288895e-20	-1
0	-0.06887918	0.9975469	-0.0041860426	0	0.0002513274	0	-0.06887918	0.9975469	-0.0041860426	2.7439083e-20	-1
0	-0.06887918	0.9975469	-0.0041860426	0	0.0001256637	0	-0.06887918	0.9975469	-0.0041860426	2.7489147e-20	-1
0	-0.06887918	0.9975469	-0.0041860426	0	6.283185e-05	0	-0.06887918	0.9975469	-0.0041860426	2.7514176e-20	-1
0	-0.06887918	0.9975469	-0.0041860426	0	2.5132742e-05	0	-0.06887918	0.9975469	-0.0041860426	2.7529194e-20	-1
0	-0.06887918	0.9975469	-0.0041860426	0	1.2566371e-05	0	-0.06887918	0.9975469	-0.0041860426	2.7534203e-20	-1
0	-0.06887918	0.9975469	-0.0041860426	0	6.2831855e-06	0	-0.06887918	0.9975469	-0.0041860426	2.7536704e-20	-1
0	-0.06887918	0.9975469	-0.0041860426	0	2.513274e-06	0	-0.06887918	0.9975469	-0.0041860426	2.7538206e-20	-1
0	-0.06887918	0.9975469	-0.0041860426	0	1.256637e-06	0	-0.06887918	0.9975469	-0.0041860426	2.7538707e-20	-1
0	-0.06887918	0.9975469	-0.0041860426	0	6.283185e-07	0	-0.06887918	0.9975469	-0.0041860426	2.753896e-20	-1
0	-0.06887918	0.9975469	-0.0041860426	0	2.513274e-07	0	-0.06887918	0.9975469	-0.0041860426	2.7539108e-20	-1
0	-0.06887918	0.9975469	-0.0041860426	0	1.256637e-07	0	-0.06887918	0.9975469	-0.0041860426	2.7539156e-20	-1
0	-0.06887918	0.9975469	-0.0041860426	0	0	0	-0.06887918	0.9975469	-0.0041860426	2.7539208e-20	-1
0	-0.06887918	0.9975469	-0.0041860426	0	-1.256637e-07	0	-0.06887918	0.9975469	-0.0041860426	2.7539256e-20	-1
0	-0.06887918	0.9975469	-0.0041860426	0	-2.513274e-07	0	-0.06887918	0.9975469	-0.0041860426	2.7539308e-20	-1
0	-0.06887918	0.9975469	-0.0041860426	0	-6.283185e-07	0	-0.06887918	0.9975469	-0.0041860426	2.7539457e-20	-1
0	-0.06887918	0.9975469	-0.0041860426	0	-1.256637e-06	0	-0.06887918	0.9975469	-0.0041860426	2.753971e-20	-1
0	-0.06887918	0.9975469	-0.0041860426	0	-2.513274e-06	0	-0.06887918	0.9975469	-0.0041860426	2.754021e-20	-1
0	-0.06887918	0.9975469	-0.0041860426	0	-6.2831855e-06	0	-0.06887918	0.9975469	-0.0041860426	2.7541712e-20	-1
0	-0.06887918	0.9975469	-0.0041860426	0	-1.2566371e-05	0	-0.06887918	0.9975469	-0.0041860426	2.7544213e-20	-1
0	-0.06887918	0.9975469	-0.0041860426	0	-2.5132742e-05	0	-0.06887918	0.9975469	-0.0041860426	2.754922e-20	-1
0	-0.06887918	0.9975469	-0.0041860426	0	-6.283185e-05	0	-0.06887918	0.9975469	-0.0041860426	2.756424e-20	-1
0	-0.06953582	0.99750125	-0.0041866805	0	-0.0001256637	0	-0.06953582	0.99750125	-0.0041866805	2.7589265e-20	-1
0	-0.06953582	0.99750125	-0.0041866805	0	-0.0002513274	0	-0.06953582	0.99750125	-0.0041866805	2.7639326e-20	-1
0	-0.0704335	0.9974382	-0.0041875383	0	-0.0006283185	0	-0.0704335	0.9974382	-0.0041875383	2.7789495e-20	-1
0	-0.07111044	0.99739015	-0.004188109	0	-0.0010053096	0	-0.07111044	0.99739015	-0.004188109	2.7939663e-20	-1
0	-0.07111044	0.99739015	-0.004188109	0	-0.001256637	0	-0.07111044	0.99739015	-0.004188109	2.8039772e-20	-1
0	-0.07275581	0.9972713	-0.0041894373	0	-0.0018849556	0	-0.07275581	0.9972713	-0.0041894373	2.8290023e-20	-1
0	-0.07398035	0.99718106	-0.0041903276	0	-0.002513274	0	-0.07398035	0.99718106	-0.0041903276	2.854025e-20	-1
0	-0.07654688	0.9969871	-0.004191921	0	-0.0037699111	0	-0.07654688	0.9969871	-0.004191921	2.9040638e-20	-1
0	-0.08227621	0.9965302	-0.0041942066	0	-0.0062831854	0	-0.08227621	0.9965302	-0.0041942066	3.0041096e-20	-1
0	-0.09072917	0.99579537	-0.0041948147	0	-0.009424778	0	-0.09072917	0.99579537	-0.0041948147	3.1290927e-20	-1
0	-0.10112788	0.99479216	-0.0041915937	0	-0.012566371	0	-0.10112788	0.99479216	-0.0041915937	3.2539686e-20	-1
0	-0.13142669	0.99124134	-0.0041620173	0	-0.018849555	0	-0.13142669	0.99124134	-0.0041620173	3.5032004e-20	-1
0	-0.19258106	0.9811882	-0.004032259	0	-0.025132742	0	-0.19258106	0.9811882	-0.004032259	3.7509355e-20	-1
0	0.035485078	-0.9992962	0.0040949034	0	-0.03769911	0	0.035485078	-0.9992962	0.0040949034	1.25033835e-20	-1
0	0.03049174	-0.999462	0.0040621115	0	-0.050265484	0	0.03049174	-0.999462	0.0040621115	7.487963e-21	-1
0	0.02672488	-0.9995708	0.004029752	0	-0.06283186	0	0.02672488	-0.9995708	0.004029752	2.4718647e-21	-1
0	0.02672488	-0.9995708	0.004029752	0	-0.06283186	0	0.02672488	-0.9995708	0.004029752	2.4718647e-21	1
0	0.030489327	-0.9994621	0.0040621106	0	-0.050265484	0	0.030489327	-0.9994621	0.0040621106	7.4879644e-21	1
0	0.03548061	-0.9992964	0.004094901	0	-0.03769911	0	0.03548061	-0.9992964	0.004094901	1.25033835e-20	1
0	0.04240532	-0.99902534	0.0041277646	0	-0.025132742	0	0.04240532	-0.99902534	0.0041277646	1.7517739e-20	1
0	0.046983175	-0.99881995	0.0041439366	0	-0.018849555	0	0.046983175	-0.99881995	0.0041439366	2.0024301e-20	1
0	0.05264968	-0.99853665	0.0041595735	0	-0.012566371	0	0.05264968	-0.99853665	0.0041595735	2.2530258e-20	1
0	0.056026638	-0.9983525	0.004167037	0	-0.009424778	0	0.056026638	-0.9983525	0.004167037	2.3782934e-20	1
0	0.059859306	-0.9981296	0.0041741235	0	-0.0062831854	0	0.059859306	-0.9981296	0.0041741235	2.5035356e-20	1
0	0.063315004	-0.99791604	0.0041794213	0	-0.0037699111	0	0.063315004	-0.99791604	0.0041794213	2.6037077e-20	1
0	0.0651989	-0.9977945	0.0041819075	0	-0.002513274	0	0.0651989	-0.9977945	0.0041819075	2.6537856e-20	1
0	0.066180766	-0.9977298	0.004183104	0	-0.0018849556	0	0.066180766	-0.9977298	0.004183104	2.6788218e-20	1
0	0.06718719	-0.9976624	0.0041842675	0	-0.001256637	0	0.06718719	-0.9976624	0.0041842675	2.7038563e-20	1
0	0.06718719	-0.9976624	0.0041842675	0	-0.0010053096	0	0.06718719	-0.9976624	0.0041842675	2.7138697e-20	1
0	0.068232894	-0.9975914	0.00418539	0	-0.0006283185	0	0.068232894	-0.9975914	0.00418539	2.7288892e-20	1
0	0.068878	-0.9975469	0.0041860444	0	-0.0002513274	0	0.068878	-0.9975469	0.0041860444	2.743908e-20	1
0	0.068878	-0.9975469	0.0041860444	0	-0.0001256637	0	0.068878	-0.9975469	0.0041860444	2.7489144e-20	1
0	0.068878	-0.9975469	0.0041860444	0	-6.283185e-05	0	0.068878	-0.9975469	0.0041860444	2.7514176e-20	1
0	0.068878	-0.9975469	0.0041860444	0	-2.5132742e-05	0	0.068878	-0.9975469	0.0041860444	2.7529194e-20	1
0	0.068878	-0.9975469	0.0041860444	0	-1.2566371e-05	0	0.068878	-0.9975469	0.0041860444	2.75342e-20	1
0	0.068878	-0.9975469	0.0041860444	0	-6.2831855e-06	0	0.068878	-0.9975469	0.0041860444	2.7536704e-20	1
0	0.068878	-0.9975469	0.0041860444	0	-2.513274e-06	0	0.068878	-0.9975469	0.0041860444	2.7538203e-20	1
0	0.068878	-0.9975469	0.0041860444	0	-1.256637e-06	0	0.068878	-0.9975469	0.0041860444	2.7538704e-20	1
0	0.068878	-0.9975469	0.0041860444	0	-6.283185e-07	0	0.068878	-0.9975469	0.0041860444	2.7538956e-20	1
0	0.068878	-0.9975469	0.0041860444	0	-2.513274e-07	0	0.068878	-0.9975469	0.0041860444	2.7539104e-20	1
0	0.068878	-0.9975469	0.0041860444	0	-1.256637e-07	0	0.068878	-0.9975469	0.0041860444	2.7539156e-20	1
0	0.068878	-0.9975469	0.0041860444	0	0	0	0.068878	-0.9975469	0.0041860444	2.7539205e-20	1
0	0.068878	-0.9975469	0.0041860444	0	1.256637e-07	0	0.068878	-0.9975469	0.0041860444	2.7539256e-20	1
0	0.068878	-0.9975469	0.0041860444	0	2.513274e-07	0	0.068878	-0.9975469	0.0041860444	2.7539305e-20	1
0	0.068878	-0.9975469	0.0041860444	0	6.283185e-07	0	0.068878	-0.9975469	0.0041860444	2.7539457e-20	1
0	0.068878	-0.9975469	0.0041860444	0	1.256637e-06	0	0.068878	-0.9975469	0.0041860444	2.7539705e-20	1
0	0.068878	-0.9975469	0.0041860444	0	2.513274e-06	0	0.068878	-0.9975469	0.0041860444	2.7540206e-20	1
0	0.068878	-0.9975469	0.0041860444	0	6.2831855e-06	0	0.068878	-0.9975469	0.0041860444	2.754171e-20	1
0	0.068878	-0.9975469	0.0041860444	0	1.2566371e-05	0	0.068878	-0.9975469	0.0041860444	2.7544213e-20	1
0	0.068878	-0.9975469	0.0041860444	0	2.5132742e-05	0	0.068878	-0.9975469	0.0041860444	2.7549218e-20	1
0	0.068878	-0.9975469	0.0041860444	0	6.283185e-05	0	0.068878	-0.9975469	0.0041860444	2.7564236e-20	1
0	0.069532484	-0.9975015	0.004186679	0	0.0001256637	0	0.069532484	-0.9975015	0.004186679	2.7589265e-20	1
0	0.069532484	-0.9975015	0.004186679	0	0.0002513274	0	0.069532484	-0.9975015	0.004186679	2.7639326e-20	1
0	0.070427455	-0.9974386	0.0041875066	0	0.0006283185	0	0.070427455	-0.9974386	0.0041875066	2.7789498e-20	1
0	0.07109976	-0.99739087	0.0041881157	0	0.0010053096	0	0.07109976	-0.99739087	0.0041881157	2.7939663e-20	1
0	0.07109976	-0.99739087	0.0041881157	0	0.001256637	0	0.07109976	-0.99739087	0.0041881157	2.8039772e-20	1
0	0.07275593	-0.9972713	0.004189444	0	0.0018849556	0	0.07275593	-0.9972713	0.004189444	2.8290023e-20	1
0	0.07397456	-0.99718153	0.0041903327	0	0.002513274	0	0.07397456	-0.99718153	0.0041903327	2.854025e-20	1
0	0.076548696	-0.996987	0.004191974	0	0.0037699111	0	0.076548696	-0.996987	0.004191974	2.904064e-20	1
0	0.08226703	-0.9965309	0.004194214	0	0.0062831854	0	0.08226703	-0.9965309	0.004194214	3.0041093e-20	1
0	0.09072323	-0.99579585	0.004194821	0	0.009424778	0	0.09072323	-0.99579585	0.004194821	3.1290924e-20	1
0	0.101122245	-0.9947927	0.0041916044	0	0.012566371	0	0.101122245	-0.9947927	0.0041916044	3.2539683e-20	1
0	0.1314249	-0.9912416	0.004162022	0	0.018849555	0	0.1314249	-0.9912416	0.004162022	3.5032004e-20	1
0	0.19244622	-0.9812147	0.0040326566	0	0.025132742	0	0.19244622	-0.9812147	0.0040326566	3.750935e-20	1
0	-0.035482004	0.9992963	-0.004094903	0	0.03769911	0	-0.035482004	0.9992963	-0.004094903	1.2503384e-20	1
0	-0.03049016	0.999462	-0.0040621106	0	0.050265484	0	-0.03049016	0.999462	-0.0040621106	7.487964e-21	1
0	-0.02672524	0.9995707	-0.004029755	0	0.06283186	0	-0.02672524	0.9995707	-0.004029755	2.4718645e-21	1
