# t (s)	mx ()	my ()	mz ()	B_extx (T)	B_exty (T)	B_extz (T)	mx ()	my ()	mz ()	E_total (J)	branch ()
0	-0.01630161	0.99980223	-4.5375513e-05	0	0.06283186	0	-0.01630161	0.99980223	-4.5375513e-05	4.5662527e-21	-1
0	-0.019252837	0.99974895	-4.477708e-05	0	0.050265484	0	-0.019252837	0.99974895	-4.477708e-05	9.58364e-21	-1
0	-0.023503285	0.9996573	-4.372438e-05	0	0.03769911	0	-0.023503285	0.9996573	-4.372438e-05	1.4600683e-20	-1
0	-0.030145083	0.9994781	-4.1844894e-05	0	0.025132742	0	-0.030145083	0.9994781	-4.1844894e-05	1.9617075e-20	-1
0	-0.03509645	0.999316	-4.0336192e-05	0	0.018849555	0	-0.03509645	0.999316	-4.0336192e-05	2.2124828e-20	-1
0	-0.04197115	0.99905026	-3.814975e-05	0	0.012566371	0	-0.04197115	0.99905026	-3.814975e-05	2.463206e-20	-1
0	-0.046520784	0.9988483	-3.6662528e-05	0	0.009424778	0	-0.046520784	0.9988483	-3.6662528e-05	2.5885376e-20	-1
0	-0.052159727	0.99856937	-3.478967e-05	0	0.0062831854	0	-0.052159727	0.99856937	-3.478967e-05	2.713839e-20	-1
0	-0.057768084	0.99826026	-3.290097e-05	0	0.0037699111	0	-0.057768084	0.99826026	-3.290097e-05	2.8140507e-20	-1
0	-0.06103009	0.9980658	-3.1793497e-05	0	0.002513274	0	-0.06103009	0.9980658	-3.1793497e-05	2.864144e-20	-1
0	-0.06279008	0.9979566	-3.1193194e-05	0	0.0018849556	0	-0.06279008	0.9979566	-3.1193194e-05	2.8891865e-20	-1
0	-0.06469879	0.9978345	-3.0567087e-05	0	0.001256637	0	-0.06469879	0.9978345	-3.0567087e-05	2.914226e-20	-1
0	-0.06546436	0.9977845	-3.0278723e-05	0	0.0010053096	0	-0.06546436	0.9977845	-3.0278723e-05	2.9242415e-20	-1
0	-0.06669506	0.99770296	-2.985515e-05	0	0.0006283185	0	-0.06669506	0.99770296	-2.985515e-05	2.9392626e-20	-1
0	-0.067952454	0.99761796	-2.9424675e-05	0	0.0002513274	0	-0.067952454	0.99761796	-2.9424675e-05	2.954283e-20	-1
0	-0.068373814	0.9975891	-2.9277764e-05	0	0.0001256637	0	-0.068373814	0.9975891	-2.9277764e-05	2.9592894e-20	-1
0	-0.06862252	0.99757206	-2.9194276e-05	0	6.283185e-05	0	-0.06862252	0.99757206	-2.9194276e-05	2.961793e-20	-1
0	-0.06862252	0.99757206	-2.9194276e-05	0	2.5132742e-05	0	-0.06862252	0.99757206	-2.9194276e-05	2.9632947e-20	-1
0	-0.06862252	0.99757206	-2.9194276e-05	0	1.2566371e-05	0	-0.06862252	0.99757206	-2.9194276e-05	2.9637952e-20	-1
0	-0.06879916	0.9975599	-2.913412e-05	0	6.2831855e-06	0	-0.06879916	0.9975599	-2.913412e-05	2.9640457e-20	-1
0	-0.06881331	0.99755895	-2.915955e-05	0	2.513274e-06	0	-0.06881331	0.99755895	-2.915955e-05	2.964196e-20	-1
0	-0.0688154	0.9975587	-2.9128034e-05	0	1.256637e-06	0	-0.0688154	0.9975587	-2.9128034e-05	2.9642457e-20	-1
0	-0.06883447	0.9975574	-2.9118644e-05	0	6.283185e-07	0	-0.06883447	0.9975574	-2.9118644e-05	2.964271e-20	-1
0	-0.06883429	0.9975574	-2.9121655e-05	0	2.513274e-07	0	-0.06883429	0.9975574	-2.9121655e-05	2.9642857e-20	-1
0	-0.06883429	0.9975574	-2.9121655e-05	0	1.256637e-07	0	-0.06883429	0.9975574	-2.9121655e-05	2.9642906e-20	-1
0	-0.06883429	0.9975574	-2.9121655e-05	0	0	0	-0.06883429	0.9975574	-2.9121655e-05	2.9642958e-20	-1
0	-0.06883429	0.9975574	-2.9121655e-05	0	-1.256637e-07	0	-0.06883429	0.9975574	-2.9121655e-05	2.9643006e-20	-1
0	-0.06883429	0.9975574	-2.9121655e-05	0	-2.513274e-07	0	-0.06883429	0.9975574	-2.9121655e-05	2.9643058e-20	-1
0	-0.06883429	0.9975574	-2.9121655e-05	0	-6.283185e-07	0	-0.06883429	0.9975574	-2.9121655e-05	2.9643206e-20	-1
0	-0.06883429	0.9975574	-2.9121655e-05	0	-1.256637e-06	0	-0.06883429	0.9975574	-2.9121655e-05	2.9643455e-20	-1
0	-0.06883429	0.9975574	-2.9121655e-05	0	-2.513274e-06	0	-0.06883429	0.9975574	-2.9121655e-05	2.9643956e-20	-1
0	-0.06883429	0.9975574	-2.9121655e-05	0	-6.2831855e-06	0	-0.06883429	0.9975574	-2.9121655e-05	2.964546e-20	-1
0	-0.06883429	0.9975574	-2.9121655e-05	0	-1.2566371e-05	0	-0.06883429	0.9975574	-2.9121655e-05	2.9647963e-20	-1
0	-0.06883429	0.9975574	-2.9121655e-05	0	-2.5132742e-05	0	-0.06883429	0.9975574	-2.9121655e-05	2.9652968e-20	-1
0	-0.06883429	0.9975574	-2.9121655e-05	0	-6.283185e-05	0	-0.06883429	0.9975574	-2.9121655e-05	2.9667986e-20	-1
0	-0.06883429	0.9975574	-2.9121655e-05	0	-0.0001256637	0	-0.06883429	0.9975574	-2.9121655e-05	2.9693018e-20	-1
0	-0.06883429	0.9975574	-2.9121655e-05	0	-0.0002513274	0	-0.06883429	0.9975574	-2.9121655e-05	2.9743082e-20	-1
0	-0.07109925	0.9973985	-2.8339999e-05	0	-0.0006283185	0	-0.07109925	0.9973985	-2.8339999e-05	2.9893254e-20	-1
0	-0.07252391	0.99729574	-2.785239e-05	0	-0.0010053096	0	-0.07252391	0.99729574	-2.785239e-05	3.004341e-20	-1
0	-0.07353571	0.9972216	-2.7500544e-05	0	-0.001256637	0	-0.07353571	0.9972216	-2.7500544e-05	3.01435e-20	-1
0	-0.076107726	0.99702835	-2.6610716e-05	0	-0.0018849556	0	-0.076107726	0.99702835	-2.6610716e-05	3.0393705e-20	-1
0	-0.07889587	0.9968114	-2.5644562e-05	0	-0.002513274	0	-0.07889587	0.9968114	-2.5644562e-05	3.064386e-20	-1
0	-0.08513411	0.9962976	-2.3473414e-05	0	-0.0037699111	0	-0.08513411	0.9962976	-2.3473414e-05	3.1143987e-20	-1
0	-0.101284854	0.994784	-1.7829307e-05	0	-0.0062831854	0	-0.101284854	0.994784	-1.7829307e-05	3.214328e-20	-1
0	-0.13397789	0.99090743	-6.3782422e-06	0	-0.009424778	0	-0.13397789	0.99090743	-6.3782422e-06	3.3389294e-20	-1
0	0.041984282	-0.99904966	3.8150152e-05	0	-0.012566371	0	0.041984282	-0.99904966	3.8150152e-05	2.4632062e-20	-1
0	0.035108007	-0.9993156	4.0332056e-05	0	-0.018849555	0	0.035108007	-0.9993156	4.0332056e-05	2.2124826e-20	-1
0	0.030154057	-0.99947774	4.1846724e-05	0	-0.025132742	0	0.030154057	-0.99947774	4.1846724e-05	1.9617075e-20	-1
0	0.023505196	-0.9996572	4.3722714e-05	0	-0.03769911	0	0.023505196	-0.9996572	4.3722714e-05	1.4600681e-20	-1
0	0.019254483	-0.99974895	4.4771667e-05	0	-0.050265484	0	0.019254483	-0.99974895	4.4771667e-05	9.583641e-21	-1
0	0.016304161	-0.99980223	4.5374873e-05	0	-0.06283186	0	0.016304161	-0.99980223	4.5374873e-05	4.5662502e-21	-1
0	0.01630219	-0.99980223	4.5375717e-05	0	-0.06283186	0	0.01630219	-0.99980223	4.5375717e-05	4.5662527e-21	1
0	0.019252859	-0.99974895	4.4773824e-05	0	-0.050265484	0	0.019252859	-0.99974895	4.4773824e-05	9.5836395e-21	1
0	0.023504628	-0.99965715	4.3723154e-05	0	-0.03769911	0	0.023504628	-0.99965715	4.3723154e-05	1.4600681e-20	1
0	0.030143274	-0.9994781	4.1845367e-05	0	-0.025132742	0	0.030143274	-0.9994781	4.1845367e-05	1.9617073e-20	1
0	0.03508538	-0.99931633	4.0340034e-05	0	-0.018849555	0	0.03508538	-0.99931633	4.0340034e-05	2.2124831e-20	1
0	0.041974198	-0.99905014	3.8176004e-05	0	-0.012566371	0	0.041974198	-0.99905014	3.8176004e-05	2.4632062e-20	1
0	0.04652492	-0.9988482	3.665364e-05	0	-0.009424778	0	0.04652492	-0.9988482	3.665364e-05	2.5885375e-20	1
0	0.05216979	-0.9985689	3.4796612e-05	0	-0.0062831854	0	0.05216979	-0.9985689	3.4796612e-05	2.7138394e-20	1
0	0.057761513	-0.9982606	3.2902724e-05	0	-0.0037699111	0	0.057761513	-0.9982606	3.2902724e-05	2.814051e-20	1
0	0.06100321	-0.9980675	3.180281e-05	0	-0.002513274	0	0.06100321	-0.9980675	3.180281e-05	2.864144e-20	1
0	0.0628086	-0.99795544	3.1186275e-05	0	-0.0018849556	0	0.0628086	-0.99795544	3.1186275e-05	2.8891865e-20	1
0	0.06470595	-0.99783397	3.053786e-05	0	-0.001256637	0	0.06470595	-0.99783397	3.053786e-05	2.914226e-20	1
0	0.065477505	-0.99778366	3.0274068e-05	0	-0.0010053096	0	0.065477505	-0.99778366	3.0274068e-05	2.9242408e-20	1
0	0.06668858	-0.9977033	2.9859682e-05	0	-0.0006283185	0	0.06668858	-0.9977033	2.9859682e-05	2.9392626e-20	1
0	0.06795913	-0.9976175	2.9422305e-05	0	-0.0002513274	0	0.06795913	-0.9976175	2.9422305e-05	2.954283e-20	1
0	0.068387315	-0.9975882	2.927506e-05	0	-0.0001256637	0	0.068387315	-0.9975882	2.927506e-05	2.9592897e-20	1
0	0.06856164	-0.99757624	2.9215777e-05	0	-6.283185e-05	0	0.06856164	-0.99757624	2.9215777e-05	2.9617926e-20	1
0	0.06873962	-0.99756396	2.9154731e-05	0	-2.5132742e-05	0	0.06873962	-0.99756396	2.9154731e-05	2.9632944e-20	1
0	0.06873962	-0.99756396	2.9154731e-05	0	-1.2566371e-05	0	0.06873962	-0.99756396	2.9154731e-05	2.9637952e-20	1
0	0.06873962	-0.99756396	2.9154731e-05	0	-6.2831855e-06	0	0.06873962	-0.99756396	2.9154731e-05	2.9640453e-20	1
0	0.06873962	-0.99756396	2.9154731e-05	0	-2.513274e-06	0	0.06873962	-0.99756396	2.9154731e-05	2.9641956e-20	1
0	0.06873962	-0.99756396	2.9154731e-05	0	-1.256637e-06	0	0.06873962	-0.99756396	2.9154731e-05	2.9642457e-20	1
0	0.06873962	-0.99756396	2.9154731e-05	0	-6.283185e-07	0	0.06873962	-0.99756396	2.9154731e-05	2.9642705e-20	1
0	0.06873962	-0.99756396	2.9154731e-05	0	-2.513274e-07	0	0.06873962	-0.99756396	2.9154731e-05	2.9642857e-20	1
0	0.06873962	-0.99756396	2.9154731e-05	0	-1.256637e-07	0	0.06873962	-0.99756396	2.9154731e-05	2.9642906e-20	1
0	0.06873962	-0.99756396	2.9154731e-05	0	0	0	0.06873962	-0.99756396	2.9154731e-05	2.9642958e-20	1
0	0.06873962	-0.99756396	2.9154731e-05	0	1.256637e-07	0	0.06873962	-0.99756396	2.9154731e-05	2.9643006e-20	1
0	0.06873962	-0.99756396	2.9154731e-05	0	2.513274e-07	0	0.06873962	-0.99756396	2.9154731e-05	2.9643058e-20	1
0	0.06873962	-0.99756396	2.9154731e-05	0	6.283185e-07	0	0.06873962	-0.99756396	2.9154731e-05	2.9643206e-20	1
0	0.06873962	-0.99756396	2.9154731e-05	0	1.256637e-06	0	0.06873962	-0.99756396	2.9154731e-05	2.9643458e-20	1
0	0.06873962	-0.99756396	2.9154731e-05	0	2.513274e-06	0	0.06873962	-0.99756396	2.9154731e-05	2.964396e-20	1
0	0.06873962	-0.99756396	2.9154731e-05	0	6.2831855e-06	0	0.06873962	-0.99756396	2.9154731e-05	2.9645462e-20	1
0	0.06873962	-0.99756396	2.9154731e-05	0	1.2566371e-05	0	0.06873962	-0.99756396	2.9154731e-05	2.9647963e-20	1
0	0.06873962	-0.99756396	2.9154731e-05	0	2.5132742e-05	0	0.06873962	-0.99756396	2.9154731e-05	2.965297e-20	1
0	0.06873962	-0.99756396	2.9154731e-05	0	6.283185e-05	0	0.06873962	-0.99756396	2.9154731e-05	2.966799e-20	1
0	0.06873962	-0.99756396	2.9154731e-05	0	0.0001256637	0	0.06873962	-0.99756396	2.9154731e-05	2.969302e-20	1
0	0.06971296	-0.99749637	2.8821465e-05	0	0.0002513274	0	0.06971296	-0.99749637	2.8821465e-05	2.9743082e-20	1
0	0.07110101	-0.99739826	2.8340404e-05	0	0.0006283185	0	0.07110101	-0.99739826	2.8340404e-05	2.989325e-20	1
0	0.07250549	-0.99729705	2.78565e-05	0	0.0010053096	0	0.07250549	-0.99729705	2.78565e-05	3.0043407e-20	1
0	0.07350017	-0.99722415	2.751339e-05	0	0.001256637	0	0.07350017	-0.99722415	2.751339e-05	3.01435e-20	1
0	0.076106146	-0.99702847	2.660862e-05	0	0.0018849556	0	0.076106146	-0.99702847	2.660862e-05	3.0393705e-20	1
0	0.0788519	-0.99681485	2.5659207e-05	0	0.002513274	0	0.0788519	-0.99681485	2.5659207e-05	3.064386e-20	1
0	0.08516665	-0.99629474	2.3462559e-05	0	0.0037699111	0	0.08516665	-0.99629474	2.3462559e-05	3.1143987e-20	1
0	0.101246685	-0.994788	1.7842533e-05	0	0.0062831854	0	0.101246685	-0.994788	1.7842533e-05	3.2143276e-20	1
0	0.1339481	-0.9909115	6.391316e-06	0	0.009424778	0	0.1339481	-0.9909115	6.391316e-06	3.338929e-20	1
0	0.9140482	0.4053067	0.00014120583	0	0.012566371	0	0.9140482	0.4053067	0.00014120583	2.6243458e-20	1
0	-0.035089567	0.9993162	-4.0338233e-05	0	0.018849555	0	-0.035089567	0.9993162	-4.0338233e-05	2.212483e-20	1
0	-0.030149627	0.999478	-4.1843836e-05	0	0.025132742	0	-0.030149627	0.999478	-4.1843836e-05	1.9617073e-20	1
0	-0.023506317	0.99965715	-4.3714208e-05	0	0.03769911	0	-0.023506317	0.99965715	-4.3714208e-05	1.4600683e-20	1
0	-0.019255523	0.99974895	-4.477214e-05	0	0.050265484	0	-0.019255523	0.99974895	-4.477214e-05	9.583643e-21	1
0	-0.016302401	0.99980223	-4.5373436e-05	0	0.06283186	0	-0.016302401	0.99980223	-4.5373436e-05	4.5662486e-21	1
