# t (s)	mx ()	my ()	mz ()	B_extx (T)	B_exty (T)	B_extz (T)	mx ()	my ()	mz ()	E_total (J)	branch ()
0	-0.0280177	0.99954224	-7.471196e-05	0	0.06283186	0	-0.0280177	0.99954224	-7.471196e-05	4.5888967e-21	-1
0	-0.033152074	0.9993843	-7.541483e-05	0	0.050265484	0	-0.033152074	0.9993843	-7.541483e-05	9.604739e-21	-1
0	-0.040553406	0.99911034	-7.6160606e-05	0	0.03769911	0	-0.040553406	0.99911034	-7.6160606e-05	1.4619534e-20	-1
0	-0.052141853	0.9985715	-7.696764e-05	0	0.025132742	0	-0.052141853	0.9985715	-7.696764e-05	1.963239e-20	-1
0	-0.060755316	0.99808365	-7.739488e-05	0	0.018849555	0	-0.060755316	0.99808365	-7.739488e-05	2.2137492e-20	-1
0	-0.07270455	0.99728346	-7.78424e-05	0	0.012566371	0	-0.07270455	0.99728346	-7.78424e-05	2.4641019e-20	-1
0	-0.08055867	0.99667907	-7.8067096e-05	0	0.009424778	0	-0.08055867	0.99667907	-7.8067096e-05	2.5891876e-20	-1
0	-0.0902994	0.99584305	-7.828874e-05	0	0.0062831854	0	-0.0902994	0.99584305	-7.828874e-05	2.714184e-20	-1
0	-0.09988791	0.9949261	-7.845392e-05	0	0.0037699111	0	-0.09988791	0.9949261	-7.845392e-05	2.8140933e-20	-1
0	-0.10546388	0.99434996	-7.853039e-05	0	0.002513274	0	-0.10546388	0.99434996	-7.853039e-05	2.8640095e-20	-1
0	-0.108495235	0.99402356	-7.856528e-05	0	0.0018849556	0	-0.108495235	0.99402356	-7.856528e-05	2.8889564e-20	-1
0	-0.111712456	0.99366677	-7.8598205e-05	0	0.001256637	0	-0.111712456	0.99366677	-7.8598205e-05	2.9138943e-20	-1
0	-0.111712456	0.99366677	-7.8598205e-05	0	0.0010053096	0	-0.111712456	0.99366677	-7.8598205e-05	2.923868e-20	-1
0	-0.11511451	0.9932781	-7.86285e-05	0	0.0006283185	0	-0.11511451	0.9932781	-7.86285e-05	2.9388234e-20	-1
0	-0.117253825	0.99302757	-7.864528e-05	0	0.0002513274	0	-0.117253825	0.99302757	-7.864528e-05	2.9537757e-20	-1
0	-0.11798887	0.9929404	-7.864991e-05	0	0.0001256637	0	-0.11798887	0.9929404	-7.864991e-05	2.9587588e-20	-1
0	-0.11835699	0.99289656	-7.8650875e-05	0	6.283185e-05	0	-0.11835699	0.99289656	-7.8650875e-05	2.9612504e-20	-1
0	-0.11858402	0.9928695	-7.864994e-05	0	2.5132742e-05	0	-0.11858402	0.9928695	-7.864994e-05	2.9627454e-20	-1
0	-0.11858402	0.9928695	-7.864994e-05	0	1.2566371e-05	0	-0.11858402	0.9928695	-7.864994e-05	2.9632437e-20	-1
0	-0.11858402	0.9928695	-7.864994e-05	0	6.2831855e-06	0	-0.11858402	0.9928695	-7.864994e-05	2.9634928e-20	-1
0	-0.11858402	0.9928695	-7.864994e-05	0	2.513274e-06	0	-0.11858402	0.9928695	-7.864994e-05	2.963642e-20	-1
0	-0.11858402	0.9928695	-7.864994e-05	0	1.256637e-06	0	-0.11858402	0.9928695	-7.864994e-05	2.9636922e-20	-1
0	-0.11858402	0.9928695	-7.864994e-05	0	6.283185e-07	0	-0.11858402	0.9928695	-7.864994e-05	2.963717e-20	-1
0	-0.11858402	0.9928695	-7.864994e-05	0	2.513274e-07	0	-0.11858402	0.9928695	-7.864994e-05	2.963732e-20	-1
0	-0.11858402	0.9928695	-7.864994e-05	0	1.256637e-07	0	-0.11858402	0.9928695	-7.864994e-05	2.9637368e-20	-1
0	-0.11858402	0.9928695	-7.864994e-05	0	0	0	-0.11858402	0.9928695	-7.864994e-05	2.963742e-20	-1
0	-0.11858402	0.9928695	-7.864994e-05	0	-1.256637e-07	0	-0.11858402	0.9928695	-7.864994e-05	2.9637468e-20	-1
0	-0.11858402	0.9928695	-7.864994e-05	0	-2.513274e-07	0	-0.11858402	0.9928695	-7.864994e-05	2.963752e-20	-1
0	-0.11858402	0.9928695	-7.864994e-05	0	-6.283185e-07	0	-0.11858402	0.9928695	-7.864994e-05	2.9637668e-20	-1
0	-0.11858402	0.9928695	-7.864994e-05	0	-1.256637e-06	0	-0.11858402	0.9928695	-7.864994e-05	2.9637917e-20	-1
0	-0.11858402	0.9928695	-7.864994e-05	0	-2.513274e-06	0	-0.11858402	0.9928695	-7.864994e-05	2.9638414e-20	-1
0	-0.11858402	0.9928695	-7.864994e-05	0	-6.2831855e-06	0	-0.11858402	0.9928695	-7.864994e-05	2.963991e-20	-1
0	-0.11858402	0.9928695	-7.864994e-05	0	-1.2566371e-05	0	-0.11858402	0.9928695	-7.864994e-05	2.9642402e-20	-1
0	-0.11858402	0.9928695	-7.864994e-05	0	-2.5132742e-05	0	-0.11858402	0.9928695	-7.864994e-05	2.9647384e-20	-1
0	-0.11858402	0.9928695	-7.864994e-05	0	-6.283185e-05	0	-0.11858402	0.9928695	-7.864994e-05	2.9662332e-20	-1
0	-0.11946575	0.99276364	-7.866099e-05	0	-0.0001256637	0	-0.11946575	0.99276364	-7.866099e-05	2.9687238e-20	-1
0	-0.12024157	0.99266994	-7.866547e-05	0	-0.0002513274	0	-0.12024157	0.99266994	-7.866547e-05	2.9737062e-20	-1
0	-0.12258147	0.9923835	-7.8674406e-05	0	-0.0006283185	0	-0.12258147	0.9923835	-7.8674406e-05	2.988649e-20	-1
0	-0.12501976	0.992079	-7.869011e-05	0	-0.0010053096	0	-0.12501976	0.992079	-7.869011e-05	3.0035878e-20	-1
0	-0.12670276	0.9918653	-7.869954e-05	0	-0.001256637	0	-0.12670276	0.9918653	-7.869954e-05	3.013544e-20	-1
0	-0.13109139	0.9912944	-7.870929e-05	0	-0.0018849556	0	-0.13109139	0.9912944	-7.870929e-05	3.0384257e-20	-1
0	-0.13582127	0.99065685	-7.871611e-05	0	-0.002513274	0	-0.13582127	0.99065685	-7.871611e-05	3.0632915e-20	-1
0	-0.14639382	0.9891485	-7.870437e-05	0	-0.0037699111	0	-0.14639382	0.9891485	-7.870437e-05	3.112971e-20	-1
0	-0.17407045	0.98465145	-7.8491554e-05	0	-0.0062831854	0	-0.17407045	0.98465145	-7.8491554e-05	3.2120477e-20	-1
0	-0.23600855	0.9716586	-7.7196135e-05	0	-0.009424778	0	-0.23600855	0.9716586	-7.7196135e-05	3.334926e-20	-1
0	0.0727128	-0.99728286	7.784051e-05	0	-0.012566371	0	0.0727128	-0.99728286	7.784051e-05	2.4641017e-20	-1
0	0.060773604	-0.9980825	7.739631e-05	0	-0.018849555	0	0.060773604	-0.9980825	7.739631e-05	2.2137492e-20	-1
0	0.052146107	-0.9985712	7.696595e-05	0	-0.025132742	0	0.052146107	-0.9985712	7.696595e-05	1.963239e-20	-1
0	0.04056134	-0.99911004	7.6162e-05	0	-0.03769911	0	0.04056134	-0.99911004	7.6162e-05	1.4619535e-20	-1
0	0.03315258	-0.9993843	7.541286e-05	0	-0.050265484	0	0.03315258	-0.9993843	7.541286e-05	9.604737e-21	-1
0	0.02802013	-0.99954224	7.4712734e-05	0	-0.06283186	0	0.02802013	-0.99954224	7.4712734e-05	4.588893e-21	-1
0	0.02802013	-0.99954224	7.4712734e-05	0	-0.06283186	0	0.02802013	-0.99954224	7.4712734e-05	4.588893e-21	1
0	0.033150315	-0.99938434	7.5415424e-05	0	-0.050265484	0	0.033150315	-0.99938434	7.5415424e-05	9.604738e-21	1
0	0.04055518	-0.99911034	7.616008e-05	0	-0.03769911	0	0.04055518	-0.99911034	7.616008e-05	1.4619537e-20	1
0	0.0521442	-0.9985714	7.6965e-05	0	-0.025132742	0	0.0521442	-0.9985714	7.6965e-05	1.9632392e-20	1
0	0.06075396	-0.99808383	7.740015e-05	0	-0.018849555	0	0.06075396	-0.99808383	7.740015e-05	2.2137492e-20	1
0	0.07270238	-0.9972836	7.7856486e-05	0	-0.012566371	0	0.07270238	-0.9972836	7.7856486e-05	2.4641019e-20	1
0	0.08057207	-0.996678	7.806523e-05	0	-0.009424778	0	0.08057207	-0.996678	7.806523e-05	2.5891878e-20	1
0	0.09028603	-0.99584424	7.828854e-05	0	-0.0062831854	0	0.09028603	-0.99584424	7.828854e-05	2.714184e-20	1
0	0.09988369	-0.9949265	7.8453726e-05	0	-0.0037699111	0	0.09988369	-0.9949265	7.8453726e-05	2.8140933e-20	1
0	0.10544937	-0.9943516	7.8530094e-05	0	-0.002513274	0	0.10544937	-0.9943516	7.8530094e-05	2.86401e-20	1
0	0.108520955	-0.9940207	7.8572615e-05	0	-0.0018849556	0	0.108520955	-0.9940207	7.8572615e-05	2.8889564e-20	1
0	0.11170482	-0.9936676	7.859875e-05	0	-0.001256637	0	0.11170482	-0.9936676	7.859875e-05	2.9138943e-20	1
0	0.113047294	-0.99351573	7.861135e-05	0	-0.0010053096	0	0.113047294	-0.99351573	7.861135e-05	2.923867e-20	1
0	0.11511183	-0.9932784	7.8628625e-05	0	-0.0006283185	0	0.11511183	-0.9932784	7.8628625e-05	2.938823e-20	1
0	0.117273346	-0.9930253	7.864577e-05	0	-0.0002513274	0	0.117273346	-0.9930253	7.864577e-05	2.9537757e-20	1
0	0.11798604	-0.9929408	7.864172e-05	0	-0.0001256637	0	0.11798604	-0.9929408	7.864172e-05	2.958759e-20	1
0	0.11836134	-0.9928961	7.865377e-05	0	-6.283185e-05	0	0.11836134	-0.9928961	7.865377e-05	2.9612497e-20	1
0	0.11836134	-0.9928961	7.865377e-05	0	-2.5132742e-05	0	0.11836134	-0.9928961	7.865377e-05	2.9627448e-20	1
0	0.11836134	-0.9928961	7.865377e-05	0	-1.2566371e-05	0	0.11836134	-0.9928961	7.865377e-05	2.963243e-20	1
0	0.11836134	-0.9928961	7.865377e-05	0	-6.2831855e-06	0	0.11836134	-0.9928961	7.865377e-05	2.963492e-20	1
0	0.11836134	-0.9928961	7.865377e-05	0	-2.513274e-06	0	0.11836134	-0.9928961	7.865377e-05	2.9636418e-20	1
0	0.11836134	-0.9928961	7.865377e-05	0	-1.256637e-06	0	0.11836134	-0.9928961	7.865377e-05	2.9636915e-20	1
0	0.11836134	-0.9928961	7.865377e-05	0	-6.283185e-07	0	0.11836134	-0.9928961	7.865377e-05	2.9637164e-20	1
0	0.11836134	-0.9928961	7.865377e-05	0	-2.513274e-07	0	0.11836134	-0.9928961	7.865377e-05	2.9637313e-20	1
0	0.11836134	-0.9928961	7.865377e-05	0	-1.256637e-07	0	0.11836134	-0.9928961	7.865377e-05	2.9637364e-20	1
0	0.11836134	-0.9928961	7.865377e-05	0	0	0	0.11836134	-0.9928961	7.865377e-05	2.9637413e-20	1
0	0.11836134	-0.9928961	7.865377e-05	0	1.256637e-07	0	0.11836134	-0.9928961	7.865377e-05	2.963746e-20	1
0	0.11836134	-0.9928961	7.865377e-05	0	2.513274e-07	0	0.11836134	-0.9928961	7.865377e-05	2.9637513e-20	1
0	0.11836134	-0.9928961	7.865377e-05	0	6.283185e-07	0	0.11836134	-0.9928961	7.865377e-05	2.9637662e-20	1
0	0.11836134	-0.9928961	7.865377e-05	0	1.256637e-06	0	0.11836134	-0.9928961	7.865377e-05	2.963791e-20	1
0	0.11836134	-0.9928961	7.865377e-05	0	2.513274e-06	0	0.11836134	-0.9928961	7.865377e-05	2.9638408e-20	1
0	0.11836134	-0.9928961	7.865377e-05	0	6.2831855e-06	0	0.11836134	-0.9928961	7.865377e-05	2.9639904e-20	1
0	0.11836134	-0.9928961	7.865377e-05	0	1.2566371e-05	0	0.11836134	-0.9928961	7.865377e-05	2.9642395e-20	1
0	0.11836134	-0.9928961	7.865377e-05	0	2.5132742e-05	0	0.11836134	-0.9928961	7.865377e-05	2.9647378e-20	1
0	0.11836134	-0.9928961	7.865377e-05	0	6.283185e-05	0	0.11836134	-0.9928961	7.865377e-05	2.966233e-20	1
0	0.11836134	-0.9928961	7.865377e-05	0	0.0001256637	0	0.11836134	-0.9928961	7.865377e-05	2.968724e-20	1
0	0.12022154	-0.9926724	7.866559e-05	0	0.0002513274	0	0.12022154	-0.9926724	7.866559e-05	2.9737062e-20	1
0	0.12260611	-0.99238044	7.867813e-05	0	0.0006283185	0	0.12260611	-0.99238044	7.867813e-05	2.988649e-20	1
0	0.12501371	-0.9920798	7.868998e-05	0	0.0010053096	0	0.12501371	-0.9920798	7.868998e-05	3.0035875e-20	1
0	0.12670144	-0.99186546	7.869714e-05	0	0.001256637	0	0.12670144	-0.99186546	7.869714e-05	3.013544e-20	1
0	0.13108242	-0.9912956	7.87086e-05	0	0.0018849556	0	0.13108242	-0.9912956	7.87086e-05	3.0384254e-20	1
0	0.13580525	-0.990659	7.8716526e-05	0	0.002513274	0	0.13580525	-0.990659	7.8716526e-05	3.0632918e-20	1
0	0.14639685	-0.98914814	7.870234e-05	0	0.0037699111	0	0.14639685	-0.98914814	7.870234e-05	3.1129715e-20	1
0	0.17402853	-0.98465884	7.8492565e-05	0	0.0062831854	0	0.17402853	-0.98465884	7.8492565e-05	3.2120477e-20	1
0	0.23602512	-0.97165453	7.7197656e-05	0	0.009424778	0	0.23602512	-0.97165453	7.7197656e-05	3.334926e-20	1
0	-0.9542979	0.2985201	-3.8154917e-06	0	0.012566371	0	-0.9542979	0.2985201	-3.8154917e-06	2.7050226e-20	1
0	-0.06076505	0.9980831	-7.7395605e-05	0	0.018849555	0	-0.06076505	0.9980831	-7.7395605e-05	2.2137492e-20	1
0	-0.05214762	0.99857116	-7.6964934e-05	0	0.025132742	0	-0.05214762	0.99857116	-7.6964934e-05	1.9632392e-20	1
0	-0.0405586	0.9991101	-7.616104e-05	0	0.03769911	0	-0.0405586	0.9991101	-7.616104e-05	1.4619535e-20	1
0	-0.03315402	0.9993842	-7.5414675e-05	0	0.050265484	0	-0.03315402	0.9993842	-7.5414675e-05	9.604738e-21	1
0	-0.028018445	0.99954224	-7.4712094e-05	0	0.06283186	0	-0.028018445	0.99954224	-7.4712094e-05	4.5888923e-21	1
