# t (s)	mx ()	my ()	mz ()	B_extx (T)	B_exty (T)	B_extz (T)	mx ()	my ()	mz ()	E_total (J)	branch ()
0	0.9989557	0.044243835	0.0012724481	0.06283186	0	0	0.9989557	0.044243835	0.0012724481	2.3242463e-21	-1
0	0.99866796	0.050302688	0.0012847323	0.050265484	0	0	0.99866796	0.050302688	0.0012847323	7.3368376e-21	-1
0	0.9982343	0.058260377	0.0012975626	0.03769911	0	0	0.9982343	0.058260377	0.0012975626	1.234765e-20	-1
0	0.9975374	0.0691562	0.0013108458	0.025132742	0	0	0.9975374	0.0691562	0.0013108458	1.735569e-20	-1
0	0.9970182	0.076265916	0.0013175465	0.018849555	0	0	0.9970182	0.076265916	0.0013175465	1.9858144e-20	-1
0	0.9963138	0.08496331	0.0013241079	0.012566371	0	0	0.9963138	0.08496331	0.0013241079	2.235908e-20	-1
0	0.9958627	0.09009075	0.0013272518	0.009424778	0	0	0.9958627	0.09009075	0.0013272518	2.3608804e-20	-1
0	0.99532115	0.09588223	0.0013302285	0.0062831854	0	0	0.99532115	0.09588223	0.0013302285	2.485791e-20	-1
0	0.9948083	0.10105964	0.0013324278	0.0037699111	0	0	0.9948083	0.10105964	0.0013324278	2.585666e-20	-1
0	0.9945198	0.10385707	0.0013334447	0.002513274	0	0	0.9945198	0.10385707	0.0013334447	2.6355835e-20	-1
0	0.9943658	0.10531974	0.0013339308	0.0018849556	0	0	0.9943658	0.10531974	0.0013339308	2.6605368e-20	-1
0	0.99420583	0.106818125	0.0013343967	0.001256637	0	0	0.99420583	0.106818125	0.0013343967	2.6854856e-20	-1
0	0.99420583	0.106818125	0.0013343967	0.0010053096	0	0	0.99420583	0.106818125	0.0013343967	2.6954645e-20	-1
0	0.99403834	0.10836367	0.0013348432	0.0006283185	0	0	0.99403834	0.10836367	0.0013348432	2.710431e-20	-1
0	0.99393463	0.10931064	0.0013351005	0.0002513274	0	0	0.99393463	0.10931064	0.0013351005	2.725396e-20	-1
0	0.99393463	0.10931064	0.0013351005	0.0001256637	0	0	0.99393463	0.10931064	0.0013351005	2.730384e-20	-1
0	0.99393463	0.10931064	0.0013351005	6.283185e-05	0	0	0.99393463	0.10931064	0.0013351005	2.732878e-20	-1
0	0.99393463	0.10931064	0.0013351005	2.5132742e-05	0	0	0.99393463	0.10931064	0.0013351005	2.7343744e-20	-1
0	0.99393463	0.10931064	0.0013351005	1.2566371e-05	0	0	0.99393463	0.10931064	0.0013351005	2.7348733e-20	-1
0	0.99393463	0.10931064	0.0013351005	6.2831855e-06	0	0	0.99393463	0.10931064	0.0013351005	2.7351228e-20	-1
0	0.99393463	0.10931064	0.0013351005	2.513274e-06	0	0	0.99393463	0.10931064	0.0013351005	2.7352724e-20	-1
0	0.99393463	0.10931064	0.0013351005	1.256637e-06	0	0	0.99393463	0.10931064	0.0013351005	2.735322e-20	-1
0	0.99393463	0.10931064	0.0013351005	6.283185e-07	0	0	0.99393463	0.10931064	0.0013351005	2.735347e-20	-1
0	0.99393463	0.10931064	0.0013351005	2.513274e-07	0	0	0.99393463	0.10931064	0.0013351005	2.7353622e-20	-1
0	0.99393463	0.10931064	0.0013351005	1.256637e-07	0	0	0.99393463	0.10931064	0.0013351005	2.735367e-20	-1
0	0.99393463	0.10931064	0.0013351005	0	0	0	0.99393463	0.10931064	0.0013351005	2.735372e-20	-1
0	0.99393463	0.10931064	0.0013351005	-1.256637e-07	0	0	0.99393463	0.10931064	0.0013351005	2.735377e-20	-1
0	0.99393463	0.10931064	0.0013351005	-2.513274e-07	0	0	0.99393463	0.10931064	0.0013351005	2.735382e-20	-1
0	0.99393463	0.10931064	0.0013351005	-6.283185e-07	0	0	0.99393463	0.10931064	0.0013351005	2.735397e-20	-1
0	0.99393463	0.10931064	0.0013351005	-1.256637e-06	0	0	0.99393463	0.10931064	0.0013351005	2.735422e-20	-1
0	0.99393463	0.10931064	0.0013351005	-2.513274e-06	0	0	0.99393463	0.10931064	0.0013351005	2.7354717e-20	-1
0	0.99393463	0.10931064	0.0013351005	-6.2831855e-06	0	0	0.99393463	0.10931064	0.0013351005	2.7356213e-20	-1
0	0.99393463	0.10931064	0.0013351005	-1.2566371e-05	0	0	0.99393463	0.10931064	0.0013351005	2.7358708e-20	-1
0	0.99393463	0.10931064	0.0013351005	-2.5132742e-05	0	0	0.99393463	0.10931064	0.0013351005	2.7363697e-20	-1
0	0.99384713	0.110102825	0.0013353098	-6.283185e-05	0	0	0.99384713	0.110102825	0.0013353098	2.7378657e-20	-1
0	0.99382865	0.11026879	0.0013353503	-0.0001256637	0	0	0.99382865	0.11026879	0.0013353503	2.740359e-20	-1
0	0.99382865	0.11026879	0.0013353503	-0.0002513274	0	0	0.99382865	0.11026879	0.0013353503	2.7453465e-20	-1
0	0.9936811	0.11158927	0.001335681	-0.0006283185	0	0	0.9936811	0.11158927	0.001335681	2.7603075e-20	-1
0	0.99356866	0.11258519	0.0013358968	-0.0010053096	0	0	0.99356866	0.11258519	0.0013358968	2.7752672e-20	-1
0	0.99356866	0.11258519	0.0013358968	-0.001256637	0	0	0.99356866	0.11258519	0.0013358968	2.78524e-20	-1
0	0.99329114	0.11500572	0.0013363927	-0.0018849556	0	0	0.99329114	0.11500572	0.0013363927	2.810166e-20	-1
0	0.99308145	0.116801046	0.0013367103	-0.002513274	0	0	0.99308145	0.116801046	0.0013367103	2.835088e-20	-1
0	0.99263316	0.12054765	0.0013372473	-0.0037699111	0	0	0.99263316	0.12054765	0.0013372473	2.8849145e-20	-1
0	0.9915928	0.12881824	0.0013378192	-0.0062831854	0	0	0.9915928	0.12881824	0.0013378192	2.9844948e-20	-1
0	0.98994327	0.1409255	0.0013372407	-0.009424778	0	0	0.98994327	0.1409255	0.0013372407	3.108804e-20	-1
0	0.9877416	0.15559706	0.0013344416	-0.012566371	0	0	0.9877416	0.15559706	0.0013344416	3.2328735e-20	-1
0	0.9801893	0.19763915	0.0013148707	-0.018849555	0	0	0.9801893	0.19763915	0.0013148707	3.479896e-20	-1
0	0.95760894	0.2877264	0.0012223693	-0.025132742	0	0	0.95760894	0.2877264	0.0012223693	3.7237135e-20	-1
0	-0.99823415	-0.058261923	-0.00129756	-0.03769911	0	0	-0.99823415	-0.058261923	-0.00129756	1.2347646e-20	-1
0	-0.99866796	-0.05030413	-0.001284732	-0.050265484	0	0	-0.99866796	-0.05030413	-0.001284732	7.336836e-21	-1
0	-0.99895567	-0.044245277	-0.001272449	-0.06283186	0	0	-0.99895567	-0.044245277	-0.001272449	2.3242448e-21	-1
0	-0.99895567	-0.044245277	-0.001272449	-0.06283186	0	0	-0.99895567	-0.044245277	-0.001272449	2.3242448e-21	1
0	-0.99866796	-0.050303027	-0.0012847323	-0.050265484	0	0	-0.99866796	-0.050303027	-0.0012847323	7.3368376e-21	1
0	-0.9982343	-0.058259554	-0.0012975582	-0.03769911	0	0	-0.9982343	-0.058259554	-0.0012975582	1.2347649e-20	1
0	-0.9975374	-0.06915541	-0.0013108456	-0.025132742	0	0	-0.9975374	-0.06915541	-0.0013108456	1.7355692e-20	1
0	-0.99701816	-0.0762662	-0.0013175466	-0.018849555	0	0	-0.99701816	-0.0762662	-0.0013175466	1.9858143e-20	1
0	-0.99631304	-0.08497193	-0.0013241088	-0.012566371	0	0	-0.99631304	-0.08497193	-0.0013241088	2.2359078e-20	1
0	-0.9958614	-0.0901057	-0.0013272534	-0.009424778	0	0	-0.9958614	-0.0901057	-0.0013272534	2.3608804e-20	1
0	-0.9953215	-0.09587878	-0.0013302297	-0.0062831854	0	0	-0.9953215	-0.09587878	-0.0013302297	2.485791e-20	1
0	-0.9948085	-0.101057544	-0.0013324276	-0.0037699111	0	0	-0.9948085	-0.101057544	-0.0013324276	2.5856663e-20	1
0	-0.9945196	-0.1038595	-0.0013334462	-0.002513274	0	0	-0.9945196	-0.1038595	-0.0013334462	2.6355837e-20	1
0	-0.9943657	-0.10532077	-0.0013339305	-0.0018849556	0	0	-0.9943657	-0.10532077	-0.0013339305	2.6605366e-20	1
0	-0.9942051	-0.1068251	-0.0013343963	-0.001256637	0	0	-0.9942051	-0.1068251	-0.0013343963	2.6854858e-20	1
0	-0.9942051	-0.1068251	-0.0013343963	-0.0010053096	0	0	-0.9942051	-0.1068251	-0.0013343963	2.6954646e-20	1
0	-0.9940382	-0.10836547	-0.0013348423	-0.0006283185	0	0	-0.9940382	-0.10836547	-0.0013348423	2.7104308e-20	1
0	-0.9939345	-0.10931142	-0.0013351	-0.0002513274	0	0	-0.9939345	-0.10931142	-0.0013351	2.725396e-20	1
0	-0.9939345	-0.10931142	-0.0013351	-0.0001256637	0	0	-0.9939345	-0.10931142	-0.0013351	2.730384e-20	1
0	-0.9939345	-0.10931142	-0.0013351	-6.283185e-05	0	0	-0.9939345	-0.10931142	-0.0013351	2.732878e-20	1
0	-0.9939345	-0.10931142	-0.0013351	-2.5132742e-05	0	0	-0.9939345	-0.10931142	-0.0013351	2.7343744e-20	1
0	-0.9939345	-0.10931142	-0.0013351	-1.2566371e-05	0	0	-0.9939345	-0.10931142	-0.0013351	2.7348733e-20	1
0	-0.9939345	-0.10931142	-0.0013351	-6.2831855e-06	0	0	-0.9939345	-0.10931142	-0.0013351	2.7351228e-20	1
0	-0.9939345	-0.10931142	-0.0013351	-2.513274e-06	0	0	-0.9939345	-0.10931142	-0.0013351	2.7352724e-20	1
0	-0.9939345	-0.10931142	-0.0013351	-1.256637e-06	0	0	-0.9939345	-0.10931142	-0.0013351	2.735322e-20	1
0	-0.9939345	-0.10931142	-0.0013351	-6.283185e-07	0	0	-0.9939345	-0.10931142	-0.0013351	2.735347e-20	1
0	-0.9939345	-0.10931142	-0.0013351	-2.513274e-07	0	0	-0.9939345	-0.10931142	-0.0013351	2.7353622e-20	1
0	-0.9939345	-0.10931142	-0.0013351	-1.256637e-07	0	0	-0.9939345	-0.10931142	-0.0013351	2.735367e-20	1
0	-0.9939345	-0.10931142	-0.0013351	0	0	0	-0.9939345	-0.10931142	-0.0013351	2.735372e-20	1
0	-0.9939345	-0.10931142	-0.0013351	1.256637e-07	0	0	-0.9939345	-0.10931142	-0.0013351	2.735377e-20	1
0	-0.9939345	-0.10931142	-0.0013351	2.513274e-07	0	0	-0.9939345	-0.10931142	-0.0013351	2.735382e-20	1
0	-0.9939345	-0.10931142	-0.0013351	6.283185e-07	0	0	-0.9939345	-0.10931142	-0.0013351	2.735397e-20	1
0	-0.9939345	-0.10931142	-0.0013351	1.256637e-06	0	0	-0.9939345	-0.10931142	-0.0013351	2.735422e-20	1
0	-0.9939345	-0.10931142	-0.0013351	2.513274e-06	0	0	-0.9939345	-0.10931142	-0.0013351	2.7354717e-20	1
0	-0.9939345	-0.10931142	-0.0013351	6.2831855e-06	0	0	-0.9939345	-0.10931142	-0.0013351	2.7356213e-20	1
0	-0.9939345	-0.10931142	-0.0013351	1.2566371e-05	0	0	-0.9939345	-0.10931142	-0.0013351	2.7358708e-20	1
0	-0.9939345	-0.10931142	-0.0013351	2.5132742e-05	0	0	-0.9939345	-0.10931142	-0.0013351	2.7363697e-20	1
0	-0.99384594	-0.11011341	-0.0013353075	6.283185e-05	0	0	-0.99384594	-0.11011341	-0.0013353075	2.7378654e-20	1
0	-0.99384594	-0.11011341	-0.0013353075	0.0001256637	0	0	-0.99384594	-0.11011341	-0.0013353075	2.7403592e-20	1
0	-0.99384594	-0.11011341	-0.0013353075	0.0002513274	0	0	-0.99384594	-0.11011341	-0.0013353075	2.745347e-20	1
0	-0.99368143	-0.111586764	-0.0013356683	0.0006283185	0	0	-0.99368143	-0.111586764	-0.0013356683	2.760308e-20	1
0	-0.99356806	-0.11259104	-0.001335899	0.0010053096	0	0	-0.99356806	-0.11259104	-0.001335899	2.7752675e-20	1
0	-0.99356806	-0.11259104	-0.001335899	0.001256637	0	0	-0.99356806	-0.11259104	-0.001335899	2.78524e-20	1
0	-0.99329066	-0.11500986	-0.0013363925	0.0018849556	0	0	-0.99329066	-0.11500986	-0.0013363925	2.810166e-20	1
0	-0.9930825	-0.11679165	-0.0013366821	0.002513274	0	0	-0.9930825	-0.11679165	-0.0013366821	2.8350872e-20	1
0	-0.99263334	-0.12054624	-0.0013372456	0.0037699111	0	0	-0.99263334	-0.12054624	-0.0013372456	2.8849145e-20	1
0	-0.991593	-0.12881696	-0.0013378351	0.0062831854	0	0	-0.991593	-0.12881696	-0.0013378351	2.9844945e-20	1
0	-0.9899441	-0.14091977	-0.0013372425	0.009424778	0	0	-0.9899441	-0.14091977	-0.0013372425	3.1088036e-20	1
0	-0.98774207	-0.15559429	-0.0013344412	0.012566371	0	0	-0.98774207	-0.15559429	-0.0013344412	3.2328732e-20	1
0	-0.9801894	-0.19763893	-0.001314871	0.018849555	0	0	-0.9801894	-0.19763893	-0.001314871	3.4798962e-20	1
0	-0.9576407	-0.2876209	-0.0012225183	0.025132742	0	0	-0.9576407	-0.2876209	-0.0012225183	3.7237135e-20	1
0	0.9982343	0.05826089	0.0012975587	0.03769911	0	0	0.9982343	0.05826089	0.0012975587	1.23476505e-20	1
0	0.99866784	0.050305407	0.001284733	0.050265484	0	0	0.99866784	0.050305407	0.001284733	7.336837e-21	1
0	0.99895567	0.0442452	0.0012724489	0.06283186	0	0	0.99895567	0.0442452	0.0012724489	2.3242469e-21	1
