# t (s)	mx ()	my ()	mz ()	B_extx (T)	B_exty (T)	B_extz (T)	mx ()	my ()	mz ()	E_total (J)	maxTorque (T)	state_phase ()
0	0.9990188	0.04268521	0.003306935	0.06283186	0	0	0.9990188	0.04268521	0.003306935	2.4361087e-21	6.42213e-08	-1
0	0.99874425	0.048666187	0.0033383789	0.050265484	0	0	0.99874425	0.048666187	0.0033383789	7.449046e-21	5.1261043e-08	-1
0	0.99832666	0.056569576	0.0033711274	0.03769911	0	0	0.99832666	0.056569576	0.0033711274	1.2460284e-20	6.756085e-08	-1
0	0.9976467	0.06748592	0.0034049107	0.025132742	0	0	0.9976467	0.06748592	0.0034049107	1.746883e-20	6.593132e-08	-1
0	0.9971348	0.07465905	0.0034218407	0.018849555	0	0	0.9971348	0.07465905	0.0034218407	1.997157e-20	1.1661977e-07	-1
0	0.9964318	0.08350715	0.003438286	0.012566371	0	0	0.9964318	0.08350715	0.003438286	2.24728e-20	4.887764e-08	-1
0	0.99597794	0.08875022	0.0034460742	0.009424778	0	0	0.99597794	0.08875022	0.0034460742	2.3722674e-20	1.6848257e-07	-1
0	0.9954306	0.09468588	0.0034533467	0.0062831854	0	0	0.9954306	0.09468588	0.0034533467	2.497192e-20	1.10138394e-07	-1
0	0.9949078	0.10002384	0.0034586145	0.0037699111	0	0	0.9949078	0.10002384	0.0034586145	2.597078e-20	8.074078e-08	-1
0	0.99461186	0.102921754	0.003461002	0.002513274	0	0	0.99461186	0.102921754	0.003461002	2.6470004e-20	2.1392725e-07	-1
0	0.994454	0.10443431	0.003462121	0.0018849556	0	0	0.994454	0.10443431	0.003462121	2.6719557e-20	2.2820448e-07	-1
0	0.99428916	0.10599096	0.0034631852	0.001256637	0	0	0.99428916	0.10599096	0.0034631852	2.6969067e-20	1.9909703e-07	-1
0	0.99428916	0.10599096	0.0034631852	0.0010053096	0	0	0.99428916	0.10599096	0.0034631852	2.7068864e-20	3.19669e-05	-1
0	0.9941167	0.1075948	0.0034641884	0.0006283185	0	0	0.9941167	0.1075948	0.0034641884	2.721854e-20	1.7336284e-07	-1
0	0.9940094	0.10858032	0.0034647593	0.0002513274	0	0	0.9940094	0.10858032	0.0034647593	2.73682e-20	7.5161964e-08	-1
0	0.9940094	0.10858032	0.0034647593	0.0001256637	0	0	0.9940094	0.10858032	0.0034647593	2.7418087e-20	1.6280199e-05	-1
0	0.9940094	0.10858032	0.0034647593	6.283185e-05	0	0	0.9940094	0.10858032	0.0034647593	2.744303e-20	2.4389197e-05	-1
0	0.9940094	0.10858032	0.0034647593	2.5132742e-05	0	0	0.9940094	0.10858032	0.0034647593	2.7457992e-20	2.9256087e-05	-1
0	0.9940094	0.10858032	0.0034647593	1.2566371e-05	0	0	0.9940094	0.10858032	0.0034647593	2.746298e-20	3.0880867e-05	-1
0	0.9940094	0.10858032	0.0034647593	6.2831855e-06	0	0	0.9940094	0.10858032	0.0034647593	2.7465476e-20	3.168953e-05	-1
0	0.9940094	0.10858032	0.0034647593	2.513274e-06	0	0	0.9940094	0.10858032	0.0034647593	2.7466972e-20	3.217585e-05	-1
0	0.9940094	0.10858032	0.0034647593	1.256637e-06	0	0	0.9940094	0.10858032	0.0034647593	2.7467473e-20	3.2339816e-05	-1
0	0.9940094	0.10858032	0.0034647593	6.283185e-07	0	0	0.9940094	0.10858032	0.0034647593	2.746772e-20	3.241994e-05	-1
0	0.9940094	0.10858032	0.0034647593	2.513274e-07	0	0	0.9940094	0.10858032	0.0034647593	2.746787e-20	3.2468382e-05	-1
0	0.9940094	0.10858032	0.0034647593	1.256637e-07	0	0	0.9940094	0.10858032	0.0034647593	2.7467922e-20	3.2487013e-05	-1
0	0.9940094	0.10858032	0.0034647593	0	0	0	0.9940094	0.10858032	0.0034647593	2.746797e-20	3.2501925e-05	-1
0	0.9940094	0.10858032	0.0034647593	-1.256637e-07	0	0	0.9940094	0.10858032	0.0034647593	2.7468022e-20	3.251683e-05	-1
0	0.9940094	0.10858032	0.0034647593	-2.513274e-07	0	0	0.9940094	0.10858032	0.0034647593	2.746807e-20	3.2533597e-05	-1
0	0.9940094	0.10858032	0.0034647593	-6.283185e-07	0	0	0.9940094	0.10858032	0.0034647593	2.746822e-20	3.2582044e-05	-1
0	0.9940094	0.10858032	0.0034647593	-1.256637e-06	0	0	0.9940094	0.10858032	0.0034647593	2.7468468e-20	3.2662167e-05	-1
0	0.9940094	0.10858032	0.0034647593	-2.513274e-06	0	0	0.9940094	0.10858032	0.0034647593	2.746897e-20	3.2826134e-05	-1
0	0.9940094	0.10858032	0.0034647593	-6.2831855e-06	0	0	0.9940094	0.10858032	0.0034647593	2.7470465e-20	3.331245e-05	-1
0	0.9940094	0.10858032	0.0034647593	-1.2566371e-05	0	0	0.9940094	0.10858032	0.0034647593	2.747296e-20	3.4122975e-05	-1
0	0.9940094	0.10858032	0.0034647593	-2.5132742e-05	0	0	0.9940094	0.10858032	0.0034647593	2.7477948e-20	3.5745896e-05	-1
0	0.9939178	0.109414816	0.003465217	-6.283185e-05	0	0	0.9939178	0.109414816	0.003465217	2.7492905e-20	8.388981e-08	-1
0	0.9939178	0.109414816	0.003465217	-0.0001256637	0	0	0.9939178	0.109414816	0.003465217	2.7517843e-20	8.220326e-06	-1
0	0.9939178	0.109414816	0.003465217	-0.0002513274	0	0	0.9939178	0.109414816	0.003465217	2.7567723e-20	2.454445e-05	-1
0	0.9937475	0.110950105	0.0034659943	-0.0006283185	0	0	0.9937475	0.110950105	0.0034659943	2.7717346e-20	7.465161e-08	-1
0	0.99362993	0.111997314	0.003466478	-0.0010053096	0	0	0.99362993	0.111997314	0.003466478	2.7866952e-20	1.4399524e-07	-1
0	0.99362993	0.111997314	0.003466478	-0.001256637	0	0	0.99362993	0.111997314	0.003466478	2.7966682e-20	3.3359367e-05	-1
0	0.99334216	0.114518344	0.003467491	-0.0018849556	0	0	0.99334216	0.114518344	0.003467491	2.821596e-20	1.4841306e-07	-1
0	0.9931245	0.11638975	0.0034681058	-0.002513274	0	0	0.9931245	0.11638975	0.0034681058	2.8465185e-20	7.6974096e-08	-1
0	0.9926556	0.12031962	0.0034690283	-0.0037699111	0	0	0.9926556	0.12031962	0.0034690283	2.896347e-20	1.3443209e-07	-1
0	0.9915598	0.12903127	0.0034693587	-0.0062831854	0	0	0.9915598	0.12903127	0.0034693587	2.995927e-20	2.3192631e-07	-1
0	0.9898014	0.14188051	0.0034657926	-0.009424778	0	0	0.9898014	0.14188051	0.0034657926	3.1202254e-20	1.563043e-07	-1
0	0.987412	0.15764114	0.0034552836	-0.012566371	0	0	0.987412	0.15764114	0.0034552836	3.244267e-20	5.8238307e-08	-1
0	0.9788699	0.20404452	0.0033889036	-0.018849555	0	0	0.9788699	0.20404452	0.0033889036	3.4911103e-20	1.12420864e-07	-1
0	0.94614553	0.3234009	0.0030087414	-0.025132742	0	0	0.94614553	0.3234009	0.0030087414	3.7339912e-20	2.9665176e-07	-1
0	-0.99832654	-0.056570057	-0.0033711274	-0.03769911	0	0	-0.99832654	-0.056570057	-0.0033711274	1.24602844e-20	1.9230983e-08	-1
0	-0.99874425	-0.04866665	-0.0033383793	-0.050265484	0	0	-0.99874425	-0.04866665	-0.0033383793	7.449046e-21	3.8409144e-08	-1
0	-0.9990187	-0.042685874	-0.0033069358	-0.06283186	0	0	-0.9990187	-0.042685874	-0.0033069358	2.4361101e-21	6.0827816e-08	-1
0	-0.9990187	-0.042685874	-0.0033069358	-0.06283186	0	0	-0.9990187	-0.042685874	-0.0033069358	2.4361101e-21	6.0827816e-08	1
0	-0.99874425	-0.048666634	-0.0033383796	-0.050265484	0	0	-0.99874425	-0.048666634	-0.0033383796	7.449047e-21	4.0897902e-08	1
0	-0.99832666	-0.056569353	-0.003371127	-0.03769911	0	0	-0.99832666	-0.056569353	-0.003371127	1.2460284e-20	6.5791184e-08	1
0	-0.9976468	-0.06748536	-0.0034049102	-0.025132742	0	0	-0.9976468	-0.06748536	-0.0034049102	1.746883e-20	5.342487e-08	1
0	-0.9971348	-0.074659005	-0.0034218407	-0.018849555	0	0	-0.9971348	-0.074659005	-0.0034218407	1.997157e-20	7.227327e-08	1
0	-0.9964319	-0.08350654	-0.0034382858	-0.012566371	0	0	-0.9964319	-0.08350654	-0.0034382858	2.2472796e-20	9.487857e-08	1
0	-0.9959779	-0.08875045	-0.0034460747	-0.009424778	0	0	-0.9959779	-0.08875045	-0.0034460747	2.372267e-20	7.875547e-08	1
0	-0.9954307	-0.09468394	-0.0034533464	-0.0062831854	0	0	-0.9954307	-0.09468394	-0.0034533464	2.497192e-20	2.3597556e-07	1
0	-0.99490786	-0.10002331	-0.0034586147	-0.0037699111	0	0	-0.99490786	-0.10002331	-0.0034586147	2.597078e-20	3.4075623e-07	1
0	-0.9946118	-0.10292262	-0.0034610014	-0.002513274	0	0	-0.9946118	-0.10292262	-0.0034610014	2.6470004e-20	6.842335e-08	1
0	-0.994454	-0.10443474	-0.003462121	-0.0018849556	0	0	-0.994454	-0.10443474	-0.003462121	2.6719556e-20	1.13244774e-07	1
0	-0.99428904	-0.10599179	-0.0034631845	-0.001256637	0	0	-0.99428904	-0.10599179	-0.0034631845	2.6969072e-20	1.551695e-07	1
0	-0.99428904	-0.10599179	-0.0034631845	-0.0010053096	0	0	-0.99428904	-0.10599179	-0.0034631845	2.7068868e-20	3.18129e-05	1
0	-0.9941164	-0.1075978	-0.0034641877	-0.0006283185	0	0	-0.9941164	-0.1075978	-0.0034641877	2.721854e-20	1.0652046e-07	1
0	-0.9940094	-0.108580396	-0.0034647598	-0.0002513274	0	0	-0.9940094	-0.108580396	-0.0034647598	2.73682e-20	1.2159748e-07	1
0	-0.9940094	-0.108580396	-0.0034647598	-0.0001256637	0	0	-0.9940094	-0.108580396	-0.0034647598	2.7418084e-20	1.6272188e-05	1
0	-0.9940094	-0.108580396	-0.0034647598	-6.283185e-05	0	0	-0.9940094	-0.108580396	-0.0034647598	2.7443025e-20	2.4383047e-05	1
0	-0.9940094	-0.108580396	-0.0034647598	-2.5132742e-05	0	0	-0.9940094	-0.108580396	-0.0034647598	2.7457992e-20	2.9248076e-05	1
0	-0.9940094	-0.108580396	-0.0034647598	-1.2566371e-05	0	0	-0.9940094	-0.108580396	-0.0034647598	2.746298e-20	3.0872856e-05	1
0	-0.9940094	-0.108580396	-0.0034647598	-6.2831855e-06	0	0	-0.9940094	-0.108580396	-0.0034647598	2.7465476e-20	3.168152e-05	1
0	-0.9940094	-0.108580396	-0.0034647598	-2.513274e-06	0	0	-0.9940094	-0.108580396	-0.0034647598	2.7466972e-20	3.216784e-05	1
0	-0.9940094	-0.108580396	-0.0034647598	-1.256637e-06	0	0	-0.9940094	-0.108580396	-0.0034647598	2.746747e-20	3.233181e-05	1
0	-0.9940094	-0.108580396	-0.0034647598	-6.283185e-07	0	0	-0.9940094	-0.108580396	-0.0034647598	2.7467718e-20	3.241379e-05	1
0	-0.9940094	-0.108580396	-0.0034647598	-2.513274e-07	0	0	-0.9940094	-0.108580396	-0.0034647598	2.746787e-20	3.2460375e-05	1
0	-0.9940094	-0.108580396	-0.0034647598	-1.256637e-07	0	0	-0.9940094	-0.108580396	-0.0034647598	2.746792e-20	3.2479005e-05	1
0	-0.9940094	-0.108580396	-0.0034647598	0	0	0	-0.9940094	-0.108580396	-0.0034647598	2.7467967e-20	3.2493914e-05	1
0	-0.9940094	-0.108580396	-0.0034647598	1.256637e-07	0	0	-0.9940094	-0.108580396	-0.0034647598	2.746802e-20	3.250882e-05	1
0	-0.9940094	-0.108580396	-0.0034647598	2.513274e-07	0	0	-0.9940094	-0.108580396	-0.0034647598	2.7468067e-20	3.2527452e-05	1
0	-0.9940094	-0.108580396	-0.0034647598	6.283185e-07	0	0	-0.9940094	-0.108580396	-0.0034647598	2.746822e-20	3.2574037e-05	1
0	-0.9940094	-0.108580396	-0.0034647598	1.256637e-06	0	0	-0.9940094	-0.108580396	-0.0034647598	2.7468468e-20	3.2656015e-05	1
0	-0.9940094	-0.108580396	-0.0034647598	2.513274e-06	0	0	-0.9940094	-0.108580396	-0.0034647598	2.7468965e-20	3.2818127e-05	1
0	-0.9940094	-0.108580396	-0.0034647598	6.2831855e-06	0	0	-0.9940094	-0.108580396	-0.0034647598	2.747046e-20	3.3306304e-05	1
0	-0.9940094	-0.108580396	-0.0034647598	1.2566371e-05	0	0	-0.9940094	-0.108580396	-0.0034647598	2.7472956e-20	3.4114968e-05	1
0	-0.9940094	-0.108580396	-0.0034647598	2.5132742e-05	0	0	-0.9940094	-0.108580396	-0.0034647598	2.7477945e-20	3.5737885e-05	1
0	-0.9939178	-0.109415144	-0.0034652168	6.283185e-05	0	0	-0.9939178	-0.109415144	-0.0034652168	2.7492905e-20	7.869249e-08	1
0	-0.9939178	-0.109415144	-0.0034652168	0.0001256637	0	0	-0.9939178	-0.109415144	-0.0034652168	2.7517847e-20	8.213569e-06	1
0	-0.9939178	-0.109415144	-0.0034652168	0.0002513274	0	0	-0.9939178	-0.109415144	-0.0034652168	2.7567726e-20	2.4537692e-05	1
0	-0.9937475	-0.110950306	-0.0034659943	0.0006283185	0	0	-0.9937475	-0.110950306	-0.0034659943	2.771735e-20	6.487875e-08	1
0	-0.99362993	-0.11199702	-0.0034664785	0.0010053096	0	0	-0.99362993	-0.11199702	-0.0034664785	2.7866952e-20	2.3253321e-07	1
0	-0.99362993	-0.11199702	-0.0034664785	0.001256637	0	0	-0.99362993	-0.11199702	-0.0034664785	2.7966686e-20	3.3326065e-05	1
0	-0.99334216	-0.11451859	-0.0034674907	0.0018849556	0	0	-0.99334216	-0.11451859	-0.0034674907	2.8215958e-20	1.1382877e-07	1
0	-0.9931244	-0.11638974	-0.0034681056	0.002513274	0	0	-0.9931244	-0.11638974	-0.0034681056	2.8465185e-20	1.3460206e-07	1
0	-0.9926556	-0.120319486	-0.003469028	0.0037699111	0	0	-0.9926556	-0.120319486	-0.003469028	2.8963474e-20	1.2176314e-07	1
0	-0.99155986	-0.1290307	-0.0034693591	0.0062831854	0	0	-0.99155986	-0.1290307	-0.0034693591	2.995927e-20	1.2753496e-07	1
0	-0.9898014	-0.1418806	-0.003465793	0.009424778	0	0	-0.9898014	-0.1418806	-0.003465793	3.1202254e-20	1.1312562e-07	1
0	-0.9874122	-0.15763941	-0.003455286	0.012566371	0	0	-0.9874122	-0.15763941	-0.003455286	3.2442667e-20	1.2700032e-07	1
0	-0.97887003	-0.2040442	-0.0033889043	0.018849555	0	0	-0.97887003	-0.2040442	-0.0033889043	3.49111e-20	1.04262476e-07	1
0	-0.94614506	-0.32340246	-0.0030087344	0.025132742	0	0	-0.94614506	-0.32340246	-0.0030087344	3.733991e-20	2.519998e-07	1
0	0.99832654	0.056570366	0.0033711279	0.03769911	0	0	0.99832654	0.056570366	0.0033711279	1.2460283e-20	1.4508923e-07	1
0	0.99874425	0.048666563	0.0033383796	0.050265484	0	0	0.99874425	0.048666563	0.0033383796	7.449047e-21	3.0666676e-08	1
0	0.9990188	0.04268579	0.0033069355	0.06283186	0	0	0.9990188	0.04268579	0.0033069355	2.4361101e-21	4.608614e-08	1
