# t (s)	mx ()	my ()	mz ()	B_extx (T)	B_exty (T)	B_extz (T)	mx ()	my ()	mz ()	E_total (J)	branch ()
0	-0.045457084	0.9989003	0.0005338951	0	0.06283186	0	-0.045457084	0.9989003	0.0005338951	4.6463018e-21	-1
0	-0.054070577	0.99847007	0.0005328312	0	0.050265484	0	-0.054070577	0.99847007	0.0005328312	9.6583e-21	-1
0	-0.06656687	0.99771357	0.00052898016	0	0.03769911	0	-0.06656687	0.99771357	0.00052898016	1.4667423e-20	-1
0	-0.08614599	0.9962121	0.0005196288	0	0.025132742	0	-0.08614599	0.9962121	0.0005196288	1.9671151e-20	-1
0	-0.10068712	0.9948463	0.00051098946	0	0.018849555	0	-0.10068712	0.9948463	0.00051098946	2.2169314e-20	-1
0	-0.1206422	0.992622	0.0004975116	0	0.012566371	0	-0.1206422	0.992622	0.0004975116	2.4663085e-20	-1
0	-0.13366449	0.99095106	0.00048791128	0	0.009424778	0	-0.13366449	0.99095106	0.00048791128	2.5907458e-20	-1
0	-0.14958292	0.98867154	0.0004754673	0	0.0062831854	0	-0.14958292	0.98867154	0.0004754673	2.7149376e-20	-1
0	-0.16511261	0.98619497	0.0004626569	0	0.0037699111	0	-0.16511261	0.98619497	0.0004626569	2.814052e-20	-1
0	-0.17407486	0.98465127	0.00045503455	0	0.002513274	0	-0.17407486	0.98465127	0.00045503455	2.8635067e-20	-1
0	-0.17892554	0.98378074	0.0004508216	0	0.0018849556	0	-0.17892554	0.98378074	0.0004508216	2.888203e-20	-1
0	-0.1840294	0.98283803	0.00044634374	0	0.001256637	0	-0.1840294	0.98283803	0.00044634374	2.9128768e-20	-1
0	-0.1840294	0.98283803	0.00044634374	0	0.0010053096	0	-0.1840294	0.98283803	0.00044634374	2.9227416e-20	-1
0	-0.18943536	0.9818097	0.00044154024	0	0.0006283185	0	-0.18943536	0.9818097	0.00044154024	2.937526e-20	-1
0	-0.19282669	0.9811487	0.00043849947	0	0.0002513274	0	-0.19282669	0.9811487	0.00043849947	2.952303e-20	-1
0	-0.19399059	0.9809191	0.0004374566	0	0.0001256637	0	-0.19399059	0.9809191	0.0004374566	2.957226e-20	-1
0	-0.19399059	0.9809191	0.0004374566	0	6.283185e-05	0	-0.19399059	0.9809191	0.0004374566	2.9596875e-20	-1
0	-0.19399059	0.9809191	0.0004374566	0	2.5132742e-05	0	-0.19399059	0.9809191	0.0004374566	2.961164e-20	-1
0	-0.19399059	0.9809191	0.0004374566	0	1.2566371e-05	0	-0.19399059	0.9809191	0.0004374566	2.9616565e-20	-1
0	-0.19399059	0.9809191	0.0004374566	0	6.2831855e-06	0	-0.19399059	0.9809191	0.0004374566	2.9619027e-20	-1
0	-0.19399059	0.9809191	0.0004374566	0	2.513274e-06	0	-0.19399059	0.9809191	0.0004374566	2.9620504e-20	-1
0	-0.19399059	0.9809191	0.0004374566	0	1.256637e-06	0	-0.19399059	0.9809191	0.0004374566	2.9620995e-20	-1
0	-0.19399059	0.9809191	0.0004374566	0	6.283185e-07	0	-0.19399059	0.9809191	0.0004374566	2.962124e-20	-1
0	-0.19399059	0.9809191	0.0004374566	0	2.513274e-07	0	-0.19399059	0.9809191	0.0004374566	2.962139e-20	-1
0	-0.19399059	0.9809191	0.0004374566	0	1.256637e-07	0	-0.19399059	0.9809191	0.0004374566	2.9621438e-20	-1
0	-0.19399059	0.9809191	0.0004374566	0	0	0	-0.19399059	0.9809191	0.0004374566	2.962149e-20	-1
0	-0.19399059	0.9809191	0.0004374566	0	-1.256637e-07	0	-0.19399059	0.9809191	0.0004374566	2.9621538e-20	-1
0	-0.19399059	0.9809191	0.0004374566	0	-2.513274e-07	0	-0.19399059	0.9809191	0.0004374566	2.9621587e-20	-1
0	-0.19399059	0.9809191	0.0004374566	0	-6.283185e-07	0	-0.19399059	0.9809191	0.0004374566	2.9621735e-20	-1
0	-0.19399059	0.9809191	0.0004374566	0	-1.256637e-06	0	-0.19399059	0.9809191	0.0004374566	2.962198e-20	-1
0	-0.19399059	0.9809191	0.0004374566	0	-2.513274e-06	0	-0.19399059	0.9809191	0.0004374566	2.9622472e-20	-1
0	-0.19399059	0.9809191	0.0004374566	0	-6.2831855e-06	0	-0.19399059	0.9809191	0.0004374566	2.962395e-20	-1
0	-0.19399059	0.9809191	0.0004374566	0	-1.2566371e-05	0	-0.19399059	0.9809191	0.0004374566	2.962641e-20	-1
0	-0.19399059	0.9809191	0.0004374566	0	-2.5132742e-05	0	-0.19399059	0.9809191	0.0004374566	2.9631335e-20	-1
0	-0.19399059	0.9809191	0.0004374566	0	-6.283185e-05	0	-0.19399059	0.9809191	0.0004374566	2.96461e-20	-1
0	-0.19399059	0.9809191	0.0004374566	0	-0.0001256637	0	-0.19399059	0.9809191	0.0004374566	2.9670717e-20	-1
0	-0.19755018	0.9802079	0.00043422676	0	-0.0002513274	0	-0.19755018	0.9802079	0.00043422676	2.971989e-20	-1
0	-0.20124485	0.9794555	0.00043085817	0	-0.0006283185	0	-0.20124485	0.9794555	0.00043085817	2.9867405e-20	-1
0	-0.20508519	0.97865796	0.00042732965	0	-0.0010053096	0	-0.20508519	0.97865796	0.00042732965	3.001481e-20	-1
0	-0.20773634	0.9780983	0.00042488065	0	-0.001256637	0	-0.20773634	0.9780983	0.00042488065	3.0113013e-20	-1
0	-0.21464974	0.97660327	0.00041843968	0	-0.0018849556	0	-0.21464974	0.97660327	0.00041843968	3.0358255e-20	-1
0	-0.22206683	0.9749423	0.00041144836	0	-0.002513274	0	-0.22206683	0.9749423	0.00041144836	3.0603107e-20	-1
0	-0.23873416	0.9709926	0.0003954517	0	-0.0037699111	0	-0.23873416	0.9709926	0.0003954517	3.1091428e-20	-1
0	-0.2833049	0.95892805	0.00035113734	0	-0.0062831854	0	-0.2833049	0.95892805	0.00035113734	3.2060577e-20	-1
0	-0.91947126	-0.39285827	0.00046305486	0	-0.009424778	0	-0.91947126	-0.39285827	0.00046305486	2.62492e-20	-1
0	-0.87869745	-0.47709578	0.00037726964	0	-0.012566371	0	-0.87869745	-0.47709578	0.00037726964	2.570536e-20	-1
0	0.10069475	-0.9948455	-0.00051098503	0	-0.018849555	0	0.10069475	-0.9948455	-0.00051098503	2.2169316e-20	-1
0	0.08616209	-0.9962108	-0.00051961676	0	-0.025132742	0	0.08616209	-0.9962108	-0.00051961676	1.9671155e-20	-1
0	0.06657088	-0.9977133	-0.00052897766	0	-0.03769911	0	0.06657088	-0.9977133	-0.00052897766	1.4667426e-20	-1
0	0.054075554	-0.9984698	-0.0005328251	0	-0.050265484	0	0.054075554	-0.9984698	-0.0005328251	9.658301e-21	-1
0	0.045462817	-0.99890006	-0.00053388346	0	-0.06283186	0	0.045462817	-0.99890006	-0.00053388346	4.6463e-21	-1
0	0.045462817	-0.99890006	-0.00053388346	0	-0.06283186	0	0.045462817	-0.99890006	-0.00053388346	4.6463e-21	1
0	0.05407392	-0.9984699	-0.000532828	0	-0.050265484	0	0.05407392	-0.9984699	-0.000532828	9.6583006e-21	1
0	0.06656689	-0.99771357	-0.0005289805	0	-0.03769911	0	0.06656689	-0.99771357	-0.0005289805	1.4667423e-20	1
0	0.08615886	-0.99621105	-0.0005196192	0	-0.025132742	0	0.08615886	-0.99621105	-0.0005196192	1.9671151e-20	1
0	0.10069859	-0.99484515	-0.00051098026	0	-0.018849555	0	0.10069859	-0.99484515	-0.00051098026	2.2169314e-20	1
0	0.12064996	-0.99262106	-0.00049750507	0	-0.012566371	0	0.12064996	-0.99262106	-0.00049750507	2.4663083e-20	1
0	0.13367158	-0.9909501	-0.0004879059	0	-0.009424778	0	0.13367158	-0.9909501	-0.0004879059	2.5907458e-20	1
0	0.14958164	-0.9886717	-0.00047546852	0	-0.0062831854	0	0.14958164	-0.9886717	-0.00047546852	2.7149373e-20	1
0	0.1651338	-0.9861914	-0.0004626586	0	-0.0037699111	0	0.1651338	-0.9861914	-0.0004626586	2.8140523e-20	1
0	0.17409319	-0.9846481	-0.00045501807	0	-0.002513274	0	0.17409319	-0.9846481	-0.00045501807	2.8635067e-20	1
0	0.17894855	-0.98377657	-0.0004508026	0	-0.0018849556	0	0.17894855	-0.98377657	-0.0004508026	2.8882032e-20	1
0	0.18402019	-0.9828398	-0.0004463525	0	-0.001256637	0	0.18402019	-0.9828398	-0.0004463525	2.912877e-20	1
0	0.18402019	-0.9828398	-0.0004463525	0	-0.0010053096	0	0.18402019	-0.9828398	-0.0004463525	2.922742e-20	1
0	0.1894393	-0.9818089	-0.00044153747	0	-0.0006283185	0	0.1894393	-0.9818089	-0.00044153747	2.937526e-20	1
0	0.19282955	-0.9811481	-0.000438497	0	-0.0002513274	0	0.19282955	-0.9811481	-0.000438497	2.9523026e-20	1
0	0.19282955	-0.9811481	-0.000438497	0	-0.0001256637	0	0.19282955	-0.9811481	-0.000438497	2.9572263e-20	1
0	0.19455315	-0.98080766	-0.0004369466	0	-6.283185e-05	0	0.19455315	-0.98080766	-0.0004369466	2.9596875e-20	1
0	0.19492717	-0.9807333	-0.00043660504	0	-2.5132742e-05	0	0.19492717	-0.9807333	-0.00043660504	2.961164e-20	1
0	0.19492717	-0.9807333	-0.00043660504	0	-1.2566371e-05	0	0.19492717	-0.9807333	-0.00043660504	2.9616562e-20	1
0	0.19492717	-0.9807333	-0.00043660504	0	-6.2831855e-06	0	0.19492717	-0.9807333	-0.00043660504	2.961902e-20	1
0	0.19492717	-0.9807333	-0.00043660504	0	-2.513274e-06	0	0.19492717	-0.9807333	-0.00043660504	2.9620498e-20	1
0	0.19492717	-0.9807333	-0.00043660504	0	-1.256637e-06	0	0.19492717	-0.9807333	-0.00043660504	2.9620992e-20	1
0	0.19492717	-0.9807333	-0.00043660504	0	-6.283185e-07	0	0.19492717	-0.9807333	-0.00043660504	2.9621238e-20	1
0	0.19492717	-0.9807333	-0.00043660504	0	-2.513274e-07	0	0.19492717	-0.9807333	-0.00043660504	2.9621386e-20	1
0	0.19492717	-0.9807333	-0.00043660504	0	-1.256637e-07	0	0.19492717	-0.9807333	-0.00043660504	2.9621435e-20	1
0	0.19492717	-0.9807333	-0.00043660504	0	0	0	0.19492717	-0.9807333	-0.00043660504	2.9621483e-20	1
0	0.19492717	-0.9807333	-0.00043660504	0	1.256637e-07	0	0.19492717	-0.9807333	-0.00043660504	2.962153e-20	1
0	0.19492717	-0.9807333	-0.00043660504	0	2.513274e-07	0	0.19492717	-0.9807333	-0.00043660504	2.9621583e-20	1
0	0.19492717	-0.9807333	-0.00043660504	0	6.283185e-07	0	0.19492717	-0.9807333	-0.00043660504	2.962173e-20	1
0	0.19492717	-0.9807333	-0.00043660504	0	1.256637e-06	0	0.19492717	-0.9807333	-0.00043660504	2.9621974e-20	1
0	0.19492717	-0.9807333	-0.00043660504	0	2.513274e-06	0	0.19492717	-0.9807333	-0.00043660504	2.962247e-20	1
0	0.19492717	-0.9807333	-0.00043660504	0	6.2831855e-06	0	0.19492717	-0.9807333	-0.00043660504	2.9623945e-20	1
0	0.19492717	-0.9807333	-0.00043660504	0	1.2566371e-05	0	0.19492717	-0.9807333	-0.00043660504	2.9626404e-20	1
0	0.19492717	-0.9807333	-0.00043660504	0	2.5132742e-05	0	0.19492717	-0.9807333	-0.00043660504	2.963133e-20	1
0	0.19492717	-0.9807333	-0.00043660504	0	6.283185e-05	0	0.19492717	-0.9807333	-0.00043660504	2.9646092e-20	1
0	0.19492717	-0.9807333	-0.00043660504	0	0.0001256637	0	0.19492717	-0.9807333	-0.00043660504	2.96707e-20	1
0	0.197548	-0.9802084	-0.0004342284	0	0.0002513274	0	0.197548	-0.9802084	-0.0004342284	2.9719892e-20	1
0	0.2012212	-0.97946036	-0.00043088043	0	0.0006283185	0	0.2012212	-0.97946036	-0.00043088043	2.9867405e-20	1
0	0.20506784	-0.97866166	-0.00042734705	0	0.0010053096	0	0.20506784	-0.97866166	-0.00042734705	3.0014808e-20	1
0	0.20506784	-0.97866166	-0.00042734705	0	0.001256637	0	0.20506784	-0.97866166	-0.00042734705	3.011304e-20	1
0	0.21466956	-0.9765989	-0.00041842018	0	0.0018849556	0	0.21466956	-0.9765989	-0.00041842018	3.035826e-20	1
0	0.22206296	-0.97494316	-0.00041145165	0	0.002513274	0	0.22206296	-0.97494316	-0.00041145165	3.0603104e-20	1
0	0.2387265	-0.9709945	-0.00039545947	0	0.0037699111	0	0.2387265	-0.9709945	-0.00039545947	3.1091425e-20	1
0	0.2833525	-0.95891404	-0.00035108867	0	0.0062831854	0	0.2833525	-0.95891404	-0.00035108867	3.2060577e-20	1
0	-0.99773467	0.06622489	0.00047314502	0	0.009424778	0	-0.99773467	0.06622489	0.00047314502	2.7577778e-20	1
0	-0.96699893	0.25441462	0.00032311853	0	0.012566371	0	-0.96699893	0.25441462	0.00032311853	2.7404277e-20	1
0	-0.1006861	0.9948464	0.000510991	0	0.018849555	0	-0.1006861	0.9948464	0.000510991	2.2169318e-20	1
0	-0.08616178	0.9962108	0.00051961653	0	0.025132742	0	-0.08616178	0.9962108	0.00051961653	1.9671151e-20	1
0	-0.06657101	0.9977132	0.0005289775	0	0.03769911	0	-0.06657101	0.9977132	0.0005289775	1.4667423e-20	1
0	-0.054076165	0.99846977	0.00053282245	0	0.050265484	0	-0.054076165	0.99846977	0.00053282245	9.6583e-21	1
0	-0.045461696	0.9989001	0.0005338839	0	0.06283186	0	-0.045461696	0.9989001	0.0005338839	4.6463014e-21	1
