# t (s)	mx ()	my ()	mz ()	B_extx (T)	B_exty (T)	B_extz (T)	mx ()	my ()	mz ()	E_total (J)	branch ()
0	0.9974621	0.07024684	0.0019610217	0.06283186	0	0	0.9974621	0.07024684	0.0019610217	2.4364985e-21	-1
0	0.9967206	0.080066875	0.0019863853	0.050265484	0	0	0.9967206	0.080066875	0.0019863853	7.440529e-21	-1
0	0.99559665	0.092988074	0.0020135005	0.03769911	0	0	0.99559665	0.092988074	0.0020135005	1.24399595e-20	-1
0	0.9937869	0.11064735	0.0020418663	0.025132742	0	0	0.9937869	0.11064735	0.0020418663	1.7432211e-20	-1
0	0.99244	0.12212828	0.0020559793	0.018849555	0	0	0.99244	0.12212828	0.0020559793	1.9924265e-20	-1
0	0.9906136	0.1361382	0.0020692628	0.012566371	0	0	0.9906136	0.1361382	0.0020692628	2.2412378e-20	-1
0	0.98944664	0.14436819	0.0020752433	0.009424778	0	0	0.98944664	0.14436819	0.0020752433	2.365452e-20	-1
0	0.9880558	0.15359077	0.0020804903	0.0062831854	0	0	0.9880558	0.15359077	0.0020804903	2.4895057e-20	-1
0	0.9867362	0.16184542	0.0020839123	0.0037699111	0	0	0.9867362	0.16184542	0.0020839123	2.5886123e-20	-1
0	0.98599446	0.16630095	0.0020852843	0.002513274	0	0	0.98599446	0.16630095	0.0020852843	2.6381132e-20	-1
0	0.9855988	0.16862774	0.0020858692	0.0018849556	0	0	0.9855988	0.16862774	0.0020858692	2.662849e-20	-1
0	0.98519	0.1709984	0.0020863824	0.001256637	0	0	0.98519	0.1709984	0.0020863824	2.6875756e-20	-1
0	0.98519	0.1709984	0.0020863824	0.0010053096	0	0	0.98519	0.1709984	0.0020863824	2.697464e-20	-1
0	0.9847601	0.17345478	0.0020868117	0.0006283185	0	0	0.9847601	0.17345478	0.0020868117	2.712291e-20	-1
0	0.9847601	0.17345478	0.0020868117	0.0002513274	0	0	0.9847601	0.17345478	0.0020868117	2.727117e-20	-1
0	0.98440564	0.17545392	0.002087098	0.0001256637	0	0	0.98440564	0.17545392	0.002087098	2.7320554e-20	-1
0	0.98440564	0.17545392	0.002087098	6.283185e-05	0	0	0.98440564	0.17545392	0.002087098	2.7345257e-20	-1
0	0.98440564	0.17545392	0.002087098	2.5132742e-05	0	0	0.98440564	0.17545392	0.002087098	2.7360078e-20	-1
0	0.98440564	0.17545392	0.002087098	1.2566371e-05	0	0	0.98440564	0.17545392	0.002087098	2.736502e-20	-1
0	0.98440564	0.17545392	0.002087098	6.2831855e-06	0	0	0.98440564	0.17545392	0.002087098	2.7367487e-20	-1
0	0.98440564	0.17545392	0.002087098	2.513274e-06	0	0	0.98440564	0.17545392	0.002087098	2.736897e-20	-1
0	0.98440564	0.17545392	0.002087098	1.256637e-06	0	0	0.98440564	0.17545392	0.002087098	2.7369465e-20	-1
0	0.98440564	0.17545392	0.002087098	6.283185e-07	0	0	0.98440564	0.17545392	0.002087098	2.736971e-20	-1
0	0.98440564	0.17545392	0.002087098	2.513274e-07	0	0	0.98440564	0.17545392	0.002087098	2.736986e-20	-1
0	0.98440564	0.17545392	0.002087098	1.256637e-07	0	0	0.98440564	0.17545392	0.002087098	2.7369907e-20	-1
0	0.98440564	0.17545392	0.002087098	0	0	0	0.98440564	0.17545392	0.002087098	2.736996e-20	-1
0	0.98440564	0.17545392	0.002087098	-1.256637e-07	0	0	0.98440564	0.17545392	0.002087098	2.7370007e-20	-1
0	0.98440564	0.17545392	0.002087098	-2.513274e-07	0	0	0.98440564	0.17545392	0.002087098	2.7370056e-20	-1
0	0.98440564	0.17545392	0.002087098	-6.283185e-07	0	0	0.98440564	0.17545392	0.002087098	2.7370204e-20	-1
0	0.98440564	0.17545392	0.002087098	-1.256637e-06	0	0	0.98440564	0.17545392	0.002087098	2.737045e-20	-1
0	0.98440564	0.17545392	0.002087098	-2.513274e-06	0	0	0.98440564	0.17545392	0.002087098	2.7370944e-20	-1
0	0.98440564	0.17545392	0.002087098	-6.2831855e-06	0	0	0.98440564	0.17545392	0.002087098	2.7372428e-20	-1
0	0.98440564	0.17545392	0.002087098	-1.2566371e-05	0	0	0.98440564	0.17545392	0.002087098	2.7374896e-20	-1
0	0.98440564	0.17545392	0.002087098	-2.5132742e-05	0	0	0.98440564	0.17545392	0.002087098	2.7379837e-20	-1
0	0.98440564	0.17545392	0.002087098	-6.283185e-05	0	0	0.98440564	0.17545392	0.002087098	2.7394658e-20	-1
0	0.98440564	0.17545392	0.002087098	-0.0001256637	0	0	0.98440564	0.17545392	0.002087098	2.741936e-20	-1
0	0.98440564	0.17545392	0.002087098	-0.0002513274	0	0	0.98440564	0.17545392	0.002087098	2.7468762e-20	-1
0	0.98384607	0.1785621	0.0020874082	-0.0006283185	0	0	0.98384607	0.1785621	0.0020874082	2.7616885e-20	-1
0	0.98384607	0.1785621	0.0020874082	-0.0010053096	0	0	0.98384607	0.1785621	0.0020874082	2.776501e-20	-1
0	0.98335886	0.18122397	0.0020875593	-0.001256637	0	0	0.98335886	0.18122397	0.0020875593	2.7863702e-20	-1
0	0.982852	0.18395095	0.0020876043	-0.0018849556	0	0	0.982852	0.18395095	0.0020876043	2.8110382e-20	-1
0	0.98231804	0.18677887	0.0020875304	-0.002513274	0	0	0.98231804	0.18677887	0.0020875304	2.835694e-20	-1
0	0.9811732	0.19269809	0.0020869873	-0.0037699111	0	0	0.9811732	0.19269809	0.0020869873	2.8849633e-20	-1
0	0.97852254	0.20572583	0.0020840003	-0.0062831854	0	0	0.97852254	0.20572583	0.0020840003	2.983315e-20	-1
0	0.9743235	0.22475976	0.002075384	-0.009424778	0	0	0.9743235	0.22475976	0.002075384	3.105832e-20	-1
0	0.96867985	0.24794102	0.0020584366	-0.012566371	0	0	0.96867985	0.24794102	0.0020584366	3.2277373e-20	-1
0	0.94823754	0.31723005	0.001969695	-0.018849555	0	0	0.94823754	0.31723005	0.001969695	3.4686165e-20	-1
0	-0.9937869	-0.110647276	-0.0020418619	-0.025132742	0	0	-0.9937869	-0.110647276	-0.0020418619	1.7432211e-20	-1
0	-0.99559665	-0.092988074	-0.0020135	-0.03769911	0	0	-0.99559665	-0.092988074	-0.0020135	1.24399595e-20	-1
0	-0.99671984	-0.0800769	-0.001986396	-0.050265484	0	0	-0.99671984	-0.0800769	-0.001986396	7.440528e-21	-1
0	-0.9974619	-0.0702492	-0.0019610478	-0.06283186	0	0	-0.9974619	-0.0702492	-0.0019610478	2.4365007e-21	-1
0	-0.9974619	-0.0702492	-0.0019610478	-0.06283186	0	0	-0.9974619	-0.0702492	-0.0019610478	2.4365007e-21	1
0	-0.9967202	-0.08007097	-0.0019863895	-0.050265484	0	0	-0.9967202	-0.08007097	-0.0019863895	7.440529e-21	1
0	-0.99559665	-0.092987895	-0.0020134891	-0.03769911	0	0	-0.99559665	-0.092987895	-0.0020134891	1.24399595e-20	1
0	-0.9937868	-0.11064829	-0.0020418665	-0.025132742	0	0	-0.9937868	-0.11064829	-0.0020418665	1.7432213e-20	1
0	-0.9924402	-0.12212604	-0.0020559686	-0.018849555	0	0	-0.9924402	-0.12212604	-0.0020559686	1.9924264e-20	1
0	-0.9906138	-0.13613674	-0.002069263	-0.012566371	0	0	-0.9906138	-0.13613674	-0.002069263	2.241238e-20	1
0	-0.98944783	-0.14436024	-0.0020752572	-0.009424778	0	0	-0.98944783	-0.14436024	-0.0020752572	2.365452e-20	1
0	-0.98805475	-0.15359762	-0.0020804913	-0.0062831854	0	0	-0.98805475	-0.15359762	-0.0020804913	2.4895057e-20	1
0	-0.9867362	-0.16184506	-0.0020839123	-0.0037699111	0	0	-0.9867362	-0.16184506	-0.0020839123	2.5886123e-20	1
0	-0.9859942	-0.16630182	-0.002085285	-0.002513274	0	0	-0.9859942	-0.16630182	-0.002085285	2.6381129e-20	1
0	-0.9856001	-0.16861987	-0.0020858697	-0.0018849556	0	0	-0.9856001	-0.16861987	-0.0020858697	2.6628492e-20	1
0	-0.9851895	-0.17100096	-0.002086382	-0.001256637	0	0	-0.9851895	-0.17100096	-0.002086382	2.6875754e-20	1
0	-0.9851895	-0.17100096	-0.002086382	-0.0010053096	0	0	-0.9851895	-0.17100096	-0.002086382	2.6974638e-20	1
0	-0.9847621	-0.1734434	-0.0020868098	-0.0006283185	0	0	-0.9847621	-0.1734434	-0.0020868098	2.712291e-20	1
0	-0.9847621	-0.1734434	-0.0020868098	-0.0002513274	0	0	-0.9847621	-0.1734434	-0.0020868098	2.7271172e-20	1
0	-0.9844037	-0.17546412	-0.0020870953	-0.0001256637	0	0	-0.9844037	-0.17546412	-0.0020870953	2.7320554e-20	1
0	-0.9844037	-0.17546412	-0.0020870953	-6.283185e-05	0	0	-0.9844037	-0.17546412	-0.0020870953	2.7345257e-20	1
0	-0.9844037	-0.17546412	-0.0020870953	-2.5132742e-05	0	0	-0.9844037	-0.17546412	-0.0020870953	2.7360078e-20	1
0	-0.9844037	-0.17546412	-0.0020870953	-1.2566371e-05	0	0	-0.9844037	-0.17546412	-0.0020870953	2.736502e-20	1
0	-0.9844037	-0.17546412	-0.0020870953	-6.2831855e-06	0	0	-0.9844037	-0.17546412	-0.0020870953	2.7367487e-20	1
0	-0.9844037	-0.17546412	-0.0020870953	-2.513274e-06	0	0	-0.9844037	-0.17546412	-0.0020870953	2.736897e-20	1
0	-0.9844037	-0.17546412	-0.0020870953	-1.256637e-06	0	0	-0.9844037	-0.17546412	-0.0020870953	2.7369465e-20	1
0	-0.9844037	-0.17546412	-0.0020870953	-6.283185e-07	0	0	-0.9844037	-0.17546412	-0.0020870953	2.736971e-20	1
0	-0.9844037	-0.17546412	-0.0020870953	-2.513274e-07	0	0	-0.9844037	-0.17546412	-0.0020870953	2.736986e-20	1
0	-0.9844037	-0.17546412	-0.0020870953	-1.256637e-07	0	0	-0.9844037	-0.17546412	-0.0020870953	2.7369907e-20	1
0	-0.9844037	-0.17546412	-0.0020870953	0	0	0	-0.9844037	-0.17546412	-0.0020870953	2.736996e-20	1
0	-0.9844037	-0.17546412	-0.0020870953	1.256637e-07	0	0	-0.9844037	-0.17546412	-0.0020870953	2.7370007e-20	1
0	-0.9844037	-0.17546412	-0.0020870953	2.513274e-07	0	0	-0.9844037	-0.17546412	-0.0020870953	2.7370056e-20	1
0	-0.9844037	-0.17546412	-0.0020870953	6.283185e-07	0	0	-0.9844037	-0.17546412	-0.0020870953	2.7370204e-20	1
0	-0.9844037	-0.17546412	-0.0020870953	1.256637e-06	0	0	-0.9844037	-0.17546412	-0.0020870953	2.7370453e-20	1
0	-0.9844037	-0.17546412	-0.0020870953	2.513274e-06	0	0	-0.9844037	-0.17546412	-0.0020870953	2.7370944e-20	1
0	-0.9844037	-0.17546412	-0.0020870953	6.2831855e-06	0	0	-0.9844037	-0.17546412	-0.0020870953	2.7372428e-20	1
0	-0.9844037	-0.17546412	-0.0020870953	1.2566371e-05	0	0	-0.9844037	-0.17546412	-0.0020870953	2.73749e-20	1
0	-0.9844037	-0.17546412	-0.0020870953	2.5132742e-05	0	0	-0.9844037	-0.17546412	-0.0020870953	2.737984e-20	1
0	-0.9844037	-0.17546412	-0.0020870953	6.283185e-05	0	0	-0.9844037	-0.17546412	-0.0020870953	2.7394658e-20	1
0	-0.9844037	-0.17546412	-0.0020870953	0.0001256637	0	0	-0.9844037	-0.17546412	-0.0020870953	2.741936e-20	1
0	-0.9844037	-0.17546412	-0.0020870953	0.0002513274	0	0	-0.9844037	-0.17546412	-0.0020870953	2.7468762e-20	1
0	-0.98384845	-0.17854902	-0.0020874112	0.0006283185	0	0	-0.98384845	-0.17854902	-0.0020874112	2.761689e-20	1
0	-0.98384845	-0.17854902	-0.0020874112	0.0010053096	0	0	-0.98384845	-0.17854902	-0.0020874112	2.7765012e-20	1
0	-0.9833612	-0.18121123	-0.0020875633	0.001256637	0	0	-0.9833612	-0.18121123	-0.0020875633	2.78637e-20	1
0	-0.982849	-0.1839669	-0.002087602	0.0018849556	0	0	-0.982849	-0.1839669	-0.002087602	2.8110386e-20	1
0	-0.9823179	-0.18677956	-0.002087531	0.002513274	0	0	-0.9823179	-0.18677956	-0.002087531	2.835694e-20	1
0	-0.98117125	-0.19270828	-0.002086983	0.0037699111	0	0	-0.98117125	-0.19270828	-0.002086983	2.8849636e-20	1
0	-0.9785224	-0.20572641	-0.0020839996	0.0062831854	0	0	-0.9785224	-0.20572641	-0.0020839996	2.9833154e-20	1
0	-0.9743196	-0.22477686	-0.0020753704	0.009424778	0	0	-0.9743196	-0.22477686	-0.0020753704	3.1058315e-20	1
0	-0.9686806	-0.24793805	-0.0020584404	0.012566371	0	0	-0.9686806	-0.24793805	-0.0020584404	3.2277373e-20	1
0	-0.9482292	-0.31725505	-0.001969651	0.018849555	0	0	-0.9482292	-0.31725505	-0.001969651	3.4686168e-20	1
0	0.99378645	0.110650614	0.002041867	0.025132742	0	0	0.99378645	0.110650614	0.002041867	1.7432211e-20	1
0	0.99559647	0.09298978	0.0020135045	0.03769911	0	0	0.99559647	0.09298978	0.0020135045	1.2439961e-20	1
0	0.9967197	0.08007735	0.0019863965	0.050265484	0	0	0.9967197	0.08007735	0.0019863965	7.440526e-21	1
0	0.9974619	0.07024902	0.001961024	0.06283186	0	0	0.9974619	0.07024902	0.001961024	2.436501e-21	1
