# t (s)	mx ()	my ()	mz ()	B_extx (T)	B_exty (T)	B_extz (T)	mx ()	my ()	mz ()	E_total (J)	branch ()
0	0.99904907	0.04181493	0.004284204	0.06283186	0	0	0.99904907	0.04181493	0.004284204	4.42916e-21	-1
0	0.9984562	0.0541117	0.004542064	0.050265484	0	0	0.9984562	0.0541117	0.004542064	9.441596e-21	-1
0	0.99702144	0.076047726	0.0049676355	0.03769911	0	0	0.99702144	0.076047726	0.0049676355	1.4449338e-20	-1
0	0.9922768	0.12330731	0.005788955	0.025132742	0	0	0.9922768	0.12330731	0.005788955	1.9443627e-20	-1
0	0.98533744	0.17002562	0.0064907474	0.018849555	0	0	0.98533744	0.17002562	0.0064907474	2.1925988e-20	-1
0	0.9691367	0.24604422	0.0073862	0.012566371	0	0	0.9691367	0.24604422	0.0073862	2.4380947e-20	-1
0	0.95449305	0.2977955	0.00780261	0.009424778	0	0	0.95449305	0.2977955	0.00780261	2.5588243e-20	-1
0	0.9332235	0.35889405	0.00807097	0.0062831854	0	0	0.9332235	0.35889405	0.00807097	2.677322e-20	-1
0	0.9097835	0.4147069	0.008087506	0.0037699111	0	0	0.9097835	0.4147069	0.008087506	2.7698686e-20	-1
0	0.89535725	0.44498557	0.007999692	0.002513274	0	0	0.89535725	0.44498557	0.007999692	2.8151735e-20	-1
0	0.88729	0.46085596	0.007925499	0.0018849556	0	0	0.88729	0.46085596	0.007925499	2.83754e-20	-1
0	0.8785678	0.47726846	0.007828006	0.001256637	0	0	0.8785678	0.47726846	0.007828006	2.8596955e-20	-1
0	0.8785678	0.47726846	0.007828006	0.0010053096	0	0	0.8785678	0.47726846	0.007828006	2.8685137e-20	-1
0	0.86911833	0.49426246	0.0077045094	0.0006283185	0	0	0.86911833	0.49426246	0.0077045094	2.881624e-20	-1
0	0.8630632	0.5047586	0.00761665	0.0002513274	0	0	0.8630632	0.5047586	0.00761665	2.894663e-20	-1
0	0.8630632	0.5047586	0.00761665	0.0001256637	0	0	0.8630632	0.5047586	0.00761665	2.898994e-20	-1
0	0.8630632	0.5047586	0.00761665	6.283185e-05	0	0	0.8630632	0.5047586	0.00761665	2.90116e-20	-1
0	0.8630632	0.5047586	0.00761665	2.5132742e-05	0	0	0.8630632	0.5047586	0.00761665	2.902459e-20	-1
0	0.8630632	0.5047586	0.00761665	1.2566371e-05	0	0	0.8630632	0.5047586	0.00761665	2.9028925e-20	-1
0	0.8630632	0.5047586	0.00761665	6.2831855e-06	0	0	0.8630632	0.5047586	0.00761665	2.903109e-20	-1
0	0.8630632	0.5047586	0.00761665	2.513274e-06	0	0	0.8630632	0.5047586	0.00761665	2.9032388e-20	-1
0	0.8630632	0.5047586	0.00761665	1.256637e-06	0	0	0.8630632	0.5047586	0.00761665	2.903282e-20	-1
0	0.8630632	0.5047586	0.00761665	6.283185e-07	0	0	0.8630632	0.5047586	0.00761665	2.9033038e-20	-1
0	0.8630632	0.5047586	0.00761665	2.513274e-07	0	0	0.8630632	0.5047586	0.00761665	2.9033167e-20	-1
0	0.8630632	0.5047586	0.00761665	1.256637e-07	0	0	0.8630632	0.5047586	0.00761665	2.9033212e-20	-1
0	0.8630632	0.5047586	0.00761665	0	0	0	0.8630632	0.5047586	0.00761665	2.9033254e-20	-1
0	0.8630632	0.5047586	0.00761665	-1.256637e-07	0	0	0.8630632	0.5047586	0.00761665	2.9033296e-20	-1
0	0.8630632	0.5047586	0.00761665	-2.513274e-07	0	0	0.8630632	0.5047586	0.00761665	2.903334e-20	-1
0	0.8630632	0.5047586	0.00761665	-6.283185e-07	0	0	0.8630632	0.5047586	0.00761665	2.903347e-20	-1
0	0.8630632	0.5047586	0.00761665	-1.256637e-06	0	0	0.8630632	0.5047586	0.00761665	2.9033687e-20	-1
0	0.8630632	0.5047586	0.00761665	-2.513274e-06	0	0	0.8630632	0.5047586	0.00761665	2.903412e-20	-1
0	0.8630632	0.5047586	0.00761665	-6.2831855e-06	0	0	0.8630632	0.5047586	0.00761665	2.903542e-20	-1
0	0.8630632	0.5047586	0.00761665	-1.2566371e-05	0	0	0.8630632	0.5047586	0.00761665	2.9037587e-20	-1
0	0.8630632	0.5047586	0.00761665	-2.5132742e-05	0	0	0.8630632	0.5047586	0.00761665	2.9041917e-20	-1
0	0.8630632	0.5047586	0.00761665	-6.283185e-05	0	0	0.8630632	0.5047586	0.00761665	2.905491e-20	-1
0	0.8566768	0.51552093	0.00751729	-0.0001256637	0	0	0.8566768	0.51552093	0.00751729	2.9076093e-20	-1
0	0.8566768	0.51552093	0.00751729	-0.0002513274	0	0	0.8566768	0.51552093	0.00751729	2.9119087e-20	-1
0	0.8476181	0.5302806	0.0073656556	-0.0006283185	0	0	0.8476181	0.5302806	0.0073656556	2.9247158e-20	-1
0	0.84034157	0.54173607	0.0072356174	-0.0010053096	0	0	0.84034157	0.54173607	0.0072356174	2.9374227e-20	-1
0	0.84034157	0.54173607	0.0072356174	-0.001256637	0	0	0.84034157	0.54173607	0.0072356174	2.9458574e-20	-1
0	0.82146347	0.5699525	0.0068688793	-0.0018849556	0	0	0.82146347	0.5699525	0.0068688793	2.96662e-20	-1
0	0.80608773	0.59149706	0.0065440806	-0.002513274	0	0	0.80608773	0.59149706	0.0065440806	2.987044e-20	-1
0	0.76773655	0.6404893	0.005659996	-0.0037699111	0	0	0.76773655	0.6404893	0.005659996	3.0265847e-20	-1
0	-0.93318766	-0.35898703	-0.008071165	-0.0062831854	0	0	-0.93318766	-0.35898703	-0.008071165	2.6773218e-20	-1
0	-0.9544952	-0.2977885	-0.0078025674	-0.009424778	0	0	-0.9544952	-0.2977885	-0.0078025674	2.5588243e-20	-1
0	-0.96912193	-0.2461024	-0.0073867477	-0.012566371	0	0	-0.96912193	-0.2461024	-0.0073867477	2.4380943e-20	-1
0	-0.9853357	-0.17003581	-0.006490886	-0.018849555	0	0	-0.9853357	-0.17003581	-0.006490886	2.1925986e-20	-1
0	-0.9922774	-0.12330152	-0.005788883	-0.025132742	0	0	-0.9922774	-0.12330152	-0.005788883	1.944362e-20	-1
0	-0.9970205	-0.07606053	-0.004967862	-0.03769911	0	0	-0.9970205	-0.07606053	-0.004967862	1.4449338e-20	-1
0	-0.99845594	-0.054116204	-0.0045421477	-0.050265484	0	0	-0.99845594	-0.054116204	-0.0045421477	9.441594e-21	-1
0	-0.9990492	-0.041810736	-0.004284124	-0.06283186	0	0	-0.9990492	-0.041810736	-0.004284124	4.4291596e-21	-1
0	-0.9990492	-0.041810736	-0.004284124	-0.06283186	0	0	-0.9990492	-0.041810736	-0.004284124	4.4291596e-21	1
0	-0.99845636	-0.054107897	-0.004541994	-0.050265484	0	0	-0.99845636	-0.054107897	-0.004541994	9.441594e-21	1
0	-0.9970212	-0.07605087	-0.004967691	-0.03769911	0	0	-0.9970212	-0.07605087	-0.004967691	1.444934e-20	1
0	-0.99227524	-0.12331973	-0.00578917	-0.025132742	0	0	-0.99227524	-0.12331973	-0.00578917	1.9443623e-20	1
0	-0.98534465	-0.16998407	-0.006490184	-0.018849555	0	0	-0.98534465	-0.16998407	-0.006490184	2.1925984e-20	1
0	-0.969129	-0.24607462	-0.007386484	-0.012566371	0	0	-0.969129	-0.24607462	-0.007386484	2.4380943e-20	1
0	-0.9544923	-0.29779786	-0.0078026233	-0.009424778	0	0	-0.9544923	-0.29779786	-0.0078026233	2.5588246e-20	1
0	-0.9331937	-0.3589713	-0.008071132	-0.0062831854	0	0	-0.9331937	-0.3589713	-0.008071132	2.6773218e-20	1
0	-0.90981793	-0.41463125	-0.008087655	-0.0037699111	0	0	-0.90981793	-0.41463125	-0.008087655	2.7698686e-20	1
0	-0.89532673	-0.44504714	-0.007999428	-0.002513274	0	0	-0.89532673	-0.44504714	-0.007999428	2.8151735e-20	1
0	-0.8872807	-0.46087366	-0.007925402	-0.0018849556	0	0	-0.8872807	-0.46087366	-0.007925402	2.8375394e-20	1
0	-0.87856233	-0.47727862	-0.007827936	-0.001256637	0	0	-0.87856233	-0.47727862	-0.007827936	2.8596955e-20	1
0	-0.87856233	-0.47727862	-0.007827936	-0.0010053096	0	0	-0.87856233	-0.47727862	-0.007827936	2.8685137e-20	1
0	-0.86907804	-0.49433333	-0.0077039283	-0.0006283185	0	0	-0.86907804	-0.49433333	-0.0077039283	2.881624e-20	1
0	-0.8630731	-0.5047418	-0.007616801	-0.0002513274	0	0	-0.8630731	-0.5047418	-0.007616801	2.8946636e-20	1
0	-0.8630731	-0.5047418	-0.007616801	-0.0001256637	0	0	-0.8630731	-0.5047418	-0.007616801	2.8989947e-20	1
0	-0.8630731	-0.5047418	-0.007616801	-6.283185e-05	0	0	-0.8630731	-0.5047418	-0.007616801	2.9011605e-20	1
0	-0.8630731	-0.5047418	-0.007616801	-2.5132742e-05	0	0	-0.8630731	-0.5047418	-0.007616801	2.9024598e-20	1
0	-0.8630731	-0.5047418	-0.007616801	-1.2566371e-05	0	0	-0.8630731	-0.5047418	-0.007616801	2.902893e-20	1
0	-0.8630731	-0.5047418	-0.007616801	-6.2831855e-06	0	0	-0.8630731	-0.5047418	-0.007616801	2.9031096e-20	1
0	-0.8630731	-0.5047418	-0.007616801	-2.513274e-06	0	0	-0.8630731	-0.5047418	-0.007616801	2.9032395e-20	1
0	-0.8630731	-0.5047418	-0.007616801	-1.256637e-06	0	0	-0.8630731	-0.5047418	-0.007616801	2.9032828e-20	1
0	-0.8630731	-0.5047418	-0.007616801	-6.283185e-07	0	0	-0.8630731	-0.5047418	-0.007616801	2.9033044e-20	1
0	-0.8630731	-0.5047418	-0.007616801	-2.513274e-07	0	0	-0.8630731	-0.5047418	-0.007616801	2.9033174e-20	1
0	-0.8630731	-0.5047418	-0.007616801	-1.256637e-07	0	0	-0.8630731	-0.5047418	-0.007616801	2.903322e-20	1
0	-0.8630731	-0.5047418	-0.007616801	0	0	0	-0.8630731	-0.5047418	-0.007616801	2.903326e-20	1
0	-0.8630731	-0.5047418	-0.007616801	1.256637e-07	0	0	-0.8630731	-0.5047418	-0.007616801	2.9033306e-20	1
0	-0.8630731	-0.5047418	-0.007616801	2.513274e-07	0	0	-0.8630731	-0.5047418	-0.007616801	2.9033348e-20	1
0	-0.8630731	-0.5047418	-0.007616801	6.283185e-07	0	0	-0.8630731	-0.5047418	-0.007616801	2.9033477e-20	1
0	-0.8630731	-0.5047418	-0.007616801	1.256637e-06	0	0	-0.8630731	-0.5047418	-0.007616801	2.9033694e-20	1
0	-0.8630731	-0.5047418	-0.007616801	2.513274e-06	0	0	-0.8630731	-0.5047418	-0.007616801	2.9034127e-20	1
0	-0.8630731	-0.5047418	-0.007616801	6.2831855e-06	0	0	-0.8630731	-0.5047418	-0.007616801	2.9035426e-20	1
0	-0.8630731	-0.5047418	-0.007616801	1.2566371e-05	0	0	-0.8630731	-0.5047418	-0.007616801	2.9037594e-20	1
0	-0.8630731	-0.5047418	-0.007616801	2.5132742e-05	0	0	-0.8630731	-0.5047418	-0.007616801	2.9041924e-20	1
0	-0.8630731	-0.5047418	-0.007616801	6.283185e-05	0	0	-0.8630731	-0.5047418	-0.007616801	2.905492e-20	1
0	-0.85668254	-0.5155115	-0.0075173834	0.0001256637	0	0	-0.85668254	-0.5155115	-0.0075173834	2.9076093e-20	1
0	-0.85668254	-0.5155115	-0.0075173834	0.0002513274	0	0	-0.85668254	-0.5155115	-0.0075173834	2.9119084e-20	1
0	-0.8476145	-0.5302863	-0.0073655928	0.0006283185	0	0	-0.8476145	-0.5302863	-0.0073655928	2.9247158e-20	1
0	-0.84034336	-0.54173315	-0.007235652	0.0010053096	0	0	-0.84034336	-0.54173315	-0.007235652	2.9374227e-20	1
0	-0.84034336	-0.54173315	-0.007235652	0.001256637	0	0	-0.84034336	-0.54173315	-0.007235652	2.945857e-20	1
0	-0.8215027	-0.56989586	-0.0068696956	0.0018849556	0	0	-0.8215027	-0.56989586	-0.0068696956	2.96662e-20	1
0	-0.80608225	-0.5915046	-0.00654396	0.002513274	0	0	-0.80608225	-0.5915046	-0.00654396	2.9870442e-20	1
0	-0.7677367	-0.64048916	-0.0056599993	0.0037699111	0	0	-0.7677367	-0.64048916	-0.0056599993	3.0265847e-20	1
0	0.933222	0.3588978	0.008070979	0.0062831854	0	0	0.933222	0.3588978	0.008070979	2.6773219e-20	1
0	0.9544722	0.29786208	0.007803022	0.009424778	0	0	0.9544722	0.29786208	0.007803022	2.5588244e-20	1
0	0.9691254	0.24608873	0.007386619	0.012566371	0	0	0.9691254	0.24608873	0.007386619	2.4380945e-20	1
0	0.9853358	0.17003492	0.006490874	0.018849555	0	0	0.9853358	0.17003492	0.006490874	2.1925986e-20	1
0	0.99227136	0.12335068	0.005789658	0.025132742	0	0	0.99227136	0.12335068	0.005789658	1.9443627e-20	1
0	0.9970206	0.07605964	0.004967845	0.03769911	0	0	0.9970206	0.07605964	0.004967845	1.4449338e-20	1
0	0.9984559	0.054118037	0.004542182	0.050265484	0	0	0.9984559	0.054118037	0.004542182	9.441591e-21	1
0	0.99904907	0.041813903	0.004284157	0.06283186	0	0	0.99904907	0.041813903	0.004284157	4.4291568e-21	1
