# t (s)	mx ()	my ()	mz ()	B_extx (T)	B_exty (T)	B_extz (T)	mx ()	my ()	mz ()	E_total (J)	branch ()
0	-0.00827759	0.9999009	-0.00015542473	0	0.06283186	0	-0.00827759	0.9999009	-0.00015542473	4.5570378e-21	-1
0	-0.0097978525	0.9998864	-0.0001660091	0	0.050265484	0	-0.0097978525	0.9998864	-0.0001660091	9.575015e-21	-1
0	-0.01200563	0.9998615	-0.00018101618	0	0.03769911	0	-0.01200563	0.9998615	-0.00018101618	1.4592896e-20	-1
0	-0.015491255	0.9998128	-0.00020423238	0	0.025132742	0	-0.015491255	0.9998128	-0.00020423238	1.96106e-20	-1
0	-0.01812334	0.9997681	-0.00022155912	0	0.018849555	0	-0.01812334	0.9997681	-0.00022155912	2.2119328e-20	-1
0	-0.021827972	0.99969363	-0.00024575443	0	0.012566371	0	-0.021827972	0.99969363	-0.00024575443	2.4627917e-20	-1
0	-0.02431257	0.99963593	-0.0002619254	0	0.009424778	0	-0.02431257	0.99963593	-0.0002619254	2.5882121e-20	-1
0	-0.027432641	0.99955493	-0.0002821547	0	0.0062831854	0	-0.027432641	0.99955493	-0.0002821547	2.7136245e-20	-1
0	-0.030548489	0.9994643	-0.00030230256	0	0.0037699111	0	-0.030548489	0.9994643	-0.00030230256	2.8139453e-20	-1
0	-0.032428257	0.999405	-0.0003144384	0	0.002513274	0	-0.032428257	0.999405	-0.0003144384	2.8641022e-20	-1
0	-0.033431493	0.99937177	-0.0003209145	0	0.0018849556	0	-0.033431493	0.99937177	-0.0003209145	2.889179e-20	-1
0	-0.03451363	0.99933505	-0.00032788655	0	0.001256637	0	-0.03451363	0.99933505	-0.00032788655	2.914256e-20	-1
0	-0.03451363	0.99933505	-0.00032788655	0	0.0010053096	0	-0.03451363	0.99933505	-0.00032788655	2.924286e-20	-1
0	-0.035654653	0.9992949	-0.00033523928	0	0.0006283185	0	-0.035654653	0.9992949	-0.00033523928	2.939331e-20	-1
0	-0.036393456	0.9992682	-0.00033999892	0	0.0002513274	0	-0.036393456	0.9992682	-0.00033999892	2.9543757e-20	-1
0	-0.036393456	0.9992682	-0.00033999892	0	0.0001256637	0	-0.036393456	0.9992682	-0.00033999892	2.9593908e-20	-1
0	-0.036393456	0.9992682	-0.00033999892	0	6.283185e-05	0	-0.036393456	0.9992682	-0.00033999892	2.9618982e-20	-1
0	-0.036393456	0.9992682	-0.00033999892	0	2.5132742e-05	0	-0.036393456	0.9992682	-0.00033999892	2.9634027e-20	-1
0	-0.036393456	0.9992682	-0.00033999892	0	1.2566371e-05	0	-0.036393456	0.9992682	-0.00033999892	2.963904e-20	-1
0	-0.036393456	0.9992682	-0.00033999892	0	6.2831855e-06	0	-0.036393456	0.9992682	-0.00033999892	2.964155e-20	-1
0	-0.036393456	0.9992682	-0.00033999892	0	2.513274e-06	0	-0.036393456	0.9992682	-0.00033999892	2.964305e-20	-1
0	-0.036393456	0.9992682	-0.00033999892	0	1.256637e-06	0	-0.036393456	0.9992682	-0.00033999892	2.9643555e-20	-1
0	-0.036393456	0.9992682	-0.00033999892	0	6.283185e-07	0	-0.036393456	0.9992682	-0.00033999892	2.9643804e-20	-1
0	-0.036393456	0.9992682	-0.00033999892	0	2.513274e-07	0	-0.036393456	0.9992682	-0.00033999892	2.9643956e-20	-1
0	-0.036393456	0.9992682	-0.00033999892	0	1.256637e-07	0	-0.036393456	0.9992682	-0.00033999892	2.9644004e-20	-1
0	-0.036393456	0.9992682	-0.00033999892	0	0	0	-0.036393456	0.9992682	-0.00033999892	2.9644056e-20	-1
0	-0.036393456	0.9992682	-0.00033999892	0	-1.256637e-07	0	-0.036393456	0.9992682	-0.00033999892	2.9644105e-20	-1
0	-0.036393456	0.9992682	-0.00033999892	0	-2.513274e-07	0	-0.036393456	0.9992682	-0.00033999892	2.9644156e-20	-1
0	-0.036393456	0.9992682	-0.00033999892	0	-6.283185e-07	0	-0.036393456	0.9992682	-0.00033999892	2.9644305e-20	-1
0	-0.036393456	0.9992682	-0.00033999892	0	-1.256637e-06	0	-0.036393456	0.9992682	-0.00033999892	2.9644557e-20	-1
0	-0.036393456	0.9992682	-0.00033999892	0	-2.513274e-06	0	-0.036393456	0.9992682	-0.00033999892	2.9645058e-20	-1
0	-0.036393456	0.9992682	-0.00033999892	0	-6.2831855e-06	0	-0.036393456	0.9992682	-0.00033999892	2.9646564e-20	-1
0	-0.036393456	0.9992682	-0.00033999892	0	-1.2566371e-05	0	-0.036393456	0.9992682	-0.00033999892	2.964907e-20	-1
0	-0.036393456	0.9992682	-0.00033999892	0	-2.5132742e-05	0	-0.036393456	0.9992682	-0.00033999892	2.9654086e-20	-1
0	-0.037013333	0.9992454	-0.000343988	0	-6.283185e-05	0	-0.037013333	0.9992454	-0.000343988	2.9669127e-20	-1
0	-0.037013333	0.9992454	-0.000343988	0	-0.0001256637	0	-0.037013333	0.9992454	-0.000343988	2.96942e-20	-1
0	-0.037013333	0.9992454	-0.000343988	0	-0.0002513274	0	-0.037013333	0.9992454	-0.000343988	2.974435e-20	-1
0	-0.038217507	0.9992	-0.0003517368	0	-0.0006283185	0	-0.038217507	0.9992	-0.0003517368	2.9894782e-20	-1
0	-0.039051432	0.9991677	-0.00035709987	0	-0.0010053096	0	-0.039051432	0.9991677	-0.00035709987	3.0045216e-20	-1
0	-0.039051432	0.9991677	-0.00035709987	0	-0.001256637	0	-0.039051432	0.9991677	-0.00035709987	3.0145502e-20	-1
0	-0.041201666	0.99908113	-0.00037091936	0	-0.0018849556	0	-0.041201666	0.99908113	-0.00037091936	3.0396202e-20	-1
0	-0.04279788	0.999014	-0.00038117028	0	-0.002513274	0	-0.04279788	0.999014	-0.00038117028	3.0646893e-20	-1
0	-0.046524256	0.9988472	-0.0004050725	0	-0.0037699111	0	-0.046524256	0.9988472	-0.0004050725	3.1148207e-20	-1
0	-0.056397803	0.99833775	-0.00046820156	0	-0.0062831854	0	-0.056397803	0.99833775	-0.00046820156	3.215052e-20	-1
0	-0.07701062	0.99695814	-0.000598947	0	-0.009424778	0	-0.07701062	0.99695814	-0.000598947	3.3402332e-20	-1
0	-0.12872714	0.991603	-0.0009178771	0	-0.012566371	0	-0.12872714	0.991603	-0.0009178771	3.4650748e-20	-1
0	0.018124899	-0.999768	0.00022156938	0	-0.018849555	0	0.018124899	-0.999768	0.00022156938	2.2119328e-20	-1
0	0.015499765	-0.9998126	0.00020429335	0	-0.025132742	0	0.015499765	-0.9998126	0.00020429335	1.9610598e-20	-1
0	0.012009863	-0.9998615	0.00018104576	0	-0.03769911	0	0.012009863	-0.9998615	0.00018104576	1.4592896e-20	-1
0	0.0098009845	-0.9998863	0.00016602947	0	-0.050265484	0	0.0098009845	-0.9998863	0.00016602947	9.575014e-21	-1
0	0.008278927	-0.9999008	0.00015543682	0	-0.06283186	0	0.008278927	-0.9999008	0.00015543682	4.557039e-21	-1
0	0.008278491	-0.9999008	0.00015543174	0	-0.06283186	0	0.008278491	-0.9999008	0.00015543174	4.5570378e-21	1
0	0.009798896	-0.99988633	0.0001660147	0	-0.050265484	0	0.009798896	-0.99988633	0.0001660147	9.575015e-21	1
0	0.0120062325	-0.9998615	0.00018102006	0	-0.03769911	0	0.0120062325	-0.9998615	0.00018102006	1.4592896e-20	1
0	0.01549381	-0.9998127	0.0002042537	0	-0.025132742	0	0.01549381	-0.9998127	0.0002042537	1.9610596e-20	1
0	0.018126894	-0.999768	0.00022157992	0	-0.018849555	0	0.018126894	-0.999768	0.00022157992	2.2119327e-20	1
0	0.021822449	-0.9996937	0.00024572806	0	-0.012566371	0	0.021822449	-0.9996937	0.00024572806	2.4627912e-20	1
0	0.02429868	-0.9996363	0.00026183168	0	-0.009424778	0	0.02429868	-0.9996363	0.00026183168	2.5882123e-20	1
0	0.02742961	-0.99955505	0.0002821309	0	-0.0062831854	0	0.02742961	-0.99955505	0.0002821309	2.7136245e-20	1
0	0.030580152	-0.99946344	0.0003025059	0	-0.0037699111	0	0.030580152	-0.99946344	0.0003025059	2.8139457e-20	1
0	0.03241482	-0.9994054	0.00031435088	0	-0.002513274	0	0.03241482	-0.9994054	0.00031435088	2.8641025e-20	1
0	0.03343243	-0.9993719	0.00032091612	0	-0.0018849556	0	0.03343243	-0.9993719	0.00032091612	2.8891794e-20	1
0	0.03450948	-0.99933517	0.0003278593	0	-0.001256637	0	0.03450948	-0.99933517	0.0003278593	2.9142555e-20	1
0	0.03450948	-0.99933517	0.0003278593	0	-0.0010053096	0	0.03450948	-0.99933517	0.0003278593	2.9242857e-20	1
0	0.035691597	-0.99929357	0.0003354762	0	-0.0006283185	0	0.035691597	-0.99929357	0.0003354762	2.939331e-20	1
0	0.036392935	-0.9992682	0.00033999814	0	-0.0002513274	0	0.036392935	-0.9992682	0.00033999814	2.9543757e-20	1
0	0.03663555	-0.99925935	0.00034155507	0	-0.0001256637	0	0.03663555	-0.99925935	0.00034155507	2.9593908e-20	1
0	0.03676891	-0.9992544	0.00034241469	0	-6.283185e-05	0	0.03676891	-0.9992544	0.00034241469	2.961898e-20	1
0	0.03676891	-0.9992544	0.00034241469	0	-2.5132742e-05	0	0.03676891	-0.9992544	0.00034241469	2.9634023e-20	1
0	0.03676891	-0.9992544	0.00034241469	0	-1.2566371e-05	0	0.03676891	-0.9992544	0.00034241469	2.9639038e-20	1
0	0.03676891	-0.9992544	0.00034241469	0	-6.2831855e-06	0	0.03676891	-0.9992544	0.00034241469	2.9641545e-20	1
0	0.03676891	-0.9992544	0.00034241469	0	-2.513274e-06	0	0.03676891	-0.9992544	0.00034241469	2.964305e-20	1
0	0.03676891	-0.9992544	0.00034241469	0	-1.256637e-06	0	0.03676891	-0.9992544	0.00034241469	2.9643552e-20	1
0	0.03676891	-0.9992544	0.00034241469	0	-6.283185e-07	0	0.03676891	-0.9992544	0.00034241469	2.96438e-20	1
0	0.03676891	-0.9992544	0.00034241469	0	-2.513274e-07	0	0.03676891	-0.9992544	0.00034241469	2.9643953e-20	1
0	0.03676891	-0.9992544	0.00034241469	0	-1.256637e-07	0	0.03676891	-0.9992544	0.00034241469	2.9644004e-20	1
0	0.03676891	-0.9992544	0.00034241469	0	0	0	0.03676891	-0.9992544	0.00034241469	2.9644053e-20	1
0	0.03676891	-0.9992544	0.00034241469	0	1.256637e-07	0	0.03676891	-0.9992544	0.00034241469	2.9644105e-20	1
0	0.03676891	-0.9992544	0.00034241469	0	2.513274e-07	0	0.03676891	-0.9992544	0.00034241469	2.9644153e-20	1
0	0.03676891	-0.9992544	0.00034241469	0	6.283185e-07	0	0.03676891	-0.9992544	0.00034241469	2.9644305e-20	1
0	0.03676891	-0.9992544	0.00034241469	0	1.256637e-06	0	0.03676891	-0.9992544	0.00034241469	2.9644554e-20	1
0	0.03676891	-0.9992544	0.00034241469	0	2.513274e-06	0	0.03676891	-0.9992544	0.00034241469	2.9645055e-20	1
0	0.03676891	-0.9992544	0.00034241469	0	6.2831855e-06	0	0.03676891	-0.9992544	0.00034241469	2.964656e-20	1
0	0.03676891	-0.9992544	0.00034241469	0	1.2566371e-05	0	0.03676891	-0.9992544	0.00034241469	2.9649068e-20	1
0	0.03676891	-0.9992544	0.00034241469	0	2.5132742e-05	0	0.03676891	-0.9992544	0.00034241469	2.9654082e-20	1
0	0.03676891	-0.9992544	0.00034241469	0	6.283185e-05	0	0.03676891	-0.9992544	0.00034241469	2.9669127e-20	1
0	0.03676891	-0.9992544	0.00034241469	0	0.0001256637	0	0.03676891	-0.9992544	0.00034241469	2.96942e-20	1
0	0.03676891	-0.9992544	0.00034241469	0	0.0002513274	0	0.03676891	-0.9992544	0.00034241469	2.974435e-20	1
0	0.038203273	-0.99920046	0.00035164517	0	0.0006283185	0	0.038203273	-0.99920046	0.00035164517	2.9894782e-20	1
0	0.039044317	-0.9991679	0.00035705446	0	0.0010053096	0	0.039044317	-0.9991679	0.00035705446	3.0045216e-20	1
0	0.039044317	-0.9991679	0.00035705446	0	0.001256637	0	0.039044317	-0.9991679	0.00035705446	3.0145505e-20	1
0	0.041165963	-0.9990827	0.00037069072	0	0.0018849556	0	0.041165963	-0.9990827	0.00037069072	3.0396202e-20	1
0	0.042787053	-0.9990145	0.00038110215	0	0.002513274	0	0.042787053	-0.9990145	0.00038110215	3.064689e-20	1
0	0.046517022	-0.9988475	0.0004050256	0	0.0037699111	0	0.046517022	-0.9988475	0.0004050256	3.1148207e-20	1
0	0.056360543	-0.9983399	0.00046796387	0	0.0062831854	0	0.056360543	-0.9983399	0.00046796387	3.215052e-20	1
0	0.07700724	-0.9969585	0.0005989259	0	0.009424778	0	0.07700724	-0.9969585	0.0005989259	3.3402332e-20	1
0	0.12861216	-0.9916179	0.00091718766	0	0.012566371	0	0.12861216	-0.9916179	0.00091718766	3.4650748e-20	1
0	-0.01812167	0.99976814	-0.00022154901	0	0.018849555	0	-0.01812167	0.99976814	-0.00022154901	2.2119327e-20	1
0	-0.015499601	0.9998126	-0.00020429053	0	0.025132742	0	-0.015499601	0.9998126	-0.00020429053	1.9610596e-20	1
0	-0.012007209	0.9998615	-0.00018102671	0	0.03769911	0	-0.012007209	0.9998615	-0.00018102671	1.4592896e-20	1
0	-0.009800812	0.9998864	-0.00016602773	0	0.050265484	0	-0.009800812	0.9998864	-0.00016602773	9.575016e-21	1
0	-0.008281256	0.9999009	-0.00015544835	0	0.06283186	0	-0.008281256	0.9999009	-0.00015544835	4.557037e-21	1
