# t (s)	mx ()	my ()	mz ()	B_extx (T)	B_exty (T)	B_extz (T)	mx ()	my ()	mz ()	E_total (J)	branch ()
0	-0.03979924	0.99913216	-0.004397211	0	0.06283186	0	-0.03979924	0.99913216	-0.004397211	4.5126786e-21	-1
0	-0.047699973	0.99878526	-0.0043855123	0	0.050265484	0	-0.047699973	0.99878526	-0.0043855123	9.526032e-21	-1
0	-0.059375443	0.9981581	-0.0043478897	0	0.03769911	0	-0.059375443	0.9981581	-0.0043478897	1.4537038e-20	-1
0	-0.078206524	0.9968582	-0.004257025	0	0.025132742	0	-0.078206524	0.9968582	-0.004257025	1.9543468e-20	-1
0	-0.09255569	0.99562746	-0.004171912	0	0.018849555	0	-0.09255569	0.99562746	-0.004171912	2.204342e-20	-1
0	-0.11277327	0.9935392	-0.004035803	0	0.012566371	0	-0.11277327	0.9935392	-0.004035803	2.4539324e-20	-1
0	-0.12622544	0.9919189	-0.0039368793	0	0.009424778	0	-0.12622544	0.9919189	-0.0039368793	2.5784882e-20	-1
0	-0.14292468	0.9896493	-0.0038063978	0	0.0062831854	0	-0.14292468	0.9896493	-0.0038063978	2.7028026e-20	-1
0	-0.15944389	0.9871211	-0.0036699425	0	0.0037699111	0	-0.15944389	0.9871211	-0.0036699425	2.8020133e-20	-1
0	-0.1690625	0.98551834	-0.0035874664	0	0.002513274	0	-0.1690625	0.98551834	-0.0035874664	2.8515132e-20	-1
0	-0.17428187	0.9846082	-0.0035418498	0	0.0018849556	0	-0.17428187	0.9846082	-0.0035418498	2.876231e-20	-1
0	-0.17980397	0.9836142	-0.0034929565	0	0.001256637	0	-0.17980397	0.9836142	-0.0034929565	2.900925e-20	-1
0	-0.17980397	0.9836142	-0.0034929565	0	0.0010053096	0	-0.17980397	0.9836142	-0.0034929565	2.9107975e-20	-1
0	-0.18566236	0.98252463	-0.0034403992	0	0.0006283185	0	-0.18566236	0.98252463	-0.0034403992	2.9255927e-20	-1
0	-0.18933406	0.9818232	-0.0034071212	0	0.0002513274	0	-0.18933406	0.9818232	-0.0034071212	2.9403796e-20	-1
0	-0.18933406	0.9818232	-0.0034071212	0	0.0001256637	0	-0.18933406	0.9818232	-0.0034071212	2.945307e-20	-1
0	-0.18933406	0.9818232	-0.0034071212	0	6.283185e-05	0	-0.18933406	0.9818232	-0.0034071212	2.9477706e-20	-1
0	-0.18933406	0.9818232	-0.0034071212	0	2.5132742e-05	0	-0.18933406	0.9818232	-0.0034071212	2.9492488e-20	-1
0	-0.18933406	0.9818232	-0.0034071212	0	1.2566371e-05	0	-0.18933406	0.9818232	-0.0034071212	2.9497416e-20	-1
0	-0.18933406	0.9818232	-0.0034071212	0	6.2831855e-06	0	-0.18933406	0.9818232	-0.0034071212	2.9499878e-20	-1
0	-0.18933406	0.9818232	-0.0034071212	0	2.513274e-06	0	-0.18933406	0.9818232	-0.0034071212	2.9501358e-20	-1
0	-0.18933406	0.9818232	-0.0034071212	0	1.256637e-06	0	-0.18933406	0.9818232	-0.0034071212	2.950185e-20	-1
0	-0.18933406	0.9818232	-0.0034071212	0	6.283185e-07	0	-0.18933406	0.9818232	-0.0034071212	2.9502098e-20	-1
0	-0.18933406	0.9818232	-0.0034071212	0	2.513274e-07	0	-0.18933406	0.9818232	-0.0034071212	2.9502243e-20	-1
0	-0.18933406	0.9818232	-0.0034071212	0	1.256637e-07	0	-0.18933406	0.9818232	-0.0034071212	2.9502295e-20	-1
0	-0.18933406	0.9818232	-0.0034071212	0	0	0	-0.18933406	0.9818232	-0.0034071212	2.9502343e-20	-1
0	-0.18933406	0.9818232	-0.0034071212	0	-1.256637e-07	0	-0.18933406	0.9818232	-0.0034071212	2.9502392e-20	-1
0	-0.18933406	0.9818232	-0.0034071212	0	-2.513274e-07	0	-0.18933406	0.9818232	-0.0034071212	2.950244e-20	-1
0	-0.18933406	0.9818232	-0.0034071212	0	-6.283185e-07	0	-0.18933406	0.9818232	-0.0034071212	2.950259e-20	-1
0	-0.18933406	0.9818232	-0.0034071212	0	-1.256637e-06	0	-0.18933406	0.9818232	-0.0034071212	2.9502834e-20	-1
0	-0.18933406	0.9818232	-0.0034071212	0	-2.513274e-06	0	-0.18933406	0.9818232	-0.0034071212	2.950333e-20	-1
0	-0.18933406	0.9818232	-0.0034071212	0	-6.2831855e-06	0	-0.18933406	0.9818232	-0.0034071212	2.9504805e-20	-1
0	-0.18933406	0.9818232	-0.0034071212	0	-1.2566371e-05	0	-0.18933406	0.9818232	-0.0034071212	2.950727e-20	-1
0	-0.18933406	0.9818232	-0.0034071212	0	-2.5132742e-05	0	-0.18933406	0.9818232	-0.0034071212	2.9512198e-20	-1
0	-0.18933406	0.9818232	-0.0034071212	0	-6.283185e-05	0	-0.18933406	0.9818232	-0.0034071212	2.9526978e-20	-1
0	-0.19315517	0.98107827	-0.003372211	0	-0.0001256637	0	-0.19315517	0.98107827	-0.003372211	2.955156e-20	-1
0	-0.19315517	0.98107827	-0.003372211	0	-0.0002513274	0	-0.19315517	0.98107827	-0.003372211	2.9600794e-20	-1
0	-0.19850487	0.9800092	-0.0033228719	0	-0.0006283185	0	-0.19850487	0.9800092	-0.0033228719	2.9748397e-20	-1
0	-0.20266926	0.979156	-0.0032841219	0	-0.0010053096	0	-0.20266926	0.979156	-0.0032841219	2.9895878e-20	-1
0	-0.20266926	0.979156	-0.0032841219	0	-0.001256637	0	-0.20266926	0.979156	-0.0032841219	2.9994157e-20	-1
0	-0.21310186	0.9769372	-0.0031857193	0	-0.0018849556	0	-0.21310186	0.9769372	-0.0031857193	3.0239468e-20	-1
0	-0.2212415	0.9751251	-0.0031077145	0	-0.002513274	0	-0.2212415	0.9751251	-0.0031077145	3.048438e-20	-1
0	-0.23951428	0.97079587	-0.0029290558	0	-0.0037699111	0	-0.23951428	0.97079587	-0.0029290558	3.0972705e-20	-1
0	-0.2883429	0.9574212	-0.002432295	0	-0.0062831854	0	-0.2883429	0.9574212	-0.002432295	3.1941082e-20	-1
0	0.9965918	-0.08150472	0.004356332	0	-0.009424778	0	0.9965918	-0.08150472	0.004356332	2.8090436e-20	-1
0	0.11278416	-0.99353796	0.004035716	0	-0.012566371	0	0.11278416	-0.99353796	0.004035716	2.4539326e-20	-1
0	0.092570156	-0.9956261	0.004171804	0	-0.018849555	0	0.092570156	-0.9956261	0.004171804	2.204342e-20	-1
0	0.07820824	-0.996858	0.004257013	0	-0.025132742	0	0.07820824	-0.996858	0.004257013	1.9543468e-20	-1
0	0.059383087	-0.99815774	0.0043478394	0	-0.03769911	0	0.059383087	-0.99815774	0.0043478394	1.4537038e-20	-1
0	0.04770361	-0.998785	0.0043854886	0	-0.050265484	0	0.04770361	-0.998785	0.0043854886	9.526035e-21	-1
0	0.039801314	-0.99913216	0.0043971986	0	-0.06283186	0	0.039801314	-0.99913216	0.0043971986	4.512679e-21	-1
0	0.039801314	-0.99913216	0.0043971986	0	-0.06283186	0	0.039801314	-0.99913216	0.0043971986	4.512679e-21	1
0	0.047694914	-0.99878544	0.004385544	0	-0.050265484	0	0.047694914	-0.99878544	0.004385544	9.526032e-21	1
0	0.05937893	-0.998158	0.004347874	0	-0.03769911	0	0.05937893	-0.998158	0.004347874	1.4537037e-20	1
0	0.07820545	-0.99685824	0.004257041	0	-0.025132742	0	0.07820545	-0.99685824	0.004257041	1.9543468e-20	1
0	0.09255622	-0.9956274	0.0041719098	0	-0.018849555	0	0.09255622	-0.9956274	0.0041719098	2.2043421e-20	1
0	0.1127821	-0.99353814	0.0040357327	0	-0.012566371	0	0.1127821	-0.99353814	0.0040357327	2.4539323e-20	1
0	0.12622973	-0.9919183	0.003936867	0	-0.009424778	0	0.12622973	-0.9919183	0.003936867	2.5784882e-20	1
0	0.14289546	-0.9896536	0.0038066527	0	-0.0062831854	0	0.14289546	-0.9896536	0.0038066527	2.702803e-20	1
0	0.15944815	-0.9871204	0.003669904	0	-0.0037699111	0	0.15944815	-0.9871204	0.003669904	2.8020136e-20	1
0	0.16906254	-0.98551834	0.0035874671	0	-0.002513274	0	0.16906254	-0.98551834	0.0035874671	2.851513e-20	1
0	0.17429215	-0.9846064	0.0035417536	0	-0.0018849556	0	0.17429215	-0.9846064	0.0035417536	2.876231e-20	1
0	0.17981018	-0.983613	0.003492897	0	-0.001256637	0	0.17981018	-0.983613	0.003492897	2.9009247e-20	1
0	0.17981018	-0.983613	0.003492897	0	-0.0010053096	0	0.17981018	-0.983613	0.003492897	2.9107972e-20	1
0	0.1856544	-0.98252606	0.0034404802	0	-0.0006283185	0	0.1856544	-0.98252606	0.0034404802	2.9255924e-20	1
0	0.18933661	-0.9818228	0.0034070935	0	-0.0002513274	0	0.18933661	-0.9818228	0.0034070935	2.9403796e-20	1
0	0.18933661	-0.9818228	0.0034070935	0	-0.0001256637	0	0.18933661	-0.9818228	0.0034070935	2.9453068e-20	1
0	0.18933661	-0.9818228	0.0034070935	0	-6.283185e-05	0	0.18933661	-0.9818228	0.0034070935	2.9477706e-20	1
0	0.18933661	-0.9818228	0.0034070935	0	-2.5132742e-05	0	0.18933661	-0.9818228	0.0034070935	2.9492488e-20	1
0	0.18933661	-0.9818228	0.0034070935	0	-1.2566371e-05	0	0.18933661	-0.9818228	0.0034070935	2.9497416e-20	1
0	0.18933661	-0.9818228	0.0034070935	0	-6.2831855e-06	0	0.18933661	-0.9818228	0.0034070935	2.9499878e-20	1
0	0.18933661	-0.9818228	0.0034070935	0	-2.513274e-06	0	0.18933661	-0.9818228	0.0034070935	2.9501358e-20	1
0	0.18933661	-0.9818228	0.0034070935	0	-1.256637e-06	0	0.18933661	-0.9818228	0.0034070935	2.950185e-20	1
0	0.18933661	-0.9818228	0.0034070935	0	-6.283185e-07	0	0.18933661	-0.9818228	0.0034070935	2.9502094e-20	1
0	0.18933661	-0.9818228	0.0034070935	0	-2.513274e-07	0	0.18933661	-0.9818228	0.0034070935	2.9502243e-20	1
0	0.18933661	-0.9818228	0.0034070935	0	-1.256637e-07	0	0.18933661	-0.9818228	0.0034070935	2.950229e-20	1
0	0.18933661	-0.9818228	0.0034070935	0	0	0	0.18933661	-0.9818228	0.0034070935	2.9502343e-20	1
0	0.18933661	-0.9818228	0.0034070935	0	1.256637e-07	0	0.18933661	-0.9818228	0.0034070935	2.9502392e-20	1
0	0.18933661	-0.9818228	0.0034070935	0	2.513274e-07	0	0.18933661	-0.9818228	0.0034070935	2.950244e-20	1
0	0.18933661	-0.9818228	0.0034070935	0	6.283185e-07	0	0.18933661	-0.9818228	0.0034070935	2.950259e-20	1
0	0.18933661	-0.9818228	0.0034070935	0	1.256637e-06	0	0.18933661	-0.9818228	0.0034070935	2.9502834e-20	1
0	0.18933661	-0.9818228	0.0034070935	0	2.513274e-06	0	0.18933661	-0.9818228	0.0034070935	2.950333e-20	1
0	0.18933661	-0.9818228	0.0034070935	0	6.2831855e-06	0	0.18933661	-0.9818228	0.0034070935	2.9504805e-20	1
0	0.18933661	-0.9818228	0.0034070935	0	1.2566371e-05	0	0.18933661	-0.9818228	0.0034070935	2.9507268e-20	1
0	0.18933661	-0.9818228	0.0034070935	0	2.5132742e-05	0	0.18933661	-0.9818228	0.0034070935	2.9512195e-20	1
0	0.18933661	-0.9818228	0.0034070935	0	6.283185e-05	0	0.18933661	-0.9818228	0.0034070935	2.9526978e-20	1
0	0.19315648	-0.981078	0.0033721991	0	0.0001256637	0	0.19315648	-0.981078	0.0033721991	2.9551557e-20	1
0	0.1944364	-0.98082495	0.0033604526	0	0.0002513274	0	0.1944364	-0.98082495	0.0033604526	2.960079e-20	1
0	0.19849944	-0.9800103	0.003322924	0	0.0006283185	0	0.19849944	-0.9800103	0.003322924	2.9748397e-20	1
0	0.20266312	-0.9791572	0.0032841782	0	0.0010053096	0	0.20266312	-0.9791572	0.0032841782	2.9895878e-20	1
0	0.20266312	-0.9791572	0.0032841782	0	0.001256637	0	0.20266312	-0.9791572	0.0032841782	2.9994154e-20	1
0	0.21311453	-0.97693443	0.0031855968	0	0.0018849556	0	0.21311453	-0.97693443	0.0031855968	3.0239468e-20	1
0	0.22123319	-0.975127	0.0031077967	0	0.002513274	0	0.22123319	-0.975127	0.0031077967	3.0484384e-20	1
0	0.23951072	-0.97079676	0.0029290873	0	0.0037699111	0	0.23951072	-0.97079676	0.0029290873	3.097271e-20	1
0	0.28834373	-0.95742095	0.0024322858	0	0.0062831854	0	0.28834373	-0.95742095	0.0024322858	3.1941085e-20	1
0	0.8750725	0.4836886	0.004530797	0	0.009424778	0	0.8750725	0.4836886	0.004530797	2.6401875e-20	1
0	0.7866144	0.61718106	0.0026967064	0	0.012566371	0	0.7866144	0.61718106	0.0026967064	2.5721968e-20	1
0	-0.09256147	0.9956269	-0.004171874	0	0.018849555	0	-0.09256147	0.9956269	-0.004171874	2.2043418e-20	1
0	-0.07821429	0.9968576	-0.004256972	0	0.025132742	0	-0.07821429	0.9968576	-0.004256972	1.9543468e-20	1
0	-0.059387993	0.9981574	-0.0043478077	0	0.03769911	0	-0.059387993	0.9981574	-0.0043478077	1.4537038e-20	1
0	-0.047703713	0.998785	-0.004385487	0	0.050265484	0	-0.047703713	0.998785	-0.004385487	9.526031e-21	1
0	-0.039802264	0.9991321	-0.004397193	0	0.06283186	0	-0.039802264	0.9991321	-0.004397193	4.512676e-21	1
