# t (s)	mx ()	my ()	mz ()	B_extx (T)	B_exty (T)	B_extz (T)	mx ()	my ()	mz ()	E_total (J)	branch ()
0	0.9988471	0.046646483	-0.00025992157	0.06283186	0	0	0.9988471	0.046646483	-0.00025992157	2.3118076e-21	-1
0	0.99852836	0.053015303	-0.000262498	0.050265484	0	0	0.99852836	0.053015303	-0.000262498	7.323782e-21	-1
0	0.9980483	0.06137371	-0.00026519538	0.03769911	0	0	0.9980483	0.06137371	-0.00026519538	1.2333785e-20	-1
0	0.99727845	0.07280338	-0.00026799444	0.025132742	0	0	0.99727845	0.07280338	-0.00026799444	1.7340727e-20	-1
0	0.9967066	0.0802436	-0.00026940551	0.018849555	0	0	0.9967066	0.0802436	-0.00026940551	1.9842468e-20	-1
0	0.9959302	0.0893535	-0.000270786	0.012566371	0	0	0.9959302	0.0893535	-0.000270786	2.2342534e-20	-1
0	0.99543506	0.09470485	-0.0002714452	0.009424778	0	0	0.99543506	0.09470485	-0.0002714452	2.359175e-20	-1
0	0.99484193	0.100738674	-0.00027206415	0.0062831854	0	0	0.99484193	0.100738674	-0.00027206415	2.484029e-20	-1
0	0.9942801	0.10613462	-0.00027252495	0.0037699111	0	0	0.9942801	0.10613462	-0.00027252495	2.5838536e-20	-1
0	0.99396384	0.10905413	-0.000272736	0.002513274	0	0	0.99396384	0.10905413	-0.000272736	2.6337444e-20	-1
0	0.9937955	0.110575765	-0.0002728362	0.0018849556	0	0	0.9937955	0.110575765	-0.0002728362	2.6586827e-20	-1
0	0.99362063	0.112134896	-0.0002729321	0.001256637	0	0	0.99362063	0.112134896	-0.0002729321	2.6836174e-20	-1
0	0.99354815	0.112774394	-0.00027296666	0.0010053096	0	0	0.99354815	0.112774394	-0.00027296666	2.6935899e-20	-1
0	0.99343777	0.11374228	-0.0002730247	0.0006283185	0	0	0.99343777	0.11374228	-0.0002730247	2.7085478e-20	-1
0	0.99332476	0.11472434	-0.00027307664	0.0002513274	0	0	0.99332476	0.11472434	-0.00027307664	2.7235035e-20	-1
0	0.99332476	0.11472434	-0.00027307664	0.0001256637	0	0	0.99332476	0.11472434	-0.00027307664	2.7284885e-20	-1
0	0.99332476	0.11472434	-0.00027307664	6.283185e-05	0	0	0.99332476	0.11472434	-0.00027307664	2.730981e-20	-1
0	0.99332476	0.11472434	-0.00027307664	2.5132742e-05	0	0	0.99332476	0.11472434	-0.00027307664	2.7324764e-20	-1
0	0.99332476	0.11472434	-0.00027307664	1.2566371e-05	0	0	0.99332476	0.11472434	-0.00027307664	2.732975e-20	-1
0	0.99332476	0.11472434	-0.00027307664	6.2831855e-06	0	0	0.99332476	0.11472434	-0.00027307664	2.7332245e-20	-1
0	0.99332476	0.11472434	-0.00027307664	2.513274e-06	0	0	0.99332476	0.11472434	-0.00027307664	2.7333737e-20	-1
0	0.99332476	0.11472434	-0.00027307664	1.256637e-06	0	0	0.99332476	0.11472434	-0.00027307664	2.7334238e-20	-1
0	0.99332476	0.11472434	-0.00027307664	6.283185e-07	0	0	0.99332476	0.11472434	-0.00027307664	2.7334487e-20	-1
0	0.99332476	0.11472434	-0.00027307664	2.513274e-07	0	0	0.99332476	0.11472434	-0.00027307664	2.7334636e-20	-1
0	0.99332476	0.11472434	-0.00027307664	1.256637e-07	0	0	0.99332476	0.11472434	-0.00027307664	2.7334687e-20	-1
0	0.99332476	0.11472434	-0.00027307664	0	0	0	0.99332476	0.11472434	-0.00027307664	2.7334736e-20	-1
0	0.99332476	0.11472434	-0.00027307664	-1.256637e-07	0	0	0.99332476	0.11472434	-0.00027307664	2.7334784e-20	-1
0	0.99332476	0.11472434	-0.00027307664	-2.513274e-07	0	0	0.99332476	0.11472434	-0.00027307664	2.7334836e-20	-1
0	0.99332476	0.11472434	-0.00027307664	-6.283185e-07	0	0	0.99332476	0.11472434	-0.00027307664	2.7334985e-20	-1
0	0.99332476	0.11472434	-0.00027307664	-1.256637e-06	0	0	0.99332476	0.11472434	-0.00027307664	2.7335233e-20	-1
0	0.99332476	0.11472434	-0.00027307664	-2.513274e-06	0	0	0.99332476	0.11472434	-0.00027307664	2.7335734e-20	-1
0	0.99332476	0.11472434	-0.00027307664	-6.2831855e-06	0	0	0.99332476	0.11472434	-0.00027307664	2.7337227e-20	-1
0	0.99332476	0.11472434	-0.00027307664	-1.2566371e-05	0	0	0.99332476	0.11472434	-0.00027307664	2.733972e-20	-1
0	0.99332476	0.11472434	-0.00027307664	-2.5132742e-05	0	0	0.99332476	0.11472434	-0.00027307664	2.7344707e-20	-1
0	0.99332476	0.11472434	-0.00027307664	-6.283185e-05	0	0	0.99332476	0.11472434	-0.00027307664	2.735966e-20	-1
0	0.9932077	0.11573221	-0.00027312723	-0.0001256637	0	0	0.9932077	0.11573221	-0.00027312723	2.738458e-20	-1
0	0.9932077	0.11573221	-0.00027312723	-0.0002513274	0	0	0.9932077	0.11573221	-0.00027312723	2.7434424e-20	-1
0	0.99304724	0.117099635	-0.0002731924	-0.0006283185	0	0	0.99304724	0.117099635	-0.0002731924	2.758394e-20	-1
0	0.9929236	0.118141934	-0.00027323875	-0.0010053096	0	0	0.9929236	0.118141934	-0.00027323875	2.7733437e-20	-1
0	0.9929236	0.118141934	-0.00027323875	-0.001256637	0	0	0.9929236	0.118141934	-0.00027323875	2.7833096e-20	-1
0	0.9926208	0.12065739	-0.00027333916	-0.0018849556	0	0	0.9926208	0.12065739	-0.00027333916	2.8082197e-20	-1
0	0.9923934	0.1225123	-0.000273403	-0.002513274	0	0	0.9923934	0.1225123	-0.000273403	2.8331243e-20	-1
0	0.9919039	0.12641029	-0.00027350837	-0.0037699111	0	0	0.9919039	0.12641029	-0.00027350837	2.8829154e-20	-1
0	0.9907708	0.13499716	-0.0002736121	-0.0062831854	0	0	0.9907708	0.13499716	-0.0002736121	2.9824178e-20	-1
0	0.98897725	0.14755341	-0.00027346244	-0.009424778	0	0	0.98897725	0.14755341	-0.00027346244	3.1066154e-20	-1
0	0.986585	0.16276987	-0.0002728352	-0.012566371	0	0	0.986585	0.16276987	-0.0002728352	3.2305526e-20	-1
0	0.9784298	0.20617163	-0.0002686362	-0.018849555	0	0	0.9784298	0.20617163	-0.0002686362	3.4772188e-20	-1
0	0.9537692	0.30020386	-0.00024907396	-0.025132742	0	0	0.9537692	0.30020386	-0.00024907396	3.7204135e-20	-1
0	-0.99804837	-0.061373614	0.00026519544	-0.03769911	0	0	-0.99804837	-0.061373614	0.00026519544	1.23337856e-20	-1
0	-0.99852824	-0.053017817	0.00026249822	-0.050265484	0	0	-0.99852824	-0.053017817	0.00026249822	7.3237796e-21	-1
0	-0.998847	-0.04664783	0.0002599217	-0.06283186	0	0	-0.998847	-0.04664783	0.0002599217	2.3118062e-21	-1
0	-0.998847	-0.04664783	0.0002599217	-0.06283186	0	0	-0.998847	-0.04664783	0.0002599217	2.3118062e-21	1
0	-0.99852836	-0.05301602	0.00026250083	-0.050265484	0	0	-0.99852836	-0.05301602	0.00026250083	7.323781e-21	1
0	-0.99804854	-0.06137111	0.00026519512	-0.03769911	0	0	-0.99804854	-0.06137111	0.00026519512	1.2333785e-20	1
0	-0.99727845	-0.07280297	0.00026799442	-0.025132742	0	0	-0.99727845	-0.07280297	0.00026799442	1.7340727e-20	1
0	-0.9967065	-0.08024445	0.00026940566	-0.018849555	0	0	-0.9967065	-0.08024445	0.00026940566	1.9842467e-20	1
0	-0.9959307	-0.089348346	0.00027078742	-0.012566371	0	0	-0.9959307	-0.089348346	0.00027078742	2.2342533e-20	1
0	-0.9954348	-0.09470706	0.0002714449	-0.009424778	0	0	-0.9954348	-0.09470706	0.0002714449	2.3591752e-20	1
0	-0.994842	-0.10073769	0.00027207215	-0.0062831854	0	0	-0.994842	-0.10073769	0.00027207215	2.484029e-20	1
0	-0.9942801	-0.10613459	0.00027252486	-0.0037699111	0	0	-0.9942801	-0.10613459	0.00027252486	2.5838537e-20	1
0	-0.9939636	-0.10905576	0.00027273613	-0.002513274	0	0	-0.9939636	-0.10905576	0.00027273613	2.6337439e-20	1
0	-0.9937953	-0.110578135	0.000272836	-0.0018849556	0	0	-0.9937953	-0.110578135	0.000272836	2.658683e-20	1
0	-0.99362016	-0.1121393	0.0002729321	-0.001256637	0	0	-0.99362016	-0.1121393	0.0002729321	2.6836179e-20	1
0	-0.99362016	-0.1121393	0.0002729321	-0.0010053096	0	0	-0.99362016	-0.1121393	0.0002729321	2.6935909e-20	1
0	-0.9934381	-0.11373894	0.00027302376	-0.0006283185	0	0	-0.9934381	-0.11373894	0.00027302376	2.7085478e-20	1
0	-0.99332404	-0.11472966	0.00027307653	-0.0002513274	0	0	-0.99332404	-0.11472966	0.00027307653	2.7235038e-20	1
0	-0.99332404	-0.11472966	0.00027307653	-0.0001256637	0	0	-0.99332404	-0.11472966	0.00027307653	2.728489e-20	1
0	-0.99332404	-0.11472966	0.00027307653	-6.283185e-05	0	0	-0.99332404	-0.11472966	0.00027307653	2.730981e-20	1
0	-0.99332404	-0.11472966	0.00027307653	-2.5132742e-05	0	0	-0.99332404	-0.11472966	0.00027307653	2.7324768e-20	1
0	-0.99332404	-0.11472966	0.00027307653	-1.2566371e-05	0	0	-0.99332404	-0.11472966	0.00027307653	2.7329753e-20	1
0	-0.99332404	-0.11472966	0.00027307653	-6.2831855e-06	0	0	-0.99332404	-0.11472966	0.00027307653	2.7332245e-20	1
0	-0.99332404	-0.11472966	0.00027307653	-2.513274e-06	0	0	-0.99332404	-0.11472966	0.00027307653	2.733374e-20	1
0	-0.99332404	-0.11472966	0.00027307653	-1.256637e-06	0	0	-0.99332404	-0.11472966	0.00027307653	2.7334238e-20	1
0	-0.99332404	-0.11472966	0.00027307653	-6.283185e-07	0	0	-0.99332404	-0.11472966	0.00027307653	2.7334487e-20	1
0	-0.99332404	-0.11472966	0.00027307653	-2.513274e-07	0	0	-0.99332404	-0.11472966	0.00027307653	2.733464e-20	1
0	-0.99332404	-0.11472966	0.00027307653	-1.256637e-07	0	0	-0.99332404	-0.11472966	0.00027307653	2.7334687e-20	1
0	-0.99332404	-0.11472966	0.00027307653	0	0	0	-0.99332404	-0.11472966	0.00027307653	2.7334736e-20	1
0	-0.99332404	-0.11472966	0.00027307653	1.256637e-07	0	0	-0.99332404	-0.11472966	0.00027307653	2.7334788e-20	1
0	-0.99332404	-0.11472966	0.00027307653	2.513274e-07	0	0	-0.99332404	-0.11472966	0.00027307653	2.7334836e-20	1
0	-0.99332404	-0.11472966	0.00027307653	6.283185e-07	0	0	-0.99332404	-0.11472966	0.00027307653	2.7334988e-20	1
0	-0.99332404	-0.11472966	0.00027307653	1.256637e-06	0	0	-0.99332404	-0.11472966	0.00027307653	2.7335237e-20	1
0	-0.99332404	-0.11472966	0.00027307653	2.513274e-06	0	0	-0.99332404	-0.11472966	0.00027307653	2.7335734e-20	1
0	-0.99332404	-0.11472966	0.00027307653	6.2831855e-06	0	0	-0.99332404	-0.11472966	0.00027307653	2.733723e-20	1
0	-0.99332404	-0.11472966	0.00027307653	1.2566371e-05	0	0	-0.99332404	-0.11472966	0.00027307653	2.733972e-20	1
0	-0.99332404	-0.11472966	0.00027307653	2.5132742e-05	0	0	-0.99332404	-0.11472966	0.00027307653	2.7344707e-20	1
0	-0.99332404	-0.11472966	0.00027307653	6.283185e-05	0	0	-0.99332404	-0.11472966	0.00027307653	2.735966e-20	1
0	-0.9932076	-0.115732655	0.0002731277	0.0001256637	0	0	-0.9932076	-0.115732655	0.0002731277	2.738458e-20	1
0	-0.99316764	-0.11607455	0.0002731441	0.0002513274	0	0	-0.99316764	-0.11607455	0.0002731441	2.7434424e-20	1
0	-0.9930476	-0.11709662	0.00027319347	0.0006283185	0	0	-0.9930476	-0.11709662	0.00027319347	2.758394e-20	1
0	-0.9929235	-0.11814329	0.00027323916	0.0010053096	0	0	-0.9929235	-0.11814329	0.00027323916	2.7733437e-20	1
0	-0.9929235	-0.11814329	0.00027323916	0.001256637	0	0	-0.9929235	-0.11814329	0.00027323916	2.7833096e-20	1
0	-0.99262226	-0.12064515	0.00027333945	0.0018849556	0	0	-0.99262226	-0.12064515	0.00027333945	2.8082197e-20	1
0	-0.99239266	-0.12251807	0.00027340278	0.002513274	0	0	-0.99239266	-0.12251807	0.00027340278	2.833124e-20	1
0	-0.9919027	-0.12641992	0.00027350825	0.0037699111	0	0	-0.9919027	-0.12641992	0.00027350825	2.8829154e-20	1
0	-0.990771	-0.134996	0.00027361384	0.0062831854	0	0	-0.990771	-0.134996	0.00027361384	2.9824178e-20	1
0	-0.9889782	-0.14754698	0.00027346262	0.009424778	0	0	-0.9889782	-0.14754698	0.00027346262	3.106615e-20	1
0	-0.986591	-0.1627338	0.00027283846	0.012566371	0	0	-0.986591	-0.1627338	0.00027283846	3.2305523e-20	1
0	-0.9784303	-0.20616955	0.0002686367	0.018849555	0	0	-0.9784303	-0.20616955	0.0002686367	3.477219e-20	1
0	-0.95375454	-0.30025056	0.0002490607	0.025132742	0	0	-0.95375454	-0.30025056	0.0002490607	3.7204135e-20	1
0	0.9980483	0.06137503	-0.00026519378	0.03769911	0	0	0.9980483	0.06137503	-0.00026519378	1.2333788e-20	1
0	0.9985281	0.05301994	-0.0002624984	0.050265484	0	0	0.9985281	0.05301994	-0.0002624984	7.323782e-21	1
0	0.998847	0.046647955	-0.0002599219	0.06283186	0	0	0.998847	0.046647955	-0.0002599219	2.311808e-21	1
