# t (s)	mx ()	my ()	mz ()	B_extx (T)	B_exty (T)	B_extz (T)	mx ()	my ()	mz ()	E_total (J)	branch ()
0	-0.03074596	0.9994603	-0.0018444874	0	0.06283186	0	-0.03074596	0.9994603	-0.0018444874	4.572068e-21	-1
0	-0.036449347	0.9992676	-0.0018390964	0	0.050265484	0	-0.036449347	0.9992676	-0.0018390964	9.5874256e-21	-1
0	-0.044715002	0.99893093	-0.0018238749	0	0.03769911	0	-0.044715002	0.99893093	-0.0018238749	1.4601497e-20	-1
0	-0.05769862	0.99826396	-0.0017898029	0	0.025132742	0	-0.05769862	0.99826396	-0.0017898029	1.9613174e-20	-1
0	-0.067406185	0.9976547	-0.0017594411	0	0.018849555	0	-0.067406185	0.9976547	-0.0017594411	2.211736e-20	-1
0	-0.08087242	0.99665236	-0.0017129442	0	0.012566371	0	-0.08087242	0.99665236	-0.0017129442	2.4619585e-20	-1
0	-0.08976114	0.99589044	-0.0016801949	0	0.009424778	0	-0.08976114	0.99589044	-0.0016801949	2.5869553e-20	-1
0	-0.10075532	0.9948374	-0.0016379488	0	0.0062831854	0	-0.10075532	0.9948374	-0.0016379488	2.71184e-20	-1
0	-0.111623906	0.9936756	-0.0015946224	0	0.0037699111	0	-0.111623906	0.9936756	-0.0015946224	2.811637e-20	-1
0	-0.1179556	0.9929433	-0.0015687719	0	0.002513274	0	-0.1179556	0.9929433	-0.0015687719	2.861487e-20	-1
0	-0.12137978	0.9925302	-0.001554626	0	0.0018849556	0	-0.12137978	0.9925302	-0.001554626	2.886397e-20	-1
0	-0.12500651	0.9920796	-0.0015395214	0	0.001256637	0	-0.12500651	0.9920796	-0.0015395214	2.9112964e-20	-1
0	-0.12500651	0.9920796	-0.0015395214	0	0.0010053096	0	-0.12500651	0.9920796	-0.0015395214	2.921254e-20	-1
0	-0.12886235	0.99158573	-0.0015233184	0	0.0006283185	0	-0.12886235	0.99158573	-0.0015233184	2.9361842e-20	-1
0	-0.13128692	0.99126744	-0.0015130849	0	0.0002513274	0	-0.13128692	0.99126744	-0.0015130849	2.9511106e-20	-1
0	-0.13128692	0.99126744	-0.0015130849	0	0.0001256637	0	-0.13128692	0.99126744	-0.0015130849	2.9560853e-20	-1
0	-0.13128692	0.99126744	-0.0015130849	0	6.283185e-05	0	-0.13128692	0.99126744	-0.0015130849	2.9585727e-20	-1
0	-0.13128692	0.99126744	-0.0015130849	0	2.5132742e-05	0	-0.13128692	0.99126744	-0.0015130849	2.960065e-20	-1
0	-0.13128692	0.99126744	-0.0015130849	0	1.2566371e-05	0	-0.13128692	0.99126744	-0.0015130849	2.9605625e-20	-1
0	-0.13128692	0.99126744	-0.0015130849	0	6.2831855e-06	0	-0.13128692	0.99126744	-0.0015130849	2.9608113e-20	-1
0	-0.13128692	0.99126744	-0.0015130849	0	2.513274e-06	0	-0.13128692	0.99126744	-0.0015130849	2.9609605e-20	-1
0	-0.13128692	0.99126744	-0.0015130849	0	1.256637e-06	0	-0.13128692	0.99126744	-0.0015130849	2.9610103e-20	-1
0	-0.13128692	0.99126744	-0.0015130849	0	6.283185e-07	0	-0.13128692	0.99126744	-0.0015130849	2.961035e-20	-1
0	-0.13128692	0.99126744	-0.0015130849	0	2.513274e-07	0	-0.13128692	0.99126744	-0.0015130849	2.96105e-20	-1
0	-0.13128692	0.99126744	-0.0015130849	0	1.256637e-07	0	-0.13128692	0.99126744	-0.0015130849	2.961055e-20	-1
0	-0.13128692	0.99126744	-0.0015130849	0	0	0	-0.13128692	0.99126744	-0.0015130849	2.9610597e-20	-1
0	-0.13128692	0.99126744	-0.0015130849	0	-1.256637e-07	0	-0.13128692	0.99126744	-0.0015130849	2.961065e-20	-1
0	-0.13128692	0.99126744	-0.0015130849	0	-2.513274e-07	0	-0.13128692	0.99126744	-0.0015130849	2.9610697e-20	-1
0	-0.13128692	0.99126744	-0.0015130849	0	-6.283185e-07	0	-0.13128692	0.99126744	-0.0015130849	2.9610846e-20	-1
0	-0.13128692	0.99126744	-0.0015130849	0	-1.256637e-06	0	-0.13128692	0.99126744	-0.0015130849	2.9611095e-20	-1
0	-0.13128692	0.99126744	-0.0015130849	0	-2.513274e-06	0	-0.13128692	0.99126744	-0.0015130849	2.9611593e-20	-1
0	-0.13128692	0.99126744	-0.0015130849	0	-6.2831855e-06	0	-0.13128692	0.99126744	-0.0015130849	2.9613085e-20	-1
0	-0.13128692	0.99126744	-0.0015130849	0	-1.2566371e-05	0	-0.13128692	0.99126744	-0.0015130849	2.9615573e-20	-1
0	-0.13128692	0.99126744	-0.0015130849	0	-2.5132742e-05	0	-0.13128692	0.99126744	-0.0015130849	2.962055e-20	-1
0	-0.13128692	0.99126744	-0.0015130849	0	-6.283185e-05	0	-0.13128692	0.99126744	-0.0015130849	2.963547e-20	-1
0	-0.13381071	0.9909296	-0.001502367	0	-0.0001256637	0	-0.13381071	0.9909296	-0.001502367	2.966032e-20	-1
0	-0.13381071	0.9909296	-0.001502367	0	-0.0002513274	0	-0.13381071	0.9909296	-0.001502367	2.971005e-20	-1
0	-0.13732512	0.99044836	-0.0014873599	0	-0.0006283185	0	-0.13732512	0.99044836	-0.0014873599	2.9859194e-20	-1
0	-0.14007801	0.9900625	-0.0014755821	0	-0.0010053096	0	-0.14007801	0.9900625	-0.0014755821	3.000828e-20	-1
0	-0.14007801	0.9900625	-0.0014755821	0	-0.001256637	0	-0.14007801	0.9900625	-0.0014755821	3.0107652e-20	-1
0	-0.14696142	0.9890634	-0.0014457447	0	-0.0018849556	0	-0.14696142	0.9890634	-0.0014457447	3.0355913e-20	-1
0	-0.15232335	0.9882512	-0.001422297	0	-0.002513274	0	-0.15232335	0.9882512	-0.001422297	3.0603993e-20	-1
0	-0.16433588	0.98632336	-0.0013691585	0	-0.0037699111	0	-0.16433588	0.98632336	-0.0013691585	3.109948e-20	-1
0	-0.19584507	0.980549	-0.0012263972	0	-0.0062831854	0	-0.19584507	0.980549	-0.0012263972	3.208683e-20	-1
0	-0.2699603	0.9627718	-0.0008810671	0	-0.009424778	0	-0.2699603	0.9627718	-0.0008810671	3.3308272e-20	-1
0	0.08087471	-0.9966521	0.0017129339	0	-0.012566371	0	0.08087471	-0.9966521	0.0017129339	2.4619585e-20	-1
0	0.067408666	-0.9976545	0.001759432	0	-0.018849555	0	0.067408666	-0.9976545	0.001759432	2.211736e-20	-1
0	0.05770624	-0.9982635	0.0017897725	0	-0.025132742	0	0.05770624	-0.9982635	0.0017897725	1.961317e-20	-1
0	0.04471896	-0.9989307	0.0018238684	0	-0.03769911	0	0.04471896	-0.9989307	0.0018238684	1.46015e-20	-1
0	0.036456957	-0.99926734	0.0018390657	0	-0.050265484	0	0.036456957	-0.99926734	0.0018390657	9.587424e-21	-1
0	0.030748421	-0.99946016	0.0018444766	0	-0.06283186	0	0.030748421	-0.99946016	0.0018444766	4.5720704e-21	-1
0	0.030748421	-0.99946016	0.0018444766	0	-0.06283186	0	0.030748421	-0.99946016	0.0018444766	4.5720704e-21	1
0	0.036453232	-0.9992675	0.001839079	0	-0.050265484	0	0.036453232	-0.9992675	0.001839079	9.587429e-21	1
0	0.044715267	-0.99893093	0.0018238763	0	-0.03769911	0	0.044715267	-0.99893093	0.0018238763	1.4601497e-20	1
0	0.0576969	-0.9982641	0.0017898087	0	-0.025132742	0	0.0576969	-0.9982641	0.0017898087	1.9613171e-20	1
0	0.067401096	-0.99765503	0.0017594849	0	-0.018849555	0	0.067401096	-0.99765503	0.0017594849	2.2117362e-20	1
0	0.08087588	-0.9966521	0.0017129297	0	-0.012566371	0	0.08087588	-0.9966521	0.0017129297	2.4619582e-20	1
0	0.08974531	-0.9958919	0.0016802629	0	-0.009424778	0	0.08974531	-0.9958919	0.0016802629	2.5869555e-20	1
0	0.100758836	-0.99483705	0.0016379396	0	-0.0062831854	0	0.100758836	-0.99483705	0.0016379396	2.7118406e-20	1
0	0.11161938	-0.99367607	0.0015946435	0	-0.0037699111	0	0.11161938	-0.99367607	0.0015946435	2.811637e-20	1
0	0.11794935	-0.99294406	0.0015688012	0	-0.002513274	0	0.11794935	-0.99294406	0.0015688012	2.8614866e-20	1
0	0.121380344	-0.9925301	0.0015546229	0	-0.0018849556	0	0.121380344	-0.9925301	0.0015546229	2.8863967e-20	1
0	0.12498185	-0.9920827	0.0015396299	0	-0.001256637	0	0.12498185	-0.9920827	0.0015396299	2.9112964e-20	1
0	0.12652636	-0.99188673	0.001533149	0	-0.0010053096	0	0.12652636	-0.99188673	0.001533149	2.921253e-20	1
0	0.12886897	-0.9915849	0.0015233008	0	-0.0006283185	0	0.12886897	-0.9915849	0.0015233008	2.9361842e-20	1
0	0.13129911	-0.9912658	0.0015130297	0	-0.0002513274	0	0.13129911	-0.9912658	0.0015130297	2.9511106e-20	1
0	0.13129911	-0.9912658	0.0015130297	0	-0.0001256637	0	0.13129911	-0.9912658	0.0015130297	2.9560853e-20	1
0	0.13129911	-0.9912658	0.0015130297	0	-6.283185e-05	0	0.13129911	-0.9912658	0.0015130297	2.9585724e-20	1
0	0.13129911	-0.9912658	0.0015130297	0	-2.5132742e-05	0	0.13129911	-0.9912658	0.0015130297	2.960065e-20	1
0	0.13129911	-0.9912658	0.0015130297	0	-1.2566371e-05	0	0.13129911	-0.9912658	0.0015130297	2.9605625e-20	1
0	0.13129911	-0.9912658	0.0015130297	0	-6.2831855e-06	0	0.13129911	-0.9912658	0.0015130297	2.9608113e-20	1
0	0.13129911	-0.9912658	0.0015130297	0	-2.513274e-06	0	0.13129911	-0.9912658	0.0015130297	2.9609605e-20	1
0	0.13129911	-0.9912658	0.0015130297	0	-1.256637e-06	0	0.13129911	-0.9912658	0.0015130297	2.96101e-20	1
0	0.13129911	-0.9912658	0.0015130297	0	-6.283185e-07	0	0.13129911	-0.9912658	0.0015130297	2.961035e-20	1
0	0.13129911	-0.9912658	0.0015130297	0	-2.513274e-07	0	0.13129911	-0.9912658	0.0015130297	2.96105e-20	1
0	0.13129911	-0.9912658	0.0015130297	0	-1.256637e-07	0	0.13129911	-0.9912658	0.0015130297	2.961055e-20	1
0	0.13129911	-0.9912658	0.0015130297	0	0	0	0.13129911	-0.9912658	0.0015130297	2.9610597e-20	1
0	0.13129911	-0.9912658	0.0015130297	0	1.256637e-07	0	0.13129911	-0.9912658	0.0015130297	2.961065e-20	1
0	0.13129911	-0.9912658	0.0015130297	0	2.513274e-07	0	0.13129911	-0.9912658	0.0015130297	2.9610697e-20	1
0	0.13129911	-0.9912658	0.0015130297	0	6.283185e-07	0	0.13129911	-0.9912658	0.0015130297	2.9610846e-20	1
0	0.13129911	-0.9912658	0.0015130297	0	1.256637e-06	0	0.13129911	-0.9912658	0.0015130297	2.9611095e-20	1
0	0.13129911	-0.9912658	0.0015130297	0	2.513274e-06	0	0.13129911	-0.9912658	0.0015130297	2.9611593e-20	1
0	0.13129911	-0.9912658	0.0015130297	0	6.2831855e-06	0	0.13129911	-0.9912658	0.0015130297	2.9613085e-20	1
0	0.13129911	-0.9912658	0.0015130297	0	1.2566371e-05	0	0.13129911	-0.9912658	0.0015130297	2.9615573e-20	1
0	0.13129911	-0.9912658	0.0015130297	0	2.5132742e-05	0	0.13129911	-0.9912658	0.0015130297	2.962055e-20	1
0	0.13129911	-0.9912658	0.0015130297	0	6.283185e-05	0	0.13129911	-0.9912658	0.0015130297	2.963547e-20	1
0	0.13380775	-0.9909301	0.0015023807	0	0.0001256637	0	0.13380775	-0.9909301	0.0015023807	2.9660322e-20	1
0	0.13380775	-0.9909301	0.0015023807	0	0.0002513274	0	0.13380775	-0.9909301	0.0015023807	2.971005e-20	1
0	0.13732299	-0.9904486	0.0014873673	0	0.0006283185	0	0.13732299	-0.9904486	0.0014873673	2.985919e-20	1
0	0.14008215	-0.9900619	0.0014755174	0	0.0010053096	0	0.14008215	-0.9900619	0.0014755174	3.000828e-20	1
0	0.14008215	-0.9900619	0.0014755174	0	0.001256637	0	0.14008215	-0.9900619	0.0014755174	3.0107652e-20	1
0	0.14696601	-0.98906267	0.0014457176	0	0.0018849556	0	0.14696601	-0.98906267	0.0014457176	3.035591e-20	1
0	0.1523228	-0.98825127	0.0014223031	0	0.002513274	0	0.1523228	-0.98825127	0.0014223031	3.0603993e-20	1
0	0.16433184	-0.986324	0.0013691778	0	0.0037699111	0	0.16433184	-0.986324	0.0013691778	3.109948e-20	1
0	0.1958437	-0.98054934	0.0012263898	0	0.0062831854	0	0.1958437	-0.98054934	0.0012263898	3.2086827e-20	1
0	0.27000713	-0.96275854	0.0008808472	0	0.009424778	0	0.27000713	-0.96275854	0.0008808472	3.3308272e-20	1
0	0.8846336	0.46599746	0.0017012334	0	0.012566371	0	0.8846336	0.46599746	0.0017012334	2.597112e-20	1
0	-0.06741434	0.9976541	-0.0017594085	0	0.018849555	0	-0.06741434	0.9976541	-0.0017594085	2.211736e-20	1
0	-0.057709202	0.9982633	-0.0017897608	0	0.025132742	0	-0.057709202	0.9982633	-0.0017897608	1.9613173e-20	1
0	-0.04471971	0.9989307	-0.0018238558	0	0.03769911	0	-0.04471971	0.9989307	-0.0018238558	1.46015e-20	1
0	-0.036456645	0.99926734	-0.0018390666	0	0.050265484	0	-0.036456645	0.99926734	-0.0018390666	9.587425e-21	1
0	-0.030747876	0.9994602	-0.0018444797	0	0.06283186	0	-0.030747876	0.9994602	-0.0018444797	4.572073e-21	1
