# t (s)	mx ()	my ()	mz ()	B_extx (T)	B_exty (T)	B_extz (T)	mx ()	my ()	mz ()	E_total (J)	branch ()
0	0.9999054	-0.006699503	0.0041335737	0.06283186	0	0	0.9999054	-0.006699503	0.0041335737	2.4632817e-21	-1
0	0.9998977	-0.00764074	0.0041654175	0.050265484	0	0	0.9998977	-0.00764074	0.0041654175	7.4812905e-21	-1
0	0.9998865	-0.008893371	0.0041978164	0.03769911	0	0	0.9998865	-0.008893371	0.0041978164	1.2499258e-20	-1
0	0.99986863	-0.010633847	0.0042306064	0.025132742	0	0	0.99986863	-0.010633847	0.0042306064	1.7517157e-20	-1
0	0.99985516	-0.01178921	0.0042471373	0.018849555	0	0	0.99985516	-0.01178921	0.0042471373	2.0026064e-20	-1
0	0.9998367	-0.013227685	0.004263724	0.012566371	0	0	0.9998367	-0.013227685	0.004263724	2.253493e-20	-1
0	0.9998248	-0.014082522	0.00427203	0.009424778	0	0	0.9998248	-0.014082522	0.00427203	2.3789346e-20	-1
0	0.99981034	-0.015057932	0.004280312	0.0062831854	0	0	0.99981034	-0.015057932	0.004280312	2.5043743e-20	-1
0	0.99979645	-0.015942931	0.0042869486	0.0037699111	0	0	0.99979645	-0.015942931	0.0042869486	2.6047245e-20	-1
0	0.9997885	-0.016422406	0.004290251	0.002513274	0	0	0.9997885	-0.016422406	0.004290251	2.6548995e-20	-1
0	0.99978423	-0.016678123	0.0042918995	0.0018849556	0	0	0.99978423	-0.016678123	0.0042918995	2.6799865e-20	-1
0	0.9997799	-0.016937092	0.004293543	0.001256637	0	0	0.9997799	-0.016937092	0.004293543	2.7050733e-20	-1
0	0.9997799	-0.016937092	0.004293543	0.0010053096	0	0	0.9997799	-0.016937092	0.004293543	2.7151082e-20	-1
0	0.9997752	-0.017210815	0.0042951866	0.0006283185	0	0	0.9997752	-0.017210815	0.0042951866	2.7301603e-20	-1
0	0.99977237	-0.017369576	0.004296175	0.0002513274	0	0	0.99977237	-0.017369576	0.004296175	2.7452124e-20	-1
0	0.99977237	-0.017369576	0.004296175	0.0001256637	0	0	0.99977237	-0.017369576	0.004296175	2.7502298e-20	-1
0	0.99977237	-0.017369576	0.004296175	6.283185e-05	0	0	0.99977237	-0.017369576	0.004296175	2.7527385e-20	-1
0	0.99977237	-0.017369576	0.004296175	2.5132742e-05	0	0	0.99977237	-0.017369576	0.004296175	2.7542436e-20	-1
0	0.99977237	-0.017369576	0.004296175	1.2566371e-05	0	0	0.99977237	-0.017369576	0.004296175	2.7547454e-20	-1
0	0.99977237	-0.017369576	0.004296175	6.2831855e-06	0	0	0.99977237	-0.017369576	0.004296175	2.754996e-20	-1
0	0.99977237	-0.017369576	0.004296175	2.513274e-06	0	0	0.99977237	-0.017369576	0.004296175	2.7551467e-20	-1
0	0.99977237	-0.017369576	0.004296175	1.256637e-06	0	0	0.99977237	-0.017369576	0.004296175	2.7551968e-20	-1
0	0.99977237	-0.017369576	0.004296175	6.283185e-07	0	0	0.99977237	-0.017369576	0.004296175	2.755222e-20	-1
0	0.99977237	-0.017369576	0.004296175	2.513274e-07	0	0	0.99977237	-0.017369576	0.004296175	2.755237e-20	-1
0	0.99977237	-0.017369576	0.004296175	1.256637e-07	0	0	0.99977237	-0.017369576	0.004296175	2.755242e-20	-1
0	0.99977237	-0.017369576	0.004296175	0	0	0	0.99977237	-0.017369576	0.004296175	2.7552472e-20	-1
0	0.99977237	-0.017369576	0.004296175	-1.256637e-07	0	0	0.99977237	-0.017369576	0.004296175	2.755252e-20	-1
0	0.99977237	-0.017369576	0.004296175	-2.513274e-07	0	0	0.99977237	-0.017369576	0.004296175	2.7552572e-20	-1
0	0.99977237	-0.017369576	0.004296175	-6.283185e-07	0	0	0.99977237	-0.017369576	0.004296175	2.755272e-20	-1
0	0.99977237	-0.017369576	0.004296175	-1.256637e-06	0	0	0.99977237	-0.017369576	0.004296175	2.7552973e-20	-1
0	0.99977237	-0.017369576	0.004296175	-2.513274e-06	0	0	0.99977237	-0.017369576	0.004296175	2.7553473e-20	-1
0	0.99977237	-0.017369576	0.004296175	-6.2831855e-06	0	0	0.99977237	-0.017369576	0.004296175	2.755498e-20	-1
0	0.99977237	-0.017369576	0.004296175	-1.2566371e-05	0	0	0.99977237	-0.017369576	0.004296175	2.7557487e-20	-1
0	0.99977237	-0.017369576	0.004296175	-2.5132742e-05	0	0	0.99977237	-0.017369576	0.004296175	2.7562505e-20	-1
0	0.9997699	-0.01750791	0.00429699	-6.283185e-05	0	0	0.9997699	-0.01750791	0.00429699	2.7577562e-20	-1
0	0.9997699	-0.01750791	0.00429699	-0.0001256637	0	0	0.9997699	-0.01750791	0.00429699	2.760265e-20	-1
0	0.9997699	-0.01750791	0.00429699	-0.0002513274	0	0	0.9997699	-0.01750791	0.00429699	2.7652822e-20	-1
0	0.9997653	-0.017767623	0.00429847	-0.0006283185	0	0	0.9997653	-0.017767623	0.00429847	2.7803337e-20	-1
0	0.9997623	-0.017933633	0.0042994544	-0.0010053096	0	0	0.9997623	-0.017933633	0.0042994544	2.7953858e-20	-1
0	0.9997623	-0.017933633	0.0042994544	-0.001256637	0	0	0.9997623	-0.017933633	0.0042994544	2.8054205e-20	-1
0	0.9997543	-0.018367229	0.0043017375	-0.0018849556	0	0	0.9997543	-0.018367229	0.0043017375	2.8305067e-20	-1
0	0.99974847	-0.018683355	0.004303365	-0.002513274	0	0	0.99974847	-0.018683355	0.004303365	2.855593e-20	-1
0	0.9997358	-0.01934395	0.004306606	-0.0037699111	0	0	0.9997358	-0.01934395	0.004306606	2.905765e-20	-1
0	0.9997058	-0.020827655	0.0043130247	-0.0062831854	0	0	0.9997058	-0.020827655	0.0043130247	3.0061078e-20	-1
0	0.999657	-0.02303908	0.004320859	-0.009424778	0	0	0.999657	-0.02303908	0.004320859	3.1315303e-20	-1
0	0.9995904	-0.025753954	0.004328375	-0.012566371	0	0	0.9995904	-0.025753954	0.004328375	3.2569458e-20	-1
0	0.9993516	-0.033753708	0.004341361	-0.018849555	0	0	0.9993516	-0.033753708	0.004341361	3.5077428e-20	-1
0	0.9987221	-0.04894284	0.0043459297	-0.025132742	0	0	0.9987221	-0.04894284	0.0043459297	3.7584405e-20	-1
0	-0.9998865	0.0088964645	-0.0041978164	-0.03769911	0	0	-0.9998865	0.0088964645	-0.0041978164	1.249926e-20	-1
0	-0.9998977	0.007643801	-0.004165466	-0.050265484	0	0	-0.9998977	0.007643801	-0.004165466	7.481292e-21	-1
0	-0.99990535	0.0067013516	-0.0041335737	-0.06283186	0	0	-0.99990535	0.0067013516	-0.0041335737	2.4632776e-21	-1
0	-0.99990535	0.0067012673	-0.0041335747	-0.06283186	0	0	-0.99990535	0.0067012673	-0.0041335747	2.4632782e-21	1
0	-0.9998977	0.0076423283	-0.004165462	-0.050265484	0	0	-0.9998977	0.0076423283	-0.004165462	7.481292e-21	1
0	-0.9998865	0.008891456	-0.0041978173	-0.03769911	0	0	-0.9998865	0.008891456	-0.0041978173	1.2499263e-20	1
0	-0.99986863	0.010631235	-0.0042306064	-0.025132742	0	0	-0.99986863	0.010631235	-0.0042306064	1.7517155e-20	1
0	-0.99985516	0.011787552	-0.0042471373	-0.018849555	0	0	-0.99985516	0.011787552	-0.0042471373	2.0026064e-20	1
0	-0.99983674	0.01322768	-0.004263727	-0.012566371	0	0	-0.99983674	0.01322768	-0.004263727	2.253493e-20	1
0	-0.99982476	0.01408343	-0.0042720307	-0.009424778	0	0	-0.99982476	0.01408343	-0.0042720307	2.3789348e-20	1
0	-0.99981034	0.015058646	-0.004280285	-0.0062831854	0	0	-0.99981034	0.015058646	-0.004280285	2.5043743e-20	1
0	-0.9997964	0.015943127	-0.0042869523	-0.0037699111	0	0	-0.9997964	0.015943127	-0.0042869523	2.6047245e-20	1
0	-0.9997885	0.01642752	-0.00429025	-0.002513274	0	0	-0.9997885	0.01642752	-0.00429025	2.6548995e-20	1
0	-0.99978435	0.016674783	-0.0042919004	-0.0018849556	0	0	-0.99978435	0.016674783	-0.0042919004	2.6799863e-20	1
0	-0.9997799	0.016938102	-0.004293544	-0.001256637	0	0	-0.9997799	0.016938102	-0.004293544	2.7050733e-20	1
0	-0.9997799	0.016938102	-0.004293544	-0.0010053096	0	0	-0.9997799	0.016938102	-0.004293544	2.7151082e-20	1
0	-0.9997754	0.017196063	-0.0042951917	-0.0006283185	0	0	-0.9997754	0.017196063	-0.0042951917	2.7301607e-20	1
0	-0.9997723	0.01737061	-0.004296174	-0.0002513274	0	0	-0.9997723	0.01737061	-0.004296174	2.7452124e-20	1
0	-0.9997723	0.01737061	-0.004296174	-0.0001256637	0	0	-0.9997723	0.01737061	-0.004296174	2.7502298e-20	1
0	-0.9997723	0.01737061	-0.004296174	-6.283185e-05	0	0	-0.9997723	0.01737061	-0.004296174	2.7527385e-20	1
0	-0.9997723	0.01737061	-0.004296174	-2.5132742e-05	0	0	-0.9997723	0.01737061	-0.004296174	2.7542436e-20	1
0	-0.9997723	0.01737061	-0.004296174	-1.2566371e-05	0	0	-0.9997723	0.01737061	-0.004296174	2.7547454e-20	1
0	-0.9997723	0.01737061	-0.004296174	-6.2831855e-06	0	0	-0.9997723	0.01737061	-0.004296174	2.754996e-20	1
0	-0.9997723	0.01737061	-0.004296174	-2.513274e-06	0	0	-0.9997723	0.01737061	-0.004296174	2.7551467e-20	1
0	-0.9997723	0.01737061	-0.004296174	-1.256637e-06	0	0	-0.9997723	0.01737061	-0.004296174	2.7551968e-20	1
0	-0.9997723	0.01737061	-0.004296174	-6.283185e-07	0	0	-0.9997723	0.01737061	-0.004296174	2.755222e-20	1
0	-0.9997723	0.01737061	-0.004296174	-2.513274e-07	0	0	-0.9997723	0.01737061	-0.004296174	2.755237e-20	1
0	-0.9997723	0.01737061	-0.004296174	-1.256637e-07	0	0	-0.9997723	0.01737061	-0.004296174	2.755242e-20	1
0	-0.9997723	0.01737061	-0.004296174	0	0	0	-0.9997723	0.01737061	-0.004296174	2.7552472e-20	1
0	-0.9997723	0.01737061	-0.004296174	1.256637e-07	0	0	-0.9997723	0.01737061	-0.004296174	2.755252e-20	1
0	-0.9997723	0.01737061	-0.004296174	2.513274e-07	0	0	-0.9997723	0.01737061	-0.004296174	2.7552572e-20	1
0	-0.9997723	0.01737061	-0.004296174	6.283185e-07	0	0	-0.9997723	0.01737061	-0.004296174	2.755272e-20	1
0	-0.9997723	0.01737061	-0.004296174	1.256637e-06	0	0	-0.9997723	0.01737061	-0.004296174	2.7552973e-20	1
0	-0.9997723	0.01737061	-0.004296174	2.513274e-06	0	0	-0.9997723	0.01737061	-0.004296174	2.7553473e-20	1
0	-0.9997723	0.01737061	-0.004296174	6.2831855e-06	0	0	-0.9997723	0.01737061	-0.004296174	2.755498e-20	1
0	-0.9997723	0.01737061	-0.004296174	1.2566371e-05	0	0	-0.9997723	0.01737061	-0.004296174	2.7557487e-20	1
0	-0.9997723	0.01737061	-0.004296174	2.5132742e-05	0	0	-0.9997723	0.01737061	-0.004296174	2.7562505e-20	1
0	-0.9997699	0.01750981	-0.0042969952	6.283185e-05	0	0	-0.9997699	0.01750981	-0.0042969952	2.757756e-20	1
0	-0.9997699	0.01750981	-0.0042969952	0.0001256637	0	0	-0.9997699	0.01750981	-0.0042969952	2.7602645e-20	1
0	-0.9997699	0.01750981	-0.0042969952	0.0002513274	0	0	-0.9997699	0.01750981	-0.0042969952	2.765282e-20	1
0	-0.9997654	0.017764628	-0.004298475	0.0006283185	0	0	-0.9997654	0.017764628	-0.004298475	2.780334e-20	1
0	-0.99976224	0.017938187	-0.0042994507	0.0010053096	0	0	-0.99976224	0.017938187	-0.0042994507	2.795386e-20	1
0	-0.99976224	0.017938187	-0.0042994507	0.001256637	0	0	-0.99976224	0.017938187	-0.0042994507	2.8054205e-20	1
0	-0.99975455	0.018354673	-0.004301741	0.0018849556	0	0	-0.99975455	0.018354673	-0.004301741	2.830507e-20	1
0	-0.9997486	0.018679384	-0.0043033664	0.002513274	0	0	-0.9997486	0.018679384	-0.0043033664	2.8555932e-20	1
0	-0.9997357	0.019346673	-0.0043066097	0.0037699111	0	0	-0.9997357	0.019346673	-0.0043066097	2.9057653e-20	1
0	-0.9997058	0.020829266	-0.0043130247	0.0062831854	0	0	-0.9997058	0.020829266	-0.0043130247	3.0061075e-20	1
0	-0.9996571	0.023035243	-0.0043208627	0.009424778	0	0	-0.9996571	0.023035243	-0.0043208627	3.1315303e-20	1
0	-0.9995899	0.0257712	-0.0043283673	0.012566371	0	0	-0.9995899	0.0257712	-0.0043283673	3.256946e-20	1
0	-0.99935114	0.03376764	-0.004341319	0.018849555	0	0	-0.99935114	0.03376764	-0.004341319	3.5077424e-20	1
0	-0.99871814	0.04902246	-0.0043458464	0.025132742	0	0	-0.99871814	0.04902246	-0.0043458464	3.7584405e-20	1
0	0.9998865	-0.008893848	0.0041978173	0.03769911	0	0	0.9998865	-0.008893848	0.0041978173	1.24992605e-20	1
0	0.9998977	-0.007643335	0.0041654613	0.050265484	0	0	0.9998977	-0.007643335	0.0041654613	7.481294e-21	1
0	0.99990535	-0.006699936	0.0041335747	0.06283186	0	0	0.99990535	-0.006699936	0.0041335747	2.4632798e-21	1
