# t (s)	mx ()	my ()	mz ()	B_extx (T)	B_exty (T)	B_extz (T)	mx ()	my ()	mz ()	E_total (J)	branch ()
0	-0.039430317	0.999154	0.0023872347	0	0.06283186	0	-0.039430317	0.999154	0.0023872347	4.548519e-21	-1
0	-0.046691958	0.99883986	0.0024219626	0	0.050265484	0	-0.046691958	0.99883986	0.0024219626	9.562057e-21	-1
0	-0.057149358	0.99829495	0.0024635044	0	0.03769911	0	-0.057149358	0.99829495	0.0024635044	1.457351e-20	-1
0	-0.07341702	0.9972288	0.0025164604	0	0.025132742	0	-0.07341702	0.9972288	0.0025164604	1.958111e-20	-1
0	-0.08542548	0.9962708	0.0025499058	0	0.018849555	0	-0.08542548	0.9962708	0.0025499058	2.2082297e-20	-1
0	-0.10190195	0.9947189	0.0025905734	0	0.012566371	0	-0.10190195	0.9947189	0.0025905734	2.458041e-20	-1
0	-0.112629145	0.9935604	0.002614501	0	0.009424778	0	-0.112629145	0.9935604	0.002614501	2.582772e-20	-1
0	-0.12576449	0.99198186	0.0026414925	0	0.0062831854	0	-0.12576449	0.99198186	0.0026414925	2.707333e-20	-1
0	-0.1385846	0.9902706	0.0026656487	0	0.0037699111	0	-0.1385846	0.9902706	0.0026656487	2.806816e-20	-1
0	-0.14598224	0.9892063	0.0026786677	0	0.002513274	0	-0.14598224	0.9892063	0.0026786677	2.8564873e-20	-1
0	-0.15000215	0.9886042	0.0026854675	0	0.0018849556	0	-0.15000215	0.9886042	0.0026854675	2.881301e-20	-1
0	-0.15422669	0.9879534	0.002692419	0	0.001256637	0	-0.15422669	0.9879534	0.002692419	2.9061e-20	-1
0	-0.15422669	0.9879534	0.002692419	0	0.0010053096	0	-0.15422669	0.9879534	0.002692419	2.916016e-20	-1
0	-0.15868765	0.98724616	0.0026995216	0	0.0006283185	0	-0.15868765	0.98724616	0.0026995216	2.9308812e-20	-1
0	-0.15868765	0.98724616	0.0026995216	0	0.0002513274	0	-0.15868765	0.98724616	0.0026995216	2.9457446e-20	-1
0	-0.1624611	0.98663163	0.0027053575	0	0.0001256637	0	-0.1624611	0.98663163	0.0027053575	2.9506928e-20	-1
0	-0.1624611	0.98663163	0.0027053575	0	6.283185e-05	0	-0.1624611	0.98663163	0.0027053575	2.9531682e-20	-1
0	-0.1624611	0.98663163	0.0027053575	0	2.5132742e-05	0	-0.1624611	0.98663163	0.0027053575	2.954654e-20	-1
0	-0.1624611	0.98663163	0.0027053575	0	1.2566371e-05	0	-0.1624611	0.98663163	0.0027053575	2.955149e-20	-1
0	-0.1624611	0.98663163	0.0027053575	0	6.2831855e-06	0	-0.1624611	0.98663163	0.0027053575	2.9553965e-20	-1
0	-0.1624611	0.98663163	0.0027053575	0	2.513274e-06	0	-0.1624611	0.98663163	0.0027053575	2.955545e-20	-1
0	-0.1624611	0.98663163	0.0027053575	0	1.256637e-06	0	-0.1624611	0.98663163	0.0027053575	2.9555945e-20	-1
0	-0.1624611	0.98663163	0.0027053575	0	6.283185e-07	0	-0.1624611	0.98663163	0.0027053575	2.9556194e-20	-1
0	-0.1624611	0.98663163	0.0027053575	0	2.513274e-07	0	-0.1624611	0.98663163	0.0027053575	2.9556343e-20	-1
0	-0.1624611	0.98663163	0.0027053575	0	1.256637e-07	0	-0.1624611	0.98663163	0.0027053575	2.955639e-20	-1
0	-0.1624611	0.98663163	0.0027053575	0	0	0	-0.1624611	0.98663163	0.0027053575	2.955644e-20	-1
0	-0.1624611	0.98663163	0.0027053575	0	-1.256637e-07	0	-0.1624611	0.98663163	0.0027053575	2.955649e-20	-1
0	-0.1624611	0.98663163	0.0027053575	0	-2.513274e-07	0	-0.1624611	0.98663163	0.0027053575	2.955654e-20	-1
0	-0.1624611	0.98663163	0.0027053575	0	-6.283185e-07	0	-0.1624611	0.98663163	0.0027053575	2.955669e-20	-1
0	-0.1624611	0.98663163	0.0027053575	0	-1.256637e-06	0	-0.1624611	0.98663163	0.0027053575	2.9556937e-20	-1
0	-0.1624611	0.98663163	0.0027053575	0	-2.513274e-06	0	-0.1624611	0.98663163	0.0027053575	2.955743e-20	-1
0	-0.1624611	0.98663163	0.0027053575	0	-6.2831855e-06	0	-0.1624611	0.98663163	0.0027053575	2.9558918e-20	-1
0	-0.1624611	0.98663163	0.0027053575	0	-1.2566371e-05	0	-0.1624611	0.98663163	0.0027053575	2.9561393e-20	-1
0	-0.1624611	0.98663163	0.0027053575	0	-2.5132742e-05	0	-0.1624611	0.98663163	0.0027053575	2.9566343e-20	-1
0	-0.1624611	0.98663163	0.0027053575	0	-6.283185e-05	0	-0.1624611	0.98663163	0.0027053575	2.9581197e-20	-1
0	-0.1624611	0.98663163	0.0027053575	0	-0.0001256637	0	-0.1624611	0.98663163	0.0027053575	2.9605954e-20	-1
0	-0.1624611	0.98663163	0.0027053575	0	-0.0002513274	0	-0.1624611	0.98663163	0.0027053575	2.965547e-20	-1
0	-0.16848354	0.98562026	0.0027143373	0	-0.0006283185	0	-0.16848354	0.98562026	0.0027143373	2.9803864e-20	-1
0	-0.16848354	0.98562026	0.0027143373	0	-0.0010053096	0	-0.16848354	0.98562026	0.0027143373	2.9952252e-20	-1
0	-0.17379701	0.9846965	0.002721936	0	-0.001256637	0	-0.17379701	0.9846965	0.002721936	3.0051068e-20	-1
0	-0.17952788	0.983667	0.0027297642	0	-0.0018849556	0	-0.17952788	0.983667	0.0027297642	3.0298023e-20	-1
0	-0.18558502	0.9825413	0.0027376644	0	-0.002513274	0	-0.18558502	0.9825413	0.0027376644	3.054471e-20	-1
0	-0.19931197	0.97984695	0.002754046	0	-0.0037699111	0	-0.19931197	0.97984695	0.002754046	3.1037145e-20	-1
0	-0.23506819	0.97188306	0.0027870154	0	-0.0062831854	0	-0.23506819	0.97188306	0.0027870154	3.2016995e-20	-1
0	-0.3268327	0.9449655	0.002805152	0	-0.009424778	0	-0.3268327	0.9449655	0.002805152	3.322382e-20	-1
0	0.9492943	-0.31405693	0.00025417085	0	-0.012566371	0	0.9492943	-0.31405693	0.00025417085	2.7224214e-20	-1
0	0.08543363	-0.99627006	-0.0025499288	0	-0.018849555	0	0.08543363	-0.99627006	-0.0025499288	2.2082297e-20	-1
0	0.07342602	-0.99722815	-0.0025164783	0	-0.025132742	0	0.07342602	-0.99722815	-0.0025164783	1.958111e-20	-1
0	0.057156086	-0.99829453	-0.002463519	0	-0.03769911	0	0.057156086	-0.99829453	-0.002463519	1.4573515e-20	-1
0	0.046699353	-0.99883956	-0.0024219877	0	-0.050265484	0	0.046699353	-0.99883956	-0.0024219877	9.562057e-21	-1
0	0.039433073	-0.99915385	-0.0023872415	0	-0.06283186	0	0.039433073	-0.99915385	-0.0023872415	4.548519e-21	-1
0	0.039433073	-0.99915385	-0.0023872415	0	-0.06283186	0	0.039433073	-0.99915385	-0.0023872415	4.548519e-21	1
0	0.046692148	-0.99883986	-0.0024219723	0	-0.050265484	0	0.046692148	-0.99883986	-0.0024219723	9.562057e-21	1
0	0.05715269	-0.9982947	-0.0024635114	0	-0.03769911	0	0.05715269	-0.9982947	-0.0024635114	1.4573509e-20	1
0	0.073421314	-0.9972285	-0.00251647	0	-0.025132742	0	0.073421314	-0.9972285	-0.00251647	1.9581112e-20	1
0	0.08543128	-0.9962703	-0.0025499216	0	-0.018849555	0	0.08543128	-0.9962703	-0.0025499216	2.2082297e-20	1
0	0.10190031	-0.99471915	-0.0025905701	0	-0.012566371	0	0.10190031	-0.99471915	-0.0025905701	2.4580412e-20	1
0	0.1126284	-0.99356043	-0.002614503	0	-0.009424778	0	0.1126284	-0.99356043	-0.002614503	2.582772e-20	1
0	0.12575644	-0.9919828	-0.0026414837	0	-0.0062831854	0	0.12575644	-0.9919828	-0.0026414837	2.7073329e-20	1
0	0.13858625	-0.99027044	-0.0026656487	0	-0.0037699111	0	0.13858625	-0.99027044	-0.0026656487	2.8068164e-20	1
0	0.1459923	-0.98920476	-0.0026786826	0	-0.002513274	0	0.1459923	-0.98920476	-0.0026786826	2.856487e-20	1
0	0.150023	-0.98860097	-0.002685478	0	-0.0018849556	0	0.150023	-0.98860097	-0.002685478	2.881301e-20	1
0	0.15422635	-0.9879534	-0.0026924089	0	-0.001256637	0	0.15422635	-0.9879534	-0.0026924089	2.9060997e-20	1
0	0.15422635	-0.9879534	-0.0026924089	0	-0.0010053096	0	0.15422635	-0.9879534	-0.0026924089	2.916016e-20	1
0	0.15869679	-0.9872447	-0.0026995346	0	-0.0006283185	0	0.15869679	-0.9872447	-0.0026995346	2.9308812e-20	1
0	0.15869679	-0.9872447	-0.0026995346	0	-0.0002513274	0	0.15869679	-0.9872447	-0.0026995346	2.9457446e-20	1
0	0.16245537	-0.98663265	-0.0027053494	0	-0.0001256637	0	0.16245537	-0.98663265	-0.0027053494	2.9506928e-20	1
0	0.16245537	-0.98663265	-0.0027053494	0	-6.283185e-05	0	0.16245537	-0.98663265	-0.0027053494	2.9531686e-20	1
0	0.16245537	-0.98663265	-0.0027053494	0	-2.5132742e-05	0	0.16245537	-0.98663265	-0.0027053494	2.954654e-20	1
0	0.16245537	-0.98663265	-0.0027053494	0	-1.2566371e-05	0	0.16245537	-0.98663265	-0.0027053494	2.9551493e-20	1
0	0.16245537	-0.98663265	-0.0027053494	0	-6.2831855e-06	0	0.16245537	-0.98663265	-0.0027053494	2.9553968e-20	1
0	0.16245537	-0.98663265	-0.0027053494	0	-2.513274e-06	0	0.16245537	-0.98663265	-0.0027053494	2.9555454e-20	1
0	0.16245537	-0.98663265	-0.0027053494	0	-1.256637e-06	0	0.16245537	-0.98663265	-0.0027053494	2.955595e-20	1
0	0.16245537	-0.98663265	-0.0027053494	0	-6.283185e-07	0	0.16245537	-0.98663265	-0.0027053494	2.9556194e-20	1
0	0.16245537	-0.98663265	-0.0027053494	0	-2.513274e-07	0	0.16245537	-0.98663265	-0.0027053494	2.9556343e-20	1
0	0.16245537	-0.98663265	-0.0027053494	0	-1.256637e-07	0	0.16245537	-0.98663265	-0.0027053494	2.9556394e-20	1
0	0.16245537	-0.98663265	-0.0027053494	0	0	0	0.16245537	-0.98663265	-0.0027053494	2.9556443e-20	1
0	0.16245537	-0.98663265	-0.0027053494	0	1.256637e-07	0	0.16245537	-0.98663265	-0.0027053494	2.955649e-20	1
0	0.16245537	-0.98663265	-0.0027053494	0	2.513274e-07	0	0.16245537	-0.98663265	-0.0027053494	2.9556543e-20	1
0	0.16245537	-0.98663265	-0.0027053494	0	6.283185e-07	0	0.16245537	-0.98663265	-0.0027053494	2.9556692e-20	1
0	0.16245537	-0.98663265	-0.0027053494	0	1.256637e-06	0	0.16245537	-0.98663265	-0.0027053494	2.9556937e-20	1
0	0.16245537	-0.98663265	-0.0027053494	0	2.513274e-06	0	0.16245537	-0.98663265	-0.0027053494	2.955743e-20	1
0	0.16245537	-0.98663265	-0.0027053494	0	6.2831855e-06	0	0.16245537	-0.98663265	-0.0027053494	2.9558918e-20	1
0	0.16245537	-0.98663265	-0.0027053494	0	1.2566371e-05	0	0.16245537	-0.98663265	-0.0027053494	2.9561393e-20	1
0	0.16245537	-0.98663265	-0.0027053494	0	2.5132742e-05	0	0.16245537	-0.98663265	-0.0027053494	2.9566346e-20	1
0	0.16245537	-0.98663265	-0.0027053494	0	6.283185e-05	0	0.16245537	-0.98663265	-0.0027053494	2.95812e-20	1
0	0.16245537	-0.98663265	-0.0027053494	0	0.0001256637	0	0.16245537	-0.98663265	-0.0027053494	2.9605957e-20	1
0	0.16245537	-0.98663265	-0.0027053494	0	0.0002513274	0	0.16245537	-0.98663265	-0.0027053494	2.9655472e-20	1
0	0.16845441	-0.98562527	-0.0027143005	0	0.0006283185	0	0.16845441	-0.98562527	-0.0027143005	2.980387e-20	1
0	0.16845441	-0.98562527	-0.0027143005	0	0.0010053096	0	0.16845441	-0.98562527	-0.0027143005	2.995226e-20	1
0	0.17380515	-0.9846951	-0.0027219472	0	0.001256637	0	0.17380515	-0.9846951	-0.0027219472	3.005107e-20	1
0	0.17951211	-0.9836699	-0.0027297512	0	0.0018849556	0	0.17951211	-0.9836699	-0.0027297512	3.0298026e-20	1
0	0.18564624	-0.98252976	-0.0027377359	0	0.002513274	0	0.18564624	-0.98252976	-0.0027377359	3.054471e-20	1
0	0.19934684	-0.9798398	-0.002754081	0	0.0037699111	0	0.19934684	-0.9798398	-0.002754081	3.1037148e-20	1
0	0.23505354	-0.97188663	-0.002787006	0	0.0062831854	0	0.23505354	-0.97188663	-0.002787006	3.2016995e-20	1
0	0.32689023	-0.9449456	-0.00280513	0	0.009424778	0	0.32689023	-0.9449456	-0.00280513	3.3223816e-20	1
0	0.88983774	0.455989	0.0007697384	0	0.012566371	0	0.88983774	0.455989	0.0007697384	2.5875248e-20	1
0	-0.08543524	0.99626994	0.0025499295	0	0.018849555	0	-0.08543524	0.99626994	0.0025499295	2.2082296e-20	1
0	-0.07342647	0.99722815	0.0025164792	0	0.025132742	0	-0.07342647	0.99722815	0.0025164792	1.958111e-20	1
0	-0.057149492	0.99829495	0.0024635084	0	0.03769911	0	-0.057149492	0.99829495	0.0024635084	1.4573514e-20	1
0	-0.046703562	0.9988394	0.002421997	0	0.050265484	0	-0.046703562	0.9988394	0.002421997	9.562062e-21	1
0	-0.03943281	0.99915385	0.0023872415	0	0.06283186	0	-0.03943281	0.99915385	0.0023872415	4.5485196e-21	1
