# t (s)	mx ()	my ()	mz ()	B_extx (T)	B_exty (T)	B_extz (T)	mx ()	my ()	mz ()	E_total (J)	branch ()
0	-0.042989567	0.99900234	-0.0033727763	0	0.06283186	0	-0.042989567	0.99900234	-0.0033727763	4.9457916e-21	-1
0	-0.05716553	0.9982906	-0.0032473383	0	0.050265484	0	-0.05716553	0.9982906	-0.0032473383	9.9577545e-21	-1
0	-0.084391244	0.99635714	-0.0029518558	0	0.03769911	0	-0.084391244	0.99635714	-0.0029518558	1.4963728e-20	-1
0	-0.15054831	0.9885223	-0.0020528287	0	0.025132742	0	-0.15054831	0.9885223	-0.0020528287	1.9949364e-20	-1
0	-0.22105387	0.97517216	-0.0008921977	0	0.018849555	0	-0.22105387	0.97517216	-0.0008921977	2.2415598e-20	-1
0	-0.3308689	0.9435632	0.0011966777	0	0.012566371	0	-0.3308689	0.9435632	0.0011966777	2.4828086e-20	-1
0	-0.3992762	0.91669595	0.0025866758	0	0.009424778	0	-0.3992762	0.91669595	0.0025866758	2.599597e-20	-1
0	-0.475371	0.8796217	0.00412177	0	0.0062831854	0	-0.475371	0.8796217	0.00412177	2.7124047e-20	-1
0	-0.54232144	0.83997786	0.0053830273	0	0.0037699111	0	-0.54232144	0.83997786	0.0053830273	2.798794e-20	-1
0	-0.5785889	0.81540906	0.0060002734	0	0.002513274	0	-0.5785889	0.81540906	0.0060002734	2.8403473e-20	-1
0	-0.5977143	0.8014897	0.0063001774	0	0.0018849556	0	-0.5977143	0.8014897	0.0063001774	2.8606345e-20	-1
0	-0.61762464	0.7862439	0.0065901047	0	0.001256637	0	-0.61762464	0.7862439	0.0065901047	2.880557e-20	-1
0	-0.61762464	0.7862439	0.0065901047	0	0.0010053096	0	-0.61762464	0.7862439	0.0065901047	2.8884485e-20	-1
0	-0.63855517	0.7693366	0.006867039	0	0.0006283185	0	-0.63855517	0.7693366	0.006867039	2.9000768e-20	-1
0	-0.63855517	0.7693366	0.006867039	0	0.0002513274	0	-0.63855517	0.7693366	0.006867039	2.9116596e-20	-1
0	-0.6562184	0.7543231	0.007075732	0	0.0001256637	0	-0.6562184	0.7543231	0.007075732	2.9153722e-20	-1
0	-0.6562184	0.7543231	0.007075732	0	6.283185e-05	0	-0.6562184	0.7543231	0.007075732	2.917265e-20	-1
0	-0.6562184	0.7543231	0.007075732	0	2.5132742e-05	0	-0.6562184	0.7543231	0.007075732	2.9184008e-20	-1
0	-0.6562184	0.7543231	0.007075732	0	1.2566371e-05	0	-0.6562184	0.7543231	0.007075732	2.9187792e-20	-1
0	-0.6562184	0.7543231	0.007075732	0	6.2831855e-06	0	-0.6562184	0.7543231	0.007075732	2.9189685e-20	-1
0	-0.6562184	0.7543231	0.007075732	0	2.513274e-06	0	-0.6562184	0.7543231	0.007075732	2.9190823e-20	-1
0	-0.6562184	0.7543231	0.007075732	0	1.256637e-06	0	-0.6562184	0.7543231	0.007075732	2.91912e-20	-1
0	-0.6562184	0.7543231	0.007075732	0	6.283185e-07	0	-0.6562184	0.7543231	0.007075732	2.9191388e-20	-1
0	-0.6562184	0.7543231	0.007075732	0	2.513274e-07	0	-0.6562184	0.7543231	0.007075732	2.9191504e-20	-1
0	-0.6562184	0.7543231	0.007075732	0	1.256637e-07	0	-0.6562184	0.7543231	0.007075732	2.919154e-20	-1
0	-0.6562184	0.7543231	0.007075732	0	0	0	-0.6562184	0.7543231	0.007075732	2.919158e-20	-1
0	-0.6562184	0.7543231	0.007075732	0	-1.256637e-07	0	-0.6562184	0.7543231	0.007075732	2.9191617e-20	-1
0	-0.6562184	0.7543231	0.007075732	0	-2.513274e-07	0	-0.6562184	0.7543231	0.007075732	2.9191653e-20	-1
0	-0.6562184	0.7543231	0.007075732	0	-6.283185e-07	0	-0.6562184	0.7543231	0.007075732	2.919177e-20	-1
0	-0.6562184	0.7543231	0.007075732	0	-1.256637e-06	0	-0.6562184	0.7543231	0.007075732	2.9191957e-20	-1
0	-0.6562184	0.7543231	0.007075732	0	-2.513274e-06	0	-0.6562184	0.7543231	0.007075732	2.9192335e-20	-1
0	-0.6562184	0.7543231	0.007075732	0	-6.2831855e-06	0	-0.6562184	0.7543231	0.007075732	2.9193472e-20	-1
0	-0.6562184	0.7543231	0.007075732	0	-1.2566371e-05	0	-0.6562184	0.7543231	0.007075732	2.9195366e-20	-1
0	-0.6562184	0.7543231	0.007075732	0	-2.5132742e-05	0	-0.6562184	0.7543231	0.007075732	2.919915e-20	-1
0	-0.6562184	0.7543231	0.007075732	0	-6.283185e-05	0	-0.6562184	0.7543231	0.007075732	2.9210507e-20	-1
0	-0.6562184	0.7543231	0.007075732	0	-0.0001256637	0	-0.6562184	0.7543231	0.007075732	2.9229435e-20	-1
0	-0.6562184	0.7543231	0.007075732	0	-0.0002513274	0	-0.6562184	0.7543231	0.007075732	2.926729e-20	-1
0	-0.68467283	0.72858894	0.0073570255	0	-0.0006283185	0	-0.68467283	0.72858894	0.0073570255	2.937709e-20	-1
0	-0.68467283	0.72858894	0.0073570255	0	-0.0010053096	0	-0.68467283	0.72858894	0.0073570255	2.9486785e-20	-1
0	-0.7110516	0.70286596	0.007548334	0	-0.001256637	0	-0.7110516	0.70286596	0.007548334	2.9556772e-20	-1
0	-0.74158764	0.6705687	0.007671917	0	-0.0018849556	0	-0.74158764	0.6705687	0.007671917	2.9729265e-20	-1
0	-0.78034174	0.6250506	0.0076477537	0	-0.002513274	0	-0.78034174	0.6250506	0.0076477537	2.9892246e-20	-1
0	0.5423744	-0.83994365	-0.0053839767	0	-0.0037699111	0	0.5423744	-0.83994365	-0.0053839767	2.798794e-20	-1
0	0.47529924	-0.8796605	-0.0041203517	0	-0.0062831854	0	0.47529924	-0.8796605	-0.0041203517	2.7124054e-20	-1
0	0.39926928	-0.91669893	-0.0025865338	0	-0.009424778	0	0.39926928	-0.91669893	-0.0025865338	2.5995967e-20	-1
0	0.33096486	-0.9435296	-0.0011986176	0	-0.012566371	0	0.33096486	-0.9435296	-0.0011986176	2.4828085e-20	-1
0	0.22106546	-0.97516954	0.0008919903	0	-0.018849555	0	0.22106546	-0.97516954	0.0008919903	2.2415601e-20	-1
0	0.1505863	-0.98851645	0.0020522412	0	-0.025132742	0	0.1505863	-0.98851645	0.0020522412	1.9949362e-20	-1
0	0.08440195	-0.99635625	0.0029517408	0	-0.03769911	0	0.08440195	-0.99635625	0.0029517408	1.4963731e-20	-1
0	0.057177484	-0.99828994	0.0032472014	0	-0.050265484	0	0.057177484	-0.99828994	0.0032472014	9.957751e-21	-1
0	0.04299657	-0.9990021	0.003372701	0	-0.06283186	0	0.04299657	-0.9990021	0.003372701	4.9457912e-21	-1
0	0.04299657	-0.9990021	0.003372701	0	-0.06283186	0	0.04299657	-0.9990021	0.003372701	4.9457912e-21	1
0	0.057173193	-0.9982902	0.0032472503	0	-0.050265484	0	0.057173193	-0.9982902	0.0032472503	9.957749e-21	1
0	0.08438392	-0.99635774	0.0029519442	0	-0.03769911	0	0.08438392	-0.99635774	0.0029519442	1.4963731e-20	1
0	0.15058918	-0.98851603	0.002052195	0	-0.025132742	0	0.15058918	-0.98851603	0.002052195	1.9949364e-20	1
0	0.22100444	-0.9751833	0.00089308165	0	-0.018849555	0	0.22100444	-0.9751833	0.00089308165	2.24156e-20	1
0	0.3308419	-0.94357276	-0.0011961323	0	-0.012566371	0	0.3308419	-0.94357276	-0.0011961323	2.4828086e-20	1
0	-0.4951716	-0.86863315	0.0009206898	0	-0.009424778	0	-0.4951716	-0.86863315	0.0009206898	2.6425088e-20	1
0	-0.662889	-0.7484946	-0.0029905362	0	-0.0062831854	0	-0.662889	-0.7484946	-0.0029905362	2.7434356e-20	1
0	-0.74858457	-0.66277444	-0.0051717125	0	-0.0037699111	0	-0.74858457	-0.66277444	-0.0051717125	2.8142885e-20	1
0	-0.78651464	-0.61728525	-0.006087674	0	-0.002513274	0	-0.78651464	-0.61728525	-0.006087674	2.8464206e-20	1
0	-0.8048545	-0.5931745	-0.006503597	0	-0.0018849556	0	-0.8048545	-0.5931745	-0.006503597	2.861609e-20	1
0	-0.82293403	-0.5678277	-0.00688883	0	-0.001256637	0	-0.82293403	-0.5678277	-0.00688883	2.8761774e-20	1
0	-0.82293403	-0.5678277	-0.00688883	0	-0.0010053096	0	-0.82293403	-0.5678277	-0.00688883	2.8818766e-20	1
0	-0.84085834	-0.54093397	-0.007239557	0	-0.0006283185	0	-0.84085834	-0.54093397	-0.007239557	2.8900912e-20	1
0	-0.84085834	-0.54093397	-0.007239557	0	-0.0002513274	0	-0.84085834	-0.54093397	-0.007239557	2.8982354e-20	1
0	-0.8552067	-0.51795566	-0.0074923	0	-0.0001256637	0	-0.8552067	-0.51795566	-0.0074923	2.9007208e-20	1
0	-0.8552067	-0.51795566	-0.0074923	0	-6.283185e-05	0	-0.8552067	-0.51795566	-0.0074923	2.9020204e-20	1
0	-0.8552067	-0.51795566	-0.0074923	0	-2.5132742e-05	0	-0.8552067	-0.51795566	-0.0074923	2.9028e-20	1
0	-0.8552067	-0.51795566	-0.0074923	0	-1.2566371e-05	0	-0.8552067	-0.51795566	-0.0074923	2.90306e-20	1
0	-0.8552067	-0.51795566	-0.0074923	0	-6.2831855e-06	0	-0.8552067	-0.51795566	-0.0074923	2.90319e-20	1
0	-0.8552067	-0.51795566	-0.0074923	0	-2.513274e-06	0	-0.8552067	-0.51795566	-0.0074923	2.903268e-20	1
0	-0.8552067	-0.51795566	-0.0074923	0	-1.256637e-06	0	-0.8552067	-0.51795566	-0.0074923	2.903294e-20	1
0	-0.8552067	-0.51795566	-0.0074923	0	-6.283185e-07	0	-0.8552067	-0.51795566	-0.0074923	2.903307e-20	1
0	-0.8552067	-0.51795566	-0.0074923	0	-2.513274e-07	0	-0.8552067	-0.51795566	-0.0074923	2.9033148e-20	1
0	-0.8552067	-0.51795566	-0.0074923	0	-1.256637e-07	0	-0.8552067	-0.51795566	-0.0074923	2.9033174e-20	1
0	-0.8552067	-0.51795566	-0.0074923	0	0	0	-0.8552067	-0.51795566	-0.0074923	2.90332e-20	1
0	-0.8552067	-0.51795566	-0.0074923	0	1.256637e-07	0	-0.8552067	-0.51795566	-0.0074923	2.9033225e-20	1
0	-0.8552067	-0.51795566	-0.0074923	0	2.513274e-07	0	-0.8552067	-0.51795566	-0.0074923	2.903325e-20	1
0	-0.8552067	-0.51795566	-0.0074923	0	6.283185e-07	0	-0.8552067	-0.51795566	-0.0074923	2.9033332e-20	1
0	-0.8552067	-0.51795566	-0.0074923	0	1.256637e-06	0	-0.8552067	-0.51795566	-0.0074923	2.903346e-20	1
0	-0.8552067	-0.51795566	-0.0074923	0	2.513274e-06	0	-0.8552067	-0.51795566	-0.0074923	2.903372e-20	1
0	-0.8552067	-0.51795566	-0.0074923	0	6.2831855e-06	0	-0.8552067	-0.51795566	-0.0074923	2.90345e-20	1
0	-0.8552067	-0.51795566	-0.0074923	0	1.2566371e-05	0	-0.8552067	-0.51795566	-0.0074923	2.90358e-20	1
0	-0.8552067	-0.51795566	-0.0074923	0	2.5132742e-05	0	-0.8552067	-0.51795566	-0.0074923	2.9038398e-20	1
0	-0.8552067	-0.51795566	-0.0074923	0	6.283185e-05	0	-0.8552067	-0.51795566	-0.0074923	2.90462e-20	1
0	-0.8624108	-0.50587225	-0.0076080235	0	0.0001256637	0	-0.8624108	-0.50587225	-0.0076080235	2.9058587e-20	1
0	-0.8624108	-0.50587225	-0.0076080235	0	0.0002513274	0	-0.8624108	-0.50587225	-0.0076080235	2.9083974e-20	1
0	-0.8769374	-0.48025656	-0.007814618	0	0.0006283185	0	-0.8769374	-0.48025656	-0.007814618	2.915759e-20	1
0	-0.88802695	-0.4594341	-0.007944277	0	0.0010053096	0	-0.88802695	-0.4594341	-0.007944277	2.9228346e-20	1
0	-0.89553833	-0.4446205	-0.008015929	0	0.001256637	0	-0.89553833	-0.4446205	-0.008015929	2.9273718e-20	1
0	-0.9150839	-0.40288067	-0.008127786	0	0.0018849556	0	-0.9150839	-0.40288067	-0.008127786	2.9380205e-20	1
0	-0.93666625	-0.34981376	-0.008084914	0	0.002513274	0	-0.93666625	-0.34981376	-0.008084914	2.9474966e-20	1
0	-0.5423667	0.83994865	0.005383839	0	0.0037699111	0	-0.5423667	0.83994865	0.005383839	2.798794e-20	1
0	-0.47536382	0.87962556	0.0041216286	0	0.0062831854	0	-0.47536382	0.87962556	0.0041216286	2.712405e-20	1
0	-0.3993507	0.91666347	0.0025882104	0	0.009424778	0	-0.3993507	0.91666347	0.0025882104	2.5995968e-20	1
0	-0.33092985	0.9435419	0.0011979104	0	0.012566371	0	-0.33092985	0.9435419	0.0011979104	2.4828086e-20	1
0	-0.22104776	0.9751735	-0.0008923072	0	0.018849555	0	-0.22104776	0.9751735	-0.0008923072	2.2415601e-20	1
0	-0.15059054	0.98851585	-0.0020521758	0	0.025132742	0	-0.15059054	0.98851585	-0.0020521758	1.994936e-20	1
0	-0.08441289	0.9963553	-0.0029515787	0	0.03769911	0	-0.08441289	0.9963553	-0.0029515787	1.4963731e-20	1
0	-0.057177767	0.99828994	-0.0032472014	0	0.050265484	0	-0.057177767	0.99828994	-0.0032472014	9.957751e-21	1
0	-0.042997908	0.999002	-0.0033726864	0	0.06283186	0	-0.042997908	0.999002	-0.0033726864	4.9457916e-21	1
