# t (s)	mx ()	my ()	mz ()	B_extx (T)	B_exty (T)	B_extz (T)	mx ()	my ()	mz ()	E_total (J)	branch ()
0	-0.023687562	0.9996536	-0.001227668	0	0.06283186	0	-0.023687562	0.9996536	-0.001227668	4.5368542e-21	-1
0	-0.028011981	0.9995409	-0.0012383674	0	0.050265484	0	-0.028011981	0.9995409	-0.0012383674	9.553361e-21	-1
0	-0.034246005	0.9993459	-0.0012494365	0	0.03769911	0	-0.034246005	0.9993459	-0.0012494365	1.4569127e-20	-1
0	-0.0440009	0.9989629	-0.0012609039	0	0.025132742	0	-0.0440009	0.9989629	-0.0012609039	1.9583498e-20	-1
0	-0.0512742	0.99861526	-0.0012667532	0	0.018849555	0	-0.0512742	0.99861526	-0.0012667532	2.2089747e-20	-1
0	-0.061367054	0.99804497	-0.0012725391	0	0.012566371	0	-0.061367054	0.99804497	-0.0012725391	2.4594876e-20	-1
0	-0.06802486	0.99761283	-0.0012753138	0	0.009424778	0	-0.06802486	0.99761283	-0.0012753138	2.5846793e-20	-1
0	-0.076279335	0.997015	-0.0012778803	0	0.0062831854	0	-0.076279335	0.997015	-0.0012778803	2.7098069e-20	-1
0	-0.084452435	0.9963553	-0.0012796684	0	0.0037699111	0	-0.084452435	0.9963553	-0.0012796684	2.809846e-20	-1
0	-0.08921838	0.9959395	-0.0012804177	0	0.002513274	0	-0.08921838	0.9959395	-0.0012804177	2.8598377e-20	-1
0	-0.091815144	0.9957032	-0.0012807285	0	0.0018849556	0	-0.091815144	0.9957032	-0.0012807285	2.8848257e-20	-1
0	-0.09455222	0.99544674	-0.001281007	0	0.001256637	0	-0.09455222	0.99544674	-0.001281007	2.9098072e-20	-1
0	-0.09455222	0.99544674	-0.001281007	0	0.0010053096	0	-0.09455222	0.99544674	-0.001281007	2.9197986e-20	-1
0	-0.09746605	0.99516547	-0.001281237	0	0.0006283185	0	-0.09746605	0.99516547	-0.001281237	2.934782e-20	-1
0	-0.09928805	0.9949851	-0.0012813512	0	0.0002513274	0	-0.09928805	0.9949851	-0.0012813512	2.9497635e-20	-1
0	-0.09928805	0.9949851	-0.0012813512	0	0.0001256637	0	-0.09928805	0.9949851	-0.0012813512	2.9547567e-20	-1
0	-0.09928805	0.9949851	-0.0012813512	0	6.283185e-05	0	-0.09928805	0.9949851	-0.0012813512	2.9572534e-20	-1
0	-0.09928805	0.9949851	-0.0012813512	0	2.5132742e-05	0	-0.09928805	0.9949851	-0.0012813512	2.9587514e-20	-1
0	-0.09928805	0.9949851	-0.0012813512	0	1.2566371e-05	0	-0.09928805	0.9949851	-0.0012813512	2.959251e-20	-1
0	-0.09928805	0.9949851	-0.0012813512	0	6.2831855e-06	0	-0.09928805	0.9949851	-0.0012813512	2.9595004e-20	-1
0	-0.09928805	0.9949851	-0.0012813512	0	2.513274e-06	0	-0.09928805	0.9949851	-0.0012813512	2.9596503e-20	-1
0	-0.09928805	0.9949851	-0.0012813512	0	1.256637e-06	0	-0.09928805	0.9949851	-0.0012813512	2.9597004e-20	-1
0	-0.09928805	0.9949851	-0.0012813512	0	6.283185e-07	0	-0.09928805	0.9949851	-0.0012813512	2.9597253e-20	-1
0	-0.09928805	0.9949851	-0.0012813512	0	2.513274e-07	0	-0.09928805	0.9949851	-0.0012813512	2.95974e-20	-1
0	-0.09928805	0.9949851	-0.0012813512	0	1.256637e-07	0	-0.09928805	0.9949851	-0.0012813512	2.9597453e-20	-1
0	-0.09928805	0.9949851	-0.0012813512	0	0	0	-0.09928805	0.9949851	-0.0012813512	2.95975e-20	-1
0	-0.09928805	0.9949851	-0.0012813512	0	-1.256637e-07	0	-0.09928805	0.9949851	-0.0012813512	2.9597553e-20	-1
0	-0.09928805	0.9949851	-0.0012813512	0	-2.513274e-07	0	-0.09928805	0.9949851	-0.0012813512	2.95976e-20	-1
0	-0.09928805	0.9949851	-0.0012813512	0	-6.283185e-07	0	-0.09928805	0.9949851	-0.0012813512	2.959775e-20	-1
0	-0.09928805	0.9949851	-0.0012813512	0	-1.256637e-06	0	-0.09928805	0.9949851	-0.0012813512	2.9598002e-20	-1
0	-0.09928805	0.9949851	-0.0012813512	0	-2.513274e-06	0	-0.09928805	0.9949851	-0.0012813512	2.95985e-20	-1
0	-0.09928805	0.9949851	-0.0012813512	0	-6.2831855e-06	0	-0.09928805	0.9949851	-0.0012813512	2.96e-20	-1
0	-0.09928805	0.9949851	-0.0012813512	0	-1.2566371e-05	0	-0.09928805	0.9949851	-0.0012813512	2.9602494e-20	-1
0	-0.09928805	0.9949851	-0.0012813512	0	-2.5132742e-05	0	-0.09928805	0.9949851	-0.0012813512	2.960749e-20	-1
0	-0.10086246	0.9948267	-0.0012814256	0	-6.283185e-05	0	-0.10086246	0.9948267	-0.0012814256	2.9622456e-20	-1
0	-0.10086246	0.9948267	-0.0012814256	0	-0.0001256637	0	-0.10086246	0.9948267	-0.0012814256	2.9647417e-20	-1
0	-0.10086246	0.9948267	-0.0012814256	0	-0.0002513274	0	-0.10086246	0.9948267	-0.0012814256	2.9697345e-20	-1
0	-0.10385612	0.9945183	-0.0012816063	0	-0.0006283185	0	-0.10385612	0.9945183	-0.0012816063	2.9847084e-20	-1
0	-0.10593413	0.99429893	-0.0012815467	0	-0.0010053096	0	-0.10593413	0.99429893	-0.0012815467	2.9996797e-20	-1
0	-0.10593413	0.99429893	-0.0012815467	0	-0.001256637	0	-0.10593413	0.99429893	-0.0012815467	3.0096595e-20	-1
0	-0.11113715	0.9937303	-0.0012815002	0	-0.0018849556	0	-0.11113715	0.9937303	-0.0012815002	3.0345993e-20	-1
0	-0.11520691	0.99326634	-0.0012813195	0	-0.002513274	0	-0.11520691	0.99326634	-0.0012813195	3.0595285e-20	-1
0	-0.12427981	0.992171	-0.0012805793	0	-0.0037699111	0	-0.12427981	0.992171	-0.0012805793	3.1093493e-20	-1
0	-0.14788269	0.9889258	-0.0012764654	0	-0.0062831854	0	-0.14788269	0.9889258	-0.0012764654	3.208785e-20	-1
0	-0.19870713	0.97997224	-0.0012581137	0	-0.009424778	0	-0.19870713	0.97997224	-0.0012581137	3.332393e-20	-1
0	0.9453019	-0.3258716	0.00010425618	0	-0.012566371	0	0.9453019	-0.3258716	0.00010425618	2.6955328e-20	-1
0	0.05127441	-0.9986152	0.0012667486	0	-0.018849555	0	0.05127441	-0.9986152	0.0012667486	2.2089748e-20	-1
0	0.044009745	-0.9989624	0.0012609053	0	-0.025132742	0	0.044009745	-0.9989624	0.0012609053	1.9583501e-20	-1
0	0.03425119	-0.99934566	0.0012494355	0	-0.03769911	0	0.03425119	-0.99934566	0.0012494355	1.4569122e-20	-1
0	0.028014703	-0.99954087	0.0012384029	0	-0.050265484	0	0.028014703	-0.99954087	0.0012384029	9.55336e-21	-1
0	0.023691453	-0.9996536	0.0012276686	0	-0.06283186	0	0.023691453	-0.9996536	0.0012276686	4.536854e-21	-1
0	0.023691453	-0.9996536	0.0012276686	0	-0.06283186	0	0.023691453	-0.9996536	0.0012276686	4.536854e-21	1
0	0.028012317	-0.9995409	0.0012383694	0	-0.050265484	0	0.028012317	-0.9995409	0.0012383694	9.553362e-21	1
0	0.034247234	-0.9993458	0.0012494365	0	-0.03769911	0	0.034247234	-0.9993458	0.0012494365	1.4569124e-20	1
0	0.044003736	-0.99896264	0.0012609044	0	-0.025132742	0	0.044003736	-0.99896264	0.0012609044	1.9583503e-20	1
0	0.051273987	-0.99861526	0.0012667496	0	-0.018849555	0	0.051273987	-0.99861526	0.0012667496	2.208975e-20	1
0	0.061363436	-0.9980452	0.001272535	0	-0.012566371	0	0.061363436	-0.9980452	0.001272535	2.4594871e-20	1
0	0.0680259	-0.9976127	0.0012753112	0	-0.009424778	0	0.0680259	-0.9976127	0.0012753112	2.5846793e-20	1
0	0.076282874	-0.99701476	0.0012778856	0	-0.0062831854	0	0.076282874	-0.99701476	0.0012778856	2.7098072e-20	1
0	0.08444454	-0.99635595	0.0012796686	0	-0.0037699111	0	0.08444454	-0.99635595	0.0012796686	2.8098456e-20	1
0	0.08922134	-0.99593914	0.0012804095	0	-0.002513274	0	0.08922134	-0.99593914	0.0012804095	2.859838e-20	1
0	0.09178889	-0.9957056	0.001280731	0	-0.0018849556	0	0.09178889	-0.9957056	0.001280731	2.884826e-20	1
0	0.0945463	-0.99544734	0.0012810072	0	-0.001256637	0	0.0945463	-0.99544734	0.0012810072	2.9098072e-20	1
0	0.0945463	-0.99544734	0.0012810072	0	-0.0010053096	0	0.0945463	-0.99544734	0.0012810072	2.9197983e-20	1
0	0.097457975	-0.9951662	0.0012812358	0	-0.0006283185	0	0.097457975	-0.9951662	0.0012812358	2.934782e-20	1
0	0.09929167	-0.99498475	0.0012813472	0	-0.0002513274	0	0.09929167	-0.99498475	0.0012813472	2.9497632e-20	1
0	0.09929167	-0.99498475	0.0012813472	0	-0.0001256637	0	0.09929167	-0.99498475	0.0012813472	2.9547564e-20	1
0	0.09929167	-0.99498475	0.0012813472	0	-6.283185e-05	0	0.09929167	-0.99498475	0.0012813472	2.957253e-20	1
0	0.09929167	-0.99498475	0.0012813472	0	-2.5132742e-05	0	0.09929167	-0.99498475	0.0012813472	2.958751e-20	1
0	0.09929167	-0.99498475	0.0012813472	0	-1.2566371e-05	0	0.09929167	-0.99498475	0.0012813472	2.9592506e-20	1
0	0.09929167	-0.99498475	0.0012813472	0	-6.2831855e-06	0	0.09929167	-0.99498475	0.0012813472	2.9595e-20	1
0	0.09929167	-0.99498475	0.0012813472	0	-2.513274e-06	0	0.09929167	-0.99498475	0.0012813472	2.95965e-20	1
0	0.09929167	-0.99498475	0.0012813472	0	-1.256637e-06	0	0.09929167	-0.99498475	0.0012813472	2.9596997e-20	1
0	0.09929167	-0.99498475	0.0012813472	0	-6.283185e-07	0	0.09929167	-0.99498475	0.0012813472	2.959725e-20	1
0	0.09929167	-0.99498475	0.0012813472	0	-2.513274e-07	0	0.09929167	-0.99498475	0.0012813472	2.9597398e-20	1
0	0.09929167	-0.99498475	0.0012813472	0	-1.256637e-07	0	0.09929167	-0.99498475	0.0012813472	2.959745e-20	1
0	0.09929167	-0.99498475	0.0012813472	0	0	0	0.09929167	-0.99498475	0.0012813472	2.9597498e-20	1
0	0.09929167	-0.99498475	0.0012813472	0	1.256637e-07	0	0.09929167	-0.99498475	0.0012813472	2.9597547e-20	1
0	0.09929167	-0.99498475	0.0012813472	0	2.513274e-07	0	0.09929167	-0.99498475	0.0012813472	2.9597598e-20	1
0	0.09929167	-0.99498475	0.0012813472	0	6.283185e-07	0	0.09929167	-0.99498475	0.0012813472	2.9597747e-20	1
0	0.09929167	-0.99498475	0.0012813472	0	1.256637e-06	0	0.09929167	-0.99498475	0.0012813472	2.9598e-20	1
0	0.09929167	-0.99498475	0.0012813472	0	2.513274e-06	0	0.09929167	-0.99498475	0.0012813472	2.9598497e-20	1
0	0.09929167	-0.99498475	0.0012813472	0	6.2831855e-06	0	0.09929167	-0.99498475	0.0012813472	2.9599996e-20	1
0	0.09929167	-0.99498475	0.0012813472	0	1.2566371e-05	0	0.09929167	-0.99498475	0.0012813472	2.960249e-20	1
0	0.09929167	-0.99498475	0.0012813472	0	2.5132742e-05	0	0.09929167	-0.99498475	0.0012813472	2.9607486e-20	1
0	0.10087194	-0.9948257	0.0012814101	0	6.283185e-05	0	0.10087194	-0.9948257	0.0012814101	2.9622456e-20	1
0	0.10087194	-0.9948257	0.0012814101	0	0.0001256637	0	0.10087194	-0.9948257	0.0012814101	2.964742e-20	1
0	0.10087194	-0.9948257	0.0012814101	0	0.0002513274	0	0.10087194	-0.9948257	0.0012814101	2.9697345e-20	1
0	0.10384658	-0.9945193	0.0012815185	0	0.0006283185	0	0.10384658	-0.9945193	0.0012815185	2.9847084e-20	1
0	0.10588798	-0.9943038	0.0012815535	0	0.0010053096	0	0.10588798	-0.9943038	0.0012815535	2.9996797e-20	1
0	0.10738924	-0.99414265	0.0012815462	0	0.001256637	0	0.10738924	-0.99414265	0.0012815462	3.0096585e-20	1
0	0.11114448	-0.9937295	0.0012814915	0	0.0018849556	0	0.11114448	-0.9937295	0.0012814915	3.0345996e-20	1
0	0.11516565	-0.9932711	0.001281328	0	0.002513274	0	0.11516565	-0.9932711	0.001281328	3.0595285e-20	1
0	0.12427555	-0.9921715	0.0012805806	0	0.0037699111	0	0.12427555	-0.9921715	0.0012805806	3.1093496e-20	1
0	0.14789876	-0.98892343	0.001276461	0	0.0062831854	0	0.14789876	-0.98892343	0.001276461	3.208785e-20	1
0	0.19870996	-0.97997177	0.0012581123	0	0.009424778	0	0.19870996	-0.97997177	0.0012581123	3.332393e-20	1
0	0.90296173	0.42942744	-2.6248537e-05	0	0.012566371	0	0.90296173	0.42942744	-2.6248537e-05	2.6097335e-20	1
0	-0.051276058	0.99861515	-0.0012667493	0	0.018849555	0	-0.051276058	0.99861515	-0.0012667493	2.2089752e-20	1
0	-0.044005446	0.99896264	-0.0012609058	0	0.025132742	0	-0.044005446	0.99896264	-0.0012609058	1.9583504e-20	1
0	-0.034248985	0.9993458	-0.0012494366	0	0.03769911	0	-0.034248985	0.9993458	-0.0012494366	1.4569126e-20	1
0	-0.028014027	0.9995409	-0.0012383697	0	0.050265484	0	-0.028014027	0.9995409	-0.0012383697	9.553361e-21	1
0	-0.023689609	0.9996536	-0.0012276703	0	0.06283186	0	-0.023689609	0.9996536	-0.0012276703	4.5368587e-21	1
