# t (s)	mx ()	my ()	mz ()	B_extx (T)	B_exty (T)	B_extz (T)	mx ()	my ()	mz ()	E_total (J)	branch ()
0	-0.05694548	0.99830997	-0.0012898837	0	0.06283186	0	-0.05694548	0.99830997	-0.0012898837	4.6924365e-21	-1
0	-0.06811673	0.9976088	-0.0012976923	0	0.050265484	0	-0.06811673	0.9976088	-0.0012976923	9.700858e-21	-1
0	-0.084400505	0.9963616	-0.0013032781	0	0.03769911	0	-0.084400505	0.9963616	-0.0013032781	1.4704559e-20	-1
0	-0.10998431	0.99386024	-0.0013033804	0	0.025132742	0	-0.10998431	0.99386024	-0.0013033804	1.969932e-20	-1
0	-0.12887444	0.9915856	-0.0012988609	0	0.018849555	0	-0.12887444	0.9915856	-0.0012988609	2.2190524e-20	-1
0	-0.15458807	0.9879004	-0.0012879629	0	0.012566371	0	-0.15458807	0.9879004	-0.0012879629	2.467443e-20	-1
0	-0.17115732	0.98516273	-0.0012784924	0	0.009424778	0	-0.17115732	0.98516273	-0.0012784924	2.5912239e-20	-1
0	-0.19118524	0.98146987	-0.0012647726	0	0.0062831854	0	-0.19118524	0.98146987	-0.0012647726	2.7146048e-20	-1
0	-0.21049765	0.977507	-0.0012493903	0	0.0037699111	0	-0.21049765	0.977507	-0.0012493903	2.8129253e-20	-1
0	-0.22154564	0.97506064	-0.0012396986	0	0.002513274	0	-0.22154564	0.97506064	-0.0012396986	2.8619218e-20	-1
0	-0.2275034	0.9736868	-0.0012342117	0	0.0018849556	0	-0.2275034	0.9736868	-0.0012342117	2.886371e-20	-1
0	-0.23372376	0.97221136	-0.0012282997	0	0.001256637	0	-0.23372376	0.97221136	-0.0012282997	2.9107856e-20	-1
0	-0.23372376	0.97221136	-0.0012282997	0	0.0010053096	0	-0.23372376	0.97221136	-0.0012282997	2.9205437e-20	-1
0	-0.24031883	0.9706011	-0.0012218225	0	0.0006283185	0	-0.24031883	0.9706011	-0.0012218225	2.9351603e-20	-1
0	-0.24443826	0.9695711	-0.0012176714	0	0.0002513274	0	-0.24443826	0.9695711	-0.0012176714	2.949766e-20	-1
0	-0.24443826	0.9695711	-0.0012176714	0	0.0001256637	0	-0.24443826	0.9695711	-0.0012176714	2.9546316e-20	-1
0	-0.24443826	0.9695711	-0.0012176714	0	6.283185e-05	0	-0.24443826	0.9695711	-0.0012176714	2.9570647e-20	-1
0	-0.24443826	0.9695711	-0.0012176714	0	2.5132742e-05	0	-0.24443826	0.9695711	-0.0012176714	2.9585246e-20	-1
0	-0.24443826	0.9695711	-0.0012176714	0	1.2566371e-05	0	-0.24443826	0.9695711	-0.0012176714	2.959011e-20	-1
0	-0.24443826	0.9695711	-0.0012176714	0	6.2831855e-06	0	-0.24443826	0.9695711	-0.0012176714	2.959254e-20	-1
0	-0.24443826	0.9695711	-0.0012176714	0	2.513274e-06	0	-0.24443826	0.9695711	-0.0012176714	2.9594002e-20	-1
0	-0.24443826	0.9695711	-0.0012176714	0	1.256637e-06	0	-0.24443826	0.9695711	-0.0012176714	2.959449e-20	-1
0	-0.24443826	0.9695711	-0.0012176714	0	6.283185e-07	0	-0.24443826	0.9695711	-0.0012176714	2.9594732e-20	-1
0	-0.24443826	0.9695711	-0.0012176714	0	2.513274e-07	0	-0.24443826	0.9695711	-0.0012176714	2.9594878e-20	-1
0	-0.24443826	0.9695711	-0.0012176714	0	1.256637e-07	0	-0.24443826	0.9695711	-0.0012176714	2.9594926e-20	-1
0	-0.24443826	0.9695711	-0.0012176714	0	0	0	-0.24443826	0.9695711	-0.0012176714	2.9594975e-20	-1
0	-0.24443826	0.9695711	-0.0012176714	0	-1.256637e-07	0	-0.24443826	0.9695711	-0.0012176714	2.9595023e-20	-1
0	-0.24443826	0.9695711	-0.0012176714	0	-2.513274e-07	0	-0.24443826	0.9695711	-0.0012176714	2.959507e-20	-1
0	-0.24443826	0.9695711	-0.0012176714	0	-6.283185e-07	0	-0.24443826	0.9695711	-0.0012176714	2.959522e-20	-1
0	-0.24443826	0.9695711	-0.0012176714	0	-1.256637e-06	0	-0.24443826	0.9695711	-0.0012176714	2.9595462e-20	-1
0	-0.24443826	0.9695711	-0.0012176714	0	-2.513274e-06	0	-0.24443826	0.9695711	-0.0012176714	2.959595e-20	-1
0	-0.24443826	0.9695711	-0.0012176714	0	-6.2831855e-06	0	-0.24443826	0.9695711	-0.0012176714	2.9597408e-20	-1
0	-0.24443826	0.9695711	-0.0012176714	0	-1.2566371e-05	0	-0.24443826	0.9695711	-0.0012176714	2.959984e-20	-1
0	-0.24443826	0.9695711	-0.0012176714	0	-2.5132742e-05	0	-0.24443826	0.9695711	-0.0012176714	2.9604707e-20	-1
0	-0.24798244	0.96867007	-0.0012140381	0	-6.283185e-05	0	-0.24798244	0.96867007	-0.0012140381	2.9619244e-20	-1
0	-0.24798244	0.96867007	-0.0012140381	0	-0.0001256637	0	-0.24798244	0.96867007	-0.0012140381	2.9643552e-20	-1
0	-0.24798244	0.96867007	-0.0012140381	0	-0.0002513274	0	-0.24798244	0.96867007	-0.0012140381	2.9692165e-20	-1
0	-0.254669	0.9669324	-0.0012070169	0	-0.0006283185	0	-0.254669	0.9669324	-0.0012070169	2.983781e-20	-1
0	-0.25927573	0.96570647	-0.0012020638	0	-0.0010053096	0	-0.25927573	0.96570647	-0.0012020638	2.9983294e-20	-1
0	-0.25927573	0.96570647	-0.0012020638	0	-0.001256637	0	-0.25927573	0.96570647	-0.0012020638	3.0080223e-20	-1
0	-0.2707975	0.96253705	-0.0011892591	0	-0.0018849556	0	-0.2707975	0.96253705	-0.0011892591	3.0322e-20	-1
0	-0.2797196	0.9599805	-0.0011789472	0	-0.002513274	0	-0.2797196	0.9599805	-0.0011789472	3.0563206e-20	-1
0	-0.29981625	0.9538911	-0.0011544931	0	-0.0037699111	0	-0.29981625	0.9538911	-0.0011544931	3.1043507e-20	-1
0	-0.35410145	0.9350874	-0.0010807267	0	-0.0062831854	0	-0.35410145	0.9350874	-0.0010807267	3.199253e-20	-1
0	-0.9013686	-0.43276277	-0.0005007945	0	-0.009424778	0	-0.9013686	-0.43276277	-0.0005007945	2.6062219e-20	-1
0	-0.8611038	-0.508152	-0.0004059302	0	-0.012566371	0	-0.8611038	-0.508152	-0.0004059302	2.5473193e-20	-1
0	0.12887476	-0.9915856	0.0012988667	0	-0.018849555	0	0.12887476	-0.9915856	0.0012988667	2.2190524e-20	-1
0	0.10999019	-0.9938596	0.0013033845	0	-0.025132742	0	0.10999019	-0.9938596	0.0013033845	1.9699318e-20	-1
0	0.08440564	-0.99636114	0.0013032808	0	-0.03769911	0	0.08440564	-0.99636114	0.0013032808	1.4704559e-20	-1
0	0.06811875	-0.99760866	0.0012976932	0	-0.050265484	0	0.06811875	-0.99760866	0.0012976932	9.7008576e-21	-1
0	0.05694793	-0.99830985	0.0012898814	0	-0.06283186	0	0.05694793	-0.99830985	0.0012898814	4.6924417e-21	-1
0	0.05694793	-0.99830985	0.0012898814	0	-0.06283186	0	0.05694793	-0.99830985	0.0012898814	4.6924417e-21	1
0	0.06811509	-0.9976089	0.0012976917	0	-0.050265484	0	0.06811509	-0.9976089	0.0012976917	9.7008576e-21	1
0	0.08440305	-0.9963614	0.0013032773	0	-0.03769911	0	0.08440305	-0.9963614	0.0013032773	1.4704554e-20	1
0	0.10998577	-0.99386007	0.0013033983	0	-0.025132742	0	0.10998577	-0.99386007	0.0013033983	1.9699318e-20	1
0	0.128877	-0.99158525	0.0012988546	0	-0.018849555	0	0.128877	-0.99158525	0.0012988546	2.2190525e-20	1
0	0.15458935	-0.98790026	0.0012879543	0	-0.012566371	0	0.15458935	-0.98790026	0.0012879543	2.4674428e-20	1
0	0.17115632	-0.98516285	0.0012784901	0	-0.009424778	0	0.17115632	-0.98516285	0.0012784901	2.5912239e-20	1
0	0.19118828	-0.9814693	0.0012647705	0	-0.0062831854	0	0.19118828	-0.9814693	0.0012647705	2.7146048e-20	1
0	0.21049374	-0.9775078	0.0012493934	0	-0.0037699111	0	0.21049374	-0.9775078	0.0012493934	2.812926e-20	1
0	0.2215544	-0.9750587	0.0012396906	0	-0.002513274	0	0.2215544	-0.9750587	0.0012396906	2.8619218e-20	1
0	0.22748327	-0.97369146	0.001234232	0	-0.0018849556	0	0.22748327	-0.97369146	0.001234232	2.8863715e-20	1
0	0.23371896	-0.97221255	0.001228305	0	-0.001256637	0	0.23371896	-0.97221255	0.001228305	2.9107856e-20	1
0	0.23371896	-0.97221255	0.001228305	0	-0.0010053096	0	0.23371896	-0.97221255	0.001228305	2.9205437e-20	1
0	0.24030256	-0.97060513	0.0012218403	0	-0.0006283185	0	0.24030256	-0.97060513	0.0012218403	2.9351606e-20	1
0	0.24444073	-0.9695705	0.001217667	0	-0.0002513274	0	0.24444073	-0.9695705	0.001217667	2.9497658e-20	1
0	0.24444073	-0.9695705	0.001217667	0	-0.0001256637	0	0.24444073	-0.9695705	0.001217667	2.9546316e-20	1
0	0.24444073	-0.9695705	0.001217667	0	-6.283185e-05	0	0.24444073	-0.9695705	0.001217667	2.9570647e-20	1
0	0.24444073	-0.9695705	0.001217667	0	-2.5132742e-05	0	0.24444073	-0.9695705	0.001217667	2.9585242e-20	1
0	0.24444073	-0.9695705	0.001217667	0	-1.2566371e-05	0	0.24444073	-0.9695705	0.001217667	2.959011e-20	1
0	0.24444073	-0.9695705	0.001217667	0	-6.2831855e-06	0	0.24444073	-0.9695705	0.001217667	2.959254e-20	1
0	0.24444073	-0.9695705	0.001217667	0	-2.513274e-06	0	0.24444073	-0.9695705	0.001217667	2.9594002e-20	1
0	0.24444073	-0.9695705	0.001217667	0	-1.256637e-06	0	0.24444073	-0.9695705	0.001217667	2.9594487e-20	1
0	0.24444073	-0.9695705	0.001217667	0	-6.283185e-07	0	0.24444073	-0.9695705	0.001217667	2.9594732e-20	1
0	0.24444073	-0.9695705	0.001217667	0	-2.513274e-07	0	0.24444073	-0.9695705	0.001217667	2.9594878e-20	1
0	0.24444073	-0.9695705	0.001217667	0	-1.256637e-07	0	0.24444073	-0.9695705	0.001217667	2.9594926e-20	1
0	0.24444073	-0.9695705	0.001217667	0	0	0	0.24444073	-0.9695705	0.001217667	2.9594975e-20	1
0	0.24444073	-0.9695705	0.001217667	0	1.256637e-07	0	0.24444073	-0.9695705	0.001217667	2.9595023e-20	1
0	0.24444073	-0.9695705	0.001217667	0	2.513274e-07	0	0.24444073	-0.9695705	0.001217667	2.959507e-20	1
0	0.24444073	-0.9695705	0.001217667	0	6.283185e-07	0	0.24444073	-0.9695705	0.001217667	2.9595217e-20	1
0	0.24444073	-0.9695705	0.001217667	0	1.256637e-06	0	0.24444073	-0.9695705	0.001217667	2.9595462e-20	1
0	0.24444073	-0.9695705	0.001217667	0	2.513274e-06	0	0.24444073	-0.9695705	0.001217667	2.9595947e-20	1
0	0.24444073	-0.9695705	0.001217667	0	6.2831855e-06	0	0.24444073	-0.9695705	0.001217667	2.9597408e-20	1
0	0.24444073	-0.9695705	0.001217667	0	1.2566371e-05	0	0.24444073	-0.9695705	0.001217667	2.959984e-20	1
0	0.24444073	-0.9695705	0.001217667	0	2.5132742e-05	0	0.24444073	-0.9695705	0.001217667	2.9604707e-20	1
0	0.24797934	-0.96867085	0.0012140399	0	6.283185e-05	0	0.24797934	-0.96867085	0.0012140399	2.9619244e-20	1
0	0.24797934	-0.96867085	0.0012140399	0	0.0001256637	0	0.24797934	-0.96867085	0.0012140399	2.9643552e-20	1
0	0.24797934	-0.96867085	0.0012140399	0	0.0002513274	0	0.24797934	-0.96867085	0.0012140399	2.9692165e-20	1
0	0.25463003	-0.96694267	0.0012070611	0	0.0006283185	0	0.25463003	-0.96694267	0.0012070611	2.983781e-20	1
0	0.25926626	-0.9657091	0.0012020756	0	0.0010053096	0	0.25926626	-0.9657091	0.0012020756	2.99833e-20	1
0	0.25926626	-0.9657091	0.0012020756	0	0.001256637	0	0.25926626	-0.9657091	0.0012020756	3.008023e-20	1
0	0.27079982	-0.9625364	0.001189257	0	0.0018849556	0	0.27079982	-0.9625364	0.001189257	3.0321995e-20	1
0	0.2797285	-0.9599779	0.001178937	0	0.002513274	0	0.2797285	-0.9599779	0.001178937	3.0563206e-20	1
0	0.29973066	-0.953918	0.0011546052	0	0.0037699111	0	0.29973066	-0.953918	0.0011546052	3.1043504e-20	1
0	0.3541239	-0.93507886	0.0010806931	0	0.0062831854	0	0.3541239	-0.93507886	0.0010806931	3.199253e-20	1
0	0.9013592	0.43278226	0.0005007738	0	0.009424778	0	0.9013592	0.43278226	0.0005007738	2.6062214e-20	1
0	0.8611026	0.5081541	0.00040592547	0	0.012566371	0	0.8611026	0.5081541	0.00040592547	2.547319e-20	1
0	-0.12888417	0.99158436	-0.0012988604	0	0.018849555	0	-0.12888417	0.99158436	-0.0012988604	2.2190524e-20	1
0	-0.10998061	0.9938606	-0.0013034004	0	0.025132742	0	-0.10998061	0.9938606	-0.0013034004	1.9699318e-20	1
0	-0.08440626	0.996361	-0.0013032726	0	0.03769911	0	-0.08440626	0.996361	-0.0013032726	1.4704557e-20	1
0	-0.06811741	0.9976087	-0.001297693	0	0.050265484	0	-0.06811741	0.9976087	-0.001297693	9.700859e-21	1
0	-0.056948394	0.99830985	-0.0012898827	0	0.06283186	0	-0.056948394	0.99830985	-0.0012898827	4.6924413e-21	1
