# t (s)	mx ()	my ()	mz ()	B_extx (T)	B_exty (T)	B_extz (T)	mx ()	my ()	mz ()	E_total (J)	branch ()
0	-0.045627594	0.99888706	0.0033692606	0	0.06283186	0	-0.045627594	0.99888706	0.0033692606	4.529267e-21	-1
0	-0.054150596	0.9984602	0.003390619	0	0.050265484	0	-0.054150596	0.9984602	0.003390619	9.54121e-21	-1
0	-0.06644672	0.99771595	0.0034080837	0	0.03769911	0	-0.06644672	0.99771595	0.0034080837	1.4550301e-20	-1
0	-0.08557979	0.9962553	0.0034163883	0	0.025132742	0	-0.08557979	0.9962553	0.0034163883	1.955413e-20	-1
0	-0.09965666	0.99494445	0.0034130781	0	0.018849555	0	-0.09965666	0.99494445	0.0034130781	2.2052457e-20	-1
0	-0.11884701	0.9928331	0.0033995463	0	0.012566371	0	-0.11884701	0.9928331	0.0033995463	2.4546602e-20	-1
0	-0.13126028	0.991267	0.003386354	0	0.009424778	0	-0.13126028	0.991267	0.003386354	2.5791301e-20	-1
0	-0.14634284	0.9891511	0.0033663441	0	0.0062831854	0	-0.14634284	0.9891511	0.0033663441	2.703371e-20	-1
0	-0.16094989	0.9868778	0.0033432432	0	0.0037699111	0	-0.16094989	0.9868778	0.0033432432	2.8025435e-20	-1
0	-0.16933665	0.9854724	0.0033284612	0	0.002513274	0	-0.16933665	0.9854724	0.0033284612	2.8520354e-20	-1
0	-0.17385212	0.9846852	0.0033200644	0	0.0018849556	0	-0.17385212	0.9846852	0.0033200644	2.8767535e-20	-1
0	-0.17860538	0.98383355	0.0033109132	0	0.001256637	0	-0.17860538	0.98383355	0.0033109132	2.9014514e-20	-1
0	-0.17860538	0.98383355	0.0033109132	0	0.0010053096	0	-0.17860538	0.98383355	0.0033109132	2.911326e-20	-1
0	-0.18362977	0.9829074	0.003300866	0	0.0006283185	0	-0.18362977	0.9829074	0.003300866	2.926127e-20	-1
0	-0.18675017	0.98231894	0.0032944721	0	0.0002513274	0	-0.18675017	0.98231894	0.0032944721	2.9409205e-20	-1
0	-0.18675017	0.98231894	0.0032944721	0	0.0001256637	0	-0.18675017	0.98231894	0.0032944721	2.9458503e-20	-1
0	-0.18675017	0.98231894	0.0032944721	0	6.283185e-05	0	-0.18675017	0.98231894	0.0032944721	2.948315e-20	-1
0	-0.18675017	0.98231894	0.0032944721	0	2.5132742e-05	0	-0.18675017	0.98231894	0.0032944721	2.949794e-20	-1
0	-0.18675017	0.98231894	0.0032944721	0	1.2566371e-05	0	-0.18675017	0.98231894	0.0032944721	2.950287e-20	-1
0	-0.18675017	0.98231894	0.0032944721	0	6.2831855e-06	0	-0.18675017	0.98231894	0.0032944721	2.9505335e-20	-1
0	-0.18675017	0.98231894	0.0032944721	0	2.513274e-06	0	-0.18675017	0.98231894	0.0032944721	2.9506815e-20	-1
0	-0.18675017	0.98231894	0.0032944721	0	1.256637e-06	0	-0.18675017	0.98231894	0.0032944721	2.9507306e-20	-1
0	-0.18675017	0.98231894	0.0032944721	0	6.283185e-07	0	-0.18675017	0.98231894	0.0032944721	2.9507552e-20	-1
0	-0.18675017	0.98231894	0.0032944721	0	2.513274e-07	0	-0.18675017	0.98231894	0.0032944721	2.95077e-20	-1
0	-0.18675017	0.98231894	0.0032944721	0	1.256637e-07	0	-0.18675017	0.98231894	0.0032944721	2.950775e-20	-1
0	-0.18675017	0.98231894	0.0032944721	0	0	0	-0.18675017	0.98231894	0.0032944721	2.95078e-20	-1
0	-0.18675017	0.98231894	0.0032944721	0	-1.256637e-07	0	-0.18675017	0.98231894	0.0032944721	2.950785e-20	-1
0	-0.18675017	0.98231894	0.0032944721	0	-2.513274e-07	0	-0.18675017	0.98231894	0.0032944721	2.9507898e-20	-1
0	-0.18675017	0.98231894	0.0032944721	0	-6.283185e-07	0	-0.18675017	0.98231894	0.0032944721	2.9508046e-20	-1
0	-0.18675017	0.98231894	0.0032944721	0	-1.256637e-06	0	-0.18675017	0.98231894	0.0032944721	2.9508292e-20	-1
0	-0.18675017	0.98231894	0.0032944721	0	-2.513274e-06	0	-0.18675017	0.98231894	0.0032944721	2.9508786e-20	-1
0	-0.18675017	0.98231894	0.0032944721	0	-6.2831855e-06	0	-0.18675017	0.98231894	0.0032944721	2.9510266e-20	-1
0	-0.18675017	0.98231894	0.0032944721	0	-1.2566371e-05	0	-0.18675017	0.98231894	0.0032944721	2.9512728e-20	-1
0	-0.18675017	0.98231894	0.0032944721	0	-2.5132742e-05	0	-0.18675017	0.98231894	0.0032944721	2.951766e-20	-1
0	-0.18675017	0.98231894	0.0032944721	0	-6.283185e-05	0	-0.18675017	0.98231894	0.0032944721	2.9532448e-20	-1
0	-0.18998215	0.9816985	0.0032876923	0	-0.0001256637	0	-0.18998215	0.9816985	0.0032876923	2.9557054e-20	-1
0	-0.18998215	0.9816985	0.0032876923	0	-0.0002513274	0	-0.18998215	0.9816985	0.0032876923	2.960632e-20	-1
0	-0.19449064	0.9808147	0.0032780017	0	-0.0006283185	0	-0.19449064	0.9808147	0.0032780017	2.975403e-20	-1
0	-0.19800353	0.980111	0.0032702694	0	-0.0010053096	0	-0.19800353	0.980111	0.0032702694	2.9901642e-20	-1
0	-0.19800353	0.980111	0.0032702694	0	-0.001256637	0	-0.19800353	0.980111	0.0032702694	3.0000015e-20	-1
0	-0.20673595	0.9783051	0.0032503393	0	-0.0018849556	0	-0.20673595	0.9783051	0.0032503393	3.024564e-20	-1
0	-0.21346717	0.97685736	0.0032343161	0	-0.002513274	0	-0.21346717	0.97685736	0.0032343161	3.049094e-20	-1
0	-0.22841656	0.97346795	0.003196748	0	-0.0037699111	0	-0.22841656	0.97346795	0.003196748	3.0980357e-20	-1
0	-0.2669801	0.96359897	0.0030879923	0	-0.0062831854	0	-0.2669801	0.96359897	0.0030879923	3.1952914e-20	-1
0	-0.3626059	0.9318167	0.0027557495	0	-0.009424778	0	-0.3626059	0.9318167	0.0027557495	3.3146908e-20	-1
0	-0.87333024	-0.4868461	0.00090301095	0	-0.012566371	0	-0.87333024	-0.4868461	0.00090301095	2.5687556e-20	-1
0	0.09965189	-0.99494493	-0.003413082	0	-0.018849555	0	0.09965189	-0.99494493	-0.003413082	2.2052464e-20	-1
0	0.08559094	-0.9962543	-0.0034163762	0	-0.025132742	0	0.08559094	-0.9962543	-0.0034163762	1.9554125e-20	-1
0	0.06645233	-0.9977156	-0.0034080786	0	-0.03769911	0	0.06645233	-0.9977156	-0.0034080786	1.4550304e-20	-1
0	0.054153126	-0.99846005	-0.0033906098	0	-0.050265484	0	0.054153126	-0.99846005	-0.0033906098	9.541209e-21	-1
0	0.045628443	-0.99888706	-0.00336926	0	-0.06283186	0	0.045628443	-0.99888706	-0.00336926	4.5292682e-21	-1
0	0.045628443	-0.99888706	-0.00336926	0	-0.06283186	0	0.045628443	-0.99888706	-0.00336926	4.5292682e-21	1
0	0.05414668	-0.9984604	-0.0033906223	0	-0.050265484	0	0.05414668	-0.9984604	-0.0033906223	9.541205e-21	1
0	0.06644933	-0.9977158	-0.0034080788	0	-0.03769911	0	0.06644933	-0.9977158	-0.0034080788	1.4550304e-20	1
0	0.08557813	-0.99625546	-0.0034163757	0	-0.025132742	0	0.08557813	-0.99625546	-0.0034163757	1.9554126e-20	1
0	0.099656984	-0.99494445	-0.0034130756	0	-0.018849555	0	0.099656984	-0.99494445	-0.0034130756	2.2052459e-20	1
0	0.11883506	-0.99283445	-0.0033995605	0	-0.012566371	0	0.11883506	-0.99283445	-0.0033995605	2.4546602e-20	1
0	0.1312558	-0.99126756	-0.0033863615	0	-0.009424778	0	0.1312558	-0.99126756	-0.0033863615	2.5791301e-20	1
0	0.14634883	-0.9891503	-0.0033663241	0	-0.0062831854	0	0.14634883	-0.9891503	-0.0033663241	2.7033713e-20	1
0	0.16095454	-0.9868771	-0.0033432362	0	-0.0037699111	0	0.16095454	-0.9868771	-0.0033432362	2.8025432e-20	1
0	0.16934666	-0.98547065	-0.0033284393	0	-0.002513274	0	0.16934666	-0.98547065	-0.0033284393	2.8520354e-20	1
0	0.17385061	-0.9846854	-0.0033200674	0	-0.0018849556	0	0.17385061	-0.9846854	-0.0033200674	2.8767532e-20	1
0	0.17862338	-0.98383033	-0.003310862	0	-0.001256637	0	0.17862338	-0.98383033	-0.003310862	2.9014514e-20	1
0	0.17862338	-0.98383033	-0.003310862	0	-0.0010053096	0	0.17862338	-0.98383033	-0.003310862	2.9113258e-20	1
0	0.18360828	-0.98291147	-0.0033009178	0	-0.0006283185	0	0.18360828	-0.98291147	-0.0033009178	2.9261265e-20	1
0	0.1867423	-0.9823204	-0.0032944847	0	-0.0002513274	0	0.1867423	-0.9823204	-0.0032944847	2.9409208e-20	1
0	0.1867423	-0.9823204	-0.0032944847	0	-0.0001256637	0	0.1867423	-0.9823204	-0.0032944847	2.9458503e-20	1
0	0.1867423	-0.9823204	-0.0032944847	0	-6.283185e-05	0	0.1867423	-0.9823204	-0.0032944847	2.9483153e-20	1
0	0.1867423	-0.9823204	-0.0032944847	0	-2.5132742e-05	0	0.1867423	-0.9823204	-0.0032944847	2.9497942e-20	1
0	0.1867423	-0.9823204	-0.0032944847	0	-1.2566371e-05	0	0.1867423	-0.9823204	-0.0032944847	2.9502873e-20	1
0	0.1867423	-0.9823204	-0.0032944847	0	-6.2831855e-06	0	0.1867423	-0.9823204	-0.0032944847	2.950534e-20	1
0	0.1867423	-0.9823204	-0.0032944847	0	-2.513274e-06	0	0.1867423	-0.9823204	-0.0032944847	2.9506815e-20	1
0	0.1867423	-0.9823204	-0.0032944847	0	-1.256637e-06	0	0.1867423	-0.9823204	-0.0032944847	2.950731e-20	1
0	0.1867423	-0.9823204	-0.0032944847	0	-6.283185e-07	0	0.1867423	-0.9823204	-0.0032944847	2.9507555e-20	1
0	0.1867423	-0.9823204	-0.0032944847	0	-2.513274e-07	0	0.1867423	-0.9823204	-0.0032944847	2.9507704e-20	1
0	0.1867423	-0.9823204	-0.0032944847	0	-1.256637e-07	0	0.1867423	-0.9823204	-0.0032944847	2.9507752e-20	1
0	0.1867423	-0.9823204	-0.0032944847	0	0	0	0.1867423	-0.9823204	-0.0032944847	2.95078e-20	1
0	0.1867423	-0.9823204	-0.0032944847	0	1.256637e-07	0	0.1867423	-0.9823204	-0.0032944847	2.9507852e-20	1
0	0.1867423	-0.9823204	-0.0032944847	0	2.513274e-07	0	0.1867423	-0.9823204	-0.0032944847	2.95079e-20	1
0	0.1867423	-0.9823204	-0.0032944847	0	6.283185e-07	0	0.1867423	-0.9823204	-0.0032944847	2.950805e-20	1
0	0.1867423	-0.9823204	-0.0032944847	0	1.256637e-06	0	0.1867423	-0.9823204	-0.0032944847	2.9508295e-20	1
0	0.1867423	-0.9823204	-0.0032944847	0	2.513274e-06	0	0.1867423	-0.9823204	-0.0032944847	2.950879e-20	1
0	0.1867423	-0.9823204	-0.0032944847	0	6.2831855e-06	0	0.1867423	-0.9823204	-0.0032944847	2.9510266e-20	1
0	0.1867423	-0.9823204	-0.0032944847	0	1.2566371e-05	0	0.1867423	-0.9823204	-0.0032944847	2.951273e-20	1
0	0.1867423	-0.9823204	-0.0032944847	0	2.5132742e-05	0	0.1867423	-0.9823204	-0.0032944847	2.9517662e-20	1
0	0.1867423	-0.9823204	-0.0032944847	0	6.283185e-05	0	0.1867423	-0.9823204	-0.0032944847	2.953245e-20	1
0	0.18999094	-0.98169684	-0.003287672	0	0.0001256637	0	0.18999094	-0.98169684	-0.003287672	2.955705e-20	1
0	0.18999094	-0.98169684	-0.003287672	0	0.0002513274	0	0.18999094	-0.98169684	-0.003287672	2.9606316e-20	1
0	0.19448724	-0.98081535	-0.0032780105	0	0.0006283185	0	0.19448724	-0.98081535	-0.0032780105	2.975403e-20	1
0	0.19799966	-0.98011184	-0.0032702768	0	0.0010053096	0	0.19799966	-0.98011184	-0.0032702768	2.9901642e-20	1
0	0.19799966	-0.98011184	-0.0032702768	0	0.001256637	0	0.19799966	-0.98011184	-0.0032702768	3.000002e-20	1
0	0.20673782	-0.9783046	-0.0032503335	0	0.0018849556	0	0.20673782	-0.9783046	-0.0032503335	3.0245643e-20	1
0	0.21346655	-0.97685754	-0.0032343206	0	0.002513274	0	0.21346655	-0.97685754	-0.0032343206	3.0490944e-20	1
0	0.22842243	-0.9734666	-0.0031967303	0	0.0037699111	0	0.22842243	-0.9734666	-0.0031967303	3.0980357e-20	1
0	0.266896	-0.96362233	-0.0030882591	0	0.0062831854	0	0.266896	-0.96362233	-0.0030882591	3.1952914e-20	1
0	0.36235905	-0.9319127	-0.0027567148	0	0.009424778	0	0.36235905	-0.9319127	-0.0027567148	3.314691e-20	1
0	-0.11885774	0.9928318	0.003399529	0	0.012566371	0	-0.11885774	0.9928318	0.003399529	2.4546602e-20	1
0	-0.09966401	0.99494374	0.0034130653	0	0.018849555	0	-0.09966401	0.99494374	0.0034130653	2.2052462e-20	1
0	-0.085585356	0.9962548	0.0034163855	0	0.025132742	0	-0.085585356	0.9962548	0.0034163855	1.955413e-20	1
0	-0.066454366	0.9977155	0.003408047	0	0.03769911	0	-0.066454366	0.9977155	0.003408047	1.4550302e-20	1
0	-0.054153442	0.99846	0.0033906165	0	0.050265484	0	-0.054153442	0.99846	0.0033906165	9.541205e-21	1
0	-0.045631997	0.9988868	0.0033692573	0	0.06283186	0	-0.045631997	0.9988868	0.0033692573	4.5292646e-21	1
