# t (s)	mx ()	my ()	mz ()	B_extx (T)	B_exty (T)	B_extz (T)	mx ()	my ()	mz ()	E_total (J)	branch ()
0	-0.026124205	0.9995862	-0.0038466798	0	0.06283186	0	-0.026124205	0.9995862	-0.0038466798	4.3782973e-21	-1
0	-0.030869974	0.99944985	-0.003914589	0	0.050265484	0	-0.030869974	0.99944985	-0.003914589	9.394414e-21	-1
0	-0.037708104	0.99921393	-0.0039994703	0	0.03769911	0	-0.037708104	0.99921393	-0.0039994703	1.4409628e-20	-1
0	-0.048398256	0.9987516	-0.004114603	0	0.025132742	0	-0.048398256	0.9987516	-0.004114603	1.942317e-20	-1
0	-0.056367368	0.9983325	-0.0041921283	0	0.018849555	0	-0.056367368	0.9983325	-0.0041921283	2.19288e-20	-1
0	-0.06743631	0.99764454	-0.004292411	0	0.012566371	0	-0.06743631	0.99764454	-0.004292411	2.4433083e-20	-1
0	-0.074765235	0.9971212	-0.004355299	0	0.009424778	0	-0.074765235	0.9971212	-0.004355299	2.5684438e-20	-1
0	-0.08387759	0.996395	-0.004430403	0	0.0062831854	0	-0.08387759	0.996395	-0.004430403	2.6935028e-20	-1
0	-0.092937574	0.99558973	-0.0045021754	0	0.0037699111	0	-0.092937574	0.99558973	-0.0045021754	2.7934723e-20	-1
0	-0.09826258	0.99507755	-0.0045431387	0	0.002513274	0	-0.09826258	0.99507755	-0.0045431387	2.8434237e-20	-1
0	-0.10116491	0.9947863	-0.004565101	0	0.0018849556	0	-0.10116491	0.9947863	-0.004565101	2.8683887e-20	-1
0	-0.10424204	0.9944682	-0.0045881374	0	0.001256637	0	-0.10424204	0.9944682	-0.0045881374	2.893347e-20	-1
0	-0.10424204	0.9944682	-0.0045881374	0	0.0010053096	0	-0.10424204	0.9944682	-0.0045881374	2.9033287e-20	-1
0	-0.10750008	0.99412084	-0.0046122363	0	0.0006283185	0	-0.10750008	0.99412084	-0.0046122363	2.918296e-20	-1
0	-0.1095874	0.99389267	-0.0046275062	0	0.0002513274	0	-0.1095874	0.99389267	-0.0046275062	2.9332616e-20	-1
0	-0.1095874	0.99389267	-0.0046275062	0	0.0001256637	0	-0.1095874	0.99389267	-0.0046275062	2.9382496e-20	-1
0	-0.1095874	0.99389267	-0.0046275062	0	6.283185e-05	0	-0.1095874	0.99389267	-0.0046275062	2.9407434e-20	-1
0	-0.1095874	0.99389267	-0.0046275062	0	2.5132742e-05	0	-0.1095874	0.99389267	-0.0046275062	2.9422398e-20	-1
0	-0.1095874	0.99389267	-0.0046275062	0	1.2566371e-05	0	-0.1095874	0.99389267	-0.0046275062	2.9427387e-20	-1
0	-0.1095874	0.99389267	-0.0046275062	0	6.2831855e-06	0	-0.1095874	0.99389267	-0.0046275062	2.942988e-20	-1
0	-0.1095874	0.99389267	-0.0046275062	0	2.513274e-06	0	-0.1095874	0.99389267	-0.0046275062	2.9431377e-20	-1
0	-0.1095874	0.99389267	-0.0046275062	0	1.256637e-06	0	-0.1095874	0.99389267	-0.0046275062	2.9431875e-20	-1
0	-0.1095874	0.99389267	-0.0046275062	0	6.283185e-07	0	-0.1095874	0.99389267	-0.0046275062	2.9432123e-20	-1
0	-0.1095874	0.99389267	-0.0046275062	0	2.513274e-07	0	-0.1095874	0.99389267	-0.0046275062	2.9432275e-20	-1
0	-0.1095874	0.99389267	-0.0046275062	0	1.256637e-07	0	-0.1095874	0.99389267	-0.0046275062	2.9432324e-20	-1
0	-0.1095874	0.99389267	-0.0046275062	0	0	0	-0.1095874	0.99389267	-0.0046275062	2.9432375e-20	-1
0	-0.1095874	0.99389267	-0.0046275062	0	-1.256637e-07	0	-0.1095874	0.99389267	-0.0046275062	2.9432424e-20	-1
0	-0.1095874	0.99389267	-0.0046275062	0	-2.513274e-07	0	-0.1095874	0.99389267	-0.0046275062	2.9432472e-20	-1
0	-0.1095874	0.99389267	-0.0046275062	0	-6.283185e-07	0	-0.1095874	0.99389267	-0.0046275062	2.9432624e-20	-1
0	-0.1095874	0.99389267	-0.0046275062	0	-1.256637e-06	0	-0.1095874	0.99389267	-0.0046275062	2.9432873e-20	-1
0	-0.1095874	0.99389267	-0.0046275062	0	-2.513274e-06	0	-0.1095874	0.99389267	-0.0046275062	2.943337e-20	-1
0	-0.1095874	0.99389267	-0.0046275062	0	-6.2831855e-06	0	-0.1095874	0.99389267	-0.0046275062	2.9434867e-20	-1
0	-0.1095874	0.99389267	-0.0046275062	0	-1.2566371e-05	0	-0.1095874	0.99389267	-0.0046275062	2.943736e-20	-1
0	-0.1095874	0.99389267	-0.0046275062	0	-2.5132742e-05	0	-0.1095874	0.99389267	-0.0046275062	2.944235e-20	-1
0	-0.11136718	0.9936946	-0.004640443	0	-6.283185e-05	0	-0.11136718	0.9936946	-0.004640443	2.9457297e-20	-1
0	-0.11136718	0.9936946	-0.004640443	0	-0.0001256637	0	-0.11136718	0.9936946	-0.004640443	2.9482232e-20	-1
0	-0.11136718	0.9936946	-0.004640443	0	-0.0002513274	0	-0.11136718	0.9936946	-0.004640443	2.9532102e-20	-1
0	-0.11476953	0.99330693	-0.004664911	0	-0.0006283185	0	-0.11476953	0.99330693	-0.004664911	2.9681664e-20	-1
0	-0.117110975	0.9930333	-0.004681578	0	-0.0010053096	0	-0.117110975	0.9930333	-0.004681578	2.983119e-20	-1
0	-0.117110975	0.9930333	-0.004681578	0	-0.001256637	0	-0.117110975	0.9930333	-0.004681578	2.9930858e-20	-1
0	-0.12304665	0.99231446	-0.004723196	0	-0.0018849556	0	-0.12304665	0.99231446	-0.004723196	3.0179914e-20	-1
0	-0.12772399	0.99172264	-0.0047553102	0	-0.002513274	0	-0.12772399	0.99172264	-0.0047553102	3.0428837e-20	-1
0	-0.13828415	0.9903039	-0.004825743	0	-0.0037699111	0	-0.13828415	0.9903039	-0.004825743	3.0926196e-20	-1
0	-0.16685626	0.98588777	-0.005001763	0	-0.0062831854	0	-0.16685626	0.98588777	-0.005001763	3.1918176e-20	-1
0	-0.24288654	0.9699459	-0.005361334	0	-0.009424778	0	-0.24288654	0.9699459	-0.005361334	3.31477e-20	-1
0	-0.86791307	-0.49642673	0.002444847	0	-0.012566371	0	-0.86791307	-0.49642673	0.002444847	2.6520276e-20	-1
0	0.05637376	-0.99833214	0.00419218	0	-0.018849555	0	0.05637376	-0.99833214	0.00419218	2.1928804e-20	-1
0	0.048406906	-0.99875116	0.0041146693	0	-0.025132742	0	0.048406906	-0.99875116	0.0041146693	1.9423165e-20	-1
0	0.037711963	-0.99921376	0.0039995015	0	-0.03769911	0	0.037711963	-0.99921376	0.0039995015	1.4409625e-20	-1
0	0.030873822	-0.99944973	0.003914619	0	-0.050265484	0	0.030873822	-0.99944973	0.003914619	9.394417e-21	-1
0	0.026125532	-0.9995862	0.0038466882	0	-0.06283186	0	0.026125532	-0.9995862	0.0038466882	4.3782965e-21	-1
0	0.026125532	-0.9995862	0.0038466882	0	-0.06283186	0	0.026125532	-0.9995862	0.0038466882	4.3782965e-21	1
0	0.030861173	-0.9994501	0.0039145183	0	-0.050265484	0	0.030861173	-0.9994501	0.0039145183	9.394412e-21	1
0	0.037709713	-0.9992138	0.0039994866	0	-0.03769911	0	0.037709713	-0.9992138	0.0039994866	1.4409628e-20	1
0	0.048398223	-0.9987516	0.004114601	0	-0.025132742	0	0.048398223	-0.9987516	0.004114601	1.942317e-20	1
0	0.056371152	-0.99833226	0.0041921604	0	-0.018849555	0	0.056371152	-0.99833226	0.0041921604	2.1928804e-20	1
0	0.0674417	-0.9976442	0.0042924397	0	-0.012566371	0	0.0674417	-0.9976442	0.0042924397	2.4433083e-20	1
0	0.07476777	-0.9971211	0.0043553156	0	-0.009424778	0	0.07476777	-0.9971211	0.0043553156	2.568444e-20	1
0	0.083873846	-0.99639535	0.0044303746	0	-0.0062831854	0	0.083873846	-0.99639535	0.0044303746	2.6935025e-20	1
0	0.09294737	-0.9955888	0.0045022448	0	-0.0037699111	0	0.09294737	-0.9955888	0.0045022448	2.7934723e-20	1
0	0.098256364	-0.9950782	0.004543094	0	-0.002513274	0	0.098256364	-0.9950782	0.004543094	2.8434237e-20	1
0	0.10116418	-0.99478644	0.004565103	0	-0.0018849556	0	0.10116418	-0.99478644	0.004565103	2.8683893e-20	1
0	0.10423286	-0.99446917	0.004588074	0	-0.001256637	0	0.10423286	-0.99446917	0.004588074	2.8933466e-20	1
0	0.10423286	-0.99446917	0.004588074	0	-0.0010053096	0	0.10423286	-0.99446917	0.004588074	2.903328e-20	1
0	0.10750733	-0.9941201	0.004612285	0	-0.0006283185	0	0.10750733	-0.9941201	0.004612285	2.918296e-20	1
0	0.10958043	-0.9938935	0.004627458	0	-0.0002513274	0	0.10958043	-0.9938935	0.004627458	2.933262e-20	1
0	0.10958043	-0.9938935	0.004627458	0	-0.0001256637	0	0.10958043	-0.9938935	0.004627458	2.93825e-20	1
0	0.10958043	-0.9938935	0.004627458	0	-6.283185e-05	0	0.10958043	-0.9938935	0.004627458	2.9407437e-20	1
0	0.10958043	-0.9938935	0.004627458	0	-2.5132742e-05	0	0.10958043	-0.9938935	0.004627458	2.94224e-20	1
0	0.10958043	-0.9938935	0.004627458	0	-1.2566371e-05	0	0.10958043	-0.9938935	0.004627458	2.942739e-20	1
0	0.10958043	-0.9938935	0.004627458	0	-6.2831855e-06	0	0.10958043	-0.9938935	0.004627458	2.942988e-20	1
0	0.10958043	-0.9938935	0.004627458	0	-2.513274e-06	0	0.10958043	-0.9938935	0.004627458	2.9431377e-20	1
0	0.10958043	-0.9938935	0.004627458	0	-1.256637e-06	0	0.10958043	-0.9938935	0.004627458	2.9431878e-20	1
0	0.10958043	-0.9938935	0.004627458	0	-6.283185e-07	0	0.10958043	-0.9938935	0.004627458	2.9432127e-20	1
0	0.10958043	-0.9938935	0.004627458	0	-2.513274e-07	0	0.10958043	-0.9938935	0.004627458	2.9432275e-20	1
0	0.10958043	-0.9938935	0.004627458	0	-1.256637e-07	0	0.10958043	-0.9938935	0.004627458	2.9432327e-20	1
0	0.10958043	-0.9938935	0.004627458	0	0	0	0.10958043	-0.9938935	0.004627458	2.9432375e-20	1
0	0.10958043	-0.9938935	0.004627458	0	1.256637e-07	0	0.10958043	-0.9938935	0.004627458	2.9432427e-20	1
0	0.10958043	-0.9938935	0.004627458	0	2.513274e-07	0	0.10958043	-0.9938935	0.004627458	2.9432476e-20	1
0	0.10958043	-0.9938935	0.004627458	0	6.283185e-07	0	0.10958043	-0.9938935	0.004627458	2.9432624e-20	1
0	0.10958043	-0.9938935	0.004627458	0	1.256637e-06	0	0.10958043	-0.9938935	0.004627458	2.9432876e-20	1
0	0.10958043	-0.9938935	0.004627458	0	2.513274e-06	0	0.10958043	-0.9938935	0.004627458	2.9433374e-20	1
0	0.10958043	-0.9938935	0.004627458	0	6.2831855e-06	0	0.10958043	-0.9938935	0.004627458	2.943487e-20	1
0	0.10958043	-0.9938935	0.004627458	0	1.2566371e-05	0	0.10958043	-0.9938935	0.004627458	2.9437364e-20	1
0	0.10958043	-0.9938935	0.004627458	0	2.5132742e-05	0	0.10958043	-0.9938935	0.004627458	2.9442353e-20	1
0	0.11136562	-0.9936948	0.004640431	0	6.283185e-05	0	0.11136562	-0.9936948	0.004640431	2.94573e-20	1
0	0.11136562	-0.9936948	0.004640431	0	0.0001256637	0	0.11136562	-0.9936948	0.004640431	2.9482236e-20	1
0	0.11136562	-0.9936948	0.004640431	0	0.0002513274	0	0.11136562	-0.9936948	0.004640431	2.9532102e-20	1
0	0.11474016	-0.99331033	0.0046647135	0	0.0006283185	0	0.11474016	-0.99331033	0.0046647135	2.9681667e-20	1
0	0.117086336	-0.9930362	0.004681426	0	0.0010053096	0	0.117086336	-0.9930362	0.004681426	2.9831193e-20	1
0	0.117086336	-0.9930362	0.004681426	0	0.001256637	0	0.117086336	-0.9930362	0.004681426	2.993086e-20	1
0	0.123057455	-0.99231315	0.004723298	0	0.0018849556	0	0.123057455	-0.99231315	0.004723298	3.0179917e-20	1
0	0.12776116	-0.9917179	0.004755551	0	0.002513274	0	0.12776116	-0.9917179	0.004755551	3.042884e-20	1
0	0.13829136	-0.9903028	0.0048257886	0	0.0037699111	0	0.13829136	-0.9903028	0.0048257886	3.0926193e-20	1
0	0.16682845	-0.9858924	0.0050016074	0	0.0062831854	0	0.16682845	-0.9858924	0.0050016074	3.1918176e-20	1
0	0.24301416	-0.96991396	0.005361787	0	0.009424778	0	0.24301416	-0.96991396	0.005361787	3.31477e-20	1
0	0.8679225	0.49641022	-0.0024450044	0	0.012566371	0	0.8679225	0.49641022	-0.0024450044	2.6520278e-20	1
0	-0.056373335	0.99833214	-0.004192177	0	0.018849555	0	-0.056373335	0.99833214	-0.004192177	2.1928805e-20	1
0	-0.048405975	0.99875116	-0.0041146614	0	0.025132742	0	-0.048405975	0.99875116	-0.0041146614	1.9423167e-20	1
0	-0.037713155	0.9992137	-0.003999509	0	0.03769911	0	-0.037713155	0.9992137	-0.003999509	1.4409625e-20	1
0	-0.030875161	0.9994496	-0.003914631	0	0.050265484	0	-0.030875161	0.9994496	-0.003914631	9.394415e-21	1
0	-0.026125588	0.9995862	-0.003846692	0	0.06283186	0	-0.026125588	0.9995862	-0.003846692	4.3782944e-21	1
