# t (s)	mx ()	my ()	mz ()	B_extx (T)	B_exty (T)	B_extz (T)	mx ()	my ()	mz ()	E_total (J)	branch ()
0	-0.044355057	0.9989494	0.0011485049	0	0.06283186	0	-0.044355057	0.9989494	0.0011485049	4.6284956e-21	-1
0	-0.0527134	0.9985422	0.0011601637	0	0.050265484	0	-0.0527134	0.9985422	0.0011601637	9.640792e-21	-1
0	-0.06481668	0.99782836	0.0011726281	0	0.03769911	0	-0.06481668	0.99782836	0.0011726281	1.4650372e-20	-1
0	-0.08376023	0.99641514	0.0011858708	0	0.025132742	0	-0.08376023	0.99641514	0.0011858708	1.9654876e-20	-1
0	-0.09779656	0.99513423	0.001192587	0	0.018849555	0	-0.09779656	0.99513423	0.001192587	2.2153643e-20	-1
0	-0.11706604	0.99304986	0.0011988303	0	0.012566371	0	-0.11706604	0.99304986	0.0011988303	2.4648297e-20	-1
0	-0.12963554	0.99148595	0.0012014192	0	0.009424778	0	-0.12963554	0.99148595	0.0012014192	2.5893269e-20	-1
0	-0.14499998	0.989354	0.0012032138	0	0.0062831854	0	-0.14499998	0.989354	0.0012032138	2.713595e-20	-1
0	-0.15999018	0.98703885	0.0012036704	0	0.0037699111	0	-0.15999018	0.98703885	0.0012036704	2.8127853e-20	-1
0	-0.16865014	0.985595	0.001203389	0	0.002513274	0	-0.16865014	0.985595	0.001203389	2.8622847e-20	-1
0	-0.17332765	0.9847826	0.0012030771	0	0.0018849556	0	-0.17332765	0.9847826	0.0012030771	2.887006e-20	-1
0	-0.17824689	0.9839034	0.0012026245	0	0.001256637	0	-0.17824689	0.9839034	0.0012026245	2.9117055e-20	-1
0	-0.17824689	0.9839034	0.0012026245	0	0.0010053096	0	-0.17824689	0.9839034	0.0012026245	2.921581e-20	-1
0	-0.18345702	0.9829445	0.001202032	0	0.0006283185	0	-0.18345702	0.9829445	0.001202032	2.9363823e-20	-1
0	-0.18673804	0.982326	0.0012015842	0	0.0002513274	0	-0.18673804	0.982326	0.0012015842	2.9511762e-20	-1
0	-0.18673804	0.982326	0.0012015842	0	0.0001256637	0	-0.18673804	0.982326	0.0012015842	2.956106e-20	-1
0	-0.18673804	0.982326	0.0012015842	0	6.283185e-05	0	-0.18673804	0.982326	0.0012015842	2.958571e-20	-1
0	-0.18673804	0.982326	0.0012015842	0	2.5132742e-05	0	-0.18673804	0.982326	0.0012015842	2.96005e-20	-1
0	-0.18673804	0.982326	0.0012015842	0	1.2566371e-05	0	-0.18673804	0.982326	0.0012015842	2.9605427e-20	-1
0	-0.18673804	0.982326	0.0012015842	0	6.2831855e-06	0	-0.18673804	0.982326	0.0012015842	2.9607893e-20	-1
0	-0.18673804	0.982326	0.0012015842	0	2.513274e-06	0	-0.18673804	0.982326	0.0012015842	2.9609373e-20	-1
0	-0.18673804	0.982326	0.0012015842	0	1.256637e-06	0	-0.18673804	0.982326	0.0012015842	2.9609867e-20	-1
0	-0.18673804	0.982326	0.0012015842	0	6.283185e-07	0	-0.18673804	0.982326	0.0012015842	2.9610113e-20	-1
0	-0.18673804	0.982326	0.0012015842	0	2.513274e-07	0	-0.18673804	0.982326	0.0012015842	2.961026e-20	-1
0	-0.18673804	0.982326	0.0012015842	0	1.256637e-07	0	-0.18673804	0.982326	0.0012015842	2.961031e-20	-1
0	-0.18673804	0.982326	0.0012015842	0	0	0	-0.18673804	0.982326	0.0012015842	2.9610358e-20	-1
0	-0.18673804	0.982326	0.0012015842	0	-1.256637e-07	0	-0.18673804	0.982326	0.0012015842	2.9610407e-20	-1
0	-0.18673804	0.982326	0.0012015842	0	-2.513274e-07	0	-0.18673804	0.982326	0.0012015842	2.9610458e-20	-1
0	-0.18673804	0.982326	0.0012015842	0	-6.283185e-07	0	-0.18673804	0.982326	0.0012015842	2.9610604e-20	-1
0	-0.18673804	0.982326	0.0012015842	0	-1.256637e-06	0	-0.18673804	0.982326	0.0012015842	2.9610853e-20	-1
0	-0.18673804	0.982326	0.0012015842	0	-2.513274e-06	0	-0.18673804	0.982326	0.0012015842	2.9611344e-20	-1
0	-0.18673804	0.982326	0.0012015842	0	-6.2831855e-06	0	-0.18673804	0.982326	0.0012015842	2.9612824e-20	-1
0	-0.18673804	0.982326	0.0012015842	0	-1.2566371e-05	0	-0.18673804	0.982326	0.0012015842	2.961529e-20	-1
0	-0.18673804	0.982326	0.0012015842	0	-2.5132742e-05	0	-0.18673804	0.982326	0.0012015842	2.962022e-20	-1
0	-0.18673804	0.982326	0.0012015842	0	-6.283185e-05	0	-0.18673804	0.982326	0.0012015842	2.963501e-20	-1
0	-0.19011906	0.9816767	0.0012010694	0	-0.0001256637	0	-0.19011906	0.9816767	0.0012010694	2.9659608e-20	-1
0	-0.19011906	0.9816767	0.0012010694	0	-0.0002513274	0	-0.19011906	0.9816767	0.0012010694	2.9708873e-20	-1
0	-0.19485623	0.98074675	0.0012002573	0	-0.0006283185	0	-0.19485623	0.98074675	0.0012002573	2.985658e-20	-1
0	-0.19855432	0.9800042	0.0011995522	0	-0.0010053096	0	-0.19855432	0.9800042	0.0011995522	3.0004177e-20	-1
0	-0.19855432	0.9800042	0.0011995522	0	-0.001256637	0	-0.19855432	0.9800042	0.0011995522	3.010254e-20	-1
0	-0.20777227	0.9780899	0.0011975091	0	-0.0018849556	0	-0.20777227	0.9780899	0.0011975091	3.034812e-20	-1
0	-0.2149333	0.9765402	0.001195651	0	-0.002513274	0	-0.2149333	0.9765402	0.001195651	3.0593356e-20	-1
0	-0.23095804	0.97287214	0.0011906702	0	-0.0037699111	0	-0.23095804	0.97287214	0.0011906702	3.1082546e-20	-1
0	-0.273686	0.96171874	0.0011718853	0	-0.0062831854	0	-0.273686	0.96171874	0.0011718853	3.2053985e-20	-1
0	0.9973171	-0.07223834	-9.043055e-05	0	-0.009424778	0	0.9973171	-0.07223834	-9.043055e-05	2.7552847e-20	-1
0	0.96625984	-0.2572059	-0.00012863785	0	-0.012566371	0	0.96625984	-0.2572059	-0.00012863785	2.7372424e-20	-1
0	0.09779902	-0.995134	-0.001192588	0	-0.018849555	0	0.09779902	-0.995134	-0.001192588	2.2153643e-20	-1
0	0.083766095	-0.99641466	-0.0011858729	0	-0.025132742	0	0.083766095	-0.99641466	-0.0011858729	1.9654876e-20	-1
0	0.06481974	-0.9978281	-0.0011726182	0	-0.03769911	0	0.06481974	-0.9978281	-0.0011726182	1.4650375e-20	-1
0	0.052718274	-0.99854195	-0.0011601639	0	-0.050265484	0	0.052718274	-0.99854195	-0.0011601639	9.640794e-21	-1
0	0.044359773	-0.99894917	-0.0011485005	0	-0.06283186	0	0.044359773	-0.99894917	-0.0011485005	4.6284948e-21	-1
0	0.044359773	-0.99894917	-0.0011485005	0	-0.06283186	0	0.044359773	-0.99894917	-0.0011485005	4.6284948e-21	1
0	0.05270634	-0.99854255	-0.0011601611	0	-0.050265484	0	0.05270634	-0.99854255	-0.0011601611	9.6407965e-21	1
0	0.06480966	-0.99782884	-0.0011726154	0	-0.03769911	0	0.06480966	-0.99782884	-0.0011726154	1.4650372e-20	1
0	0.083761424	-0.99641514	-0.0011858728	0	-0.025132742	0	0.083761424	-0.99641514	-0.0011858728	1.9654873e-20	1
0	0.0977989	-0.995134	-0.001192586	0	-0.018849555	0	0.0977989	-0.995134	-0.001192586	2.2153646e-20	1
0	0.117072344	-0.99304914	-0.0011988296	0	-0.012566371	0	0.117072344	-0.99304914	-0.0011988296	2.4648297e-20	1
0	0.12962854	-0.9914869	-0.0012014133	0	-0.009424778	0	0.12962854	-0.9914869	-0.0012014133	2.589327e-20	1
0	0.1449996	-0.989354	-0.0012032147	0	-0.0062831854	0	0.1449996	-0.989354	-0.0012032147	2.7135948e-20	1
0	0.15998922	-0.987039	-0.0012036683	0	-0.0037699111	0	0.15998922	-0.987039	-0.0012036683	2.8127857e-20	1
0	0.16864406	-0.98559606	-0.00120339	0	-0.002513274	0	0.16864406	-0.98559606	-0.00120339	2.862285e-20	1
0	0.17331219	-0.9847852	-0.0012030802	0	-0.0018849556	0	0.17331219	-0.9847852	-0.0012030802	2.8870057e-20	1
0	0.17826048	-0.9839009	-0.0012026303	0	-0.001256637	0	0.17826048	-0.9839009	-0.0012026303	2.9117055e-20	1
0	0.17826048	-0.9839009	-0.0012026303	0	-0.0010053096	0	0.17826048	-0.9839009	-0.0012026303	2.921581e-20	1
0	0.183476	-0.982941	-0.0012020266	0	-0.0006283185	0	0.183476	-0.982941	-0.0012020266	2.9363823e-20	1
0	0.18673286	-0.982327	-0.0012015861	0	-0.0002513274	0	0.18673286	-0.982327	-0.0012015861	2.9511762e-20	1
0	0.18673286	-0.982327	-0.0012015861	0	-0.0001256637	0	0.18673286	-0.982327	-0.0012015861	2.956106e-20	1
0	0.18673286	-0.982327	-0.0012015861	0	-6.283185e-05	0	0.18673286	-0.982327	-0.0012015861	2.958571e-20	1
0	0.18673286	-0.982327	-0.0012015861	0	-2.5132742e-05	0	0.18673286	-0.982327	-0.0012015861	2.96005e-20	1
0	0.18673286	-0.982327	-0.0012015861	0	-1.2566371e-05	0	0.18673286	-0.982327	-0.0012015861	2.9605427e-20	1
0	0.18673286	-0.982327	-0.0012015861	0	-6.2831855e-06	0	0.18673286	-0.982327	-0.0012015861	2.9607893e-20	1
0	0.18673286	-0.982327	-0.0012015861	0	-2.513274e-06	0	0.18673286	-0.982327	-0.0012015861	2.9609373e-20	1
0	0.18673286	-0.982327	-0.0012015861	0	-1.256637e-06	0	0.18673286	-0.982327	-0.0012015861	2.9609867e-20	1
0	0.18673286	-0.982327	-0.0012015861	0	-6.283185e-07	0	0.18673286	-0.982327	-0.0012015861	2.9610113e-20	1
0	0.18673286	-0.982327	-0.0012015861	0	-2.513274e-07	0	0.18673286	-0.982327	-0.0012015861	2.961026e-20	1
0	0.18673286	-0.982327	-0.0012015861	0	-1.256637e-07	0	0.18673286	-0.982327	-0.0012015861	2.961031e-20	1
0	0.18673286	-0.982327	-0.0012015861	0	0	0	0.18673286	-0.982327	-0.0012015861	2.9610358e-20	1
0	0.18673286	-0.982327	-0.0012015861	0	1.256637e-07	0	0.18673286	-0.982327	-0.0012015861	2.9610407e-20	1
0	0.18673286	-0.982327	-0.0012015861	0	2.513274e-07	0	0.18673286	-0.982327	-0.0012015861	2.9610458e-20	1
0	0.18673286	-0.982327	-0.0012015861	0	6.283185e-07	0	0.18673286	-0.982327	-0.0012015861	2.9610604e-20	1
0	0.18673286	-0.982327	-0.0012015861	0	1.256637e-06	0	0.18673286	-0.982327	-0.0012015861	2.9610853e-20	1
0	0.18673286	-0.982327	-0.0012015861	0	2.513274e-06	0	0.18673286	-0.982327	-0.0012015861	2.9611344e-20	1
0	0.18673286	-0.982327	-0.0012015861	0	6.2831855e-06	0	0.18673286	-0.982327	-0.0012015861	2.9612824e-20	1
0	0.18673286	-0.982327	-0.0012015861	0	1.2566371e-05	0	0.18673286	-0.982327	-0.0012015861	2.961529e-20	1
0	0.18673286	-0.982327	-0.0012015861	0	2.5132742e-05	0	0.18673286	-0.982327	-0.0012015861	2.9620217e-20	1
0	0.18673286	-0.982327	-0.0012015861	0	6.283185e-05	0	0.18673286	-0.982327	-0.0012015861	2.963501e-20	1
0	0.19013438	-0.98167384	-0.0012010671	0	0.0001256637	0	0.19013438	-0.98167384	-0.0012010671	2.9659608e-20	1
0	0.19013438	-0.98167384	-0.0012010671	0	0.0002513274	0	0.19013438	-0.98167384	-0.0012010671	2.9708873e-20	1
0	0.19489323	-0.98073936	-0.0012002478	0	0.0006283185	0	0.19489323	-0.98073936	-0.0012002478	2.9856577e-20	1
0	0.19853094	-0.98000896	-0.001199557	0	0.0010053096	0	0.19853094	-0.98000896	-0.001199557	3.0004177e-20	1
0	0.19853094	-0.98000896	-0.001199557	0	0.001256637	0	0.19853094	-0.98000896	-0.001199557	3.010254e-20	1
0	0.20778815	-0.9780866	-0.0011975022	0	0.0018849556	0	0.20778815	-0.9780866	-0.0011975022	3.034812e-20	1
0	0.21493194	-0.97654045	-0.0011956517	0	0.002513274	0	0.21493194	-0.97654045	-0.0011956517	3.0593356e-20	1
0	0.23101422	-0.9728588	-0.0011906477	0	0.0037699111	0	0.23101422	-0.9728588	-0.0011906477	3.108255e-20	1
0	0.27360347	-0.96174216	-0.0011719324	0	0.0062831854	0	0.27360347	-0.96174216	-0.0011719324	3.2053985e-20	1
0	0.92160547	0.38782805	-6.134593e-05	0	0.009424778	0	0.92160547	0.38782805	-6.134593e-05	2.6268612e-20	1
0	0.88089836	0.47302142	-2.4620003e-05	0	0.012566371	0	0.88089836	0.47302142	-2.4620003e-05	2.5730548e-20	1
0	-0.09779977	0.9951339	0.0011925845	0	0.018849555	0	-0.09779977	0.9951339	0.0011925845	2.2153645e-20	1
0	-0.08376323	0.9964149	0.0011858777	0	0.025132742	0	-0.08376323	0.9964149	0.0011858777	1.9654874e-20	1
0	-0.064820856	0.99782807	0.0011726182	0	0.03769911	0	-0.064820856	0.99782807	0.0011726182	1.4650374e-20	1
0	-0.052716516	0.998542	0.0011601647	0	0.050265484	0	-0.052716516	0.998542	0.0011601647	9.640793e-21	1
0	-0.04435966	0.99894917	0.0011485016	0	0.06283186	0	-0.04435966	0.99894917	0.0011485016	4.6284948e-21	1
