# t (s)	mx ()	my ()	mz ()	B_extx (T)	B_exty (T)	B_extz (T)	mx ()	my ()	mz ()	E_total (J)	branch ()
0	0.99866176	0.05045646	-0.00017891235	0.06283186	0	0	0.99866176	0.05045646	-0.00017891235	2.3215991e-21	-1
0	0.9982883	0.05735642	-0.00018071788	0.050265484	0	0	0.9982883	0.05735642	-0.00018071788	7.33251e-21	-1
0	0.99772596	0.066405416	-0.00018262287	0.03769911	0	0	0.99772596	0.066405416	-0.00018262287	1.23411195e-20	-1
0	0.99682355	0.07878383	-0.00018460643	0.025132742	0	0	0.99682355	0.07878383	-0.00018460643	1.7346136e-20	-1
0	0.99615395	0.08683115	-0.0001856091	0.018849555	0	0	0.99615395	0.08683115	-0.0001856091	1.984662e-20	-1
0	0.9952452	0.09668	-0.0001865903	0.012566371	0	0	0.9952452	0.09668	-0.0001865903	2.2345142e-20	-1
0	0.994665	0.10247117	-0.00018705713	0.009424778	0	0	0.994665	0.10247117	-0.00018705713	2.3593445e-20	-1
0	0.9939725	0.108977854	-0.0001874939	0.0062831854	0	0	0.9939725	0.108977854	-0.0001874939	2.4840956e-20	-1
0	0.9933148	0.11481242	-0.00018781176	0.0037699111	0	0	0.9933148	0.11481242	-0.00018781176	2.5838289e-20	-1
0	0.9929452	0.117963344	-0.0001879562	0.002513274	0	0	0.9929452	0.117963344	-0.0001879562	2.6336692e-20	-1
0	0.99274856	0.11960485	-0.00018802416	0.0018849556	0	0	0.99274856	0.11960485	-0.00018802416	2.6585822e-20	-1
0	0.9925436	0.12129265	-0.00018808863	0.001256637	0	0	0.9925436	0.12129265	-0.00018808863	2.6834902e-20	-1
0	0.9925436	0.12129265	-0.00018808863	0.0010053096	0	0	0.9925436	0.12129265	-0.00018808863	2.6934524e-20	-1
0	0.992331	0.12301827	-0.00018814913	0.0006283185	0	0	0.992331	0.12301827	-0.00018814913	2.7083929e-20	-1
0	0.9921982	0.12408419	-0.00018818468	0.0002513274	0	0	0.9921982	0.12408419	-0.00018818468	2.7233322e-20	-1
0	0.9921982	0.12408419	-0.00018818468	0.0001256637	0	0	0.9921982	0.12408419	-0.00018818468	2.7283115e-20	-1
0	0.9921982	0.12408419	-0.00018818468	6.283185e-05	0	0	0.9921982	0.12408419	-0.00018818468	2.730801e-20	-1
0	0.9921982	0.12408419	-0.00018818468	2.5132742e-05	0	0	0.9921982	0.12408419	-0.00018818468	2.732295e-20	-1
0	0.9921982	0.12408419	-0.00018818468	1.2566371e-05	0	0	0.9921982	0.12408419	-0.00018818468	2.7327928e-20	-1
0	0.9921982	0.12408419	-0.00018818468	6.2831855e-06	0	0	0.9921982	0.12408419	-0.00018818468	2.733042e-20	-1
0	0.9921982	0.12408419	-0.00018818468	2.513274e-06	0	0	0.9921982	0.12408419	-0.00018818468	2.7331912e-20	-1
0	0.9921982	0.12408419	-0.00018818468	1.256637e-06	0	0	0.9921982	0.12408419	-0.00018818468	2.733241e-20	-1
0	0.9921982	0.12408419	-0.00018818468	6.283185e-07	0	0	0.9921982	0.12408419	-0.00018818468	2.7332658e-20	-1
0	0.9921982	0.12408419	-0.00018818468	2.513274e-07	0	0	0.9921982	0.12408419	-0.00018818468	2.733281e-20	-1
0	0.9921982	0.12408419	-0.00018818468	1.256637e-07	0	0	0.9921982	0.12408419	-0.00018818468	2.733286e-20	-1
0	0.9921982	0.12408419	-0.00018818468	0	0	0	0.9921982	0.12408419	-0.00018818468	2.733291e-20	-1
0	0.9921982	0.12408419	-0.00018818468	-1.256637e-07	0	0	0.9921982	0.12408419	-0.00018818468	2.733296e-20	-1
0	0.9921982	0.12408419	-0.00018818468	-2.513274e-07	0	0	0.9921982	0.12408419	-0.00018818468	2.7333007e-20	-1
0	0.9921982	0.12408419	-0.00018818468	-6.283185e-07	0	0	0.9921982	0.12408419	-0.00018818468	2.733316e-20	-1
0	0.9921982	0.12408419	-0.00018818468	-1.256637e-06	0	0	0.9921982	0.12408419	-0.00018818468	2.7333408e-20	-1
0	0.9921982	0.12408419	-0.00018818468	-2.513274e-06	0	0	0.9921982	0.12408419	-0.00018818468	2.7333905e-20	-1
0	0.9921982	0.12408419	-0.00018818468	-6.2831855e-06	0	0	0.9921982	0.12408419	-0.00018818468	2.7335398e-20	-1
0	0.9921982	0.12408419	-0.00018818468	-1.2566371e-05	0	0	0.9921982	0.12408419	-0.00018818468	2.733789e-20	-1
0	0.9921982	0.12408419	-0.00018818468	-2.5132742e-05	0	0	0.9921982	0.12408419	-0.00018818468	2.734287e-20	-1
0	0.9920851	0.124983825	-0.00018821273	-6.283185e-05	0	0	0.9920851	0.124983825	-0.00018821273	2.73578e-20	-1
0	0.9920851	0.124983825	-0.00018821273	-0.0001256637	0	0	0.9920851	0.124983825	-0.00018821273	2.7382693e-20	-1
0	0.9920851	0.124983825	-0.00018821273	-0.0002513274	0	0	0.9920851	0.124983825	-0.00018821273	2.743248e-20	-1
0	0.99187505	0.12663853	-0.0001882599	-0.0006283185	0	0	0.99187505	0.12663853	-0.0001882599	2.7581817e-20	-1
0	0.9917302	0.12776735	-0.00018830186	-0.0010053096	0	0	0.9917302	0.12776735	-0.00018830186	2.7731143e-20	-1
0	0.99163175	0.12852804	-0.00018830845	-0.001256637	0	0	0.99163175	0.12852804	-0.00018830845	2.7830676e-20	-1
0	0.99137723	0.13047498	-0.00018834425	-0.0018849556	0	0	0.99137723	0.13047498	-0.00018834425	2.8079467e-20	-1
0	0.9911113	0.13247877	-0.00018838982	-0.002513274	0	0	0.9911113	0.13247877	-0.00018838982	2.83282e-20	-1
0	0.99053955	0.13668421	-0.00018844721	-0.0037699111	0	0	0.99053955	0.13668421	-0.00018844721	2.8825445e-20	-1
0	0.9892175	0.14593686	-0.00018847181	-0.0062831854	0	0	0.9892175	0.14593686	-0.00018847181	2.9819008e-20	-1
0	0.98712873	0.15944356	-0.00018826395	-0.009424778	0	0	0.98712873	0.15944356	-0.00018826395	3.1058855e-20	-1
0	0.9843422	0.17581628	-0.00018763731	-0.012566371	0	0	0.9843422	0.17581628	-0.00018763731	3.2295668e-20	-1
0	0.9747669	0.22283661	-0.00018364076	-0.018849555	0	0	0.9747669	0.22283661	-0.00018364076	3.4755166e-20	-1
0	0.9430225	0.33240634	-0.00016177574	-0.025132742	0	0	0.9430225	0.33240634	-0.00016177574	3.7172747e-20	-1
0	-0.99772555	-0.066412166	0.00018262319	-0.03769911	0	0	-0.99772555	-0.066412166	0.00018262319	1.2341118e-20	-1
0	-0.99828804	-0.057360187	0.0001807218	-0.050265484	0	0	-0.99828804	-0.057360187	0.0001807218	7.332509e-21	-1
0	-0.99866176	-0.050457243	0.00017891242	-0.06283186	0	0	-0.99866176	-0.050457243	0.00017891242	2.3215981e-21	-1
0	-0.99866176	-0.050457243	0.00017891242	-0.06283186	0	0	-0.99866176	-0.050457243	0.00017891242	2.3215981e-21	1
0	-0.99828815	-0.05735781	0.0001807212	-0.050265484	0	0	-0.99828815	-0.05735781	0.0001807212	7.332509e-21	1
0	-0.99772584	-0.06640825	0.00018261746	-0.03769911	0	0	-0.99772584	-0.06640825	0.00018261746	1.2341117e-20	1
0	-0.99682367	-0.07878226	0.00018460595	-0.025132742	0	0	-0.99682367	-0.07878226	0.00018460595	1.7346137e-20	1
0	-0.99615383	-0.08683224	0.00018560902	-0.018849555	0	0	-0.99615383	-0.08683224	0.00018560902	1.9846622e-20	1
0	-0.99524534	-0.09667872	0.00018658947	-0.012566371	0	0	-0.99524534	-0.09667872	0.00018658947	2.2345139e-20	1
0	-0.99466515	-0.102470025	0.00018705611	-0.009424778	0	0	-0.99466515	-0.102470025	0.00018705611	2.3593446e-20	1
0	-0.99397147	-0.108986765	0.00018749462	-0.0062831854	0	0	-0.99397147	-0.108986765	0.00018749462	2.4840961e-20	1
0	-0.99331534	-0.114807755	0.00018781138	-0.0037699111	0	0	-0.99331534	-0.114807755	0.00018781138	2.5838287e-20	1
0	-0.992946	-0.11795585	0.00018795652	-0.002513274	0	0	-0.992946	-0.11795585	0.00018795652	2.6336692e-20	1
0	-0.9927487	-0.11960432	0.00018802396	-0.0018849556	0	0	-0.9927487	-0.11960432	0.00018802396	2.6585819e-20	1
0	-0.9925438	-0.121290736	0.00018808868	-0.001256637	0	0	-0.9925438	-0.121290736	0.00018808868	2.6834906e-20	1
0	-0.9925438	-0.121290736	0.00018808868	-0.0010053096	0	0	-0.9925438	-0.121290736	0.00018808868	2.6934527e-20	1
0	-0.99232996	-0.123026416	0.00018814969	-0.0006283185	0	0	-0.99232996	-0.123026416	0.00018814969	2.7083932e-20	1
0	-0.9921981	-0.12408435	0.00018818333	-0.0002513274	0	0	-0.9921981	-0.12408435	0.00018818333	2.723332e-20	1
0	-0.9921981	-0.12408435	0.00018818333	-0.0001256637	0	0	-0.9921981	-0.12408435	0.00018818333	2.7283115e-20	1
0	-0.9921981	-0.12408435	0.00018818333	-6.283185e-05	0	0	-0.9921981	-0.12408435	0.00018818333	2.730801e-20	1
0	-0.9921173	-0.12472873	0.00018820477	-2.5132742e-05	0	0	-0.9921173	-0.12472873	0.00018820477	2.732295e-20	1
0	-0.9921173	-0.12472873	0.00018820477	-1.2566371e-05	0	0	-0.9921173	-0.12472873	0.00018820477	2.7327928e-20	1
0	-0.9921173	-0.12472873	0.00018820477	-6.2831855e-06	0	0	-0.9921173	-0.12472873	0.00018820477	2.733042e-20	1
0	-0.9921173	-0.12472873	0.00018820477	-2.513274e-06	0	0	-0.9921173	-0.12472873	0.00018820477	2.7331912e-20	1
0	-0.9921173	-0.12472873	0.00018820477	-1.256637e-06	0	0	-0.9921173	-0.12472873	0.00018820477	2.733241e-20	1
0	-0.9921173	-0.12472873	0.00018820477	-6.283185e-07	0	0	-0.9921173	-0.12472873	0.00018820477	2.7332658e-20	1
0	-0.9921173	-0.12472873	0.00018820477	-2.513274e-07	0	0	-0.9921173	-0.12472873	0.00018820477	2.7332807e-20	1
0	-0.9921173	-0.12472873	0.00018820477	-1.256637e-07	0	0	-0.9921173	-0.12472873	0.00018820477	2.733286e-20	1
0	-0.9921173	-0.12472873	0.00018820477	0	0	0	-0.9921173	-0.12472873	0.00018820477	2.7332907e-20	1
0	-0.9921173	-0.12472873	0.00018820477	1.256637e-07	0	0	-0.9921173	-0.12472873	0.00018820477	2.733296e-20	1
0	-0.9921173	-0.12472873	0.00018820477	2.513274e-07	0	0	-0.9921173	-0.12472873	0.00018820477	2.7333007e-20	1
0	-0.9921173	-0.12472873	0.00018820477	6.283185e-07	0	0	-0.9921173	-0.12472873	0.00018820477	2.7333156e-20	1
0	-0.9921173	-0.12472873	0.00018820477	1.256637e-06	0	0	-0.9921173	-0.12472873	0.00018820477	2.7333405e-20	1
0	-0.9921173	-0.12472873	0.00018820477	2.513274e-06	0	0	-0.9921173	-0.12472873	0.00018820477	2.7333902e-20	1
0	-0.9921173	-0.12472873	0.00018820477	6.2831855e-06	0	0	-0.9921173	-0.12472873	0.00018820477	2.7335398e-20	1
0	-0.9921173	-0.12472873	0.00018820477	1.2566371e-05	0	0	-0.9921173	-0.12472873	0.00018820477	2.7337886e-20	1
0	-0.9921173	-0.12472873	0.00018820477	2.5132742e-05	0	0	-0.9921173	-0.12472873	0.00018820477	2.7342866e-20	1
0	-0.9921173	-0.12472873	0.00018820477	6.283185e-05	0	0	-0.9921173	-0.12472873	0.00018820477	2.7357803e-20	1
0	-0.9921173	-0.12472873	0.00018820477	0.0001256637	0	0	-0.9921173	-0.12472873	0.00018820477	2.7382696e-20	1
0	-0.9921173	-0.12472873	0.00018820477	0.0002513274	0	0	-0.9921173	-0.12472873	0.00018820477	2.7432485e-20	1
0	-0.99187505	-0.12663901	0.00018825999	0.0006283185	0	0	-0.99187505	-0.12663901	0.00018825999	2.758182e-20	1
0	-0.99173	-0.12776911	0.0001882881	0.0010053096	0	0	-0.99173	-0.12776911	0.0001882881	2.773114e-20	1
0	-0.99173	-0.12776911	0.0001882881	0.001256637	0	0	-0.99173	-0.12776911	0.0001882881	2.7830682e-20	1
0	-0.9913774	-0.13047373	0.00018835171	0.0018849556	0	0	-0.9913774	-0.13047373	0.00018835171	2.8079473e-20	1
0	-0.9911113	-0.13247809	0.00018838973	0.002513274	0	0	-0.9911113	-0.13247809	0.00018838973	2.8328196e-20	1
0	-0.99053895	-0.13668868	0.00018844704	0.0037699111	0	0	-0.99053895	-0.13668868	0.00018844704	2.8825445e-20	1
0	-0.98921955	-0.14592326	0.00018847185	0.0062831854	0	0	-0.98921955	-0.14592326	0.00018847185	2.9819008e-20	1
0	-0.98712677	-0.15945575	0.00018826322	0.009424778	0	0	-0.98712677	-0.15945575	0.00018826322	3.1058855e-20	1
0	-0.98434055	-0.1758255	0.00018763662	0.012566371	0	0	-0.98434055	-0.1758255	0.00018763662	3.2295668e-20	1
0	-0.97476196	-0.22285822	0.00018363343	0.018849555	0	0	-0.97476196	-0.22285822	0.00018363343	3.4755163e-20	1
0	-0.9430319	-0.33237976	0.00016178339	0.025132742	0	0	-0.9430319	-0.33237976	0.00016178339	3.7172744e-20	1
0	0.9977256	0.06641215	-0.00018262319	0.03769911	0	0	0.9977256	0.06641215	-0.00018262319	1.234112e-20	1
0	0.9982879	0.05736263	-0.0001807211	0.050265484	0	0	0.9982879	0.05736263	-0.0001807211	7.33251e-21	1
0	0.9986617	0.05045765	-0.00017891244	0.06283186	0	0	0.9986617	0.05045765	-0.00017891244	2.3215997e-21	1
