# t (s)	mx ()	my ()	mz ()	B_extx (T)	B_exty (T)	B_extz (T)	mx ()	my ()	mz ()	E_total (J)	branch ()
0	-0.0048454218	0.9999218	0.0018621382	0	0.06283186	0	-0.0048454218	0.9999218	0.0018621382	4.5173735e-21	-1
0	-0.005712456	0.99991643	0.0018780099	0	0.050265484	0	-0.005712456	0.99991643	0.0018780099	9.535477e-21	-1
0	-0.006962602	0.99990773	0.0018944773	0	0.03769911	0	-0.006962602	0.99990773	0.0018944773	1.455354e-20	-1
0	-0.008898435	0.9998915	0.0019117733	0	0.025132742	0	-0.008898435	0.9998915	0.0019117733	1.9571547e-20	-1
0	-0.010344734	0.99987715	0.001920921	0	0.018849555	0	-0.010344734	0.99987715	0.001920921	2.208051e-20	-1
0	-0.012353921	0.99985397	0.0019305968	0	0.012566371	0	-0.012353921	0.99985397	0.0019305968	2.4589432e-20	-1
0	-0.013671012	0.99983656	0.0019357129	0	0.009424778	0	-0.013671012	0.99983656	0.0019357129	2.5843862e-20	-1
0	-0.015309459	0.9998126	0.0019411005	0	0.0062831854	0	-0.015309459	0.9998126	0.0019411005	2.7098269e-20	-1
0	-0.016923897	0.9997864	0.0019456588	0	0.0037699111	0	-0.016923897	0.9997864	0.0019456588	2.8101768e-20	-1
0	-0.017866762	0.9997698	0.0019480477	0	0.002513274	0	-0.017866762	0.9997698	0.0019480477	2.8603508e-20	-1
0	-0.018398551	0.99976015	0.0019493203	0	0.0018849556	0	-0.018398551	0.99976015	0.0019493203	2.885438e-20	-1
0	-0.01894163	0.99975	0.0019505369	0	0.001256637	0	-0.01894163	0.99975	0.0019505369	2.910524e-20	-1
0	-0.01894163	0.99975	0.0019505369	0	0.0010053096	0	-0.01894163	0.99975	0.0019505369	2.9205583e-20	-1
0	-0.019516815	0.9997388	0.0019518113	0	0.0006283185	0	-0.019516815	0.9997388	0.0019518113	2.9356097e-20	-1
0	-0.019849712	0.99973226	0.0019525652	0	0.0002513274	0	-0.019849712	0.99973226	0.0019525652	2.9506615e-20	-1
0	-0.020004172	0.99972916	0.0019528511	0	0.0001256637	0	-0.020004172	0.99972916	0.0019528511	2.955679e-20	-1
0	-0.020004172	0.99972916	0.0019528511	0	6.283185e-05	0	-0.020004172	0.99972916	0.0019528511	2.9581872e-20	-1
0	-0.020004172	0.99972916	0.0019528511	0	2.5132742e-05	0	-0.020004172	0.99972916	0.0019528511	2.9596923e-20	-1
0	-0.020004172	0.99972916	0.0019528511	0	1.2566371e-05	0	-0.020004172	0.99972916	0.0019528511	2.960194e-20	-1
0	-0.020004172	0.99972916	0.0019528511	0	6.2831855e-06	0	-0.020004172	0.99972916	0.0019528511	2.9604452e-20	-1
0	-0.020004172	0.99972916	0.0019528511	0	2.513274e-06	0	-0.020004172	0.99972916	0.0019528511	2.9605954e-20	-1
0	-0.020004172	0.99972916	0.0019528511	0	1.256637e-06	0	-0.020004172	0.99972916	0.0019528511	2.9606458e-20	-1
0	-0.020004172	0.99972916	0.0019528511	0	6.283185e-07	0	-0.020004172	0.99972916	0.0019528511	2.9606707e-20	-1
0	-0.020004172	0.99972916	0.0019528511	0	2.513274e-07	0	-0.020004172	0.99972916	0.0019528511	2.960686e-20	-1
0	-0.020004172	0.99972916	0.0019528511	0	1.256637e-07	0	-0.020004172	0.99972916	0.0019528511	2.9606907e-20	-1
0	-0.020004172	0.99972916	0.0019528511	0	0	0	-0.020004172	0.99972916	0.0019528511	2.960696e-20	-1
0	-0.020004172	0.99972916	0.0019528511	0	-1.256637e-07	0	-0.020004172	0.99972916	0.0019528511	2.9607007e-20	-1
0	-0.020004172	0.99972916	0.0019528511	0	-2.513274e-07	0	-0.020004172	0.99972916	0.0019528511	2.960706e-20	-1
0	-0.020004172	0.99972916	0.0019528511	0	-6.283185e-07	0	-0.020004172	0.99972916	0.0019528511	2.960721e-20	-1
0	-0.020004172	0.99972916	0.0019528511	0	-1.256637e-06	0	-0.020004172	0.99972916	0.0019528511	2.960746e-20	-1
0	-0.020004172	0.99972916	0.0019528511	0	-2.513274e-06	0	-0.020004172	0.99972916	0.0019528511	2.960796e-20	-1
0	-0.020004172	0.99972916	0.0019528511	0	-6.2831855e-06	0	-0.020004172	0.99972916	0.0019528511	2.9609466e-20	-1
0	-0.020004172	0.99972916	0.0019528511	0	-1.2566371e-05	0	-0.020004172	0.99972916	0.0019528511	2.9611977e-20	-1
0	-0.020004172	0.99972916	0.0019528511	0	-2.5132742e-05	0	-0.020004172	0.99972916	0.0019528511	2.9616992e-20	-1
0	-0.020004172	0.99972916	0.0019528511	0	-6.283185e-05	0	-0.020004172	0.99972916	0.0019528511	2.9632046e-20	-1
0	-0.020004172	0.99972916	0.0019528511	0	-0.0001256637	0	-0.020004172	0.99972916	0.0019528511	2.965713e-20	-1
0	-0.020369638	0.99972177	0.0019536288	0	-0.0002513274	0	-0.020369638	0.99972177	0.0019536288	2.9707303e-20	-1
0	-0.02079444	0.99971294	0.0019544545	0	-0.0006283185	0	-0.02079444	0.99971294	0.0019544545	2.985781e-20	-1
0	-0.02118516	0.9997047	0.0019552545	0	-0.0010053096	0	-0.02118516	0.9997047	0.0019552545	3.0008323e-20	-1
0	-0.021492608	0.99969816	0.001955824	0	-0.001256637	0	-0.021492608	0.99969816	0.001955824	3.0108667e-20	-1
0	-0.022227395	0.99968207	0.0019572147	0	-0.0018849556	0	-0.022227395	0.99968207	0.0019572147	3.0359512e-20	-1
0	-0.023032263	0.99966383	0.0019586612	0	-0.002513274	0	-0.023032263	0.99966383	0.0019586612	3.0610355e-20	-1
0	-0.024845187	0.9996202	0.0019616971	0	-0.0037699111	0	-0.024845187	0.9996202	0.0019616971	3.1112027e-20	-1
0	-0.029428795	0.9994955	0.001968429	0	-0.0062831854	0	-0.029428795	0.9994955	0.001968429	3.2115287e-20	-1
0	-0.038213164	0.9991977	0.0019787992	0	-0.009424778	0	-0.038213164	0.9991977	0.0019787992	3.3369122e-20	-1
0	-0.05491852	0.9984181	0.0019934974	0	-0.012566371	0	-0.05491852	0.9984181	0.0019934974	3.4622336e-20	-1
0	0.010359106	-0.99987704	-0.0019209092	0	-0.018849555	0	0.010359106	-0.99987704	-0.0019209092	2.208051e-20	-1
0	0.008911036	-0.9998914	-0.0019117862	0	-0.025132742	0	0.008911036	-0.9998914	-0.0019117862	1.9571549e-20	-1
0	0.0069685457	-0.9999076	-0.0018944852	0	-0.03769911	0	0.0069685457	-0.9999076	-0.0018944852	1.4553545e-20	-1
0	0.0057169655	-0.99991643	-0.0018780646	0	-0.050265484	0	0.0057169655	-0.99991643	-0.0018780646	9.535477e-21	-1
0	0.004849655	-0.9999218	-0.0018621415	0	-0.06283186	0	0.004849655	-0.9999218	-0.0018621415	4.5173694e-21	-1
0	0.004849655	-0.9999218	-0.0018621415	0	-0.06283186	0	0.004849655	-0.9999218	-0.0018621415	4.5173694e-21	1
0	0.005712997	-0.99991643	-0.0018779682	0	-0.050265484	0	0.005712997	-0.99991643	-0.0018779682	9.535475e-21	1
0	0.006961732	-0.99990773	-0.0018944698	0	-0.03769911	0	0.006961732	-0.99990773	-0.0018944698	1.455354e-20	1
0	0.008902632	-0.9998915	-0.0019117768	0	-0.025132742	0	0.008902632	-0.9998915	-0.0019117768	1.9571552e-20	1
0	0.010349256	-0.9998771	-0.0019209245	0	-0.018849555	0	0.010349256	-0.9998771	-0.0019209245	2.2080514e-20	1
0	0.012343602	-0.9998541	-0.0019305886	0	-0.012566371	0	0.012343602	-0.9998541	-0.0019305886	2.4589432e-20	1
0	0.013664424	-0.9998367	-0.0019357076	0	-0.009424778	0	0.013664424	-0.9998367	-0.0019357076	2.5843864e-20	1
0	0.015298411	-0.9998127	-0.0019410917	0	-0.0062831854	0	0.015298411	-0.9998127	-0.0019410917	2.709827e-20	1
0	0.016924195	-0.9997864	-0.001945659	0	-0.0037699111	0	0.016924195	-0.9997864	-0.001945659	2.8101768e-20	1
0	0.01787565	-0.9997697	-0.001948053	0	-0.002513274	0	0.01787565	-0.9997697	-0.001948053	2.8603508e-20	1
0	0.018391658	-0.99976027	-0.0019492763	0	-0.0018849556	0	0.018391658	-0.99976027	-0.0019492763	2.8854377e-20	1
0	0.018933428	-0.99975014	-0.0019505292	0	-0.001256637	0	0.018933428	-0.99975014	-0.0019505292	2.9105242e-20	1
0	0.018933428	-0.99975014	-0.0019505292	0	-0.0010053096	0	0.018933428	-0.99975014	-0.0019505292	2.9205586e-20	1
0	0.019521482	-0.9997388	-0.0019518196	0	-0.0006283185	0	0.019521482	-0.9997388	-0.0019518196	2.93561e-20	1
0	0.01989051	-0.9997314	-0.0019525973	0	-0.0002513274	0	0.01989051	-0.9997314	-0.0019525973	2.9506618e-20	1
0	0.01989051	-0.9997314	-0.0019525973	0	-0.0001256637	0	0.01989051	-0.9997314	-0.0019525973	2.955679e-20	1
0	0.01989051	-0.9997314	-0.0019525973	0	-6.283185e-05	0	0.01989051	-0.9997314	-0.0019525973	2.9581875e-20	1
0	0.01989051	-0.9997314	-0.0019525973	0	-2.5132742e-05	0	0.01989051	-0.9997314	-0.0019525973	2.9596926e-20	1
0	0.01989051	-0.9997314	-0.0019525973	0	-1.2566371e-05	0	0.01989051	-0.9997314	-0.0019525973	2.9601944e-20	1
0	0.01989051	-0.9997314	-0.0019525973	0	-6.2831855e-06	0	0.01989051	-0.9997314	-0.0019525973	2.9604452e-20	1
0	0.01989051	-0.9997314	-0.0019525973	0	-2.513274e-06	0	0.01989051	-0.9997314	-0.0019525973	2.9605957e-20	1
0	0.01989051	-0.9997314	-0.0019525973	0	-1.256637e-06	0	0.01989051	-0.9997314	-0.0019525973	2.9606458e-20	1
0	0.01989051	-0.9997314	-0.0019525973	0	-6.283185e-07	0	0.01989051	-0.9997314	-0.0019525973	2.960671e-20	1
0	0.01989051	-0.9997314	-0.0019525973	0	-2.513274e-07	0	0.01989051	-0.9997314	-0.0019525973	2.960686e-20	1
0	0.01989051	-0.9997314	-0.0019525973	0	-1.256637e-07	0	0.01989051	-0.9997314	-0.0019525973	2.960691e-20	1
0	0.01989051	-0.9997314	-0.0019525973	0	0	0	0.01989051	-0.9997314	-0.0019525973	2.960696e-20	1
0	0.01989051	-0.9997314	-0.0019525973	0	1.256637e-07	0	0.01989051	-0.9997314	-0.0019525973	2.960701e-20	1
0	0.01989051	-0.9997314	-0.0019525973	0	2.513274e-07	0	0.01989051	-0.9997314	-0.0019525973	2.960706e-20	1
0	0.01989051	-0.9997314	-0.0019525973	0	6.283185e-07	0	0.01989051	-0.9997314	-0.0019525973	2.960721e-20	1
0	0.01989051	-0.9997314	-0.0019525973	0	1.256637e-06	0	0.01989051	-0.9997314	-0.0019525973	2.9607463e-20	1
0	0.01989051	-0.9997314	-0.0019525973	0	2.513274e-06	0	0.01989051	-0.9997314	-0.0019525973	2.9607964e-20	1
0	0.01989051	-0.9997314	-0.0019525973	0	6.2831855e-06	0	0.01989051	-0.9997314	-0.0019525973	2.960947e-20	1
0	0.01989051	-0.9997314	-0.0019525973	0	1.2566371e-05	0	0.01989051	-0.9997314	-0.0019525973	2.9611977e-20	1
0	0.01989051	-0.9997314	-0.0019525973	0	2.5132742e-05	0	0.01989051	-0.9997314	-0.0019525973	2.9616995e-20	1
0	0.020204576	-0.9997251	-0.0019532563	0	6.283185e-05	0	0.020204576	-0.9997251	-0.0019532563	2.9632043e-20	1
0	0.020204576	-0.9997251	-0.0019532563	0	0.0001256637	0	0.020204576	-0.9997251	-0.0019532563	2.965713e-20	1
0	0.020381166	-0.9997215	-0.00195364	0	0.0002513274	0	0.020381166	-0.9997215	-0.00195364	2.9707303e-20	1
0	0.020788774	-0.99971306	-0.0019544512	0	0.0006283185	0	0.020788774	-0.99971306	-0.0019544512	2.9857814e-20	1
0	0.021223858	-0.99970394	-0.001955281	0	0.0010053096	0	0.021223858	-0.99970394	-0.001955281	3.0008326e-20	1
0	0.021483257	-0.9996984	-0.0019558147	0	0.001256637	0	0.021483257	-0.9996984	-0.0019558147	3.0108667e-20	1
0	0.022232536	-0.99968195	-0.001957219	0	0.0018849556	0	0.022232536	-0.99968195	-0.001957219	3.0359512e-20	1
0	0.023054926	-0.99966323	-0.0019586775	0	0.002513274	0	0.023054926	-0.99966323	-0.0019586775	3.0610358e-20	1
0	0.024835937	-0.99962044	-0.0019616904	0	0.0037699111	0	0.024835937	-0.99962044	-0.0019616904	3.1112027e-20	1
0	0.029394336	-0.9994966	-0.001968403	0	0.0062831854	0	0.029394336	-0.9994966	-0.001968403	3.2115287e-20	1
0	0.03829208	-0.99919474	-0.0019788533	0	0.009424778	0	0.03829208	-0.99919474	-0.0019788533	3.3369122e-20	1
0	0.054955617	-0.99841607	-0.0019935267	0	0.012566371	0	0.054955617	-0.99841607	-0.0019935267	3.4622336e-20	1
0	-0.010350704	0.99987715	0.0019209228	0	0.018849555	0	-0.010350704	0.99987715	0.0019209228	2.2080512e-20	1
0	-0.0089102145	0.9998914	0.0019117831	0	0.025132742	0	-0.0089102145	0.9998914	0.0019117831	1.9571549e-20	1
0	-0.0069681713	0.9999076	0.0018944805	0	0.03769911	0	-0.0069681713	0.9999076	0.0018944805	1.4553542e-20	1
0	-0.005715179	0.99991643	0.001878021	0	0.050265484	0	-0.005715179	0.99991643	0.001878021	9.535479e-21	1
0	-0.004847288	0.9999218	0.0018621397	0	0.06283186	0	-0.004847288	0.9999218	0.0018621397	4.5173715e-21	1
