# t (s)	mx ()	my ()	mz ()	B_extx (T)	B_exty (T)	B_extz (T)	mx ()	my ()	mz ()	E_total (J)	branch ()
0	0.012758728	0.9998524	-0.0015116986	0	0.06283186	0	0.012758728	0.9998524	-0.0015116986	4.5295316e-21	-1
0	0.015189896	0.9998176	-0.0015488111	0	0.050265484	0	0.015189896	0.9998176	-0.0015488111	9.5472144e-21	-1
0	0.018757679	0.9997561	-0.0015981849	0	0.03769911	0	0.018757679	0.9997561	-0.0015981849	1.4564671e-20	-1
0	0.024519514	0.99963045	-0.0016709893	0	0.025132742	0	0.024519514	0.99963045	-0.0016709893	1.9581675e-20	-1
0	0.028956767	0.9995111	-0.0017238772	0	0.018849555	0	0.028956767	0.9995111	-0.0017238772	2.2089865e-20	-1
0	0.035354253	0.99930465	-0.0017973752	0	0.012566371	0	0.035354253	0.99930465	-0.0017973752	2.459766e-20	-1
0	0.039732836	0.99913967	-0.0018464404	0	0.009424778	0	0.039732836	0.99913967	-0.0018464404	2.5851313e-20	-1
0	0.045361727	0.99889946	-0.0019084756	0	0.0062831854	0	0.045361727	0.99889946	-0.0019084756	2.7104718e-20	-1
0	0.051123224	0.9986206	-0.001971045	0	0.0037699111	0	0.051123224	0.9986206	-0.001971045	2.8107184e-20	-1
0	0.05460991	0.99843574	-0.0020085191	0	0.002513274	0	0.05460991	0.99843574	-0.0020085191	2.8608297e-20	-1
0	0.05656814	0.99832654	-0.0020294413	0	0.0018849556	0	0.05656814	0.99832654	-0.0020294413	2.8858813e-20	-1
0	0.058661453	0.99820554	-0.0020517313	0	0.001256637	0	0.058661453	0.99820554	-0.0020517313	2.9109306e-20	-1
0	0.058661453	0.99820554	-0.0020517313	0	0.0010053096	0	0.058661453	0.99820554	-0.0020517313	2.9209495e-20	-1
0	0.060867004	0.99807334	-0.0020751366	0	0.0006283185	0	0.060867004	0.99807334	-0.0020751366	2.935976e-20	-1
0	0.062301442	0.99798465	-0.0020903025	0	0.0002513274	0	0.062301442	0.99798465	-0.0020903025	2.9510024e-20	-1
0	0.062301442	0.99798465	-0.0020903025	0	0.0001256637	0	0.062301442	0.99798465	-0.0020903025	2.9560107e-20	-1
0	0.062301442	0.99798465	-0.0020903025	0	6.283185e-05	0	0.062301442	0.99798465	-0.0020903025	2.958515e-20	-1
0	0.062301442	0.99798465	-0.0020903025	0	2.5132742e-05	0	0.062301442	0.99798465	-0.0020903025	2.9600174e-20	-1
0	0.062301442	0.99798465	-0.0020903025	0	1.2566371e-05	0	0.062301442	0.99798465	-0.0020903025	2.9605182e-20	-1
0	0.062301442	0.99798465	-0.0020903025	0	6.2831855e-06	0	0.062301442	0.99798465	-0.0020903025	2.9607686e-20	-1
0	0.062301442	0.99798465	-0.0020903025	0	2.513274e-06	0	0.062301442	0.99798465	-0.0020903025	2.960919e-20	-1
0	0.062301442	0.99798465	-0.0020903025	0	1.256637e-06	0	0.062301442	0.99798465	-0.0020903025	2.960969e-20	-1
0	0.062301442	0.99798465	-0.0020903025	0	6.283185e-07	0	0.062301442	0.99798465	-0.0020903025	2.960994e-20	-1
0	0.062301442	0.99798465	-0.0020903025	0	2.513274e-07	0	0.062301442	0.99798465	-0.0020903025	2.961009e-20	-1
0	0.062301442	0.99798465	-0.0020903025	0	1.256637e-07	0	0.062301442	0.99798465	-0.0020903025	2.9610142e-20	-1
0	0.062301442	0.99798465	-0.0020903025	0	0	0	0.062301442	0.99798465	-0.0020903025	2.961019e-20	-1
0	0.062301442	0.99798465	-0.0020903025	0	-1.256637e-07	0	0.062301442	0.99798465	-0.0020903025	2.9610242e-20	-1
0	0.062301442	0.99798465	-0.0020903025	0	-2.513274e-07	0	0.062301442	0.99798465	-0.0020903025	2.961029e-20	-1
0	0.062301442	0.99798465	-0.0020903025	0	-6.283185e-07	0	0.062301442	0.99798465	-0.0020903025	2.9610442e-20	-1
0	0.062301442	0.99798465	-0.0020903025	0	-1.256637e-06	0	0.062301442	0.99798465	-0.0020903025	2.961069e-20	-1
0	0.062301442	0.99798465	-0.0020903025	0	-2.513274e-06	0	0.062301442	0.99798465	-0.0020903025	2.9611192e-20	-1
0	0.062301442	0.99798465	-0.0020903025	0	-6.2831855e-06	0	0.062301442	0.99798465	-0.0020903025	2.9612694e-20	-1
0	0.062301442	0.99798465	-0.0020903025	0	-1.2566371e-05	0	0.062301442	0.99798465	-0.0020903025	2.96152e-20	-1
0	0.062301442	0.99798465	-0.0020903025	0	-2.5132742e-05	0	0.062301442	0.99798465	-0.0020903025	2.9620207e-20	-1
0	0.063546084	0.9979061	-0.0021034342	0	-6.283185e-05	0	0.063546084	0.9979061	-0.0021034342	2.9635225e-20	-1
0	0.063546084	0.9979061	-0.0021034342	0	-0.0001256637	0	0.063546084	0.9979061	-0.0021034342	2.9660267e-20	-1
0	0.063546084	0.9979061	-0.0021034342	0	-0.0002513274	0	0.063546084	0.9979061	-0.0021034342	2.9710347e-20	-1
0	0.06590997	0.99775255	-0.0021282933	0	-0.0006283185	0	0.06590997	0.99775255	-0.0021282933	2.9860567e-20	-1
0	0.067586556	0.99764013	-0.0021458764	0	-0.0010053096	0	0.067586556	0.99764013	-0.0021458764	3.0010775e-20	-1
0	0.067586556	0.99764013	-0.0021458764	0	-0.001256637	0	0.067586556	0.99764013	-0.0021458764	3.011091e-20	-1
0	0.07185705	0.9973413	-0.002190438	0	-0.0018849556	0	0.07185705	0.9973413	-0.002190438	3.0361193e-20	-1
0	0.07526606	0.9970895	-0.0022257906	0	-0.002513274	0	0.07526606	0.9970895	-0.0022257906	3.061142e-20	-1
0	0.08318764	0.9964591	-0.0023072395	0	-0.0037699111	0	0.08318764	0.9964591	-0.0023072395	3.111166e-20	-1
0	0.10596964	0.994292	-0.0025359378	0	-0.0062831854	0	0.10596964	0.994292	-0.0025359378	3.2110854e-20	-1
0	0.17527062	0.98443264	-0.0031751182	0	-0.009424778	0	0.17527062	0.98443264	-0.0031751182	3.3354045e-20	-1
0	-0.035357554	-0.99930453	0.0017974015	0	-0.012566371	0	-0.035357554	-0.99930453	0.0017974015	2.459766e-20	-1
0	-0.028963324	-0.99951094	0.001723947	0	-0.018849555	0	-0.028963324	-0.99951094	0.001723947	2.2089866e-20	-1
0	-0.024523713	-0.99963033	0.0016710329	0	-0.025132742	0	-0.024523713	-0.99963033	0.0016710329	1.9581675e-20	-1
0	-0.018765572	-0.999756	0.0015982683	0	-0.03769911	0	-0.018765572	-0.999756	0.0015982683	1.456467e-20	-1
0	-0.015192741	-0.9998176	0.0015488423	0	-0.050265484	0	-0.015192741	-0.9998176	0.0015488423	9.547222e-21	-1
0	-0.012765523	-0.99985236	0.0015117716	0	-0.06283186	0	-0.012765523	-0.99985236	0.0015117716	4.529532e-21	-1
0	-0.012765523	-0.99985236	0.0015117716	0	-0.06283186	0	-0.012765523	-0.99985236	0.0015117716	4.529532e-21	1
0	-0.015191627	-0.9998176	0.001548831	0	-0.050265484	0	-0.015191627	-0.9998176	0.001548831	9.547216e-21	1
0	-0.018761002	-0.9997561	0.0015982212	0	-0.03769911	0	-0.018761002	-0.9997561	0.0015982212	1.456467e-20	1
0	-0.02452198	-0.99963033	0.0016710149	0	-0.025132742	0	-0.02452198	-0.99963033	0.0016710149	1.9581675e-20	1
0	-0.028955333	-0.9995112	0.0017238637	0	-0.018849555	0	-0.028955333	-0.9995112	0.0017238637	2.2089865e-20	1
0	-0.035355695	-0.9993046	0.0017973904	0	-0.012566371	0	-0.035355695	-0.9993046	0.0017973904	2.4597657e-20	1
0	-0.039737396	-0.99913955	0.0018464925	0	-0.009424778	0	-0.039737396	-0.99913955	0.0018464925	2.5851313e-20	1
0	-0.04536189	-0.9988994	0.0019084826	0	-0.0062831854	0	-0.04536189	-0.9988994	0.0019084826	2.7104722e-20	1
0	-0.051162787	-0.9986186	0.0019714572	0	-0.0037699111	0	-0.051162787	-0.9986186	0.0019714572	2.8107184e-20	1
0	-0.054658726	-0.99843305	0.0020090262	0	-0.002513274	0	-0.054658726	-0.99843305	0.0020090262	2.8608297e-20	1
0	-0.056567766	-0.99832666	0.0020294401	0	-0.0018849556	0	-0.056567766	-0.99832666	0.0020294401	2.8858816e-20	1
0	-0.058665838	-0.9982053	0.0020517772	0	-0.001256637	0	-0.058665838	-0.9982053	0.0020517772	2.91093e-20	1
0	-0.058665838	-0.9982053	0.0020517772	0	-0.0010053096	0	-0.058665838	-0.9982053	0.0020517772	2.9209492e-20	1
0	-0.06087009	-0.9980731	0.0020751723	0	-0.0006283185	0	-0.06087009	-0.9980731	0.0020751723	2.9359764e-20	1
0	-0.06230694	-0.9979843	0.0020903605	0	-0.0002513274	0	-0.06230694	-0.9979843	0.0020903605	2.951002e-20	1
0	-0.06230694	-0.9979843	0.0020903605	0	-0.0001256637	0	-0.06230694	-0.9979843	0.0020903605	2.9560104e-20	1
0	-0.06230694	-0.9979843	0.0020903605	0	-6.283185e-05	0	-0.06230694	-0.9979843	0.0020903605	2.9585145e-20	1
0	-0.06230694	-0.9979843	0.0020903605	0	-2.5132742e-05	0	-0.06230694	-0.9979843	0.0020903605	2.960017e-20	1
0	-0.06230694	-0.9979843	0.0020903605	0	-1.2566371e-05	0	-0.06230694	-0.9979843	0.0020903605	2.960518e-20	1
0	-0.06230694	-0.9979843	0.0020903605	0	-6.2831855e-06	0	-0.06230694	-0.9979843	0.0020903605	2.9607683e-20	1
0	-0.06230694	-0.9979843	0.0020903605	0	-2.513274e-06	0	-0.06230694	-0.9979843	0.0020903605	2.9609185e-20	1
0	-0.06230694	-0.9979843	0.0020903605	0	-1.256637e-06	0	-0.06230694	-0.9979843	0.0020903605	2.9609686e-20	1
0	-0.06230694	-0.9979843	0.0020903605	0	-6.283185e-07	0	-0.06230694	-0.9979843	0.0020903605	2.9609938e-20	1
0	-0.06230694	-0.9979843	0.0020903605	0	-2.513274e-07	0	-0.06230694	-0.9979843	0.0020903605	2.9610087e-20	1
0	-0.06230694	-0.9979843	0.0020903605	0	-1.256637e-07	0	-0.06230694	-0.9979843	0.0020903605	2.961014e-20	1
0	-0.06230694	-0.9979843	0.0020903605	0	0	0	-0.06230694	-0.9979843	0.0020903605	2.9610187e-20	1
0	-0.06230694	-0.9979843	0.0020903605	0	1.256637e-07	0	-0.06230694	-0.9979843	0.0020903605	2.961024e-20	1
0	-0.06230694	-0.9979843	0.0020903605	0	2.513274e-07	0	-0.06230694	-0.9979843	0.0020903605	2.9610287e-20	1
0	-0.06230694	-0.9979843	0.0020903605	0	6.283185e-07	0	-0.06230694	-0.9979843	0.0020903605	2.961044e-20	1
0	-0.06230694	-0.9979843	0.0020903605	0	1.256637e-06	0	-0.06230694	-0.9979843	0.0020903605	2.9610688e-20	1
0	-0.06230694	-0.9979843	0.0020903605	0	2.513274e-06	0	-0.06230694	-0.9979843	0.0020903605	2.961119e-20	1
0	-0.06230694	-0.9979843	0.0020903605	0	6.2831855e-06	0	-0.06230694	-0.9979843	0.0020903605	2.961269e-20	1
0	-0.06230694	-0.9979843	0.0020903605	0	1.2566371e-05	0	-0.06230694	-0.9979843	0.0020903605	2.9615195e-20	1
0	-0.06230694	-0.9979843	0.0020903605	0	2.5132742e-05	0	-0.06230694	-0.9979843	0.0020903605	2.9620204e-20	1
0	-0.0635393	-0.9979065	0.0021033646	0	6.283185e-05	0	-0.0635393	-0.9979065	0.0021033646	2.963523e-20	1
0	-0.0635393	-0.9979065	0.0021033646	0	0.0001256637	0	-0.0635393	-0.9979065	0.0021033646	2.9660267e-20	1
0	-0.0635393	-0.9979065	0.0021033646	0	0.0002513274	0	-0.0635393	-0.9979065	0.0021033646	2.9710347e-20	1
0	-0.06590824	-0.99775267	0.002128282	0	0.0006283185	0	-0.06590824	-0.99775267	0.002128282	2.986057e-20	1
0	-0.06759204	-0.9976399	0.002145927	0	0.0010053096	0	-0.06759204	-0.9976399	0.002145927	3.0010778e-20	1
0	-0.06759204	-0.9976399	0.002145927	0	0.001256637	0	-0.06759204	-0.9976399	0.002145927	3.011091e-20	1
0	-0.07186555	-0.9973407	0.002190526	0	0.0018849556	0	-0.07186555	-0.9973407	0.002190526	3.0361196e-20	1
0	-0.07526529	-0.9970896	0.002225783	0	0.002513274	0	-0.07526529	-0.9970896	0.002225783	3.061142e-20	1
0	-0.08318311	-0.99645954	0.0023071934	0	0.0037699111	0	-0.08318311	-0.99645954	0.0023071934	3.1111655e-20	1
0	-0.10602423	-0.9942862	0.0025364712	0	0.0062831854	0	-0.10602423	-0.9942862	0.0025364712	3.2110854e-20	1
0	-0.17491063	-0.9844967	0.003172058	0	0.009424778	0	-0.17491063	-0.9844967	0.003172058	3.3354045e-20	1
0	0.03536463	0.9993043	-0.0017974845	0	0.012566371	0	0.03536463	0.9993043	-0.0017974845	2.459766e-20	1
0	0.028973017	0.9995107	-0.0017240483	0	0.018849555	0	0.028973017	0.9995107	-0.0017240483	2.2089866e-20	1
0	0.02452382	0.99963033	-0.001671034	0	0.025132742	0	0.02452382	0.99963033	-0.001671034	1.9581675e-20	1
0	0.018766403	0.999756	-0.0015982683	0	0.03769911	0	0.018766403	0.999756	-0.0015982683	1.4564673e-20	1
0	0.01519534	0.9998175	-0.0015488663	0	0.050265484	0	0.01519534	0.9998175	-0.0015488663	9.547217e-21	1
0	0.01276609	0.9998523	-0.0015117752	0	0.06283186	0	0.01276609	0.9998523	-0.0015117752	4.529531e-21	1
