# t (s)	mx ()	my ()	mz ()	B_extx (T)	B_exty (T)	B_extz (T)	mx ()	my ()	mz ()	E_total (J)	branch ()
0	-0.029652078	0.99947655	0.0061385008	0	0.06283186	0	-0.029652078	0.99947655	0.0061385008	4.035109e-21	-1
0	-0.034653597	0.9993144	0.0061945394	0	0.050265484	0	-0.034653597	0.9993144	0.0061945394	9.050616e-21	-1
0	-0.04166288	0.9990455	0.006253439	0	0.03769911	0	-0.04166288	0.9990455	0.006253439	1.4065069e-20	-1
0	-0.052170563	0.9985503	0.006315984	0	0.025132742	0	-0.052170563	0.9985503	0.006315984	1.9077677e-20	-1
0	-0.059659842	0.99812996	0.006348824	0	0.018849555	0	-0.059659842	0.99812996	0.006348824	2.15828e-20	-1
0	-0.06960479	0.9974847	0.006382569	0	0.012566371	0	-0.06960479	0.9974847	0.006382569	2.4086608e-20	-1
0	-0.07590952	0.99702406	0.006399581	0	0.009424778	0	-0.07590952	0.99702406	0.006399581	2.5337806e-20	-1
0	-0.08344413	0.996421	0.0064164037	0	0.0062831854	0	-0.08344413	0.996421	0.0064164037	2.6588336e-20	-1
0	-0.090617836	0.99579346	0.006429433	0	0.0037699111	0	-0.090617836	0.99579346	0.006429433	2.7588144e-20	-1
0	-0.094684854	0.9954146	0.0064356765	0	0.002513274	0	-0.094684854	0.9954146	0.0064356765	2.8087787e-20	-1
0	-0.09686272	0.9952048	0.0064387033	0	0.0018849556	0	-0.09686272	0.9952048	0.0064387033	2.8337537e-20	-1
0	-0.09915322	0.994979	0.006441648	0	0.001256637	0	-0.09915322	0.994979	0.006441648	2.8587226e-20	-1
0	-0.09915322	0.994979	0.006441648	0	0.0010053096	0	-0.09915322	0.994979	0.006441648	2.8687095e-20	-1
0	-0.10151958	0.9947401	0.006444503	0	0.0006283185	0	-0.10151958	0.9947401	0.006444503	2.8836864e-20	-1
0	-0.10300134	0.99458754	0.0064461557	0	0.0002513274	0	-0.10300134	0.99458754	0.0064461557	2.898662e-20	-1
0	-0.10300134	0.99458754	0.0064461557	0	0.0001256637	0	-0.10300134	0.99458754	0.0064461557	2.903653e-20	-1
0	-0.10300134	0.99458754	0.0064461557	0	6.283185e-05	0	-0.10300134	0.99458754	0.0064461557	2.9061488e-20	-1
0	-0.10300134	0.99458754	0.0064461557	0	2.5132742e-05	0	-0.10300134	0.99458754	0.0064461557	2.907646e-20	-1
0	-0.10300134	0.99458754	0.0064461557	0	1.2566371e-05	0	-0.10300134	0.99458754	0.0064461557	2.9081454e-20	-1
0	-0.10300134	0.99458754	0.0064461557	0	6.2831855e-06	0	-0.10300134	0.99458754	0.0064461557	2.9083948e-20	-1
0	-0.10300134	0.99458754	0.0064461557	0	2.513274e-06	0	-0.10300134	0.99458754	0.0064461557	2.9085447e-20	-1
0	-0.10300134	0.99458754	0.0064461557	0	1.256637e-06	0	-0.10300134	0.99458754	0.0064461557	2.9085945e-20	-1
0	-0.10300134	0.99458754	0.0064461557	0	6.283185e-07	0	-0.10300134	0.99458754	0.0064461557	2.9086194e-20	-1
0	-0.10300134	0.99458754	0.0064461557	0	2.513274e-07	0	-0.10300134	0.99458754	0.0064461557	2.9086346e-20	-1
0	-0.10300134	0.99458754	0.0064461557	0	1.256637e-07	0	-0.10300134	0.99458754	0.0064461557	2.9086394e-20	-1
0	-0.10300134	0.99458754	0.0064461557	0	0	0	-0.10300134	0.99458754	0.0064461557	2.9086446e-20	-1
0	-0.10300134	0.99458754	0.0064461557	0	-1.256637e-07	0	-0.10300134	0.99458754	0.0064461557	2.9086494e-20	-1
0	-0.10300134	0.99458754	0.0064461557	0	-2.513274e-07	0	-0.10300134	0.99458754	0.0064461557	2.9086543e-20	-1
0	-0.10300134	0.99458754	0.0064461557	0	-6.283185e-07	0	-0.10300134	0.99458754	0.0064461557	2.9086695e-20	-1
0	-0.10300134	0.99458754	0.0064461557	0	-1.256637e-06	0	-0.10300134	0.99458754	0.0064461557	2.9086944e-20	-1
0	-0.10300134	0.99458754	0.0064461557	0	-2.513274e-06	0	-0.10300134	0.99458754	0.0064461557	2.9087444e-20	-1
0	-0.10300134	0.99458754	0.0064461557	0	-6.2831855e-06	0	-0.10300134	0.99458754	0.0064461557	2.908894e-20	-1
0	-0.10300134	0.99458754	0.0064461557	0	-1.2566371e-05	0	-0.10300134	0.99458754	0.0064461557	2.9091435e-20	-1
0	-0.10300134	0.99458754	0.0064461557	0	-2.5132742e-05	0	-0.10300134	0.99458754	0.0064461557	2.9096427e-20	-1
0	-0.10427202	0.99445504	0.0064475024	0	-6.283185e-05	0	-0.10427202	0.99445504	0.0064475024	2.911139e-20	-1
0	-0.10427202	0.99445504	0.0064475024	0	-0.0001256637	0	-0.10427202	0.99445504	0.0064475024	2.9136345e-20	-1
0	-0.10427202	0.99445504	0.0064475024	0	-0.0002513274	0	-0.10427202	0.99445504	0.0064475024	2.918625e-20	-1
0	-0.106631756	0.9942045	0.006449852	0	-0.0006283185	0	-0.106631756	0.9942045	0.006449852	2.9335944e-20	-1
0	-0.108280994	0.9940261	0.0064513516	0	-0.0010053096	0	-0.108280994	0.9940261	0.0064513516	2.9485615e-20	-1
0	-0.108280994	0.9940261	0.0064513516	0	-0.001256637	0	-0.108280994	0.9940261	0.0064513516	2.9585384e-20	-1
0	-0.11231604	0.99357784	0.006454611	0	-0.0018849556	0	-0.11231604	0.99357784	0.006454611	2.983473e-20	-1
0	-0.11538029	0.9932264	0.006456704	0	-0.002513274	0	-0.11538029	0.9932264	0.006456704	3.0084006e-20	-1
0	-0.12205219	0.9924278	0.006460144	0	-0.0037699111	0	-0.12205219	0.9924278	0.006460144	3.0582257e-20	-1
0	-0.13812432	0.9903171	0.0064626047	0	-0.0062831854	0	-0.13812432	0.9903171	0.0064626047	3.1577368e-20	-1
0	-0.16605249	0.9860153	0.0064492733	0	-0.009424778	0	-0.16605249	0.9860153	0.0064492733	3.2817412e-20	-1
0	-0.21298441	0.9769466	0.006381939	0	-0.012566371	0	-0.21298441	0.9769466	0.006381939	3.4049656e-20	-1
0	0.059656776	-0.9981302	-0.0063488246	0	-0.018849555	0	0.059656776	-0.9981302	-0.0063488246	2.15828e-20	-1
0	0.052181043	-0.9985498	-0.006315997	0	-0.025132742	0	0.052181043	-0.9985498	-0.006315997	1.907768e-20	-1
0	0.041666705	-0.9990453	-0.0062534306	0	-0.03769911	0	0.041666705	-0.9990453	-0.0062534306	1.4065069e-20	-1
0	0.034660563	-0.9993142	-0.0061945487	0	-0.050265484	0	0.034660563	-0.9993142	-0.0061945487	9.050615e-21	-1
0	0.029653508	-0.99947655	-0.0061385017	0	-0.06283186	0	0.029653508	-0.99947655	-0.0061385017	4.0351078e-21	-1
0	0.029653508	-0.99947655	-0.0061385017	0	-0.06283186	0	0.029653508	-0.99947655	-0.0061385017	4.0351078e-21	1
0	0.03465482	-0.9993144	-0.006194541	0	-0.050265484	0	0.03465482	-0.9993144	-0.006194541	9.050618e-21	1
0	0.041663982	-0.99904543	-0.006253443	0	-0.03769911	0	0.041663982	-0.99904543	-0.006253443	1.4065066e-20	1
0	0.05217383	-0.9985502	-0.0063159894	0	-0.025132742	0	0.05217383	-0.9985502	-0.0063159894	1.9077674e-20	1
0	0.059659258	-0.99812996	-0.0063488293	0	-0.018849555	0	0.059659258	-0.99812996	-0.0063488293	2.1582793e-20	1
0	0.069597185	-0.9974852	-0.0063825576	0	-0.012566371	0	0.069597185	-0.9974852	-0.0063825576	2.4086611e-20	1
0	0.07591002	-0.99702406	-0.0063995803	0	-0.009424778	0	0.07591002	-0.99702406	-0.0063995803	2.5337804e-20	1
0	0.08343968	-0.99642134	-0.006416401	0	-0.0062831854	0	0.08343968	-0.99642134	-0.006416401	2.6588338e-20	1
0	0.090622626	-0.9957931	-0.0064294217	0	-0.0037699111	0	0.090622626	-0.9957931	-0.0064294217	2.7588144e-20	1
0	0.09469482	-0.99541366	-0.0064356797	0	-0.002513274	0	0.09469482	-0.99541366	-0.0064356797	2.8087787e-20	1
0	0.096888736	-0.9952023	-0.006438701	0	-0.0018849556	0	0.096888736	-0.9952023	-0.006438701	2.8337534e-20	1
0	0.09913327	-0.99498093	-0.0064416453	0	-0.001256637	0	0.09913327	-0.99498093	-0.0064416453	2.858723e-20	1
0	0.09913327	-0.99498093	-0.0064416453	0	-0.0010053096	0	0.09913327	-0.99498093	-0.0064416453	2.8687095e-20	1
0	0.101520665	-0.99474	-0.006444497	0	-0.0006283185	0	0.101520665	-0.99474	-0.006444497	2.8836867e-20	1
0	0.10300119	-0.99458766	-0.0064461557	0	-0.0002513274	0	0.10300119	-0.99458766	-0.0064461557	2.8986616e-20	1
0	0.10300119	-0.99458766	-0.0064461557	0	-0.0001256637	0	0.10300119	-0.99458766	-0.0064461557	2.903653e-20	1
0	0.10300119	-0.99458766	-0.0064461557	0	-6.283185e-05	0	0.10300119	-0.99458766	-0.0064461557	2.9061485e-20	1
0	0.10300119	-0.99458766	-0.0064461557	0	-2.5132742e-05	0	0.10300119	-0.99458766	-0.0064461557	2.907646e-20	1
0	0.10300119	-0.99458766	-0.0064461557	0	-1.2566371e-05	0	0.10300119	-0.99458766	-0.0064461557	2.908145e-20	1
0	0.10300119	-0.99458766	-0.0064461557	0	-6.2831855e-06	0	0.10300119	-0.99458766	-0.0064461557	2.9083948e-20	1
0	0.10300119	-0.99458766	-0.0064461557	0	-2.513274e-06	0	0.10300119	-0.99458766	-0.0064461557	2.9085444e-20	1
0	0.10300119	-0.99458766	-0.0064461557	0	-1.256637e-06	0	0.10300119	-0.99458766	-0.0064461557	2.9085945e-20	1
0	0.10300119	-0.99458766	-0.0064461557	0	-6.283185e-07	0	0.10300119	-0.99458766	-0.0064461557	2.9086194e-20	1
0	0.10300119	-0.99458766	-0.0064461557	0	-2.513274e-07	0	0.10300119	-0.99458766	-0.0064461557	2.9086343e-20	1
0	0.10300119	-0.99458766	-0.0064461557	0	-1.256637e-07	0	0.10300119	-0.99458766	-0.0064461557	2.9086394e-20	1
0	0.10300119	-0.99458766	-0.0064461557	0	0	0	0.10300119	-0.99458766	-0.0064461557	2.9086443e-20	1
0	0.10300119	-0.99458766	-0.0064461557	0	1.256637e-07	0	0.10300119	-0.99458766	-0.0064461557	2.908649e-20	1
0	0.10300119	-0.99458766	-0.0064461557	0	2.513274e-07	0	0.10300119	-0.99458766	-0.0064461557	2.9086543e-20	1
0	0.10300119	-0.99458766	-0.0064461557	0	6.283185e-07	0	0.10300119	-0.99458766	-0.0064461557	2.908669e-20	1
0	0.10300119	-0.99458766	-0.0064461557	0	1.256637e-06	0	0.10300119	-0.99458766	-0.0064461557	2.9086944e-20	1
0	0.10300119	-0.99458766	-0.0064461557	0	2.513274e-06	0	0.10300119	-0.99458766	-0.0064461557	2.908744e-20	1
0	0.10300119	-0.99458766	-0.0064461557	0	6.2831855e-06	0	0.10300119	-0.99458766	-0.0064461557	2.9088937e-20	1
0	0.10300119	-0.99458766	-0.0064461557	0	1.2566371e-05	0	0.10300119	-0.99458766	-0.0064461557	2.9091435e-20	1
0	0.10300119	-0.99458766	-0.0064461557	0	2.5132742e-05	0	0.10300119	-0.99458766	-0.0064461557	2.9096427e-20	1
0	0.104270145	-0.9944552	-0.0064475033	0	6.283185e-05	0	0.104270145	-0.9944552	-0.0064475033	2.9111397e-20	1
0	0.104270145	-0.9944552	-0.0064475033	0	0.0001256637	0	0.104270145	-0.9944552	-0.0064475033	2.9136348e-20	1
0	0.104270145	-0.9944552	-0.0064475033	0	0.0002513274	0	0.104270145	-0.9944552	-0.0064475033	2.9186257e-20	1
0	0.106644265	-0.9942032	-0.0064498354	0	0.0006283185	0	0.106644265	-0.9942032	-0.0064498354	2.9335947e-20	1
0	0.10827401	-0.9940269	-0.006451352	0	0.0010053096	0	0.10827401	-0.9940269	-0.006451352	2.9485612e-20	1
0	0.10938831	-0.9939047	-0.0064523197	0	0.001256637	0	0.10938831	-0.9939047	-0.0064523197	2.9585378e-20	1
0	0.11231142	-0.99357843	-0.0064546093	0	0.0018849556	0	0.11231142	-0.99357843	-0.0064546093	2.9834734e-20	1
0	0.11537419	-0.9932271	-0.0064566648	0	0.002513274	0	0.11537419	-0.9932271	-0.0064566648	3.0084006e-20	1
0	0.12206046	-0.9924269	-0.0064601433	0	0.0037699111	0	0.12206046	-0.9924269	-0.0064601433	3.058226e-20	1
0	0.13816923	-0.9903108	-0.006462575	0	0.0062831854	0	0.13816923	-0.9903108	-0.006462575	3.1577365e-20	1
0	0.16607855	-0.98601097	-0.006449241	0	0.009424778	0	0.16607855	-0.98601097	-0.006449241	3.281741e-20	1
0	0.2129747	-0.9769488	-0.006381956	0	0.012566371	0	0.2129747	-0.9769488	-0.006381956	3.4049656e-20	1
0	-0.0596582	0.9981301	0.006348825	0	0.018849555	0	-0.0596582	0.9981301	0.006348825	2.15828e-20	1
0	-0.052178733	0.99854994	0.0063159936	0	0.025132742	0	-0.052178733	0.99854994	0.0063159936	1.9077678e-20	1
0	-0.041666836	0.99904525	0.006253443	0	0.03769911	0	-0.041666836	0.99904525	0.006253443	1.4065069e-20	1
0	-0.03465736	0.9993143	0.006194543	0	0.050265484	0	-0.03465736	0.9993143	0.006194543	9.050614e-21	1
0	-0.029652754	0.99947655	0.0061385017	0	0.06283186	0	-0.029652754	0.99947655	0.0061385017	4.0351066e-21	1
