# t (s)	mx ()	my ()	mz ()	B_extx (T)	B_exty (T)	B_extz (T)	mx ()	my ()	mz ()	E_total (J)	branch ()
0	-0.027675956	0.9995518	-4.4630164e-05	0	0.06283186	0	-0.027675956	0.9995518	-4.4630164e-05	4.5627892e-21	-1
0	-0.032763734	0.99939716	-4.3183565e-05	0	0.050265484	0	-0.032763734	0.99939716	-4.3183565e-05	9.5786925e-21	-1
0	-0.04011365	0.9991281	-4.0892006e-05	0	0.03769911	0	-0.04011365	0.9991281	-4.0892006e-05	1.4593568e-20	-1
0	-0.051643014	0.9985974	-3.7001846e-05	0	0.025132742	0	-0.051643014	0.9985974	-3.7001846e-05	1.9606528e-20	-1
0	-0.060246278	0.9981145	-3.3963894e-05	0	0.018849555	0	-0.060246278	0.9981145	-3.3963894e-05	2.2111704e-20	-1
0	-0.072172105	0.9973222	-2.9631356e-05	0	0.012566371	0	-0.072172105	0.9973222	-2.9631356e-05	2.4615318e-20	-1
0	-0.080068395	0.99671865	-2.6709273e-05	0	0.009424778	0	-0.080068395	0.99671865	-2.6709273e-05	2.5866225e-20	-1
0	-0.08981426	0.9958869	-2.3059205e-05	0	0.0062831854	0	-0.08981426	0.9958869	-2.3059205e-05	2.711624e-20	-1
0	-0.099466756	0.9949683	-1.9404888e-05	0	0.0037699111	0	-0.099466756	0.9949683	-1.9404888e-05	2.8115378e-20	-1
0	-0.10509953	0.9943886	-1.7264105e-05	0	0.002513274	0	-0.10509953	0.9943886	-1.7264105e-05	2.8614556e-20	-1
0	-0.10815684	0.9940604	-1.6089314e-05	0	0.0018849556	0	-0.10815684	0.9940604	-1.6089314e-05	2.8864034e-20	-1
0	-0.1113935	0.9937026	-1.4861944e-05	0	0.001256637	0	-0.1113935	0.9937026	-1.4861944e-05	2.9113426e-20	-1
0	-0.112749666	0.9935495	-1.4337519e-05	0	0.0010053096	0	-0.112749666	0.9935495	-1.4337519e-05	2.921316e-20	-1
0	-0.11483127	0.9933109	-1.3545212e-05	0	0.0006283185	0	-0.11483127	0.9933109	-1.3545212e-05	2.9362724e-20	-1
0	-0.11700052	0.9930575	-1.2714058e-05	0	0.0002513274	0	-0.11700052	0.9930575	-1.2714058e-05	2.9512253e-20	-1
0	-0.1177335	0.9929708	-1.2431741e-05	0	0.0001256637	0	-0.1177335	0.9929708	-1.2431741e-05	2.9562088e-20	-1
0	-0.118112795	0.99292564	-1.2287061e-05	0	6.283185e-05	0	-0.118112795	0.99292564	-1.2287061e-05	2.9587003e-20	-1
0	-0.11830141	0.99290323	-1.22144875e-05	0	2.5132742e-05	0	-0.11830141	0.99290323	-1.22144875e-05	2.960195e-20	-1
0	-0.11841583	0.9928896	-1.2169343e-05	0	1.2566371e-05	0	-0.11841583	0.9928896	-1.2169343e-05	2.9606936e-20	-1
0	-0.11844505	0.99288607	-1.2159695e-05	0	6.2831855e-06	0	-0.11844505	0.99288607	-1.2159695e-05	2.9609424e-20	-1
0	-0.118504465	0.99287903	-1.2136175e-05	0	2.513274e-06	0	-0.118504465	0.99287903	-1.2136175e-05	2.961092e-20	-1
0	-0.11850348	0.99287915	-1.2136657e-05	0	1.256637e-06	0	-0.11850348	0.99287915	-1.2136657e-05	2.961142e-20	-1
0	-0.118502975	0.99287915	-1.2137029e-05	0	6.283185e-07	0	-0.118502975	0.99287915	-1.2137029e-05	2.961167e-20	-1
0	-0.11850284	0.99287915	-1.2136945e-05	0	2.513274e-07	0	-0.11850284	0.99287915	-1.2136945e-05	2.961182e-20	-1
0	-0.11850284	0.99287915	-1.2136945e-05	0	1.256637e-07	0	-0.11850284	0.99287915	-1.2136945e-05	2.961187e-20	-1
0	-0.11850284	0.99287915	-1.2136945e-05	0	0	0	-0.11850284	0.99287915	-1.2136945e-05	2.961192e-20	-1
0	-0.11850284	0.99287915	-1.2136945e-05	0	-1.256637e-07	0	-0.11850284	0.99287915	-1.2136945e-05	2.9611967e-20	-1
0	-0.11850284	0.99287915	-1.2136945e-05	0	-2.513274e-07	0	-0.11850284	0.99287915	-1.2136945e-05	2.961202e-20	-1
0	-0.11850284	0.99287915	-1.2136945e-05	0	-6.283185e-07	0	-0.11850284	0.99287915	-1.2136945e-05	2.9612168e-20	-1
0	-0.11850284	0.99287915	-1.2136945e-05	0	-1.256637e-06	0	-0.11850284	0.99287915	-1.2136945e-05	2.9612416e-20	-1
0	-0.11850284	0.99287915	-1.2136945e-05	0	-2.513274e-06	0	-0.11850284	0.99287915	-1.2136945e-05	2.9612914e-20	-1
0	-0.11850284	0.99287915	-1.2136945e-05	0	-6.2831855e-06	0	-0.11850284	0.99287915	-1.2136945e-05	2.961441e-20	-1
0	-0.11850284	0.99287915	-1.2136945e-05	0	-1.2566371e-05	0	-0.11850284	0.99287915	-1.2136945e-05	2.96169e-20	-1
0	-0.11850284	0.99287915	-1.2136945e-05	0	-2.5132742e-05	0	-0.11850284	0.99287915	-1.2136945e-05	2.9621884e-20	-1
0	-0.11850284	0.99287915	-1.2136945e-05	0	-6.283185e-05	0	-0.11850284	0.99287915	-1.2136945e-05	2.963683e-20	-1
0	-0.11850284	0.99287915	-1.2136945e-05	0	-0.0001256637	0	-0.11850284	0.99287915	-1.2136945e-05	2.9661747e-20	-1
0	-0.11850284	0.99287915	-1.2136945e-05	0	-0.0002513274	0	-0.11850284	0.99287915	-1.2136945e-05	2.9711575e-20	-1
0	-0.12239231	0.99240685	-1.06436855e-05	0	-0.0006283185	0	-0.12239231	0.99240685	-1.06436855e-05	2.9860994e-20	-1
0	-0.124846235	0.99210083	-9.703416e-06	0	-0.0010053096	0	-0.124846235	0.99210083	-9.703416e-06	3.001039e-20	-1
0	-0.12654382	0.99188554	-9.048314e-06	0	-0.001256637	0	-0.12654382	0.99188554	-9.048314e-06	3.0109953e-20	-1
0	-0.13101137	0.9913049	-7.327661e-06	0	-0.0018849556	0	-0.13101137	0.9913049	-7.327661e-06	3.035877e-20	-1
0	-0.13583067	0.99065554	-5.4741886e-06	0	-0.002513274	0	-0.13583067	0.99065554	-5.4741886e-06	3.0607434e-20	-1
0	-0.14655596	0.98912454	-1.3436897e-06	0	-0.0037699111	0	-0.14655596	0.98912454	-1.3436897e-06	3.110422e-20	-1
0	-0.17476884	0.9845276	9.489471e-06	0	-0.0062831854	0	-0.17476884	0.9845276	9.489471e-06	3.2094915e-20	-1
0	-0.2396416	0.9707683	3.371383e-05	0	-0.009424778	0	-0.2396416	0.9707683	3.371383e-05	3.3323223e-20	-1
0	0.9481926	-0.3173672	0.0001288728	0	-0.012566371	0	0.9481926	-0.3173672	0.0001288728	2.7033949e-20	-1
0	0.060250722	-0.99811435	3.3963588e-05	0	-0.018849555	0	0.060250722	-0.99811435	3.3963588e-05	2.2111704e-20	-1
0	0.051647857	-0.99859715	3.6999205e-05	0	-0.025132742	0	0.051647857	-0.99859715	3.6999205e-05	1.9606528e-20	-1
0	0.040122166	-0.99912775	4.0887233e-05	0	-0.03769911	0	0.040122166	-0.99912775	4.0887233e-05	1.4593566e-20	-1
0	0.03276552	-0.99939704	4.3185948e-05	0	-0.050265484	0	0.03276552	-0.99939704	4.3185948e-05	9.578693e-21	-1
0	0.027684353	-0.99955153	4.4628403e-05	0	-0.06283186	0	0.027684353	-0.99955153	4.4628403e-05	4.562792e-21	-1
0	0.02767605	-0.9995518	4.4630877e-05	0	-0.06283186	0	0.02767605	-0.9995518	4.4630877e-05	4.5627913e-21	1
0	0.032762744	-0.99939716	4.3186494e-05	0	-0.050265484	0	0.032762744	-0.99939716	4.3186494e-05	9.578697e-21	1
0	0.0401187	-0.9991279	4.0886225e-05	0	-0.03769911	0	0.0401187	-0.9991279	4.0886225e-05	1.4593568e-20	1
0	0.05164044	-0.9985975	3.700235e-05	0	-0.025132742	0	0.05164044	-0.9985975	3.700235e-05	1.9606528e-20	1
0	0.060249023	-0.99811435	3.3964712e-05	0	-0.018849555	0	0.060249023	-0.99811435	3.3964712e-05	2.2111703e-20	1
0	0.07217717	-0.9973217	2.9629435e-05	0	-0.012566371	0	0.07217717	-0.9973217	2.9629435e-05	2.4615317e-20	1
0	0.08005415	-0.9967198	2.6714728e-05	0	-0.009424778	0	0.08005415	-0.9967198	2.6714728e-05	2.5866224e-20	1
0	0.08981721	-0.9958866	2.3061393e-05	0	-0.0062831854	0	0.08981721	-0.9958866	2.3061393e-05	2.711624e-20	1
0	0.099472865	-0.9949677	1.9411054e-05	0	-0.0037699111	0	0.099472865	-0.9949677	1.9411054e-05	2.811538e-20	1
0	0.10508897	-0.9943897	1.7268936e-05	0	-0.002513274	0	0.10508897	-0.9943897	1.7268936e-05	2.8614562e-20	1
0	0.10815223	-0.9940609	1.6099268e-05	0	-0.0018849556	0	0.10815223	-0.9940609	1.6099268e-05	2.8864038e-20	1
0	0.11139254	-0.9937027	1.486142e-05	0	-0.001256637	0	0.11139254	-0.9937027	1.486142e-05	2.9113426e-20	1
0	0.11274481	-0.99355006	1.4343039e-05	0	-0.0010053096	0	0.11274481	-0.99355006	1.4343039e-05	2.9213156e-20	1
0	0.11481032	-0.9933133	1.3552817e-05	0	-0.0006283185	0	0.11481032	-0.9933133	1.3552817e-05	2.936272e-20	1
0	0.11700399	-0.9930571	1.2712026e-05	0	-0.0002513274	0	0.11700399	-0.9930571	1.2712026e-05	2.9512253e-20	1
0	0.11774206	-0.99296975	1.2428682e-05	0	-0.0001256637	0	0.11774206	-0.99296975	1.2428682e-05	2.9562088e-20	1
0	0.11811687	-0.9929252	1.22851125e-05	0	-6.283185e-05	0	0.11811687	-0.9929252	1.22851125e-05	2.9587007e-20	1
0	0.118338615	-0.9928988	1.220006e-05	0	-2.5132742e-05	0	0.118338615	-0.9928988	1.220006e-05	2.960195e-20	1
0	0.11841453	-0.99288964	1.21672265e-05	0	-1.2566371e-05	0	0.11841453	-0.99288964	1.21672265e-05	2.960693e-20	1
0	0.11845334	-0.9928851	1.2156304e-05	0	-6.2831855e-06	0	0.11845334	-0.9928851	1.2156304e-05	2.9609428e-20	1
0	0.118485615	-0.9928812	1.21433195e-05	0	-2.513274e-06	0	0.118485615	-0.9928812	1.21433195e-05	2.961092e-20	1
0	0.118485615	-0.9928812	1.21433195e-05	0	-1.256637e-06	0	0.118485615	-0.9928812	1.21433195e-05	2.9611418e-20	1
0	0.118485615	-0.9928812	1.21433195e-05	0	-6.283185e-07	0	0.118485615	-0.9928812	1.21433195e-05	2.9611667e-20	1
0	0.118485615	-0.9928812	1.21433195e-05	0	-2.513274e-07	0	0.118485615	-0.9928812	1.21433195e-05	2.9611815e-20	1
0	0.118485615	-0.9928812	1.21433195e-05	0	-1.256637e-07	0	0.118485615	-0.9928812	1.21433195e-05	2.9611867e-20	1
0	0.118485615	-0.9928812	1.21433195e-05	0	0	0	0.118485615	-0.9928812	1.21433195e-05	2.9611916e-20	1
0	0.118485615	-0.9928812	1.21433195e-05	0	1.256637e-07	0	0.118485615	-0.9928812	1.21433195e-05	2.9611964e-20	1
0	0.118485615	-0.9928812	1.21433195e-05	0	2.513274e-07	0	0.118485615	-0.9928812	1.21433195e-05	2.9612016e-20	1
0	0.118485615	-0.9928812	1.21433195e-05	0	6.283185e-07	0	0.118485615	-0.9928812	1.21433195e-05	2.9612164e-20	1
0	0.118485615	-0.9928812	1.21433195e-05	0	1.256637e-06	0	0.118485615	-0.9928812	1.21433195e-05	2.9612413e-20	1
0	0.118485615	-0.9928812	1.21433195e-05	0	2.513274e-06	0	0.118485615	-0.9928812	1.21433195e-05	2.961291e-20	1
0	0.118485615	-0.9928812	1.21433195e-05	0	6.2831855e-06	0	0.118485615	-0.9928812	1.21433195e-05	2.9614407e-20	1
0	0.118485615	-0.9928812	1.21433195e-05	0	1.2566371e-05	0	0.118485615	-0.9928812	1.21433195e-05	2.9616898e-20	1
0	0.118485615	-0.9928812	1.21433195e-05	0	2.5132742e-05	0	0.118485615	-0.9928812	1.21433195e-05	2.962188e-20	1
0	0.118485615	-0.9928812	1.21433195e-05	0	6.283185e-05	0	0.118485615	-0.9928812	1.21433195e-05	2.9636828e-20	1
0	0.118485615	-0.9928812	1.21433195e-05	0	0.0001256637	0	0.118485615	-0.9928812	1.21433195e-05	2.9661744e-20	1
0	0.118485615	-0.9928812	1.21433195e-05	0	0.0002513274	0	0.118485615	-0.9928812	1.21433195e-05	2.971157e-20	1
0	0.1223838	-0.9924079	1.0646319e-05	0	0.0006283185	0	0.1223838	-0.9924079	1.0646319e-05	2.9860997e-20	1
0	0.124849886	-0.99210036	9.699109e-06	0	0.0010053096	0	0.124849886	-0.99210036	9.699109e-06	3.0010387e-20	1
0	0.12654024	-0.991886	9.049578e-06	0	0.001256637	0	0.12654024	-0.991886	9.049578e-06	3.0109953e-20	1
0	0.13101698	-0.99130416	7.326903e-06	0	0.0018849556	0	0.13101698	-0.99130416	7.326903e-06	3.035877e-20	1
0	0.13580343	-0.99065924	5.486171e-06	0	0.002513274	0	0.13580343	-0.99065924	5.486171e-06	3.0607434e-20	1
0	0.1465525	-0.989125	1.3451281e-06	0	0.0037699111	0	0.1465525	-0.989125	1.3451281e-06	3.110422e-20	1
0	0.17480576	-0.9845211	-9.503444e-06	0	0.0062831854	0	0.17480576	-0.9845211	-9.503444e-06	3.2094915e-20	1
0	0.23959543	-0.97077966	-3.369752e-05	0	0.009424778	0	0.23959543	-0.97077966	-3.369752e-05	3.332322e-20	1
0	0.89849055	0.4387015	0.0001582492	0	0.012566371	0	0.89849055	0.4387015	0.0001582492	2.6023577e-20	1
0	-0.060241777	0.9981148	-3.3965407e-05	0	0.018849555	0	-0.060241777	0.9981148	-3.3965407e-05	2.2111703e-20	1
0	-0.051650755	0.9985969	-3.6998146e-05	0	0.025132742	0	-0.051650755	0.9985969	-3.6998146e-05	1.960653e-20	1
0	-0.040118754	0.99912786	-4.088661e-05	0	0.03769911	0	-0.040118754	0.99912786	-4.088661e-05	1.4593566e-20	1
0	-0.032780364	0.99939656	-4.317955e-05	0	0.050265484	0	-0.032780364	0.99939656	-4.317955e-05	9.578692e-21	1
0	-0.027677787	0.9995518	-4.463059e-05	0	0.06283186	0	-0.027677787	0.9995518	-4.463059e-05	4.5627957e-21	1
