# t (s)	mx ()	my ()	mz ()	B_extx (T)	B_exty (T)	B_extz (T)	mx ()	my ()	mz ()	E_total (J)	branch ()
0	0.0864968	0.99618495	0.0009065813	0	0.06283186	0	0.0864968	0.99618495	0.0009065813	2.4719832e-21	-1
0	0.09874168	0.99504435	0.00092000037	0	0.050265484	0	0.09874168	0.99504435	0.00092000037	7.4686654e-21	-1
0	0.11478177	0.99331987	0.00093417894	0	0.03769911	0	0.11478177	0.99331987	0.00093417894	1.2458287e-20	-1
0	0.13657457	0.990556	0.00094864774	0	0.025132742	0	0.13657457	0.990556	0.00094864774	1.7436916e-20	-1
0	0.15062527	0.9885151	0.0009556147	0	0.018849555	0	0.15062527	0.9885151	0.0009556147	1.9920028e-20	-1
0	0.16765729	0.98576695	0.0009620021	0	0.012566371	0	0.16765729	0.98576695	0.0009620021	2.2397191e-20	-1
0	0.17758697	0.9840251	0.0009648156	0	0.009424778	0	0.17758697	0.9840251	0.0009648156	2.36329e-20	-1
0	0.18868148	0.9819565	0.00096725737	0	0.0062831854	0	0.18868148	0.9819565	0.00096725737	2.4866222e-20	-1
0	0.19855353	0.9800065	0.0009688641	0	0.0037699111	0	0.19855353	0.9800065	0.0009688641	2.585086e-20	-1
0	0.2038502	0.97891766	0.000969527	0	0.002513274	0	0.2038502	0.97891766	0.000969527	2.6342408e-20	-1
0	0.20660424	0.9783397	0.00096980954	0	0.0018849556	0	0.20660424	0.9783397	0.00096980954	2.6587968e-20	-1
0	0.20944715	0.97773457	0.00097007817	0	0.001256637	0	0.20944715	0.97773457	0.00097007817	2.6833385e-20	-1
0	0.20944715	0.97773457	0.00097007817	0	0.0010053096	0	0.20944715	0.97773457	0.00097007817	2.6931521e-20	-1
0	0.21235126	0.9771074	0.0009703174	0	0.0006283185	0	0.21235126	0.9771074	0.0009703174	2.7078644e-20	-1
0	0.2141222	0.9767206	0.00097044377	0	0.0002513274	0	0.2141222	0.9767206	0.00097044377	2.7225726e-20	-1
0	0.2141222	0.9767206	0.00097044377	0	0.0001256637	0	0.2141222	0.9767206	0.00097044377	2.7274743e-20	-1
0	0.2141222	0.9767206	0.00097044377	0	6.283185e-05	0	0.2141222	0.9767206	0.00097044377	2.729925e-20	-1
0	0.2141222	0.9767206	0.00097044377	0	2.5132742e-05	0	0.2141222	0.9767206	0.00097044377	2.7313956e-20	-1
0	0.2141222	0.9767206	0.00097044377	0	1.2566371e-05	0	0.2141222	0.9767206	0.00097044377	2.7318858e-20	-1
0	0.2141222	0.9767206	0.00097044377	0	6.2831855e-06	0	0.2141222	0.9767206	0.00097044377	2.7321307e-20	-1
0	0.2141222	0.9767206	0.00097044377	0	2.513274e-06	0	0.2141222	0.9767206	0.00097044377	2.7322777e-20	-1
0	0.2141222	0.9767206	0.00097044377	0	1.256637e-06	0	0.2141222	0.9767206	0.00097044377	2.732327e-20	-1
0	0.2141222	0.9767206	0.00097044377	0	6.283185e-07	0	0.2141222	0.9767206	0.00097044377	2.7323514e-20	-1
0	0.2141222	0.9767206	0.00097044377	0	2.513274e-07	0	0.2141222	0.9767206	0.00097044377	2.732366e-20	-1
0	0.2141222	0.9767206	0.00097044377	0	1.256637e-07	0	0.2141222	0.9767206	0.00097044377	2.732371e-20	-1
0	0.2141222	0.9767206	0.00097044377	0	0	0	0.2141222	0.9767206	0.00097044377	2.732376e-20	-1
0	0.2141222	0.9767206	0.00097044377	0	-1.256637e-07	0	0.2141222	0.9767206	0.00097044377	2.7323808e-20	-1
0	0.2141222	0.9767206	0.00097044377	0	-2.513274e-07	0	0.2141222	0.9767206	0.00097044377	2.7323857e-20	-1
0	0.2141222	0.9767206	0.00097044377	0	-6.283185e-07	0	0.2141222	0.9767206	0.00097044377	2.7324005e-20	-1
0	0.2141222	0.9767206	0.00097044377	0	-1.256637e-06	0	0.2141222	0.9767206	0.00097044377	2.7324247e-20	-1
0	0.2141222	0.9767206	0.00097044377	0	-2.513274e-06	0	0.2141222	0.9767206	0.00097044377	2.732474e-20	-1
0	0.2141222	0.9767206	0.00097044377	0	-6.2831855e-06	0	0.2141222	0.9767206	0.00097044377	2.732621e-20	-1
0	0.2141222	0.9767206	0.00097044377	0	-1.2566371e-05	0	0.2141222	0.9767206	0.00097044377	2.732866e-20	-1
0	0.2141222	0.9767206	0.00097044377	0	-2.5132742e-05	0	0.2141222	0.9767206	0.00097044377	2.7333563e-20	-1
0	0.2156358	0.97638726	0.0009705392	0	-6.283185e-05	0	0.2156358	0.97638726	0.0009705392	2.734825e-20	-1
0	0.2156358	0.97638726	0.0009705392	0	-0.0001256637	0	0.2156358	0.97638726	0.0009705392	2.7372747e-20	-1
0	0.2156358	0.97638726	0.0009705392	0	-0.0002513274	0	0.2156358	0.97638726	0.0009705392	2.7421748e-20	-1
0	0.21839112	0.97577417	0.0009706921	0	-0.0006283185	0	0.21839112	0.97577417	0.0009706921	2.7568676e-20	-1
0	0.22027922	0.9753494	0.00097077905	0	-0.0010053096	0	0.22027922	0.9753494	0.00097077905	2.7715552e-20	-1
0	0.22027922	0.9753494	0.00097077905	0	-0.001256637	0	0.22027922	0.9753494	0.00097077905	2.7813447e-20	-1
0	0.22478235	0.97432065	0.00097092974	0	-0.0018849556	0	0.22478235	0.97432065	0.00097092974	2.8058005e-20	-1
0	0.22812438	0.97354305	0.0009709925	0	-0.002513274	0	0.22812438	0.97354305	0.0009709925	2.8302392e-20	-1
0	0.2351076	0.971879	0.0009709985	0	-0.0037699111	0	0.2351076	0.971879	0.0009709985	2.8790554e-20	-1
0	0.25043482	0.96804	0.0009704821	0	-0.0062831854	0	0.25043482	0.96804	0.0009704821	2.9764165e-20	-1
0	0.27283847	0.9619615	0.0009686844	0	-0.009424778	0	0.27283847	0.9619615	0.0009686844	3.0975048e-20	-1
0	0.30029532	0.95374155	0.00096543273	0	-0.012566371	0	0.30029532	0.95374155	0.00096543273	3.217708e-20	-1
0	0.38874876	0.9212152	0.0009573995	0	-0.018849555	0	0.38874876	0.9212152	0.0009573995	3.4536913e-20	-1
0	-0.13657571	-0.99055576	-0.0009486469	0	-0.025132742	0	-0.13657571	-0.99055576	-0.0009486469	1.7436914e-20	-1
0	-0.114783555	-0.99331963	-0.0009341793	0	-0.03769911	0	-0.114783555	-0.99331963	-0.0009341793	1.245829e-20	-1
0	-0.098747	-0.9950439	-0.0009200028	0	-0.050265484	0	-0.098747	-0.9950439	-0.0009200028	7.468668e-21	-1
0	-0.08649908	-0.9961847	-0.000906585	0	-0.06283186	0	-0.08649908	-0.9961847	-0.000906585	2.4719808e-21	-1
0	-0.08649908	-0.9961847	-0.000906585	0	-0.06283186	0	-0.08649908	-0.9961847	-0.000906585	2.4719808e-21	1
0	-0.09874059	-0.99504447	-0.00091999944	0	-0.050265484	0	-0.09874059	-0.99504447	-0.00091999944	7.4686695e-21	1
0	-0.11478211	-0.9933198	-0.00093417754	0	-0.03769911	0	-0.11478211	-0.9933198	-0.00093417754	1.2458288e-20	1
0	-0.13657218	-0.9905563	-0.000948646	0	-0.025132742	0	-0.13657218	-0.9905563	-0.000948646	1.7436914e-20	1
0	-0.15063137	-0.9885142	-0.000955616	0	-0.018849555	0	-0.15063137	-0.9885142	-0.000955616	1.9920031e-20	1
0	-0.1676561	-0.9857671	-0.00096200145	0	-0.012566371	0	-0.1676561	-0.9857671	-0.00096200145	2.2397193e-20	1
0	-0.1775828	-0.9840259	-0.00096481515	0	-0.009424778	0	-0.1775828	-0.9840259	-0.00096481515	2.3632902e-20	1
0	-0.18868196	-0.9819564	-0.0009672578	0	-0.0062831854	0	-0.18868196	-0.9819564	-0.0009672578	2.4866222e-20	1
0	-0.19855262	-0.9800067	-0.0009688641	0	-0.0037699111	0	-0.19855262	-0.9800067	-0.0009688641	2.5850858e-20	1
0	-0.20385122	-0.9789174	-0.00096953334	0	-0.002513274	0	-0.20385122	-0.9789174	-0.00096953334	2.6342407e-20	1
0	-0.20661268	-0.9783379	-0.0009698195	0	-0.0018849556	0	-0.20661268	-0.9783379	-0.0009698195	2.6587974e-20	1
0	-0.20943901	-0.97773623	-0.0009700836	0	-0.001256637	0	-0.20943901	-0.97773623	-0.0009700836	2.6833385e-20	1
0	-0.20943901	-0.97773623	-0.0009700836	0	-0.0010053096	0	-0.20943901	-0.97773623	-0.0009700836	2.6931521e-20	1
0	-0.21234941	-0.97710776	-0.00097031746	0	-0.0006283185	0	-0.21234941	-0.97710776	-0.00097031746	2.7078644e-20	1
0	-0.21412207	-0.97672063	-0.00097044406	0	-0.0002513274	0	-0.21412207	-0.97672063	-0.00097044406	2.7225723e-20	1
0	-0.21412207	-0.97672063	-0.00097044406	0	-0.0001256637	0	-0.21412207	-0.97672063	-0.00097044406	2.727474e-20	1
0	-0.21412207	-0.97672063	-0.00097044406	0	-6.283185e-05	0	-0.21412207	-0.97672063	-0.00097044406	2.7299248e-20	1
0	-0.21412207	-0.97672063	-0.00097044406	0	-2.5132742e-05	0	-0.21412207	-0.97672063	-0.00097044406	2.7313953e-20	1
0	-0.21412207	-0.97672063	-0.00097044406	0	-1.2566371e-05	0	-0.21412207	-0.97672063	-0.00097044406	2.7318855e-20	1
0	-0.21412207	-0.97672063	-0.00097044406	0	-6.2831855e-06	0	-0.21412207	-0.97672063	-0.00097044406	2.7321307e-20	1
0	-0.21412207	-0.97672063	-0.00097044406	0	-2.513274e-06	0	-0.21412207	-0.97672063	-0.00097044406	2.7322777e-20	1
0	-0.21412207	-0.97672063	-0.00097044406	0	-1.256637e-06	0	-0.21412207	-0.97672063	-0.00097044406	2.7323265e-20	1
0	-0.21412207	-0.97672063	-0.00097044406	0	-6.283185e-07	0	-0.21412207	-0.97672063	-0.00097044406	2.732351e-20	1
0	-0.21412207	-0.97672063	-0.00097044406	0	-2.513274e-07	0	-0.21412207	-0.97672063	-0.00097044406	2.732366e-20	1
0	-0.21412207	-0.97672063	-0.00097044406	0	-1.256637e-07	0	-0.21412207	-0.97672063	-0.00097044406	2.7323708e-20	1
0	-0.21412207	-0.97672063	-0.00097044406	0	0	0	-0.21412207	-0.97672063	-0.00097044406	2.7323756e-20	1
0	-0.21412207	-0.97672063	-0.00097044406	0	1.256637e-07	0	-0.21412207	-0.97672063	-0.00097044406	2.7323805e-20	1
0	-0.21412207	-0.97672063	-0.00097044406	0	2.513274e-07	0	-0.21412207	-0.97672063	-0.00097044406	2.7323853e-20	1
0	-0.21412207	-0.97672063	-0.00097044406	0	6.283185e-07	0	-0.21412207	-0.97672063	-0.00097044406	2.7324002e-20	1
0	-0.21412207	-0.97672063	-0.00097044406	0	1.256637e-06	0	-0.21412207	-0.97672063	-0.00097044406	2.7324247e-20	1
0	-0.21412207	-0.97672063	-0.00097044406	0	2.513274e-06	0	-0.21412207	-0.97672063	-0.00097044406	2.732474e-20	1
0	-0.21412207	-0.97672063	-0.00097044406	0	6.2831855e-06	0	-0.21412207	-0.97672063	-0.00097044406	2.732621e-20	1
0	-0.21412207	-0.97672063	-0.00097044406	0	1.2566371e-05	0	-0.21412207	-0.97672063	-0.00097044406	2.7328658e-20	1
0	-0.21412207	-0.97672063	-0.00097044406	0	2.5132742e-05	0	-0.21412207	-0.97672063	-0.00097044406	2.733356e-20	1
0	-0.2156307	-0.97638845	-0.0009705394	0	6.283185e-05	0	-0.2156307	-0.97638845	-0.0009705394	2.7348245e-20	1
0	-0.2156307	-0.97638845	-0.0009705394	0	0.0001256637	0	-0.2156307	-0.97638845	-0.0009705394	2.7372747e-20	1
0	-0.2156307	-0.97638845	-0.0009705394	0	0.0002513274	0	-0.2156307	-0.97638845	-0.0009705394	2.7421748e-20	1
0	-0.2183916	-0.97577417	-0.0009706926	0	0.0006283185	0	-0.2183916	-0.97577417	-0.0009706926	2.7568676e-20	1
0	-0.22027326	-0.97535074	-0.0009707783	0	0.0010053096	0	-0.22027326	-0.97535074	-0.0009707783	2.7715552e-20	1
0	-0.22027326	-0.97535074	-0.0009707783	0	0.001256637	0	-0.22027326	-0.97535074	-0.0009707783	2.781345e-20	1
0	-0.22478649	-0.9743197	-0.0009709294	0	0.0018849556	0	-0.22478649	-0.9743197	-0.0009709294	2.8058008e-20	1
0	-0.22813743	-0.97353995	-0.0009709912	0	0.002513274	0	-0.22813743	-0.97353995	-0.0009709912	2.8302395e-20	1
0	-0.23510787	-0.9718789	-0.0009709983	0	0.0037699111	0	-0.23510787	-0.9718789	-0.0009709983	2.8790554e-20	1
0	-0.25043282	-0.96804047	-0.00097048166	0	0.0062831854	0	-0.25043282	-0.96804047	-0.00097048166	2.9764165e-20	1
0	-0.27283496	-0.9619625	-0.00096868497	0	0.009424778	0	-0.27283496	-0.9619625	-0.00096868497	3.0975054e-20	1
0	-0.30026174	-0.9537521	-0.0009654393	0	0.012566371	0	-0.30026174	-0.9537521	-0.0009654393	3.217708e-20	1
0	-0.3887547	-0.9212127	-0.00095739926	0	0.018849555	0	-0.3887547	-0.9212127	-0.00095739926	3.453691e-20	1
0	0.13657221	0.99055624	0.0009486461	0	0.025132742	0	0.13657221	0.99055624	0.0009486461	1.7436914e-20	1
0	0.11478364	0.99331963	0.0009341752	0	0.03769911	0	0.11478364	0.99331963	0.0009341752	1.24582876e-20	1
0	0.0987463	0.9950439	0.0009200026	0	0.050265484	0	0.0987463	0.9950439	0.0009200026	7.4686654e-21	1
0	0.08650005	0.9961847	0.00090657815	0	0.06283186	0	0.08650005	0.9961847	0.00090657815	2.471983e-21	1
