# t (s)	mx ()	my ()	mz ()	B_extx (T)	B_exty (T)	B_extz (T)	mx ()	my ()	mz ()	E_total (J)	branch ()
0	-0.04107167	0.9990902	0.0007286057	0	0.06283186	0	-0.04107167	0.9990902	0.0007286057	4.635318e-21	-1
0	-0.048994884	0.998732	0.0006836402	0	0.050265484	0	-0.048994884	0.998732	0.0006836402	9.648434e-21	-1
0	-0.060614828	0.998093	0.00061303773	0	0.03769911	0	-0.060614828	0.998093	0.00061303773	1.4659145e-20	-1
0	-0.07911186	0.9967958	0.000493663	0	0.025132742	0	-0.07911186	0.9967958	0.000493663	1.9665245e-20	-1
0	-0.093074225	0.9955879	0.00039988628	0	0.018849555	0	-0.093074225	0.9955879	0.00039988628	2.2165059e-20	-1
0	-0.112593316	0.9935678	0.0002652274	0	0.012566371	0	-0.112593316	0.9935678	0.0002652274	2.4660936e-20	-1
0	-0.12554237	0.9920135	0.00017420098	0	0.009424778	0	-0.12554237	0.9920135	0.00017420098	2.590657e-20	-1
0	-0.14159143	0.9898485	6.006234e-05	0	0.0062831854	0	-0.14159143	0.9898485	6.006234e-05	2.7149893e-20	-1
0	-0.15751553	0.9874377	-5.421378e-05	0	0.0037699111	0	-0.15751553	0.9874377	-5.421378e-05	2.8142258e-20	-1
0	-0.16684121	0.9859036	-0.00012144691	0	0.002513274	0	-0.16684121	0.9859036	-0.00012144691	2.863743e-20	-1
0	-0.17190123	0.9850333	-0.00015798688	0	0.0018849556	0	-0.17190123	0.9850333	-0.00015798688	2.8884708e-20	-1
0	-0.17725378	0.98408353	-0.00019666624	0	0.001256637	0	-0.17725378	0.98408353	-0.00019666624	2.913177e-20	-1
0	-0.17725378	0.98408353	-0.00019666624	0	0.0010053096	0	-0.17725378	0.98408353	-0.00019666624	2.923054e-20	-1
0	-0.18294102	0.9830413	-0.0002377789	0	0.0006283185	0	-0.18294102	0.9830413	-0.0002377789	2.9378567e-20	-1
0	-0.1865424	0.9823637	-0.00026381813	0	0.0002513274	0	-0.1865424	0.9823637	-0.00026381813	2.9526512e-20	-1
0	-0.1865424	0.9823637	-0.00026381813	0	0.0001256637	0	-0.1865424	0.9823637	-0.00026381813	2.9575814e-20	-1
0	-0.1883738	0.98201394	-0.0002770563	0	6.283185e-05	0	-0.1883738	0.98201394	-0.0002770563	2.960045e-20	-1
0	-0.18877438	0.98193693	-0.0002799619	0	2.5132742e-05	0	-0.18877438	0.98193693	-0.0002799619	2.9615234e-20	-1
0	-0.18877438	0.98193693	-0.0002799619	0	1.2566371e-05	0	-0.18877438	0.98193693	-0.0002799619	2.962016e-20	-1
0	-0.18877438	0.98193693	-0.0002799619	0	6.2831855e-06	0	-0.18877438	0.98193693	-0.0002799619	2.9622624e-20	-1
0	-0.18877438	0.98193693	-0.0002799619	0	2.513274e-06	0	-0.18877438	0.98193693	-0.0002799619	2.9624104e-20	-1
0	-0.18877438	0.98193693	-0.0002799619	0	1.256637e-06	0	-0.18877438	0.98193693	-0.0002799619	2.9624598e-20	-1
0	-0.18877438	0.98193693	-0.0002799619	0	6.283185e-07	0	-0.18877438	0.98193693	-0.0002799619	2.9624844e-20	-1
0	-0.18877438	0.98193693	-0.0002799619	0	2.513274e-07	0	-0.18877438	0.98193693	-0.0002799619	2.9624992e-20	-1
0	-0.18877438	0.98193693	-0.0002799619	0	1.256637e-07	0	-0.18877438	0.98193693	-0.0002799619	2.962504e-20	-1
0	-0.18877438	0.98193693	-0.0002799619	0	0	0	-0.18877438	0.98193693	-0.0002799619	2.962509e-20	-1
0	-0.18877438	0.98193693	-0.0002799619	0	-1.256637e-07	0	-0.18877438	0.98193693	-0.0002799619	2.9625138e-20	-1
0	-0.18877438	0.98193693	-0.0002799619	0	-2.513274e-07	0	-0.18877438	0.98193693	-0.0002799619	2.962519e-20	-1
0	-0.18877438	0.98193693	-0.0002799619	0	-6.283185e-07	0	-0.18877438	0.98193693	-0.0002799619	2.9625335e-20	-1
0	-0.18877438	0.98193693	-0.0002799619	0	-1.256637e-06	0	-0.18877438	0.98193693	-0.0002799619	2.9625583e-20	-1
0	-0.18877438	0.98193693	-0.0002799619	0	-2.513274e-06	0	-0.18877438	0.98193693	-0.0002799619	2.9626075e-20	-1
0	-0.18877438	0.98193693	-0.0002799619	0	-6.2831855e-06	0	-0.18877438	0.98193693	-0.0002799619	2.9627555e-20	-1
0	-0.18877438	0.98193693	-0.0002799619	0	-1.2566371e-05	0	-0.18877438	0.98193693	-0.0002799619	2.9630017e-20	-1
0	-0.18877438	0.98193693	-0.0002799619	0	-2.5132742e-05	0	-0.18877438	0.98193693	-0.0002799619	2.9634944e-20	-1
0	-0.18877438	0.98193693	-0.0002799619	0	-6.283185e-05	0	-0.18877438	0.98193693	-0.0002799619	2.964973e-20	-1
0	-0.18877438	0.98193693	-0.0002799619	0	-0.0001256637	0	-0.18877438	0.98193693	-0.0002799619	2.9674368e-20	-1
0	-0.18877438	0.98193693	-0.0002799619	0	-0.0002513274	0	-0.18877438	0.98193693	-0.0002799619	2.9723646e-20	-1
0	-0.1955505	0.980609	-0.000328928	0	-0.0006283185	0	-0.1955505	0.980609	-0.000328928	2.9871318e-20	-1
0	-0.19964948	0.97978204	-0.00035852194	0	-0.0010053096	0	-0.19964948	0.97978204	-0.00035852194	3.0018892e-20	-1
0	-0.19964948	0.97978204	-0.00035852194	0	-0.001256637	0	-0.19964948	0.97978204	-0.00035852194	3.0117233e-20	-1
0	-0.20999596	0.9776151	-0.00043311573	0	-0.0018849556	0	-0.20999596	0.9776151	-0.00043311573	3.0362708e-20	-1
0	-0.21811968	0.9758334	-0.0004915112	0	-0.002513274	0	-0.21811968	0.9758334	-0.0004915112	3.06078e-20	-1
0	-0.2366108	0.9715123	-0.0006236226	0	-0.0037699111	0	-0.2366108	0.9715123	-0.0006236226	3.1096485e-20	-1
0	-0.28893077	0.9572463	-0.0009870529	0	-0.0062831854	0	-0.28893077	0.9572463	-0.0009870529	3.2065324e-20	-1
0	0.125541	-0.9920137	-0.00017420975	0	-0.009424778	0	0.125541	-0.9920137	-0.00017420975	2.5906568e-20	-1
0	0.11260548	-0.9935665	-0.00026513007	0	-0.012566371	0	0.11260548	-0.9935665	-0.00026513007	2.4660936e-20	-1
0	0.09308453	-0.9955869	-0.0003998131	0	-0.018849555	0	0.09308453	-0.9955869	-0.0003998131	2.2165056e-20	-1
0	0.07912848	-0.99679446	-0.00049355405	0	-0.025132742	0	0.07912848	-0.99679446	-0.00049355405	1.9665242e-20	-1
0	0.06062658	-0.9980923	-0.00061295734	0	-0.03769911	0	0.06062658	-0.9980923	-0.00061295734	1.4659143e-20	-1
0	0.049013652	-0.9987311	-0.0006835139	0	-0.050265484	0	0.049013652	-0.9987311	-0.0006835139	9.648436e-21	-1
0	0.041072562	-0.9990902	-0.0007286052	0	-0.06283186	0	0.041072562	-0.9990902	-0.0007286052	4.6353194e-21	-1
0	0.041072562	-0.9990902	-0.0007286052	0	-0.06283186	0	0.041072562	-0.9990902	-0.0007286052	4.6353194e-21	1
0	0.049002863	-0.9987316	-0.0006835865	0	-0.050265484	0	0.049002863	-0.9987316	-0.0006835865	9.648437e-21	1
0	0.06061811	-0.9980928	-0.0006130204	0	-0.03769911	0	0.06061811	-0.9980928	-0.0006130204	1.4659138e-20	1
0	0.07910864	-0.996796	-0.00049369223	0	-0.025132742	0	0.07910864	-0.996796	-0.00049369223	1.9665237e-20	1
0	0.09306729	-0.99558854	-0.0003999339	0	-0.018849555	0	0.09306729	-0.99558854	-0.0003999339	2.2165057e-20	1
0	0.11259249	-0.99356794	-0.00026522257	0	-0.012566371	0	0.11259249	-0.99356794	-0.00026522257	2.4660936e-20	1
0	0.12552984	-0.9920151	-0.00017429036	0	-0.009424778	0	0.12552984	-0.9920151	-0.00017429036	2.5906568e-20	1
0	0.14159301	-0.98984826	-6.005492e-05	0	-0.0062831854	0	0.14159301	-0.98984826	-6.005492e-05	2.7149893e-20	1
0	0.15754311	-0.9874333	5.441481e-05	0	-0.0037699111	0	0.15754311	-0.9874333	5.441481e-05	2.8142255e-20	1
0	0.16681594	-0.9859079	0.00012126172	0	-0.002513274	0	0.16681594	-0.9859079	0.00012126172	2.8637432e-20	1
0	0.17187808	-0.9850373	0.00015784401	0	-0.0018849556	0	0.17187808	-0.9850373	0.00015784401	2.888471e-20	1
0	0.17723817	-0.9840863	0.00019655071	0	-0.001256637	0	0.17723817	-0.9840863	0.00019655071	2.9131766e-20	1
0	0.17947301	-0.98368084	0.000212707	0	-0.0010053096	0	0.17947301	-0.98368084	0.000212707	2.9230518e-20	1
0	0.18294135	-0.9830413	0.00023778128	0	-0.0006283185	0	0.18294135	-0.9830413	0.00023778128	2.9378567e-20	1
0	0.1865449	-0.9823633	0.0002638334	0	-0.0002513274	0	0.1865449	-0.9823633	0.0002638334	2.9526516e-20	1
0	0.1865449	-0.9823633	0.0002638334	0	-0.0001256637	0	0.1865449	-0.9823633	0.0002638334	2.9575814e-20	1
0	0.18839443	-0.98201	0.00027720645	0	-6.283185e-05	0	0.18839443	-0.98201	0.00027720645	2.960045e-20	1
0	0.18839443	-0.98201	0.00027720645	0	-2.5132742e-05	0	0.18839443	-0.98201	0.00027720645	2.9615237e-20	1
0	0.18839443	-0.98201	0.00027720645	0	-1.2566371e-05	0	0.18839443	-0.98201	0.00027720645	2.9620165e-20	1
0	0.18839443	-0.98201	0.00027720645	0	-6.2831855e-06	0	0.18839443	-0.98201	0.00027720645	2.962263e-20	1
0	0.18839443	-0.98201	0.00027720645	0	-2.513274e-06	0	0.18839443	-0.98201	0.00027720645	2.9624107e-20	1
0	0.18839443	-0.98201	0.00027720645	0	-1.256637e-06	0	0.18839443	-0.98201	0.00027720645	2.96246e-20	1
0	0.18839443	-0.98201	0.00027720645	0	-6.283185e-07	0	0.18839443	-0.98201	0.00027720645	2.9624847e-20	1
0	0.18839443	-0.98201	0.00027720645	0	-2.513274e-07	0	0.18839443	-0.98201	0.00027720645	2.9624995e-20	1
0	0.18839443	-0.98201	0.00027720645	0	-1.256637e-07	0	0.18839443	-0.98201	0.00027720645	2.9625044e-20	1
0	0.18839443	-0.98201	0.00027720645	0	0	0	0.18839443	-0.98201	0.00027720645	2.9625092e-20	1
0	0.18839443	-0.98201	0.00027720645	0	1.256637e-07	0	0.18839443	-0.98201	0.00027720645	2.9625144e-20	1
0	0.18839443	-0.98201	0.00027720645	0	2.513274e-07	0	0.18839443	-0.98201	0.00027720645	2.9625193e-20	1
0	0.18839443	-0.98201	0.00027720645	0	6.283185e-07	0	0.18839443	-0.98201	0.00027720645	2.962534e-20	1
0	0.18839443	-0.98201	0.00027720645	0	1.256637e-06	0	0.18839443	-0.98201	0.00027720645	2.9625587e-20	1
0	0.18839443	-0.98201	0.00027720645	0	2.513274e-06	0	0.18839443	-0.98201	0.00027720645	2.9626078e-20	1
0	0.18839443	-0.98201	0.00027720645	0	6.2831855e-06	0	0.18839443	-0.98201	0.00027720645	2.9627558e-20	1
0	0.18839443	-0.98201	0.00027720645	0	1.2566371e-05	0	0.18839443	-0.98201	0.00027720645	2.963002e-20	1
0	0.18839443	-0.98201	0.00027720645	0	2.5132742e-05	0	0.18839443	-0.98201	0.00027720645	2.963495e-20	1
0	0.18839443	-0.98201	0.00027720645	0	6.283185e-05	0	0.18839443	-0.98201	0.00027720645	2.9649733e-20	1
0	0.18839443	-0.98201	0.00027720645	0	0.0001256637	0	0.18839443	-0.98201	0.00027720645	2.9674374e-20	1
0	0.19157955	-0.9813931	0.00030023116	0	0.0002513274	0	0.19157955	-0.9813931	0.00030023116	2.9723617e-20	1
0	0.19554809	-0.9806094	0.00032890658	0	0.0006283185	0	0.19554809	-0.9806094	0.00032890658	2.9871314e-20	1
0	0.19964471	-0.979783	0.0003584869	0	0.0010053096	0	0.19964471	-0.979783	0.0003584869	3.0018892e-20	1
0	0.2024865	-0.9791992	0.00037899512	0	0.001256637	0	0.2024865	-0.9791992	0.00037899512	3.01172e-20	1
0	0.20998958	-0.9776164	0.0004330696	0	0.0018849556	0	0.20998958	-0.9776164	0.0004330696	3.036271e-20	1
0	0.21811214	-0.9758351	0.00049146084	0	0.002513274	0	0.21811214	-0.9758351	0.00049146084	3.06078e-20	1
0	0.23661174	-0.9715121	0.0006236294	0	0.0037699111	0	0.23661174	-0.9715121	0.0006236294	3.1096485e-20	1
0	0.2889337	-0.9572454	0.0009870727	0	0.0062831854	0	0.2889337	-0.9572454	0.0009870727	3.2065324e-20	1
0	0.91281915	0.40805286	-0.0034930438	0	0.009424778	0	0.91281915	0.40805286	-0.0034930438	2.6453386e-20	1
0	0.8592565	0.51126003	-0.0026628398	0	0.012566371	0	0.8592565	0.51126003	-0.0026628398	2.588054e-20	1
0	-0.09307258	0.995588	0.00039989763	0	0.018849555	0	-0.09307258	0.995588	0.00039989763	2.2165057e-20	1
0	-0.07912055	0.99679506	0.00049360876	0	0.025132742	0	-0.07912055	0.99679506	0.00049360876	1.9665238e-20	1
0	-0.06062618	0.9980923	0.0006129611	0	0.03769911	0	-0.06062618	0.9980923	0.0006129611	1.465914e-20	1
0	-0.04900659	0.9987315	0.00068356155	0	0.050265484	0	-0.04900659	0.9987315	0.00068356155	9.648434e-21	1
0	-0.041071422	0.9990902	0.00072861055	0	0.06283186	0	-0.041071422	0.9990902	0.00072861055	4.635316e-21	1
