# t (s)	mx ()	my ()	mz ()	B_extx (T)	B_exty (T)	B_extz (T)	mx ()	my ()	mz ()	E_total (J)	branch ()
0	-0.056433775	0.9983399	-0.00023502033	0	0.06283186	0	-0.056433775	0.9983399	-0.00023502033	4.7066124e-21	-1
0	-0.06754808	0.99764824	-0.00021180842	0	0.050265484	0	-0.06754808	0.99764824	-0.00021180842	9.715204e-21	-1
0	-0.08378573	0.9964143	-0.00017569467	0	0.03769911	0	-0.08378573	0.9964143	-0.00017569467	1.4719133e-20	-1
0	-0.109360546	0.99393	-0.00011522205	0	0.025132742	0	-0.109360546	0.99393	-0.00011522205	1.9714202e-20	-1
0	-0.12831125	0.9916595	-6.840748e-05	0	0.018849555	0	-0.12831125	0.9916595	-6.840748e-05	2.220559e-20	-1
0	-0.15418299	0.9879645	-2.4902934e-06	0	0.012566371	0	-0.15418299	0.9879645	-2.4902934e-06	2.4689672e-20	-1
0	-0.17089026	0.98520994	4.0987772e-05	0	0.009424778	0	-0.17089026	0.98520994	4.0987772e-05	2.5927555e-20	-1
0	-0.19115525	0.9814765	9.4407325e-05	0	0.0062831854	0	-0.19115525	0.9814765	9.4407325e-05	2.7161403e-20	-1
0	-0.21073675	0.9774562	0.00014647937	0	0.0037699111	0	-0.21073675	0.9774562	0.00014647937	2.8144588e-20	-1
0	-0.2219826	0.974962	0.00017649209	0	0.002513274	0	-0.2219826	0.974962	0.00017649209	2.863451e-20	-1
0	-0.22800526	0.97357005	0.00019257954	0	0.0018849556	0	-0.22800526	0.97357005	0.00019257954	2.8878982e-20	-1
0	-0.23436724	0.9720571	0.00020956948	0	0.001256637	0	-0.23436724	0.9720571	0.00020956948	2.912309e-20	-1
0	-0.2370011	0.9714178	0.00021660063	0	0.0010053096	0	-0.2370011	0.9714178	0.00021660063	2.922062e-20	-1
0	-0.24108003	0.97041285	0.00022748536	0	0.0006283185	0	-0.24108003	0.97041285	0.00022748536	2.9366796e-20	-1
0	-0.24529287	0.9693558	0.00023872034	0	0.0002513274	0	-0.24529287	0.9693558	0.00023872034	2.9512822e-20	-1
0	-0.24672243	0.9689927	0.0002425302	0	0.0001256637	0	-0.24672243	0.9689927	0.0002425302	2.9561458e-20	-1
0	-0.24744165	0.9688091	0.00024444627	0	6.283185e-05	0	-0.24744165	0.9688091	0.00024444627	2.958577e-20	-1
0	-0.24744165	0.9688091	0.00024444627	0	2.5132742e-05	0	-0.24744165	0.9688091	0.00024444627	2.9600354e-20	-1
0	-0.24744165	0.9688091	0.00024444627	0	1.2566371e-05	0	-0.24744165	0.9688091	0.00024444627	2.9605217e-20	-1
0	-0.24744165	0.9688091	0.00024444627	0	6.2831855e-06	0	-0.24744165	0.9688091	0.00024444627	2.9607647e-20	-1
0	-0.24744165	0.9688091	0.00024444627	0	2.513274e-06	0	-0.24744165	0.9688091	0.00024444627	2.9609108e-20	-1
0	-0.24744165	0.9688091	0.00024444627	0	1.256637e-06	0	-0.24744165	0.9688091	0.00024444627	2.9609592e-20	-1
0	-0.24744165	0.9688091	0.00024444627	0	6.283185e-07	0	-0.24744165	0.9688091	0.00024444627	2.9609835e-20	-1
0	-0.24744165	0.9688091	0.00024444627	0	2.513274e-07	0	-0.24744165	0.9688091	0.00024444627	2.960998e-20	-1
0	-0.24744165	0.9688091	0.00024444627	0	1.256637e-07	0	-0.24744165	0.9688091	0.00024444627	2.9610032e-20	-1
0	-0.24744165	0.9688091	0.00024444627	0	0	0	-0.24744165	0.9688091	0.00024444627	2.961008e-20	-1
0	-0.24744165	0.9688091	0.00024444627	0	-1.256637e-07	0	-0.24744165	0.9688091	0.00024444627	2.961013e-20	-1
0	-0.24744165	0.9688091	0.00024444627	0	-2.513274e-07	0	-0.24744165	0.9688091	0.00024444627	2.9610177e-20	-1
0	-0.24744165	0.9688091	0.00024444627	0	-6.283185e-07	0	-0.24744165	0.9688091	0.00024444627	2.9610323e-20	-1
0	-0.24744165	0.9688091	0.00024444627	0	-1.256637e-06	0	-0.24744165	0.9688091	0.00024444627	2.9610565e-20	-1
0	-0.24744165	0.9688091	0.00024444627	0	-2.513274e-06	0	-0.24744165	0.9688091	0.00024444627	2.9611053e-20	-1
0	-0.24744165	0.9688091	0.00024444627	0	-6.2831855e-06	0	-0.24744165	0.9688091	0.00024444627	2.961251e-20	-1
0	-0.24744165	0.9688091	0.00024444627	0	-1.2566371e-05	0	-0.24744165	0.9688091	0.00024444627	2.961494e-20	-1
0	-0.24744165	0.9688091	0.00024444627	0	-2.5132742e-05	0	-0.24744165	0.9688091	0.00024444627	2.9619803e-20	-1
0	-0.24744165	0.9688091	0.00024444627	0	-6.283185e-05	0	-0.24744165	0.9688091	0.00024444627	2.963439e-20	-1
0	-0.24964562	0.96824324	0.00025031716	0	-0.0001256637	0	-0.24964562	0.96824324	0.00025031716	2.965868e-20	-1
0	-0.24964562	0.96824324	0.00025031716	0	-0.0002513274	0	-0.24964562	0.96824324	0.00025031716	2.970727e-20	-1
0	-0.2557138	0.96665716	0.0002664604	0	-0.0006283185	0	-0.2557138	0.96665716	0.0002664604	2.9852887e-20	-1
0	-0.2604388	0.965394	0.0002790065	0	-0.0010053096	0	-0.2604388	0.965394	0.0002790065	2.9998325e-20	-1
0	-0.26371723	0.964503	0.0002876987	0	-0.001256637	0	-0.26371723	0.964503	0.0002876987	3.009518e-20	-1
0	-0.27229732	0.9621142	0.00031038348	0	-0.0018849556	0	-0.27229732	0.9621142	0.00031038348	3.0336897e-20	-1
0	-0.28147733	0.95946693	0.00033453418	0	-0.002513274	0	-0.28147733	0.95946693	0.00033453418	3.057799e-20	-1
0	-0.30209106	0.9531733	0.00038818744	0	-0.0037699111	0	-0.30209106	0.9531733	0.00038818744	3.1057986e-20	-1
0	-0.35915616	0.93315697	0.0005303909	0	-0.0062831854	0	-0.35915616	0.93315697	0.0005303909	3.2005812e-20	-1
0	-0.901186	-0.43314075	-0.0013808717	0	-0.009424778	0	-0.901186	-0.43314075	-0.0013808717	2.609024e-20	-1
0	-0.8601773	-0.509717	-0.0011781929	0	-0.012566371	0	-0.8601773	-0.509717	-0.0011781929	2.5500067e-20	-1
0	0.12831774	-0.9916587	6.8391644e-05	0	-0.018849555	0	0.12831774	-0.9916587	6.8391644e-05	2.2205591e-20	-1
0	0.10937363	-0.99392843	0.00011519841	0	-0.025132742	0	0.10937363	-0.99392843	0.00011519841	1.97142e-20	-1
0	0.08378641	-0.9964143	0.00017569688	0	-0.03769911	0	0.08378641	-0.9964143	0.00017569688	1.4719133e-20	-1
0	0.06754951	-0.9976482	0.00021180473	0	-0.050265484	0	0.06754951	-0.9976482	0.00021180473	9.7152064e-21	-1
0	0.05643616	-0.9983398	0.00023501835	0	-0.06283186	0	0.05643616	-0.9983398	0.00023501835	4.7066092e-21	-1
0	0.05643616	-0.9983398	0.00023501835	0	-0.06283186	0	0.05643616	-0.9983398	0.00023501835	4.7066092e-21	1
0	0.0675478	-0.9976483	0.00021181109	0	-0.050265484	0	0.0675478	-0.9976483	0.00021181109	9.715202e-21	1
0	0.083782256	-0.99641466	0.00017570517	0	-0.03769911	0	0.083782256	-0.99641466	0.00017570517	1.4719131e-20	1
0	0.10935566	-0.99393046	0.00011524357	0	-0.025132742	0	0.10935566	-0.99393046	0.00011524357	1.9714199e-20	1
0	0.12830922	-0.9916598	6.841444e-05	0	-0.018849555	0	0.12830922	-0.9916598	6.841444e-05	2.220559e-20	1
0	0.15417795	-0.98796535	2.5059142e-06	0	-0.012566371	0	0.15417795	-0.98796535	2.5059142e-06	2.4689676e-20	1
0	0.17089571	-0.985209	-4.1003048e-05	0	-0.009424778	0	0.17089571	-0.985209	-4.1003048e-05	2.5927551e-20	1
0	0.19115475	-0.9814766	-9.440645e-05	0	-0.0062831854	0	0.19115475	-0.9814766	-9.440645e-05	2.7161406e-20	1
0	0.21074148	-0.9774552	-0.00014649554	0	-0.0037699111	0	0.21074148	-0.9774552	-0.00014649554	2.8144588e-20	1
0	0.22195765	-0.9749676	-0.00017642775	0	-0.002513274	0	0.22195765	-0.9749676	-0.00017642775	2.8634514e-20	1
0	0.22800605	-0.97356987	-0.00019257379	0	-0.0018849556	0	0.22800605	-0.97356987	-0.00019257379	2.8878982e-20	1
0	0.23437399	-0.97205544	-0.00020958774	0	-0.001256637	0	0.23437399	-0.97205544	-0.00020958774	2.9123087e-20	1
0	0.23437399	-0.97205544	-0.00020958774	0	-0.0010053096	0	0.23437399	-0.97205544	-0.00020958774	2.9220653e-20	1
0	0.24107839	-0.97041327	-0.00022748191	0	-0.0006283185	0	0.24107839	-0.97041327	-0.00022748191	2.9366802e-20	1
0	0.24529392	-0.9693556	-0.0002387229	0	-0.0002513274	0	0.24529392	-0.9693556	-0.0002387229	2.951282e-20	1
0	0.24529392	-0.9693556	-0.0002387229	0	-0.0001256637	0	0.24529392	-0.9693556	-0.0002387229	2.9561467e-20	1
0	0.24529392	-0.9693556	-0.0002387229	0	-6.283185e-05	0	0.24529392	-0.9693556	-0.0002387229	2.9585788e-20	1
0	0.24529392	-0.9693556	-0.0002387229	0	-2.5132742e-05	0	0.24529392	-0.9693556	-0.0002387229	2.9600384e-20	1
0	0.24806955	-0.96864843	-0.00024612	0	-1.2566371e-05	0	0.24806955	-0.96864843	-0.00024612	2.9605217e-20	1
0	0.24811162	-0.9686377	-0.00024623115	0	-6.2831855e-06	0	0.24811162	-0.9686377	-0.00024623115	2.9607644e-20	1
0	0.24811162	-0.9686377	-0.00024623115	0	-2.513274e-06	0	0.24811162	-0.9686377	-0.00024623115	2.9609105e-20	1
0	0.24811162	-0.9686377	-0.00024623115	0	-1.256637e-06	0	0.24811162	-0.9686377	-0.00024623115	2.960959e-20	1
0	0.24811162	-0.9686377	-0.00024623115	0	-6.283185e-07	0	0.24811162	-0.9686377	-0.00024623115	2.960983e-20	1
0	0.24811162	-0.9686377	-0.00024623115	0	-2.513274e-07	0	0.24811162	-0.9686377	-0.00024623115	2.960998e-20	1
0	0.24811162	-0.9686377	-0.00024623115	0	-1.256637e-07	0	0.24811162	-0.9686377	-0.00024623115	2.961003e-20	1
0	0.24811162	-0.9686377	-0.00024623115	0	0	0	0.24811162	-0.9686377	-0.00024623115	2.9610077e-20	1
0	0.24811162	-0.9686377	-0.00024623115	0	1.256637e-07	0	0.24811162	-0.9686377	-0.00024623115	2.9610126e-20	1
0	0.24811162	-0.9686377	-0.00024623115	0	2.513274e-07	0	0.24811162	-0.9686377	-0.00024623115	2.9610174e-20	1
0	0.24811162	-0.9686377	-0.00024623115	0	6.283185e-07	0	0.24811162	-0.9686377	-0.00024623115	2.961032e-20	1
0	0.24811162	-0.9686377	-0.00024623115	0	1.256637e-06	0	0.24811162	-0.9686377	-0.00024623115	2.9610562e-20	1
0	0.24811162	-0.9686377	-0.00024623115	0	2.513274e-06	0	0.24811162	-0.9686377	-0.00024623115	2.9611046e-20	1
0	0.24811162	-0.9686377	-0.00024623115	0	6.2831855e-06	0	0.24811162	-0.9686377	-0.00024623115	2.9612507e-20	1
0	0.24811162	-0.9686377	-0.00024623115	0	1.2566371e-05	0	0.24811162	-0.9686377	-0.00024623115	2.9614937e-20	1
0	0.24811162	-0.9686377	-0.00024623115	0	2.5132742e-05	0	0.24811162	-0.9686377	-0.00024623115	2.9619796e-20	1
0	0.24811162	-0.9686377	-0.00024623115	0	6.283185e-05	0	0.24811162	-0.9686377	-0.00024623115	2.9634382e-20	1
0	0.24811162	-0.9686377	-0.00024623115	0	0.0001256637	0	0.24811162	-0.9686377	-0.00024623115	2.9658687e-20	1
0	0.2511269	-0.9678598	-0.00025425956	0	0.0002513274	0	0.2511269	-0.9678598	-0.00025425956	2.970726e-20	1
0	0.25570905	-0.9666585	-0.0002664471	0	0.0006283185	0	0.25570905	-0.9666585	-0.0002664471	2.9852884e-20	1
0	0.26044875	-0.9653913	-0.00027903306	0	0.0010053096	0	0.26044875	-0.9653913	-0.00027903306	2.9998322e-20	1
0	0.26044875	-0.9653913	-0.00027903306	0	0.001256637	0	0.26044875	-0.9653913	-0.00027903306	3.009522e-20	1
0	0.2722596	-0.96212494	-0.0003102834	0	0.0018849556	0	0.2722596	-0.96212494	-0.0003102834	3.0336897e-20	1
0	0.2814495	-0.9594751	-0.00033446	0	0.002513274	0	0.2814495	-0.9594751	-0.00033446	3.0577998e-20	1
0	0.3020934	-0.95317256	-0.00038819344	0	0.0037699111	0	0.3020934	-0.95317256	-0.00038819344	3.1057986e-20	1
0	0.35907695	-0.93318737	-0.0005302017	0	0.0062831854	0	0.35907695	-0.93318737	-0.0005302017	3.200581e-20	1
0	-0.17089576	0.985209	4.100505e-05	0	0.009424778	0	-0.17089576	0.985209	4.100505e-05	2.592755e-20	1
0	-0.15419501	0.98796266	-2.460888e-06	0	0.012566371	0	-0.15419501	0.98796266	-2.460888e-06	2.4689676e-20	1
0	-0.12832092	0.99165833	-6.8384266e-05	0	0.018849555	0	-0.12832092	0.99165833	-6.8384266e-05	2.2205588e-20	1
0	-0.10937226	0.9939287	-0.000115202216	0	0.025132742	0	-0.10937226	0.9939287	-0.000115202216	1.9714202e-20	1
0	-0.0837857	0.9964143	-0.0001756975	0	0.03769911	0	-0.0837857	0.9964143	-0.0001756975	1.4719135e-20	1
0	-0.06755	0.9976481	-0.00021180391	0	0.050265484	0	-0.06755	0.9976481	-0.00021180391	9.715204e-21	1
0	-0.056436718	0.9983397	-0.0002350169	0	0.06283186	0	-0.056436718	0.9983397	-0.0002350169	4.706611e-21	1
