# t (s)	mx ()	my ()	mz ()	B_extx (T)	B_exty (T)	B_extz (T)	mx ()	my ()	mz ()	E_total (J)	branch ()
0	0.99921435	0.03792798	0.0020263263	0.06283186	0	0	0.99921435	0.03792798	0.0020263263	2.339638e-21	-1
0	0.999002	0.043139305	0.0020448472	0.050265484	0	0	0.999002	0.043139305	0.0020448472	7.3537e-21	-1
0	0.9986814	0.04999338	0.0020640665	0.03769911	0	0	0.9986814	0.04999338	0.0020640665	1.23664576e-20	-1
0	0.99816453	0.059407223	0.0020839544	0.025132742	0	0	0.99816453	0.059407223	0.0020839544	1.7377157e-20	-1
0	0.9977783	0.06556443	0.002093994	0.018849555	0	0	0.9977783	0.06556443	0.002093994	1.9881343e-20	-1
0	0.9972521	0.073121965	0.0021039047	0.012566371	0	0	0.9972521	0.073121965	0.0021039047	2.2384396e-20	-1
0	0.99691427	0.077586725	0.0021086922	0.009424778	0	0	0.99691427	0.077586725	0.0021086922	2.3635366e-20	-1
0	0.9965087	0.08262672	0.0021132925	0.0062831854	0	0	0.9965087	0.08262672	0.0021132925	2.4885873e-20	-1
0	0.9961225	0.087153584	0.0021167574	0.0037699111	0	0	0.9961225	0.087153584	0.0021167574	2.5885887e-20	-1
0	0.9959048	0.08960463	0.0021183924	0.002513274	0	0	0.9959048	0.08960463	0.0021183924	2.6385735e-20	-1
0	0.9957895	0.09087515	0.0021191798	0.0018849556	0	0	0.9957895	0.09087515	0.0021191798	2.6635621e-20	-1
0	0.99566793	0.09219609	0.0021199435	0.001256637	0	0	0.99566793	0.09219609	0.0021199435	2.688547e-20	-1
0	0.99566793	0.09219609	0.0021199435	0.0010053096	0	0	0.99566793	0.09219609	0.0021199435	2.6985406e-20	-1
0	0.9955417	0.093547836	0.0021206858	0.0006283185	0	0	0.9955417	0.093547836	0.0021206858	2.7135295e-20	-1
0	0.9954631	0.09437975	0.0021211181	0.0002513274	0	0	0.9954631	0.09437975	0.0021211181	2.7285173e-20	-1
0	0.9954631	0.09437975	0.0021211181	0.0001256637	0	0	0.9954631	0.09437975	0.0021211181	2.733513e-20	-1
0	0.9954631	0.09437975	0.0021211181	6.283185e-05	0	0	0.9954631	0.09437975	0.0021211181	2.7360107e-20	-1
0	0.9954631	0.09437975	0.0021211181	2.5132742e-05	0	0	0.9954631	0.09437975	0.0021211181	2.7375096e-20	-1
0	0.9954631	0.09437975	0.0021211181	1.2566371e-05	0	0	0.9954631	0.09437975	0.0021211181	2.7380092e-20	-1
0	0.9954631	0.09437975	0.0021211181	6.2831855e-06	0	0	0.9954631	0.09437975	0.0021211181	2.738259e-20	-1
0	0.9954631	0.09437975	0.0021211181	2.513274e-06	0	0	0.9954631	0.09437975	0.0021211181	2.738409e-20	-1
0	0.9954631	0.09437975	0.0021211181	1.256637e-06	0	0	0.9954631	0.09437975	0.0021211181	2.7384586e-20	-1
0	0.9954631	0.09437975	0.0021211181	6.283185e-07	0	0	0.9954631	0.09437975	0.0021211181	2.738484e-20	-1
0	0.9954631	0.09437975	0.0021211181	2.513274e-07	0	0	0.9954631	0.09437975	0.0021211181	2.7384987e-20	-1
0	0.9954631	0.09437975	0.0021211181	1.256637e-07	0	0	0.9954631	0.09437975	0.0021211181	2.7385036e-20	-1
0	0.9954631	0.09437975	0.0021211181	0	0	0	0.9954631	0.09437975	0.0021211181	2.7385087e-20	-1
0	0.9954631	0.09437975	0.0021211181	-1.256637e-07	0	0	0.9954631	0.09437975	0.0021211181	2.7385136e-20	-1
0	0.9954631	0.09437975	0.0021211181	-2.513274e-07	0	0	0.9954631	0.09437975	0.0021211181	2.7385187e-20	-1
0	0.9954631	0.09437975	0.0021211181	-6.283185e-07	0	0	0.9954631	0.09437975	0.0021211181	2.7385336e-20	-1
0	0.9954631	0.09437975	0.0021211181	-1.256637e-06	0	0	0.9954631	0.09437975	0.0021211181	2.7385588e-20	-1
0	0.9954631	0.09437975	0.0021211181	-2.513274e-06	0	0	0.9954631	0.09437975	0.0021211181	2.7386086e-20	-1
0	0.9954631	0.09437975	0.0021211181	-6.2831855e-06	0	0	0.9954631	0.09437975	0.0021211181	2.7387585e-20	-1
0	0.9954631	0.09437975	0.0021211181	-1.2566371e-05	0	0	0.9954631	0.09437975	0.0021211181	2.7390083e-20	-1
0	0.9954631	0.09437975	0.0021211181	-2.5132742e-05	0	0	0.9954631	0.09437975	0.0021211181	2.7395078e-20	-1
0	0.9954631	0.09437975	0.0021211181	-6.283185e-05	0	0	0.9954631	0.09437975	0.0021211181	2.7410064e-20	-1
0	0.99538255	0.09522417	0.002121561	-0.0001256637	0	0	0.99538255	0.09522417	0.002121561	2.7435038e-20	-1
0	0.99538255	0.09522417	0.002121561	-0.0002513274	0	0	0.99538255	0.09522417	0.002121561	2.7484992e-20	-1
0	0.9952718	0.096374065	0.0021220872	-0.0006283185	0	0	0.9952718	0.096374065	0.0021220872	2.763484e-20	-1
0	0.99518585	0.09725593	0.0021224855	-0.0010053096	0	0	0.99518585	0.09725593	0.0021224855	2.7784677e-20	-1
0	0.99518585	0.09725593	0.0021224855	-0.001256637	0	0	0.99518585	0.09725593	0.0021224855	2.7884562e-20	-1
0	0.99497676	0.09937088	0.0021233638	-0.0018849556	0	0	0.99497676	0.09937088	0.0021233638	2.8134245e-20	-1
0	0.9948181	0.10094553	0.0021239475	-0.002513274	0	0	0.9948181	0.10094553	0.0021239475	2.838389e-20	-1
0	0.99447775	0.104241505	0.002124991	-0.0037699111	0	0	0.99447775	0.104241505	0.002124991	2.8883056e-20	-1
0	0.9936856	0.111533396	0.0021264572	-0.0062831854	0	0	0.9936856	0.111533396	0.0021264572	2.988083e-20	-1
0	0.99242675	0.122219995	0.0021266732	-0.009424778	0	0	0.99242675	0.122219995	0.0021266732	3.112678e-20	-1
0	0.99073863	0.1352129	0.0021240572	-0.012566371	0	0	0.99073863	0.1352129	0.0021240572	3.2370896e-20	-1
0	0.98492086	0.17253155	0.0021009408	-0.018849555	0	0	0.98492086	0.17253155	0.0021009408	3.4850547e-20	-1
0	0.96835995	0.24918208	0.0019891313	-0.025132742	0	0	0.96835995	0.24918208	0.0019891313	3.7305833e-20	-1
0	-0.9986815	-0.049992375	-0.0020640837	-0.03769911	0	0	-0.9986815	-0.049992375	-0.0020640837	1.2366454e-20	-1
0	-0.9990018	-0.043143287	-0.0020448498	-0.050265484	0	0	-0.9990018	-0.043143287	-0.0020448498	7.3536995e-21	-1
0	-0.9992143	-0.037930407	-0.0020263256	-0.06283186	0	0	-0.9992143	-0.037930407	-0.0020263256	2.3396357e-21	-1
0	-0.9992143	-0.037929773	-0.002026328	-0.06283186	0	0	-0.9992143	-0.037929773	-0.002026328	2.3396363e-21	1
0	-0.999002	-0.043139074	-0.0020448472	-0.050265484	0	0	-0.999002	-0.043139074	-0.0020448472	7.353703e-21	1
0	-0.99868155	-0.049991637	-0.0020640846	-0.03769911	0	0	-0.99868155	-0.049991637	-0.0020640846	1.2366458e-20	1
0	-0.9981642	-0.059412144	-0.0020839563	-0.025132742	0	0	-0.9981642	-0.059412144	-0.0020839563	1.7377157e-20	1
0	-0.9977783	-0.06556503	-0.002093994	-0.018849555	0	0	-0.9977783	-0.06556503	-0.002093994	1.9881343e-20	1
0	-0.99725187	-0.07312599	-0.0021038959	-0.012566371	0	0	-0.99725187	-0.07312599	-0.0021038959	2.2384396e-20	1
0	-0.99691385	-0.07759169	-0.0021086927	-0.009424778	0	0	-0.99691385	-0.07759169	-0.0021086927	2.3635371e-20	1
0	-0.99650836	-0.08262975	-0.0021132948	-0.0062831854	0	0	-0.99650836	-0.08262975	-0.0021132948	2.4885876e-20	1
0	-0.99612236	-0.08715485	-0.0021167588	-0.0037699111	0	0	-0.99612236	-0.08715485	-0.0021167588	2.5885885e-20	1
0	-0.99590504	-0.08960162	-0.0021183924	-0.002513274	0	0	-0.99590504	-0.08960162	-0.0021183924	2.6385734e-20	1
0	-0.9957892	-0.09087899	-0.0021191793	-0.0018849556	0	0	-0.9957892	-0.09087899	-0.0021191793	2.6635616e-20	1
0	-0.9956682	-0.09219347	-0.0021199612	-0.001256637	0	0	-0.9956682	-0.09219347	-0.0021199612	2.6885472e-20	1
0	-0.9956682	-0.09219347	-0.0021199612	-0.0010053096	0	0	-0.9956682	-0.09219347	-0.0021199612	2.6985407e-20	1
0	-0.9955417	-0.09354752	-0.002120689	-0.0006283185	0	0	-0.9955417	-0.09354752	-0.002120689	2.7135292e-20	1
0	-0.9954629	-0.09438177	-0.0021211244	-0.0002513274	0	0	-0.9954629	-0.09438177	-0.0021211244	2.728517e-20	1
0	-0.9954629	-0.09438177	-0.0021211244	-0.0001256637	0	0	-0.9954629	-0.09438177	-0.0021211244	2.7335127e-20	1
0	-0.9954629	-0.09438177	-0.0021211244	-6.283185e-05	0	0	-0.9954629	-0.09438177	-0.0021211244	2.7360107e-20	1
0	-0.9954629	-0.09438177	-0.0021211244	-2.5132742e-05	0	0	-0.9954629	-0.09438177	-0.0021211244	2.7375093e-20	1
0	-0.9954629	-0.09438177	-0.0021211244	-1.2566371e-05	0	0	-0.9954629	-0.09438177	-0.0021211244	2.738009e-20	1
0	-0.9954629	-0.09438177	-0.0021211244	-6.2831855e-06	0	0	-0.9954629	-0.09438177	-0.0021211244	2.7382586e-20	1
0	-0.9954629	-0.09438177	-0.0021211244	-2.513274e-06	0	0	-0.9954629	-0.09438177	-0.0021211244	2.7384086e-20	1
0	-0.9954629	-0.09438177	-0.0021211244	-1.256637e-06	0	0	-0.9954629	-0.09438177	-0.0021211244	2.7384586e-20	1
0	-0.9954629	-0.09438177	-0.0021211244	-6.283185e-07	0	0	-0.9954629	-0.09438177	-0.0021211244	2.7384835e-20	1
0	-0.9954629	-0.09438177	-0.0021211244	-2.513274e-07	0	0	-0.9954629	-0.09438177	-0.0021211244	2.7384987e-20	1
0	-0.9954629	-0.09438177	-0.0021211244	-1.256637e-07	0	0	-0.9954629	-0.09438177	-0.0021211244	2.7385036e-20	1
0	-0.9954629	-0.09438177	-0.0021211244	0	0	0	-0.9954629	-0.09438177	-0.0021211244	2.7385084e-20	1
0	-0.9954629	-0.09438177	-0.0021211244	1.256637e-07	0	0	-0.9954629	-0.09438177	-0.0021211244	2.7385136e-20	1
0	-0.9954629	-0.09438177	-0.0021211244	2.513274e-07	0	0	-0.9954629	-0.09438177	-0.0021211244	2.7385184e-20	1
0	-0.9954629	-0.09438177	-0.0021211244	6.283185e-07	0	0	-0.9954629	-0.09438177	-0.0021211244	2.7385336e-20	1
0	-0.9954629	-0.09438177	-0.0021211244	1.256637e-06	0	0	-0.9954629	-0.09438177	-0.0021211244	2.7385585e-20	1
0	-0.9954629	-0.09438177	-0.0021211244	2.513274e-06	0	0	-0.9954629	-0.09438177	-0.0021211244	2.7386086e-20	1
0	-0.9954629	-0.09438177	-0.0021211244	6.2831855e-06	0	0	-0.9954629	-0.09438177	-0.0021211244	2.7387585e-20	1
0	-0.9954629	-0.09438177	-0.0021211244	1.2566371e-05	0	0	-0.9954629	-0.09438177	-0.0021211244	2.7390083e-20	1
0	-0.9954629	-0.09438177	-0.0021211244	2.5132742e-05	0	0	-0.9954629	-0.09438177	-0.0021211244	2.7395078e-20	1
0	-0.9954629	-0.09438177	-0.0021211244	6.283185e-05	0	0	-0.9954629	-0.09438177	-0.0021211244	2.7410064e-20	1
0	-0.9953827	-0.09522258	-0.002121524	0.0001256637	0	0	-0.9953827	-0.09522258	-0.002121524	2.743504e-20	1
0	-0.9953827	-0.09522258	-0.002121524	0.0002513274	0	0	-0.9953827	-0.09522258	-0.002121524	2.7484995e-20	1
0	-0.9952718	-0.09637424	-0.0021220818	0.0006283185	0	0	-0.9952718	-0.09637424	-0.0021220818	2.763484e-20	1
0	-0.9951863	-0.097251296	-0.0021224846	0.0010053096	0	0	-0.9951863	-0.097251296	-0.0021224846	2.7784674e-20	1
0	-0.9951863	-0.097251296	-0.0021224846	0.001256637	0	0	-0.9951863	-0.097251296	-0.0021224846	2.788456e-20	1
0	-0.9949764	-0.099374086	-0.0021233633	0.0018849556	0	0	-0.9949764	-0.099374086	-0.0021233633	2.8134245e-20	1
0	-0.99481744	-0.100951836	-0.0021239477	0.002513274	0	0	-0.99481744	-0.100951836	-0.0021239477	2.838389e-20	1
0	-0.9944775	-0.104243994	-0.0021249899	0.0037699111	0	0	-0.9944775	-0.104243994	-0.0021249899	2.8883056e-20	1
0	-0.99368495	-0.111539304	-0.0021264576	0.0062831854	0	0	-0.99368495	-0.111539304	-0.0021264576	2.988083e-20	1
0	-0.9924269	-0.12221858	-0.0021266714	0.009424778	0	0	-0.9924269	-0.12221858	-0.0021266714	3.1126777e-20	1
0	-0.99073863	-0.13521299	-0.0021240688	0.012566371	0	0	-0.99073863	-0.13521299	-0.0021240688	3.2370896e-20	1
0	-0.9849222	-0.17252433	-0.0021009482	0.018849555	0	0	-0.9849222	-0.17252433	-0.0021009482	3.4850544e-20	1
0	-0.9683615	-0.24917597	-0.001989144	0.025132742	0	0	-0.9683615	-0.24917597	-0.001989144	3.7305836e-20	1
0	0.9986813	0.049996164	0.0020640856	0.03769911	0	0	0.9986813	0.049996164	0.0020640856	1.2366456e-20	1
0	0.999002	0.043140747	0.0020448482	0.050265484	0	0	0.999002	0.043140747	0.0020448482	7.3537035e-21	1
0	0.9992143	0.037928484	0.0020263267	0.06283186	0	0	0.9992143	0.037928484	0.0020263267	2.3396335e-21	1
