# t (s)	mx ()	my ()	mz ()	B_extx (T)	B_exty (T)	B_extz (T)	mx ()	my ()	mz ()	E_total (J)	branch ()
0	0.99991834	0.005210922	0.0030456958	0.06283186	0	0	0.99991834	0.005210922	0.0030456958	2.3625593e-21	-1
0	0.99991345	0.0059296493	0.003069235	0.050265484	0	0	0.99991345	0.0059296493	0.003069235	7.3806434e-21	-1
0	0.99990654	0.0068813795	0.003093156	0.03769911	0	0	0.99990654	0.0068813795	0.003093156	1.2398701e-20	-1
0	0.9998958	0.008193269	0.0031174694	0.025132742	0	0	0.9998958	0.008193269	0.0031174694	1.741671e-20	-1
0	0.99988794	0.00905663	0.00312977	0.018849555	0	0	0.99988794	0.00905663	0.00312977	1.9925694e-20	-1
0	0.9998773	0.010123186	0.0031421678	0.012566371	0	0	0.9998773	0.010123186	0.0031421678	2.243465e-20	-1
0	0.9998704	0.01075989	0.003148398	0.009424778	0	0	0.9998704	0.01075989	0.003148398	2.3689125e-20	-1
0	0.9998622	0.0114772115	0.0031546215	0.0062831854	0	0	0.9998622	0.0114772115	0.0031546215	2.4943581e-20	-1
0	0.99985445	0.01212385	0.00315966	0.0037699111	0	0	0.99985445	0.01212385	0.00315966	2.5947137e-20	-1
0	0.9998499	0.012478071	0.0031621712	0.002513274	0	0	0.9998499	0.012478071	0.0031621712	2.6448914e-20	-1
0	0.99984753	0.012666663	0.0031634266	0.0018849556	0	0	0.99984753	0.012666663	0.0031634266	2.6699799e-20	-1
0	0.99984515	0.012851587	0.0031646828	0.001256637	0	0	0.99984515	0.012851587	0.0031646828	2.695069e-20	-1
0	0.99984515	0.012851587	0.0031646828	0.0010053096	0	0	0.99984515	0.012851587	0.0031646828	2.7051045e-20	-1
0	0.9998425	0.013048206	0.0031659394	0.0006283185	0	0	0.9998425	0.013048206	0.0031659394	2.7201573e-20	-1
0	0.99984086	0.013170592	0.0031666928	0.0002513274	0	0	0.99984086	0.013170592	0.0031666928	2.735211e-20	-1
0	0.99984086	0.013170592	0.0031666928	0.0001256637	0	0	0.99984086	0.013170592	0.0031666928	2.7402287e-20	-1
0	0.99984086	0.013170592	0.0031666928	6.283185e-05	0	0	0.99984086	0.013170592	0.0031666928	2.7427374e-20	-1
0	0.99984086	0.013170592	0.0031666928	2.5132742e-05	0	0	0.99984086	0.013170592	0.0031666928	2.7442428e-20	-1
0	0.99984086	0.013170592	0.0031666928	1.2566371e-05	0	0	0.99984086	0.013170592	0.0031666928	2.7447446e-20	-1
0	0.99984086	0.013170592	0.0031666928	6.2831855e-06	0	0	0.99984086	0.013170592	0.0031666928	2.7449953e-20	-1
0	0.99984086	0.013170592	0.0031666928	2.513274e-06	0	0	0.99984086	0.013170592	0.0031666928	2.745146e-20	-1
0	0.99984086	0.013170592	0.0031666928	1.256637e-06	0	0	0.99984086	0.013170592	0.0031666928	2.745196e-20	-1
0	0.99984086	0.013170592	0.0031666928	6.283185e-07	0	0	0.99984086	0.013170592	0.0031666928	2.7452212e-20	-1
0	0.99984086	0.013170592	0.0031666928	2.513274e-07	0	0	0.99984086	0.013170592	0.0031666928	2.7452364e-20	-1
0	0.99984086	0.013170592	0.0031666928	1.256637e-07	0	0	0.99984086	0.013170592	0.0031666928	2.7452412e-20	-1
0	0.99984086	0.013170592	0.0031666928	0	0	0	0.99984086	0.013170592	0.0031666928	2.7452464e-20	-1
0	0.99984086	0.013170592	0.0031666928	-1.256637e-07	0	0	0.99984086	0.013170592	0.0031666928	2.7452512e-20	-1
0	0.99984086	0.013170592	0.0031666928	-2.513274e-07	0	0	0.99984086	0.013170592	0.0031666928	2.7452564e-20	-1
0	0.99984086	0.013170592	0.0031666928	-6.283185e-07	0	0	0.99984086	0.013170592	0.0031666928	2.7452713e-20	-1
0	0.99984086	0.013170592	0.0031666928	-1.256637e-06	0	0	0.99984086	0.013170592	0.0031666928	2.7452965e-20	-1
0	0.99984086	0.013170592	0.0031666928	-2.513274e-06	0	0	0.99984086	0.013170592	0.0031666928	2.7453465e-20	-1
0	0.99984086	0.013170592	0.0031666928	-6.2831855e-06	0	0	0.99984086	0.013170592	0.0031666928	2.745497e-20	-1
0	0.99984086	0.013170592	0.0031666928	-1.2566371e-05	0	0	0.99984086	0.013170592	0.0031666928	2.7457482e-20	-1
0	0.99984086	0.013170592	0.0031666928	-2.5132742e-05	0	0	0.99984086	0.013170592	0.0031666928	2.74625e-20	-1
0	0.99983966	0.013263417	0.003167321	-6.283185e-05	0	0	0.99983966	0.013263417	0.003167321	2.747755e-20	-1
0	0.99983966	0.013263417	0.003167321	-0.0001256637	0	0	0.99983966	0.013263417	0.003167321	2.7502637e-20	-1
0	0.99983966	0.013263417	0.003167321	-0.0002513274	0	0	0.99983966	0.013263417	0.003167321	2.7552814e-20	-1
0	0.99983704	0.013455567	0.003168452	-0.0006283185	0	0	0.99983704	0.013455567	0.003168452	2.7703345e-20	-1
0	0.9998352	0.013588304	0.0031692055	-0.0010053096	0	0	0.9998352	0.013588304	0.0031692055	2.7853872e-20	-1
0	0.9998352	0.013588304	0.0031692055	-0.001256637	0	0	0.9998352	0.013588304	0.0031692055	2.7954226e-20	-1
0	0.99983096	0.013886963	0.003170964	-0.0018849556	0	0	0.99983096	0.013886963	0.003170964	2.820511e-20	-1
0	0.9998277	0.014118584	0.0031722225	-0.002513274	0	0	0.9998277	0.014118584	0.0031722225	2.8455995e-20	-1
0	0.9998207	0.014600824	0.0031747515	-0.0037699111	0	0	0.9998207	0.014600824	0.0031747515	2.8957758e-20	-1
0	0.99980444	0.015664786	0.0031797544	-0.0062831854	0	0	0.99980444	0.015664786	0.0031797544	2.996127e-20	-1
0	0.99977845	0.01723057	0.0031860033	-0.009424778	0	0	0.99977845	0.01723057	0.0031860033	3.121563e-20	-1
0	0.9997434	0.01914248	0.0031921922	-0.012566371	0	0	0.9997434	0.01914248	0.0031921922	3.2469964e-20	-1
0	0.99962175	0.024666358	0.0032040868	-0.018849555	0	0	0.99962175	0.024666358	0.0032040868	3.497844e-20	-1
0	0.9993249	0.0346495	0.0032138494	-0.025132742	0	0	0.9993249	0.0346495	0.0032138494	3.748643e-20	-1
0	-0.99990654	-0.0068806997	-0.0030931556	-0.03769911	0	0	-0.99990654	-0.0068806997	-0.0030931556	1.2398701e-20	-1
0	-0.99991345	-0.0059308936	-0.003069235	-0.050265484	0	0	-0.99991345	-0.0059308936	-0.003069235	7.380641e-21	-1
0	-0.9999183	-0.0052110157	-0.0030456958	-0.06283186	0	0	-0.9999183	-0.0052110157	-0.0030456958	2.3625573e-21	-1
0	-0.9999183	-0.0052110157	-0.0030456958	-0.06283186	0	0	-0.9999183	-0.0052110157	-0.0030456958	2.3625573e-21	1
0	-0.99991345	-0.005928471	-0.0030692345	-0.050265484	0	0	-0.99991345	-0.005928471	-0.0030692345	7.3806434e-21	1
0	-0.99990654	-0.0068803094	-0.0030931542	-0.03769911	0	0	-0.99990654	-0.0068803094	-0.0030931542	1.2398701e-20	1
0	-0.99989593	-0.008180277	-0.0031174663	-0.025132742	0	0	-0.99989593	-0.008180277	-0.0031174663	1.7416711e-20	1
0	-0.99988794	-0.009058743	-0.0031297696	-0.018849555	0	0	-0.99988794	-0.009058743	-0.0031297696	1.9925695e-20	1
0	-0.9998773	-0.010121358	-0.0031421664	-0.012566371	0	0	-0.9998773	-0.010121358	-0.0031421664	2.2434654e-20	1
0	-0.9998704	-0.010758793	-0.0031483977	-0.009424778	0	0	-0.9998704	-0.010758793	-0.0031483977	2.368912e-20	1
0	-0.9998622	-0.011477634	-0.003154649	-0.0062831854	0	0	-0.9998622	-0.011477634	-0.003154649	2.4943576e-20	1
0	-0.9998543	-0.012125302	-0.0031596618	-0.0037699111	0	0	-0.9998543	-0.012125302	-0.0031596618	2.5947137e-20	1
0	-0.9998499	-0.012478041	-0.0031621703	-0.002513274	0	0	-0.9998499	-0.012478041	-0.0031621703	2.6448914e-20	1
0	-0.99984753	-0.012662634	-0.00316342	-0.0018849556	0	0	-0.99984753	-0.012662634	-0.00316342	2.6699804e-20	1
0	-0.999845	-0.012855083	-0.0031646842	-0.001256637	0	0	-0.999845	-0.012855083	-0.0031646842	2.6950693e-20	1
0	-0.999845	-0.012855083	-0.0031646842	-0.0010053096	0	0	-0.999845	-0.012855083	-0.0031646842	2.7051047e-20	1
0	-0.9998426	-0.0130432565	-0.0031659387	-0.0006283185	0	0	-0.9998426	-0.0130432565	-0.0031659387	2.7201576e-20	1
0	-0.999841	-0.013161281	-0.0031666928	-0.0002513274	0	0	-0.999841	-0.013161281	-0.0031666928	2.7352107e-20	1
0	-0.999841	-0.013161281	-0.0031666928	-0.0001256637	0	0	-0.999841	-0.013161281	-0.0031666928	2.7402284e-20	1
0	-0.999841	-0.013161281	-0.0031666928	-6.283185e-05	0	0	-0.999841	-0.013161281	-0.0031666928	2.742737e-20	1
0	-0.999841	-0.013161281	-0.0031666928	-2.5132742e-05	0	0	-0.999841	-0.013161281	-0.0031666928	2.7442424e-20	1
0	-0.999841	-0.013161281	-0.0031666928	-1.2566371e-05	0	0	-0.999841	-0.013161281	-0.0031666928	2.7447442e-20	1
0	-0.999841	-0.013161281	-0.0031666928	-6.2831855e-06	0	0	-0.999841	-0.013161281	-0.0031666928	2.7449953e-20	1
0	-0.999841	-0.013161281	-0.0031666928	-2.513274e-06	0	0	-0.999841	-0.013161281	-0.0031666928	2.7451456e-20	1
0	-0.999841	-0.013161281	-0.0031666928	-1.256637e-06	0	0	-0.999841	-0.013161281	-0.0031666928	2.745196e-20	1
0	-0.999841	-0.013161281	-0.0031666928	-6.283185e-07	0	0	-0.999841	-0.013161281	-0.0031666928	2.745221e-20	1
0	-0.999841	-0.013161281	-0.0031666928	-2.513274e-07	0	0	-0.999841	-0.013161281	-0.0031666928	2.745236e-20	1
0	-0.999841	-0.013161281	-0.0031666928	-1.256637e-07	0	0	-0.999841	-0.013161281	-0.0031666928	2.745241e-20	1
0	-0.999841	-0.013161281	-0.0031666928	0	0	0	-0.999841	-0.013161281	-0.0031666928	2.745246e-20	1
0	-0.999841	-0.013161281	-0.0031666928	1.256637e-07	0	0	-0.999841	-0.013161281	-0.0031666928	2.7452512e-20	1
0	-0.999841	-0.013161281	-0.0031666928	2.513274e-07	0	0	-0.999841	-0.013161281	-0.0031666928	2.745256e-20	1
0	-0.999841	-0.013161281	-0.0031666928	6.283185e-07	0	0	-0.999841	-0.013161281	-0.0031666928	2.7452713e-20	1
0	-0.999841	-0.013161281	-0.0031666928	1.256637e-06	0	0	-0.999841	-0.013161281	-0.0031666928	2.745296e-20	1
0	-0.999841	-0.013161281	-0.0031666928	2.513274e-06	0	0	-0.999841	-0.013161281	-0.0031666928	2.7453465e-20	1
0	-0.999841	-0.013161281	-0.0031666928	6.2831855e-06	0	0	-0.999841	-0.013161281	-0.0031666928	2.7454968e-20	1
0	-0.999841	-0.013161281	-0.0031666928	1.2566371e-05	0	0	-0.999841	-0.013161281	-0.0031666928	2.745748e-20	1
0	-0.999841	-0.013161281	-0.0031666928	2.5132742e-05	0	0	-0.999841	-0.013161281	-0.0031666928	2.7462497e-20	1
0	-0.99983954	-0.013270147	-0.0031673212	6.283185e-05	0	0	-0.99983954	-0.013270147	-0.0031673212	2.7477547e-20	1
0	-0.99983954	-0.013270147	-0.0031673212	0.0001256637	0	0	-0.99983954	-0.013270147	-0.0031673212	2.7502634e-20	1
0	-0.99983954	-0.013270147	-0.0031673212	0.0002513274	0	0	-0.99983954	-0.013270147	-0.0031673212	2.755281e-20	1
0	-0.99983704	-0.013456672	-0.0031684516	0.0006283185	0	0	-0.99983704	-0.013456672	-0.0031684516	2.7703345e-20	1
0	-0.99983525	-0.013586719	-0.0031692055	0.0010053096	0	0	-0.99983525	-0.013586719	-0.0031692055	2.7853876e-20	1
0	-0.99983525	-0.013586719	-0.0031692055	0.001256637	0	0	-0.99983525	-0.013586719	-0.0031692055	2.795423e-20	1
0	-0.99983084	-0.013901894	-0.003170969	0.0018849556	0	0	-0.99983084	-0.013901894	-0.003170969	2.820511e-20	1
0	-0.99982774	-0.014119626	-0.0031722207	0.002513274	0	0	-0.99982774	-0.014119626	-0.0031722207	2.8455992e-20	1
0	-0.9998208	-0.014593406	-0.0031747355	0.0037699111	0	0	-0.9998208	-0.014593406	-0.0031747355	2.8957755e-20	1
0	-0.9998044	-0.015669167	-0.0031797555	0.0062831854	0	0	-0.9998044	-0.015669167	-0.0031797555	2.9961273e-20	1
0	-0.9997782	-0.01724263	-0.0031860028	0.009424778	0	0	-0.9997782	-0.01724263	-0.0031860028	3.1215638e-20	1
0	-0.9997432	-0.019153778	-0.0031921905	0.012566371	0	0	-0.9997432	-0.019153778	-0.0031921905	3.246996e-20	1
0	-0.9996215	-0.024676658	-0.003204085	0.018849555	0	0	-0.9996215	-0.024676658	-0.003204085	3.4978437e-20	1
0	-0.99932396	-0.034676395	-0.003213838	0.025132742	0	0	-0.99932396	-0.034676395	-0.003213838	3.7486433e-20	1
0	0.99990654	0.006880742	0.0030931556	0.03769911	0	0	0.99990654	0.006880742	0.0030931556	1.2398701e-20	1
0	0.99991345	0.005930798	0.003069235	0.050265484	0	0	0.99991345	0.005930798	0.003069235	7.3806434e-21	1
0	0.9999182	0.0052113365	0.0030456958	0.06283186	0	0	0.9999182	0.0052113365	0.0030456958	2.362557e-21	1
