# t (s)	mx ()	my ()	mz ()	B_extx (T)	B_exty (T)	B_extz (T)	mx ()	my ()	mz ()	E_total (J)	branch ()
0	0.998922	0.045015503	5.1001807e-06	0.06283186	0	0	0.998922	0.045015503	5.1001807e-06	2.3068902e-21	-1
0	0.9986254	0.051157672	5.151214e-06	0.050265484	0	0	0.9986254	0.051157672	5.151214e-06	7.319292e-21	-1
0	0.99817884	0.059216432	5.2044907e-06	0.03769911	0	0	0.99817884	0.059216432	5.2044907e-06	1.2329859e-20	-1
0	0.99746263	0.07023759	5.2596056e-06	0.025132742	0	0	0.99746263	0.07023759	5.2596056e-06	1.7337578e-20	-1
0	0.99693036	0.07741629	5.2873243e-06	0.018849555	0	0	0.99693036	0.07741629	5.2873243e-06	1.983983e-20	-1
0	0.9962082	0.08620164	5.314343e-06	0.012566371	0	0	0.9962082	0.08620164	5.314343e-06	2.2340521e-20	-1
0	0.9957471	0.09136857	5.3271892e-06	0.009424778	0	0	0.9957471	0.09136857	5.3271892e-06	2.3590109e-20	-1
0	0.9951954	0.097187325	5.339419e-06	0.0062831854	0	0	0.9951954	0.097187325	5.339419e-06	2.4839064e-20	-1
0	0.99467194	0.10240094	5.348761e-06	0.0037699111	0	0	0.99467194	0.10240094	5.348761e-06	2.583769e-20	-1
0	0.9943775	0.10521876	5.3527697e-06	0.002513274	0	0	0.9943775	0.10521876	5.3527697e-06	2.6336791e-20	-1
0	0.9942211	0.10668507	5.354603e-06	0.0018849556	0	0	0.9942211	0.10668507	5.354603e-06	2.6586286e-20	-1
0	0.9940578	0.10819492	5.356534e-06	0.001256637	0	0	0.9940578	0.10819492	5.356534e-06	2.6835739e-20	-1
0	0.9939906	0.108809516	5.3570875e-06	0.0010053096	0	0	0.9939906	0.108809516	5.3570875e-06	2.693551e-20	-1
0	0.9938878	0.10974407	5.358087e-06	0.0006283185	0	0	0.9938878	0.10974407	5.358087e-06	2.7085152e-20	-1
0	0.9937821	0.110695705	5.3595736e-06	0.0002513274	0	0	0.9937821	0.110695705	5.3595736e-06	2.723478e-20	-1
0	0.99374616	0.11101755	5.359715e-06	0.0001256637	0	0	0.99374616	0.11101755	5.359715e-06	2.7284653e-20	-1
0	0.99372864	0.11117393	5.3599592e-06	6.283185e-05	0	0	0.99372864	0.11117393	5.3599592e-06	2.7309588e-20	-1
0	0.9937173	0.11127587	5.3600534e-06	2.5132742e-05	0	0	0.9937173	0.11127587	5.3600534e-06	2.7324548e-20	-1
0	0.9937139	0.111305766	5.360101e-06	1.2566371e-05	0	0	0.9937139	0.111305766	5.360101e-06	2.7329537e-20	-1
0	0.9937115	0.11132757	5.3601066e-06	6.2831855e-06	0	0	0.9937115	0.11132757	5.3601066e-06	2.7332028e-20	-1
0	0.9937115	0.11132757	5.3601066e-06	2.513274e-06	0	0	0.9937115	0.11132757	5.3601066e-06	2.7333524e-20	-1
0	0.9937115	0.11132757	5.3601066e-06	1.256637e-06	0	0	0.9937115	0.11132757	5.3601066e-06	2.7334025e-20	-1
0	0.9937115	0.11132757	5.3601066e-06	6.283185e-07	0	0	0.9937115	0.11132757	5.3601066e-06	2.7334274e-20	-1
0	0.9937115	0.11132757	5.3601066e-06	2.513274e-07	0	0	0.9937115	0.11132757	5.3601066e-06	2.7334422e-20	-1
0	0.9937115	0.11132757	5.3601066e-06	1.256637e-07	0	0	0.9937115	0.11132757	5.3601066e-06	2.733447e-20	-1
0	0.9937115	0.11132757	5.3601066e-06	0	0	0	0.9937115	0.11132757	5.3601066e-06	2.7334523e-20	-1
0	0.9937115	0.11132757	5.3601066e-06	-1.256637e-07	0	0	0.9937115	0.11132757	5.3601066e-06	2.733457e-20	-1
0	0.9937115	0.11132757	5.3601066e-06	-2.513274e-07	0	0	0.9937115	0.11132757	5.3601066e-06	2.7334623e-20	-1
0	0.9937115	0.11132757	5.3601066e-06	-6.283185e-07	0	0	0.9937115	0.11132757	5.3601066e-06	2.733477e-20	-1
0	0.9937115	0.11132757	5.3601066e-06	-1.256637e-06	0	0	0.9937115	0.11132757	5.3601066e-06	2.733502e-20	-1
0	0.9937115	0.11132757	5.3601066e-06	-2.513274e-06	0	0	0.9937115	0.11132757	5.3601066e-06	2.733552e-20	-1
0	0.9937115	0.11132757	5.3601066e-06	-6.2831855e-06	0	0	0.9937115	0.11132757	5.3601066e-06	2.7337017e-20	-1
0	0.9937115	0.11132757	5.3601066e-06	-1.2566371e-05	0	0	0.9937115	0.11132757	5.3601066e-06	2.7339508e-20	-1
0	0.9937115	0.11132757	5.3601066e-06	-2.5132742e-05	0	0	0.9937115	0.11132757	5.3601066e-06	2.7344497e-20	-1
0	0.9937115	0.11132757	5.3601066e-06	-6.283185e-05	0	0	0.9937115	0.11132757	5.3601066e-06	2.7359458e-20	-1
0	0.9937115	0.11132757	5.3601066e-06	-0.0001256637	0	0	0.9937115	0.11132757	5.3601066e-06	2.7384393e-20	-1
0	0.9937115	0.11132757	5.3601066e-06	-0.0002513274	0	0	0.9937115	0.11132757	5.3601066e-06	2.7434263e-20	-1
0	0.99352443	0.112982795	5.361959e-06	-0.0006283185	0	0	0.99352443	0.112982795	5.361959e-06	2.7583843e-20	-1
0	0.99340963	0.113986984	5.362635e-06	-0.0010053096	0	0	0.99340963	0.113986984	5.362635e-06	2.7733418e-20	-1
0	0.99333155	0.11466457	5.36339e-06	-0.001256637	0	0	0.99333155	0.11466457	5.36339e-06	2.7833122e-20	-1
0	0.99312806	0.11641214	5.364856e-06	-0.0018849556	0	0	0.99312806	0.11641214	5.364856e-06	2.8082346e-20	-1
0	0.9929147	0.11821681	5.366103e-06	-0.002513274	0	0	0.9929147	0.11821681	5.366103e-06	2.8331524e-20	-1
0	0.99245954	0.12197529	5.3681233e-06	-0.0037699111	0	0	0.99245954	0.12197529	5.3681233e-06	2.8829703e-20	-1
0	0.99140203	0.13028476	5.3708895e-06	-0.0062831854	0	0	0.99140203	0.13028476	5.3708895e-06	2.9825322e-20	-1
0	0.98973465	0.14238858	5.370984e-06	-0.009424778	0	0	0.98973465	0.14238858	5.370984e-06	3.1068167e-20	-1
0	0.98751134	0.15705699	5.3622734e-06	-0.012566371	0	0	0.98751134	0.15705699	5.3622734e-06	3.2308586e-20	-1
0	0.9799229	0.19895962	5.3043445e-06	-0.018849555	0	0	0.9799229	0.19895962	5.3043445e-06	3.4778185e-20	-1
0	0.9577261	0.28733903	5.0911895e-06	-0.025132742	0	0	0.9577261	0.28733903	5.0911895e-06	3.721588e-20	-1
0	-0.99817884	-0.05921693	-5.202727e-06	-0.03769911	0	0	-0.99817884	-0.05921693	-5.202727e-06	1.2329858e-20	-1
0	-0.9986253	-0.051160183	-5.151187e-06	-0.050265484	0	0	-0.9986253	-0.051160183	-5.151187e-06	7.319286e-21	-1
0	-0.9989219	-0.0450198	-5.100114e-06	-0.06283186	0	0	-0.9989219	-0.0450198	-5.100114e-06	2.30689e-21	-1
0	-0.998922	-0.045016013	-5.100129e-06	-0.06283186	0	0	-0.998922	-0.045016013	-5.100129e-06	2.3068898e-21	1
0	-0.9986254	-0.05115648	-5.1511824e-06	-0.050265484	0	0	-0.9986254	-0.05115648	-5.1511824e-06	7.319289e-21	1
0	-0.99817896	-0.059214033	-5.20448e-06	-0.03769911	0	0	-0.99817896	-0.059214033	-5.20448e-06	1.2329858e-20	1
0	-0.9974626	-0.07023839	-5.259613e-06	-0.025132742	0	0	-0.9974626	-0.07023839	-5.259613e-06	1.7337576e-20	1
0	-0.9969305	-0.07741435	-5.287314e-06	-0.018849555	0	0	-0.9969305	-0.07741435	-5.287314e-06	1.983983e-20	1
0	-0.9962086	-0.08619766	-5.314343e-06	-0.012566371	0	0	-0.9962086	-0.08619766	-5.314343e-06	2.2340521e-20	1
0	-0.99574685	-0.09137046	-5.3270774e-06	-0.009424778	0	0	-0.99574685	-0.09137046	-5.3270774e-06	2.3590107e-20	1
0	-0.99519527	-0.09718846	-5.3383183e-06	-0.0062831854	0	0	-0.99519527	-0.09718846	-5.3383183e-06	2.4839066e-20	1
0	-0.99467194	-0.10240102	-5.3484537e-06	-0.0037699111	0	0	-0.99467194	-0.10240102	-5.3484537e-06	2.583769e-20	1
0	-0.99437773	-0.105216816	-5.352531e-06	-0.002513274	0	0	-0.99437773	-0.105216816	-5.352531e-06	2.6336788e-20	1
0	-0.9942211	-0.10668518	-5.354546e-06	-0.0018849556	0	0	-0.9942211	-0.10668518	-5.354546e-06	2.6586283e-20	1
0	-0.99405813	-0.10819177	-5.356545e-06	-0.001256637	0	0	-0.99405813	-0.10819177	-5.356545e-06	2.6835739e-20	1
0	-0.99399066	-0.10880932	-5.3574313e-06	-0.0010053096	0	0	-0.99399066	-0.10880932	-5.3574313e-06	2.6935507e-20	1
0	-0.99388814	-0.10974078	-5.3583863e-06	-0.0006283185	0	0	-0.99388814	-0.10974078	-5.3583863e-06	2.7085152e-20	1
0	-0.9937812	-0.110703886	-5.3596596e-06	-0.0002513274	0	0	-0.9937812	-0.110703886	-5.3596596e-06	2.723478e-20	1
0	-0.9937457	-0.111022055	-5.3597646e-06	-0.0001256637	0	0	-0.9937457	-0.111022055	-5.3597646e-06	2.7284653e-20	1
0	-0.9937457	-0.111022055	-5.3597646e-06	-6.283185e-05	0	0	-0.9937457	-0.111022055	-5.3597646e-06	2.7309588e-20	1
0	-0.9937457	-0.111022055	-5.3597646e-06	-2.5132742e-05	0	0	-0.9937457	-0.111022055	-5.3597646e-06	2.732455e-20	1
0	-0.9937457	-0.111022055	-5.3597646e-06	-1.2566371e-05	0	0	-0.9937457	-0.111022055	-5.3597646e-06	2.7329537e-20	1
0	-0.9937457	-0.111022055	-5.3597646e-06	-6.2831855e-06	0	0	-0.9937457	-0.111022055	-5.3597646e-06	2.733203e-20	1
0	-0.9937457	-0.111022055	-5.3597646e-06	-2.513274e-06	0	0	-0.9937457	-0.111022055	-5.3597646e-06	2.7333527e-20	1
0	-0.9937457	-0.111022055	-5.3597646e-06	-1.256637e-06	0	0	-0.9937457	-0.111022055	-5.3597646e-06	2.7334025e-20	1
0	-0.9937457	-0.111022055	-5.3597646e-06	-6.283185e-07	0	0	-0.9937457	-0.111022055	-5.3597646e-06	2.7334274e-20	1
0	-0.9937457	-0.111022055	-5.3597646e-06	-2.513274e-07	0	0	-0.9937457	-0.111022055	-5.3597646e-06	2.7334426e-20	1
0	-0.9937457	-0.111022055	-5.3597646e-06	-1.256637e-07	0	0	-0.9937457	-0.111022055	-5.3597646e-06	2.7334474e-20	1
0	-0.9937457	-0.111022055	-5.3597646e-06	0	0	0	-0.9937457	-0.111022055	-5.3597646e-06	2.7334526e-20	1
0	-0.9937457	-0.111022055	-5.3597646e-06	1.256637e-07	0	0	-0.9937457	-0.111022055	-5.3597646e-06	2.7334574e-20	1
0	-0.9937457	-0.111022055	-5.3597646e-06	2.513274e-07	0	0	-0.9937457	-0.111022055	-5.3597646e-06	2.7334623e-20	1
0	-0.9937457	-0.111022055	-5.3597646e-06	6.283185e-07	0	0	-0.9937457	-0.111022055	-5.3597646e-06	2.7334775e-20	1
0	-0.9937457	-0.111022055	-5.3597646e-06	1.256637e-06	0	0	-0.9937457	-0.111022055	-5.3597646e-06	2.7335023e-20	1
0	-0.9937457	-0.111022055	-5.3597646e-06	2.513274e-06	0	0	-0.9937457	-0.111022055	-5.3597646e-06	2.733552e-20	1
0	-0.9937457	-0.111022055	-5.3597646e-06	6.2831855e-06	0	0	-0.9937457	-0.111022055	-5.3597646e-06	2.7337017e-20	1
0	-0.9937457	-0.111022055	-5.3597646e-06	1.2566371e-05	0	0	-0.9937457	-0.111022055	-5.3597646e-06	2.733951e-20	1
0	-0.9937457	-0.111022055	-5.3597646e-06	2.5132742e-05	0	0	-0.9937457	-0.111022055	-5.3597646e-06	2.7344497e-20	1
0	-0.9937457	-0.111022055	-5.3597646e-06	6.283185e-05	0	0	-0.9937457	-0.111022055	-5.3597646e-06	2.735946e-20	1
0	-0.9937457	-0.111022055	-5.3597646e-06	0.0001256637	0	0	-0.9937457	-0.111022055	-5.3597646e-06	2.7384396e-20	1
0	-0.9936367	-0.11199221	-5.360751e-06	0.0002513274	0	0	-0.9936367	-0.11199221	-5.360751e-06	2.743426e-20	1
0	-0.9935249	-0.112978265	-5.3617887e-06	0.0006283185	0	0	-0.9935249	-0.112978265	-5.3617887e-06	2.7583846e-20	1
0	-0.99340904	-0.11399168	-5.3626936e-06	0.0010053096	0	0	-0.99340904	-0.11399168	-5.3626936e-06	2.7733414e-20	1
0	-0.99333036	-0.11467482	-5.363687e-06	0.001256637	0	0	-0.99333036	-0.11467482	-5.363687e-06	2.7833122e-20	1
0	-0.99312687	-0.116422966	-5.3649e-06	0.0018849556	0	0	-0.99312687	-0.116422966	-5.3649e-06	2.8082346e-20	1
0	-0.9929148	-0.11821583	-5.366197e-06	0.002513274	0	0	-0.9929148	-0.11821583	-5.366197e-06	2.8331524e-20	1
0	-0.99245906	-0.12197951	-5.368526e-06	0.0037699111	0	0	-0.99245906	-0.12197951	-5.368526e-06	2.8829703e-20	1
0	-0.9914036	-0.13027275	-5.3713684e-06	0.0062831854	0	0	-0.9914036	-0.13027275	-5.3713684e-06	2.9825322e-20	1
0	-0.98973477	-0.14238763	-5.3701388e-06	0.009424778	0	0	-0.98973477	-0.14238763	-5.3701388e-06	3.1068167e-20	1
0	-0.98750997	-0.15706556	-5.3622575e-06	0.012566371	0	0	-0.98750997	-0.15706556	-5.3622575e-06	3.230859e-20	1
0	-0.9799284	-0.19893256	-5.3045396e-06	0.018849555	0	0	-0.9799284	-0.19893256	-5.3045396e-06	3.477819e-20	1
0	-0.95772284	-0.28734997	-5.0910085e-06	0.025132742	0	0	-0.95772284	-0.28734997	-5.0910085e-06	3.721588e-20	1
0	0.9981787	0.059217792	5.204281e-06	0.03769911	0	0	0.9981787	0.059217792	5.204281e-06	1.2329857e-20	1
0	0.9986253	0.051159162	5.151222e-06	0.050265484	0	0	0.9986253	0.051159162	5.151222e-06	7.319289e-21	1
0	0.998922	0.045016013	5.100135e-06	0.06283186	0	0	0.998922	0.045016013	5.100135e-06	2.3068898e-21	1
