# t (s)	mx ()	my ()	mz ()	B_extx (T)	B_exty (T)	B_extz (T)	mx ()	my ()	mz ()	E_total (J)	branch ()
0	-0.025613632	0.99960685	3.161223e-05	0	0.06283186	0	-0.025613632	0.99960685	3.161223e-05	4.5832692e-21	-1
0	-0.030293956	0.9994751	2.8796145e-05	0	0.050265484	0	-0.030293956	0.9994751	2.8796145e-05	9.599501e-21	-1
0	-0.03704013	0.99924684	2.4547178e-05	0	0.03769911	0	-0.03704013	0.99924684	2.4547178e-05	1.4614853e-20	-1
0	-0.047600962	0.9987984	1.7635739e-05	0	0.025132742	0	-0.047600962	0.9987984	1.7635739e-05	1.9628594e-20	-1
0	-0.055455126	0.99839246	1.2371853e-05	0	0.018849555	0	-0.055455126	0.99839246	1.2371853e-05	2.2134361e-20	-1
0	-0.0663529	0.9977265	4.959478e-06	0	0.012566371	0	-0.0663529	0.9977265	4.959478e-06	2.4638817e-20	-1
0	-0.07354377	0.9972217	1.8495271e-08	0	0.009424778	0	-0.07354377	0.9972217	1.8495271e-08	2.5890291e-20	-1
0	-0.082429305	0.9965258	-6.1221717e-06	0	0.0062831854	0	-0.082429305	0.9965258	-6.1221717e-06	2.7141017e-20	-1
0	-0.091218874	0.995759	-1.2223531e-05	0	0.0037699111	0	-0.091218874	0.995759	-1.2223531e-05	2.814087e-20	-1
0	-0.09633674	0.99527645	-1.5785892e-05	0	0.002513274	0	-0.09633674	0.99527645	-1.5785892e-05	2.864047e-20	-1
0	-0.09912295	0.9950025	-1.7724647e-05	0	0.0018849556	0	-0.09912295	0.9950025	-1.7724647e-05	2.8890175e-20	-1
0	-0.102056324	0.9947057	-1.9771678e-05	0	0.001256637	0	-0.102056324	0.9947057	-1.9771678e-05	2.9139812e-20	-1
0	-0.102056324	0.9947057	-1.9771678e-05	0	0.0010053096	0	-0.102056324	0.9947057	-1.9771678e-05	2.9239652e-20	-1
0	-0.10515624	0.9943825	-2.1930588e-05	0	0.0006283185	0	-0.10515624	0.9943825	-2.1930588e-05	2.9389365e-20	-1
0	-0.10715292	0.9941691	-2.3321967e-05	0	0.0002513274	0	-0.10715292	0.9941691	-2.3321967e-05	2.9539056e-20	-1
0	-0.10715292	0.9941691	-2.3321967e-05	0	0.0001256637	0	-0.10715292	0.9941691	-2.3321967e-05	2.958895e-20	-1
0	-0.10815811	0.99406016	-2.4024344e-05	0	6.283185e-05	0	-0.10815811	0.99406016	-2.4024344e-05	2.9613896e-20	-1
0	-0.10835223	0.99403894	-2.4159504e-05	0	2.5132742e-05	0	-0.10835223	0.99403894	-2.4159504e-05	2.962886e-20	-1
0	-0.108430564	0.9940305	-2.421508e-05	0	1.2566371e-05	0	-0.108430564	0.9940305	-2.421508e-05	2.963385e-20	-1
0	-0.10847515	0.9940256	-2.4244971e-05	0	6.2831855e-06	0	-0.10847515	0.9940256	-2.4244971e-05	2.9636343e-20	-1
0	-0.10848841	0.99402416	-2.425459e-05	0	2.513274e-06	0	-0.10848841	0.99402416	-2.425459e-05	2.963784e-20	-1
0	-0.10849667	0.9940232	-2.425998e-05	0	1.256637e-06	0	-0.10849667	0.9940232	-2.425998e-05	2.9638337e-20	-1
0	-0.10849773	0.9940231	-2.426096e-05	0	6.283185e-07	0	-0.10849773	0.9940231	-2.426096e-05	2.963859e-20	-1
0	-0.10850222	0.9940226	-2.4263436e-05	0	2.513274e-07	0	-0.10850222	0.9940226	-2.4263436e-05	2.9638738e-20	-1
0	-0.10850222	0.9940226	-2.4263436e-05	0	1.256637e-07	0	-0.10850222	0.9940226	-2.4263436e-05	2.9638786e-20	-1
0	-0.10850222	0.9940226	-2.4263436e-05	0	0	0	-0.10850222	0.9940226	-2.4263436e-05	2.9638838e-20	-1
0	-0.10850222	0.9940226	-2.4263436e-05	0	-1.256637e-07	0	-0.10850222	0.9940226	-2.4263436e-05	2.9638886e-20	-1
0	-0.10850222	0.9940226	-2.4263436e-05	0	-2.513274e-07	0	-0.10850222	0.9940226	-2.4263436e-05	2.9638938e-20	-1
0	-0.10850222	0.9940226	-2.4263436e-05	0	-6.283185e-07	0	-0.10850222	0.9940226	-2.4263436e-05	2.9639087e-20	-1
0	-0.10850222	0.9940226	-2.4263436e-05	0	-1.256637e-06	0	-0.10850222	0.9940226	-2.4263436e-05	2.9639335e-20	-1
0	-0.10850222	0.9940226	-2.4263436e-05	0	-2.513274e-06	0	-0.10850222	0.9940226	-2.4263436e-05	2.9639833e-20	-1
0	-0.10850222	0.9940226	-2.4263436e-05	0	-6.2831855e-06	0	-0.10850222	0.9940226	-2.4263436e-05	2.9641332e-20	-1
0	-0.10850222	0.9940226	-2.4263436e-05	0	-1.2566371e-05	0	-0.10850222	0.9940226	-2.4263436e-05	2.9643823e-20	-1
0	-0.10850222	0.9940226	-2.4263436e-05	0	-2.5132742e-05	0	-0.10850222	0.9940226	-2.4263436e-05	2.9648812e-20	-1
0	-0.10850222	0.9940226	-2.4263436e-05	0	-6.283185e-05	0	-0.10850222	0.9940226	-2.4263436e-05	2.966378e-20	-1
0	-0.10850222	0.9940226	-2.4263436e-05	0	-0.0001256637	0	-0.10850222	0.9940226	-2.4263436e-05	2.968872e-20	-1
0	-0.1098903	0.99387	-2.5240039e-05	0	-0.0002513274	0	-0.1098903	0.99387	-2.5240039e-05	2.97386e-20	-1
0	-0.112039834	0.99362975	-2.673176e-05	0	-0.0006283185	0	-0.112039834	0.99362975	-2.673176e-05	2.9888213e-20	-1
0	-0.11429712	0.99337244	-2.8305902e-05	0	-0.0010053096	0	-0.11429712	0.99337244	-2.8305902e-05	3.003779e-20	-1
0	-0.11581531	0.9931964	-2.9368384e-05	0	-0.001256637	0	-0.11581531	0.9931964	-2.9368384e-05	3.0137486e-20	-1
0	-0.11985563	0.99271655	-3.2180586e-05	0	-0.0018849556	0	-0.11985563	0.99271655	-3.2180586e-05	3.0386645e-20	-1
0	-0.12419276	0.99218285	-3.5199555e-05	0	-0.002513274	0	-0.12419276	0.99218285	-3.5199555e-05	3.0635678e-20	-1
0	-0.13392079	0.99091566	-4.1970627e-05	0	-0.0037699111	0	-0.13392079	0.99091566	-4.1970627e-05	3.1133298e-20	-1
0	-0.159244	0.9871596	-5.9474038e-05	0	-0.0062831854	0	-0.159244	0.9871596	-5.9474038e-05	3.212617e-20	-1
0	-0.21451941	0.9766312	-9.652498e-05	0	-0.009424778	0	-0.21451941	0.9766312	-9.652498e-05	3.3359264e-20	-1
0	-0.90379995	-0.42766145	0.00029118243	0	-0.012566371	0	-0.90379995	-0.42766145	0.00029118243	2.6076908e-20	-1
0	0.055466015	-0.99839187	-1.2365452e-05	0	-0.018849555	0	0.055466015	-0.99839187	-1.2365452e-05	2.213436e-20	-1
0	0.04760468	-0.99879825	-1.763314e-05	0	-0.025132742	0	0.04760468	-0.99879825	-1.763314e-05	1.9628595e-20	-1
0	0.03704448	-0.9992467	-2.4544976e-05	0	-0.03769911	0	0.03704448	-0.9992467	-2.4544976e-05	1.4614852e-20	-1
0	0.030297652	-0.99947494	-2.8792932e-05	0	-0.050265484	0	0.030297652	-0.99947494	-2.8792932e-05	9.599499e-21	-1
0	0.025617324	-0.9996067	-3.1609925e-05	0	-0.06283186	0	0.025617324	-0.9996067	-3.1609925e-05	4.583269e-21	-1
0	0.025614467	-0.99960685	-3.1611515e-05	0	-0.06283186	0	0.025614467	-0.99960685	-3.1611515e-05	4.583269e-21	1
0	0.030292962	-0.9994751	-2.8794764e-05	0	-0.050265484	0	0.030292962	-0.9994751	-2.8794764e-05	9.599497e-21	1
0	0.037042484	-0.99924684	-2.4521922e-05	0	-0.03769911	0	0.037042484	-0.99924684	-2.4521922e-05	1.4614855e-20	1
0	0.04760007	-0.99879843	-1.7637176e-05	0	-0.025132742	0	0.04760007	-0.99879843	-1.7637176e-05	1.962859e-20	1
0	0.05545994	-0.9983922	-1.2368796e-05	0	-0.018849555	0	0.05545994	-0.9983922	-1.2368796e-05	2.2134361e-20	1
0	0.066334724	-0.99772775	-4.9709934e-06	0	-0.012566371	0	0.066334724	-0.99772775	-4.9709934e-06	2.4638819e-20	1
0	0.07354085	-0.9972218	-2.0129e-08	0	-0.009424778	0	0.07354085	-0.9972218	-2.0129e-08	2.5890291e-20	1
0	0.08242835	-0.9965259	6.1221426e-06	0	-0.0062831854	0	0.08242835	-0.9965259	6.1221426e-06	2.7141017e-20	1
0	0.09122008	-0.9957589	1.222405e-05	0	-0.0037699111	0	0.09122008	-0.9957589	1.222405e-05	2.8140865e-20	1
0	0.09633577	-0.9952766	1.5783193e-05	0	-0.002513274	0	0.09633577	-0.9952766	1.5783193e-05	2.864047e-20	1
0	0.09911598	-0.9950032	1.77192e-05	0	-0.0018849556	0	0.09911598	-0.9950032	1.77192e-05	2.8890175e-20	1
0	0.102063164	-0.99470496	1.9772873e-05	0	-0.001256637	0	0.102063164	-0.99470496	1.9772873e-05	2.9139812e-20	1
0	0.10328701	-0.9945785	2.0625943e-05	0	-0.0010053096	0	0.10328701	-0.9945785	2.0625943e-05	2.9239642e-20	1
0	0.105186	-0.99437934	2.1951699e-05	0	-0.0006283185	0	0.105186	-0.99437934	2.1951699e-05	2.9389365e-20	1
0	0.10715447	-0.994169	2.3324523e-05	0	-0.0002513274	0	0.10715447	-0.994169	2.3324523e-05	2.9539062e-20	1
0	0.10715447	-0.994169	2.3324523e-05	0	-0.0001256637	0	0.10715447	-0.994169	2.3324523e-05	2.9588955e-20	1
0	0.10715447	-0.994169	2.3324523e-05	0	-6.283185e-05	0	0.10715447	-0.994169	2.3324523e-05	2.96139e-20	1
0	0.10715447	-0.994169	2.3324523e-05	0	-2.5132742e-05	0	0.10715447	-0.994169	2.3324523e-05	2.962887e-20	1
0	0.10715447	-0.994169	2.3324523e-05	0	-1.2566371e-05	0	0.10715447	-0.994169	2.3324523e-05	2.963386e-20	1
0	0.10715447	-0.994169	2.3324523e-05	0	-6.2831855e-06	0	0.10715447	-0.994169	2.3324523e-05	2.9636353e-20	1
0	0.10715447	-0.994169	2.3324523e-05	0	-2.513274e-06	0	0.10715447	-0.994169	2.3324523e-05	2.963785e-20	1
0	0.10715447	-0.994169	2.3324523e-05	0	-1.256637e-06	0	0.10715447	-0.994169	2.3324523e-05	2.9638347e-20	1
0	0.10715447	-0.994169	2.3324523e-05	0	-6.283185e-07	0	0.10715447	-0.994169	2.3324523e-05	2.96386e-20	1
0	0.10715447	-0.994169	2.3324523e-05	0	-2.513274e-07	0	0.10715447	-0.994169	2.3324523e-05	2.9638747e-20	1
0	0.10715447	-0.994169	2.3324523e-05	0	-1.256637e-07	0	0.10715447	-0.994169	2.3324523e-05	2.9638796e-20	1
0	0.10715447	-0.994169	2.3324523e-05	0	0	0	0.10715447	-0.994169	2.3324523e-05	2.9638847e-20	1
0	0.10715447	-0.994169	2.3324523e-05	0	1.256637e-07	0	0.10715447	-0.994169	2.3324523e-05	2.9638896e-20	1
0	0.10715447	-0.994169	2.3324523e-05	0	2.513274e-07	0	0.10715447	-0.994169	2.3324523e-05	2.9638948e-20	1
0	0.10715447	-0.994169	2.3324523e-05	0	6.283185e-07	0	0.10715447	-0.994169	2.3324523e-05	2.9639096e-20	1
0	0.10715447	-0.994169	2.3324523e-05	0	1.256637e-06	0	0.10715447	-0.994169	2.3324523e-05	2.9639345e-20	1
0	0.10715447	-0.994169	2.3324523e-05	0	2.513274e-06	0	0.10715447	-0.994169	2.3324523e-05	2.9639846e-20	1
0	0.10715447	-0.994169	2.3324523e-05	0	6.2831855e-06	0	0.10715447	-0.994169	2.3324523e-05	2.9641342e-20	1
0	0.10715447	-0.994169	2.3324523e-05	0	1.2566371e-05	0	0.10715447	-0.994169	2.3324523e-05	2.9643836e-20	1
0	0.10715447	-0.994169	2.3324523e-05	0	2.5132742e-05	0	0.10715447	-0.994169	2.3324523e-05	2.9648825e-20	1
0	0.10885255	-0.99398434	2.45085e-05	0	6.283185e-05	0	0.10885255	-0.99398434	2.45085e-05	2.966378e-20	1
0	0.109182	-0.9939481	2.4738696e-05	0	0.0001256637	0	0.109182	-0.9939481	2.4738696e-05	2.968872e-20	1
0	0.109884605	-0.9938706	2.522899e-05	0	0.0002513274	0	0.109884605	-0.9938706	2.522899e-05	2.97386e-20	1
0	0.11204268	-0.99362946	2.6733396e-05	0	0.0006283185	0	0.11204268	-0.99362946	2.6733396e-05	2.988821e-20	1
0	0.11427623	-0.9933748	2.829139e-05	0	0.0010053096	0	0.11427623	-0.9933748	2.829139e-05	3.003779e-20	1
0	0.11581047	-0.99319696	2.9359882e-05	0	0.001256637	0	0.11581047	-0.99319696	2.9359882e-05	3.0137486e-20	1
0	0.119837	-0.9927188	3.21685e-05	0	0.0018849556	0	0.119837	-0.9927188	3.21685e-05	3.0386648e-20	1
0	0.12418403	-0.9921839	3.5197474e-05	0	0.002513274	0	0.12418403	-0.9921839	3.5197474e-05	3.0635678e-20	1
0	0.13392101	-0.99091566	4.197561e-05	0	0.0037699111	0	0.13392101	-0.99091566	4.197561e-05	3.1133298e-20	1
0	0.15924096	-0.9871601	5.947283e-05	0	0.0062831854	0	0.15924096	-0.9871601	5.947283e-05	3.212617e-20	1
0	0.21449885	-0.97663575	9.651168e-05	0	0.009424778	0	0.21449885	-0.97663575	9.651168e-05	3.335926e-20	1
0	-0.06635497	0.9977263	4.9585424e-06	0	0.012566371	0	-0.06635497	0.9977263	4.9585424e-06	2.4638817e-20	1
0	-0.055466205	0.99839187	1.2363915e-05	0	0.018849555	0	-0.055466205	0.99839187	1.2363915e-05	2.2134358e-20	1
0	-0.047610305	0.998798	1.7629613e-05	0	0.025132742	0	-0.047610305	0.998798	1.7629613e-05	1.9628594e-20	1
0	-0.037050392	0.9992465	2.4540404e-05	0	0.03769911	0	-0.037050392	0.9992465	2.4540404e-05	1.4614855e-20	1
0	-0.030296229	0.999475	2.8794104e-05	0	0.050265484	0	-0.030296229	0.999475	2.8794104e-05	9.599498e-21	1
0	-0.025615115	0.9996068	3.161139e-05	0	0.06283186	0	-0.025615115	0.9996068	3.161139e-05	4.583266e-21	1
