# t (s)	mx ()	my ()	mz ()	B_extx (T)	B_exty (T)	B_extz (T)	mx ()	my ()	mz ()	E_total (J)	branch ()
0	0.99748874	0.069844514	0.0026733829	0.06283186	0	0	0.99748874	0.069844514	0.0026733829	2.4777076e-21	-1
0	0.99675435	0.079624474	0.0027075135	0.050265484	0	0	0.99675435	0.079624474	0.0027075135	7.481885e-21	-1
0	0.99563956	0.0925093	0.0027445944	0.03769911	0	0	0.99563956	0.0925093	0.0027445944	1.2481511e-20	-1
0	0.9938394	0.11015849	0.0027845502	0.025132742	0	0	0.9938394	0.11015849	0.0027845502	1.7474001e-20	-1
0	0.9924947	0.12166801	0.0028052027	0.018849555	0	0	0.9924947	0.12166801	0.0028052027	1.996619e-20	-1
0	0.99066544	0.13574672	0.002825535	0.012566371	0	0	0.99066544	0.13574672	0.002825535	2.2454438e-20	-1
0	0.9894935	0.14403364	0.0028351708	0.009424778	0	0	0.9894935	0.14403364	0.0028351708	2.3696634e-20	-1
0	0.98808926	0.1533629	0.0028440687	0.0062831854	0	0	0.98808926	0.1533629	0.0028440687	2.4937227e-20	-1
0	0.9867567	0.1617088	0.002850349	0.0037699111	0	0	0.9867567	0.1617088	0.002850349	2.5928324e-20	-1
0	0.9860035	0.16623512	0.002853097	0.002513274	0	0	0.9860035	0.16623512	0.002853097	2.6423338e-20	-1
0	0.98560333	0.16858947	0.0028543486	0.0018849556	0	0	0.98560333	0.16858947	0.0028543486	2.66707e-20	-1
0	0.985186	0.1710099	0.0028555095	0.001256637	0	0	0.985186	0.1710099	0.0028555095	2.6917963e-20	-1
0	0.985186	0.1710099	0.0028555095	0.0010053096	0	0	0.985186	0.1710099	0.0028555095	2.7016846e-20	-1
0	0.9847497	0.17350242	0.0028565703	0.0006283185	0	0	0.9847497	0.17350242	0.0028565703	2.716512e-20	-1
0	0.9847497	0.17350242	0.0028565703	0.0002513274	0	0	0.9847497	0.17350242	0.0028565703	2.7313378e-20	-1
0	0.98438764	0.17554335	0.00285734	0.0001256637	0	0	0.98438764	0.17554335	0.00285734	2.736276e-20	-1
0	0.98438764	0.17554335	0.00285734	6.283185e-05	0	0	0.98438764	0.17554335	0.00285734	2.738746e-20	-1
0	0.98438764	0.17554335	0.00285734	2.5132742e-05	0	0	0.98438764	0.17554335	0.00285734	2.740228e-20	-1
0	0.98438764	0.17554335	0.00285734	1.2566371e-05	0	0	0.98438764	0.17554335	0.00285734	2.740722e-20	-1
0	0.98438764	0.17554335	0.00285734	6.2831855e-06	0	0	0.98438764	0.17554335	0.00285734	2.7409693e-20	-1
0	0.98438764	0.17554335	0.00285734	2.513274e-06	0	0	0.98438764	0.17554335	0.00285734	2.7411173e-20	-1
0	0.98438764	0.17554335	0.00285734	1.256637e-06	0	0	0.98438764	0.17554335	0.00285734	2.7411667e-20	-1
0	0.98438764	0.17554335	0.00285734	6.283185e-07	0	0	0.98438764	0.17554335	0.00285734	2.7411916e-20	-1
0	0.98438764	0.17554335	0.00285734	2.513274e-07	0	0	0.98438764	0.17554335	0.00285734	2.741206e-20	-1
0	0.98438764	0.17554335	0.00285734	1.256637e-07	0	0	0.98438764	0.17554335	0.00285734	2.7412113e-20	-1
0	0.98438764	0.17554335	0.00285734	0	0	0	0.98438764	0.17554335	0.00285734	2.741216e-20	-1
0	0.98438764	0.17554335	0.00285734	-1.256637e-07	0	0	0.98438764	0.17554335	0.00285734	2.741221e-20	-1
0	0.98438764	0.17554335	0.00285734	-2.513274e-07	0	0	0.98438764	0.17554335	0.00285734	2.741226e-20	-1
0	0.98438764	0.17554335	0.00285734	-6.283185e-07	0	0	0.98438764	0.17554335	0.00285734	2.7412407e-20	-1
0	0.98438764	0.17554335	0.00285734	-1.256637e-06	0	0	0.98438764	0.17554335	0.00285734	2.7412656e-20	-1
0	0.98438764	0.17554335	0.00285734	-2.513274e-06	0	0	0.98438764	0.17554335	0.00285734	2.741315e-20	-1
0	0.98438764	0.17554335	0.00285734	-6.2831855e-06	0	0	0.98438764	0.17554335	0.00285734	2.741463e-20	-1
0	0.98438764	0.17554335	0.00285734	-1.2566371e-05	0	0	0.98438764	0.17554335	0.00285734	2.7417102e-20	-1
0	0.98438764	0.17554335	0.00285734	-2.5132742e-05	0	0	0.98438764	0.17554335	0.00285734	2.7422042e-20	-1
0	0.98438764	0.17554335	0.00285734	-6.283185e-05	0	0	0.98438764	0.17554335	0.00285734	2.743686e-20	-1
0	0.98438764	0.17554335	0.00285734	-0.0001256637	0	0	0.98438764	0.17554335	0.00285734	2.7461563e-20	-1
0	0.98438764	0.17554335	0.00285734	-0.0002513274	0	0	0.98438764	0.17554335	0.00285734	2.7510964e-20	-1
0	0.9838187	0.17870195	0.002858351	-0.0006283185	0	0	0.9838187	0.17870195	0.002858351	2.765908e-20	-1
0	0.9838187	0.17870195	0.002858351	-0.0010053096	0	0	0.9838187	0.17870195	0.002858351	2.78072e-20	-1
0	0.9833194	0.18142733	0.002859049	-0.001256637	0	0	0.9833194	0.18142733	0.002859049	2.7905885e-20	-1
0	0.9828006	0.1842145	0.0028596045	-0.0018849556	0	0	0.9828006	0.1842145	0.0028596045	2.815256e-20	-1
0	0.98225343	0.18710765	0.002859999	-0.002513274	0	0	0.98225343	0.18710765	0.002859999	2.83991e-20	-1
0	0.9810788	0.19316751	0.0028602486	-0.0037699111	0	0	0.9810788	0.19316751	0.0028602486	2.8891758e-20	-1
0	0.9783443	0.20656112	0.0028580271	-0.0062831854	0	0	0.9783443	0.20656112	0.0028580271	2.9875137e-20	-1
0	0.97396874	0.22628239	0.0028478205	-0.009424778	0	0	0.97396874	0.22628239	0.0028478205	3.1099975e-20	-1
0	0.9679909	0.25060785	0.0028237794	-0.012566371	0	0	0.9679909	0.25060785	0.0028237794	3.2318402e-20	-1
0	0.94494843	0.32688588	0.0026638424	-0.018849555	0	0	0.94494843	0.32688588	0.0026638424	3.472325e-20	-1
0	-0.99383867	-0.11016543	-0.0027845586	-0.025132742	0	0	-0.99383867	-0.11016543	-0.0027845586	1.7474001e-20	-1
0	-0.9956393	-0.092511535	-0.0027445932	-0.03769911	0	0	-0.9956393	-0.092511535	-0.0027445932	1.2481511e-20	-1
0	-0.9967536	-0.07963368	-0.002707527	-0.050265484	0	0	-0.9967536	-0.07963368	-0.002707527	7.481887e-21	-1
0	-0.9974886	-0.06984581	-0.0026733545	-0.06283186	0	0	-0.9974886	-0.06984581	-0.0026733545	2.4777095e-21	-1
0	-0.9974886	-0.06984581	-0.0026733545	-0.06283186	0	0	-0.9974886	-0.06984581	-0.0026733545	2.4777095e-21	1
0	-0.99675375	-0.079632156	-0.0027075242	-0.050265484	0	0	-0.99675375	-0.079632156	-0.0027075242	7.481884e-21	1
0	-0.99563944	-0.0925093	-0.0027445923	-0.03769911	0	0	-0.99563944	-0.0925093	-0.0027445923	1.2481509e-20	1
0	-0.99383926	-0.11015945	-0.002784552	-0.025132742	0	0	-0.99383926	-0.11015945	-0.002784552	1.7474e-20	1
0	-0.99249434	-0.121670514	-0.0028052074	-0.018849555	0	0	-0.99249434	-0.121670514	-0.0028052074	1.996619e-20	1
0	-0.9906651	-0.13575	-0.0028255368	-0.012566371	0	0	-0.9906651	-0.13575	-0.0028255368	2.2454436e-20	1
0	-0.98949283	-0.14403841	-0.0028351734	-0.009424778	0	0	-0.98949283	-0.14403841	-0.0028351734	2.3696639e-20	1
0	-0.9880893	-0.15336277	-0.0028439793	-0.0062831854	0	0	-0.9880893	-0.15336277	-0.0028439793	2.493723e-20	1
0	-0.9867548	-0.1617201	-0.0028503505	-0.0037699111	0	0	-0.9867548	-0.1617201	-0.0028503505	2.592832e-20	1
0	-0.98600304	-0.16623814	-0.0028530941	-0.002513274	0	0	-0.98600304	-0.16623814	-0.0028530941	2.6423336e-20	1
0	-0.98560286	-0.16859283	-0.0028543486	-0.0018849556	0	0	-0.98560286	-0.16859283	-0.0028543486	2.6670699e-20	1
0	-0.98518467	-0.1710173	-0.0028555095	-0.001256637	0	0	-0.98518467	-0.1710173	-0.0028555095	2.6917963e-20	1
0	-0.98518467	-0.1710173	-0.0028555095	-0.0010053096	0	0	-0.98518467	-0.1710173	-0.0028555095	2.7016845e-20	1
0	-0.9847503	-0.17349917	-0.0028565694	-0.0006283185	0	0	-0.9847503	-0.17349917	-0.0028565694	2.7165115e-20	1
0	-0.9847503	-0.17349917	-0.0028565694	-0.0002513274	0	0	-0.9847503	-0.17349917	-0.0028565694	2.7313375e-20	1
0	-0.98438764	-0.17554323	-0.002857339	-0.0001256637	0	0	-0.98438764	-0.17554323	-0.002857339	2.7362757e-20	1
0	-0.98438764	-0.17554323	-0.002857339	-6.283185e-05	0	0	-0.98438764	-0.17554323	-0.002857339	2.738746e-20	1
0	-0.98438764	-0.17554323	-0.002857339	-2.5132742e-05	0	0	-0.98438764	-0.17554323	-0.002857339	2.740228e-20	1
0	-0.98438764	-0.17554323	-0.002857339	-1.2566371e-05	0	0	-0.98438764	-0.17554323	-0.002857339	2.7407218e-20	1
0	-0.98438764	-0.17554323	-0.002857339	-6.2831855e-06	0	0	-0.98438764	-0.17554323	-0.002857339	2.740969e-20	1
0	-0.98438764	-0.17554323	-0.002857339	-2.513274e-06	0	0	-0.98438764	-0.17554323	-0.002857339	2.7411173e-20	1
0	-0.98438764	-0.17554323	-0.002857339	-1.256637e-06	0	0	-0.98438764	-0.17554323	-0.002857339	2.7411664e-20	1
0	-0.98438764	-0.17554323	-0.002857339	-6.283185e-07	0	0	-0.98438764	-0.17554323	-0.002857339	2.7411912e-20	1
0	-0.98438764	-0.17554323	-0.002857339	-2.513274e-07	0	0	-0.98438764	-0.17554323	-0.002857339	2.741206e-20	1
0	-0.98438764	-0.17554323	-0.002857339	-1.256637e-07	0	0	-0.98438764	-0.17554323	-0.002857339	2.741211e-20	1
0	-0.98438764	-0.17554323	-0.002857339	0	0	0	-0.98438764	-0.17554323	-0.002857339	2.7412158e-20	1
0	-0.98438764	-0.17554323	-0.002857339	1.256637e-07	0	0	-0.98438764	-0.17554323	-0.002857339	2.741221e-20	1
0	-0.98438764	-0.17554323	-0.002857339	2.513274e-07	0	0	-0.98438764	-0.17554323	-0.002857339	2.7412258e-20	1
0	-0.98438764	-0.17554323	-0.002857339	6.283185e-07	0	0	-0.98438764	-0.17554323	-0.002857339	2.7412407e-20	1
0	-0.98438764	-0.17554323	-0.002857339	1.256637e-06	0	0	-0.98438764	-0.17554323	-0.002857339	2.7412652e-20	1
0	-0.98438764	-0.17554323	-0.002857339	2.513274e-06	0	0	-0.98438764	-0.17554323	-0.002857339	2.7413147e-20	1
0	-0.98438764	-0.17554323	-0.002857339	6.2831855e-06	0	0	-0.98438764	-0.17554323	-0.002857339	2.741463e-20	1
0	-0.98438764	-0.17554323	-0.002857339	1.2566371e-05	0	0	-0.98438764	-0.17554323	-0.002857339	2.74171e-20	1
0	-0.98438764	-0.17554323	-0.002857339	2.5132742e-05	0	0	-0.98438764	-0.17554323	-0.002857339	2.742204e-20	1
0	-0.98438764	-0.17554323	-0.002857339	6.283185e-05	0	0	-0.98438764	-0.17554323	-0.002857339	2.743686e-20	1
0	-0.98438764	-0.17554323	-0.002857339	0.0001256637	0	0	-0.98438764	-0.17554323	-0.002857339	2.746156e-20	1
0	-0.98438764	-0.17554323	-0.002857339	0.0002513274	0	0	-0.98438764	-0.17554323	-0.002857339	2.751096e-20	1
0	-0.9838163	-0.17871475	-0.0028583496	0.0006283185	0	0	-0.9838163	-0.17871475	-0.0028583496	2.765908e-20	1
0	-0.9838163	-0.17871475	-0.0028583496	0.0010053096	0	0	-0.9838163	-0.17871475	-0.0028583496	2.78072e-20	1
0	-0.9833214	-0.18141612	-0.0028590509	0.001256637	0	0	-0.9833214	-0.18141612	-0.0028590509	2.7905885e-20	1
0	-0.9828	-0.18421769	-0.0028596043	0.0018849556	0	0	-0.9828	-0.18421769	-0.0028596043	2.815256e-20	1
0	-0.982257	-0.1870889	-0.0028600045	0.002513274	0	0	-0.982257	-0.1870889	-0.0028600045	2.83991e-20	1
0	-0.9810786	-0.19316837	-0.0028602467	0.0037699111	0	0	-0.9810786	-0.19316837	-0.0028602467	2.8891755e-20	1
0	-0.97834414	-0.20656222	-0.002858027	0.0062831854	0	0	-0.97834414	-0.20656222	-0.002858027	2.987514e-20	1
0	-0.9739667	-0.22629113	-0.0028478124	0.009424778	0	0	-0.9739667	-0.22629113	-0.0028478124	3.1099978e-20	1
0	-0.96798944	-0.25061333	-0.0028237714	0.012566371	0	0	-0.96798944	-0.25061333	-0.0028237714	3.23184e-20	1
0	-0.9449662	-0.32683456	-0.0026640026	0.018849555	0	0	-0.9449662	-0.32683456	-0.0026640026	3.472325e-20	1
0	0.99383914	0.11016083	0.0027845537	0.025132742	0	0	0.99383914	0.11016083	0.0027845537	1.7474001e-20	1
0	0.9956391	0.092513	0.0027445937	0.03769911	0	0	0.9956391	0.092513	0.0027445937	1.2481507e-20	1
0	0.99675345	0.07963538	0.0027075289	0.050265484	0	0	0.99675345	0.07963538	0.0027075289	7.481886e-21	1
0	0.99748874	0.069845244	0.0026733875	0.06283186	0	0	0.99748874	0.069845244	0.0026733875	2.4777064e-21	1
