# t (s)	mx ()	my ()	mz ()	B_extx (T)	B_exty (T)	B_extz (T)	mx ()	my ()	mz ()	E_total (J)	branch ()
0	-0.009143412	0.9998913	0.0021100778	0	0.06283186	0	-0.009143412	0.9998913	0.0021100778	4.4829405e-21	-1
0	-0.010782998	0.9998741	0.0021274362	0	0.050265484	0	-0.010782998	0.9998741	0.0021274362	9.5008624e-21	-1
0	-0.013147562	0.9998449	0.002145141	0	0.03769911	0	-0.013147562	0.9998449	0.002145141	1.4518671e-20	-1
0	-0.016831914	0.9997889	0.002163217	0	0.025132742	0	-0.016831914	0.9997889	0.002163217	1.9536273e-20	-1
0	-0.019570915	0.9997386	0.0021723933	0	0.018849555	0	-0.019570915	0.9997386	0.0021723933	2.204494e-20	-1
0	-0.023371475	0.99965644	0.0021816427	0	0.012566371	0	-0.023371475	0.99965644	0.0021816427	2.4553443e-20	-1
0	-0.025876306	0.99959445	0.0021862716	0	0.009424778	0	-0.025876306	0.99959445	0.0021862716	2.5807602e-20	-1
0	-0.028993795	0.9995086	0.0021908889	0	0.0062831854	0	-0.028993795	0.9995086	0.0021908889	2.7061664e-20	-1
0	-0.032087162	0.99941385	0.0021945357	0	0.0037699111	0	-0.032087162	0.99941385	0.0021945357	2.8064826e-20	-1
0	-0.0338799	0.9993545	0.002196332	0	0.002513274	0	-0.0338799	0.9993545	0.002196332	2.856637e-20	-1
0	-0.034866687	0.9993205	0.0021972202	0	0.0018849556	0	-0.034866687	0.9993205	0.0021972202	2.881713e-20	-1
0	-0.035917073	0.9992833	0.0021980996	0	0.001256637	0	-0.035917073	0.9992833	0.0021980996	2.906788e-20	-1
0	-0.035917073	0.9992833	0.0021980996	0	0.0010053096	0	-0.035917073	0.9992833	0.0021980996	2.916818e-20	-1
0	-0.037004836	0.9992435	0.0021989695	0	0.0006283185	0	-0.037004836	0.9992435	0.0021989695	2.9318622e-20	-1
0	-0.03769756	0.9992175	0.0021994878	0	0.0002513274	0	-0.03769756	0.9992175	0.0021994878	2.9469062e-20	-1
0	-0.03769756	0.9992175	0.0021994878	0	0.0001256637	0	-0.03769756	0.9992175	0.0021994878	2.9519207e-20	-1
0	-0.03769756	0.9992175	0.0021994878	0	6.283185e-05	0	-0.03769756	0.9992175	0.0021994878	2.954428e-20	-1
0	-0.03769756	0.9992175	0.0021994878	0	2.5132742e-05	0	-0.03769756	0.9992175	0.0021994878	2.9559325e-20	-1
0	-0.03769756	0.9992175	0.0021994878	0	1.2566371e-05	0	-0.03769756	0.9992175	0.0021994878	2.956434e-20	-1
0	-0.03769756	0.9992175	0.0021994878	0	6.2831855e-06	0	-0.03769756	0.9992175	0.0021994878	2.9566847e-20	-1
0	-0.03769756	0.9992175	0.0021994878	0	2.513274e-06	0	-0.03769756	0.9992175	0.0021994878	2.956835e-20	-1
0	-0.03769756	0.9992175	0.0021994878	0	1.256637e-06	0	-0.03769756	0.9992175	0.0021994878	2.956885e-20	-1
0	-0.03769756	0.9992175	0.0021994878	0	6.283185e-07	0	-0.03769756	0.9992175	0.0021994878	2.9569103e-20	-1
0	-0.03769756	0.9992175	0.0021994878	0	2.513274e-07	0	-0.03769756	0.9992175	0.0021994878	2.9569254e-20	-1
0	-0.03769756	0.9992175	0.0021994878	0	1.256637e-07	0	-0.03769756	0.9992175	0.0021994878	2.9569303e-20	-1
0	-0.03769756	0.9992175	0.0021994878	0	0	0	-0.03769756	0.9992175	0.0021994878	2.9569355e-20	-1
0	-0.03769756	0.9992175	0.0021994878	0	-1.256637e-07	0	-0.03769756	0.9992175	0.0021994878	2.9569403e-20	-1
0	-0.03769756	0.9992175	0.0021994878	0	-2.513274e-07	0	-0.03769756	0.9992175	0.0021994878	2.9569455e-20	-1
0	-0.03769756	0.9992175	0.0021994878	0	-6.283185e-07	0	-0.03769756	0.9992175	0.0021994878	2.9569603e-20	-1
0	-0.03769756	0.9992175	0.0021994878	0	-1.256637e-06	0	-0.03769756	0.9992175	0.0021994878	2.9569855e-20	-1
0	-0.03769756	0.9992175	0.0021994878	0	-2.513274e-06	0	-0.03769756	0.9992175	0.0021994878	2.9570356e-20	-1
0	-0.03769756	0.9992175	0.0021994878	0	-6.2831855e-06	0	-0.03769756	0.9992175	0.0021994878	2.9571862e-20	-1
0	-0.03769756	0.9992175	0.0021994878	0	-1.2566371e-05	0	-0.03769756	0.9992175	0.0021994878	2.957437e-20	-1
0	-0.03769756	0.9992175	0.0021994878	0	-2.5132742e-05	0	-0.03769756	0.9992175	0.0021994878	2.957938e-20	-1
0	-0.038301077	0.99919456	0.0021999145	0	-6.283185e-05	0	-0.038301077	0.99919456	0.0021999145	2.9594422e-20	-1
0	-0.038301077	0.99919456	0.0021999145	0	-0.0001256637	0	-0.038301077	0.99919456	0.0021999145	2.9619496e-20	-1
0	-0.038301077	0.99919456	0.0021999145	0	-0.0002513274	0	-0.038301077	0.99919456	0.0021999145	2.966964e-20	-1
0	-0.03942159	0.9991509	0.0022006722	0	-0.0006283185	0	-0.03942159	0.9991509	0.0022006722	2.982007e-20	-1
0	-0.040208057	0.9991195	0.002201174	0	-0.0010053096	0	-0.040208057	0.9991195	0.002201174	2.997049e-20	-1
0	-0.040208057	0.9991195	0.002201174	0	-0.001256637	0	-0.040208057	0.9991195	0.002201174	3.007077e-20	-1
0	-0.042179722	0.9990381	0.0022023125	0	-0.0018849556	0	-0.042179722	0.9990381	0.0022023125	3.032147e-20	-1
0	-0.043705802	0.9989724	0.0022030994	0	-0.002513274	0	-0.043705802	0.9989724	0.0022030994	3.057214e-20	-1
0	-0.04713069	0.9988165	0.0022045828	0	-0.0037699111	0	-0.04713069	0.9988165	0.0022045828	3.107344e-20	-1
0	-0.055915292	0.9983627	0.002206997	0	-0.0062831854	0	-0.055915292	0.9983627	0.002206997	3.207574e-20	-1
0	-0.07298748	0.9972589	0.0022075875	0	-0.009424778	0	-0.07298748	0.9972589	0.0022075875	3.3327714e-20	-1
0	-0.10732804	0.9941468	0.0021980891	0	-0.012566371	0	-0.10732804	0.9941468	0.0021980891	3.4577348e-20	-1
0	0.019575335	-0.99973845	-0.0021723933	0	-0.018849555	0	0.019575335	-0.99973845	-0.0021723933	2.2044938e-20	-1
0	0.016836915	-0.99978876	-0.0021632162	0	-0.025132742	0	0.016836915	-0.99978876	-0.0021632162	1.953627e-20	-1
0	0.0131499665	-0.9998449	-0.0021451414	0	-0.03769911	0	0.0131499665	-0.9998449	-0.0021451414	1.4518671e-20	-1
0	0.010788824	-0.999874	-0.0021274402	0	-0.050265484	0	0.010788824	-0.999874	-0.0021274402	9.500861e-21	-1
0	0.00914538	-0.99989116	-0.0021100775	0	-0.06283186	0	0.00914538	-0.99989116	-0.0021100775	4.4829376e-21	-1
0	0.00914538	-0.99989116	-0.0021100775	0	-0.06283186	0	0.00914538	-0.99989116	-0.0021100775	4.4829376e-21	1
0	0.010785314	-0.999874	-0.002127436	0	-0.050265484	0	0.010785314	-0.999874	-0.002127436	9.500862e-21	1
0	0.013147849	-0.9998449	-0.0021451407	0	-0.03769911	0	0.013147849	-0.9998449	-0.0021451407	1.451867e-20	1
0	0.01683208	-0.9997888	-0.002163216	0	-0.025132742	0	0.01683208	-0.9997888	-0.002163216	1.9536273e-20	1
0	0.01956921	-0.9997386	-0.0021723928	0	-0.018849555	0	0.01956921	-0.9997386	-0.0021723928	2.2044938e-20	1
0	0.02336584	-0.99965656	-0.0021816432	0	-0.012566371	0	0.02336584	-0.99965656	-0.0021816432	2.4553444e-20	1
0	0.025876274	-0.99959445	-0.002186275	0	-0.009424778	0	0.025876274	-0.99959445	-0.002186275	2.5807597e-20	1
0	0.028989876	-0.99950874	-0.0021908884	0	-0.0062831854	0	0.028989876	-0.99950874	-0.0021908884	2.7061666e-20	1
0	0.032080896	-0.99941397	-0.0021945317	0	-0.0037699111	0	0.032080896	-0.99941397	-0.0021945317	2.806483e-20	1
0	0.03388002	-0.99935454	-0.0021963303	0	-0.002513274	0	0.03388002	-0.99935454	-0.0021963303	2.8566372e-20	1
0	0.034873404	-0.99932027	-0.0021972163	0	-0.0018849556	0	0.034873404	-0.99932027	-0.0021972163	2.8817128e-20	1
0	0.035891443	-0.99928415	-0.002198101	0	-0.001256637	0	0.035891443	-0.99928415	-0.002198101	2.9067883e-20	1
0	0.035891443	-0.99928415	-0.002198101	0	-0.0010053096	0	0.035891443	-0.99928415	-0.002198101	2.916818e-20	1
0	0.037009083	-0.9992434	-0.0021989243	0	-0.0006283185	0	0.037009083	-0.9992434	-0.0021989243	2.931862e-20	1
0	0.037693813	-0.99921775	-0.0021994878	0	-0.0002513274	0	0.037693813	-0.99921775	-0.0021994878	2.9469062e-20	1
0	0.037693813	-0.99921775	-0.0021994878	0	-0.0001256637	0	0.037693813	-0.99921775	-0.0021994878	2.9519207e-20	1
0	0.037693813	-0.99921775	-0.0021994878	0	-6.283185e-05	0	0.037693813	-0.99921775	-0.0021994878	2.954428e-20	1
0	0.037693813	-0.99921775	-0.0021994878	0	-2.5132742e-05	0	0.037693813	-0.99921775	-0.0021994878	2.9559325e-20	1
0	0.037693813	-0.99921775	-0.0021994878	0	-1.2566371e-05	0	0.037693813	-0.99921775	-0.0021994878	2.9564337e-20	1
0	0.037693813	-0.99921775	-0.0021994878	0	-6.2831855e-06	0	0.037693813	-0.99921775	-0.0021994878	2.9566844e-20	1
0	0.037693813	-0.99921775	-0.0021994878	0	-2.513274e-06	0	0.037693813	-0.99921775	-0.0021994878	2.956835e-20	1
0	0.037693813	-0.99921775	-0.0021994878	0	-1.256637e-06	0	0.037693813	-0.99921775	-0.0021994878	2.956885e-20	1
0	0.037693813	-0.99921775	-0.0021994878	0	-6.283185e-07	0	0.037693813	-0.99921775	-0.0021994878	2.9569103e-20	1
0	0.037693813	-0.99921775	-0.0021994878	0	-2.513274e-07	0	0.037693813	-0.99921775	-0.0021994878	2.956925e-20	1
0	0.037693813	-0.99921775	-0.0021994878	0	-1.256637e-07	0	0.037693813	-0.99921775	-0.0021994878	2.9569303e-20	1
0	0.037693813	-0.99921775	-0.0021994878	0	0	0	0.037693813	-0.99921775	-0.0021994878	2.956935e-20	1
0	0.037693813	-0.99921775	-0.0021994878	0	1.256637e-07	0	0.037693813	-0.99921775	-0.0021994878	2.9569403e-20	1
0	0.037693813	-0.99921775	-0.0021994878	0	2.513274e-07	0	0.037693813	-0.99921775	-0.0021994878	2.956945e-20	1
0	0.037693813	-0.99921775	-0.0021994878	0	6.283185e-07	0	0.037693813	-0.99921775	-0.0021994878	2.9569603e-20	1
0	0.037693813	-0.99921775	-0.0021994878	0	1.256637e-06	0	0.037693813	-0.99921775	-0.0021994878	2.9569855e-20	1
0	0.037693813	-0.99921775	-0.0021994878	0	2.513274e-06	0	0.037693813	-0.99921775	-0.0021994878	2.9570356e-20	1
0	0.037693813	-0.99921775	-0.0021994878	0	6.2831855e-06	0	0.037693813	-0.99921775	-0.0021994878	2.957186e-20	1
0	0.037693813	-0.99921775	-0.0021994878	0	1.2566371e-05	0	0.037693813	-0.99921775	-0.0021994878	2.9574366e-20	1
0	0.037693813	-0.99921775	-0.0021994878	0	2.5132742e-05	0	0.037693813	-0.99921775	-0.0021994878	2.957938e-20	1
0	0.038323216	-0.99919367	-0.002199913	0	6.283185e-05	0	0.038323216	-0.99919367	-0.002199913	2.9594422e-20	1
0	0.038323216	-0.99919367	-0.002199913	0	0.0001256637	0	0.038323216	-0.99919367	-0.002199913	2.9619493e-20	1
0	0.038323216	-0.99919367	-0.002199913	0	0.0002513274	0	0.038323216	-0.99919367	-0.002199913	2.9669637e-20	1
0	0.039384075	-0.99915236	-0.0022006768	0	0.0006283185	0	0.039384075	-0.99915236	-0.0022006768	2.9820068e-20	1
0	0.040215157	-0.9991192	-0.0022011918	0	0.0010053096	0	0.040215157	-0.9991192	-0.0022011918	2.9970495e-20	1
0	0.040215157	-0.9991192	-0.0022011918	0	0.001256637	0	0.040215157	-0.9991192	-0.0022011918	3.0070778e-20	1
0	0.04217783	-0.99903816	-0.002202312	0	0.0018849556	0	0.04217783	-0.99903816	-0.002202312	3.0321465e-20	1
0	0.043713246	-0.99897206	-0.0022030936	0	0.002513274	0	0.043713246	-0.99897206	-0.0022030936	3.057214e-20	1
0	0.047128607	-0.9988166	-0.0022045872	0	0.0037699111	0	0.047128607	-0.9988166	-0.0022045872	3.1073437e-20	1
0	0.055925775	-0.99836206	-0.002206984	0	0.0062831854	0	0.055925775	-0.99836206	-0.002206984	3.2075744e-20	1
0	0.07299339	-0.9972584	-0.0022075851	0	0.009424778	0	0.07299339	-0.9972584	-0.0022075851	3.3327718e-20	1
0	0.10744251	-0.9941344	-0.0021980284	0	0.012566371	0	0.10744251	-0.9941344	-0.0021980284	3.457735e-20	1
0	-0.0195699	0.9997386	0.0021723937	0	0.018849555	0	-0.0195699	0.9997386	0.0021723937	2.2044938e-20	1
0	-0.016835604	0.99978876	0.0021632076	0	0.025132742	0	-0.016835604	0.99978876	0.0021632076	1.9536273e-20	1
0	-0.0131501425	0.9998449	0.0021451386	0	0.03769911	0	-0.0131501425	0.9998449	0.0021451386	1.4518671e-20	1
0	-0.010788469	0.999874	0.002127437	0	0.050265484	0	-0.010788469	0.999874	0.002127437	9.5008576e-21	1
0	-0.00914927	0.99989116	0.0021100785	0	0.06283186	0	-0.00914927	0.99989116	0.0021100785	4.4829393e-21	1
