# t (s)	mx ()	my ()	mz ()	B_extx (T)	B_exty (T)	B_extz (T)	mx ()	my ()	mz ()	E_total (J)	branch ()
0	-0.029508047	0.9994991	-0.000664201	0	0.06283186	0	-0.029508047	0.9994991	-0.000664201	4.5928537e-21	-1
0	-0.034995954	0.9993211	-0.0006455386	0	0.050265484	0	-0.034995954	0.9993211	-0.0006455386	9.608434e-21	-1
0	-0.04294882	0.99900997	-0.0006154048	0	0.03769911	0	-0.04294882	0.99900997	-0.0006154048	1.4622833e-20	-1
0	-0.0554794	0.9983913	-0.00056361436	0	0.025132742	0	-0.0554794	0.9983913	-0.00056361436	1.9635009e-20	-1
0	-0.06486854	0.9978244	-0.00052272645	0	0.018849555	0	-0.06486854	0.9978244	-0.00052272645	2.213957e-20	-1
0	-0.077944584	0.9968871	-0.0004639182	0	0.012566371	0	-0.077944584	0.9968871	-0.0004639182	2.4642292e-20	-1
0	-0.08662094	0.99617004	-0.00042403289	0	0.009424778	0	-0.08662094	0.99617004	-0.00042403289	2.5892587e-20	-1
0	-0.097385556	0.9951744	-0.00037384866	0	0.0062831854	0	-0.097385556	0.9951744	-0.00037384866	2.714182e-20	-1
0	-0.108050734	0.99407196	-0.000323541	0	0.0037699111	0	-0.108050734	0.99407196	-0.000323541	2.8140148e-20	-1
0	-0.11429268	0.99337304	-0.0002938826	0	0.002513274	0	-0.11429268	0.99337304	-0.0002938826	2.8638857e-20	-1
0	-0.11768913	0.99297607	-0.00027769158	0	0.0018849556	0	-0.11768913	0.99297607	-0.00027769158	2.8888068e-20	-1
0	-0.12128167	0.99254334	-0.00026052695	0	0.001256637	0	-0.12128167	0.99254334	-0.00026052695	2.913718e-20	-1
0	-0.12277965	0.992359	-0.00025336348	0	0.0010053096	0	-0.12277965	0.992359	-0.00025336348	2.923679e-20	-1
0	-0.12510464	0.99206835	-0.00024222606	0	0.0006283185	0	-0.12510464	0.99206835	-0.00024222606	2.9386173e-20	-1
0	-0.12751815	0.9917608	-0.00023065734	0	0.0002513274	0	-0.12751815	0.9917608	-0.00023065734	2.953551e-20	-1
0	-0.12836209	0.9916518	-0.00022660648	0	0.0001256637	0	-0.12836209	0.9916518	-0.00022660648	2.9585278e-20	-1
0	-0.12836209	0.9916518	-0.00022660648	0	6.283185e-05	0	-0.12836209	0.9916518	-0.00022660648	2.961016e-20	-1
0	-0.12836209	0.9916518	-0.00022660648	0	2.5132742e-05	0	-0.12836209	0.9916518	-0.00022660648	2.962509e-20	-1
0	-0.12836209	0.9916518	-0.00022660648	0	1.2566371e-05	0	-0.12836209	0.9916518	-0.00022660648	2.9630068e-20	-1
0	-0.12836209	0.9916518	-0.00022660648	0	6.2831855e-06	0	-0.12836209	0.9916518	-0.00022660648	2.9632556e-20	-1
0	-0.12836209	0.9916518	-0.00022660648	0	2.513274e-06	0	-0.12836209	0.9916518	-0.00022660648	2.963405e-20	-1
0	-0.12836209	0.9916518	-0.00022660648	0	1.256637e-06	0	-0.12836209	0.9916518	-0.00022660648	2.9634547e-20	-1
0	-0.12836209	0.9916518	-0.00022660648	0	6.283185e-07	0	-0.12836209	0.9916518	-0.00022660648	2.9634796e-20	-1
0	-0.12836209	0.9916518	-0.00022660648	0	2.513274e-07	0	-0.12836209	0.9916518	-0.00022660648	2.9634944e-20	-1
0	-0.12836209	0.9916518	-0.00022660648	0	1.256637e-07	0	-0.12836209	0.9916518	-0.00022660648	2.9634993e-20	-1
0	-0.12836209	0.9916518	-0.00022660648	0	0	0	-0.12836209	0.9916518	-0.00022660648	2.9635044e-20	-1
0	-0.12836209	0.9916518	-0.00022660648	0	-1.256637e-07	0	-0.12836209	0.9916518	-0.00022660648	2.9635093e-20	-1
0	-0.12836209	0.9916518	-0.00022660648	0	-2.513274e-07	0	-0.12836209	0.9916518	-0.00022660648	2.9635145e-20	-1
0	-0.12836209	0.9916518	-0.00022660648	0	-6.283185e-07	0	-0.12836209	0.9916518	-0.00022660648	2.9635293e-20	-1
0	-0.12836209	0.9916518	-0.00022660648	0	-1.256637e-06	0	-0.12836209	0.9916518	-0.00022660648	2.9635542e-20	-1
0	-0.12836209	0.9916518	-0.00022660648	0	-2.513274e-06	0	-0.12836209	0.9916518	-0.00022660648	2.963604e-20	-1
0	-0.12836209	0.9916518	-0.00022660648	0	-6.2831855e-06	0	-0.12836209	0.9916518	-0.00022660648	2.9637532e-20	-1
0	-0.12836209	0.9916518	-0.00022660648	0	-1.2566371e-05	0	-0.12836209	0.9916518	-0.00022660648	2.964002e-20	-1
0	-0.12836209	0.9916518	-0.00022660648	0	-2.5132742e-05	0	-0.12836209	0.9916518	-0.00022660648	2.9644996e-20	-1
0	-0.12836209	0.9916518	-0.00022660648	0	-6.283185e-05	0	-0.12836209	0.9916518	-0.00022660648	2.9659928e-20	-1
0	-0.12836209	0.9916518	-0.00022660648	0	-0.0001256637	0	-0.12836209	0.9916518	-0.00022660648	2.968481e-20	-1
0	-0.1309045	0.9913191	-0.00021440083	0	-0.0002513274	0	-0.1309045	0.9913191	-0.00021440083	2.9734555e-20	-1
0	-0.13352716	0.99096894	-0.00020179783	0	-0.0006283185	0	-0.13352716	0.99096894	-0.00020179783	2.9883774e-20	-1
0	-0.13626817	0.99059546	-0.00018861401	0	-0.0010053096	0	-0.13626817	0.99059546	-0.00018861401	3.003294e-20	-1
0	-0.13815665	0.9903337	-0.00017952496	0	-0.001256637	0	-0.13815665	0.9903337	-0.00017952496	3.0132358e-20	-1
0	-0.14314623	0.98962414	-0.00015548628	0	-0.0018849556	0	-0.14314623	0.98962414	-0.00015548628	3.0380767e-20	-1
0	-0.14851543	0.988832	-0.00012959164	0	-0.002513274	0	-0.14851543	0.988832	-0.00012959164	3.062899e-20	-1
0	-0.16060737	0.9869387	-7.1242204e-05	0	-0.0037699111	0	-0.16060737	0.9869387	-7.1242204e-05	3.1124777e-20	-1
0	-0.19276798	0.9811598	8.349194e-05	0	-0.0062831854	0	-0.19276798	0.9811598	8.349194e-05	3.2112757e-20	-1
0	-0.27401924	0.9616238	0.00045987946	0	-0.009424778	0	-0.27401924	0.9616238	0.00045987946	3.3334484e-20	-1
0	-0.8876672	-0.46019417	-0.001872031	0	-0.012566371	0	-0.8876672	-0.46019417	-0.001872031	2.6038767e-20	-1
0	0.06487928	-0.9978237	0.0005226458	0	-0.018849555	0	0.06487928	-0.9978237	0.0005226458	2.2139571e-20	-1
0	0.05549159	-0.99839056	0.0005635605	0	-0.025132742	0	0.05549159	-0.99839056	0.0005635605	1.963501e-20	-1
0	0.042953588	-0.9990097	0.00061538175	0	-0.03769911	0	0.042953588	-0.9990097	0.00061538175	1.4622834e-20	-1
0	0.034997664	-0.9993211	0.0006455426	0	-0.050265484	0	0.034997664	-0.9993211	0.0006455426	9.6084355e-21	-1
0	0.029511873	-0.99949896	0.0006641863	0	-0.06283186	0	0.029511873	-0.99949896	0.0006641863	4.5928533e-21	-1
0	0.029510457	-0.99949896	0.0006641928	0	-0.06283186	0	0.029510457	-0.99949896	0.0006641928	4.592852e-21	1
0	0.034994785	-0.9993211	0.0006455465	0	-0.050265484	0	0.034994785	-0.9993211	0.0006455465	9.608437e-21	1
0	0.042951107	-0.99900985	0.0006153962	0	-0.03769911	0	0.042951107	-0.99900985	0.0006153962	1.4622834e-20	1
0	0.055486254	-0.9983909	0.00056358596	0	-0.025132742	0	0.055486254	-0.9983909	0.00056358596	1.963501e-20	1
0	0.06486955	-0.9978243	0.00052272953	0	-0.018849555	0	0.06486955	-0.9978243	0.00052272953	2.2139568e-20	1
0	0.07795186	-0.99688655	0.00046387973	0	-0.012566371	0	0.07795186	-0.99688655	0.00046387973	2.4642292e-20	1
0	0.08661659	-0.9961704	0.00042406953	0	-0.009424778	0	0.08661659	-0.9961704	0.00042406953	2.5892585e-20	1
0	0.09737837	-0.9951751	0.0003738833	0	-0.0062831854	0	0.09737837	-0.9951751	0.0003738833	2.714182e-20	1
0	0.10805527	-0.9940715	0.00032351926	0	-0.0037699111	0	0.10805527	-0.9940715	0.00032351926	2.814015e-20	1
0	0.11430465	-0.9933717	0.00029382523	0	-0.002513274	0	0.11430465	-0.9933717	0.00029382523	2.8638857e-20	1
0	0.117712826	-0.9929733	0.00027757708	0	-0.0018849556	0	0.117712826	-0.9929733	0.00027757708	2.888807e-20	1
0	0.121271886	-0.99254453	0.00026057748	0	-0.001256637	0	0.121271886	-0.99254453	0.00026057748	2.9137175e-20	1
0	0.12278354	-0.99235857	0.00025335624	0	-0.0010053096	0	0.12278354	-0.99235857	0.00025335624	2.923679e-20	1
0	0.1251053	-0.9920683	0.00024222917	0	-0.0006283185	0	0.1251053	-0.9920683	0.00024222917	2.9386173e-20	1
0	0.12749654	-0.9917635	0.0002307632	0	-0.0002513274	0	0.12749654	-0.9917635	0.0002307632	2.953551e-20	1
0	0.12834212	-0.9916544	0.00022670522	0	-0.0001256637	0	0.12834212	-0.9916544	0.00022670522	2.9585278e-20	1
0	0.12834212	-0.9916544	0.00022670522	0	-6.283185e-05	0	0.12834212	-0.9916544	0.00022670522	2.961016e-20	1
0	0.12834212	-0.9916544	0.00022670522	0	-2.5132742e-05	0	0.12834212	-0.9916544	0.00022670522	2.9625092e-20	1
0	0.12834212	-0.9916544	0.00022670522	0	-1.2566371e-05	0	0.12834212	-0.9916544	0.00022670522	2.9630068e-20	1
0	0.12834212	-0.9916544	0.00022670522	0	-6.2831855e-06	0	0.12834212	-0.9916544	0.00022670522	2.9632556e-20	1
0	0.12834212	-0.9916544	0.00022670522	0	-2.513274e-06	0	0.12834212	-0.9916544	0.00022670522	2.963405e-20	1
0	0.12834212	-0.9916544	0.00022670522	0	-1.256637e-06	0	0.12834212	-0.9916544	0.00022670522	2.9634547e-20	1
0	0.12834212	-0.9916544	0.00022670522	0	-6.283185e-07	0	0.12834212	-0.9916544	0.00022670522	2.9634796e-20	1
0	0.12834212	-0.9916544	0.00022670522	0	-2.513274e-07	0	0.12834212	-0.9916544	0.00022670522	2.9634944e-20	1
0	0.12834212	-0.9916544	0.00022670522	0	-1.256637e-07	0	0.12834212	-0.9916544	0.00022670522	2.9634996e-20	1
0	0.12834212	-0.9916544	0.00022670522	0	0	0	0.12834212	-0.9916544	0.00022670522	2.9635044e-20	1
0	0.12834212	-0.9916544	0.00022670522	0	1.256637e-07	0	0.12834212	-0.9916544	0.00022670522	2.9635096e-20	1
0	0.12834212	-0.9916544	0.00022670522	0	2.513274e-07	0	0.12834212	-0.9916544	0.00022670522	2.9635145e-20	1
0	0.12834212	-0.9916544	0.00022670522	0	6.283185e-07	0	0.12834212	-0.9916544	0.00022670522	2.9635293e-20	1
0	0.12834212	-0.9916544	0.00022670522	0	1.256637e-06	0	0.12834212	-0.9916544	0.00022670522	2.9635542e-20	1
0	0.12834212	-0.9916544	0.00022670522	0	2.513274e-06	0	0.12834212	-0.9916544	0.00022670522	2.963604e-20	1
0	0.12834212	-0.9916544	0.00022670522	0	6.2831855e-06	0	0.12834212	-0.9916544	0.00022670522	2.9637532e-20	1
0	0.12834212	-0.9916544	0.00022670522	0	1.2566371e-05	0	0.12834212	-0.9916544	0.00022670522	2.964002e-20	1
0	0.12834212	-0.9916544	0.00022670522	0	2.5132742e-05	0	0.12834212	-0.9916544	0.00022670522	2.9645e-20	1
0	0.1295951	-0.9914913	0.00022069101	0	6.283185e-05	0	0.1295951	-0.9914913	0.00022069101	2.965992e-20	1
0	0.1295951	-0.9914913	0.00022069101	0	0.0001256637	0	0.1295951	-0.9914913	0.00022069101	2.96848e-20	1
0	0.1295951	-0.9914913	0.00022069101	0	0.0002513274	0	0.1295951	-0.9914913	0.00022069101	2.9734558e-20	1
0	0.133519	-0.9909701	0.0002018383	0	0.0006283185	0	0.133519	-0.9909701	0.0002018383	2.9883774e-20	1
0	0.1362695	-0.9905952	0.00018860737	0	0.0010053096	0	0.1362695	-0.9905952	0.00018860737	3.003294e-20	1
0	0.1362695	-0.9905952	0.00018860737	0	0.001256637	0	0.1362695	-0.9905952	0.00018860737	3.0132367e-20	1
0	0.14314276	-0.9896247	0.00015550095	0	0.0018849556	0	0.14314276	-0.9896247	0.00015550095	3.0380767e-20	1
0	0.14851281	-0.9888325	0.00012960745	0	0.002513274	0	0.14851281	-0.9888325	0.00012960745	3.0628992e-20	1
0	0.16065036	-0.9869317	7.103238e-05	0	0.0037699111	0	0.16065036	-0.9869317	7.103238e-05	3.112478e-20	1
0	0.19277003	-0.9811593	-8.3501734e-05	0	0.0062831854	0	0.19277003	-0.9811593	-8.3501734e-05	3.2112754e-20	1
0	0.27392083	-0.9616519	-0.0004594436	0	0.009424778	0	0.27392083	-0.9616519	-0.0004594436	3.333448e-20	1
0	0.8876425	0.46024185	0.0018717365	0	0.012566371	0	0.8876425	0.46024185	0.0018717365	2.6038768e-20	1
0	-0.06487507	0.99782395	-0.0005226961	0	0.018849555	0	-0.06487507	0.99782395	-0.0005226961	2.2139573e-20	1
0	-0.055484775	0.9983909	-0.0005635895	0	0.025132742	0	-0.055484775	0.9983909	-0.0005635895	1.9635009e-20	1
0	-0.04295788	0.99900955	-0.00061536167	0	0.03769911	0	-0.04295788	0.99900955	-0.00061536167	1.4622834e-20	1
0	-0.034996815	0.9993211	-0.00064553577	0	0.050265484	0	-0.034996815	0.9993211	-0.00064553577	9.608432e-21	1
0	-0.029510416	0.99949896	-0.00066419295	0	0.06283186	0	-0.029510416	0.99949896	-0.00066419295	4.592848e-21	1
