# t (s)	mx ()	my ()	mz ()	B_extx (T)	B_exty (T)	B_extz (T)	mx ()	my ()	mz ()	E_total (J)	branch ()
0	-0.0204981	0.99972475	-0.00055815757	0	0.06283186	0	-0.0204981	0.99972475	-0.00055815757	4.5678957e-21	-1
0	-0.024227118	0.99964046	-0.000572087	0	0.050265484	0	-0.024227118	0.99964046	-0.000572087	9.584828e-21	-1
0	-0.029609635	0.9994947	-0.0005904244	0	0.03769911	0	-0.029609635	0.9994947	-0.0005904244	1.46012e-20	-1
0	-0.038029276	0.9992087	-0.00061676756	0	0.025132742	0	-0.038029276	0.9992087	-0.00061676756	1.9616541e-20	-1
0	-0.044312302	0.9989492	-0.0006353584	0	0.018849555	0	-0.044312302	0.9989492	-0.0006353584	2.2123511e-20	-1
0	-0.053029723	0.9985237	-0.0006602524	0	0.012566371	0	-0.053029723	0.9985237	-0.0006602524	2.4629636e-20	-1
0	-0.05881657	0.9981991	-0.0006763665	0	0.009424778	0	-0.05881657	0.9981991	-0.0006763665	2.5882218e-20	-1
0	-0.06597986	0.99775064	-0.00069598015	0	0.0062831854	0	-0.06597986	0.99775064	-0.00069598015	2.713432e-20	-1
0	-0.073089175	0.9972545	-0.00071514375	0	0.0037699111	0	-0.073089175	0.9972545	-0.00071514375	2.8135524e-20	-1
0	-0.077243924	0.996941	-0.00072622113	0	0.002513274	0	-0.077243924	0.996941	-0.00072622113	2.863592e-20	-1
0	-0.07951646	0.9967621	-0.00073224434	0	0.0018849556	0	-0.07951646	0.9967621	-0.00073224434	2.8886058e-20	-1
0	-0.081889436	0.99656975	-0.00073851156	0	0.001256637	0	-0.081889436	0.99656975	-0.00073851156	2.9136145e-20	-1
0	-0.081889436	0.99656975	-0.00073851156	0	0.0010053096	0	-0.081889436	0.99656975	-0.00073851156	2.9236172e-20	-1
0	-0.08443834	0.99635684	-0.00074520905	0	0.0006283185	0	-0.08443834	0.99635684	-0.00074520905	2.9386186e-20	-1
0	-0.08603762	0.9962199	-0.00074940274	0	0.0002513274	0	-0.08603762	0.9962199	-0.00074940274	2.9536177e-20	-1
0	-0.08603762	0.9962199	-0.00074940274	0	0.0001256637	0	-0.08603762	0.9962199	-0.00074940274	2.9586173e-20	-1
0	-0.08603762	0.9962199	-0.00074940274	0	6.283185e-05	0	-0.08603762	0.9962199	-0.00074940274	2.961117e-20	-1
0	-0.08603762	0.9962199	-0.00074940274	0	2.5132742e-05	0	-0.08603762	0.9962199	-0.00074940274	2.9626168e-20	-1
0	-0.08603762	0.9962199	-0.00074940274	0	1.2566371e-05	0	-0.08603762	0.9962199	-0.00074940274	2.9631167e-20	-1
0	-0.08603762	0.9962199	-0.00074940274	0	6.2831855e-06	0	-0.08603762	0.9962199	-0.00074940274	2.9633668e-20	-1
0	-0.08603762	0.9962199	-0.00074940274	0	2.513274e-06	0	-0.08603762	0.9962199	-0.00074940274	2.9635167e-20	-1
0	-0.08603762	0.9962199	-0.00074940274	0	1.256637e-06	0	-0.08603762	0.9962199	-0.00074940274	2.9635668e-20	-1
0	-0.08603762	0.9962199	-0.00074940274	0	6.283185e-07	0	-0.08603762	0.9962199	-0.00074940274	2.9635917e-20	-1
0	-0.08603762	0.9962199	-0.00074940274	0	2.513274e-07	0	-0.08603762	0.9962199	-0.00074940274	2.963607e-20	-1
0	-0.08603762	0.9962199	-0.00074940274	0	1.256637e-07	0	-0.08603762	0.9962199	-0.00074940274	2.9636117e-20	-1
0	-0.08603762	0.9962199	-0.00074940274	0	0	0	-0.08603762	0.9962199	-0.00074940274	2.963617e-20	-1
0	-0.08603762	0.9962199	-0.00074940274	0	-1.256637e-07	0	-0.08603762	0.9962199	-0.00074940274	2.9636217e-20	-1
0	-0.08603762	0.9962199	-0.00074940274	0	-2.513274e-07	0	-0.08603762	0.9962199	-0.00074940274	2.963627e-20	-1
0	-0.08603762	0.9962199	-0.00074940274	0	-6.283185e-07	0	-0.08603762	0.9962199	-0.00074940274	2.9636418e-20	-1
0	-0.08603762	0.9962199	-0.00074940274	0	-1.256637e-06	0	-0.08603762	0.9962199	-0.00074940274	2.9636666e-20	-1
0	-0.08603762	0.9962199	-0.00074940274	0	-2.513274e-06	0	-0.08603762	0.9962199	-0.00074940274	2.9637167e-20	-1
0	-0.08603762	0.9962199	-0.00074940274	0	-6.2831855e-06	0	-0.08603762	0.9962199	-0.00074940274	2.9638667e-20	-1
0	-0.08603762	0.9962199	-0.00074940274	0	-1.2566371e-05	0	-0.08603762	0.9962199	-0.00074940274	2.9641167e-20	-1
0	-0.08603762	0.9962199	-0.00074940274	0	-2.5132742e-05	0	-0.08603762	0.9962199	-0.00074940274	2.9646166e-20	-1
0	-0.08603762	0.9962199	-0.00074940274	0	-6.283185e-05	0	-0.08603762	0.9962199	-0.00074940274	2.9661165e-20	-1
0	-0.08770034	0.9960747	-0.00075374823	0	-0.0001256637	0	-0.08770034	0.9960747	-0.00075374823	2.9686155e-20	-1
0	-0.08770034	0.9960747	-0.00075374823	0	-0.0002513274	0	-0.08770034	0.9960747	-0.00075374823	2.973614e-20	-1
0	-0.09003121	0.99586654	-0.0007598202	0	-0.0006283185	0	-0.09003121	0.99586654	-0.0007598202	2.988609e-20	-1
0	-0.09183261	0.9957019	-0.00076449645	0	-0.0010053096	0	-0.09183261	0.9957019	-0.00076449645	3.0036007e-20	-1
0	-0.09311275	0.99558294	-0.0007678129	0	-0.001256637	0	-0.09311275	0.99558294	-0.0007678129	3.013594e-20	-1
0	-0.09636684	0.9952729	-0.00077620964	0	-0.0018849556	0	-0.09636684	0.9952729	-0.00077620964	3.0385717e-20	-1
0	-0.099937186	0.99492043	-0.0007853715	0	-0.002513274	0	-0.099937186	0.99492043	-0.0007853715	3.063541e-20	-1
0	-0.10791615	0.99408585	-0.00080566166	0	-0.0037699111	0	-0.10791615	0.99408585	-0.00080566166	3.113451e-20	-1
0	-0.1286341	0.9916158	-0.0008571452	0	-0.0062831854	0	-0.1286341	0.9916158	-0.0008571452	3.2131146e-20	-1
0	-0.17243293	0.984939	-0.0009598138	0	-0.009424778	0	-0.17243293	0.984939	-0.0009598138	3.3371755e-20	-1
0	0.053065415	-0.9985218	0.0006603455	0	-0.012566371	0	0.053065415	-0.9985218	0.0006603455	2.4629639e-20	-1
0	0.044314988	-0.99894917	0.0006353656	0	-0.018849555	0	0.044314988	-0.99894917	0.0006353656	2.2123508e-20	-1
0	0.038040042	-0.99920833	0.00061679655	0	-0.025132742	0	0.038040042	-0.99920833	0.00061679655	1.9616541e-20	-1
0	0.029610775	-0.9994947	0.00059042603	0	-0.03769911	0	0.029610775	-0.9994947	0.00059042603	1.46012e-20	-1
0	0.024230024	-0.99964046	0.0005720949	0	-0.050265484	0	0.024230024	-0.99964046	0.0005720949	9.58483e-21	-1
0	0.020498268	-0.99972475	0.00055816304	0	-0.06283186	0	0.020498268	-0.99972475	0.00055816304	4.5678957e-21	-1
0	0.020498224	-0.99972475	0.00055815506	0	-0.06283186	0	0.020498224	-0.99972475	0.00055815506	4.5678957e-21	1
0	0.024228614	-0.9996405	0.00057209143	0	-0.050265484	0	0.024228614	-0.9996405	0.00057209143	9.584829e-21	1
0	0.029607177	-0.9994948	0.0005904174	0	-0.03769911	0	0.029607177	-0.9994948	0.0005904174	1.4601198e-20	1
0	0.03803291	-0.99920857	0.0006167758	0	-0.025132742	0	0.03803291	-0.99920857	0.0006167758	1.9616543e-20	1
0	0.04430594	-0.9989495	0.0006353423	0	-0.018849555	0	0.04430594	-0.9989495	0.0006353423	2.2123508e-20	1
0	0.053045377	-0.9985229	0.0006602941	0	-0.012566371	0	0.053045377	-0.9985229	0.0006602941	2.4629636e-20	1
0	0.05881354	-0.9981992	0.00067635765	0	-0.009424778	0	0.05881354	-0.9981992	0.00067635765	2.588222e-20	1
0	0.06598304	-0.9977504	0.0006960085	0	-0.0062831854	0	0.06598304	-0.9977504	0.0006960085	2.713432e-20	1
0	0.07308675	-0.9972546	0.00071513525	0	-0.0037699111	0	0.07308675	-0.9972546	0.00071513525	2.8135524e-20	1
0	0.077240616	-0.9969412	0.00072621205	0	-0.002513274	0	0.077240616	-0.9969412	0.00072621205	2.863592e-20	1
0	0.07950452	-0.996763	0.00073221326	0	-0.0018849556	0	0.07950452	-0.996763	0.00073221326	2.8886055e-20	1
0	0.0818935	-0.9965694	0.00073851674	0	-0.001256637	0	0.0818935	-0.9965694	0.00073851674	2.9136145e-20	1
0	0.0818935	-0.9965694	0.00073851674	0	-0.0010053096	0	0.0818935	-0.9965694	0.00073851674	2.923617e-20	1
0	0.08443961	-0.9963567	0.00074521586	0	-0.0006283185	0	0.08443961	-0.9963567	0.00074521586	2.9386183e-20	1
0	0.08601904	-0.9962214	0.0007493561	0	-0.0002513274	0	0.08601904	-0.9962214	0.0007493561	2.953618e-20	1
0	0.08658644	-0.9961722	0.00075083907	0	-0.0001256637	0	0.08658644	-0.9961722	0.00075083907	2.958617e-20	1
0	0.08658644	-0.9961722	0.00075083907	0	-6.283185e-05	0	0.08658644	-0.9961722	0.00075083907	2.9611166e-20	1
0	0.08658644	-0.9961722	0.00075083907	0	-2.5132742e-05	0	0.08658644	-0.9961722	0.00075083907	2.9626165e-20	1
0	0.08658644	-0.9961722	0.00075083907	0	-1.2566371e-05	0	0.08658644	-0.9961722	0.00075083907	2.9631164e-20	1
0	0.08658644	-0.9961722	0.00075083907	0	-6.2831855e-06	0	0.08658644	-0.9961722	0.00075083907	2.9633665e-20	1
0	0.08658644	-0.9961722	0.00075083907	0	-2.513274e-06	0	0.08658644	-0.9961722	0.00075083907	2.9635164e-20	1
0	0.08658644	-0.9961722	0.00075083907	0	-1.256637e-06	0	0.08658644	-0.9961722	0.00075083907	2.9635665e-20	1
0	0.08658644	-0.9961722	0.00075083907	0	-6.283185e-07	0	0.08658644	-0.9961722	0.00075083907	2.9635914e-20	1
0	0.08658644	-0.9961722	0.00075083907	0	-2.513274e-07	0	0.08658644	-0.9961722	0.00075083907	2.9636062e-20	1
0	0.08658644	-0.9961722	0.00075083907	0	-1.256637e-07	0	0.08658644	-0.9961722	0.00075083907	2.9636114e-20	1
0	0.08658644	-0.9961722	0.00075083907	0	0	0	0.08658644	-0.9961722	0.00075083907	2.9636162e-20	1
0	0.08658644	-0.9961722	0.00075083907	0	1.256637e-07	0	0.08658644	-0.9961722	0.00075083907	2.9636214e-20	1
0	0.08658644	-0.9961722	0.00075083907	0	2.513274e-07	0	0.08658644	-0.9961722	0.00075083907	2.9636263e-20	1
0	0.08658644	-0.9961722	0.00075083907	0	6.283185e-07	0	0.08658644	-0.9961722	0.00075083907	2.9636414e-20	1
0	0.08658644	-0.9961722	0.00075083907	0	1.256637e-06	0	0.08658644	-0.9961722	0.00075083907	2.9636663e-20	1
0	0.08658644	-0.9961722	0.00075083907	0	2.513274e-06	0	0.08658644	-0.9961722	0.00075083907	2.9637164e-20	1
0	0.08658644	-0.9961722	0.00075083907	0	6.2831855e-06	0	0.08658644	-0.9961722	0.00075083907	2.9638663e-20	1
0	0.08658644	-0.9961722	0.00075083907	0	1.2566371e-05	0	0.08658644	-0.9961722	0.00075083907	2.964116e-20	1
0	0.08658644	-0.9961722	0.00075083907	0	2.5132742e-05	0	0.08658644	-0.9961722	0.00075083907	2.9646163e-20	1
0	0.08658644	-0.9961722	0.00075083907	0	6.283185e-05	0	0.08658644	-0.9961722	0.00075083907	2.966116e-20	1
0	0.08658644	-0.9961722	0.00075083907	0	0.0001256637	0	0.08658644	-0.9961722	0.00075083907	2.9686155e-20	1
0	0.08827264	-0.99602413	0.0007552409	0	0.0002513274	0	0.08827264	-0.99602413	0.0007552409	2.973614e-20	1
0	0.090014726	-0.9958681	0.0007597772	0	0.0006283185	0	0.090014726	-0.9958681	0.0007597772	2.9886084e-20	1
0	0.09184502	-0.9957008	0.0007645275	0	0.0010053096	0	0.09184502	-0.9957008	0.0007645275	3.0036007e-20	1
0	0.09184502	-0.9957008	0.0007645275	0	0.001256637	0	0.09184502	-0.9957008	0.0007645275	3.0135947e-20	1
0	0.09638977	-0.9952706	0.00077626726	0	0.0018849556	0	0.09638977	-0.9952706	0.00077626726	3.0385717e-20	1
0	0.09995214	-0.99491894	0.000785409	0	0.002513274	0	0.09995214	-0.99491894	0.000785409	3.0635413e-20	1
0	0.10791556	-0.9940859	0.00080566015	0	0.0037699111	0	0.10791556	-0.9940859	0.00080566015	3.113451e-20	1
0	0.12864032	-0.99161494	0.00085715926	0	0.0062831854	0	0.12864032	-0.99161494	0.00085715926	3.2131146e-20	1
0	0.9503921	0.3107257	-0.0013248927	0	0.009424778	0	0.9503921	0.3107257	-0.0013248927	2.6649877e-20	1
0	0.90793025	0.41882402	-0.0010564482	0	0.012566371	0	0.90793025	0.41882402	-0.0010564482	2.6196744e-20	1
0	-0.044309326	0.9989494	-0.0006353511	0	0.018849555	0	-0.044309326	0.9989494	-0.0006353511	2.2123506e-20	1
0	-0.03803362	0.99920857	-0.00061677943	0	0.025132742	0	-0.03803362	0.99920857	-0.00061677943	1.9616543e-20	1
0	-0.0296132	0.99949455	-0.0005904335	0	0.03769911	0	-0.0296132	0.99949455	-0.0005904335	1.4601202e-20	1
0	-0.024231585	0.99964046	-0.0005720992	0	0.050265484	0	-0.024231585	0.99964046	-0.0005720992	9.584832e-21	1
0	-0.020498823	0.99972475	-0.0005581536	0	0.06283186	0	-0.020498823	0.99972475	-0.0005581536	4.5678977e-21	1
