# t (s)	mx ()	my ()	mz ()	B_extx (T)	B_exty (T)	B_extz (T)	mx ()	my ()	mz ()	E_total (J)	branch ()
0	0.98259443	-0.1853304	-0.0010451342	0.06283186	0	0	0.98259443	-0.1853304	-0.0010451342	4.327271e-21	-1
0	0.9684936	-0.24867758	-0.0009000277	0.050265484	0	0	0.9684936	-0.24867758	-0.0009000277	9.226648e-21	-1
0	0.94399077	-0.3296557	-0.0007691756	0.03769911	0	0	0.94399077	-0.3296557	-0.0007691756	1.403057e-20	-1
0	0.90621495	-0.4225275	-0.0006898736	0.025132742	0	0	0.90621495	-0.4225275	-0.0006898736	1.867934e-20	-1
0	0.8813602	-0.47216505	-0.00067346345	0.018849555	0	0	0.8813602	-0.47216505	-0.00067346345	2.0923013e-20	-1
0	0.85151863	-0.52405393	-0.0006704437	0.012566371	0	0	0.85151863	-0.52405393	-0.0006704437	2.309829e-20	-1
0	0.83432484	-0.5510076	-0.0006726902	0.009424778	0	0	0.83432484	-0.5510076	-0.0006726902	2.4156021e-20	-1
0	0.8152319	-0.5788748	-0.00067635963	0.0062831854	0	0	0.8152319	-0.5788748	-0.00067635963	2.519103e-20	-1
0	0.7983434	-0.6019472	-0.0006794989	0.0037699111	0	0	0.7983434	-0.6019472	-0.0006794989	2.6000935e-20	-1
0	0.78924775	-0.6138222	-0.00068084965	0.002513274	0	0	0.78924775	-0.6138222	-0.00068084965	2.6399324e-20	-1
0	0.7845384	-0.61982894	-0.0006814089	0.0018849556	0	0	0.7845384	-0.61982894	-0.0006814089	2.6596776e-20	-1
0	0.7796749	-0.6259347	-0.0006818664	0.001256637	0	0	0.7796749	-0.6259347	-0.0006818664	2.6793031e-20	-1
0	0.7796749	-0.6259347	-0.0006818664	0.0010053096	0	0	0.7796749	-0.6259347	-0.0006818664	2.6871287e-20	-1
0	0.7746968	-0.63208437	-0.00068219635	0.0006283185	0	0	0.7746968	-0.63208437	-0.00068219635	2.6988047e-20	-1
0	0.7746968	-0.63208437	-0.00068219635	0.0002513274	0	0	0.7746968	-0.63208437	-0.00068219635	2.7104683e-20	-1
0	0.7746968	-0.63208437	-0.00068219635	0.0001256637	0	0	0.7746968	-0.63208437	-0.00068219635	2.714356e-20	-1
0	0.770085	-0.6376942	-0.0006823643	6.283185e-05	0	0	0.770085	-0.6376942	-0.0006823643	2.7162482e-20	-1
0	0.770085	-0.6376942	-0.0006823643	2.5132742e-05	0	0	0.770085	-0.6376942	-0.0006823643	2.7174075e-20	-1
0	0.770085	-0.6376942	-0.0006823643	1.2566371e-05	0	0	0.770085	-0.6376942	-0.0006823643	2.717794e-20	-1
0	0.770085	-0.6376942	-0.0006823643	6.2831855e-06	0	0	0.770085	-0.6376942	-0.0006823643	2.7179872e-20	-1
0	0.770085	-0.6376942	-0.0006823643	2.513274e-06	0	0	0.770085	-0.6376942	-0.0006823643	2.7181032e-20	-1
0	0.770085	-0.6376942	-0.0006823643	1.256637e-06	0	0	0.770085	-0.6376942	-0.0006823643	2.718142e-20	-1
0	0.770085	-0.6376942	-0.0006823643	6.283185e-07	0	0	0.770085	-0.6376942	-0.0006823643	2.7181614e-20	-1
0	0.770085	-0.6376942	-0.0006823643	2.513274e-07	0	0	0.770085	-0.6376942	-0.0006823643	2.718173e-20	-1
0	0.770085	-0.6376942	-0.0006823643	1.256637e-07	0	0	0.770085	-0.6376942	-0.0006823643	2.7181766e-20	-1
0	0.770085	-0.6376942	-0.0006823643	0	0	0	0.770085	-0.6376942	-0.0006823643	2.7181804e-20	-1
0	0.770085	-0.6376942	-0.0006823643	-1.256637e-07	0	0	0.770085	-0.6376942	-0.0006823643	2.7181843e-20	-1
0	0.770085	-0.6376942	-0.0006823643	-2.513274e-07	0	0	0.770085	-0.6376942	-0.0006823643	2.7181882e-20	-1
0	0.770085	-0.6376942	-0.0006823643	-6.283185e-07	0	0	0.770085	-0.6376942	-0.0006823643	2.7181998e-20	-1
0	0.770085	-0.6376942	-0.0006823643	-1.256637e-06	0	0	0.770085	-0.6376942	-0.0006823643	2.7182192e-20	-1
0	0.770085	-0.6376942	-0.0006823643	-2.513274e-06	0	0	0.770085	-0.6376942	-0.0006823643	2.718258e-20	-1
0	0.770085	-0.6376942	-0.0006823643	-6.2831855e-06	0	0	0.770085	-0.6376942	-0.0006823643	2.7183737e-20	-1
0	0.770085	-0.6376942	-0.0006823643	-1.2566371e-05	0	0	0.770085	-0.6376942	-0.0006823643	2.718567e-20	-1
0	0.770085	-0.6376942	-0.0006823643	-2.5132742e-05	0	0	0.770085	-0.6376942	-0.0006823643	2.7189537e-20	-1
0	0.770085	-0.6376942	-0.0006823643	-6.283185e-05	0	0	0.770085	-0.6376942	-0.0006823643	2.720113e-20	-1
0	0.770085	-0.6376942	-0.0006823643	-0.0001256637	0	0	0.770085	-0.6376942	-0.0006823643	2.7220452e-20	-1
0	0.770085	-0.6376942	-0.0006823643	-0.0002513274	0	0	0.770085	-0.6376942	-0.0006823643	2.72591e-20	-1
0	0.7642635	-0.64465874	-0.00068237085	-0.0006283185	0	0	0.7642635	-0.64465874	-0.00068237085	2.7374237e-20	-1
0	0.7642635	-0.64465874	-0.00068237085	-0.0010053096	0	0	0.7642635	-0.64465874	-0.00068237085	2.7489302e-20	-1
0	0.7588068	-0.6510719	-0.0006821541	-0.001256637	0	0	0.7588068	-0.6510719	-0.0006821541	2.7565332e-20	-1
0	0.7531731	-0.65758026	-0.00068168715	-0.0018849556	0	0	0.7531731	-0.65758026	-0.00068168715	2.7755034e-20	-1
0	0.7473518	-0.6641881	-0.00068093033	-0.002513274	0	0	0.7473518	-0.6641881	-0.00068093033	2.7943302e-20	-1
0	0.7350843	-0.6777389	-0.0006783538	-0.0037699111	0	0	0.7350843	-0.6777389	-0.0006783538	2.8315316e-20	-1
0	0.70734394	-0.7066411	-0.0006670394	-0.0062831854	0	0	0.70734394	-0.7066411	-0.0006670394	2.9039594e-20	-1
0	0.66357785	-0.74789226	-0.00063147454	-0.009424778	0	0	0.66357785	-0.74789226	-0.00063147454	2.990096e-20	-1
0	0.59631485	-0.8025569	-0.00052885606	-0.012566371	0	0	0.59631485	-0.8025569	-0.00052885606	3.069549e-20	-1
0	-0.88135386	0.47217673	0.0006734618	-0.018849555	0	0	-0.88135386	0.47217673	0.0006734618	2.0923013e-20	-1
0	-0.9062164	0.4225245	0.00068987545	-0.025132742	0	0	-0.9062164	0.4225245	0.00068987545	1.8679336e-20	-1
0	-0.9439931	0.32964915	0.0007691874	-0.03769911	0	0	-0.9439931	0.32964915	0.0007691874	1.4030573e-20	-1
0	-0.9684891	0.24869496	0.00089999044	-0.050265484	0	0	-0.9684891	0.24869496	0.00089999044	9.2266504e-21	-1
0	-0.9825903	0.18535224	0.0010450731	-0.06283186	0	0	-0.9825903	0.18535224	0.0010450731	4.327278e-21	-1
0	-0.9825903	0.18535224	0.0010450731	-0.06283186	0	0	-0.9825903	0.18535224	0.0010450731	4.327278e-21	1
0	-0.9684901	0.24869081	0.00089999975	-0.050265484	0	0	-0.9684901	0.24869081	0.00089999975	9.226648e-21	1
0	-0.9439888	0.3296613	0.00076916814	-0.03769911	0	0	-0.9439888	0.3296613	0.00076916814	1.403057e-20	1
0	-0.90622365	0.42250872	0.0006898841	-0.025132742	0	0	-0.90622365	0.42250872	0.0006898841	1.8679334e-20	1
0	-0.88135386	0.4721768	0.00067345926	-0.018849555	0	0	-0.88135386	0.4721768	0.00067345926	2.0923012e-20	1
0	-0.8515279	0.52403873	0.00067044364	-0.012566371	0	0	-0.8515279	0.52403873	0.00067044364	2.309829e-20	1
0	-0.8343253	0.55100703	0.0006726899	-0.009424778	0	0	-0.8343253	0.55100703	0.0006726899	2.4156025e-20	1
0	-0.81524086	0.57886195	0.0006763574	-0.0062831854	0	0	-0.81524086	0.57886195	0.0006763574	2.5191026e-20	1
0	-0.7983458	0.6019441	0.0006794988	-0.0037699111	0	0	-0.7983458	0.6019441	0.0006794988	2.6000935e-20	1
0	-0.78926265	0.61380315	0.0006808484	-0.002513274	0	0	-0.78926265	0.61380315	0.0006808484	2.6399324e-20	1
0	-0.7845229	0.6198486	0.0006814099	-0.0018849556	0	0	-0.7845229	0.6198486	0.0006814099	2.6596778e-20	1
0	-0.77968466	0.62592244	0.00068186596	-0.001256637	0	0	-0.77968466	0.62592244	0.00068186596	2.679303e-20	1
0	-0.77968466	0.62592244	0.00068186596	-0.0010053096	0	0	-0.77968466	0.62592244	0.00068186596	2.6871287e-20	1
0	-0.7746986	0.6320822	0.0006821964	-0.0006283185	0	0	-0.7746986	0.6320822	0.0006821964	2.6988052e-20	1
0	-0.7746986	0.6320822	0.0006821964	-0.0002513274	0	0	-0.7746986	0.6320822	0.0006821964	2.7104686e-20	1
0	-0.7746986	0.6320822	0.0006821964	-0.0001256637	0	0	-0.7746986	0.6320822	0.0006821964	2.7143563e-20	1
0	-0.7700845	0.6376949	0.0006823642	-6.283185e-05	0	0	-0.7700845	0.6376949	0.0006823642	2.7162482e-20	1
0	-0.7700845	0.6376949	0.0006823642	-2.5132742e-05	0	0	-0.7700845	0.6376949	0.0006823642	2.7174075e-20	1
0	-0.7700845	0.6376949	0.0006823642	-1.2566371e-05	0	0	-0.7700845	0.6376949	0.0006823642	2.717794e-20	1
0	-0.7700845	0.6376949	0.0006823642	-6.2831855e-06	0	0	-0.7700845	0.6376949	0.0006823642	2.7179872e-20	1
0	-0.7700845	0.6376949	0.0006823642	-2.513274e-06	0	0	-0.7700845	0.6376949	0.0006823642	2.7181032e-20	1
0	-0.7700845	0.6376949	0.0006823642	-1.256637e-06	0	0	-0.7700845	0.6376949	0.0006823642	2.718142e-20	1
0	-0.7700845	0.6376949	0.0006823642	-6.283185e-07	0	0	-0.7700845	0.6376949	0.0006823642	2.7181614e-20	1
0	-0.7700845	0.6376949	0.0006823642	-2.513274e-07	0	0	-0.7700845	0.6376949	0.0006823642	2.718173e-20	1
0	-0.7700845	0.6376949	0.0006823642	-1.256637e-07	0	0	-0.7700845	0.6376949	0.0006823642	2.7181766e-20	1
0	-0.7700845	0.6376949	0.0006823642	0	0	0	-0.7700845	0.6376949	0.0006823642	2.7181804e-20	1
0	-0.7700845	0.6376949	0.0006823642	1.256637e-07	0	0	-0.7700845	0.6376949	0.0006823642	2.7181843e-20	1
0	-0.7700845	0.6376949	0.0006823642	2.513274e-07	0	0	-0.7700845	0.6376949	0.0006823642	2.7181882e-20	1
0	-0.7700845	0.6376949	0.0006823642	6.283185e-07	0	0	-0.7700845	0.6376949	0.0006823642	2.7181998e-20	1
0	-0.7700845	0.6376949	0.0006823642	1.256637e-06	0	0	-0.7700845	0.6376949	0.0006823642	2.7182192e-20	1
0	-0.7700845	0.6376949	0.0006823642	2.513274e-06	0	0	-0.7700845	0.6376949	0.0006823642	2.718258e-20	1
0	-0.7700845	0.6376949	0.0006823642	6.2831855e-06	0	0	-0.7700845	0.6376949	0.0006823642	2.7183737e-20	1
0	-0.7700845	0.6376949	0.0006823642	1.2566371e-05	0	0	-0.7700845	0.6376949	0.0006823642	2.718567e-20	1
0	-0.7700845	0.6376949	0.0006823642	2.5132742e-05	0	0	-0.7700845	0.6376949	0.0006823642	2.7189537e-20	1
0	-0.7700845	0.6376949	0.0006823642	6.283185e-05	0	0	-0.7700845	0.6376949	0.0006823642	2.720113e-20	1
0	-0.7700845	0.6376949	0.0006823642	0.0001256637	0	0	-0.7700845	0.6376949	0.0006823642	2.7220452e-20	1
0	-0.7700845	0.6376949	0.0006823642	0.0002513274	0	0	-0.7700845	0.6376949	0.0006823642	2.72591e-20	1
0	-0.76427233	0.6446482	0.0006823713	0.0006283185	0	0	-0.76427233	0.6446482	0.0006823713	2.737424e-20	1
0	-0.76427233	0.6446482	0.0006823713	0.0010053096	0	0	-0.76427233	0.6446482	0.0006823713	2.7489306e-20	1
0	-0.7588171	0.65106	0.000682155	0.001256637	0	0	-0.7588171	0.65106	0.000682155	2.7565332e-20	1
0	-0.7531897	0.6575612	0.00068168994	0.0018849556	0	0	-0.7531897	0.6575612	0.00068168994	2.7755037e-20	1
0	-0.74736357	0.6641748	0.0006809336	0.002513274	0	0	-0.74736357	0.6641748	0.0006809336	2.7943302e-20	1
0	-0.7350645	0.67776036	0.000678347	0.0037699111	0	0	-0.7350645	0.67776036	0.000678347	2.8315316e-20	1
0	-0.7073431	0.7066419	0.00066703884	0.0062831854	0	0	-0.7073431	0.7066419	0.00066703884	2.9039594e-20	1
0	-0.6635786	0.74789155	0.0006314755	0.009424778	0	0	-0.6635786	0.74789155	0.0006314755	2.990096e-20	1
0	-0.59627676	0.80258524	0.00052877906	0.012566371	0	0	-0.59627676	0.80258524	0.00052877906	3.069549e-20	1
0	0.8366841	0.547392	-0.005178651	0.018849555	0	0	0.8366841	0.547392	-0.005178651	2.2084906e-20	1
0	0.90763056	0.4194501	-0.004354246	0.025132742	0	0	0.90763056	0.4194501	-0.004354246	1.9902586e-20	1
0	0.94399583	-0.3296413	-0.0007691949	0.03769911	0	0	0.94399583	-0.3296413	-0.0007691949	1.4030566e-20	1
0	0.9684888	-0.24869615	-0.0008999874	0.050265484	0	0	0.9684888	-0.24869615	-0.0008999874	9.226647e-21	1
0	0.9825908	-0.18534957	-0.0010450804	0.06283186	0	0	0.9825908	-0.18534957	-0.0010450804	4.3272774e-21	1
