# t (s)	mx ()	my ()	mz ()	B_extx (T)	B_exty (T)	B_extz (T)	mx ()	my ()	mz ()	E_total (J)	branch ()
0	0.99630773	0.085003465	-0.0035073394	0.06283186	0	0	0.99630773	0.085003465	-0.0035073394	2.6231097e-21	-1
0	0.9951766	0.097338125	-0.0035642127	0.050265484	0	0	0.9951766	0.097338125	-0.0035642127	7.620436e-21	-1
0	0.99344456	0.11364287	-0.003626467	0.03769911	0	0	0.99344456	0.11364287	-0.003626467	1.2610713e-20	-1
0	0.9906199	0.13606228	-0.0036930188	0.025132742	0	0	0.9906199	0.13606228	-0.0036930188	1.7589849e-20	-1
0	0.9884987	0.15068868	-0.0037263273	0.018849555	0	0	0.9884987	0.15068868	-0.0037263273	2.0073037e-20	-1
0	0.98560387	0.16857244	-0.0037574566	0.012566371	0	0	0.98560387	0.16857244	-0.0037574566	2.2549992e-20	-1
0	0.9837464	0.17908525	-0.0037711174	0.009424778	0	0	0.9837464	0.17908525	-0.0037711174	2.3785423e-20	-1
0	0.9815209	0.19089733	-0.0037825438	0.0062831854	0	0	0.9815209	0.19089733	-0.0037825438	2.5018304e-20	-1
0	0.9794068	0.20145497	-0.003789345	0.0037699111	0	0	0.9794068	0.20145497	-0.003789345	2.6002426e-20	-1
0	0.9782131	0.20716918	-0.003791703	0.002513274	0	0	0.9782131	0.20716918	-0.003791703	2.6493645e-20	-1
0	0.97757983	0.21013504	-0.0037925392	0.0018849556	0	0	0.97757983	0.21013504	-0.0037925392	2.6739022e-20	-1
0	0.9769176	0.21318984	-0.0037932075	0.001256637	0	0	0.9769176	0.21318984	-0.0037932075	2.6984237e-20	-1
0	0.9769176	0.21318984	-0.0037932075	0.0010053096	0	0	0.9769176	0.21318984	-0.0037932075	2.708229e-20	-1
0	0.9762268	0.21632883	-0.003793585	0.0006283185	0	0	0.9762268	0.21632883	-0.003793585	2.7229287e-20	-1
0	0.9757985	0.2182512	-0.0037936845	0.0002513274	0	0	0.9757985	0.2182512	-0.0037936845	2.737623e-20	-1
0	0.9757985	0.2182512	-0.0037936845	0.0001256637	0	0	0.9757985	0.2182512	-0.0037936845	2.7425202e-20	-1
0	0.9757985	0.2182512	-0.0037936845	6.283185e-05	0	0	0.9757985	0.2182512	-0.0037936845	2.7449688e-20	-1
0	0.9757985	0.2182512	-0.0037936845	2.5132742e-05	0	0	0.9757985	0.2182512	-0.0037936845	2.7464377e-20	-1
0	0.9757985	0.2182512	-0.0037936845	1.2566371e-05	0	0	0.9757985	0.2182512	-0.0037936845	2.7469276e-20	-1
0	0.9757985	0.2182512	-0.0037936845	6.2831855e-06	0	0	0.9757985	0.2182512	-0.0037936845	2.7471725e-20	-1
0	0.9757985	0.2182512	-0.0037936845	2.513274e-06	0	0	0.9757985	0.2182512	-0.0037936845	2.7473192e-20	-1
0	0.9757985	0.2182512	-0.0037936845	1.256637e-06	0	0	0.9757985	0.2182512	-0.0037936845	2.7473683e-20	-1
0	0.9757985	0.2182512	-0.0037936845	6.283185e-07	0	0	0.9757985	0.2182512	-0.0037936845	2.747393e-20	-1
0	0.9757985	0.2182512	-0.0037936845	2.513274e-07	0	0	0.9757985	0.2182512	-0.0037936845	2.7474074e-20	-1
0	0.9757985	0.2182512	-0.0037936845	1.256637e-07	0	0	0.9757985	0.2182512	-0.0037936845	2.7474122e-20	-1
0	0.9757985	0.2182512	-0.0037936845	0	0	0	0.9757985	0.2182512	-0.0037936845	2.747417e-20	-1
0	0.9757985	0.2182512	-0.0037936845	-1.256637e-07	0	0	0.9757985	0.2182512	-0.0037936845	2.7474222e-20	-1
0	0.9757985	0.2182512	-0.0037936845	-2.513274e-07	0	0	0.9757985	0.2182512	-0.0037936845	2.747427e-20	-1
0	0.9757985	0.2182512	-0.0037936845	-6.283185e-07	0	0	0.9757985	0.2182512	-0.0037936845	2.7474416e-20	-1
0	0.9757985	0.2182512	-0.0037936845	-1.256637e-06	0	0	0.9757985	0.2182512	-0.0037936845	2.7474662e-20	-1
0	0.9757985	0.2182512	-0.0037936845	-2.513274e-06	0	0	0.9757985	0.2182512	-0.0037936845	2.7475153e-20	-1
0	0.9757985	0.2182512	-0.0037936845	-6.2831855e-06	0	0	0.9757985	0.2182512	-0.0037936845	2.747662e-20	-1
0	0.9757985	0.2182512	-0.0037936845	-1.2566371e-05	0	0	0.9757985	0.2182512	-0.0037936845	2.747907e-20	-1
0	0.9757985	0.2182512	-0.0037936845	-2.5132742e-05	0	0	0.9757985	0.2182512	-0.0037936845	2.7483968e-20	-1
0	0.97543335	0.21987648	-0.0037937008	-6.283185e-05	0	0	0.97543335	0.21987648	-0.0037937008	2.7498634e-20	-1
0	0.9753574	0.2202128	-0.00379369	-0.0001256637	0	0	0.9753574	0.2202128	-0.00379369	2.752311e-20	-1
0	0.9753574	0.2202128	-0.00379369	-0.0002513274	0	0	0.9753574	0.2202128	-0.00379369	2.757206e-20	-1
0	0.9747514	0.22287787	-0.0037935174	-0.0006283185	0	0	0.9747514	0.22287787	-0.0037935174	2.7718842e-20	-1
0	0.97428334	0.2249136	-0.0037932598	-0.0010053096	0	0	0.97428334	0.2249136	-0.0037932598	2.7865556e-20	-1
0	0.97428334	0.2249136	-0.0037932598	-0.001256637	0	0	0.97428334	0.2249136	-0.0037932598	2.7963348e-20	-1
0	0.9731363	0.2298221	-0.003792165	-0.0018849556	0	0	0.9731363	0.2298221	-0.003792165	2.820762e-20	-1
0	0.9722698	0.23345828	-0.0037909327	-0.002513274	0	0	0.9722698	0.23345828	-0.0037909327	2.8451698e-20	-1
0	0.97040844	0.24107274	-0.0037872046	-0.0037699111	0	0	0.97040844	0.24107274	-0.0037872046	2.8939175e-20	-1
0	0.96606755	0.25790727	-0.0037734765	-0.0062831854	0	0	0.96606755	0.25790727	-0.0037734765	2.9911067e-20	-1
0	0.95911443	0.28265423	-0.003739817	-0.009424778	0	0	0.95911443	0.28265423	-0.003739817	3.1118977e-20	-1
0	0.94954383	0.31328705	-0.0036763414	-0.012566371	0	0	0.94954383	0.31328705	-0.0036763414	3.2316648e-20	-1
0	0.9094103	0.4155895	-0.0032965064	-0.018849555	0	0	0.9094103	0.4155895	-0.0032965064	3.4658958e-20	-1
0	-0.99061906	-0.13606879	0.0036930048	-0.025132742	0	0	-0.99061906	-0.13606879	0.0036930048	1.7589852e-20	-1
0	-0.99344444	-0.11364427	0.0036264714	-0.03769911	0	0	-0.99344444	-0.11364427	0.0036264714	1.2610716e-20	-1
0	-0.9951763	-0.09734151	0.003564221	-0.050265484	0	0	-0.9951763	-0.09734151	0.003564221	7.6204345e-21	-1
0	-0.9963077	-0.0850038	0.0035073399	-0.06283186	0	0	-0.9963077	-0.0850038	0.0035073399	2.623111e-21	-1
0	-0.9963077	-0.0850038	0.0035073399	-0.06283186	0	0	-0.9963077	-0.0850038	0.0035073399	2.623111e-21	1
0	-0.9951765	-0.09733969	0.0035642162	-0.050265484	0	0	-0.9951765	-0.09733969	0.0035642162	7.620435e-21	1
0	-0.99344444	-0.113643505	0.0036264742	-0.03769911	0	0	-0.99344444	-0.113643505	0.0036264742	1.2610717e-20	1
0	-0.99062	-0.13606156	0.0036929941	-0.025132742	0	0	-0.99062	-0.13606156	0.0036929941	1.7589854e-20	1
0	-0.98849833	-0.15069088	0.0037263269	-0.018849555	0	0	-0.98849833	-0.15069088	0.0037263269	2.0073032e-20	1
0	-0.9856031	-0.1685771	0.00375746	-0.012566371	0	0	-0.9856031	-0.1685771	0.00375746	2.2549992e-20	1
0	-0.98374546	-0.17909077	0.0037711188	-0.009424778	0	0	-0.98374546	-0.17909077	0.0037711188	2.3785423e-20	1
0	-0.9815202	-0.19090089	0.0037825413	-0.0062831854	0	0	-0.9815202	-0.19090089	0.0037825413	2.5018307e-20	1
0	-0.97940505	-0.20146307	0.0037893453	-0.0037699111	0	0	-0.97940505	-0.20146307	0.0037893453	2.6002424e-20	1
0	-0.9782137	-0.20716628	0.0037917034	-0.002513274	0	0	-0.9782137	-0.20716628	0.0037917034	2.6493645e-20	1
0	-0.9775789	-0.21013947	0.003792569	-0.0018849556	0	0	-0.9775789	-0.21013947	0.003792569	2.6739024e-20	1
0	-0.97691774	-0.21318954	0.0037932051	-0.001256637	0	0	-0.97691774	-0.21318954	0.0037932051	2.698424e-20	1
0	-0.97691774	-0.21318954	0.0037932051	-0.0010053096	0	0	-0.97691774	-0.21318954	0.0037932051	2.7082294e-20	1
0	-0.976226	-0.21633278	0.0037935874	-0.0006283185	0	0	-0.976226	-0.21633278	0.0037935874	2.7229287e-20	1
0	-0.9757978	-0.2182543	0.0037936866	-0.0002513274	0	0	-0.9757978	-0.2182543	0.0037936866	2.7376227e-20	1
0	-0.9757978	-0.2182543	0.0037936866	-0.0001256637	0	0	-0.9757978	-0.2182543	0.0037936866	2.74252e-20	1
0	-0.9757978	-0.2182543	0.0037936866	-6.283185e-05	0	0	-0.9757978	-0.2182543	0.0037936866	2.7449685e-20	1
0	-0.9757978	-0.2182543	0.0037936866	-2.5132742e-05	0	0	-0.9757978	-0.2182543	0.0037936866	2.7464377e-20	1
0	-0.9757978	-0.2182543	0.0037936866	-1.2566371e-05	0	0	-0.9757978	-0.2182543	0.0037936866	2.7469272e-20	1
0	-0.9757978	-0.2182543	0.0037936866	-6.2831855e-06	0	0	-0.9757978	-0.2182543	0.0037936866	2.747172e-20	1
0	-0.9757978	-0.2182543	0.0037936866	-2.513274e-06	0	0	-0.9757978	-0.2182543	0.0037936866	2.7473192e-20	1
0	-0.9757978	-0.2182543	0.0037936866	-1.256637e-06	0	0	-0.9757978	-0.2182543	0.0037936866	2.747368e-20	1
0	-0.9757978	-0.2182543	0.0037936866	-6.283185e-07	0	0	-0.9757978	-0.2182543	0.0037936866	2.7473925e-20	1
0	-0.9757978	-0.2182543	0.0037936866	-2.513274e-07	0	0	-0.9757978	-0.2182543	0.0037936866	2.747407e-20	1
0	-0.9757978	-0.2182543	0.0037936866	-1.256637e-07	0	0	-0.9757978	-0.2182543	0.0037936866	2.7474122e-20	1
0	-0.9757978	-0.2182543	0.0037936866	0	0	0	-0.9757978	-0.2182543	0.0037936866	2.747417e-20	1
0	-0.9757978	-0.2182543	0.0037936866	1.256637e-07	0	0	-0.9757978	-0.2182543	0.0037936866	2.747422e-20	1
0	-0.9757978	-0.2182543	0.0037936866	2.513274e-07	0	0	-0.9757978	-0.2182543	0.0037936866	2.7474268e-20	1
0	-0.9757978	-0.2182543	0.0037936866	6.283185e-07	0	0	-0.9757978	-0.2182543	0.0037936866	2.7474413e-20	1
0	-0.9757978	-0.2182543	0.0037936866	1.256637e-06	0	0	-0.9757978	-0.2182543	0.0037936866	2.747466e-20	1
0	-0.9757978	-0.2182543	0.0037936866	2.513274e-06	0	0	-0.9757978	-0.2182543	0.0037936866	2.747515e-20	1
0	-0.9757978	-0.2182543	0.0037936866	6.2831855e-06	0	0	-0.9757978	-0.2182543	0.0037936866	2.747662e-20	1
0	-0.9757978	-0.2182543	0.0037936866	1.2566371e-05	0	0	-0.9757978	-0.2182543	0.0037936866	2.7479066e-20	1
0	-0.9757978	-0.2182543	0.0037936866	2.5132742e-05	0	0	-0.9757978	-0.2182543	0.0037936866	2.7483964e-20	1
0	-0.9754318	-0.21988316	0.003793698	6.283185e-05	0	0	-0.9754318	-0.21988316	0.003793698	2.7498634e-20	1
0	-0.9754318	-0.21988316	0.003793698	0.0001256637	0	0	-0.9754318	-0.21988316	0.003793698	2.752311e-20	1
0	-0.97520924	-0.22086735	0.0037936675	0.0002513274	0	0	-0.97520924	-0.22086735	0.0037936675	2.7572053e-20	1
0	-0.97475123	-0.22287875	0.003793518	0.0006283185	0	0	-0.97475123	-0.22287875	0.003793518	2.7718845e-20	1
0	-0.974282	-0.22491941	0.0037932552	0.0010053096	0	0	-0.974282	-0.22491941	0.0037932552	2.786556e-20	1
0	-0.974282	-0.22491941	0.0037932552	0.001256637	0	0	-0.974282	-0.22491941	0.0037932552	2.7963348e-20	1
0	-0.97313607	-0.22982308	0.0037921534	0.0018849556	0	0	-0.97313607	-0.22982308	0.0037921534	2.820762e-20	1
0	-0.9722711	-0.23345271	0.003790935	0.002513274	0	0	-0.9722711	-0.23345271	0.003790935	2.8451698e-20	1
0	-0.9704093	-0.24106927	0.0037872072	0.0037699111	0	0	-0.9704093	-0.24106927	0.0037872072	2.8939172e-20	1
0	-0.9660673	-0.25790823	0.0037734741	0.0062831854	0	0	-0.9660673	-0.25790823	0.0037734741	2.9911067e-20	1
0	-0.9591161	-0.2826485	0.0037398292	0.009424778	0	0	-0.9591161	-0.2826485	0.0037398292	3.1118977e-20	1
0	-0.9495368	-0.31330854	0.0036762827	0.012566371	0	0	-0.9495368	-0.31330854	0.0036762827	3.2316648e-20	1
0	-0.90940136	-0.415609	0.0032964079	0.018849555	0	0	-0.90940136	-0.415609	0.0032964079	3.4658955e-20	1
0	0.9906194	0.13606606	-0.0036930006	0.025132742	0	0	0.9906194	0.13606606	-0.0036930006	1.758985e-20	1
0	0.9934439	0.113648236	-0.0036264798	0.03769911	0	0	0.9934439	0.113648236	-0.0036264798	1.2610716e-20	1
0	0.9951763	0.09734167	-0.003564225	0.050265484	0	0	0.9951763	0.09734167	-0.003564225	7.620436e-21	1
0	0.9963076	0.08500485	-0.0035073431	0.06283186	0	0	0.9963076	0.08500485	-0.0035073431	2.623113e-21	1
