# t (s)	mx ()	my ()	mz ()	B_extx (T)	B_exty (T)	B_extz (T)	mx ()	my ()	mz ()	E_total (J)	branch ()
0	0.9998892	0.006868531	0.0068259174	0.06283186	0	0	0.9998892	0.006868531	0.0068259174	3.0361858e-21	-1
0	0.99988055	0.007890555	0.0068782787	0.050265484	0	0	0.99988055	0.007890555	0.0068782787	8.054115e-21	-1
0	0.99986756	0.009269251	0.006931057	0.03769911	0	0	0.99986756	0.009269251	0.006931057	1.30719926e-20	-1
0	0.99984634	0.011231793	0.0069839694	0.025132742	0	0	0.99984634	0.011231793	0.0069839694	1.8089786e-20	-1
0	0.99982995	0.0125585105	0.0070103006	0.018849555	0	0	0.99982995	0.0125585105	0.0070103006	2.0598631e-20	-1
0	0.99980676	0.014246729	0.0070363637	0.012566371	0	0	0.99980676	0.014246729	0.0070363637	2.3107434e-20	-1
0	0.99979126	0.0152734155	0.007049218	0.009424778	0	0	0.99979126	0.0152734155	0.007049218	2.4361805e-20	-1
0	0.99977237	0.016443942	0.0070619183	0.0062831854	0	0	0.99977237	0.016443942	0.0070619183	2.561616e-20	-1
0	0.9997536	0.017540041	0.0070718834	0.0037699111	0	0	0.9997536	0.017540041	0.0070718834	2.6619624e-20	-1
0	0.9997427	0.018140063	0.0070768194	0.002513274	0	0	0.9997427	0.018140063	0.0070768194	2.7121346e-20	-1
0	0.9997369	0.018453848	0.007079236	0.0018849556	0	0	0.9997369	0.018453848	0.007079236	2.7372205e-20	-1
0	0.99973077	0.018781057	0.007081656	0.001256637	0	0	0.99973077	0.018781057	0.007081656	2.7623066e-20	-1
0	0.99973077	0.018781057	0.007081656	0.0010053096	0	0	0.99973077	0.018781057	0.007081656	2.772341e-20	-1
0	0.9997242	0.019120982	0.0070840605	0.0006283185	0	0	0.9997242	0.019120982	0.0070840605	2.7873922e-20	-1
0	0.9997202	0.01932811	0.007085481	0.0002513274	0	0	0.9997202	0.01932811	0.007085481	2.8024433e-20	-1
0	0.9997202	0.01932811	0.007085481	0.0001256637	0	0	0.9997202	0.01932811	0.007085481	2.8074604e-20	-1
0	0.9997202	0.01932811	0.007085481	6.283185e-05	0	0	0.9997202	0.01932811	0.007085481	2.8099687e-20	-1
0	0.9997202	0.01932811	0.007085481	2.5132742e-05	0	0	0.9997202	0.01932811	0.007085481	2.811474e-20	-1
0	0.9997202	0.01932811	0.007085481	1.2566371e-05	0	0	0.9997202	0.01932811	0.007085481	2.8119756e-20	-1
0	0.9997202	0.01932811	0.007085481	6.2831855e-06	0	0	0.9997202	0.01932811	0.007085481	2.8122267e-20	-1
0	0.9997202	0.01932811	0.007085481	2.513274e-06	0	0	0.9997202	0.01932811	0.007085481	2.812377e-20	-1
0	0.9997202	0.01932811	0.007085481	1.256637e-06	0	0	0.9997202	0.01932811	0.007085481	2.8124273e-20	-1
0	0.9997202	0.01932811	0.007085481	6.283185e-07	0	0	0.9997202	0.01932811	0.007085481	2.8124522e-20	-1
0	0.9997202	0.01932811	0.007085481	2.513274e-07	0	0	0.9997202	0.01932811	0.007085481	2.8124674e-20	-1
0	0.9997202	0.01932811	0.007085481	1.256637e-07	0	0	0.9997202	0.01932811	0.007085481	2.8124722e-20	-1
0	0.9997202	0.01932811	0.007085481	0	0	0	0.9997202	0.01932811	0.007085481	2.8124774e-20	-1
0	0.9997202	0.01932811	0.007085481	-1.256637e-07	0	0	0.9997202	0.01932811	0.007085481	2.8124826e-20	-1
0	0.9997202	0.01932811	0.007085481	-2.513274e-07	0	0	0.9997202	0.01932811	0.007085481	2.8124874e-20	-1
0	0.9997202	0.01932811	0.007085481	-6.283185e-07	0	0	0.9997202	0.01932811	0.007085481	2.8125026e-20	-1
0	0.9997202	0.01932811	0.007085481	-1.256637e-06	0	0	0.9997202	0.01932811	0.007085481	2.8125275e-20	-1
0	0.9997202	0.01932811	0.007085481	-2.513274e-06	0	0	0.9997202	0.01932811	0.007085481	2.812578e-20	-1
0	0.9997202	0.01932811	0.007085481	-6.2831855e-06	0	0	0.9997202	0.01932811	0.007085481	2.812728e-20	-1
0	0.9997202	0.01932811	0.007085481	-1.2566371e-05	0	0	0.9997202	0.01932811	0.007085481	2.8129792e-20	-1
0	0.9997202	0.01932811	0.007085481	-2.5132742e-05	0	0	0.9997202	0.01932811	0.007085481	2.8134807e-20	-1
0	0.99971664	0.019508444	0.007086657	-6.283185e-05	0	0	0.99971664	0.019508444	0.007086657	2.814986e-20	-1
0	0.99971664	0.019508444	0.007086657	-0.0001256637	0	0	0.99971664	0.019508444	0.007086657	2.8174948e-20	-1
0	0.99971664	0.019508444	0.007086657	-0.0002513274	0	0	0.99971664	0.019508444	0.007086657	2.8225118e-20	-1
0	0.9997103	0.019828007	0.007088828	-0.0006283185	0	0	0.9997103	0.019828007	0.007088828	2.8375633e-20	-1
0	0.9997056	0.020063007	0.007090224	-0.0010053096	0	0	0.9997056	0.020063007	0.007090224	2.852614e-20	-1
0	0.9997056	0.020063007	0.007090224	-0.001256637	0	0	0.9997056	0.020063007	0.007090224	2.8626482e-20	-1
0	0.9996946	0.020598494	0.0070935013	-0.0018849556	0	0	0.9996946	0.020598494	0.0070935013	2.8877334e-20	-1
0	0.9996861	0.021002712	0.007095811	-0.002513274	0	0	0.9996861	0.021002712	0.007095811	2.912818e-20	-1
0	0.9996673	0.021875974	0.007100332	-0.0037699111	0	0	0.9996673	0.021875974	0.007100332	2.9629865e-20	-1
0	0.9996222	0.023833217	0.007109074	-0.0062831854	0	0	0.9996222	0.023833217	0.007109074	3.0633212e-20	-1
0	0.9995463	0.026818043	0.0071189897	-0.009424778	0	0	0.9995463	0.026818043	0.0071189897	3.188732e-20	-1
0	0.99943507	0.03067647	0.007127365	-0.012566371	0	0	0.99943507	0.03067647	0.007127365	3.3141314e-20	-1
0	0.99897647	0.0430794	0.007134402	-0.018849555	0	0	0.99897647	0.0430794	0.007134402	3.5648664e-20	-1
0	0.99727046	0.0725155	0.0070968773	-0.025132742	0	0	0.99727046	0.0725155	0.0070968773	3.815376e-20	-1
0	-0.99986756	-0.009268865	-0.0069310586	-0.03769911	0	0	-0.99986756	-0.009268865	-0.0069310586	1.3071991e-20	-1
0	-0.99988055	-0.007890704	-0.006878279	-0.050265484	0	0	-0.99988055	-0.007890704	-0.006878279	8.054115e-21	-1
0	-0.9998892	-0.0068686563	-0.006825916	-0.06283186	0	0	-0.9998892	-0.0068686563	-0.006825916	3.0361878e-21	-1
0	-0.9998892	-0.006868719	-0.006825915	-0.06283186	0	0	-0.9998892	-0.006868719	-0.006825915	3.0361858e-21	1
0	-0.99988055	-0.007890152	-0.006878279	-0.050265484	0	0	-0.99988055	-0.007890152	-0.006878279	8.054116e-21	1
0	-0.9998676	-0.009268727	-0.0069310553	-0.03769911	0	0	-0.9998676	-0.009268727	-0.0069310553	1.3071991e-20	1
0	-0.99984634	-0.01123222	-0.0069839675	-0.025132742	0	0	-0.99984634	-0.01123222	-0.0069839675	1.8089786e-20	1
0	-0.99982995	-0.012556195	-0.0070103034	-0.018849555	0	0	-0.99982995	-0.012556195	-0.0070103034	2.0598634e-20	1
0	-0.9998067	-0.014248708	-0.00703636	-0.012566371	0	0	-0.9998067	-0.014248708	-0.00703636	2.3107433e-20	1
0	-0.99979126	-0.015272249	-0.0070492118	-0.009424778	0	0	-0.99979126	-0.015272249	-0.0070492118	2.4361807e-20	1
0	-0.9997722	-0.01645747	-0.0070618996	-0.0062831854	0	0	-0.9997722	-0.01645747	-0.0070618996	2.561616e-20	1
0	-0.9997535	-0.017545361	-0.007071875	-0.0037699111	0	0	-0.9997535	-0.017545361	-0.007071875	2.6619624e-20	1
0	-0.99974275	-0.018137539	-0.0070768013	-0.002513274	0	0	-0.99974275	-0.018137539	-0.0070768013	2.7121346e-20	1
0	-0.9997368	-0.018458128	-0.007079237	-0.0018849556	0	0	-0.9997368	-0.018458128	-0.007079237	2.7372208e-20	1
0	-0.9997307	-0.018784357	-0.0070816544	-0.001256637	0	0	-0.9997307	-0.018784357	-0.0070816544	2.7623066e-20	1
0	-0.9997307	-0.018784357	-0.0070816544	-0.0010053096	0	0	-0.9997307	-0.018784357	-0.0070816544	2.772341e-20	1
0	-0.99972427	-0.019117145	-0.007084065	-0.0006283185	0	0	-0.99972427	-0.019117145	-0.007084065	2.7873922e-20	1
0	-0.9997201	-0.019332271	-0.007085493	-0.0002513274	0	0	-0.9997201	-0.019332271	-0.007085493	2.8024433e-20	1
0	-0.9997201	-0.019332271	-0.007085493	-0.0001256637	0	0	-0.9997201	-0.019332271	-0.007085493	2.8074604e-20	1
0	-0.9997201	-0.019332271	-0.007085493	-6.283185e-05	0	0	-0.9997201	-0.019332271	-0.007085493	2.8099687e-20	1
0	-0.9997201	-0.019332271	-0.007085493	-2.5132742e-05	0	0	-0.9997201	-0.019332271	-0.007085493	2.811474e-20	1
0	-0.9997201	-0.019332271	-0.007085493	-1.2566371e-05	0	0	-0.9997201	-0.019332271	-0.007085493	2.8119756e-20	1
0	-0.9997201	-0.019332271	-0.007085493	-6.2831855e-06	0	0	-0.9997201	-0.019332271	-0.007085493	2.8122267e-20	1
0	-0.9997201	-0.019332271	-0.007085493	-2.513274e-06	0	0	-0.9997201	-0.019332271	-0.007085493	2.812377e-20	1
0	-0.9997201	-0.019332271	-0.007085493	-1.256637e-06	0	0	-0.9997201	-0.019332271	-0.007085493	2.8124273e-20	1
0	-0.9997201	-0.019332271	-0.007085493	-6.283185e-07	0	0	-0.9997201	-0.019332271	-0.007085493	2.8124522e-20	1
0	-0.9997201	-0.019332271	-0.007085493	-2.513274e-07	0	0	-0.9997201	-0.019332271	-0.007085493	2.8124674e-20	1
0	-0.9997201	-0.019332271	-0.007085493	-1.256637e-07	0	0	-0.9997201	-0.019332271	-0.007085493	2.8124722e-20	1
0	-0.9997201	-0.019332271	-0.007085493	0	0	0	-0.9997201	-0.019332271	-0.007085493	2.8124774e-20	1
0	-0.9997201	-0.019332271	-0.007085493	1.256637e-07	0	0	-0.9997201	-0.019332271	-0.007085493	2.8124826e-20	1
0	-0.9997201	-0.019332271	-0.007085493	2.513274e-07	0	0	-0.9997201	-0.019332271	-0.007085493	2.8124874e-20	1
0	-0.9997201	-0.019332271	-0.007085493	6.283185e-07	0	0	-0.9997201	-0.019332271	-0.007085493	2.8125026e-20	1
0	-0.9997201	-0.019332271	-0.007085493	1.256637e-06	0	0	-0.9997201	-0.019332271	-0.007085493	2.8125275e-20	1
0	-0.9997201	-0.019332271	-0.007085493	2.513274e-06	0	0	-0.9997201	-0.019332271	-0.007085493	2.812578e-20	1
0	-0.9997201	-0.019332271	-0.007085493	6.2831855e-06	0	0	-0.9997201	-0.019332271	-0.007085493	2.812728e-20	1
0	-0.9997201	-0.019332271	-0.007085493	1.2566371e-05	0	0	-0.9997201	-0.019332271	-0.007085493	2.8129792e-20	1
0	-0.9997201	-0.019332271	-0.007085493	2.5132742e-05	0	0	-0.9997201	-0.019332271	-0.007085493	2.8134807e-20	1
0	-0.99971664	-0.019508056	-0.007086685	6.283185e-05	0	0	-0.99971664	-0.019508056	-0.007086685	2.8149864e-20	1
0	-0.99971664	-0.019508056	-0.007086685	0.0001256637	0	0	-0.99971664	-0.019508056	-0.007086685	2.8174948e-20	1
0	-0.99971664	-0.019508056	-0.007086685	0.0002513274	0	0	-0.99971664	-0.019508056	-0.007086685	2.822512e-20	1
0	-0.99971014	-0.019836627	-0.0070888144	0.0006283185	0	0	-0.99971014	-0.019836627	-0.0070888144	2.8375626e-20	1
0	-0.9997057	-0.020059478	-0.0070902333	0.0010053096	0	0	-0.9997057	-0.020059478	-0.0070902333	2.8526144e-20	1
0	-0.9997057	-0.020059478	-0.0070902333	0.001256637	0	0	-0.9997057	-0.020059478	-0.0070902333	2.8626485e-20	1
0	-0.99969447	-0.020604614	-0.0070934873	0.0018849556	0	0	-0.99969447	-0.020604614	-0.0070934873	2.887733e-20	1
0	-0.999686	-0.021010451	-0.007095797	0.002513274	0	0	-0.999686	-0.021010451	-0.007095797	2.912818e-20	1
0	-0.9996675	-0.02186577	-0.007100343	0.0037699111	0	0	-0.9996675	-0.02186577	-0.007100343	2.9629868e-20	1
0	-0.99962246	-0.023823736	-0.0071090274	0.0062831854	0	0	-0.99962246	-0.023823736	-0.0071090274	3.0633212e-20	1
0	-0.99954605	-0.026829712	-0.007118971	0.009424778	0	0	-0.99954605	-0.026829712	-0.007118971	3.1887318e-20	1
0	-0.99943507	-0.030674212	-0.0071273698	0.012566371	0	0	-0.99943507	-0.030674212	-0.0071273698	3.314131e-20	1
0	-0.9989755	-0.043101896	-0.0071343584	0.018849555	0	0	-0.9989755	-0.043101896	-0.0071343584	3.5648664e-20	1
0	-0.99726546	-0.07258377	-0.0070966985	0.025132742	0	0	-0.99726546	-0.07258377	-0.0070966985	3.8153757e-20	1
0	0.99986756	0.009270987	0.0069310553	0.03769911	0	0	0.99986756	0.009270987	0.0069310553	1.30719926e-20	1
0	0.99988055	0.007891161	0.006878279	0.050265484	0	0	0.99988055	0.007891161	0.006878279	8.054115e-21	1
0	0.9998892	0.0068688826	0.0068259146	0.06283186	0	0	0.9998892	0.0068688826	0.0068259146	3.0361858e-21	1
