# t (s)	mx ()	my ()	mz ()	B_extx (T)	B_exty (T)	B_extz (T)	mx ()	my ()	mz ()	E_total (J)	branch ()
0	0.03755687	0.9992281	-0.0013737837	0	0.06283186	0	0.03755687	0.9992281	-0.0013737837	4.598137e-21	-1
0	0.04452935	0.9989407	-0.0013822926	0	0.050265484	0	0.04452935	0.9989407	-0.0013822926	9.612106e-21	-1
0	0.054606944	0.9984393	-0.0013893254	0	0.03769911	0	0.054606944	0.9984393	-0.0013893254	1.4624162e-20	-1
0	0.07035962	0.99745154	-0.0013930509	0	0.025132742	0	0.07035962	0.99745154	-0.0013930509	1.9632668e-20	-1
0	0.08205637	0.9965564	-0.0013922795	0	0.018849555	0	0.08205637	0.9965564	-0.0013922795	2.2134482e-20	-1
0	0.09815952	0.9950979	-0.00138797	0	0.012566371	0	0.09815952	0.9950979	-0.00138797	2.4633424e-20	-1
0	0.10870625	0.99399996	-0.0013835798	0	0.009424778	0	0.10870625	0.99399996	-0.0013835798	2.5881242e-20	-1
0	0.12166017	0.9924965	-0.0013767974	0	0.0062831854	0	0.12166017	0.9924965	-0.0013767974	2.7127453e-20	-1
0	0.13435984	0.99085575	-0.0013688942	0	0.0037699111	0	0.13435984	0.99085575	-0.0013688942	2.8122832e-20	-1
0	0.14170751	0.98983085	-0.0013637972	0	0.002513274	0	0.14170751	0.98983085	-0.0013637972	2.8619845e-20	-1
0	0.14570151	0.9892503	-0.0013608744	0	0.0018849556	0	0.14570151	0.9892503	-0.0013608744	2.8868145e-20	-1
0	0.14989237	0.9886235	-0.0013577025	0	0.001256637	0	0.14989237	0.9886235	-0.0013577025	2.91163e-20	-1
0	0.14989237	0.9886235	-0.0013577025	0	0.0010053096	0	0.14989237	0.9886235	-0.0013577025	2.9215525e-20	-1
0	0.15438154	0.98793185	-0.001354177	0	0.0006283185	0	0.15438154	0.98793185	-0.001354177	2.936428e-20	-1
0	0.15714508	0.9874958	-0.0013519817	0	0.0002513274	0	0.15714508	0.9874958	-0.0013519817	2.951299e-20	-1
0	0.15714508	0.9874958	-0.0013519817	0	0.0001256637	0	0.15714508	0.9874958	-0.0013519817	2.9562547e-20	-1
0	0.15714508	0.9874958	-0.0013519817	0	6.283185e-05	0	0.15714508	0.9874958	-0.0013519817	2.9587326e-20	-1
0	0.15714508	0.9874958	-0.0013519817	0	2.5132742e-05	0	0.15714508	0.9874958	-0.0013519817	2.9602193e-20	-1
0	0.15714508	0.9874958	-0.0013519817	0	1.2566371e-05	0	0.15714508	0.9874958	-0.0013519817	2.960715e-20	-1
0	0.15714508	0.9874958	-0.0013519817	0	6.2831855e-06	0	0.15714508	0.9874958	-0.0013519817	2.9609628e-20	-1
0	0.15714508	0.9874958	-0.0013519817	0	2.513274e-06	0	0.15714508	0.9874958	-0.0013519817	2.9611114e-20	-1
0	0.15714508	0.9874958	-0.0013519817	0	1.256637e-06	0	0.15714508	0.9874958	-0.0013519817	2.961161e-20	-1
0	0.15714508	0.9874958	-0.0013519817	0	6.283185e-07	0	0.15714508	0.9874958	-0.0013519817	2.9611857e-20	-1
0	0.15714508	0.9874958	-0.0013519817	0	2.513274e-07	0	0.15714508	0.9874958	-0.0013519817	2.9612006e-20	-1
0	0.15714508	0.9874958	-0.0013519817	0	1.256637e-07	0	0.15714508	0.9874958	-0.0013519817	2.9612055e-20	-1
0	0.15714508	0.9874958	-0.0013519817	0	0	0	0.15714508	0.9874958	-0.0013519817	2.9612106e-20	-1
0	0.15714508	0.9874958	-0.0013519817	0	-1.256637e-07	0	0.15714508	0.9874958	-0.0013519817	2.9612155e-20	-1
0	0.15714508	0.9874958	-0.0013519817	0	-2.513274e-07	0	0.15714508	0.9874958	-0.0013519817	2.9612203e-20	-1
0	0.15714508	0.9874958	-0.0013519817	0	-6.283185e-07	0	0.15714508	0.9874958	-0.0013519817	2.9612352e-20	-1
0	0.15714508	0.9874958	-0.0013519817	0	-1.256637e-06	0	0.15714508	0.9874958	-0.0013519817	2.96126e-20	-1
0	0.15714508	0.9874958	-0.0013519817	0	-2.513274e-06	0	0.15714508	0.9874958	-0.0013519817	2.9613095e-20	-1
0	0.15714508	0.9874958	-0.0013519817	0	-6.2831855e-06	0	0.15714508	0.9874958	-0.0013519817	2.961458e-20	-1
0	0.15714508	0.9874958	-0.0013519817	0	-1.2566371e-05	0	0.15714508	0.9874958	-0.0013519817	2.961706e-20	-1
0	0.15714508	0.9874958	-0.0013519817	0	-2.5132742e-05	0	0.15714508	0.9874958	-0.0013519817	2.9622016e-20	-1
0	0.15714508	0.9874958	-0.0013519817	0	-6.283185e-05	0	0.15714508	0.9874958	-0.0013519817	2.9636883e-20	-1
0	0.15714508	0.9874958	-0.0013519817	0	-0.0001256637	0	0.15714508	0.9874958	-0.0013519817	2.9661663e-20	-1
0	0.16103628	0.98686814	-0.0013487423	0	-0.0002513274	0	0.16103628	0.98686814	-0.0013487423	2.9711155e-20	-1
0	0.16103628	0.98686814	-0.0013487423	0	-0.0006283185	0	0.16103628	0.98686814	-0.0013487423	2.9859734e-20	-1
0	0.16725199	0.9858329	-0.0013434287	0	-0.0010053096	0	0.16725199	0.9858329	-0.0013434287	3.0008158e-20	-1
0	0.16725199	0.9858329	-0.0013434287	0	-0.001256637	0	0.16725199	0.9858329	-0.0013434287	3.0107106e-20	-1
0	0.17514342	0.98446053	-0.001336376	0	-0.0018849556	0	0.17514342	0.98446053	-0.001336376	3.0354242e-20	-1
0	0.18126372	0.98335123	-0.0013306761	0	-0.002513274	0	0.18126372	0.98335123	-0.0013306761	3.060113e-20	-1
0	0.19498882	0.9807199	-0.0013171835	0	-0.0037699111	0	0.19498882	0.9807199	-0.0013171835	3.1093987e-20	-1
0	0.23106465	0.9728465	-0.0012774279	0	-0.0062831854	0	0.23106465	0.9728465	-0.0012774279	3.2074765e-20	-1
0	0.32544047	0.9454496	-0.0011486711	0	-0.009424778	0	0.32544047	0.9454496	-0.0011486711	3.328275e-20	-1
0	0.8888408	-0.45792902	-0.0003221312	0	-0.012566371	0	0.8888408	-0.45792902	-0.0003221312	2.5853121e-20	-1
0	-0.082064	-0.9965558	0.0013922896	0	-0.018849555	0	-0.082064	-0.9965558	0.0013922896	2.2134482e-20	-1
0	-0.07036951	-0.9974508	0.0013930458	0	-0.025132742	0	-0.07036951	-0.9974508	0.0013930458	1.9632665e-20	-1
0	-0.05461085	-0.9984392	0.0013893266	0	-0.03769911	0	-0.05461085	-0.9984392	0.0013893266	1.4624162e-20	-1
0	-0.044534944	-0.99894047	0.0013822892	0	-0.050265484	0	-0.044534944	-0.99894047	0.0013822892	9.612103e-21	-1
0	-0.03755913	-0.999228	0.0013737845	0	-0.06283186	0	-0.03755913	-0.999228	0.0013737845	4.5981334e-21	-1
0	-0.03755913	-0.999228	0.0013737845	0	-0.06283186	0	-0.03755913	-0.999228	0.0013737845	4.5981334e-21	1
0	-0.044527277	-0.9989408	0.0013822902	0	-0.050265484	0	-0.044527277	-0.9989408	0.0013822902	9.6121085e-21	1
0	-0.054605737	-0.99843943	0.0013893247	0	-0.03769911	0	-0.054605737	-0.99843943	0.0013893247	1.462416e-20	1
0	-0.07036221	-0.99745136	0.0013930406	0	-0.025132742	0	-0.07036221	-0.99745136	0.0013930406	1.9632667e-20	1
0	-0.08205946	-0.99655616	0.001392278	0	-0.018849555	0	-0.08205946	-0.99655616	0.001392278	2.2134486e-20	1
0	-0.09816235	-0.99509764	0.001387964	0	-0.012566371	0	-0.09816235	-0.99509764	0.001387964	2.4633426e-20	1
0	-0.10870622	-0.99399996	0.0013835832	0	-0.009424778	0	-0.10870622	-0.99399996	0.0013835832	2.5881242e-20	1
0	-0.121662736	-0.99249613	0.0013768049	0	-0.0062831854	0	-0.121662736	-0.99249613	0.0013768049	2.712745e-20	1
0	-0.13435917	-0.9908558	0.0013688958	0	-0.0037699111	0	-0.13435917	-0.9908558	0.0013688958	2.8122835e-20	1
0	-0.1417153	-0.9898297	0.00136379	0	-0.002513274	0	-0.1417153	-0.9898297	0.00136379	2.8619848e-20	1
0	-0.14569682	-0.989251	0.0013608786	0	-0.0018849556	0	-0.14569682	-0.989251	0.0013608786	2.8868148e-20	1
0	-0.1499004	-0.9886223	0.0013576946	0	-0.001256637	0	-0.1499004	-0.9886223	0.0013576946	2.91163e-20	1
0	-0.1499004	-0.9886223	0.0013576946	0	-0.0010053096	0	-0.1499004	-0.9886223	0.0013576946	2.9215528e-20	1
0	-0.15435034	-0.98793674	0.0013542055	0	-0.0006283185	0	-0.15435034	-0.98793674	0.0013542055	2.9364282e-20	1
0	-0.15713796	-0.98749685	0.0013519616	0	-0.0002513274	0	-0.15713796	-0.98749685	0.0013519616	2.951299e-20	1
0	-0.15713796	-0.98749685	0.0013519616	0	-0.0001256637	0	-0.15713796	-0.98749685	0.0013519616	2.9562547e-20	1
0	-0.15713796	-0.98749685	0.0013519616	0	-6.283185e-05	0	-0.15713796	-0.98749685	0.0013519616	2.9587326e-20	1
0	-0.15713796	-0.98749685	0.0013519616	0	-2.5132742e-05	0	-0.15713796	-0.98749685	0.0013519616	2.9602193e-20	1
0	-0.15713796	-0.98749685	0.0013519616	0	-1.2566371e-05	0	-0.15713796	-0.98749685	0.0013519616	2.9607146e-20	1
0	-0.15713796	-0.98749685	0.0013519616	0	-6.2831855e-06	0	-0.15713796	-0.98749685	0.0013519616	2.9609625e-20	1
0	-0.15713796	-0.98749685	0.0013519616	0	-2.513274e-06	0	-0.15713796	-0.98749685	0.0013519616	2.961111e-20	1
0	-0.15713796	-0.98749685	0.0013519616	0	-1.256637e-06	0	-0.15713796	-0.98749685	0.0013519616	2.961161e-20	1
0	-0.15713796	-0.98749685	0.0013519616	0	-6.283185e-07	0	-0.15713796	-0.98749685	0.0013519616	2.9611857e-20	1
0	-0.15713796	-0.98749685	0.0013519616	0	-2.513274e-07	0	-0.15713796	-0.98749685	0.0013519616	2.9612006e-20	1
0	-0.15713796	-0.98749685	0.0013519616	0	-1.256637e-07	0	-0.15713796	-0.98749685	0.0013519616	2.9612055e-20	1
0	-0.15713796	-0.98749685	0.0013519616	0	0	0	-0.15713796	-0.98749685	0.0013519616	2.9612103e-20	1
0	-0.15713796	-0.98749685	0.0013519616	0	1.256637e-07	0	-0.15713796	-0.98749685	0.0013519616	2.9612155e-20	1
0	-0.15713796	-0.98749685	0.0013519616	0	2.513274e-07	0	-0.15713796	-0.98749685	0.0013519616	2.9612203e-20	1
0	-0.15713796	-0.98749685	0.0013519616	0	6.283185e-07	0	-0.15713796	-0.98749685	0.0013519616	2.9612352e-20	1
0	-0.15713796	-0.98749685	0.0013519616	0	1.256637e-06	0	-0.15713796	-0.98749685	0.0013519616	2.96126e-20	1
0	-0.15713796	-0.98749685	0.0013519616	0	2.513274e-06	0	-0.15713796	-0.98749685	0.0013519616	2.9613095e-20	1
0	-0.15713796	-0.98749685	0.0013519616	0	6.2831855e-06	0	-0.15713796	-0.98749685	0.0013519616	2.961458e-20	1
0	-0.15713796	-0.98749685	0.0013519616	0	1.2566371e-05	0	-0.15713796	-0.98749685	0.0013519616	2.961706e-20	1
0	-0.15713796	-0.98749685	0.0013519616	0	2.5132742e-05	0	-0.15713796	-0.98749685	0.0013519616	2.9622016e-20	1
0	-0.15713796	-0.98749685	0.0013519616	0	6.283185e-05	0	-0.15713796	-0.98749685	0.0013519616	2.9636883e-20	1
0	-0.15713796	-0.98749685	0.0013519616	0	0.0001256637	0	-0.15713796	-0.98749685	0.0013519616	2.9661663e-20	1
0	-0.16104005	-0.98686755	0.0013487387	0	0.0002513274	0	-0.16104005	-0.98686755	0.0013487387	2.9711158e-20	1
0	-0.16408099	-0.98636615	0.0013461665	0	0.0006283185	0	-0.16408099	-0.98636615	0.0013461665	2.9859695e-20	1
0	-0.16408099	-0.98636615	0.0013461665	0	0.0010053096	0	-0.16408099	-0.98636615	0.0013461665	3.0008197e-20	1
0	-0.16941346	-0.9854635	0.0013415331	0	0.001256637	0	-0.16941346	-0.9854635	0.0013415331	3.010709e-20	1
0	-0.1751439	-0.9844605	0.0013363755	0	0.0018849556	0	-0.1751439	-0.9844605	0.0013363755	3.035424e-20	1
0	-0.18126988	-0.98335004	0.0013306676	0	0.002513274	0	-0.18126988	-0.98335004	0.0013306676	3.0601127e-20	1
0	-0.19499524	-0.9807187	0.0013171762	0	0.0037699111	0	-0.19499524	-0.9807187	0.0013171762	3.1093987e-20	1
0	-0.23098855	-0.9728645	0.0012775221	0	0.0062831854	0	-0.23098855	-0.9728645	0.0012775221	3.2074765e-20	1
0	-0.3254774	-0.94543684	0.0011486139	0	0.009424778	0	-0.3254774	-0.94543684	0.0011486139	3.328275e-20	1
0	0.9613949	0.2748213	-0.0003788061	0	0.012566371	0	0.9613949	0.2748213	-0.0003788061	2.7243762e-20	1
0	0.08208246	0.99655426	-0.0013922642	0	0.018849555	0	0.08208246	0.99655426	-0.0013922642	2.2134484e-20	1
0	0.07036924	0.9974508	-0.0013930427	0	0.025132742	0	0.07036924	0.9974508	-0.0013930427	1.9632665e-20	1
0	0.05461279	0.9984391	-0.0013893226	0	0.03769911	0	0.05461279	0.9984391	-0.0013893226	1.4624164e-20	1
0	0.04453416	0.99894047	-0.0013822898	0	0.050265484	0	0.04453416	0.99894047	-0.0013822898	9.612108e-21	1
0	0.037560515	0.99922794	-0.0013737835	0	0.06283186	0	0.037560515	0.99922794	-0.0013737835	4.5981322e-21	1
