# t (s)	mx ()	my ()	mz ()	B_extx (T)	B_exty (T)	B_extz (T)	mx ()	my ()	mz ()	E_total (J)	branch ()
0	-0.018187664	0.9997568	-0.005098685	0	0.06283186	0	-0.018187664	0.9997568	-0.005098685	4.2642308e-21	-1
0	-0.021383192	0.99969256	-0.005131481	0	0.050265484	0	-0.021383192	0.99969256	-0.005131481	9.28137e-21	-1
0	-0.025931425	0.99958396	-0.005160929	0	0.03769911	0	-0.025931425	0.99958396	-0.005160929	1.4298085e-20	-1
0	-0.032916807	0.99937725	-0.0051834737	0	0.025132742	0	-0.032916807	0.99937725	-0.0051834737	1.9314039e-20	-1
0	-0.038021598	0.9991955	-0.005189743	0	0.018849555	0	-0.038021598	0.9991955	-0.005189743	2.1821524e-20	-1
0	-0.04497645	0.998906	-0.0051898183	0	0.012566371	0	-0.04497645	0.998906	-0.0051898183	2.4328422e-20	-1
0	-0.049485296	0.99869245	-0.0051862174	0	0.009424778	0	-0.049485296	0.99869245	-0.0051862174	2.5581549e-20	-1
0	-0.054980826	0.9984046	-0.0051789647	0	0.0062831854	0	-0.054980826	0.9984046	-0.0051789647	2.6834363e-20	-1
0	-0.06030529	0.9980968	-0.0051695965	0	0.0037699111	0	-0.06030529	0.9980968	-0.0051695965	2.7836314e-20	-1
0	-0.06340331	0.9979046	-0.0051631974	0	0.002513274	0	-0.06340331	0.9979046	-0.0051631974	2.8337162e-20	-1
0	-0.06505053	0.99779844	-0.0051595895	0	0.0018849556	0	-0.06505053	0.99779844	-0.0051595895	2.858755e-20	-1
0	-0.06679537	0.99768305	-0.005155581	0	0.001256637	0	-0.06679537	0.99768305	-0.005155581	2.883791e-20	-1
0	-0.06679537	0.99768305	-0.005155581	0	0.0010053096	0	-0.06679537	0.99768305	-0.005155581	2.893805e-20	-1
0	-0.06863773	0.9975579	-0.005151172	0	0.0006283185	0	-0.06863773	0.9975579	-0.005151172	2.9088236e-20	-1
0	-0.06978831	0.997478	-0.0051483396	0	0.0002513274	0	-0.06978831	0.997478	-0.0051483396	2.923842e-20	-1
0	-0.06978831	0.997478	-0.0051483396	0	0.0001256637	0	-0.06978831	0.997478	-0.0051483396	2.9288478e-20	-1
0	-0.06978831	0.997478	-0.0051483396	0	6.283185e-05	0	-0.06978831	0.997478	-0.0051483396	2.9313507e-20	-1
0	-0.06978831	0.997478	-0.0051483396	0	2.5132742e-05	0	-0.06978831	0.997478	-0.0051483396	2.9328525e-20	-1
0	-0.06978831	0.997478	-0.0051483396	0	1.2566371e-05	0	-0.06978831	0.997478	-0.0051483396	2.933353e-20	-1
0	-0.06978831	0.997478	-0.0051483396	0	6.2831855e-06	0	-0.06978831	0.997478	-0.0051483396	2.9336035e-20	-1
0	-0.06978831	0.997478	-0.0051483396	0	2.513274e-06	0	-0.06978831	0.997478	-0.0051483396	2.9337534e-20	-1
0	-0.06978831	0.997478	-0.0051483396	0	1.256637e-06	0	-0.06978831	0.997478	-0.0051483396	2.9338035e-20	-1
0	-0.06978831	0.997478	-0.0051483396	0	6.283185e-07	0	-0.06978831	0.997478	-0.0051483396	2.9338287e-20	-1
0	-0.06978831	0.997478	-0.0051483396	0	2.513274e-07	0	-0.06978831	0.997478	-0.0051483396	2.9338436e-20	-1
0	-0.06978831	0.997478	-0.0051483396	0	1.256637e-07	0	-0.06978831	0.997478	-0.0051483396	2.9338487e-20	-1
0	-0.06978831	0.997478	-0.0051483396	0	0	0	-0.06978831	0.997478	-0.0051483396	2.9338536e-20	-1
0	-0.06978831	0.997478	-0.0051483396	0	-1.256637e-07	0	-0.06978831	0.997478	-0.0051483396	2.9338587e-20	-1
0	-0.06978831	0.997478	-0.0051483396	0	-2.513274e-07	0	-0.06978831	0.997478	-0.0051483396	2.9338636e-20	-1
0	-0.06978831	0.997478	-0.0051483396	0	-6.283185e-07	0	-0.06978831	0.997478	-0.0051483396	2.9338788e-20	-1
0	-0.06978831	0.997478	-0.0051483396	0	-1.256637e-06	0	-0.06978831	0.997478	-0.0051483396	2.9339037e-20	-1
0	-0.06978831	0.997478	-0.0051483396	0	-2.513274e-06	0	-0.06978831	0.997478	-0.0051483396	2.9339537e-20	-1
0	-0.06978831	0.997478	-0.0051483396	0	-6.2831855e-06	0	-0.06978831	0.997478	-0.0051483396	2.934104e-20	-1
0	-0.06978831	0.997478	-0.0051483396	0	-1.2566371e-05	0	-0.06978831	0.997478	-0.0051483396	2.934354e-20	-1
0	-0.06978831	0.997478	-0.0051483396	0	-2.5132742e-05	0	-0.06978831	0.997478	-0.0051483396	2.934855e-20	-1
0	-0.07077779	0.9974083	-0.0051458394	0	-6.283185e-05	0	-0.07077779	0.9974083	-0.0051458394	2.936356e-20	-1
0	-0.07077779	0.9974083	-0.0051458394	0	-0.0001256637	0	-0.07077779	0.9974083	-0.0051458394	2.938859e-20	-1
0	-0.07077779	0.9974083	-0.0051458394	0	-0.0002513274	0	-0.07077779	0.9974083	-0.0051458394	2.9438644e-20	-1
0	-0.072637886	0.99727434	-0.005141018	0	-0.0006283185	0	-0.072637886	0.99727434	-0.005141018	2.9588793e-20	-1
0	-0.07392535	0.9971796	-0.0051376014	0	-0.0010053096	0	-0.07392535	0.9971796	-0.0051376014	2.9738933e-20	-1
0	-0.07392535	0.9971796	-0.0051376014	0	-0.001256637	0	-0.07392535	0.9971796	-0.0051376014	2.983902e-20	-1
0	-0.07711044	0.9969382	-0.005128816	0	-0.0018849556	0	-0.07711044	0.9969382	-0.005128816	3.0089192e-20	-1
0	-0.07955587	0.99674594	-0.0051217973	0	-0.002513274	0	-0.07955587	0.99674594	-0.0051217973	3.0339324e-20	-1
0	-0.08496398	0.99629915	-0.005105444	0	-0.0037699111	0	-0.08496398	0.99629915	-0.005105444	3.0839432e-20	-1
0	-0.09827014	0.9950739	-0.0050610863	0	-0.0062831854	0	-0.09827014	0.9950739	-0.0050610863	3.1838847e-20	-1
0	-0.12246765	0.9923847	-0.0049680625	0	-0.009424778	0	-0.12246765	0.9923847	-0.0049680625	3.3085793e-20	-1
0	-0.16512066	0.986181	-0.00477422	0	-0.012566371	0	-0.16512066	0.986181	-0.00477422	3.4327614e-20	-1
0	0.038021274	-0.9991956	0.005189745	0	-0.018849555	0	0.038021274	-0.9991956	0.005189745	2.1821522e-20	-1
0	0.032918733	-0.99937713	0.0051834714	0	-0.025132742	0	0.032918733	-0.99937713	0.0051834714	1.9314044e-20	-1
0	0.02593385	-0.9995839	0.0051609203	0	-0.03769911	0	0.02593385	-0.9995839	0.0051609203	1.4298088e-20	-1
0	0.021385256	-0.99969256	0.0051314635	0	-0.050265484	0	0.021385256	-0.99969256	0.0051314635	9.2813696e-21	-1
0	0.01818896	-0.9997568	0.005098683	0	-0.06283186	0	0.01818896	-0.9997568	0.005098683	4.2642304e-21	-1
0	0.01818896	-0.9997568	0.005098683	0	-0.06283186	0	0.01818896	-0.9997568	0.005098683	4.2642304e-21	1
0	0.021381646	-0.99969256	0.0051314905	0	-0.050265484	0	0.021381646	-0.99969256	0.0051314905	9.281366e-21	1
0	0.025931599	-0.99958396	0.005160926	0	-0.03769911	0	0.025931599	-0.99958396	0.005160926	1.4298085e-20	1
0	0.03291519	-0.9993773	0.0051834723	0	-0.025132742	0	0.03291519	-0.9993773	0.0051834723	1.9314042e-20	1
0	0.03802026	-0.9991956	0.005189749	0	-0.018849555	0	0.03802026	-0.9991956	0.005189749	2.1821522e-20	1
0	0.0449728	-0.99890614	0.0051898127	0	-0.012566371	0	0.0449728	-0.99890614	0.0051898127	2.4328425e-20	1
0	0.04948222	-0.9986926	0.0051862244	0	-0.009424778	0	0.04948222	-0.9986926	0.0051862244	2.558155e-20	1
0	0.054985136	-0.9984044	0.0051789554	0	-0.0062831854	0	0.054985136	-0.9984044	0.0051789554	2.6834368e-20	1
0	0.06031815	-0.998096	0.0051695537	0	-0.0037699111	0	0.06031815	-0.998096	0.0051695537	2.783632e-20	1
0	0.06340118	-0.9979048	0.005163205	0	-0.002513274	0	0.06340118	-0.9979048	0.005163205	2.8337162e-20	1
0	0.0650467	-0.9977987	0.005159604	0	-0.0018849556	0	0.0650467	-0.9977987	0.005159604	2.8587553e-20	1
0	0.06681439	-0.99768174	0.005155513	0	-0.001256637	0	0.06681439	-0.99768174	0.005155513	2.8837904e-20	1
0	0.06681439	-0.99768174	0.005155513	0	-0.0010053096	0	0.06681439	-0.99768174	0.005155513	2.893804e-20	1
0	0.06863131	-0.99755836	0.0051511945	0	-0.0006283185	0	0.06863131	-0.99755836	0.0051511945	2.908824e-20	1
0	0.06978596	-0.9974781	0.005148351	0	-0.0002513274	0	0.06978596	-0.9974781	0.005148351	2.923842e-20	1
0	0.06978596	-0.9974781	0.005148351	0	-0.0001256637	0	0.06978596	-0.9974781	0.005148351	2.9288478e-20	1
0	0.06978596	-0.9974781	0.005148351	0	-6.283185e-05	0	0.06978596	-0.9974781	0.005148351	2.931351e-20	1
0	0.06978596	-0.9974781	0.005148351	0	-2.5132742e-05	0	0.06978596	-0.9974781	0.005148351	2.9328525e-20	1
0	0.06978596	-0.9974781	0.005148351	0	-1.2566371e-05	0	0.06978596	-0.9974781	0.005148351	2.9333534e-20	1
0	0.06978596	-0.9974781	0.005148351	0	-6.2831855e-06	0	0.06978596	-0.9974781	0.005148351	2.9336035e-20	1
0	0.06978596	-0.9974781	0.005148351	0	-2.513274e-06	0	0.06978596	-0.9974781	0.005148351	2.9337537e-20	1
0	0.06978596	-0.9974781	0.005148351	0	-1.256637e-06	0	0.06978596	-0.9974781	0.005148351	2.9338038e-20	1
0	0.06978596	-0.9974781	0.005148351	0	-6.283185e-07	0	0.06978596	-0.9974781	0.005148351	2.9338287e-20	1
0	0.06978596	-0.9974781	0.005148351	0	-2.513274e-07	0	0.06978596	-0.9974781	0.005148351	2.933844e-20	1
0	0.06978596	-0.9974781	0.005148351	0	-1.256637e-07	0	0.06978596	-0.9974781	0.005148351	2.9338487e-20	1
0	0.06978596	-0.9974781	0.005148351	0	0	0	0.06978596	-0.9974781	0.005148351	2.933854e-20	1
0	0.06978596	-0.9974781	0.005148351	0	1.256637e-07	0	0.06978596	-0.9974781	0.005148351	2.9338587e-20	1
0	0.06978596	-0.9974781	0.005148351	0	2.513274e-07	0	0.06978596	-0.9974781	0.005148351	2.933864e-20	1
0	0.06978596	-0.9974781	0.005148351	0	6.283185e-07	0	0.06978596	-0.9974781	0.005148351	2.9338788e-20	1
0	0.06978596	-0.9974781	0.005148351	0	1.256637e-06	0	0.06978596	-0.9974781	0.005148351	2.933904e-20	1
0	0.06978596	-0.9974781	0.005148351	0	2.513274e-06	0	0.06978596	-0.9974781	0.005148351	2.933954e-20	1
0	0.06978596	-0.9974781	0.005148351	0	6.2831855e-06	0	0.06978596	-0.9974781	0.005148351	2.934104e-20	1
0	0.06978596	-0.9974781	0.005148351	0	1.2566371e-05	0	0.06978596	-0.9974781	0.005148351	2.9343544e-20	1
0	0.06978596	-0.9974781	0.005148351	0	2.5132742e-05	0	0.06978596	-0.9974781	0.005148351	2.934855e-20	1
0	0.07077114	-0.99740875	0.005145865	0	6.283185e-05	0	0.07077114	-0.99740875	0.005145865	2.936356e-20	1
0	0.07077114	-0.99740875	0.005145865	0	0.0001256637	0	0.07077114	-0.99740875	0.005145865	2.938859e-20	1
0	0.07077114	-0.99740875	0.005145865	0	0.0002513274	0	0.07077114	-0.99740875	0.005145865	2.9438644e-20	1
0	0.07263262	-0.99727476	0.005141038	0	0.0006283185	0	0.07263262	-0.99727476	0.005141038	2.958879e-20	1
0	0.07392234	-0.9971799	0.005137603	0	0.0010053096	0	0.07392234	-0.9971799	0.005137603	2.9738933e-20	1
0	0.07392234	-0.9971799	0.005137603	0	0.001256637	0	0.07392234	-0.9971799	0.005137603	2.983902e-20	1
0	0.07710561	-0.9969386	0.0051288353	0	0.0018849556	0	0.07710561	-0.9969386	0.0051288353	3.008919e-20	1
0	0.07956201	-0.99674535	0.005121773	0	0.002513274	0	0.07956201	-0.99674535	0.005121773	3.0339324e-20	1
0	0.08495699	-0.99629974	0.0051054684	0	0.0037699111	0	0.08495699	-0.99629974	0.0051054684	3.083943e-20	1
0	0.0982935	-0.99507165	0.0050609894	0	0.0062831854	0	0.0982935	-0.99507165	0.0050609894	3.1838847e-20	1
0	0.12248725	-0.9923823	0.004967981	0	0.009424778	0	0.12248725	-0.9923823	0.004967981	3.3085796e-20	1
0	0.16521245	-0.98616564	0.004773751	0	0.012566371	0	0.16521245	-0.98616564	0.004773751	3.432761e-20	1
0	-0.03802672	0.9991953	-0.005189727	0	0.018849555	0	-0.03802672	0.9991953	-0.005189727	2.182152e-20	1
0	-0.03291739	0.9993772	-0.005183473	0	0.025132742	0	-0.03291739	0.9993772	-0.005183473	1.9314042e-20	1
0	-0.02593302	0.9995839	-0.0051609227	0	0.03769911	0	-0.02593302	0.9995839	-0.0051609227	1.4298087e-20	1
0	-0.021385804	0.99969256	-0.0051314738	0	0.050265484	0	-0.021385804	0.99969256	-0.0051314738	9.281365e-21	1
0	-0.018189749	0.9997567	-0.005098679	0	0.06283186	0	-0.018189749	0.9997567	-0.005098679	4.26423e-21	1
