# t (s)	mx ()	my ()	mz ()	B_extx (T)	B_exty (T)	B_extz (T)	mx ()	my ()	mz ()	E_total (J)	branch ()
0	-0.0281309	0.99953914	-9.9485034e-05	0	0.06283186	0	-0.0281309	0.99953914	-9.9485034e-05	4.5889682e-21	-1
0	-0.03328792	0.99937975	-0.00010492414	0	0.050265484	0	-0.03328792	0.99937975	-0.00010492414	9.6047956e-21	-1
0	-0.040730864	0.9991032	-0.00011251515	0	0.03769911	0	-0.040730864	0.9991032	-0.00011251515	1.4619561e-20	-1
0	-0.0523756	0.99855924	-0.00012408722	0	0.025132742	0	-0.0523756	0.99855924	-0.00012408722	1.9632371e-20	-1
0	-0.061033994	0.99806666	-0.00013255206	0	0.018849555	0	-0.061033994	0.99806666	-0.00013255206	2.2137437e-20	-1
0	-0.0730374	0.99725914	-0.00014415005	0	0.012566371	0	-0.0730374	0.99725914	-0.00014415005	2.4640914e-20	-1
0	-0.08095281	0.9966471	-0.00015175433	0	0.009424778	0	-0.08095281	0.9966471	-0.00015175433	2.5891739e-20	-1
0	-0.09071894	0.9958049	-0.00016107131	0	0.0062831854	0	-0.09071894	0.9958049	-0.00016107131	2.714166e-20	-1
0	-0.100366876	0.99487793	-0.00017020905	0	0.0037699111	0	-0.100366876	0.99487793	-0.00017020905	2.814071e-20	-1
0	-0.1059808	0.994295	-0.0001754997	0	0.002513274	0	-0.1059808	0.994295	-0.0001754997	2.8639843e-20	-1
0	-0.10903606	0.9939643	-0.00017837241	0	0.0018849556	0	-0.10903606	0.9939643	-0.00017837241	2.8889296e-20	-1
0	-0.11226535	0.9936044	-0.00018139694	0	0.001256637	0	-0.11226535	0.9936044	-0.00018139694	2.9138665e-20	-1
0	-0.11361424	0.993451	-0.0001826612	0	0.0010053096	0	-0.11361424	0.993451	-0.0001826612	2.923839e-20	-1
0	-0.1156939	0.9932107	-0.00018460292	0	0.0006283185	0	-0.1156939	0.9932107	-0.00018460292	2.9387934e-20	-1
0	-0.11785203	0.9929567	-0.0001866169	0	0.0002513274	0	-0.11785203	0.9929567	-0.0001866169	2.9537447e-20	-1
0	-0.11858094	0.99286985	-0.00018729837	0	0.0001256637	0	-0.11858094	0.99286985	-0.00018729837	2.958728e-20	-1
0	-0.11895566	0.99282503	-0.00018764622	0	6.283185e-05	0	-0.11895566	0.99282503	-0.00018764622	2.961219e-20	-1
0	-0.11895566	0.99282503	-0.00018764622	0	2.5132742e-05	0	-0.11895566	0.99282503	-0.00018764622	2.9627138e-20	-1
0	-0.11895566	0.99282503	-0.00018764622	0	1.2566371e-05	0	-0.11895566	0.99282503	-0.00018764622	2.963212e-20	-1
0	-0.11895566	0.99282503	-0.00018764622	0	6.2831855e-06	0	-0.11895566	0.99282503	-0.00018764622	2.963461e-20	-1
0	-0.11895566	0.99282503	-0.00018764622	0	2.513274e-06	0	-0.11895566	0.99282503	-0.00018764622	2.9636107e-20	-1
0	-0.11895566	0.99282503	-0.00018764622	0	1.256637e-06	0	-0.11895566	0.99282503	-0.00018764622	2.9636605e-20	-1
0	-0.11895566	0.99282503	-0.00018764622	0	6.283185e-07	0	-0.11895566	0.99282503	-0.00018764622	2.9636854e-20	-1
0	-0.11895566	0.99282503	-0.00018764622	0	2.513274e-07	0	-0.11895566	0.99282503	-0.00018764622	2.9637002e-20	-1
0	-0.11895566	0.99282503	-0.00018764622	0	1.256637e-07	0	-0.11895566	0.99282503	-0.00018764622	2.9637054e-20	-1
0	-0.11895566	0.99282503	-0.00018764622	0	0	0	-0.11895566	0.99282503	-0.00018764622	2.9637103e-20	-1
0	-0.11895566	0.99282503	-0.00018764622	0	-1.256637e-07	0	-0.11895566	0.99282503	-0.00018764622	2.9637154e-20	-1
0	-0.11895566	0.99282503	-0.00018764622	0	-2.513274e-07	0	-0.11895566	0.99282503	-0.00018764622	2.9637203e-20	-1
0	-0.11895566	0.99282503	-0.00018764622	0	-6.283185e-07	0	-0.11895566	0.99282503	-0.00018764622	2.963735e-20	-1
0	-0.11895566	0.99282503	-0.00018764622	0	-1.256637e-06	0	-0.11895566	0.99282503	-0.00018764622	2.96376e-20	-1
0	-0.11895566	0.99282503	-0.00018764622	0	-2.513274e-06	0	-0.11895566	0.99282503	-0.00018764622	2.96381e-20	-1
0	-0.11895566	0.99282503	-0.00018764622	0	-6.2831855e-06	0	-0.11895566	0.99282503	-0.00018764622	2.9639594e-20	-1
0	-0.11895566	0.99282503	-0.00018764622	0	-1.2566371e-05	0	-0.11895566	0.99282503	-0.00018764622	2.9642085e-20	-1
0	-0.11895566	0.99282503	-0.00018764622	0	-2.5132742e-05	0	-0.11895566	0.99282503	-0.00018764622	2.9647068e-20	-1
0	-0.11895566	0.99282503	-0.00018764622	0	-6.283185e-05	0	-0.11895566	0.99282503	-0.00018764622	2.9662015e-20	-1
0	-0.11895566	0.99282503	-0.00018764622	0	-0.0001256637	0	-0.11895566	0.99282503	-0.00018764622	2.9686927e-20	-1
0	-0.12083194	0.9925982	-0.00018939143	0	-0.0002513274	0	-0.12083194	0.9925982	-0.00018939143	2.973674e-20	-1
0	-0.123212725	0.9923053	-0.00019160291	0	-0.0006283185	0	-0.123212725	0.9923053	-0.00019160291	2.9886158e-20	-1
0	-0.12565285	0.991999	-0.00019386486	0	-0.0010053096	0	-0.12565285	0.991999	-0.00019386486	3.0035532e-20	-1
0	-0.12565285	0.991999	-0.00019386486	0	-0.001256637	0	-0.12565285	0.991999	-0.00019386486	3.0135098e-20	-1
0	-0.13176462	0.991205	-0.0001995088	0	-0.0018849556	0	-0.13176462	0.991205	-0.0001995088	3.038388e-20	-1
0	-0.13652918	0.99055946	-0.00020388949	0	-0.002513274	0	-0.13652918	0.99055946	-0.00020388949	3.0632514e-20	-1
0	-0.14718425	0.9890311	-0.00021360727	0	-0.0037699111	0	-0.14718425	0.9890311	-0.00021360727	3.1129262e-20	-1
0	-0.17502044	0.9844829	-0.000238448	0	-0.0062831854	0	-0.17502044	0.9844829	-0.000238448	3.211988e-20	-1
0	-0.23786286	0.97120595	-0.0002906844	0	-0.009424778	0	-0.23786286	0.97120595	-0.0002906844	3.334833e-20	-1
0	0.07304811	-0.9972583	0.0001441685	0	-0.012566371	0	0.07304811	-0.9972583	0.0001441685	2.4640916e-20	-1
0	0.0610423	-0.9980661	0.00013255703	0	-0.018849555	0	0.0610423	-0.9980661	0.00013255703	2.2137437e-20	-1
0	0.05237268	-0.99855936	0.00012408427	0	-0.025132742	0	0.05237268	-0.99855936	0.00012408427	1.9632374e-20	-1
0	0.040729165	-0.9991032	0.000112514215	0	-0.03769911	0	0.040729165	-0.9991032	0.000112514215	1.4619564e-20	-1
0	0.03328971	-0.99937975	0.00010491979	0	-0.050265484	0	0.03328971	-0.99937975	0.00010491979	9.6048e-21	-1
0	0.028134434	-0.999539	9.94881e-05	0	-0.06283186	0	0.028134434	-0.999539	9.94881e-05	4.588966e-21	-1
0	0.028133288	-0.999539	9.9486744e-05	0	-0.06283186	0	0.028133288	-0.999539	9.9486744e-05	4.5889666e-21	1
0	0.033287115	-0.99937975	0.00010491173	0	-0.050265484	0	0.033287115	-0.99937975	0.00010491173	9.604795e-21	1
0	0.04072848	-0.99910325	0.00011251129	0	-0.03769911	0	0.04072848	-0.99910325	0.00011251129	1.4619564e-20	1
0	0.052369967	-0.99855953	0.00012407976	0	-0.025132742	0	0.052369967	-0.99855953	0.00012407976	1.9632374e-20	1
0	0.06103409	-0.99806666	0.00013254362	0	-0.018849555	0	0.06103409	-0.99806666	0.00013254362	2.2137437e-20	1
0	0.07304348	-0.99725866	0.00014416434	0	-0.012566371	0	0.07304348	-0.99725866	0.00014416434	2.4640914e-20	1
0	0.0809446	-0.99664783	0.00015174565	0	-0.009424778	0	0.0809446	-0.99664783	0.00015174565	2.589174e-20	1
0	0.09071931	-0.9958048	0.00016106808	0	-0.0062831854	0	0.09071931	-0.9958048	0.00016106808	2.7141664e-20	1
0	0.10036894	-0.9948777	0.00017020597	0	-0.0037699111	0	0.10036894	-0.9948777	0.00017020597	2.8140707e-20	1
0	0.10598913	-0.99429405	0.00017550756	0	-0.002513274	0	0.10598913	-0.99429405	0.00017550756	2.8639843e-20	1
0	0.109038234	-0.9939641	0.00017837138	0	-0.0018849556	0	0.109038234	-0.9939641	0.00017837138	2.8889296e-20	1
0	0.11227313	-0.9936035	0.00018140464	0	-0.001256637	0	0.11227313	-0.9936035	0.00018140464	2.9138662e-20	1
0	0.11227313	-0.9936035	0.00018140464	0	-0.0010053096	0	0.11227313	-0.9936035	0.00018140464	2.9238392e-20	1
0	0.11568925	-0.99321127	0.00018459925	0	-0.0006283185	0	0.11568925	-0.99321127	0.00018459925	2.9387937e-20	1
0	0.11784676	-0.99295735	0.00018661213	0	-0.0002513274	0	0.11784676	-0.99295735	0.00018661213	2.953745e-20	1
0	0.11858255	-0.9928697	0.00018734774	0	-0.0001256637	0	0.11858255	-0.9928697	0.00018734774	2.9587284e-20	1
0	0.11895424	-0.99282515	0.00018764433	0	-6.283185e-05	0	0.11895424	-0.99282515	0.00018764433	2.9612194e-20	1
0	0.11895424	-0.99282515	0.00018764433	0	-2.5132742e-05	0	0.11895424	-0.99282515	0.00018764433	2.962714e-20	1
0	0.11895424	-0.99282515	0.00018764433	0	-1.2566371e-05	0	0.11895424	-0.99282515	0.00018764433	2.9632123e-20	1
0	0.11895424	-0.99282515	0.00018764433	0	-6.2831855e-06	0	0.11895424	-0.99282515	0.00018764433	2.9634615e-20	1
0	0.11895424	-0.99282515	0.00018764433	0	-2.513274e-06	0	0.11895424	-0.99282515	0.00018764433	2.9636107e-20	1
0	0.11895424	-0.99282515	0.00018764433	0	-1.256637e-06	0	0.11895424	-0.99282515	0.00018764433	2.9636608e-20	1
0	0.11895424	-0.99282515	0.00018764433	0	-6.283185e-07	0	0.11895424	-0.99282515	0.00018764433	2.9636857e-20	1
0	0.11895424	-0.99282515	0.00018764433	0	-2.513274e-07	0	0.11895424	-0.99282515	0.00018764433	2.9637006e-20	1
0	0.11895424	-0.99282515	0.00018764433	0	-1.256637e-07	0	0.11895424	-0.99282515	0.00018764433	2.9637054e-20	1
0	0.11895424	-0.99282515	0.00018764433	0	0	0	0.11895424	-0.99282515	0.00018764433	2.9637106e-20	1
0	0.11895424	-0.99282515	0.00018764433	0	1.256637e-07	0	0.11895424	-0.99282515	0.00018764433	2.9637154e-20	1
0	0.11895424	-0.99282515	0.00018764433	0	2.513274e-07	0	0.11895424	-0.99282515	0.00018764433	2.9637206e-20	1
0	0.11895424	-0.99282515	0.00018764433	0	6.283185e-07	0	0.11895424	-0.99282515	0.00018764433	2.9637355e-20	1
0	0.11895424	-0.99282515	0.00018764433	0	1.256637e-06	0	0.11895424	-0.99282515	0.00018764433	2.9637603e-20	1
0	0.11895424	-0.99282515	0.00018764433	0	2.513274e-06	0	0.11895424	-0.99282515	0.00018764433	2.96381e-20	1
0	0.11895424	-0.99282515	0.00018764433	0	6.2831855e-06	0	0.11895424	-0.99282515	0.00018764433	2.9639597e-20	1
0	0.11895424	-0.99282515	0.00018764433	0	1.2566371e-05	0	0.11895424	-0.99282515	0.00018764433	2.9642088e-20	1
0	0.11895424	-0.99282515	0.00018764433	0	2.5132742e-05	0	0.11895424	-0.99282515	0.00018764433	2.964707e-20	1
0	0.11895424	-0.99282515	0.00018764433	0	6.283185e-05	0	0.11895424	-0.99282515	0.00018764433	2.9662018e-20	1
0	0.11895424	-0.99282515	0.00018764433	0	0.0001256637	0	0.11895424	-0.99282515	0.00018764433	2.968693e-20	1
0	0.120856926	-0.9925952	0.0001894148	0	0.0002513274	0	0.120856926	-0.9925952	0.0001894148	2.9736742e-20	1
0	0.123207614	-0.9923059	0.00019159823	0	0.0006283185	0	0.123207614	-0.9923059	0.00019159823	2.9886158e-20	1
0	0.12567452	-0.99199617	0.00019388442	0	0.0010053096	0	0.12567452	-0.99199617	0.00019388442	3.0035532e-20	1
0	0.12733123	-0.9917847	0.00019541882	0	0.001256637	0	0.12733123	-0.9917847	0.00019541882	3.0135085e-20	1
0	0.13175608	-0.99120617	0.00019950076	0	0.0018849556	0	0.13175608	-0.99120617	0.00019950076	3.038388e-20	1
0	0.13652125	-0.99056053	0.00020388169	0	0.002513274	0	0.13652125	-0.99056053	0.00020388169	3.0632518e-20	1
0	0.14717627	-0.98903227	0.00021360087	0	0.0037699111	0	0.14717627	-0.98903227	0.00021360087	3.1129262e-20	1
0	0.17501476	-0.98448396	0.0002384415	0	0.0062831854	0	0.17501476	-0.98448396	0.0002384415	3.2119882e-20	1
0	0.23782748	-0.97121453	0.00029065617	0	0.009424778	0	0.23782748	-0.97121453	0.00029065617	3.334833e-20	1
0	0.90085465	0.4338284	-0.00039288335	0	0.012566371	0	0.90085465	0.4338284	-0.00039288335	2.603319e-20	1
0	-0.061036672	0.9980665	-0.00013255255	0	0.018849555	0	-0.061036672	0.9980665	-0.00013255255	2.2137439e-20	1
0	-0.05238377	0.99855876	-0.0001240949	0	0.025132742	0	-0.05238377	0.99855876	-0.0001240949	1.9632373e-20	1
0	-0.04073594	0.99910295	-0.000112522124	0	0.03769911	0	-0.04073594	0.99910295	-0.000112522124	1.4619564e-20	1
0	-0.033288375	0.99937975	-0.00010491873	0	0.050265484	0	-0.033288375	0.99937975	-0.00010491873	9.604798e-21	1
0	-0.028131261	0.9995391	-9.948731e-05	0	0.06283186	0	-0.028131261	0.9995391	-9.948731e-05	4.5889682e-21	1
