# t (s)	mx ()	my ()	mz ()	B_extx (T)	B_exty (T)	B_extz (T)	mx ()	my ()	mz ()	E_total (J)	branch ()
0	0.018526003	0.9997561	-0.0038294839	0	0.06283186	0	0.018526003	0.9997561	-0.0038294839	4.3807728e-21	-1
0	0.021867614	0.9996877	-0.003882617	0	0.050265484	0	0.021867614	0.9996877	-0.003882617	9.397899e-21	-1
0	0.026664233	0.99957013	-0.003946069	0	0.03769911	0	0.026664233	0.99957013	-0.003946069	1.4414569e-20	-1
0	0.034143463	0.9993413	-0.004027887	0	0.025132742	0	0.034143463	0.9993413	-0.004027887	1.9430413e-20	-1
0	0.03969918	0.9991352	-0.004080847	0	0.018849555	0	0.03969918	0.9991352	-0.004080847	2.1937773e-20	-1
0	0.04741052	0.9987981	-0.0041476768	0	0.012566371	0	0.04741052	0.9987981	-0.0041476768	2.4444468e-20	-1
0	0.052510284	0.99854237	-0.004188888	0	0.009424778	0	0.052510284	0.99854237	-0.004188888	2.5697437e-20	-1
0	0.05882478	0.9981897	-0.004237527	0	0.0062831854	0	0.05882478	0.9981897	-0.004237527	2.6950026e-20	-1
0	0.06510652	0.9977989	-0.004283755	0	0.0037699111	0	0.06510652	0.9977989	-0.004283755	2.7951725e-20	-1
0	0.06878373	0.9975518	-0.004309981	0	0.002513274	0	0.06878373	0.9975518	-0.004309981	2.8452402e-20	-1
0	0.07078312	0.9974117	-0.0043240283	0	0.0018849556	0	0.07078312	0.9974117	-0.0043240283	2.8702702e-20	-1
0	0.0728832	0.9972602	-0.0043386	0	0.001256637	0	0.0728832	0.9972602	-0.0043386	2.8952956e-20	-1
0	0.0728832	0.9972602	-0.0043386	0	0.0010053096	0	0.0728832	0.9972602	-0.0043386	2.9053052e-20	-1
0	0.075132966	0.9970931	-0.004354032	0	0.0006283185	0	0.075132966	0.9970931	-0.004354032	2.9203175e-20	-1
0	0.07657911	0.9969828	-0.0043638386	0	0.0002513274	0	0.07657911	0.9969828	-0.0043638386	2.9353286e-20	-1
0	0.07657911	0.9969828	-0.0043638386	0	0.0001256637	0	0.07657911	0.9969828	-0.0043638386	2.9403317e-20	-1
0	0.07657911	0.9969828	-0.0043638386	0	6.283185e-05	0	0.07657911	0.9969828	-0.0043638386	2.9428336e-20	-1
0	0.07657911	0.9969828	-0.0043638386	0	2.5132742e-05	0	0.07657911	0.9969828	-0.0043638386	2.9443345e-20	-1
0	0.07657911	0.9969828	-0.0043638386	0	1.2566371e-05	0	0.07657911	0.9969828	-0.0043638386	2.944835e-20	-1
0	0.07657911	0.9969828	-0.0043638386	0	6.2831855e-06	0	0.07657911	0.9969828	-0.0043638386	2.945085e-20	-1
0	0.07657911	0.9969828	-0.0043638386	0	2.513274e-06	0	0.07657911	0.9969828	-0.0043638386	2.945235e-20	-1
0	0.07657911	0.9969828	-0.0043638386	0	1.256637e-06	0	0.07657911	0.9969828	-0.0043638386	2.945285e-20	-1
0	0.07657911	0.9969828	-0.0043638386	0	6.283185e-07	0	0.07657911	0.9969828	-0.0043638386	2.9453103e-20	-1
0	0.07657911	0.9969828	-0.0043638386	0	2.513274e-07	0	0.07657911	0.9969828	-0.0043638386	2.9453252e-20	-1
0	0.07657911	0.9969828	-0.0043638386	0	1.256637e-07	0	0.07657911	0.9969828	-0.0043638386	2.9453304e-20	-1
0	0.07657911	0.9969828	-0.0043638386	0	0	0	0.07657911	0.9969828	-0.0043638386	2.9453352e-20	-1
0	0.07657911	0.9969828	-0.0043638386	0	-1.256637e-07	0	0.07657911	0.9969828	-0.0043638386	2.94534e-20	-1
0	0.07657911	0.9969828	-0.0043638386	0	-2.513274e-07	0	0.07657911	0.9969828	-0.0043638386	2.9453452e-20	-1
0	0.07657911	0.9969828	-0.0043638386	0	-6.283185e-07	0	0.07657911	0.9969828	-0.0043638386	2.94536e-20	-1
0	0.07657911	0.9969828	-0.0043638386	0	-1.256637e-06	0	0.07657911	0.9969828	-0.0043638386	2.9453853e-20	-1
0	0.07657911	0.9969828	-0.0043638386	0	-2.513274e-06	0	0.07657911	0.9969828	-0.0043638386	2.9454354e-20	-1
0	0.07657911	0.9969828	-0.0043638386	0	-6.2831855e-06	0	0.07657911	0.9969828	-0.0043638386	2.9455853e-20	-1
0	0.07657911	0.9969828	-0.0043638386	0	-1.2566371e-05	0	0.07657911	0.9969828	-0.0043638386	2.9458354e-20	-1
0	0.07657911	0.9969828	-0.0043638386	0	-2.5132742e-05	0	0.07657911	0.9969828	-0.0043638386	2.946336e-20	-1
0	0.07657911	0.9969828	-0.0043638386	0	-6.283185e-05	0	0.07657911	0.9969828	-0.0043638386	2.9478368e-20	-1
0	0.078051	0.99686855	-0.0043737646	0	-0.0001256637	0	0.078051	0.99686855	-0.0043737646	2.9503374e-20	-1
0	0.078051	0.99686855	-0.0043737646	0	-0.0002513274	0	0.078051	0.99686855	-0.0043737646	2.9553402e-20	-1
0	0.08012183	0.996704	-0.0043876	0	-0.0006283185	0	0.08012183	0.996704	-0.0043876	2.9703468e-20	-1
0	0.08173361	0.996573	-0.0043982896	0	-0.0010053096	0	0.08173361	0.996573	-0.0043982896	2.9853514e-20	-1
0	0.08173361	0.996573	-0.0043982896	0	-0.001256637	0	0.08173361	0.996573	-0.0043982896	2.995354e-20	-1
0	0.08581649	0.9962293	-0.004424943	0	-0.0018849556	0	0.08581649	0.9962293	-0.004424943	3.0203553e-20	-1
0	0.08895611	0.99595344	-0.0044451286	0	-0.002513274	0	0.08895611	0.99595344	-0.0044451286	3.0453494e-20	-1
0	0.09607172	0.9952915	-0.0044897916	0	-0.0037699111	0	0.09607172	0.9952915	-0.0044897916	3.095315e-20	-1
0	0.11474102	0.9933101	-0.0046005035	0	-0.0062831854	0	0.11474102	0.9933101	-0.0046005035	3.1951228e-20	-1
0	0.15489763	0.98783934	-0.0048090834	0	-0.009424778	0	0.15489763	0.98783934	-0.0048090834	3.3194603e-20	-1
0	-0.04743038	-0.9987972	0.004147807	0	-0.012566371	0	-0.04743038	-0.9987972	0.004147807	2.4444468e-20	-1
0	-0.03971558	-0.99913454	0.0040809554	0	-0.018849555	0	-0.03971558	-0.99913454	0.0040809554	2.1937773e-20	-1
0	-0.034151487	-0.999341	0.0040279427	0	-0.025132742	0	-0.034151487	-0.999341	0.0040279427	1.9430413e-20	-1
0	-0.02667174	-0.9995699	0.003946121	0	-0.03769911	0	-0.02667174	-0.9995699	0.003946121	1.4414567e-20	-1
0	-0.021869844	-0.99968755	0.003882627	0	-0.050265484	0	-0.021869844	-0.99968755	0.003882627	9.3979e-21	-1
0	-0.018531317	-0.99975604	0.003829522	0	-0.06283186	0	-0.018531317	-0.99975604	0.003829522	4.380771e-21	-1
0	-0.018531317	-0.99975604	0.003829522	0	-0.06283186	0	-0.018531317	-0.99975604	0.003829522	4.380771e-21	1
0	-0.021867177	-0.9996877	0.003882608	0	-0.050265484	0	-0.021867177	-0.9996877	0.003882608	9.397899e-21	1
0	-0.02666146	-0.99957013	0.003946052	0	-0.03769911	0	-0.02666146	-0.99957013	0.003946052	1.4414569e-20	1
0	-0.034141477	-0.99934137	0.0040278747	0	-0.025132742	0	-0.034141477	-0.99934137	0.0040278747	1.9430411e-20	1
0	-0.03970246	-0.99913514	0.0040808734	0	-0.018849555	0	-0.03970246	-0.99913514	0.0040808734	2.1937775e-20	1
0	-0.047417898	-0.9987978	0.004147726	0	-0.012566371	0	-0.047417898	-0.9987978	0.004147726	2.4444468e-20	1
0	-0.052507356	-0.99854255	0.004188871	0	-0.009424778	0	-0.052507356	-0.99854255	0.004188871	2.5697437e-20	1
0	-0.05883264	-0.9981892	0.0042375745	0	-0.0062831854	0	-0.05883264	-0.9981892	0.0042375745	2.6950026e-20	1
0	-0.06511375	-0.99779844	0.004283798	0	-0.0037699111	0	-0.06511375	-0.99779844	0.004283798	2.7951722e-20	1
0	-0.068771616	-0.99755263	0.0043099076	0	-0.002513274	0	-0.068771616	-0.99755263	0.0043099076	2.8452406e-20	1
0	-0.07077817	-0.9974121	0.0043239826	0	-0.0018849556	0	-0.07077817	-0.9974121	0.0043239826	2.8702702e-20	1
0	-0.072904855	-0.99725866	0.004338725	0	-0.001256637	0	-0.072904855	-0.99725866	0.004338725	2.8952956e-20	1
0	-0.072904855	-0.99725866	0.004338725	0	-0.0010053096	0	-0.072904855	-0.99725866	0.004338725	2.9053052e-20	1
0	-0.07516217	-0.9970908	0.0043542073	0	-0.0006283185	0	-0.07516217	-0.9970908	0.0043542073	2.9203175e-20	1
0	-0.07653737	-0.99698603	0.004363584	0	-0.0002513274	0	-0.07653737	-0.99698603	0.004363584	2.9353283e-20	1
0	-0.07653737	-0.99698603	0.004363584	0	-0.0001256637	0	-0.07653737	-0.99698603	0.004363584	2.9403317e-20	1
0	-0.07653737	-0.99698603	0.004363584	0	-6.283185e-05	0	-0.07653737	-0.99698603	0.004363584	2.9428333e-20	1
0	-0.07653737	-0.99698603	0.004363584	0	-2.5132742e-05	0	-0.07653737	-0.99698603	0.004363584	2.9443342e-20	1
0	-0.07653737	-0.99698603	0.004363584	0	-1.2566371e-05	0	-0.07653737	-0.99698603	0.004363584	2.9448347e-20	1
0	-0.07653737	-0.99698603	0.004363584	0	-6.2831855e-06	0	-0.07653737	-0.99698603	0.004363584	2.9450848e-20	1
0	-0.07653737	-0.99698603	0.004363584	0	-2.513274e-06	0	-0.07653737	-0.99698603	0.004363584	2.945235e-20	1
0	-0.07653737	-0.99698603	0.004363584	0	-1.256637e-06	0	-0.07653737	-0.99698603	0.004363584	2.945285e-20	1
0	-0.07653737	-0.99698603	0.004363584	0	-6.283185e-07	0	-0.07653737	-0.99698603	0.004363584	2.94531e-20	1
0	-0.07653737	-0.99698603	0.004363584	0	-2.513274e-07	0	-0.07653737	-0.99698603	0.004363584	2.945325e-20	1
0	-0.07653737	-0.99698603	0.004363584	0	-1.256637e-07	0	-0.07653737	-0.99698603	0.004363584	2.94533e-20	1
0	-0.07653737	-0.99698603	0.004363584	0	0	0	-0.07653737	-0.99698603	0.004363584	2.945335e-20	1
0	-0.07653737	-0.99698603	0.004363584	0	1.256637e-07	0	-0.07653737	-0.99698603	0.004363584	2.94534e-20	1
0	-0.07653737	-0.99698603	0.004363584	0	2.513274e-07	0	-0.07653737	-0.99698603	0.004363584	2.945345e-20	1
0	-0.07653737	-0.99698603	0.004363584	0	6.283185e-07	0	-0.07653737	-0.99698603	0.004363584	2.94536e-20	1
0	-0.07653737	-0.99698603	0.004363584	0	1.256637e-06	0	-0.07653737	-0.99698603	0.004363584	2.945385e-20	1
0	-0.07653737	-0.99698603	0.004363584	0	2.513274e-06	0	-0.07653737	-0.99698603	0.004363584	2.945435e-20	1
0	-0.07653737	-0.99698603	0.004363584	0	6.2831855e-06	0	-0.07653737	-0.99698603	0.004363584	2.9455853e-20	1
0	-0.07653737	-0.99698603	0.004363584	0	1.2566371e-05	0	-0.07653737	-0.99698603	0.004363584	2.9458354e-20	1
0	-0.07653737	-0.99698603	0.004363584	0	2.5132742e-05	0	-0.07653737	-0.99698603	0.004363584	2.9463356e-20	1
0	-0.07653737	-0.99698603	0.004363584	0	6.283185e-05	0	-0.07653737	-0.99698603	0.004363584	2.9478368e-20	1
0	-0.07806003	-0.9968678	0.0043738214	0	0.0001256637	0	-0.07806003	-0.9968678	0.0043738214	2.9503374e-20	1
0	-0.07806003	-0.9968678	0.0043738214	0	0.0002513274	0	-0.07806003	-0.9968678	0.0043738214	2.9553402e-20	1
0	-0.080116235	-0.99670446	0.004387561	0	0.0006283185	0	-0.080116235	-0.99670446	0.004387561	2.9703468e-20	1
0	-0.08173946	-0.9965725	0.0043983134	0	0.0010053096	0	-0.08173946	-0.9965725	0.0043983134	2.9853517e-20	1
0	-0.08173946	-0.9965725	0.0043983134	0	0.001256637	0	-0.08173946	-0.9965725	0.0043983134	2.9953544e-20	1
0	-0.08579692	-0.99623096	0.004424829	0	0.0018849556	0	-0.08579692	-0.99623096	0.004424829	3.0203553e-20	1
0	-0.08895931	-0.9959532	0.004445147	0	0.002513274	0	-0.08895931	-0.9959532	0.004445147	3.04535e-20	1
0	-0.09607722	-0.9952909	0.004489823	0	0.0037699111	0	-0.09607722	-0.9952909	0.004489823	3.0953153e-20	1
0	-0.11479227	-0.9933042	0.00460078	0	0.0062831854	0	-0.11479227	-0.9933042	0.00460078	3.1951228e-20	1
0	-0.15500146	-0.987823	0.0048095556	0	0.009424778	0	-0.15500146	-0.987823	0.0048095556	3.3194606e-20	1
0	-0.8937601	0.4482465	-0.0024662393	0	0.012566371	0	-0.8937601	0.4482465	-0.0024662393	2.6569059e-20	1
0	0.039702766	0.9991351	-0.004080871	0	0.018849555	0	0.039702766	0.9991351	-0.004080871	2.1937772e-20	1
0	0.034144275	0.99934125	-0.0040278938	0	0.025132742	0	0.034144275	0.99934125	-0.0040278938	1.9430411e-20	1
0	0.026666857	0.99957	-0.003946089	0	0.03769911	0	0.026666857	0.99957	-0.003946089	1.4414569e-20	1
0	0.021869922	0.99968755	-0.0038826272	0	0.050265484	0	0.021869922	0.99968755	-0.0038826272	9.397896e-21	1
0	0.018532012	0.9997561	-0.0038295262	0	0.06283186	0	0.018532012	0.9997561	-0.0038295262	4.3807728e-21	1
