# t (s)	mx ()	my ()	mz ()	B_extx (T)	B_exty (T)	B_extz (T)	mx ()	my ()	mz ()	E_total (J)	branch ()
0	-0.016248792	0.99980164	-0.0017185574	0	0.06283186	0	-0.016248792	0.99980164	-0.0017185574	4.534445e-21	-1
0	-0.01917522	0.99974895	-0.00173146	0	0.050265484	0	-0.01917522	0.99974895	-0.00173146	9.551832e-21	-1
0	-0.023380425	0.9996586	-0.0017440156	0	0.03769911	0	-0.023380425	0.9996586	-0.0017440156	1.4568872e-20	-1
0	-0.029953431	0.99948233	-0.0017556486	0	0.025132742	0	-0.029953431	0.99948233	-0.0017556486	1.958528e-20	-1
0	-0.034833997	0.9993236	-0.0017607021	0	0.018849555	0	-0.034833997	0.9993236	-0.0017607021	2.2093047e-20	-1
0	-0.041597735	0.9990643	-0.0017647147	0	0.012566371	0	-0.041597735	0.9990643	-0.0017647147	2.4600305e-20	-1
0	-0.04605786	0.99886835	-0.0017660665	0	0.009424778	0	-0.04605786	0.99886835	-0.0017660665	2.585364e-20	-1
0	-0.05156567	0.9985987	-0.001766715	0	0.0062831854	0	-0.05156567	0.9985987	-0.001766715	2.710669e-20	-1
0	-0.057029493	0.99830115	-0.0017664903	0	0.0037699111	0	-0.057029493	0.99830115	-0.0017664903	2.8108838e-20	-1
0	-0.060220744	0.9981135	-0.0017660332	0	0.002513274	0	-0.060220744	0.9981135	-0.0017660332	2.8609793e-20	-1
0	-0.061954267	0.9980073	-0.0017656968	0	0.0018849556	0	-0.061954267	0.9980073	-0.0017656968	2.8860228e-20	-1
0	-0.063783616	0.9978919	-0.0017652826	0	0.001256637	0	-0.063783616	0.9978919	-0.0017652826	2.9110644e-20	-1
0	-0.063783616	0.9978919	-0.0017652826	0	0.0010053096	0	-0.063783616	0.9978919	-0.0017652826	2.92108e-20	-1
0	-0.065718636	0.99776626	-0.0017647869	0	0.0006283185	0	-0.065718636	0.99776626	-0.0017647869	2.9361025e-20	-1
0	-0.066945806	0.99768454	-0.0017644307	0	0.0002513274	0	-0.066945806	0.99768454	-0.0017644307	2.9511235e-20	-1
0	-0.066945806	0.99768454	-0.0017644307	0	0.0001256637	0	-0.066945806	0.99768454	-0.0017644307	2.9561306e-20	-1
0	-0.066945806	0.99768454	-0.0017644307	0	6.283185e-05	0	-0.066945806	0.99768454	-0.0017644307	2.958634e-20	-1
0	-0.066945806	0.99768454	-0.0017644307	0	2.5132742e-05	0	-0.066945806	0.99768454	-0.0017644307	2.960136e-20	-1
0	-0.066945806	0.99768454	-0.0017644307	0	1.2566371e-05	0	-0.066945806	0.99768454	-0.0017644307	2.9606368e-20	-1
0	-0.066945806	0.99768454	-0.0017644307	0	6.2831855e-06	0	-0.066945806	0.99768454	-0.0017644307	2.9608872e-20	-1
0	-0.066945806	0.99768454	-0.0017644307	0	2.513274e-06	0	-0.066945806	0.99768454	-0.0017644307	2.961037e-20	-1
0	-0.066945806	0.99768454	-0.0017644307	0	1.256637e-06	0	-0.066945806	0.99768454	-0.0017644307	2.9610872e-20	-1
0	-0.066945806	0.99768454	-0.0017644307	0	6.283185e-07	0	-0.066945806	0.99768454	-0.0017644307	2.9611124e-20	-1
0	-0.066945806	0.99768454	-0.0017644307	0	2.513274e-07	0	-0.066945806	0.99768454	-0.0017644307	2.9611273e-20	-1
0	-0.066945806	0.99768454	-0.0017644307	0	1.256637e-07	0	-0.066945806	0.99768454	-0.0017644307	2.9611324e-20	-1
0	-0.066945806	0.99768454	-0.0017644307	0	0	0	-0.066945806	0.99768454	-0.0017644307	2.9611373e-20	-1
0	-0.066945806	0.99768454	-0.0017644307	0	-1.256637e-07	0	-0.066945806	0.99768454	-0.0017644307	2.9611424e-20	-1
0	-0.066945806	0.99768454	-0.0017644307	0	-2.513274e-07	0	-0.066945806	0.99768454	-0.0017644307	2.9611473e-20	-1
0	-0.066945806	0.99768454	-0.0017644307	0	-6.283185e-07	0	-0.066945806	0.99768454	-0.0017644307	2.9611625e-20	-1
0	-0.066945806	0.99768454	-0.0017644307	0	-1.256637e-06	0	-0.066945806	0.99768454	-0.0017644307	2.9611874e-20	-1
0	-0.066945806	0.99768454	-0.0017644307	0	-2.513274e-06	0	-0.066945806	0.99768454	-0.0017644307	2.9612374e-20	-1
0	-0.066945806	0.99768454	-0.0017644307	0	-6.2831855e-06	0	-0.066945806	0.99768454	-0.0017644307	2.9613877e-20	-1
0	-0.066945806	0.99768454	-0.0017644307	0	-1.2566371e-05	0	-0.066945806	0.99768454	-0.0017644307	2.961638e-20	-1
0	-0.066945806	0.99768454	-0.0017644307	0	-2.5132742e-05	0	-0.066945806	0.99768454	-0.0017644307	2.9621386e-20	-1
0	-0.06799531	0.9976135	-0.0017641094	0	-6.283185e-05	0	-0.06799531	0.9976135	-0.0017641094	2.9636405e-20	-1
0	-0.06799531	0.9976135	-0.0017641094	0	-0.0001256637	0	-0.06799531	0.9976135	-0.0017641094	2.9661437e-20	-1
0	-0.06799531	0.9976135	-0.0017641094	0	-0.0002513274	0	-0.06799531	0.9976135	-0.0017641094	2.97115e-20	-1
0	-0.070001036	0.9974746	-0.0017634432	0	-0.0006283185	0	-0.070001036	0.9974746	-0.0017634432	2.9861682e-20	-1
0	-0.0713704	0.9973774	-0.0017629657	0	-0.0010053096	0	-0.0713704	0.9973774	-0.0017629657	3.0011848e-20	-1
0	-0.0713704	0.9973774	-0.0017629657	0	-0.001256637	0	-0.0713704	0.9973774	-0.0017629657	3.0111956e-20	-1
0	-0.07485076	0.99712205	-0.0017616015	0	-0.0018849556	0	-0.07485076	0.99712205	-0.0017616015	3.0362178e-20	-1
0	-0.077492446	0.99692005	-0.0017604857	0	-0.002513274	0	-0.077492446	0.99692005	-0.0017604857	3.0612352e-20	-1
0	-0.083545595	0.9964306	-0.0017575547	0	-0.0037699111	0	-0.083545595	0.9964306	-0.0017575547	3.111254e-20	-1
0	-0.09895159	0.9950175	-0.0017483886	0	-0.0062831854	0	-0.09895159	0.9950175	-0.0017483886	3.211201e-20	-1
0	-0.1296899	0.9914768	-0.0017241086	0	-0.009424778	0	-0.1296899	0.9914768	-0.0017241086	3.335848e-20	-1
0	-0.2101355	0.9775828	-0.0016321908	0	-0.012566371	0	-0.2101355	0.9775828	-0.0016321908	3.4596545e-20	-1
0	0.03482864	-0.9993238	0.0017607048	0	-0.018849555	0	0.03482864	-0.9993238	0.0017607048	2.2093046e-20	-1
0	0.029961687	-0.99948215	0.001755641	0	-0.025132742	0	0.029961687	-0.99948215	0.001755641	1.9585278e-20	-1
0	0.023393145	-0.99965835	0.0017440133	0	-0.03769911	0	0.023393145	-0.99965835	0.0017440133	1.4568877e-20	-1
0	0.019178376	-0.99974895	0.0017314589	0	-0.050265484	0	0.019178376	-0.99974895	0.0017314589	9.551831e-21	-1
0	0.016250642	-0.99980164	0.0017185538	0	-0.06283186	0	0.016250642	-0.99980164	0.0017185538	4.5344397e-21	-1
0	0.016250642	-0.99980164	0.0017185538	0	-0.06283186	0	0.016250642	-0.99980164	0.0017185538	4.5344397e-21	1
0	0.01917884	-0.99974895	0.0017314686	0	-0.050265484	0	0.01917884	-0.99974895	0.0017314686	9.5518285e-21	1
0	0.023390798	-0.9996584	0.0017440063	0	-0.03769911	0	0.023390798	-0.9996584	0.0017440063	1.4568874e-20	1
0	0.029954381	-0.9994823	0.0017556445	0	-0.025132742	0	0.029954381	-0.9994823	0.0017556445	1.9585277e-20	1
0	0.03482932	-0.9993238	0.0017607058	0	-0.018849555	0	0.03482932	-0.9993238	0.0017607058	2.2093044e-20	1
0	0.041587677	-0.9990647	0.0017647196	0	-0.012566371	0	0.041587677	-0.9990647	0.0017647196	2.4600306e-20	1
0	0.046049483	-0.9988687	0.0017660665	0	-0.009424778	0	0.046049483	-0.9988687	0.0017660665	2.5853643e-20	1
0	0.051579043	-0.998598	0.001766708	0	-0.0062831854	0	0.051579043	-0.998598	0.001766708	2.710669e-20	1
0	0.05703581	-0.9983008	0.0017664784	0	-0.0037699111	0	0.05703581	-0.9983008	0.0017664784	2.8108838e-20	1
0	0.060222194	-0.99811345	0.0017660181	0	-0.002513274	0	0.060222194	-0.99811345	0.0017660181	2.8609793e-20	1
0	0.06195777	-0.99800706	0.0017656949	0	-0.0018849556	0	0.06195777	-0.99800706	0.0017656949	2.8860228e-20	1
0	0.06378567	-0.9978918	0.001765282	0	-0.001256637	0	0.06378567	-0.9978918	0.001765282	2.911064e-20	1
0	0.06378567	-0.9978918	0.001765282	0	-0.0010053096	0	0.06378567	-0.9978918	0.001765282	2.92108e-20	1
0	0.0657298	-0.99776554	0.0017647753	0	-0.0006283185	0	0.0657298	-0.99776554	0.0017647753	2.936102e-20	1
0	0.06692322	-0.997686	0.0017644442	0	-0.0002513274	0	0.06692322	-0.997686	0.0017644442	2.9511235e-20	1
0	0.06736054	-0.9976566	0.0017643056	0	-0.0001256637	0	0.06736054	-0.9976566	0.0017643056	2.9561303e-20	1
0	0.06736054	-0.9976566	0.0017643056	0	-6.283185e-05	0	0.06736054	-0.9976566	0.0017643056	2.9586338e-20	1
0	0.06736054	-0.9976566	0.0017643056	0	-2.5132742e-05	0	0.06736054	-0.9976566	0.0017643056	2.9601356e-20	1
0	0.06736054	-0.9976566	0.0017643056	0	-1.2566371e-05	0	0.06736054	-0.9976566	0.0017643056	2.9606364e-20	1
0	0.06736054	-0.9976566	0.0017643056	0	-6.2831855e-06	0	0.06736054	-0.9976566	0.0017643056	2.9608865e-20	1
0	0.06736054	-0.9976566	0.0017643056	0	-2.513274e-06	0	0.06736054	-0.9976566	0.0017643056	2.9610368e-20	1
0	0.06736054	-0.9976566	0.0017643056	0	-1.256637e-06	0	0.06736054	-0.9976566	0.0017643056	2.961087e-20	1
0	0.06736054	-0.9976566	0.0017643056	0	-6.283185e-07	0	0.06736054	-0.9976566	0.0017643056	2.961112e-20	1
0	0.06736054	-0.9976566	0.0017643056	0	-2.513274e-07	0	0.06736054	-0.9976566	0.0017643056	2.961127e-20	1
0	0.06736054	-0.9976566	0.0017643056	0	-1.256637e-07	0	0.06736054	-0.9976566	0.0017643056	2.961132e-20	1
0	0.06736054	-0.9976566	0.0017643056	0	0	0	0.06736054	-0.9976566	0.0017643056	2.961137e-20	1
0	0.06736054	-0.9976566	0.0017643056	0	1.256637e-07	0	0.06736054	-0.9976566	0.0017643056	2.961142e-20	1
0	0.06736054	-0.9976566	0.0017643056	0	2.513274e-07	0	0.06736054	-0.9976566	0.0017643056	2.961147e-20	1
0	0.06736054	-0.9976566	0.0017643056	0	6.283185e-07	0	0.06736054	-0.9976566	0.0017643056	2.961162e-20	1
0	0.06736054	-0.9976566	0.0017643056	0	1.256637e-06	0	0.06736054	-0.9976566	0.0017643056	2.961187e-20	1
0	0.06736054	-0.9976566	0.0017643056	0	2.513274e-06	0	0.06736054	-0.9976566	0.0017643056	2.961237e-20	1
0	0.06736054	-0.9976566	0.0017643056	0	6.2831855e-06	0	0.06736054	-0.9976566	0.0017643056	2.9613874e-20	1
0	0.06736054	-0.9976566	0.0017643056	0	1.2566371e-05	0	0.06736054	-0.9976566	0.0017643056	2.9616378e-20	1
0	0.06736054	-0.9976566	0.0017643056	0	2.5132742e-05	0	0.06736054	-0.9976566	0.0017643056	2.9621383e-20	1
0	0.06736054	-0.9976566	0.0017643056	0	6.283185e-05	0	0.06736054	-0.9976566	0.0017643056	2.9636405e-20	1
0	0.06736054	-0.9976566	0.0017643056	0	0.0001256637	0	0.06736054	-0.9976566	0.0017643056	2.9661437e-20	1
0	0.06864382	-0.9975691	0.0017639031	0	0.0002513274	0	0.06864382	-0.9975691	0.0017639031	2.9711497e-20	1
0	0.069996834	-0.9974749	0.0017634463	0	0.0006283185	0	0.069996834	-0.9974749	0.0017634463	2.986168e-20	1
0	0.07136484	-0.9973779	0.001762963	0	0.0010053096	0	0.07136484	-0.9973779	0.001762963	3.001185e-20	1
0	0.07136484	-0.9973779	0.001762963	0	0.001256637	0	0.07136484	-0.9973779	0.001762963	3.011196e-20	1
0	0.074820966	-0.9971243	0.0017616278	0	0.0018849556	0	0.074820966	-0.9971243	0.0017616278	3.036218e-20	1
0	0.07752382	-0.9969176	0.0017604658	0	0.002513274	0	0.07752382	-0.9969176	0.0017604658	3.0612358e-20	1
0	0.08352808	-0.996432	0.0017575701	0	0.0037699111	0	0.08352808	-0.996432	0.0017575701	3.1112544e-20	1
0	0.098955154	-0.9950172	0.0017483858	0	0.0062831854	0	0.098955154	-0.9950172	0.0017483858	3.211201e-20	1
0	0.12968293	-0.99147767	0.0017241164	0	0.009424778	0	0.12968293	-0.99147767	0.0017241164	3.3358478e-20	1
0	0.21038511	-0.97752917	0.0016318471	0	0.012566371	0	0.21038511	-0.97752917	0.0016318471	3.4596545e-20	1
0	-0.034837544	0.9993235	-0.0017607001	0	0.018849555	0	-0.034837544	0.9993235	-0.0017607001	2.2093047e-20	1
0	-0.029959353	0.99948215	-0.0017556398	0	0.025132742	0	-0.029959353	0.99948215	-0.0017556398	1.9585278e-20	1
0	-0.02339311	0.99965835	-0.0017440107	0	0.03769911	0	-0.02339311	0.99965835	-0.0017440107	1.4568874e-20	1
0	-0.019182555	0.9997488	-0.0017314572	0	0.050265484	0	-0.019182555	0.9997488	-0.0017314572	9.551831e-21	1
0	-0.016249608	0.99980164	-0.0017185584	0	0.06283186	0	-0.016249608	0.99980164	-0.0017185584	4.5344426e-21	1
