# t (s)	mx ()	my ()	mz ()	B_extx (T)	B_exty (T)	B_extz (T)	mx ()	my ()	mz ()	E_total (J)	branch ()
0	0.98665124	0.16230664	0.004960496	0.06283186	0	0	0.98665124	0.16230664	0.004960496	4.326945e-21	-1
0	0.97990704	0.19897929	0.0052788784	0.050265484	0	0	0.97990704	0.19897929	0.0052788784	9.263002e-21	-1
0	0.96840286	0.2489695	0.0057002297	0.03769911	0	0	0.96840286	0.2489695	0.0057002297	1.41544e-20	-1
0	0.94853246	0.31629902	0.0062353206	0.025132742	0	0	0.94853246	0.31629902	0.0062353206	1.8969012e-20	-1
0	0.9336476	0.3578279	0.0065374207	0.018849555	0	0	0.9336476	0.3578279	0.0065374207	2.1331317e-20	-1
0	0.9138546	0.40569013	0.006848137	0.012566371	0	0	0.9138546	0.40569013	0.006848137	2.3650433e-20	-1
0	0.9014998	0.4324346	0.0069999592	0.009424778	0	0	0.9014998	0.4324346	0.0069999592	2.4789425e-20	-1
0	0.8869883	0.46145353	0.007143576	0.0062831854	0	0	0.8869883	0.46145353	0.007143576	2.5911612e-20	-1
0	0.8734021	0.48666695	0.0072480654	0.0037699111	0	0	0.8734021	0.48666695	0.0072480654	2.6795233e-20	-1
0	0.865813	0.500038	0.0072950115	0.002513274	0	0	0.865813	0.500038	0.0072950115	2.723167e-20	-1
0	0.86178124	0.5069519	0.007316822	0.0018849556	0	0	0.86178124	0.5069519	0.007316822	2.744842e-20	-1
0	0.85757965	0.5140246	0.0073373416	0.001256637	0	0	0.85757965	0.5140246	0.0073373416	2.7664138e-20	-1
0	0.85757965	0.5140246	0.0073373416	0.0010053096	0	0	0.85757965	0.5140246	0.0073373416	2.7750213e-20	-1
0	0.8531778	0.5212954	0.0073564663	0.0006283185	0	0	0.8531778	0.5212954	0.0073564663	2.7878775e-20	-1
0	0.85045314	0.52572703	0.0073671285	0.0002513274	0	0	0.85045314	0.52572703	0.0073671285	2.8007024e-20	-1
0	0.85045314	0.52572703	0.0073671285	0.0001256637	0	0	0.85045314	0.52572703	0.0073671285	2.8049704e-20	-1
0	0.85045314	0.52572703	0.0073671285	6.283185e-05	0	0	0.85045314	0.52572703	0.0073671285	2.8071043e-20	-1
0	0.85045314	0.52572703	0.0073671285	2.5132742e-05	0	0	0.85045314	0.52572703	0.0073671285	2.8083848e-20	-1
0	0.85045314	0.52572703	0.0073671285	1.2566371e-05	0	0	0.85045314	0.52572703	0.0073671285	2.8088116e-20	-1
0	0.85045314	0.52572703	0.0073671285	6.2831855e-06	0	0	0.85045314	0.52572703	0.0073671285	2.809025e-20	-1
0	0.85045314	0.52572703	0.0073671285	2.513274e-06	0	0	0.85045314	0.52572703	0.0073671285	2.809153e-20	-1
0	0.85045314	0.52572703	0.0073671285	1.256637e-06	0	0	0.85045314	0.52572703	0.0073671285	2.8091955e-20	-1
0	0.85045314	0.52572703	0.0073671285	6.283185e-07	0	0	0.85045314	0.52572703	0.0073671285	2.8092168e-20	-1
0	0.85045314	0.52572703	0.0073671285	2.513274e-07	0	0	0.85045314	0.52572703	0.0073671285	2.8092298e-20	-1
0	0.85045314	0.52572703	0.0073671285	1.256637e-07	0	0	0.85045314	0.52572703	0.0073671285	2.809234e-20	-1
0	0.85045314	0.52572703	0.0073671285	0	0	0	0.85045314	0.52572703	0.0073671285	2.809238e-20	-1
0	0.85045314	0.52572703	0.0073671285	-1.256637e-07	0	0	0.85045314	0.52572703	0.0073671285	2.8092427e-20	-1
0	0.85045314	0.52572703	0.0073671285	-2.513274e-07	0	0	0.85045314	0.52572703	0.0073671285	2.809247e-20	-1
0	0.85045314	0.52572703	0.0073671285	-6.283185e-07	0	0	0.85045314	0.52572703	0.0073671285	2.8092598e-20	-1
0	0.85045314	0.52572703	0.0073671285	-1.256637e-06	0	0	0.85045314	0.52572703	0.0073671285	2.809281e-20	-1
0	0.85045314	0.52572703	0.0073671285	-2.513274e-06	0	0	0.85045314	0.52572703	0.0073671285	2.8093238e-20	-1
0	0.85045314	0.52572703	0.0073671285	-6.2831855e-06	0	0	0.85045314	0.52572703	0.0073671285	2.8094517e-20	-1
0	0.85045314	0.52572703	0.0073671285	-1.2566371e-05	0	0	0.85045314	0.52572703	0.0073671285	2.809665e-20	-1
0	0.85045314	0.52572703	0.0073671285	-2.5132742e-05	0	0	0.85045314	0.52572703	0.0073671285	2.8100918e-20	-1
0	0.85045314	0.52572703	0.0073671285	-6.283185e-05	0	0	0.85045314	0.52572703	0.0073671285	2.8113724e-20	-1
0	0.8476447	0.5302416	0.0073771924	-0.0001256637	0	0	0.8476447	0.5302416	0.0073771924	2.8134852e-20	-1
0	0.8476447	0.5302416	0.0073771924	-0.0002513274	0	0	0.8476447	0.5302416	0.0073771924	2.817739e-20	-1
0	0.84378	0.536368	0.00738954	-0.0006283185	0	0	0.84378	0.536368	0.00738954	2.830462e-20	-1
0	0.8407718	0.5410696	0.007397967	-0.0010053096	0	0	0.8407718	0.5410696	0.007397967	2.843143e-20	-1
0	0.8407718	0.5410696	0.007397967	-0.001256637	0	0	0.8407718	0.5410696	0.007397967	2.8515817e-20	-1
0	0.8333767	0.55238813	0.0074144155	-0.0018849556	0	0	0.8333767	0.55238813	0.0074144155	2.8725504e-20	-1
0	0.8277677	0.56075585	0.007422985	-0.002513274	0	0	0.8277677	0.56075585	0.007422985	2.893392e-20	-1
0	0.81547564	0.57848096	0.007430506	-0.0037699111	0	0	0.81547564	0.57848096	0.007430506	2.934631e-20	-1
0	0.78502166	0.6191699	0.007388221	-0.0062831854	0	0	0.78502166	0.6191699	0.007388221	3.015032e-20	-1
0	0.7211176	0.6925406	0.0070631923	-0.009424778	0	0	0.7211176	0.6925406	0.0070631923	3.1100424e-20	-1
0	-0.6739159	0.7385731	-0.0049849804	-0.012566371	0	0	-0.6739159	0.7385731	-0.0049849804	2.4842845e-20	-1
0	-0.7923455	0.6098014	-0.0039053378	-0.018849555	0	0	-0.7923455	0.6098014	-0.0039053378	2.301456e-20	-1
0	-0.9485363	-0.31628788	-0.00623524	-0.025132742	0	0	-0.9485363	-0.31628788	-0.00623524	1.8969016e-20	-1
0	-0.96840125	-0.24897599	-0.005700284	-0.03769911	0	0	-0.96840125	-0.24897599	-0.005700284	1.4154401e-20	-1
0	-0.97990525	-0.1989882	-0.0052789506	-0.050265484	0	0	-0.97990525	-0.1989882	-0.0052789506	9.263003e-21	-1
0	-0.9866501	-0.16231394	-0.0049605593	-0.06283186	0	0	-0.9866501	-0.16231394	-0.0049605593	4.326946e-21	-1
0	-0.9866501	-0.16231394	-0.0049605593	-0.06283186	0	0	-0.9866501	-0.16231394	-0.0049605593	4.326946e-21	1
0	-0.9799074	-0.19897753	-0.005278865	-0.050265484	0	0	-0.9799074	-0.19897753	-0.005278865	9.2630036e-21	1
0	-0.9684032	-0.24896836	-0.005700226	-0.03769911	0	0	-0.9684032	-0.24896836	-0.005700226	1.4154401e-20	1
0	-0.9485352	-0.31629103	-0.0062352633	-0.025132742	0	0	-0.9485352	-0.31629103	-0.0062352633	1.8969014e-20	1
0	-0.9336467	-0.3578303	-0.0065374374	-0.018849555	0	0	-0.9336467	-0.3578303	-0.0065374374	2.1331313e-20	1
0	-0.9138546	-0.4056903	-0.0068481397	-0.012566371	0	0	-0.9138546	-0.4056903	-0.0068481397	2.3650438e-20	1
0	-0.9014907	-0.43245345	-0.0070000538	-0.009424778	0	0	-0.9014907	-0.43245345	-0.0070000538	2.4789425e-20	1
0	-0.8869895	-0.46145135	-0.007143567	-0.0062831854	0	0	-0.8869895	-0.46145135	-0.007143567	2.5911612e-20	1
0	-0.8734044	-0.486663	-0.0072480515	-0.0037699111	0	0	-0.8734044	-0.486663	-0.0072480515	2.6795233e-20	1
0	-0.8658203	-0.5000255	-0.0072949743	-0.002513274	0	0	-0.8658203	-0.5000255	-0.0072949743	2.7231668e-20	1
0	-0.86178267	-0.50694954	-0.0073168203	-0.0018849556	0	0	-0.86178267	-0.50694954	-0.0073168203	2.7448418e-20	1
0	-0.8575758	-0.5140312	-0.0073373597	-0.001256637	0	0	-0.8575758	-0.5140312	-0.0073373597	2.7664135e-20	1
0	-0.8558426	-0.51691055	-0.0073451735	-0.0010053096	0	0	-0.8558426	-0.51691055	-0.0073451735	2.7750126e-20	1
0	-0.8531836	-0.5212858	-0.0073564453	-0.0006283185	0	0	-0.8531836	-0.5212858	-0.0073564453	2.7878772e-20	1
0	-0.85045266	-0.5257278	-0.0073671285	-0.0002513274	0	0	-0.85045266	-0.5257278	-0.0073671285	2.8007024e-20	1
0	-0.85045266	-0.5257278	-0.0073671285	-0.0001256637	0	0	-0.85045266	-0.5257278	-0.0073671285	2.8049704e-20	1
0	-0.85045266	-0.5257278	-0.0073671285	-6.283185e-05	0	0	-0.85045266	-0.5257278	-0.0073671285	2.8071043e-20	1
0	-0.85045266	-0.5257278	-0.0073671285	-2.5132742e-05	0	0	-0.85045266	-0.5257278	-0.0073671285	2.8083848e-20	1
0	-0.85045266	-0.5257278	-0.0073671285	-1.2566371e-05	0	0	-0.85045266	-0.5257278	-0.0073671285	2.8088116e-20	1
0	-0.85045266	-0.5257278	-0.0073671285	-6.2831855e-06	0	0	-0.85045266	-0.5257278	-0.0073671285	2.809025e-20	1
0	-0.85045266	-0.5257278	-0.0073671285	-2.513274e-06	0	0	-0.85045266	-0.5257278	-0.0073671285	2.809153e-20	1
0	-0.85045266	-0.5257278	-0.0073671285	-1.256637e-06	0	0	-0.85045266	-0.5257278	-0.0073671285	2.8091955e-20	1
0	-0.85045266	-0.5257278	-0.0073671285	-6.283185e-07	0	0	-0.85045266	-0.5257278	-0.0073671285	2.809217e-20	1
0	-0.85045266	-0.5257278	-0.0073671285	-2.513274e-07	0	0	-0.85045266	-0.5257278	-0.0073671285	2.8092298e-20	1
0	-0.85045266	-0.5257278	-0.0073671285	-1.256637e-07	0	0	-0.85045266	-0.5257278	-0.0073671285	2.809234e-20	1
0	-0.85045266	-0.5257278	-0.0073671285	0	0	0	-0.85045266	-0.5257278	-0.0073671285	2.8092385e-20	1
0	-0.85045266	-0.5257278	-0.0073671285	1.256637e-07	0	0	-0.85045266	-0.5257278	-0.0073671285	2.8092427e-20	1
0	-0.85045266	-0.5257278	-0.0073671285	2.513274e-07	0	0	-0.85045266	-0.5257278	-0.0073671285	2.809247e-20	1
0	-0.85045266	-0.5257278	-0.0073671285	6.283185e-07	0	0	-0.85045266	-0.5257278	-0.0073671285	2.8092598e-20	1
0	-0.85045266	-0.5257278	-0.0073671285	1.256637e-06	0	0	-0.85045266	-0.5257278	-0.0073671285	2.809281e-20	1
0	-0.85045266	-0.5257278	-0.0073671285	2.513274e-06	0	0	-0.85045266	-0.5257278	-0.0073671285	2.8093238e-20	1
0	-0.85045266	-0.5257278	-0.0073671285	6.2831855e-06	0	0	-0.85045266	-0.5257278	-0.0073671285	2.8094517e-20	1
0	-0.85045266	-0.5257278	-0.0073671285	1.2566371e-05	0	0	-0.85045266	-0.5257278	-0.0073671285	2.809665e-20	1
0	-0.85045266	-0.5257278	-0.0073671285	2.5132742e-05	0	0	-0.85045266	-0.5257278	-0.0073671285	2.8100918e-20	1
0	-0.85045266	-0.5257278	-0.0073671285	6.283185e-05	0	0	-0.85045266	-0.5257278	-0.0073671285	2.8113724e-20	1
0	-0.8476392	-0.53025043	-0.007377208	0.0001256637	0	0	-0.8476392	-0.53025043	-0.007377208	2.8134852e-20	1
0	-0.8476392	-0.53025043	-0.007377208	0.0002513274	0	0	-0.8476392	-0.53025043	-0.007377208	2.817739e-20	1
0	-0.84377086	-0.53638244	-0.007389564	0.0006283185	0	0	-0.84377086	-0.53638244	-0.007389564	2.830462e-20	1
0	-0.8407694	-0.5410732	-0.007397972	0.0010053096	0	0	-0.8407694	-0.5410732	-0.007397972	2.8431425e-20	1
0	-0.8407694	-0.5410732	-0.007397972	0.001256637	0	0	-0.8407694	-0.5410732	-0.007397972	2.8515814e-20	1
0	-0.833382	-0.5523801	-0.007414409	0.0018849556	0	0	-0.833382	-0.5523801	-0.007414409	2.8725504e-20	1
0	-0.8277671	-0.56075674	-0.0074229855	0.002513274	0	0	-0.8277671	-0.56075674	-0.0074229855	2.893392e-20	1
0	0.5329404	-0.84596217	0.0058776718	0.0037699111	0	0	0.5329404	-0.84596217	0.0058776718	2.6964661e-20	1
0	0.57427084	-0.8184618	0.005674379	0.0062831854	0	0	0.57427084	-0.8184618	0.005674379	2.640886e-20	1
0	0.62409884	-0.781126	0.0053623714	0.009424778	0	0	0.62409884	-0.781126	0.0053623714	2.5656989e-20	1
0	0.67390597	-0.7385821	0.0049850615	0.012566371	0	0	0.67390597	-0.7385821	0.0049850615	2.4842846e-20	1
0	0.792364	-0.60977745	0.00390516	0.018849555	0	0	0.792364	-0.60977745	0.00390516	2.301456e-20	1
0	0.94853526	0.31629074	0.0062352642	0.025132742	0	0	0.94853526	0.31629074	0.0062352642	1.8969016e-20	1
0	0.9683982	0.24898753	0.0057003736	0.03769911	0	0	0.9683982	0.24898753	0.0057003736	1.4154403e-20	1
0	0.97990525	0.198988	0.0052789412	0.050265484	0	0	0.97990525	0.198988	0.0052789412	9.263e-21	1
0	0.9866495	0.16231713	0.004960579	0.06283186	0	0	0.9866495	0.16231713	0.004960579	4.326948e-21	1
