# t (s)	mx ()	my ()	mz ()	B_extx (T)	B_exty (T)	B_extz (T)	mx ()	my ()	mz ()	E_total (J)	branch ()
0	0.07582804	0.9970518	0.002519941	0	0.06283186	0	0.07582804	0.9970518	0.002519941	2.491229e-21	-1
0	0.08645557	0.99618506	0.0025494695	0	0.050265484	0	0.08645557	0.99618506	0.0025494695	7.492907e-21	-1
0	0.10040991	0.99487364	0.0025815428	0	0.03769911	0	0.10040991	0.99487364	0.0025815428	1.24892204e-20	-1
0	0.119465895	0.9927633	0.0026163957	0	0.025132742	0	0.119465895	0.9927633	0.0026163957	1.7477152e-20	-1
0	0.13183871	0.9911945	0.0026346883	0	0.018849555	0	0.13183871	0.9911945	0.0026346883	1.9966371e-20	-1
0	0.1469311	0.98906785	0.0026530947	0	0.012566371	0	0.1469311	0.98906785	0.0026530947	2.2451002e-20	-1
0	0.1558033	0.98770785	0.0026620703	0	0.009424778	0	0.1558033	0.98770785	0.0026620703	2.3691086e-20	-1
0	0.16573954	0.9860878	0.00267061	0	0.0062831854	0	0.16573954	0.9860878	0.00267061	2.4929301e-20	-1
0	0.17463481	0.9845501	0.0026769093	0	0.0037699111	0	0.17463481	0.9845501	0.0026769093	2.5918288e-20	-1
0	0.17943102	0.9836867	0.0026797955	0	0.002513274	0	0.17943102	0.9836867	0.0026797955	2.6412174e-20	-1
0	0.18194288	0.98322475	0.002681173	0	0.0018849556	0	0.18194288	0.98322475	0.002681173	2.6658947e-20	-1
0	0.18450198	0.9827474	0.002682454	0	0.001256637	0	0.18450198	0.9827474	0.002682454	2.6905605e-20	-1
0	0.18450198	0.9827474	0.002682454	0	0.0010053096	0	0.18450198	0.9827474	0.002682454	2.7004243e-20	-1
0	0.18714511	0.98224705	0.002683681	0	0.0006283185	0	0.18714511	0.98224705	0.002683681	2.7152133e-20	-1
0	0.18877095	0.9819356	0.00268438	0	0.0002513274	0	0.18877095	0.9819356	0.00268438	2.7299998e-20	-1
0	0.18877095	0.9819356	0.00268438	0	0.0001256637	0	0.18877095	0.9819356	0.00268438	2.7349276e-20	-1
0	0.18877095	0.9819356	0.00268438	0	6.283185e-05	0	0.18877095	0.9819356	0.00268438	2.7373914e-20	-1
0	0.18877095	0.9819356	0.00268438	0	2.5132742e-05	0	0.18877095	0.9819356	0.00268438	2.73887e-20	-1
0	0.18877095	0.9819356	0.00268438	0	1.2566371e-05	0	0.18877095	0.9819356	0.00268438	2.7393627e-20	-1
0	0.18877095	0.9819356	0.00268438	0	6.2831855e-06	0	0.18877095	0.9819356	0.00268438	2.739609e-20	-1
0	0.18877095	0.9819356	0.00268438	0	2.513274e-06	0	0.18877095	0.9819356	0.00268438	2.739757e-20	-1
0	0.18877095	0.9819356	0.00268438	0	1.256637e-06	0	0.18877095	0.9819356	0.00268438	2.739806e-20	-1
0	0.18877095	0.9819356	0.00268438	0	6.283185e-07	0	0.18877095	0.9819356	0.00268438	2.739831e-20	-1
0	0.18877095	0.9819356	0.00268438	0	2.513274e-07	0	0.18877095	0.9819356	0.00268438	2.7398455e-20	-1
0	0.18877095	0.9819356	0.00268438	0	1.256637e-07	0	0.18877095	0.9819356	0.00268438	2.7398506e-20	-1
0	0.18877095	0.9819356	0.00268438	0	0	0	0.18877095	0.9819356	0.00268438	2.7398555e-20	-1
0	0.18877095	0.9819356	0.00268438	0	-1.256637e-07	0	0.18877095	0.9819356	0.00268438	2.7398603e-20	-1
0	0.18877095	0.9819356	0.00268438	0	-2.513274e-07	0	0.18877095	0.9819356	0.00268438	2.7398652e-20	-1
0	0.18877095	0.9819356	0.00268438	0	-6.283185e-07	0	0.18877095	0.9819356	0.00268438	2.73988e-20	-1
0	0.18877095	0.9819356	0.00268438	0	-1.256637e-06	0	0.18877095	0.9819356	0.00268438	2.7399046e-20	-1
0	0.18877095	0.9819356	0.00268438	0	-2.513274e-06	0	0.18877095	0.9819356	0.00268438	2.739954e-20	-1
0	0.18877095	0.9819356	0.00268438	0	-6.2831855e-06	0	0.18877095	0.9819356	0.00268438	2.7401017e-20	-1
0	0.18877095	0.9819356	0.00268438	0	-1.2566371e-05	0	0.18877095	0.9819356	0.00268438	2.7403482e-20	-1
0	0.18877095	0.9819356	0.00268438	0	-2.5132742e-05	0	0.18877095	0.9819356	0.00268438	2.740841e-20	-1
0	0.18877095	0.9819356	0.00268438	0	-6.283185e-05	0	0.18877095	0.9819356	0.00268438	2.7423192e-20	-1
0	0.19041604	0.9816177	0.0026850495	0	-0.0001256637	0	0.19041604	0.9816177	0.0026850495	2.7447808e-20	-1
0	0.19041604	0.9816177	0.0026850495	0	-0.0002513274	0	0.19041604	0.9816177	0.0026850495	2.749707e-20	-1
0	0.19266471	0.98117846	0.0026858929	0	-0.0006283185	0	0.19266471	0.98117846	0.0026858929	2.764481e-20	-1
0	0.19438025	0.9808398	0.002686486	0	-0.0010053096	0	0.19438025	0.9808398	0.002686486	2.779251e-20	-1
0	0.19438025	0.9808398	0.002686486	0	-0.001256637	0	0.19438025	0.9808398	0.002686486	2.7890957e-20	-1
0	0.19851175	0.98001134	0.0026877224	0	-0.0018849556	0	0.19851175	0.98001134	0.0026877224	2.813693e-20	-1
0	0.20157707	0.9793849	0.0026884673	0	-0.002513274	0	0.20157707	0.9793849	0.0026884673	2.8382758e-20	-1
0	0.20799413	0.9780412	0.0026895513	0	-0.0037699111	0	0.20799413	0.9780412	0.0026895513	2.8873928e-20	-1
0	0.22218868	0.97491217	0.0026896573	0	-0.0062831854	0	0.22218868	0.97491217	0.0026896573	2.9854076e-20	-1
0	0.2431061	0.96990407	0.0026839203	0	-0.009424778	0	0.2431061	0.96990407	0.0026839203	3.1074232e-20	-1
0	0.2690254	0.9630319	0.0026667016	0	-0.012566371	0	0.2690254	0.9630319	0.0026667016	3.228703e-20	-1
0	0.3547092	0.9348544	0.0025217286	0	-0.018849555	0	0.3547092	0.9348544	0.0025217286	3.4674885e-20	-1
0	-0.11947054	-0.9927627	-0.0026163994	0	-0.025132742	0	-0.11947054	-0.9927627	-0.0026163994	1.7477152e-20	-1
0	-0.1004103	-0.99487364	-0.0025815442	0	-0.03769911	0	-0.1004103	-0.99487364	-0.0025815442	1.2489219e-20	-1
0	-0.086459056	-0.9961848	-0.0025494643	0	-0.050265484	0	-0.086459056	-0.9961848	-0.0025494643	7.49291e-21	-1
0	-0.07583265	-0.9970515	-0.002519948	0	-0.06283186	0	-0.07583265	-0.9970515	-0.002519948	2.4912313e-21	-1
0	-0.07583265	-0.9970515	-0.002519948	0	-0.06283186	0	-0.07583265	-0.9970515	-0.002519948	2.4912313e-21	1
0	-0.08645597	-0.99618506	-0.0025494702	0	-0.050265484	0	-0.08645597	-0.99618506	-0.0025494702	7.492909e-21	1
0	-0.100406766	-0.994874	-0.002581541	0	-0.03769911	0	-0.100406766	-0.994874	-0.002581541	1.2489219e-20	1
0	-0.11946137	-0.99276376	-0.0026163924	0	-0.025132742	0	-0.11946137	-0.99276376	-0.0026163924	1.7477149e-20	1
0	-0.13183886	-0.9911944	-0.0026346948	0	-0.018849555	0	-0.13183886	-0.9911944	-0.0026346948	1.9966371e-20	1
0	-0.1469315	-0.9890678	-0.0026530952	0	-0.012566371	0	-0.1469315	-0.9890678	-0.0026530952	2.2450999e-20	1
0	-0.15579051	-0.9877099	-0.0026620664	0	-0.009424778	0	-0.15579051	-0.9877099	-0.0026620664	2.3691083e-20	1
0	-0.16573308	-0.98608893	-0.0026706124	0	-0.0062831854	0	-0.16573308	-0.98608893	-0.0026706124	2.4929308e-20	1
0	-0.17462996	-0.98455095	-0.0026769084	0	-0.0037699111	0	-0.17462996	-0.98455095	-0.0026769084	2.591829e-20	1
0	-0.1794334	-0.9836862	-0.002679796	0	-0.002513274	0	-0.1794334	-0.9836862	-0.002679796	2.6412174e-20	1
0	-0.18193328	-0.98322654	-0.002681157	0	-0.0018849556	0	-0.18193328	-0.98322654	-0.002681157	2.6658944e-20	1
0	-0.18451265	-0.9827454	-0.002682455	0	-0.001256637	0	-0.18451265	-0.9827454	-0.002682455	2.6905602e-20	1
0	-0.18451265	-0.9827454	-0.002682455	0	-0.0010053096	0	-0.18451265	-0.9827454	-0.002682455	2.700424e-20	1
0	-0.18714592	-0.9822469	-0.0026836782	0	-0.0006283185	0	-0.18714592	-0.9822469	-0.0026836782	2.7152136e-20	1
0	-0.1887568	-0.98193836	-0.0026843804	0	-0.0002513274	0	-0.1887568	-0.98193836	-0.0026843804	2.7299998e-20	1
0	-0.1887568	-0.98193836	-0.0026843804	0	-0.0001256637	0	-0.1887568	-0.98193836	-0.0026843804	2.7349276e-20	1
0	-0.1887568	-0.98193836	-0.0026843804	0	-6.283185e-05	0	-0.1887568	-0.98193836	-0.0026843804	2.7373917e-20	1
0	-0.1887568	-0.98193836	-0.0026843804	0	-2.5132742e-05	0	-0.1887568	-0.98193836	-0.0026843804	2.73887e-20	1
0	-0.1887568	-0.98193836	-0.0026843804	0	-1.2566371e-05	0	-0.1887568	-0.98193836	-0.0026843804	2.7393627e-20	1
0	-0.1887568	-0.98193836	-0.0026843804	0	-6.2831855e-06	0	-0.1887568	-0.98193836	-0.0026843804	2.7396093e-20	1
0	-0.1887568	-0.98193836	-0.0026843804	0	-2.513274e-06	0	-0.1887568	-0.98193836	-0.0026843804	2.739757e-20	1
0	-0.1887568	-0.98193836	-0.0026843804	0	-1.256637e-06	0	-0.1887568	-0.98193836	-0.0026843804	2.7398064e-20	1
0	-0.1887568	-0.98193836	-0.0026843804	0	-6.283185e-07	0	-0.1887568	-0.98193836	-0.0026843804	2.739831e-20	1
0	-0.1887568	-0.98193836	-0.0026843804	0	-2.513274e-07	0	-0.1887568	-0.98193836	-0.0026843804	2.7398458e-20	1
0	-0.1887568	-0.98193836	-0.0026843804	0	-1.256637e-07	0	-0.1887568	-0.98193836	-0.0026843804	2.7398506e-20	1
0	-0.1887568	-0.98193836	-0.0026843804	0	0	0	-0.1887568	-0.98193836	-0.0026843804	2.7398555e-20	1
0	-0.1887568	-0.98193836	-0.0026843804	0	1.256637e-07	0	-0.1887568	-0.98193836	-0.0026843804	2.7398603e-20	1
0	-0.1887568	-0.98193836	-0.0026843804	0	2.513274e-07	0	-0.1887568	-0.98193836	-0.0026843804	2.7398655e-20	1
0	-0.1887568	-0.98193836	-0.0026843804	0	6.283185e-07	0	-0.1887568	-0.98193836	-0.0026843804	2.73988e-20	1
0	-0.1887568	-0.98193836	-0.0026843804	0	1.256637e-06	0	-0.1887568	-0.98193836	-0.0026843804	2.739905e-20	1
0	-0.1887568	-0.98193836	-0.0026843804	0	2.513274e-06	0	-0.1887568	-0.98193836	-0.0026843804	2.739954e-20	1
0	-0.1887568	-0.98193836	-0.0026843804	0	6.2831855e-06	0	-0.1887568	-0.98193836	-0.0026843804	2.740102e-20	1
0	-0.1887568	-0.98193836	-0.0026843804	0	1.2566371e-05	0	-0.1887568	-0.98193836	-0.0026843804	2.7403482e-20	1
0	-0.1887568	-0.98193836	-0.0026843804	0	2.5132742e-05	0	-0.1887568	-0.98193836	-0.0026843804	2.740841e-20	1
0	-0.1887568	-0.98193836	-0.0026843804	0	6.283185e-05	0	-0.1887568	-0.98193836	-0.0026843804	2.7423196e-20	1
0	-0.19041854	-0.9816172	-0.0026850495	0	0.0001256637	0	-0.19041854	-0.9816172	-0.0026850495	2.7447808e-20	1
0	-0.19041854	-0.9816172	-0.0026850495	0	0.0002513274	0	-0.19041854	-0.9816172	-0.0026850495	2.749707e-20	1
0	-0.19266188	-0.981179	-0.0026858929	0	0.0006283185	0	-0.19266188	-0.981179	-0.0026858929	2.7644812e-20	1
0	-0.19438064	-0.9808397	-0.0026864856	0	0.0010053096	0	-0.19438064	-0.9808397	-0.0026864856	2.779251e-20	1
0	-0.19438064	-0.9808397	-0.0026864856	0	0.001256637	0	-0.19438064	-0.9808397	-0.0026864856	2.7890957e-20	1
0	-0.19851574	-0.9800105	-0.0026876642	0	0.0018849556	0	-0.19851574	-0.9800105	-0.0026876642	2.813693e-20	1
0	-0.20157795	-0.9793848	-0.0026884684	0	0.002513274	0	-0.20157795	-0.9793848	-0.0026884684	2.838276e-20	1
0	-0.20799378	-0.9780413	-0.0026895592	0	0.0037699111	0	-0.20799378	-0.9780413	-0.0026895592	2.887393e-20	1
0	-0.2221893	-0.97491205	-0.0026896566	0	0.0062831854	0	-0.2221893	-0.97491205	-0.0026896566	2.9854076e-20	1
0	-0.24311055	-0.969903	-0.0026839173	0	0.009424778	0	-0.24311055	-0.969903	-0.0026839173	3.1074235e-20	1
0	-0.26903844	-0.9630282	-0.0026666876	0	0.012566371	0	-0.26903844	-0.9630282	-0.0026666876	3.2287037e-20	1
0	-0.35471272	-0.9348531	-0.0025217193	0	0.018849555	0	-0.35471272	-0.9348531	-0.0025217193	3.467488e-20	1
0	0.119470745	0.9927627	0.0026164027	0	0.025132742	0	0.119470745	0.9927627	0.0026164027	1.7477149e-20	1
0	0.10040818	0.9948739	0.0025815414	0	0.03769911	0	0.10040818	0.9948739	0.0025815414	1.2489224e-20	1
0	0.08645661	0.99618495	0.0025494704	0	0.050265484	0	0.08645661	0.99618495	0.0025494704	7.492907e-21	1
0	0.07582986	0.9970516	0.0025199447	0	0.06283186	0	0.07582986	0.9970516	0.0025199447	2.491234e-21	1
