# t (s)	mx ()	my ()	mz ()	B_extx (T)	B_exty (T)	B_extz (T)	mx ()	my ()	mz ()	E_total (J)	branch ()
0	-0.034441926	0.9993397	-0.0018406244	0	0.06283186	0	-0.034441926	0.9993397	-0.0018406244	4.5524386e-21	-1
0	-0.040804755	0.99909914	-0.0018854142	0	0.050265484	0	-0.040804755	0.99909914	-0.0018854142	9.5670724e-21	-1
0	-0.04997751	0.99868107	-0.0019439773	0	0.03769911	0	-0.04997751	0.99868107	-0.0019439773	1.4580112e-20	-1
0	-0.06434242	0.997857	-0.002027471	0	0.025132742	0	-0.06434242	0.997857	-0.002027471	1.959019e-20	-1
0	-0.0750183	0.9971101	-0.0020856143	0	0.018849555	0	-0.0750183	0.9971101	-0.0020856143	2.2093196e-20	-1
0	-0.0897703	0.9958889	-0.0021623662	0	0.012566371	0	-0.0897703	0.9958889	-0.0021623662	2.4593799e-20	-1
0	-0.09950192	0.9949627	-0.0022112145	0	0.009424778	0	-0.09950192	0.9949627	-0.0022112145	2.5842715e-20	-1
0	-0.11148924	0.9936896	-0.0022697418	0	0.0062831854	0	-0.11148924	0.9936896	-0.0022697418	2.7090267e-20	-1
0	-0.12331936	0.99228954	-0.0023258973	0	0.0037699111	0	-0.12331936	0.99228954	-0.0023258973	2.8086966e-20	-1
0	-0.13020138	0.9914092	-0.0023578438	0	0.002513274	0	-0.13020138	0.9914092	-0.0023578438	2.8584732e-20	-1
0	-0.13393614	0.9909111	-0.002374974	0	0.0018849556	0	-0.13393614	0.9909111	-0.002374974	2.8833442e-20	-1
0	-0.13789183	0.9903679	-0.0023929602	0	0.001256637	0	-0.13789183	0.9903679	-0.0023929602	2.908202e-20	-1
0	-0.13954164	0.9901366	-0.0024004192	0	0.0010053096	0	-0.13954164	0.9901366	-0.0024004192	2.9181407e-20	-1
0	-0.14208819	0.989774	-0.0024118514	0	0.0006283185	0	-0.14208819	0.989774	-0.0024118514	2.933045e-20	-1
0	-0.14473529	0.9893901	-0.0024236427	0	0.0002513274	0	-0.14473529	0.9893901	-0.0024236427	2.9479437e-20	-1
0	-0.14473529	0.9893901	-0.0024236427	0	0.0001256637	0	-0.14473529	0.9893901	-0.0024236427	2.952909e-20	-1
0	-0.14473529	0.9893901	-0.0024236427	0	6.283185e-05	0	-0.14473529	0.9893901	-0.0024236427	2.9553916e-20	-1
0	-0.14473529	0.9893901	-0.0024236427	0	2.5132742e-05	0	-0.14473529	0.9893901	-0.0024236427	2.9568812e-20	-1
0	-0.14473529	0.9893901	-0.0024236427	0	1.2566371e-05	0	-0.14473529	0.9893901	-0.0024236427	2.9573778e-20	-1
0	-0.14473529	0.9893901	-0.0024236427	0	6.2831855e-06	0	-0.14473529	0.9893901	-0.0024236427	2.957626e-20	-1
0	-0.14473529	0.9893901	-0.0024236427	0	2.513274e-06	0	-0.14473529	0.9893901	-0.0024236427	2.957775e-20	-1
0	-0.14473529	0.9893901	-0.0024236427	0	1.256637e-06	0	-0.14473529	0.9893901	-0.0024236427	2.9578247e-20	-1
0	-0.14473529	0.9893901	-0.0024236427	0	6.283185e-07	0	-0.14473529	0.9893901	-0.0024236427	2.9578496e-20	-1
0	-0.14473529	0.9893901	-0.0024236427	0	2.513274e-07	0	-0.14473529	0.9893901	-0.0024236427	2.9578644e-20	-1
0	-0.14473529	0.9893901	-0.0024236427	0	1.256637e-07	0	-0.14473529	0.9893901	-0.0024236427	2.9578693e-20	-1
0	-0.14473529	0.9893901	-0.0024236427	0	0	0	-0.14473529	0.9893901	-0.0024236427	2.957874e-20	-1
0	-0.14473529	0.9893901	-0.0024236427	0	-1.256637e-07	0	-0.14473529	0.9893901	-0.0024236427	2.9578793e-20	-1
0	-0.14473529	0.9893901	-0.0024236427	0	-2.513274e-07	0	-0.14473529	0.9893901	-0.0024236427	2.957884e-20	-1
0	-0.14473529	0.9893901	-0.0024236427	0	-6.283185e-07	0	-0.14473529	0.9893901	-0.0024236427	2.957899e-20	-1
0	-0.14473529	0.9893901	-0.0024236427	0	-1.256637e-06	0	-0.14473529	0.9893901	-0.0024236427	2.957924e-20	-1
0	-0.14473529	0.9893901	-0.0024236427	0	-2.513274e-06	0	-0.14473529	0.9893901	-0.0024236427	2.9579736e-20	-1
0	-0.14473529	0.9893901	-0.0024236427	0	-6.2831855e-06	0	-0.14473529	0.9893901	-0.0024236427	2.9581226e-20	-1
0	-0.14473529	0.9893901	-0.0024236427	0	-1.2566371e-05	0	-0.14473529	0.9893901	-0.0024236427	2.9583707e-20	-1
0	-0.14473529	0.9893901	-0.0024236427	0	-2.5132742e-05	0	-0.14473529	0.9893901	-0.0024236427	2.9588674e-20	-1
0	-0.14473529	0.9893901	-0.0024236427	0	-6.283185e-05	0	-0.14473529	0.9893901	-0.0024236427	2.960357e-20	-1
0	-0.14473529	0.9893901	-0.0024236427	0	-0.0001256637	0	-0.14473529	0.9893901	-0.0024236427	2.9628395e-20	-1
0	-0.1484198	0.98884356	-0.0024399883	0	-0.0002513274	0	-0.1484198	0.98884356	-0.0024399883	2.9677993e-20	-1
0	-0.1484198	0.98884356	-0.0024399883	0	-0.0006283185	0	-0.1484198	0.98884356	-0.0024399883	2.982687e-20	-1
0	-0.15431172	0.98794055	-0.0024657918	0	-0.0010053096	0	-0.15431172	0.98794055	-0.0024657918	2.9975607e-20	-1
0	-0.15431172	0.98794055	-0.0024657918	0	-0.001256637	0	-0.15431172	0.98794055	-0.0024657918	3.007477e-20	-1
0	-0.16183789	0.9867345	-0.002498202	0	-0.0018849556	0	-0.16183789	0.9867345	-0.002498202	3.0322464e-20	-1
0	-0.16772069	0.9857508	-0.0025231014	0	-0.002513274	0	-0.16772069	0.9857508	-0.0025231014	3.056994e-20	-1
0	-0.18093485	0.9834092	-0.0025776154	0	-0.0037699111	0	-0.18093485	0.9834092	-0.0025776154	3.1064073e-20	-1
0	-0.21613893	0.97627044	-0.0027127746	0	-0.0062831854	0	-0.21613893	0.97627044	-0.0027127746	3.2047898e-20	-1
0	-0.318282	0.9478806	-0.003007242	0	-0.009424778	0	-0.318282	0.9478806	-0.003007242	3.3260538e-20	-1
0	0.08978616	-0.9958875	0.0021624337	0	-0.012566371	0	0.08978616	-0.9958875	0.0021624337	2.45938e-20	-1
0	0.07502365	-0.9971098	0.0020856396	0	-0.018849555	0	0.07502365	-0.9971098	0.0020856396	2.2093196e-20	-1
0	0.06434609	-0.99785674	0.0020274878	0	-0.025132742	0	0.06434609	-0.99785674	0.0020274878	1.9590191e-20	-1
0	0.04998462	-0.9986807	0.0019440108	0	-0.03769911	0	0.04998462	-0.9986807	0.0019440108	1.4580113e-20	-1
0	0.040810414	-0.9990989	0.0018854435	0	-0.050265484	0	0.040810414	-0.9990989	0.0018854435	9.567079e-21	-1
0	0.034458257	-0.9993391	0.001840706	0	-0.06283186	0	0.034458257	-0.9993391	0.001840706	4.5524366e-21	-1
0	0.034458257	-0.9993391	0.001840706	0	-0.06283186	0	0.034458257	-0.9993391	0.001840706	4.5524366e-21	1
0	0.04080174	-0.99909925	0.0018853997	0	-0.050265484	0	0.04080174	-0.99909925	0.0018853997	9.567077e-21	1
0	0.049983934	-0.9986807	0.001944008	0	-0.03769911	0	0.049983934	-0.9986807	0.001944008	1.4580117e-20	1
0	0.06434269	-0.997857	0.0020274734	0	-0.025132742	0	0.06434269	-0.997857	0.0020274734	1.9590191e-20	1
0	0.07500905	-0.99711084	0.0020855702	0	-0.018849555	0	0.07500905	-0.99711084	0.0020855702	2.20932e-20	1
0	0.08978726	-0.9958874	0.0021624416	0	-0.012566371	0	0.08978726	-0.9958874	0.0021624416	2.45938e-20	1
0	0.09950596	-0.99496233	0.002211228	0	-0.009424778	0	0.09950596	-0.99496233	0.002211228	2.5842719e-20	1
0	0.11150636	-0.9936876	0.0022698217	0	-0.0062831854	0	0.11150636	-0.9936876	0.0022698217	2.7090267e-20	1
0	0.12329899	-0.99229205	0.0023257975	0	-0.0037699111	0	0.12329899	-0.99229205	0.0023257975	2.808697e-20	1
0	0.13019595	-0.9914099	0.0023578212	0	-0.002513274	0	0.13019595	-0.9914099	0.0023578212	2.8584735e-20	1
0	0.13395476	-0.9909086	0.002375056	0	-0.0018849556	0	0.13395476	-0.9909086	0.002375056	2.883344e-20	1
0	0.13791034	-0.99036527	0.002393033	0	-0.001256637	0	0.13791034	-0.99036527	0.002393033	2.9082016e-20	1
0	0.13791034	-0.99036527	0.002393033	0	-0.0010053096	0	0.13791034	-0.99036527	0.002393033	2.918142e-20	1
0	0.14209977	-0.9897724	0.0024118936	0	-0.0006283185	0	0.14209977	-0.9897724	0.0024118936	2.933045e-20	1
0	0.14473027	-0.98939085	0.0024236408	0	-0.0002513274	0	0.14473027	-0.98939085	0.0024236408	2.947944e-20	1
0	0.14473027	-0.98939085	0.0024236408	0	-0.0001256637	0	0.14473027	-0.98939085	0.0024236408	2.9529094e-20	1
0	0.14473027	-0.98939085	0.0024236408	0	-6.283185e-05	0	0.14473027	-0.98939085	0.0024236408	2.955392e-20	1
0	0.14473027	-0.98939085	0.0024236408	0	-2.5132742e-05	0	0.14473027	-0.98939085	0.0024236408	2.9568815e-20	1
0	0.14473027	-0.98939085	0.0024236408	0	-1.2566371e-05	0	0.14473027	-0.98939085	0.0024236408	2.957378e-20	1
0	0.14473027	-0.98939085	0.0024236408	0	-6.2831855e-06	0	0.14473027	-0.98939085	0.0024236408	2.9576263e-20	1
0	0.14473027	-0.98939085	0.0024236408	0	-2.513274e-06	0	0.14473027	-0.98939085	0.0024236408	2.9577752e-20	1
0	0.14473027	-0.98939085	0.0024236408	0	-1.256637e-06	0	0.14473027	-0.98939085	0.0024236408	2.957825e-20	1
0	0.14473027	-0.98939085	0.0024236408	0	-6.283185e-07	0	0.14473027	-0.98939085	0.0024236408	2.95785e-20	1
0	0.14473027	-0.98939085	0.0024236408	0	-2.513274e-07	0	0.14473027	-0.98939085	0.0024236408	2.9578647e-20	1
0	0.14473027	-0.98939085	0.0024236408	0	-1.256637e-07	0	0.14473027	-0.98939085	0.0024236408	2.9578696e-20	1
0	0.14473027	-0.98939085	0.0024236408	0	0	0	0.14473027	-0.98939085	0.0024236408	2.9578748e-20	1
0	0.14473027	-0.98939085	0.0024236408	0	1.256637e-07	0	0.14473027	-0.98939085	0.0024236408	2.9578796e-20	1
0	0.14473027	-0.98939085	0.0024236408	0	2.513274e-07	0	0.14473027	-0.98939085	0.0024236408	2.9578845e-20	1
0	0.14473027	-0.98939085	0.0024236408	0	6.283185e-07	0	0.14473027	-0.98939085	0.0024236408	2.9578993e-20	1
0	0.14473027	-0.98939085	0.0024236408	0	1.256637e-06	0	0.14473027	-0.98939085	0.0024236408	2.9579242e-20	1
0	0.14473027	-0.98939085	0.0024236408	0	2.513274e-06	0	0.14473027	-0.98939085	0.0024236408	2.957974e-20	1
0	0.14473027	-0.98939085	0.0024236408	0	6.2831855e-06	0	0.14473027	-0.98939085	0.0024236408	2.958123e-20	1
0	0.14473027	-0.98939085	0.0024236408	0	1.2566371e-05	0	0.14473027	-0.98939085	0.0024236408	2.958371e-20	1
0	0.14473027	-0.98939085	0.0024236408	0	2.5132742e-05	0	0.14473027	-0.98939085	0.0024236408	2.9588677e-20	1
0	0.14473027	-0.98939085	0.0024236408	0	6.283185e-05	0	0.14473027	-0.98939085	0.0024236408	2.9603573e-20	1
0	0.14473027	-0.98939085	0.0024236408	0	0.0001256637	0	0.14473027	-0.98939085	0.0024236408	2.9628398e-20	1
0	0.148411	-0.9888449	0.002439952	0	0.0002513274	0	0.148411	-0.9888449	0.002439952	2.9677993e-20	1
0	0.148411	-0.9888449	0.002439952	0	0.0006283185	0	0.148411	-0.9888449	0.002439952	2.9826866e-20	1
0	0.15431117	-0.98794055	0.0024657971	0	0.0010053096	0	0.15431117	-0.98794055	0.0024657971	2.9975613e-20	1
0	0.15431117	-0.98794055	0.0024657971	0	0.001256637	0	0.15431117	-0.98794055	0.0024657971	3.0074772e-20	1
0	0.16182584	-0.9867365	0.0024981527	0	0.0018849556	0	0.16182584	-0.9867365	0.0024981527	3.032246e-20	1
0	0.16766194	-0.9857608	0.0025228611	0	0.002513274	0	0.16766194	-0.9857608	0.0025228611	3.0569936e-20	1
0	0.18091637	-0.9834126	0.0025775433	0	0.0037699111	0	0.18091637	-0.9834126	0.0025775433	3.1064073e-20	1
0	0.21615875	-0.97626597	0.0027128453	0	0.0062831854	0	0.21615875	-0.97626597	0.0027128453	3.2047898e-20	1
0	0.31832504	-0.9478662	0.0030073305	0	0.009424778	0	0.31832504	-0.9478662	0.0030073305	3.3260538e-20	1
0	0.8915328	0.45266315	-0.0019265877	0	0.012566371	0	0.8915328	0.45266315	-0.0019265877	2.6049014e-20	1
0	-0.07501875	0.9971101	-0.0020856159	0	0.018849555	0	-0.07501875	0.9971101	-0.0020856159	2.20932e-20	1
0	-0.06435588	0.99785614	-0.002027534	0	0.025132742	0	-0.06435588	0.99785614	-0.002027534	1.9590186e-20	1
0	-0.049988978	0.9986805	-0.0019440332	0	0.03769911	0	-0.049988978	0.9986805	-0.0019440332	1.4580115e-20	1
0	-0.040808856	0.9990989	-0.0018854304	0	0.050265484	0	-0.040808856	0.9990989	-0.0018854304	9.5670765e-21	1
0	-0.034453824	0.9993392	-0.0018406828	0	0.06283186	0	-0.034453824	0.9993392	-0.0018406828	4.5524358e-21	1
