# t (s)	mx ()	my ()	mz ()	B_extx (T)	B_exty (T)	B_extz (T)	mx ()	my ()	mz ()	E_total (J)	branch ()
0	-0.03629186	0.99927557	-0.00066686777	0	0.06283186	0	-0.03629186	0.99927557	-0.00066686777	4.609512e-21	-1
0	-0.043029685	0.9990072	-0.00066629297	0	0.050265484	0	-0.043029685	0.9990072	-0.00066629297	9.6237626e-21	-1
0	-0.05277884	0.9985385	-0.00066277443	0	0.03769911	0	-0.05277884	0.9985385	-0.00066277443	1.4636234e-20	-1
0	-0.068042114	0.9976132	-0.0006535397	0	0.025132742	0	-0.068042114	0.9976132	-0.0006535397	1.9645367e-20	-1
0	-0.07938598	0.9967736	-0.0006448665	0	0.018849555	0	-0.07938598	0.9967736	-0.0006448665	2.214766e-20	-1
0	-0.09502877	0.9954027	-0.0006312459	0	0.012566371	0	-0.09502877	0.9954027	-0.0006312459	2.4647242e-20	-1
0	-0.10532004	0.99436545	-0.0006214902	0	0.009424778	0	-0.10532004	0.99436545	-0.0006214902	2.589548e-20	-1
0	-0.11796676	0.9929433	-0.0006088184	0	0.0062831854	0	-0.11796676	0.9929433	-0.0006088184	2.7142193e-20	-1
0	-0.13040584	0.991385	-0.00059573504	0	0.0037699111	0	-0.13040584	0.991385	-0.00059573504	2.813807e-20	-1
0	-0.13759333	0.99041224	-0.00058794656	0	0.002513274	0	-0.13759333	0.99041224	-0.00058794656	2.8635364e-20	-1
0	-0.14150149	0.989861	-0.00058362004	0	0.0018849556	0	-0.14150149	0.989861	-0.00058362004	2.888381e-20	-1
0	-0.14562556	0.9892622	-0.0005790234	0	0.001256637	0	-0.14562556	0.9892622	-0.0005790234	2.913212e-20	-1
0	-0.14562556	0.9892622	-0.0005790234	0	0.0010053096	0	-0.14562556	0.9892622	-0.0005790234	2.9231413e-20	-1
0	-0.14999487	0.98860866	-0.00057409797	0	0.0006283185	0	-0.14999487	0.98860866	-0.00057409797	2.9380266e-20	-1
0	-0.15273449	0.98818874	-0.0005709842	0	0.0002513274	0	-0.15273449	0.98818874	-0.0005709842	2.9529078e-20	-1
0	-0.15273449	0.98818874	-0.0005709842	0	0.0001256637	0	-0.15273449	0.98818874	-0.0005709842	2.957867e-20	-1
0	-0.15273449	0.98818874	-0.0005709842	0	6.283185e-05	0	-0.15273449	0.98818874	-0.0005709842	2.9603466e-20	-1
0	-0.15273449	0.98818874	-0.0005709842	0	2.5132742e-05	0	-0.15273449	0.98818874	-0.0005709842	2.9618342e-20	-1
0	-0.15273449	0.98818874	-0.0005709842	0	1.2566371e-05	0	-0.15273449	0.98818874	-0.0005709842	2.9623302e-20	-1
0	-0.15273449	0.98818874	-0.0005709842	0	6.2831855e-06	0	-0.15273449	0.98818874	-0.0005709842	2.962578e-20	-1
0	-0.15273449	0.98818874	-0.0005709842	0	2.513274e-06	0	-0.15273449	0.98818874	-0.0005709842	2.962727e-20	-1
0	-0.15273449	0.98818874	-0.0005709842	0	1.256637e-06	0	-0.15273449	0.98818874	-0.0005709842	2.9627765e-20	-1
0	-0.15273449	0.98818874	-0.0005709842	0	6.283185e-07	0	-0.15273449	0.98818874	-0.0005709842	2.9628013e-20	-1
0	-0.15273449	0.98818874	-0.0005709842	0	2.513274e-07	0	-0.15273449	0.98818874	-0.0005709842	2.9628162e-20	-1
0	-0.15273449	0.98818874	-0.0005709842	0	1.256637e-07	0	-0.15273449	0.98818874	-0.0005709842	2.962821e-20	-1
0	-0.15273449	0.98818874	-0.0005709842	0	0	0	-0.15273449	0.98818874	-0.0005709842	2.9628262e-20	-1
0	-0.15273449	0.98818874	-0.0005709842	0	-1.256637e-07	0	-0.15273449	0.98818874	-0.0005709842	2.962831e-20	-1
0	-0.15273449	0.98818874	-0.0005709842	0	-2.513274e-07	0	-0.15273449	0.98818874	-0.0005709842	2.962836e-20	-1
0	-0.15273449	0.98818874	-0.0005709842	0	-6.283185e-07	0	-0.15273449	0.98818874	-0.0005709842	2.9628508e-20	-1
0	-0.15273449	0.98818874	-0.0005709842	0	-1.256637e-06	0	-0.15273449	0.98818874	-0.0005709842	2.9628757e-20	-1
0	-0.15273449	0.98818874	-0.0005709842	0	-2.513274e-06	0	-0.15273449	0.98818874	-0.0005709842	2.9629254e-20	-1
0	-0.15273449	0.98818874	-0.0005709842	0	-6.2831855e-06	0	-0.15273449	0.98818874	-0.0005709842	2.963074e-20	-1
0	-0.15273449	0.98818874	-0.0005709842	0	-1.2566371e-05	0	-0.15273449	0.98818874	-0.0005709842	2.9633222e-20	-1
0	-0.15273449	0.98818874	-0.0005709842	0	-2.5132742e-05	0	-0.15273449	0.98818874	-0.0005709842	2.963818e-20	-1
0	-0.15273449	0.98818874	-0.0005709842	0	-6.283185e-05	0	-0.15273449	0.98818874	-0.0005709842	2.9653058e-20	-1
0	-0.15273449	0.98818874	-0.0005709842	0	-0.0001256637	0	-0.15273449	0.98818874	-0.0005709842	2.9677854e-20	-1
0	-0.156593	0.98758423	-0.00056656095	0	-0.0002513274	0	-0.156593	0.98758423	-0.00056656095	2.9727385e-20	-1
0	-0.15955469	0.98710966	-0.0005631434	0	-0.0006283185	0	-0.15955469	0.98710966	-0.0005631434	2.9876038e-20	-1
0	-0.15955469	0.98710966	-0.0005631434	0	-0.0010053096	0	-0.15955469	0.98710966	-0.0005631434	3.0024653e-20	-1
0	-0.16481856	0.9862437	-0.0005570124	0	-0.001256637	0	-0.16481856	0.9862437	-0.0005570124	3.012362e-20	-1
0	-0.17045319	0.9852848	-0.00055037846	0	-0.0018849556	0	-0.17045319	0.9852848	-0.00055037846	3.0370973e-20	-1
0	-0.17648736	0.984221	-0.0005431927	0	-0.002513274	0	-0.17648736	0.984221	-0.0005431927	3.061807e-20	-1
0	-0.19003531	0.98169327	-0.0005267915	0	-0.0037699111	0	-0.19003531	0.98169327	-0.0005267915	3.11114e-20	-1
0	-0.22571948	0.97410214	-0.00048209255	0	-0.0062831854	0	-0.22571948	0.97410214	-0.00048209255	3.2093273e-20	-1
0	-0.32039434	0.9471731	-0.00035785534	0	-0.009424778	0	-0.32039434	0.9471731	-0.00035785534	3.3303122e-20	-1
0	0.095026016	-0.99540293	0.0006312489	0	-0.012566371	0	0.095026016	-0.99540293	0.0006312489	2.4647239e-20	-1
0	0.079397604	-0.9967727	0.00064485305	0	-0.018849555	0	0.079397604	-0.9967727	0.00064485305	2.2147659e-20	-1
0	0.06804481	-0.99761295	0.0006535371	0	-0.025132742	0	0.06804481	-0.99761295	0.0006535371	1.9645368e-20	-1
0	0.052784197	-0.9985382	0.0006627695	0	-0.03769911	0	0.052784197	-0.9985382	0.0006627695	1.4636229e-20	-1
0	0.043039627	-0.99900675	0.0006662833	0	-0.050265484	0	0.043039627	-0.99900675	0.0006662833	9.6237674e-21	-1
0	0.036293715	-0.9992755	0.0006668655	0	-0.06283186	0	0.036293715	-0.9992755	0.0006668655	4.609511e-21	-1
0	0.036293715	-0.9992755	0.0006668655	0	-0.06283186	0	0.036293715	-0.9992755	0.0006668655	4.609511e-21	1
0	0.043033402	-0.99900705	0.00066628703	0	-0.050265484	0	0.043033402	-0.99900705	0.00066628703	9.623766e-21	1
0	0.05278014	-0.9985384	0.000662773	0	-0.03769911	0	0.05278014	-0.9985384	0.000662773	1.463623e-20	1
0	0.06803979	-0.9976133	0.00065354095	0	-0.025132742	0	0.06803979	-0.9976133	0.00065354095	1.964537e-20	1
0	0.079381846	-0.99677396	0.0006448697	0	-0.018849555	0	0.079381846	-0.99677396	0.0006448697	2.2147656e-20	1
0	0.09504326	-0.99540126	0.00063123077	0	-0.012566371	0	0.09504326	-0.99540126	0.00063123077	2.4647244e-20	1
0	0.105319105	-0.9943656	0.00062148424	0	-0.009424778	0	0.105319105	-0.9943656	0.00062148424	2.5895482e-20	1
0	0.11796294	-0.99294376	0.00060882256	0	-0.0062831854	0	0.11796294	-0.99294376	0.00060882256	2.7142193e-20	1
0	0.13038245	-0.9913881	0.000595763	0	-0.0037699111	0	0.13038245	-0.9913881	0.000595763	2.813807e-20	1
0	0.13759151	-0.9904125	0.0005879374	0	-0.002513274	0	0.13759151	-0.9904125	0.0005879374	2.8635355e-20	1
0	0.14149061	-0.98986256	0.0005836353	0	-0.0018849556	0	0.14149061	-0.98986256	0.0005836353	2.888381e-20	1
0	0.14561683	-0.98926353	0.00057903404	0	-0.001256637	0	0.14561683	-0.98926353	0.00057903404	2.913212e-20	1
0	0.14733002	-0.9890096	0.0005771095	0	-0.0010053096	0	0.14733002	-0.9890096	0.0005771095	2.92314e-20	1
0	0.14996135	-0.9886137	0.00057413836	0	-0.0006283185	0	0.14996135	-0.9886137	0.00057413836	2.938027e-20	1
0	0.14996135	-0.9886137	0.00057413836	0	-0.0002513274	0	0.14996135	-0.9886137	0.00057413836	2.952911e-20	1
0	0.15367708	-0.9880425	0.00056990725	0	-0.0001256637	0	0.15367708	-0.9880425	0.00056990725	2.9578664e-20	1
0	0.15367708	-0.9880425	0.00056990725	0	-6.283185e-05	0	0.15367708	-0.9880425	0.00056990725	2.9603453e-20	1
0	0.15367708	-0.9880425	0.00056990725	0	-2.5132742e-05	0	0.15367708	-0.9880425	0.00056990725	2.961833e-20	1
0	0.15367708	-0.9880425	0.00056990725	0	-1.2566371e-05	0	0.15367708	-0.9880425	0.00056990725	2.962329e-20	1
0	0.15367708	-0.9880425	0.00056990725	0	-6.2831855e-06	0	0.15367708	-0.9880425	0.00056990725	2.9625768e-20	1
0	0.15367708	-0.9880425	0.00056990725	0	-2.513274e-06	0	0.15367708	-0.9880425	0.00056990725	2.9627254e-20	1
0	0.15367708	-0.9880425	0.00056990725	0	-1.256637e-06	0	0.15367708	-0.9880425	0.00056990725	2.9627752e-20	1
0	0.15367708	-0.9880425	0.00056990725	0	-6.283185e-07	0	0.15367708	-0.9880425	0.00056990725	2.9628e-20	1
0	0.15367708	-0.9880425	0.00056990725	0	-2.513274e-07	0	0.15367708	-0.9880425	0.00056990725	2.962815e-20	1
0	0.15367708	-0.9880425	0.00056990725	0	-1.256637e-07	0	0.15367708	-0.9880425	0.00056990725	2.9628198e-20	1
0	0.15367708	-0.9880425	0.00056990725	0	0	0	0.15367708	-0.9880425	0.00056990725	2.9628246e-20	1
0	0.15367708	-0.9880425	0.00056990725	0	1.256637e-07	0	0.15367708	-0.9880425	0.00056990725	2.9628298e-20	1
0	0.15367708	-0.9880425	0.00056990725	0	2.513274e-07	0	0.15367708	-0.9880425	0.00056990725	2.9628346e-20	1
0	0.15367708	-0.9880425	0.00056990725	0	6.283185e-07	0	0.15367708	-0.9880425	0.00056990725	2.9628495e-20	1
0	0.15367708	-0.9880425	0.00056990725	0	1.256637e-06	0	0.15367708	-0.9880425	0.00056990725	2.9628744e-20	1
0	0.15367708	-0.9880425	0.00056990725	0	2.513274e-06	0	0.15367708	-0.9880425	0.00056990725	2.9629238e-20	1
0	0.15367708	-0.9880425	0.00056990725	0	6.2831855e-06	0	0.15367708	-0.9880425	0.00056990725	2.9630728e-20	1
0	0.15367708	-0.9880425	0.00056990725	0	1.2566371e-05	0	0.15367708	-0.9880425	0.00056990725	2.9633206e-20	1
0	0.15367708	-0.9880425	0.00056990725	0	2.5132742e-05	0	0.15367708	-0.9880425	0.00056990725	2.9638162e-20	1
0	0.15367708	-0.9880425	0.00056990725	0	6.283185e-05	0	0.15367708	-0.9880425	0.00056990725	2.965304e-20	1
0	0.15367708	-0.9880425	0.00056990725	0	0.0001256637	0	0.15367708	-0.9880425	0.00056990725	2.967783e-20	1
0	0.15367708	-0.9880425	0.00056990725	0	0.0002513274	0	0.15367708	-0.9880425	0.00056990725	2.9727417e-20	1
0	0.15958557	-0.98710465	0.0005631074	0	0.0006283185	0	0.15958557	-0.98710465	0.0005631074	2.9876035e-20	1
0	0.15958557	-0.98710465	0.0005631074	0	0.0010053096	0	0.15958557	-0.98710465	0.0005631074	3.0024646e-20	1
0	0.16481397	-0.98624456	0.0005570082	0	0.001256637	0	0.16481397	-0.98624456	0.0005570082	3.0123617e-20	1
0	0.17046177	-0.9852833	0.0005503664	0	0.0018849556	0	0.17046177	-0.9852833	0.0005503664	3.0370973e-20	1
0	0.17647618	-0.984223	0.0005432075	0	0.002513274	0	0.17647618	-0.984223	0.0005432075	3.0618074e-20	1
0	0.19004753	-0.9816909	0.0005267743	0	0.0037699111	0	0.19004753	-0.9816909	0.0005267743	3.1111397e-20	1
0	0.22572997	-0.97409964	0.0004820752	0	0.0062831854	0	0.22572997	-0.97409964	0.0004820752	3.2093273e-20	1
0	0.32038522	-0.9471762	0.00035786768	0	0.009424778	0	0.32038522	-0.9471762	0.00035786768	3.3303122e-20	1
0	0.89036036	0.45496845	0.00047456656	0	0.012566371	0	0.89036036	0.45496845	0.00047456656	2.5878202e-20	1
0	-0.07938597	0.9967736	-0.00064486533	0	0.018849555	0	-0.07938597	0.9967736	-0.00064486533	2.214766e-20	1
0	-0.068048745	0.9976127	-0.00065353664	0	0.025132742	0	-0.068048745	0.9976127	-0.00065353664	1.9645368e-20	1
0	-0.05278437	0.9985382	-0.0006627689	0	0.03769911	0	-0.05278437	0.9985382	-0.0006627689	1.4636236e-20	1
0	-0.0430348	0.999007	-0.00066628616	0	0.050265484	0	-0.0430348	0.999007	-0.00066628616	9.623765e-21	1
0	-0.036295354	0.99927545	-0.000666862	0	0.06283186	0	-0.036295354	0.99927545	-0.000666862	4.6095177e-21	1
