# t (s)	mx ()	my ()	mz ()	B_extx (T)	B_exty (T)	B_extz (T)	mx ()	my ()	mz ()	E_total (J)	branch ()
0	-0.10610287	0.9942821	-0.002176362	0	0.06283186	0	-0.10610287	0.9942821	-0.002176362	4.753633e-21	-1
0	-0.13213968	0.9911541	-0.002532808	0	0.050265484	0	-0.13213968	0.9911541	-0.002532808	9.736391e-21	-1
0	-0.17164904	0.98507404	-0.00308522	0	0.03769911	0	-0.17164904	0.98507404	-0.00308522	1.4697032e-20	-1
0	-0.23411605	0.9721106	-0.0039738994	0	0.025132742	0	-0.23411605	0.9721106	-0.0039738994	1.9612378e-20	-1
0	-0.2784447	0.96034217	-0.0046013324	0	0.018849555	0	-0.2784447	0.96034217	-0.0046013324	2.203792e-20	-1
0	-0.33494517	0.9421098	-0.005374687	0	0.012566371	0	-0.33494517	0.9421098	-0.005374687	2.4426484e-20	-1
0	-0.368989	0.9292941	-0.0058153505	0	0.009424778	0	-0.368989	0.9292941	-0.0058153505	2.5600752e-20	-1
0	-0.40801764	0.91281974	-0.0062865405	0	0.0062831854	0	-0.40801764	0.91281974	-0.0062865405	2.6756777e-20	-1
0	-0.4438389	0.8959383	-0.0066780867	0	0.0037699111	0	-0.4438389	0.8959383	-0.0066780867	2.7664833e-20	-1
0	-0.46372157	0.88580465	-0.006875107	0	0.002513274	0	-0.46372157	0.88580465	-0.006875107	2.811197e-20	-1
0	-0.47427112	0.88019824	-0.006973034	0	0.0018849556	0	-0.47427112	0.88019824	-0.006973034	2.8333537e-20	-1
0	-0.48531634	0.87415344	-0.0070702992	0	0.001256637	0	-0.48531634	0.87415344	-0.0070702992	2.8553648e-20	-1
0	-0.48531634	0.87415344	-0.0070702992	0	0.0010053096	0	-0.48531634	0.87415344	-0.0070702992	2.8641387e-20	-1
0	-0.49686435	0.86763823	-0.007165926	0	0.0006283185	0	-0.49686435	0.86763823	-0.007165926	2.8772185e-20	-1
0	-0.5040716	0.8634689	-0.007222316	0	0.0002513274	0	-0.5040716	0.8634689	-0.007222316	2.8902502e-20	-1
0	-0.5040716	0.8634689	-0.007222316	0	0.0001256637	0	-0.5040716	0.8634689	-0.007222316	2.8945835e-20	-1
0	-0.5040716	0.8634689	-0.007222316	0	6.283185e-05	0	-0.5040716	0.8634689	-0.007222316	2.89675e-20	-1
0	-0.5040716	0.8634689	-0.007222316	0	2.5132742e-05	0	-0.5040716	0.8634689	-0.007222316	2.89805e-20	-1
0	-0.5040716	0.8634689	-0.007222316	0	1.2566371e-05	0	-0.5040716	0.8634689	-0.007222316	2.8984835e-20	-1
0	-0.5040716	0.8634689	-0.007222316	0	6.2831855e-06	0	-0.5040716	0.8634689	-0.007222316	2.8987e-20	-1
0	-0.5040716	0.8634689	-0.007222316	0	2.513274e-06	0	-0.5040716	0.8634689	-0.007222316	2.89883e-20	-1
0	-0.5040716	0.8634689	-0.007222316	0	1.256637e-06	0	-0.5040716	0.8634689	-0.007222316	2.8988735e-20	-1
0	-0.5040716	0.8634689	-0.007222316	0	6.283185e-07	0	-0.5040716	0.8634689	-0.007222316	2.8988952e-20	-1
0	-0.5040716	0.8634689	-0.007222316	0	2.513274e-07	0	-0.5040716	0.8634689	-0.007222316	2.898908e-20	-1
0	-0.5040716	0.8634689	-0.007222316	0	1.256637e-07	0	-0.5040716	0.8634689	-0.007222316	2.8989123e-20	-1
0	-0.5040716	0.8634689	-0.007222316	0	0	0	-0.5040716	0.8634689	-0.007222316	2.8989168e-20	-1
0	-0.5040716	0.8634689	-0.007222316	0	-1.256637e-07	0	-0.5040716	0.8634689	-0.007222316	2.898921e-20	-1
0	-0.5040716	0.8634689	-0.007222316	0	-2.513274e-07	0	-0.5040716	0.8634689	-0.007222316	2.8989252e-20	-1
0	-0.5040716	0.8634689	-0.007222316	0	-6.283185e-07	0	-0.5040716	0.8634689	-0.007222316	2.8989385e-20	-1
0	-0.5040716	0.8634689	-0.007222316	0	-1.256637e-06	0	-0.5040716	0.8634689	-0.007222316	2.89896e-20	-1
0	-0.5040716	0.8634689	-0.007222316	0	-2.513274e-06	0	-0.5040716	0.8634689	-0.007222316	2.8990034e-20	-1
0	-0.5040716	0.8634689	-0.007222316	0	-6.2831855e-06	0	-0.5040716	0.8634689	-0.007222316	2.8991333e-20	-1
0	-0.5040716	0.8634689	-0.007222316	0	-1.2566371e-05	0	-0.5040716	0.8634689	-0.007222316	2.89935e-20	-1
0	-0.5040716	0.8634689	-0.007222316	0	-2.5132742e-05	0	-0.5040716	0.8634689	-0.007222316	2.8997834e-20	-1
0	-0.5040716	0.8634689	-0.007222316	0	-6.283185e-05	0	-0.5040716	0.8634689	-0.007222316	2.9010833e-20	-1
0	-0.5115313	0.85906863	-0.007277908	0	-0.0001256637	0	-0.5115313	0.85906863	-0.007277908	2.9032172e-20	-1
0	-0.5115313	0.85906863	-0.007277908	0	-0.0002513274	0	-0.5115313	0.85906863	-0.007277908	2.9075282e-20	-1
0	-0.52188694	0.8528142	-0.007350228	0	-0.0006283185	0	-0.52188694	0.8528142	-0.007350228	2.9203993e-20	-1
0	-0.5300007	0.84779346	-0.0074027963	0	-0.0010053096	0	-0.5300007	0.84779346	-0.0074027963	2.9332015e-20	-1
0	-0.5300007	0.84779346	-0.0074027963	0	-0.001256637	0	-0.5300007	0.84779346	-0.0074027963	2.9417108e-20	-1
0	-0.5503144	0.8347453	-0.0075177345	0	-0.0018849556	0	-0.5503144	0.8347453	-0.0075177345	2.96276e-20	-1
0	-0.5663267	0.823962	-0.007590465	0	-0.002513274	0	-0.5663267	0.823962	-0.007590465	2.9835733e-20	-1
0	-0.60425603	0.7965559	-0.007693261	0	-0.0037699111	0	-0.60425603	0.7965559	-0.007693261	3.0242767e-20	-1
0	0.994062	0.107911944	-0.0069390675	0	-0.0062831854	0	0.994062	0.107911944	-0.0069390675	2.8948636e-20	-1
0	0.36899167	-0.929293	0.0058153803	0	-0.009424778	0	0.36899167	-0.929293	0.0058153803	2.5600752e-20	-1
0	0.33498043	-0.9420972	0.0053751534	0	-0.012566371	0	0.33498043	-0.9420972	0.0053751534	2.4426484e-20	-1
0	0.27845454	-0.9603393	0.0046014646	0	-0.018849555	0	0.27845454	-0.9603393	0.0046014646	2.2037919e-20	-1
0	0.23413241	-0.9721067	0.003974108	0	-0.025132742	0	0.23413241	-0.9721067	0.003974108	1.9612372e-20	-1
0	0.17165604	-0.98507285	0.0030853178	0	-0.03769911	0	0.17165604	-0.98507285	0.0030853178	1.4697033e-20	-1
0	0.13214818	-0.9911529	0.0025329273	0	-0.050265484	0	0.13214818	-0.9911529	0.0025329273	9.736391e-21	-1
0	0.10611592	-0.9942808	0.0021765395	0	-0.06283186	0	0.10611592	-0.9942808	0.0021765395	4.7536353e-21	-1
0	0.10611592	-0.9942808	0.0021765395	0	-0.06283186	0	0.10611592	-0.9942808	0.0021765395	4.7536353e-21	1
0	0.13214302	-0.9911536	0.0025328565	0	-0.050265484	0	0.13214302	-0.9911536	0.0025328565	9.736391e-21	1
0	0.1716485	-0.98507416	0.0030852123	0	-0.03769911	0	0.1716485	-0.98507416	0.0030852123	1.4697032e-20	1
0	0.23411575	-0.9721106	0.003973894	0	-0.025132742	0	0.23411575	-0.9721106	0.003973894	1.9612376e-20	1
0	0.27844658	-0.9603417	0.0046013584	0	-0.018849555	0	0.27844658	-0.9603417	0.0046013584	2.203792e-20	1
0	0.33494872	-0.9421085	0.0053747287	0	-0.012566371	0	0.33494872	-0.9421085	0.0053747287	2.4426484e-20	1
0	0.36899483	-0.9292917	0.0058154236	0	-0.009424778	0	0.36899483	-0.9292917	0.0058154236	2.5600755e-20	1
0	0.40801263	-0.9128221	0.0062864823	0	-0.0062831854	0	0.40801263	-0.9128221	0.0062864823	2.675678e-20	1
0	0.44384414	-0.89593565	0.0066781444	0	-0.0037699111	0	0.44384414	-0.89593565	0.0066781444	2.766483e-20	1
0	0.4637658	-0.88578147	0.0068755243	0	-0.002513274	0	0.4637658	-0.88578147	0.0068755243	2.8111966e-20	1
0	0.47428685	-0.8801898	0.0069731753	0	-0.0018849556	0	0.47428685	-0.8801898	0.0069731753	2.8333537e-20	1
0	0.48530728	-0.8741585	0.007070222	0	-0.001256637	0	0.48530728	-0.8741585	0.007070222	2.8553648e-20	1
0	0.48530728	-0.8741585	0.007070222	0	-0.0010053096	0	0.48530728	-0.8741585	0.007070222	2.8641387e-20	1
0	0.49687207	-0.8676338	0.0071660234	0	-0.0006283185	0	0.49687207	-0.8676338	0.0071660234	2.8772188e-20	1
0	0.5040755	-0.8634666	0.007222346	0	-0.0002513274	0	0.5040755	-0.8634666	0.007222346	2.8902502e-20	1
0	0.5040755	-0.8634666	0.007222346	0	-0.0001256637	0	0.5040755	-0.8634666	0.007222346	2.8945835e-20	1
0	0.5040755	-0.8634666	0.007222346	0	-6.283185e-05	0	0.5040755	-0.8634666	0.007222346	2.8967503e-20	1
0	0.5040755	-0.8634666	0.007222346	0	-2.5132742e-05	0	0.5040755	-0.8634666	0.007222346	2.8980502e-20	1
0	0.5040755	-0.8634666	0.007222346	0	-1.2566371e-05	0	0.5040755	-0.8634666	0.007222346	2.8984835e-20	1
0	0.5040755	-0.8634666	0.007222346	0	-6.2831855e-06	0	0.5040755	-0.8634666	0.007222346	2.8987003e-20	1
0	0.5040755	-0.8634666	0.007222346	0	-2.513274e-06	0	0.5040755	-0.8634666	0.007222346	2.8988302e-20	1
0	0.5040755	-0.8634666	0.007222346	0	-1.256637e-06	0	0.5040755	-0.8634666	0.007222346	2.8988735e-20	1
0	0.5040755	-0.8634666	0.007222346	0	-6.283185e-07	0	0.5040755	-0.8634666	0.007222346	2.8988952e-20	1
0	0.5040755	-0.8634666	0.007222346	0	-2.513274e-07	0	0.5040755	-0.8634666	0.007222346	2.898908e-20	1
0	0.5040755	-0.8634666	0.007222346	0	-1.256637e-07	0	0.5040755	-0.8634666	0.007222346	2.8989126e-20	1
0	0.5040755	-0.8634666	0.007222346	0	0	0	0.5040755	-0.8634666	0.007222346	2.8989168e-20	1
0	0.5040755	-0.8634666	0.007222346	0	1.256637e-07	0	0.5040755	-0.8634666	0.007222346	2.8989213e-20	1
0	0.5040755	-0.8634666	0.007222346	0	2.513274e-07	0	0.5040755	-0.8634666	0.007222346	2.8989255e-20	1
0	0.5040755	-0.8634666	0.007222346	0	6.283185e-07	0	0.5040755	-0.8634666	0.007222346	2.8989385e-20	1
0	0.5040755	-0.8634666	0.007222346	0	1.256637e-06	0	0.5040755	-0.8634666	0.007222346	2.89896e-20	1
0	0.5040755	-0.8634666	0.007222346	0	2.513274e-06	0	0.5040755	-0.8634666	0.007222346	2.8990034e-20	1
0	0.5040755	-0.8634666	0.007222346	0	6.2831855e-06	0	0.5040755	-0.8634666	0.007222346	2.8991336e-20	1
0	0.5040755	-0.8634666	0.007222346	0	1.2566371e-05	0	0.5040755	-0.8634666	0.007222346	2.89935e-20	1
0	0.5040755	-0.8634666	0.007222346	0	2.5132742e-05	0	0.5040755	-0.8634666	0.007222346	2.8997834e-20	1
0	0.5040755	-0.8634666	0.007222346	0	6.283185e-05	0	0.5040755	-0.8634666	0.007222346	2.9010836e-20	1
0	0.5115391	-0.859064	0.007277957	0	0.0001256637	0	0.5115391	-0.859064	0.007277957	2.9032172e-20	1
0	0.5115391	-0.859064	0.007277957	0	0.0002513274	0	0.5115391	-0.859064	0.007277957	2.9075285e-20	1
0	0.52189344	-0.85281026	0.0073502706	0	0.0006283185	0	0.52189344	-0.85281026	0.0073502706	2.9203996e-20	1
0	0.5300078	-0.84778905	0.007402839	0	0.0010053096	0	0.5300078	-0.84778905	0.007402839	2.933202e-20	1
0	0.5300078	-0.84778905	0.007402839	0	0.001256637	0	0.5300078	-0.84778905	0.007402839	2.941711e-20	1
0	0.55032283	-0.8347397	0.007517775	0	0.0018849556	0	0.55032283	-0.8347397	0.007517775	2.96276e-20	1
0	0.56633383	-0.8239571	0.007590493	0	0.002513274	0	0.56633383	-0.8239571	0.007590493	2.9835733e-20	1
0	0.6042222	-0.7965816	0.007693221	0	0.0037699111	0	0.6042222	-0.7965816	0.007693221	3.024276e-20	1
0	-0.22240269	-0.9748616	-0.00067677593	0	0.0062831854	0	-0.22240269	-0.9748616	-0.00067677593	3.2784454e-20	1
0	0.7859924	0.617959	-0.005228711	0	0.009424778	0	0.7859924	0.617959	-0.005228711	2.6389346e-20	1
0	0.7084067	0.7055632	-0.0036475456	0	0.012566371	0	0.7084067	0.7055632	-0.0036475456	2.5561343e-20	1
0	-0.27846038	0.96033764	-0.004601541	0	0.018849555	0	-0.27846038	0.96033764	-0.004601541	2.2037919e-20	1
0	-0.234126	0.97210824	-0.00397404	0	0.025132742	0	-0.234126	0.97210824	-0.00397404	1.9612376e-20	1
0	-0.17164686	0.9850744	-0.00308519	0	0.03769911	0	-0.17164686	0.9850744	-0.00308519	1.4697032e-20	1
0	-0.13214856	0.9911529	-0.0025329234	0	0.050265484	0	-0.13214856	0.9911529	-0.0025329234	9.7363924e-21	1
0	-0.10612073	0.9942802	-0.0021766042	0	0.06283186	0	-0.10612073	0.9942802	-0.0021766042	4.7536313e-21	1
