# t (s)	mx ()	my ()	mz ()	B_extx (T)	B_exty (T)	B_extz (T)	mx ()	my ()	mz ()	E_total (J)	branch ()
0	0.99887705	0.045853168	0.0036623757	0.06283186	0	0	0.99887705	0.045853168	0.0036623757	2.4773213e-21	-1
0	0.99855757	0.05232835	0.0036986535	0.050265484	0	0	0.99855757	0.05232835	0.0036986535	7.489443e-21	-1
0	0.99807036	0.060898595	0.0037366655	0.03769911	0	0	0.99807036	0.060898595	0.0037366655	1.2499576e-20	-1
0	0.99727404	0.07276337	0.0037761247	0.025132742	0	0	0.99727404	0.07276337	0.0037761247	1.7506573e-20	-1
0	0.9966726	0.08057365	0.003795938	0.018849555	0	0	0.9966726	0.08057365	0.003795938	2.0008271e-20	-1
0	0.9958445	0.09022175	0.0038151713	0.012566371	0	0	0.9958445	0.09022175	0.0038151713	2.2508194e-20	-1
0	0.99530846	0.09594736	0.0038242359	0.009424778	0	0	0.99530846	0.09594736	0.0038242359	2.375728e-20	-1
0	0.9946617	0.10242874	0.0038326313	0.0062831854	0	0	0.9946617	0.10242874	0.0038326313	2.5005626e-20	-1
0	0.99404144	0.10827699	0.0038386285	0.0037699111	0	0	0.99404144	0.10827699	0.0038386285	2.6003668e-20	-1
0	0.9936904	0.11144887	0.0038413024	0.002513274	0	0	0.9936904	0.11144887	0.0038413024	2.6502439e-20	-1
0	0.99350286	0.11310671	0.0038425322	0.0018849556	0	0	0.99350286	0.11310671	0.0038425322	2.6751761e-20	-1
0	0.99330705	0.11481215	0.003843706	0.001256637	0	0	0.99330705	0.11481215	0.003843706	2.7001028e-20	-1
0	0.99330705	0.11481215	0.003843706	0.0010053096	0	0	0.99330705	0.11481215	0.003843706	2.7100728e-20	-1
0	0.99310136	0.11657596	0.0038447902	0.0006283185	0	0	0.99310136	0.11657596	0.0038447902	2.725025e-20	-1
0	0.9929753	0.11764416	0.003845404	0.0002513274	0	0	0.9929753	0.11764416	0.003845404	2.7399754e-20	-1
0	0.99293125	0.11801535	0.0038455958	0.0001256637	0	0	0.99293125	0.11801535	0.0038455958	2.7449585e-20	-1
0	0.99293125	0.11801535	0.0038455958	6.283185e-05	0	0	0.99293125	0.11801535	0.0038455958	2.74745e-20	-1
0	0.99293125	0.11801535	0.0038455958	2.5132742e-05	0	0	0.99293125	0.11801535	0.0038455958	2.748945e-20	-1
0	0.99293125	0.11801535	0.0038455958	1.2566371e-05	0	0	0.99293125	0.11801535	0.0038455958	2.7494433e-20	-1
0	0.99293125	0.11801535	0.0038455958	6.2831855e-06	0	0	0.99293125	0.11801535	0.0038455958	2.7496925e-20	-1
0	0.99293125	0.11801535	0.0038455958	2.513274e-06	0	0	0.99293125	0.11801535	0.0038455958	2.749842e-20	-1
0	0.99293125	0.11801535	0.0038455958	1.256637e-06	0	0	0.99293125	0.11801535	0.0038455958	2.7498918e-20	-1
0	0.99293125	0.11801535	0.0038455958	6.283185e-07	0	0	0.99293125	0.11801535	0.0038455958	2.7499167e-20	-1
0	0.99293125	0.11801535	0.0038455958	2.513274e-07	0	0	0.99293125	0.11801535	0.0038455958	2.7499316e-20	-1
0	0.99293125	0.11801535	0.0038455958	1.256637e-07	0	0	0.99293125	0.11801535	0.0038455958	2.7499367e-20	-1
0	0.99293125	0.11801535	0.0038455958	0	0	0	0.99293125	0.11801535	0.0038455958	2.7499416e-20	-1
0	0.99293125	0.11801535	0.0038455958	-1.256637e-07	0	0	0.99293125	0.11801535	0.0038455958	2.7499468e-20	-1
0	0.99293125	0.11801535	0.0038455958	-2.513274e-07	0	0	0.99293125	0.11801535	0.0038455958	2.7499516e-20	-1
0	0.99293125	0.11801535	0.0038455958	-6.283185e-07	0	0	0.99293125	0.11801535	0.0038455958	2.7499665e-20	-1
0	0.99293125	0.11801535	0.0038455958	-1.256637e-06	0	0	0.99293125	0.11801535	0.0038455958	2.7499914e-20	-1
0	0.99293125	0.11801535	0.0038455958	-2.513274e-06	0	0	0.99293125	0.11801535	0.0038455958	2.7500414e-20	-1
0	0.99293125	0.11801535	0.0038455958	-6.2831855e-06	0	0	0.99293125	0.11801535	0.0038455958	2.7501907e-20	-1
0	0.99293125	0.11801535	0.0038455958	-1.2566371e-05	0	0	0.99293125	0.11801535	0.0038455958	2.7504398e-20	-1
0	0.99293125	0.11801535	0.0038455958	-2.5132742e-05	0	0	0.99293125	0.11801535	0.0038455958	2.7509384e-20	-1
0	0.99293125	0.11801535	0.0038455958	-6.283185e-05	0	0	0.99293125	0.11801535	0.0038455958	2.752433e-20	-1
0	0.99293125	0.11801535	0.0038455958	-0.0001256637	0	0	0.99293125	0.11801535	0.0038455958	2.7549247e-20	-1
0	0.9927981	0.11912912	0.0038461615	-0.0002513274	0	0	0.9927981	0.11912912	0.0038461615	2.759907e-20	-1
0	0.99266315	0.1202471	0.0038466952	-0.0006283185	0	0	0.99266315	0.1202471	0.0038466952	2.774853e-20	-1
0	0.9925225	0.12140158	0.003847186	-0.0010053096	0	0	0.9925225	0.12140158	0.003847186	2.789797e-20	-1
0	0.9925225	0.12140158	0.003847186	-0.001256637	0	0	0.9925225	0.12140158	0.003847186	2.799759e-20	-1
0	0.9921809	0.12415996	0.0038481867	-0.0018849556	0	0	0.9921809	0.12415996	0.0038481867	2.8246576e-20	-1
0	0.99192053	0.12622134	0.0038487515	-0.002513274	0	0	0.99192053	0.12622134	0.0038487515	2.849551e-20	-1
0	0.9913607	0.13054132	0.003849473	-0.0037699111	0	0	0.9913607	0.13054132	0.003849473	2.8993165e-20	-1
0	0.99005055	0.14012417	0.0038488517	-0.0062831854	0	0	0.99005055	0.14012417	0.0038488517	2.998756e-20	-1
0	0.9879378	0.15430623	0.0038426938	-0.009424778	0	0	0.9879378	0.15430623	0.0038426938	3.1228443e-20	-1
0	0.98504436	0.17179772	0.003826913	-0.012566371	0	0	0.98504436	0.17179772	0.003826913	3.246622e-20	-1
0	0.9744686	0.22410473	0.0037303662	-0.018849555	0	0	0.9744686	0.22410473	0.0037303662	3.4926603e-20	-1
0	-0.99727404	-0.07276313	-0.0037761126	-0.025132742	0	0	-0.99727404	-0.07276313	-0.0037761126	1.7506578e-20	-1
0	-0.99807	-0.060904406	-0.003736671	-0.03769911	0	0	-0.99807	-0.060904406	-0.003736671	1.2499577e-20	-1
0	-0.99855757	-0.05232977	-0.0036986575	-0.050265484	0	0	-0.99855757	-0.05232977	-0.0036986575	7.489441e-21	-1
0	-0.9988768	-0.045856684	-0.00366238	-0.06283186	0	0	-0.9988768	-0.045856684	-0.00366238	2.4773177e-21	-1
0	-0.9988768	-0.045856684	-0.00366238	-0.06283186	0	0	-0.9988768	-0.045856684	-0.00366238	2.4773177e-21	1
0	-0.99855757	-0.0523293	-0.003698655	-0.050265484	0	0	-0.99855757	-0.0523293	-0.003698655	7.4894435e-21	1
0	-0.9980705	-0.060896404	-0.0037366627	-0.03769911	0	0	-0.9980705	-0.060896404	-0.0037366627	1.2499577e-20	1
0	-0.99727404	-0.07276268	-0.0037761177	-0.025132742	0	0	-0.99727404	-0.07276268	-0.0037761177	1.7506573e-20	1
0	-0.9966731	-0.08056637	-0.0037959332	-0.018849555	0	0	-0.9966731	-0.08056637	-0.0037959332	2.0008273e-20	1
0	-0.9958445	-0.09022128	-0.0038151704	-0.012566371	0	0	-0.9958445	-0.09022128	-0.0038151704	2.2508195e-20	1
0	-0.9953089	-0.09594318	-0.0038242342	-0.009424778	0	0	-0.9953089	-0.09594318	-0.0038242342	2.3757285e-20	1
0	-0.9946608	-0.10243703	-0.0038326336	-0.0062831854	0	0	-0.9946608	-0.10243703	-0.0038326336	2.5005626e-20	1
0	-0.9940412	-0.1082781	-0.0038386248	-0.0037699111	0	0	-0.9940412	-0.1082781	-0.0038386248	2.6003667e-20	1
0	-0.9936901	-0.11145191	-0.0038413021	-0.002513274	0	0	-0.9936901	-0.11145191	-0.0038413021	2.6502439e-20	1
0	-0.993503	-0.113105744	-0.0038425412	-0.0018849556	0	0	-0.993503	-0.113105744	-0.0038425412	2.6751761e-20	1
0	-0.99330735	-0.11480962	-0.003843707	-0.001256637	0	0	-0.99330735	-0.11480962	-0.003843707	2.7001028e-20	1
0	-0.99330735	-0.11480962	-0.003843707	-0.0010053096	0	0	-0.99330735	-0.11480962	-0.003843707	2.7100726e-20	1
0	-0.9931021	-0.11656991	-0.003844792	-0.0006283185	0	0	-0.9931021	-0.11656991	-0.003844792	2.7250247e-20	1
0	-0.99297434	-0.11765223	-0.0038453997	-0.0002513274	0	0	-0.99297434	-0.11765223	-0.0038453997	2.7399757e-20	1
0	-0.99297434	-0.11765223	-0.0038453997	-0.0001256637	0	0	-0.99297434	-0.11765223	-0.0038453997	2.7449588e-20	1
0	-0.99297434	-0.11765223	-0.0038453997	-6.283185e-05	0	0	-0.99297434	-0.11765223	-0.0038453997	2.7474504e-20	1
0	-0.99297434	-0.11765223	-0.0038453997	-2.5132742e-05	0	0	-0.99297434	-0.11765223	-0.0038453997	2.7489454e-20	1
0	-0.99297434	-0.11765223	-0.0038453997	-1.2566371e-05	0	0	-0.99297434	-0.11765223	-0.0038453997	2.7494437e-20	1
0	-0.99297434	-0.11765223	-0.0038453997	-6.2831855e-06	0	0	-0.99297434	-0.11765223	-0.0038453997	2.7496928e-20	1
0	-0.99297434	-0.11765223	-0.0038453997	-2.513274e-06	0	0	-0.99297434	-0.11765223	-0.0038453997	2.7498424e-20	1
0	-0.99297434	-0.11765223	-0.0038453997	-1.256637e-06	0	0	-0.99297434	-0.11765223	-0.0038453997	2.749892e-20	1
0	-0.99297434	-0.11765223	-0.0038453997	-6.283185e-07	0	0	-0.99297434	-0.11765223	-0.0038453997	2.749917e-20	1
0	-0.99297434	-0.11765223	-0.0038453997	-2.513274e-07	0	0	-0.99297434	-0.11765223	-0.0038453997	2.7499322e-20	1
0	-0.99297434	-0.11765223	-0.0038453997	-1.256637e-07	0	0	-0.99297434	-0.11765223	-0.0038453997	2.749937e-20	1
0	-0.99297434	-0.11765223	-0.0038453997	0	0	0	-0.99297434	-0.11765223	-0.0038453997	2.749942e-20	1
0	-0.99297434	-0.11765223	-0.0038453997	1.256637e-07	0	0	-0.99297434	-0.11765223	-0.0038453997	2.749947e-20	1
0	-0.99297434	-0.11765223	-0.0038453997	2.513274e-07	0	0	-0.99297434	-0.11765223	-0.0038453997	2.749952e-20	1
0	-0.99297434	-0.11765223	-0.0038453997	6.283185e-07	0	0	-0.99297434	-0.11765223	-0.0038453997	2.7499668e-20	1
0	-0.99297434	-0.11765223	-0.0038453997	1.256637e-06	0	0	-0.99297434	-0.11765223	-0.0038453997	2.749992e-20	1
0	-0.99297434	-0.11765223	-0.0038453997	2.513274e-06	0	0	-0.99297434	-0.11765223	-0.0038453997	2.7500418e-20	1
0	-0.99297434	-0.11765223	-0.0038453997	6.2831855e-06	0	0	-0.99297434	-0.11765223	-0.0038453997	2.750191e-20	1
0	-0.99297434	-0.11765223	-0.0038453997	1.2566371e-05	0	0	-0.99297434	-0.11765223	-0.0038453997	2.7504405e-20	1
0	-0.99297434	-0.11765223	-0.0038453997	2.5132742e-05	0	0	-0.99297434	-0.11765223	-0.0038453997	2.7509387e-20	1
0	-0.9928652	-0.11856863	-0.0038458838	6.283185e-05	0	0	-0.9928652	-0.11856863	-0.0038458838	2.7524328e-20	1
0	-0.9928652	-0.11856863	-0.0038458838	0.0001256637	0	0	-0.9928652	-0.11856863	-0.0038458838	2.7549244e-20	1
0	-0.9928652	-0.11856863	-0.0038458838	0.0002513274	0	0	-0.9928652	-0.11856863	-0.0038458838	2.759907e-20	1
0	-0.9926634	-0.12024547	-0.0038466956	0.0006283185	0	0	-0.9926634	-0.12024547	-0.0038466956	2.774853e-20	1
0	-0.9925241	-0.121388555	-0.0038471918	0.0010053096	0	0	-0.9925241	-0.121388555	-0.0038471918	2.7897975e-20	1
0	-0.992427	-0.1221788	-0.0038474933	0.001256637	0	0	-0.992427	-0.1221788	-0.0038474933	2.799758e-20	1
0	-0.99217975	-0.124168575	-0.0038481858	0.0018849556	0	0	-0.99217975	-0.124168575	-0.0038481858	2.8246576e-20	1
0	-0.99192053	-0.12622127	-0.0038487497	0.002513274	0	0	-0.99192053	-0.12622127	-0.0038487497	2.849551e-20	1
0	-0.9913604	-0.13054411	-0.0038494668	0.0037699111	0	0	-0.9913604	-0.13054411	-0.0038494668	2.8993165e-20	1
0	-0.9900502	-0.1401267	-0.0038488652	0.0062831854	0	0	-0.9900502	-0.1401267	-0.0038488652	2.9987562e-20	1
0	-0.98793817	-0.15430345	-0.0038426968	0.009424778	0	0	-0.98793817	-0.15430345	-0.0038426968	3.1228446e-20	1
0	-0.98504615	-0.17178802	-0.003826928	0.012566371	0	0	-0.98504615	-0.17178802	-0.003826928	3.246622e-20	1
0	-0.97446024	-0.22414076	-0.0037302673	0.018849555	0	0	-0.97446024	-0.22414076	-0.0037302673	3.4926606e-20	1
0	0.9972738	0.072766155	0.0037761158	0.025132742	0	0	0.9972738	0.072766155	0.0037761158	1.7506576e-20	1
0	0.99807006	0.06090276	0.003736665	0.03769911	0	0	0.99807006	0.06090276	0.003736665	1.24995796e-20	1
0	0.9985575	0.052329853	0.0036986554	0.050265484	0	0	0.9985575	0.052329853	0.0036986554	7.489441e-21	1
0	0.9988769	0.04585523	0.0036623576	0.06283186	0	0	0.9988769	0.04585523	0.0036623576	2.477319e-21	1
