# t (s)	mx ()	my ()	mz ()	B_extx (T)	B_exty (T)	B_extz (T)	mx ()	my ()	mz ()	E_total (J)	branch ()
0	-0.030664504	0.9994644	0.00041384198	0	0.06283186	0	-0.030664504	0.9994644	0.00041384198	4.5941417e-21	-1
0	-0.036303125	0.9992746	0.00041645643	0	0.050265484	0	-0.036303125	0.9992746	0.00041645643	9.609522e-21	-1
0	-0.044435136	0.998945	0.0004186971	0	0.03769911	0	-0.044435136	0.998945	0.0004186971	1.4623642e-20	-1
0	-0.057173796	0.9982957	0.00042011504	0	0.025132742	0	-0.057173796	0.9982957	0.00042011504	1.9635428e-20	-1
0	-0.0666385	0.9977077	0.00042018562	0	0.018849555	0	-0.0666385	0.9977077	0.00042018562	2.2139719e-20	-1
0	-0.0797496	0.9967443	0.00041940354	0	0.012566371	0	-0.0797496	0.9967443	0.00041940354	2.4642114e-20	-1
0	-0.0883536	0.9960178	0.0004184845	0	0.009424778	0	-0.0883536	0.9960178	0.0004184845	2.5892225e-20	-1
0	-0.09899497	0.9950155	0.00041699834	0	0.0062831854	0	-0.09899497	0.9950155	0.00041699834	2.714126e-20	-1
0	-0.10946875	0.99391675	0.00041521888	0	0.0037699111	0	-0.10946875	0.99391675	0.00041521888	2.813943e-20	-1
0	-0.11558745	0.99322313	0.00041405132	0	0.002513274	0	-0.11558745	0.99322313	0.00041405132	2.8638062e-20	-1
0	-0.11886981	0.99283534	0.0004133912	0	0.0018849556	0	-0.11886981	0.99283534	0.0004133912	2.888724e-20	-1
0	-0.12239705	0.99240637	0.0004126525	0	0.001256637	0	-0.12239705	0.99240637	0.0004126525	2.913631e-20	-1
0	-0.12239705	0.99240637	0.0004126525	0	0.0010053096	0	-0.12239705	0.99240637	0.0004126525	2.9235917e-20	-1
0	-0.12610692	0.99194133	0.0004118497	0	0.0006283185	0	-0.12610692	0.99194133	0.0004118497	2.9385268e-20	-1
0	-0.12842506	0.99164367	0.00041133477	0	0.0002513274	0	-0.12842506	0.99164367	0.00041133477	2.953459e-20	-1
0	-0.12842506	0.99164367	0.00041133477	0	0.0001256637	0	-0.12842506	0.99164367	0.00041133477	2.9584354e-20	-1
0	-0.12842506	0.99164367	0.00041133477	0	6.283185e-05	0	-0.12842506	0.99164367	0.00041133477	2.9609237e-20	-1
0	-0.12842506	0.99164367	0.00041133477	0	2.5132742e-05	0	-0.12842506	0.99164367	0.00041133477	2.9624168e-20	-1
0	-0.12842506	0.99164367	0.00041133477	0	1.2566371e-05	0	-0.12842506	0.99164367	0.00041133477	2.9629144e-20	-1
0	-0.12842506	0.99164367	0.00041133477	0	6.2831855e-06	0	-0.12842506	0.99164367	0.00041133477	2.9631632e-20	-1
0	-0.12842506	0.99164367	0.00041133477	0	2.513274e-06	0	-0.12842506	0.99164367	0.00041133477	2.9633125e-20	-1
0	-0.12842506	0.99164367	0.00041133477	0	1.256637e-06	0	-0.12842506	0.99164367	0.00041133477	2.9633623e-20	-1
0	-0.12842506	0.99164367	0.00041133477	0	6.283185e-07	0	-0.12842506	0.99164367	0.00041133477	2.963387e-20	-1
0	-0.12842506	0.99164367	0.00041133477	0	2.513274e-07	0	-0.12842506	0.99164367	0.00041133477	2.963402e-20	-1
0	-0.12842506	0.99164367	0.00041133477	0	1.256637e-07	0	-0.12842506	0.99164367	0.00041133477	2.9634072e-20	-1
0	-0.12842506	0.99164367	0.00041133477	0	0	0	-0.12842506	0.99164367	0.00041133477	2.963412e-20	-1
0	-0.12842506	0.99164367	0.00041133477	0	-1.256637e-07	0	-0.12842506	0.99164367	0.00041133477	2.9634172e-20	-1
0	-0.12842506	0.99164367	0.00041133477	0	-2.513274e-07	0	-0.12842506	0.99164367	0.00041133477	2.963422e-20	-1
0	-0.12842506	0.99164367	0.00041133477	0	-6.283185e-07	0	-0.12842506	0.99164367	0.00041133477	2.963437e-20	-1
0	-0.12842506	0.99164367	0.00041133477	0	-1.256637e-06	0	-0.12842506	0.99164367	0.00041133477	2.9634618e-20	-1
0	-0.12842506	0.99164367	0.00041133477	0	-2.513274e-06	0	-0.12842506	0.99164367	0.00041133477	2.9635115e-20	-1
0	-0.12842506	0.99164367	0.00041133477	0	-6.2831855e-06	0	-0.12842506	0.99164367	0.00041133477	2.9636608e-20	-1
0	-0.12842506	0.99164367	0.00041133477	0	-1.2566371e-05	0	-0.12842506	0.99164367	0.00041133477	2.9639096e-20	-1
0	-0.12842506	0.99164367	0.00041133477	0	-2.5132742e-05	0	-0.12842506	0.99164367	0.00041133477	2.9644076e-20	-1
0	-0.12842506	0.99164367	0.00041133477	0	-6.283185e-05	0	-0.12842506	0.99164367	0.00041133477	2.9659004e-20	-1
0	-0.13085729	0.9913253	0.00041078086	0	-0.0001256637	0	-0.13085729	0.9913253	0.00041078086	2.968386e-20	-1
0	-0.13085729	0.9913253	0.00041078086	0	-0.0002513274	0	-0.13085729	0.9913253	0.00041078086	2.973361e-20	-1
0	-0.13424933	0.9908713	0.00040998854	0	-0.0006283185	0	-0.13424933	0.9908713	0.00040998854	2.9882814e-20	-1
0	-0.13688292	0.9905106	0.00040934785	0	-0.0010053096	0	-0.13688292	0.9905106	0.00040934785	3.003197e-20	-1
0	-0.13869664	0.9902581	0.00040891973	0	-0.001256637	0	-0.13869664	0.9902581	0.00040891973	3.0131375e-20	-1
0	-0.143498	0.98957324	0.00040772432	0	-0.0018849556	0	-0.143498	0.98957324	0.00040772432	3.0379772e-20	-1
0	-0.14863382	0.98881423	0.0004063953	0	-0.002513274	0	-0.14863382	0.98881423	0.0004063953	3.062799e-20	-1
0	-0.1601649	0.9870106	0.0004032597	0	-0.0037699111	0	-0.1601649	0.9870106	0.0004032597	3.1123792e-20	-1
0	-0.1902918	0.9816434	0.00039409747	0	-0.0062831854	0	-0.1902918	0.9816434	0.00039409747	3.2112004e-20	-1
0	-0.26048255	0.96538115	0.00036801308	0	-0.009424778	0	-0.26048255	0.96538115	0.00036801308	3.333552e-20	-1
0	-0.8980868	-0.43952727	8.920266e-05	0	-0.012566371	0	-0.8980868	-0.43952727	8.920266e-05	2.5983577e-20	-1
0	0.06664347	-0.9977075	-0.00042018475	0	-0.018849555	0	0.06664347	-0.9977075	-0.00042018475	2.2139717e-20	-1
0	0.057180554	-0.9982953	-0.00042011368	0	-0.025132742	0	0.057180554	-0.9982953	-0.00042011368	1.9635424e-20	-1
0	0.044447698	-0.99894446	-0.00041869524	0	-0.03769911	0	0.044447698	-0.99894446	-0.00041869524	1.4623642e-20	-1
0	0.036306024	-0.9992745	-0.00041645567	0	-0.050265484	0	0.036306024	-0.9992745	-0.00041645567	9.609522e-21	-1
0	0.03066474	-0.9994644	-0.00041384285	0	-0.06283186	0	0.03066474	-0.9994644	-0.00041384285	4.5941377e-21	-1
0	0.03066474	-0.9994644	-0.00041384285	0	-0.06283186	0	0.03066474	-0.9994644	-0.00041384285	4.5941377e-21	1
0	0.036299862	-0.99927473	-0.00041645678	0	-0.050265484	0	0.036299862	-0.99927473	-0.00041645678	9.609522e-21	1
0	0.044438742	-0.9989449	-0.00041869568	0	-0.03769911	0	0.044438742	-0.9989449	-0.00041869568	1.4623644e-20	1
0	0.05717008	-0.9982959	-0.00042011595	0	-0.025132742	0	0.05717008	-0.9982959	-0.00042011595	1.9635426e-20	1
0	0.06664269	-0.9977075	-0.00042018478	0	-0.018849555	0	0.06664269	-0.9977075	-0.00042018478	2.213972e-20	1
0	0.079745114	-0.9967447	-0.0004194068	0	-0.012566371	0	0.079745114	-0.9967447	-0.0004194068	2.4642114e-20	1
0	0.0883655	-0.99601674	-0.0004184827	0	-0.009424778	0	0.0883655	-0.99601674	-0.0004184827	2.5892223e-20	1
0	0.09900386	-0.9950146	-0.00041699424	0	-0.0062831854	0	0.09900386	-0.9950146	-0.00041699424	2.7141256e-20	1
0	0.10946128	-0.9939176	-0.00041522062	0	-0.0037699111	0	0.10946128	-0.9939176	-0.00041522062	2.813943e-20	1
0	0.11559239	-0.9932226	-0.00041405007	0	-0.002513274	0	0.11559239	-0.9932226	-0.00041405007	2.863806e-20	1
0	0.11888599	-0.9928334	-0.00041338732	0	-0.0018849556	0	0.11888599	-0.9928334	-0.00041338732	2.8887234e-20	1
0	0.12239257	-0.99240685	-0.0004126539	0	-0.001256637	0	0.12239257	-0.99240685	-0.0004126539	2.913631e-20	1
0	0.12385905	-0.9922248	-0.0004123385	0	-0.0010053096	0	0.12385905	-0.9922248	-0.0004123385	2.9235907e-20	1
0	0.1260978	-0.9919425	-0.00041185226	0	-0.0006283185	0	0.1260978	-0.9919425	-0.00041185226	2.9385268e-20	1
0	0.12843248	-0.99164265	-0.0004113324	0	-0.0002513274	0	0.12843248	-0.99164265	-0.0004113324	2.953459e-20	1
0	0.12843248	-0.99164265	-0.0004113324	0	-0.0001256637	0	0.12843248	-0.99164265	-0.0004113324	2.9584357e-20	1
0	0.12843248	-0.99164265	-0.0004113324	0	-6.283185e-05	0	0.12843248	-0.99164265	-0.0004113324	2.9609237e-20	1
0	0.12843248	-0.99164265	-0.0004113324	0	-2.5132742e-05	0	0.12843248	-0.99164265	-0.0004113324	2.9624168e-20	1
0	0.12843248	-0.99164265	-0.0004113324	0	-1.2566371e-05	0	0.12843248	-0.99164265	-0.0004113324	2.9629144e-20	1
0	0.12843248	-0.99164265	-0.0004113324	0	-6.2831855e-06	0	0.12843248	-0.99164265	-0.0004113324	2.9631632e-20	1
0	0.12843248	-0.99164265	-0.0004113324	0	-2.513274e-06	0	0.12843248	-0.99164265	-0.0004113324	2.9633125e-20	1
0	0.12843248	-0.99164265	-0.0004113324	0	-1.256637e-06	0	0.12843248	-0.99164265	-0.0004113324	2.9633623e-20	1
0	0.12843248	-0.99164265	-0.0004113324	0	-6.283185e-07	0	0.12843248	-0.99164265	-0.0004113324	2.963387e-20	1
0	0.12843248	-0.99164265	-0.0004113324	0	-2.513274e-07	0	0.12843248	-0.99164265	-0.0004113324	2.963402e-20	1
0	0.12843248	-0.99164265	-0.0004113324	0	-1.256637e-07	0	0.12843248	-0.99164265	-0.0004113324	2.9634072e-20	1
0	0.12843248	-0.99164265	-0.0004113324	0	0	0	0.12843248	-0.99164265	-0.0004113324	2.963412e-20	1
0	0.12843248	-0.99164265	-0.0004113324	0	1.256637e-07	0	0.12843248	-0.99164265	-0.0004113324	2.9634172e-20	1
0	0.12843248	-0.99164265	-0.0004113324	0	2.513274e-07	0	0.12843248	-0.99164265	-0.0004113324	2.963422e-20	1
0	0.12843248	-0.99164265	-0.0004113324	0	6.283185e-07	0	0.12843248	-0.99164265	-0.0004113324	2.963437e-20	1
0	0.12843248	-0.99164265	-0.0004113324	0	1.256637e-06	0	0.12843248	-0.99164265	-0.0004113324	2.9634618e-20	1
0	0.12843248	-0.99164265	-0.0004113324	0	2.513274e-06	0	0.12843248	-0.99164265	-0.0004113324	2.9635115e-20	1
0	0.12843248	-0.99164265	-0.0004113324	0	6.2831855e-06	0	0.12843248	-0.99164265	-0.0004113324	2.9636608e-20	1
0	0.12843248	-0.99164265	-0.0004113324	0	1.2566371e-05	0	0.12843248	-0.99164265	-0.0004113324	2.9639096e-20	1
0	0.13020256	-0.9914116	-0.000410931	0	2.5132742e-05	0	0.13020256	-0.9914116	-0.000410931	2.9644063e-20	1
0	0.13020256	-0.9914116	-0.000410931	0	6.283185e-05	0	0.13020256	-0.9914116	-0.000410931	2.965899e-20	1
0	0.13020256	-0.9914116	-0.000410931	0	0.0001256637	0	0.13020256	-0.9914116	-0.000410931	2.9683867e-20	1
0	0.13020256	-0.9914116	-0.000410931	0	0.0002513274	0	0.13020256	-0.9914116	-0.000410931	2.973362e-20	1
0	0.13423368	-0.99087346	-0.00040999352	0	0.0006283185	0	0.13423368	-0.99087346	-0.00040999352	2.9882814e-20	1
0	0.13688442	-0.9905104	-0.0004093576	0	0.0010053096	0	0.13688442	-0.9905104	-0.0004093576	3.003197e-20	1
0	0.13688442	-0.9905104	-0.0004093576	0	0.001256637	0	0.13688442	-0.9905104	-0.0004093576	3.013139e-20	1
0	0.14350255	-0.9895725	-0.0004077211	0	0.0018849556	0	0.14350255	-0.9895725	-0.0004077211	3.0379772e-20	1
0	0.14863381	-0.98881423	-0.00040639797	0	0.002513274	0	0.14863381	-0.98881423	-0.00040639797	3.062799e-20	1
0	0.16016483	-0.98701066	-0.00040326035	0	0.0037699111	0	0.16016483	-0.98701066	-0.00040326035	3.112379e-20	1
0	0.19032052	-0.98163784	-0.00039406744	0	0.0062831854	0	0.19032052	-0.98163784	-0.00039406744	3.2112008e-20	1
0	0.2604528	-0.9653892	-0.0003680258	0	0.009424778	0	0.2604528	-0.9653892	-0.0003680258	3.3335514e-20	1
0	-0.07972823	0.99674606	0.00041940773	0	0.012566371	0	-0.07972823	0.99674606	0.00041940773	2.4642113e-20	1
0	-0.06665486	0.99770665	0.00042018277	0	0.018849555	0	-0.06665486	0.99770665	0.00042018277	2.2139722e-20	1
0	-0.05718591	0.99829495	0.00042011263	0	0.025132742	0	-0.05718591	0.99829495	0.00042011263	1.9635426e-20	1
0	-0.04444372	0.99894464	0.00041868244	0	0.03769911	0	-0.04444372	0.99894464	0.00041868244	1.4623642e-20	1
0	-0.036304034	0.9992746	0.00041645524	0	0.050265484	0	-0.036304034	0.9992746	0.00041645524	9.609519e-21	1
0	-0.030666241	0.9994644	0.00041384163	0	0.06283186	0	-0.030666241	0.9994644	0.00041384163	4.5941405e-21	1
