# t (s)	mx ()	my ()	mz ()	B_extx (T)	B_exty (T)	B_extz (T)	mx ()	my ()	mz ()	E_total (J)	branch ()
0	-0.036324494	0.9992691	0.0033445894	0	0.06283186	0	-0.036324494	0.9992691	0.0033445894	4.4644796e-21	-1
0	-0.042894937	0.99900746	0.0033899765	0	0.050265484	0	-0.042894937	0.99900746	0.0033899765	9.478711e-21	-1
0	-0.052303866	0.99855787	0.0034433997	0	0.03769911	0	-0.052303866	0.99855787	0.0034433997	1.4491219e-20	-1
0	-0.06686756	0.9976868	0.003510192	0	0.025132742	0	-0.06686756	0.9976868	0.003510192	1.9500565e-20	-1
0	-0.07756553	0.99691105	0.003551749	0	0.018849555	0	-0.07756553	0.99691105	0.003551749	2.2003116e-20	-1
0	-0.09216647	0.9956658	0.0036016693	0	0.012566371	0	-0.09216647	0.9956658	0.0036016693	2.4503182e-20	-1
0	-0.10163971	0.9947424	0.0036308325	0	0.009424778	0	-0.10163971	0.9947424	0.0036308325	2.5751816e-20	-1
0	-0.113257684	0.99348533	0.0036637047	0	0.0062831854	0	-0.113257684	0.99348533	0.0036637047	2.6999101e-20	-1
0	-0.12455825	0.99213064	0.00369304	0	0.0037699111	0	-0.12455825	0.99213064	0.00369304	2.7995618e-20	-1
0	-0.13106981	0.9912907	0.0037088527	0	0.002513274	0	-0.13106981	0.9912907	0.0037088527	2.8493315e-20	-1
0	-0.13459438	0.9908178	0.0037170895	0	0.0018849556	0	-0.13459438	0.9908178	0.0037170895	2.8741996e-20	-1
0	-0.13829292	0.9903079	0.0037255052	0	0.001256637	0	-0.13829292	0.9903079	0.0037255052	2.899055e-20	-1
0	-0.13984588	0.99008965	0.0037289646	0	0.0010053096	0	-0.13984588	0.99008965	0.0037289646	2.908994e-20	-1
0	-0.14222077	0.989751	0.0037341812	0	0.0006283185	0	-0.14222077	0.989751	0.0037341812	2.9238977e-20	-1
0	-0.14468312	0.9893937	0.003739486	0	0.0002513274	0	-0.14468312	0.9893937	0.003739486	2.9387963e-20	-1
0	-0.14468312	0.9893937	0.003739486	0	0.0001256637	0	-0.14468312	0.9893937	0.003739486	2.9437613e-20	-1
0	-0.14468312	0.9893937	0.003739486	0	6.283185e-05	0	-0.14468312	0.9893937	0.003739486	2.946244e-20	-1
0	-0.14468312	0.9893937	0.003739486	0	2.5132742e-05	0	-0.14468312	0.9893937	0.003739486	2.9477337e-20	-1
0	-0.14468312	0.9893937	0.003739486	0	1.2566371e-05	0	-0.14468312	0.9893937	0.003739486	2.9482304e-20	-1
0	-0.14468312	0.9893937	0.003739486	0	6.2831855e-06	0	-0.14468312	0.9893937	0.003739486	2.9484785e-20	-1
0	-0.14468312	0.9893937	0.003739486	0	2.513274e-06	0	-0.14468312	0.9893937	0.003739486	2.9486275e-20	-1
0	-0.14468312	0.9893937	0.003739486	0	1.256637e-06	0	-0.14468312	0.9893937	0.003739486	2.9486772e-20	-1
0	-0.14468312	0.9893937	0.003739486	0	6.283185e-07	0	-0.14468312	0.9893937	0.003739486	2.9487018e-20	-1
0	-0.14468312	0.9893937	0.003739486	0	2.513274e-07	0	-0.14468312	0.9893937	0.003739486	2.9487166e-20	-1
0	-0.14468312	0.9893937	0.003739486	0	1.256637e-07	0	-0.14468312	0.9893937	0.003739486	2.9487218e-20	-1
0	-0.14468312	0.9893937	0.003739486	0	0	0	-0.14468312	0.9893937	0.003739486	2.9487267e-20	-1
0	-0.14468312	0.9893937	0.003739486	0	-1.256637e-07	0	-0.14468312	0.9893937	0.003739486	2.9487318e-20	-1
0	-0.14468312	0.9893937	0.003739486	0	-2.513274e-07	0	-0.14468312	0.9893937	0.003739486	2.9487367e-20	-1
0	-0.14468312	0.9893937	0.003739486	0	-6.283185e-07	0	-0.14468312	0.9893937	0.003739486	2.9487515e-20	-1
0	-0.14468312	0.9893937	0.003739486	0	-1.256637e-06	0	-0.14468312	0.9893937	0.003739486	2.9487764e-20	-1
0	-0.14468312	0.9893937	0.003739486	0	-2.513274e-06	0	-0.14468312	0.9893937	0.003739486	2.9488262e-20	-1
0	-0.14468312	0.9893937	0.003739486	0	-6.2831855e-06	0	-0.14468312	0.9893937	0.003739486	2.948975e-20	-1
0	-0.14468312	0.9893937	0.003739486	0	-1.2566371e-05	0	-0.14468312	0.9893937	0.003739486	2.9492233e-20	-1
0	-0.14468312	0.9893937	0.003739486	0	-2.5132742e-05	0	-0.14468312	0.9893937	0.003739486	2.94972e-20	-1
0	-0.14680298	0.98908114	0.003743971	0	-6.283185e-05	0	-0.14680298	0.98908114	0.003743971	2.9512072e-20	-1
0	-0.14680298	0.98908114	0.003743971	0	-0.0001256637	0	-0.14680298	0.98908114	0.003743971	2.953689e-20	-1
0	-0.14680298	0.98908114	0.003743971	0	-0.0002513274	0	-0.14680298	0.98908114	0.003743971	2.9586528e-20	-1
0	-0.15078166	0.9884819	0.0037521895	0	-0.0006283185	0	-0.15078166	0.9884819	0.0037521895	2.9735372e-20	-1
0	-0.15354326	0.9880563	0.003757742	0	-0.0010053096	0	-0.15354326	0.9880563	0.003757742	2.988416e-20	-1
0	-0.15354326	0.9880563	0.003757742	0	-0.001256637	0	-0.15354326	0.9880563	0.003757742	2.9983333e-20	-1
0	-0.1604307	0.98696053	0.0037710532	0	-0.0018849556	0	-0.1604307	0.98696053	0.0037710532	3.0231073e-20	-1
0	-0.16578323	0.9860748	0.0037808588	0	-0.002513274	0	-0.16578323	0.9860748	0.0037808588	3.0478617e-20	-1
0	-0.17767057	0.9840007	0.0038010364	0	-0.0037699111	0	-0.17767057	0.9840007	0.0038010364	3.0972973e-20	-1
0	-0.20826459	0.977978	0.0038428064	0	-0.0062831854	0	-0.20826459	0.977978	0.0038428064	3.1957858e-20	-1
0	-0.27645814	0.9609175	0.0038830577	0	-0.009424778	0	-0.27645814	0.9609175	0.0038830577	3.3176198e-20	-1
0	-0.89549977	-0.4447706	-0.0010924796	0	-0.012566371	0	-0.89549977	-0.4447706	-0.0010924796	2.5980518e-20	-1
0	0.077564694	-0.9969111	-0.0035517553	0	-0.018849555	0	0.077564694	-0.9969111	-0.0035517553	2.2003111e-20	-1
0	0.06687535	-0.99768627	-0.0035102135	0	-0.025132742	0	0.06687535	-0.99768627	-0.0035102135	1.9500562e-20	-1
0	0.052317	-0.9985572	-0.003443411	0	-0.03769911	0	0.052317	-0.9985572	-0.003443411	1.4491222e-20	-1
0	0.042898476	-0.99900746	-0.0033899858	0	-0.050265484	0	0.042898476	-0.99900746	-0.0033899858	9.4787176e-21	-1
0	0.036328174	-0.99926895	-0.0033445999	0	-0.06283186	0	0.036328174	-0.99926895	-0.0033445999	4.46448e-21	-1
0	0.036328174	-0.99926895	-0.0033445999	0	-0.06283186	0	0.036328174	-0.99926895	-0.0033445999	4.46448e-21	1
0	0.042895675	-0.9990076	-0.0033899779	0	-0.050265484	0	0.042895675	-0.9990076	-0.0033899779	9.4787176e-21	1
0	0.052309945	-0.99855757	-0.003443391	0	-0.03769911	0	0.052309945	-0.99855757	-0.003443391	1.449122e-20	1
0	0.06686002	-0.99768734	-0.003510173	0	-0.025132742	0	0.06686002	-0.99768734	-0.003510173	1.9500565e-20	1
0	0.077558264	-0.99691164	-0.003551729	0	-0.018849555	0	0.077558264	-0.99691164	-0.003551729	2.2003111e-20	1
0	0.09215764	-0.9956666	-0.0036016488	0	-0.012566371	0	0.09215764	-0.9956666	-0.0036016488	2.4503184e-20	1
0	0.101668224	-0.9947394	-0.0036308975	0	-0.009424778	0	0.101668224	-0.9947394	-0.0036308975	2.5751819e-20	1
0	0.11324544	-0.99348676	-0.0036636833	0	-0.0062831854	0	0.11324544	-0.99348676	-0.0036636833	2.6999104e-20	1
0	0.124549635	-0.9921317	-0.0036930216	0	-0.0037699111	0	0.124549635	-0.9921317	-0.0036930216	2.7995618e-20	1
0	0.13106433	-0.9912914	-0.0037088417	0	-0.002513274	0	0.13106433	-0.9912914	-0.0037088417	2.8493312e-20	1
0	0.13458888	-0.9908186	-0.003717088	0	-0.0018849556	0	0.13458888	-0.9908186	-0.003717088	2.8741996e-20	1
0	0.13830563	-0.99030614	-0.00372553	0	-0.001256637	0	0.13830563	-0.99030614	-0.00372553	2.899055e-20	1
0	0.13830563	-0.99030614	-0.00372553	0	-0.0010053096	0	0.13830563	-0.99030614	-0.00372553	2.908995e-20	1
0	0.14221422	-0.98975194	-0.0037341677	0	-0.0006283185	0	0.14221422	-0.98975194	-0.0037341677	2.9238977e-20	1
0	0.14468363	-0.98939365	-0.0037394916	0	-0.0002513274	0	0.14468363	-0.98939365	-0.0037394916	2.9387963e-20	1
0	0.14468363	-0.98939365	-0.0037394916	0	-0.0001256637	0	0.14468363	-0.98939365	-0.0037394916	2.9437613e-20	1
0	0.14468363	-0.98939365	-0.0037394916	0	-6.283185e-05	0	0.14468363	-0.98939365	-0.0037394916	2.946244e-20	1
0	0.14468363	-0.98939365	-0.0037394916	0	-2.5132742e-05	0	0.14468363	-0.98939365	-0.0037394916	2.9477337e-20	1
0	0.14468363	-0.98939365	-0.0037394916	0	-1.2566371e-05	0	0.14468363	-0.98939365	-0.0037394916	2.9482304e-20	1
0	0.14468363	-0.98939365	-0.0037394916	0	-6.2831855e-06	0	0.14468363	-0.98939365	-0.0037394916	2.9484785e-20	1
0	0.14468363	-0.98939365	-0.0037394916	0	-2.513274e-06	0	0.14468363	-0.98939365	-0.0037394916	2.9486275e-20	1
0	0.14468363	-0.98939365	-0.0037394916	0	-1.256637e-06	0	0.14468363	-0.98939365	-0.0037394916	2.9486772e-20	1
0	0.14468363	-0.98939365	-0.0037394916	0	-6.283185e-07	0	0.14468363	-0.98939365	-0.0037394916	2.9487018e-20	1
0	0.14468363	-0.98939365	-0.0037394916	0	-2.513274e-07	0	0.14468363	-0.98939365	-0.0037394916	2.948717e-20	1
0	0.14468363	-0.98939365	-0.0037394916	0	-1.256637e-07	0	0.14468363	-0.98939365	-0.0037394916	2.9487218e-20	1
0	0.14468363	-0.98939365	-0.0037394916	0	0	0	0.14468363	-0.98939365	-0.0037394916	2.9487267e-20	1
0	0.14468363	-0.98939365	-0.0037394916	0	1.256637e-07	0	0.14468363	-0.98939365	-0.0037394916	2.9487318e-20	1
0	0.14468363	-0.98939365	-0.0037394916	0	2.513274e-07	0	0.14468363	-0.98939365	-0.0037394916	2.9487367e-20	1
0	0.14468363	-0.98939365	-0.0037394916	0	6.283185e-07	0	0.14468363	-0.98939365	-0.0037394916	2.9487515e-20	1
0	0.14468363	-0.98939365	-0.0037394916	0	1.256637e-06	0	0.14468363	-0.98939365	-0.0037394916	2.9487764e-20	1
0	0.14468363	-0.98939365	-0.0037394916	0	2.513274e-06	0	0.14468363	-0.98939365	-0.0037394916	2.9488262e-20	1
0	0.14468363	-0.98939365	-0.0037394916	0	6.2831855e-06	0	0.14468363	-0.98939365	-0.0037394916	2.948975e-20	1
0	0.14468363	-0.98939365	-0.0037394916	0	1.2566371e-05	0	0.14468363	-0.98939365	-0.0037394916	2.9492233e-20	1
0	0.14468363	-0.98939365	-0.0037394916	0	2.5132742e-05	0	0.14468363	-0.98939365	-0.0037394916	2.94972e-20	1
0	0.14680436	-0.9890809	-0.003743975	0	6.283185e-05	0	0.14680436	-0.9890809	-0.003743975	2.9512072e-20	1
0	0.14680436	-0.9890809	-0.003743975	0	0.0001256637	0	0.14680436	-0.9890809	-0.003743975	2.953689e-20	1
0	0.14680436	-0.9890809	-0.003743975	0	0.0002513274	0	0.14680436	-0.9890809	-0.003743975	2.9586528e-20	1
0	0.15076548	-0.9884844	-0.0037521613	0	0.0006283185	0	0.15076548	-0.9884844	-0.0037521613	2.9735372e-20	1
0	0.15355814	-0.98805404	-0.0037577692	0	0.0010053096	0	0.15355814	-0.98805404	-0.0037577692	2.988416e-20	1
0	0.15355814	-0.98805404	-0.0037577692	0	0.001256637	0	0.15355814	-0.98805404	-0.0037577692	2.9983333e-20	1
0	0.16046646	-0.9869547	-0.0037711104	0	0.0018849556	0	0.16046646	-0.9869547	-0.0037711104	3.023107e-20	1
0	0.1657579	-0.9860791	-0.0037808241	0	0.002513274	0	0.1657579	-0.9860791	-0.0037808241	3.0478617e-20	1
0	0.17769594	-0.98399615	-0.0038010725	0	0.0037699111	0	0.17769594	-0.98399615	-0.0038010725	3.0972973e-20	1
0	0.20827714	-0.97797537	-0.0038428172	0	0.0062831854	0	0.20827714	-0.97797537	-0.0038428172	3.195786e-20	1
0	0.27647433	-0.9609128	-0.0038830573	0	0.009424778	0	0.27647433	-0.9609128	-0.0038830573	3.3176198e-20	1
0	-0.09217289	0.9956652	0.0036016856	0	0.012566371	0	-0.09217289	0.9956652	0.0036016856	2.4503184e-20	1
0	-0.077564895	0.99691105	0.0035517458	0	0.018849555	0	-0.077564895	0.99691105	0.0035517458	2.2003111e-20	1
0	-0.06687197	0.9976865	0.0035102027	0	0.025132742	0	-0.06687197	0.9976865	0.0035102027	1.9500562e-20	1
0	-0.05231362	0.9985573	0.0034434022	0	0.03769911	0	-0.05231362	0.9985573	0.0034434022	1.449122e-20	1
0	-0.042897735	0.99900746	0.0033899844	0	0.050265484	0	-0.042897735	0.99900746	0.0033899844	9.4787135e-21	1
0	-0.03632866	0.999269	0.003344602	0	0.06283186	0	-0.03632866	0.999269	0.003344602	4.464476e-21	1
