# t (s)	mx ()	my ()	mz ()	B_extx (T)	B_exty (T)	B_extz (T)	mx ()	my ()	mz ()	E_total (J)	branch ()
0	-0.03430114	0.99934506	0.001517165	0	0.06283186	0	-0.03430114	0.99934506	0.001517165	4.5903233e-21	-1
0	-0.040679812	0.99910474	0.0015125473	0	0.050265484	0	-0.040679812	0.99910474	0.0015125473	9.6049935e-21	-1
0	-0.049912408	0.99868506	0.0014996878	0	0.03769911	0	-0.049912408	0.99868506	0.0014996878	1.4618062e-20	-1
0	-0.06439897	0.9978543	0.0014709458	0	0.025132742	0	-0.06439897	0.9978543	0.0014709458	1.9628136e-20	-1
0	-0.07519071	0.99709827	0.001445385	0	0.018849555	0	-0.07519071	0.99709827	0.001445385	2.2131128e-20	-1
0	-0.09014208	0.99585664	0.0014061639	0	0.012566371	0	-0.09014208	0.99585664	0.0014061639	2.4631686e-20	-1
0	-0.09997308	0.994917	0.0013785803	0	0.009424778	0	-0.09997308	0.994917	0.0013785803	2.5880554e-20	-1
0	-0.11208844	0.99362385	0.001343053	0	0.0062831854	0	-0.11208844	0.99362385	0.001343053	2.7128038e-20	-1
0	-0.12400109	0.9922064	0.0013067361	0	0.0037699111	0	-0.12400109	0.9922064	0.0013067361	2.8124658e-20	-1
0	-0.13093725	0.9913142	0.0012850475	0	0.002513274	0	-0.13093725	0.9913142	0.0012850475	2.862238e-20	-1
0	-0.13469338	0.9908104	0.0012731496	0	0.0018849556	0	-0.13469338	0.9908104	0.0012731496	2.8871062e-20	-1
0	-0.13866441	0.99026203	0.0012604643	0	0.001256637	0	-0.13866441	0.99026203	0.0012604643	2.9119614e-20	-1
0	-0.13866441	0.99026203	0.0012604643	0	0.0010053096	0	-0.13866441	0.99026203	0.0012604643	2.9219008e-20	-1
0	-0.14287749	0.98966247	0.0012468883	0	0.0006283185	0	-0.14287749	0.98966247	0.0012468883	2.9368023e-20	-1
0	-0.14552441	0.9892764	0.0012383012	0	0.0002513274	0	-0.14552441	0.9892764	0.0012383012	2.9516993e-20	-1
0	-0.14552441	0.9892764	0.0012383012	0	0.0001256637	0	-0.14552441	0.9892764	0.0012383012	2.956664e-20	-1
0	-0.14552441	0.9892764	0.0012383012	0	6.283185e-05	0	-0.14552441	0.9892764	0.0012383012	2.9591462e-20	-1
0	-0.14552441	0.9892764	0.0012383012	0	2.5132742e-05	0	-0.14552441	0.9892764	0.0012383012	2.9606358e-20	-1
0	-0.14552441	0.9892764	0.0012383012	0	1.2566371e-05	0	-0.14552441	0.9892764	0.0012383012	2.961132e-20	-1
0	-0.14552441	0.9892764	0.0012383012	0	6.2831855e-06	0	-0.14552441	0.9892764	0.0012383012	2.9613806e-20	-1
0	-0.14552441	0.9892764	0.0012383012	0	2.513274e-06	0	-0.14552441	0.9892764	0.0012383012	2.9615295e-20	-1
0	-0.14552441	0.9892764	0.0012383012	0	1.256637e-06	0	-0.14552441	0.9892764	0.0012383012	2.961579e-20	-1
0	-0.14552441	0.9892764	0.0012383012	0	6.283185e-07	0	-0.14552441	0.9892764	0.0012383012	2.961604e-20	-1
0	-0.14552441	0.9892764	0.0012383012	0	2.513274e-07	0	-0.14552441	0.9892764	0.0012383012	2.9616187e-20	-1
0	-0.14552441	0.9892764	0.0012383012	0	1.256637e-07	0	-0.14552441	0.9892764	0.0012383012	2.9616236e-20	-1
0	-0.14552441	0.9892764	0.0012383012	0	0	0	-0.14552441	0.9892764	0.0012383012	2.9616287e-20	-1
0	-0.14552441	0.9892764	0.0012383012	0	-1.256637e-07	0	-0.14552441	0.9892764	0.0012383012	2.9616336e-20	-1
0	-0.14552441	0.9892764	0.0012383012	0	-2.513274e-07	0	-0.14552441	0.9892764	0.0012383012	2.9616388e-20	-1
0	-0.14552441	0.9892764	0.0012383012	0	-6.283185e-07	0	-0.14552441	0.9892764	0.0012383012	2.9616536e-20	-1
0	-0.14552441	0.9892764	0.0012383012	0	-1.256637e-06	0	-0.14552441	0.9892764	0.0012383012	2.9616785e-20	-1
0	-0.14552441	0.9892764	0.0012383012	0	-2.513274e-06	0	-0.14552441	0.9892764	0.0012383012	2.961728e-20	-1
0	-0.14552441	0.9892764	0.0012383012	0	-6.2831855e-06	0	-0.14552441	0.9892764	0.0012383012	2.961877e-20	-1
0	-0.14552441	0.9892764	0.0012383012	0	-1.2566371e-05	0	-0.14552441	0.9892764	0.0012383012	2.962125e-20	-1
0	-0.14552441	0.9892764	0.0012383012	0	-2.5132742e-05	0	-0.14552441	0.9892764	0.0012383012	2.9626217e-20	-1
0	-0.14552441	0.9892764	0.0012383012	0	-6.283185e-05	0	-0.14552441	0.9892764	0.0012383012	2.964111e-20	-1
0	-0.14552441	0.9892764	0.0012383012	0	-0.0001256637	0	-0.14552441	0.9892764	0.0012383012	2.9665934e-20	-1
0	-0.14921027	0.9887268	0.0012262709	0	-0.0002513274	0	-0.14921027	0.9887268	0.0012262709	2.9715526e-20	-1
0	-0.14921027	0.9887268	0.0012262709	0	-0.0006283185	0	-0.14921027	0.9887268	0.0012262709	2.9864383e-20	-1
0	-0.15510875	0.9878179	0.001206851	0	-0.0010053096	0	-0.15510875	0.9878179	0.001206851	3.0013105e-20	-1
0	-0.15510875	0.9878179	0.001206851	0	-0.001256637	0	-0.15510875	0.9878179	0.001206851	3.0112253e-20	-1
0	-0.16259784	0.98661196	0.0011819211	0	-0.0018849556	0	-0.16259784	0.98661196	0.0011819211	3.0359913e-20	-1
0	-0.16847783	0.9856242	0.0011621376	0	-0.002513274	0	-0.16847783	0.9856242	0.0011621376	3.060736e-20	-1
0	-0.18150264	0.98330724	0.0011177689	0	-0.0037699111	0	-0.18150264	0.98330724	0.0011177689	3.1101435e-20	-1
0	-0.21588945	0.97632897	0.0009976262	0	-0.0062831854	0	-0.21588945	0.97632897	0.0009976262	3.2085215e-20	-1
0	-0.3021142	0.95316494	0.0006880291	0	-0.009424778	0	-0.3021142	0.95316494	0.0006880291	3.329918e-20	-1
0	0.09013529	-0.99585724	-0.0014061863	0	-0.012566371	0	0.09013529	-0.99585724	-0.0014061863	2.463168e-20	-1
0	0.0751971	-0.99709785	-0.0014453651	0	-0.018849555	0	0.0751971	-0.99709785	-0.0014453651	2.213113e-20	-1
0	0.064408824	-0.99785364	-0.0014709166	0	-0.025132742	0	0.064408824	-0.99785364	-0.0014709166	1.962814e-20	-1
0	0.049919657	-0.99868476	-0.0014996665	0	-0.03769911	0	0.049919657	-0.99868476	-0.0014996665	1.4618062e-20	-1
0	0.040678196	-0.99910486	-0.0015125495	0	-0.050265484	0	0.040678196	-0.99910486	-0.0015125495	9.604994e-21	-1
0	0.034303375	-0.99934494	-0.0015171601	0	-0.06283186	0	0.034303375	-0.99934494	-0.0015171601	4.5903277e-21	-1
0	0.034303375	-0.99934494	-0.0015171601	0	-0.06283186	0	0.034303375	-0.99934494	-0.0015171601	4.5903277e-21	1
0	0.04067815	-0.99910486	-0.0015125488	0	-0.050265484	0	0.04067815	-0.99910486	-0.0015125488	9.604993e-21	1
0	0.049905047	-0.99868536	-0.0014997085	0	-0.03769911	0	0.049905047	-0.99868536	-0.0014997085	1.4618055e-20	1
0	0.06439784	-0.99785435	-0.0014709488	0	-0.025132742	0	0.06439784	-0.99785435	-0.0014709488	1.962814e-20	1
0	0.07519135	-0.9970982	-0.0014453833	0	-0.018849555	0	0.07519135	-0.9970982	-0.0014453833	2.2131132e-20	1
0	0.0901307	-0.9958577	-0.0014062009	0	-0.012566371	0	0.0901307	-0.9958577	-0.0014062009	2.4631684e-20	1
0	0.09995183	-0.99491906	-0.0013786508	0	-0.009424778	0	0.09995183	-0.99491906	-0.0013786508	2.5880552e-20	1
0	0.11207843	-0.9936249	-0.0013430838	0	-0.0062831854	0	0.11207843	-0.9936249	-0.0013430838	2.7128034e-20	1
0	0.12399996	-0.9922065	-0.0013067372	0	-0.0037699111	0	0.12399996	-0.9922065	-0.0013067372	2.812466e-20	1
0	0.13095653	-0.99131167	-0.0012849797	0	-0.002513274	0	0.13095653	-0.99131167	-0.0012849797	2.8622385e-20	1
0	0.13468131	-0.99081206	-0.0012731911	0	-0.0018849556	0	0.13468131	-0.99081206	-0.0012731911	2.8871066e-20	1
0	0.13866115	-0.9902625	-0.0012604733	0	-0.001256637	0	0.13866115	-0.9902625	-0.0012604733	2.9119617e-20	1
0	0.13866115	-0.9902625	-0.0012604733	0	-0.0010053096	0	0.13866115	-0.9902625	-0.0012604733	2.9219008e-20	1
0	0.14287612	-0.9896627	-0.0012468938	0	-0.0006283185	0	0.14287612	-0.9896627	-0.0012468938	2.9368027e-20	1
0	0.14552799	-0.98927593	-0.0012382851	0	-0.0002513274	0	0.14552799	-0.98927593	-0.0012382851	2.9516993e-20	1
0	0.14552799	-0.98927593	-0.0012382851	0	-0.0001256637	0	0.14552799	-0.98927593	-0.0012382851	2.956664e-20	1
0	0.14552799	-0.98927593	-0.0012382851	0	-6.283185e-05	0	0.14552799	-0.98927593	-0.0012382851	2.9591462e-20	1
0	0.14552799	-0.98927593	-0.0012382851	0	-2.5132742e-05	0	0.14552799	-0.98927593	-0.0012382851	2.9606358e-20	1
0	0.14552799	-0.98927593	-0.0012382851	0	-1.2566371e-05	0	0.14552799	-0.98927593	-0.0012382851	2.961132e-20	1
0	0.14552799	-0.98927593	-0.0012382851	0	-6.2831855e-06	0	0.14552799	-0.98927593	-0.0012382851	2.9613803e-20	1
0	0.14552799	-0.98927593	-0.0012382851	0	-2.513274e-06	0	0.14552799	-0.98927593	-0.0012382851	2.9615292e-20	1
0	0.14552799	-0.98927593	-0.0012382851	0	-1.256637e-06	0	0.14552799	-0.98927593	-0.0012382851	2.961579e-20	1
0	0.14552799	-0.98927593	-0.0012382851	0	-6.283185e-07	0	0.14552799	-0.98927593	-0.0012382851	2.961604e-20	1
0	0.14552799	-0.98927593	-0.0012382851	0	-2.513274e-07	0	0.14552799	-0.98927593	-0.0012382851	2.9616187e-20	1
0	0.14552799	-0.98927593	-0.0012382851	0	-1.256637e-07	0	0.14552799	-0.98927593	-0.0012382851	2.9616236e-20	1
0	0.14552799	-0.98927593	-0.0012382851	0	0	0	0.14552799	-0.98927593	-0.0012382851	2.9616287e-20	1
0	0.14552799	-0.98927593	-0.0012382851	0	1.256637e-07	0	0.14552799	-0.98927593	-0.0012382851	2.9616336e-20	1
0	0.14552799	-0.98927593	-0.0012382851	0	2.513274e-07	0	0.14552799	-0.98927593	-0.0012382851	2.9616384e-20	1
0	0.14552799	-0.98927593	-0.0012382851	0	6.283185e-07	0	0.14552799	-0.98927593	-0.0012382851	2.9616533e-20	1
0	0.14552799	-0.98927593	-0.0012382851	0	1.256637e-06	0	0.14552799	-0.98927593	-0.0012382851	2.9616782e-20	1
0	0.14552799	-0.98927593	-0.0012382851	0	2.513274e-06	0	0.14552799	-0.98927593	-0.0012382851	2.961728e-20	1
0	0.14552799	-0.98927593	-0.0012382851	0	6.2831855e-06	0	0.14552799	-0.98927593	-0.0012382851	2.961877e-20	1
0	0.14552799	-0.98927593	-0.0012382851	0	1.2566371e-05	0	0.14552799	-0.98927593	-0.0012382851	2.962125e-20	1
0	0.14552799	-0.98927593	-0.0012382851	0	2.5132742e-05	0	0.14552799	-0.98927593	-0.0012382851	2.9626217e-20	1
0	0.14552799	-0.98927593	-0.0012382851	0	6.283185e-05	0	0.14552799	-0.98927593	-0.0012382851	2.964111e-20	1
0	0.14823553	-0.9888735	-0.0012294662	0	0.0001256637	0	0.14823553	-0.9888735	-0.0012294662	2.9665902e-20	1
0	0.14823553	-0.9888735	-0.0012294662	0	0.0002513274	0	0.14823553	-0.9888735	-0.0012294662	2.971553e-20	1
0	0.15210801	-0.9882848	-0.0012167991	0	0.0006283185	0	0.15210801	-0.9882848	-0.0012167991	2.9864348e-20	1
0	0.15210801	-0.9882848	-0.0012167991	0	0.0010053096	0	0.15210801	-0.9882848	-0.0012167991	3.001314e-20	1
0	0.15721443	-0.98748475	-0.0011998648	0	0.001256637	0	0.15721443	-0.98748475	-0.0011998648	3.011224e-20	1
0	0.16260417	-0.9866109	-0.0011818968	0	0.0018849556	0	0.16260417	-0.9866109	-0.0011818968	3.0359916e-20	1
0	0.16843712	-0.9856311	-0.0011622801	0	0.002513274	0	0.16843712	-0.9856311	-0.0011622801	3.060736e-20	1
0	0.18150721	-0.9833064	-0.0011177536	0	0.0037699111	0	0.18150721	-0.9833064	-0.0011177536	3.1101435e-20	1
0	0.21590976	-0.97632444	-0.0009975531	0	0.0062831854	0	0.21590976	-0.97632444	-0.0009975531	3.2085218e-20	1
0	0.3020442	-0.9531871	-0.0006882814	0	0.009424778	0	0.3020442	-0.9531871	-0.0006882814	3.3299177e-20	1
0	0.88617826	0.463056	-0.0013384115	0	0.012566371	0	0.88617826	0.463056	-0.0013384115	2.590856e-20	1
0	-0.0752012	0.9970975	0.001445348	0	0.018849555	0	-0.0752012	0.9970975	0.001445348	2.2131132e-20	1
0	-0.06440222	0.9978541	0.0014709367	0	0.025132742	0	-0.06440222	0.9978541	0.0014709367	1.9628141e-20	1
0	-0.049915478	0.9986849	0.0014996787	0	0.03769911	0	-0.049915478	0.9986849	0.0014996787	1.4618059e-20	1
0	-0.040687375	0.9991045	0.0015125242	0	0.050265484	0	-0.040687375	0.9991045	0.0015125242	9.604989e-21	1
0	-0.034302607	0.99934494	0.0015171652	0	0.06283186	0	-0.034302607	0.99934494	0.0015171652	4.590324e-21	1
