# t (s)	mx ()	my ()	mz ()	B_extx (T)	B_exty (T)	B_extz (T)	mx ()	my ()	mz ()	E_total (J)	branch ()
0	0.99828553	0.057399683	0.0013280842	0.06283186	0	0	0.99828553	0.057399683	0.0013280842	2.363463e-21	-1
0	0.9977975	0.06531985	0.0013428285	0.050265484	0	0	0.9977975	0.06531985	0.0013428285	7.372216e-21	-1
0	0.99706215	0.07570343	0.0013584204	0.03769911	0	0	0.99706215	0.07570343	0.0013584204	1.2377957e-20	-1
0	0.9958794	0.089916	0.001374714	0.025132742	0	0	0.9958794	0.089916	0.001374714	1.7379003e-20	-1
0	0.995	0.099164695	0.0013829054	0.018849555	0	0	0.995	0.099164695	0.0013829054	1.9876867e-20	-1
0	0.99380755	0.11046468	0.0013908101	0.012566371	0	0	0.99380755	0.11046468	0.0013908101	2.2372155e-20	-1
0	0.9930458	0.11710921	0.0013945026	0.009424778	0	0	0.9930458	0.11710921	0.0013945026	2.3618543e-20	-1
0	0.9921349	0.124583304	0.001397888	0.0062831854	0	0	0.9921349	0.124583304	0.001397888	2.4863891e-20	-1
0	0.9912697	0.1312841	0.0014002708	0.0037699111	0	0	0.9912697	0.1312841	0.0014002708	2.5859277e-20	-1
0	0.99078465	0.13489252	0.0014013164	0.002513274	0	0	0.99078465	0.13489252	0.0014013164	2.6356625e-20	-1
0	0.99052703	0.1367698	0.0014017962	0.0018849556	0	0	0.99052703	0.1367698	0.0014017962	2.660521e-20	-1
0	0.9902576	0.13870588	0.0014022428	0.001256637	0	0	0.9902576	0.13870588	0.0014022428	2.6853722e-20	-1
0	0.9902576	0.13870588	0.0014022428	0.0010053096	0	0	0.9902576	0.13870588	0.0014022428	2.6953115e-20	-1
0	0.9899751	0.14070594	0.0014026586	0.0006283185	0	0	0.9899751	0.14070594	0.0014026586	2.7102166e-20	-1
0	0.98980284	0.14191203	0.0014028843	0.0002513274	0	0	0.98980284	0.14191203	0.0014028843	2.7251204e-20	-1
0	0.98980284	0.14191203	0.0014028843	0.0001256637	0	0	0.98980284	0.14191203	0.0014028843	2.7300876e-20	-1
0	0.98980284	0.14191203	0.0014028843	6.283185e-05	0	0	0.98980284	0.14191203	0.0014028843	2.7325714e-20	-1
0	0.98980284	0.14191203	0.0014028843	2.5132742e-05	0	0	0.98980284	0.14191203	0.0014028843	2.7340617e-20	-1
0	0.98980284	0.14191203	0.0014028843	1.2566371e-05	0	0	0.98980284	0.14191203	0.0014028843	2.7345583e-20	-1
0	0.98980284	0.14191203	0.0014028843	6.2831855e-06	0	0	0.98980284	0.14191203	0.0014028843	2.7348068e-20	-1
0	0.98980284	0.14191203	0.0014028843	2.513274e-06	0	0	0.98980284	0.14191203	0.0014028843	2.7349557e-20	-1
0	0.98980284	0.14191203	0.0014028843	1.256637e-06	0	0	0.98980284	0.14191203	0.0014028843	2.7350055e-20	-1
0	0.98980284	0.14191203	0.0014028843	6.283185e-07	0	0	0.98980284	0.14191203	0.0014028843	2.7350304e-20	-1
0	0.98980284	0.14191203	0.0014028843	2.513274e-07	0	0	0.98980284	0.14191203	0.0014028843	2.7350452e-20	-1
0	0.98980284	0.14191203	0.0014028843	1.256637e-07	0	0	0.98980284	0.14191203	0.0014028843	2.73505e-20	-1
0	0.98980284	0.14191203	0.0014028843	0	0	0	0.98980284	0.14191203	0.0014028843	2.735055e-20	-1
0	0.98980284	0.14191203	0.0014028843	-1.256637e-07	0	0	0.98980284	0.14191203	0.0014028843	2.73506e-20	-1
0	0.98980284	0.14191203	0.0014028843	-2.513274e-07	0	0	0.98980284	0.14191203	0.0014028843	2.735065e-20	-1
0	0.98980284	0.14191203	0.0014028843	-6.283185e-07	0	0	0.98980284	0.14191203	0.0014028843	2.7350798e-20	-1
0	0.98980284	0.14191203	0.0014028843	-1.256637e-06	0	0	0.98980284	0.14191203	0.0014028843	2.7351047e-20	-1
0	0.98980284	0.14191203	0.0014028843	-2.513274e-06	0	0	0.98980284	0.14191203	0.0014028843	2.7351544e-20	-1
0	0.98980284	0.14191203	0.0014028843	-6.2831855e-06	0	0	0.98980284	0.14191203	0.0014028843	2.7353034e-20	-1
0	0.98980284	0.14191203	0.0014028843	-1.2566371e-05	0	0	0.98980284	0.14191203	0.0014028843	2.735552e-20	-1
0	0.98980284	0.14191203	0.0014028843	-2.5132742e-05	0	0	0.98980284	0.14191203	0.0014028843	2.7360485e-20	-1
0	0.98965406	0.14294463	0.0014030763	-6.283185e-05	0	0	0.98965406	0.14294463	0.0014030763	2.7375378e-20	-1
0	0.98965406	0.14294463	0.0014030763	-0.0001256637	0	0	0.98965406	0.14294463	0.0014030763	2.740021e-20	-1
0	0.98965406	0.14294463	0.0014030763	-0.0002513274	0	0	0.98965406	0.14294463	0.0014030763	2.7449876e-20	-1
0	0.98937774	0.14484304	0.0014033611	-0.0006283185	0	0	0.98937774	0.14484304	0.0014033611	2.759884e-20	-1
0	0.9891876	0.14613523	0.0014035455	-0.0010053096	0	0	0.9891876	0.14613523	0.0014035455	2.7747783e-20	-1
0	0.9891876	0.14613523	0.0014035455	-0.001256637	0	0	0.9891876	0.14613523	0.0014035455	2.7847068e-20	-1
0	0.9887238	0.14923802	0.0014038906	-0.0018849556	0	0	0.9887238	0.14923802	0.0014038906	2.8095196e-20	-1
0	0.9883735	0.15153849	0.0014040774	-0.002513274	0	0	0.9883735	0.15153849	0.0014040774	2.8343247e-20	-1
0	0.98762214	0.15635659	0.0014042757	-0.0037699111	0	0	0.98762214	0.15635659	0.0014042757	2.8839077e-20	-1
0	0.9858811	0.16697437	0.0014038072	-0.0062831854	0	0	0.9858811	0.16697437	0.0014038072	2.982951e-20	-1
0	0.98312473	0.18249223	0.0014009997	-0.009424778	0	0	0.98312473	0.18249223	0.0014009997	3.106477e-20	-1
0	0.979437	0.20133403	0.0013943408	-0.012566371	0	0	0.979437	0.20133403	0.0013943408	3.229603e-20	-1
0	0.9665353	0.25617066	0.0013563302	-0.018849555	0	0	0.9665353	0.25617066	0.0013563302	3.4739683e-20	-1
0	0.0025168126	4.887959e-06	-4.336238e-06	-0.025132742	0	0	0.0025168126	4.887959e-06	-4.336238e-06	2.2196236e-18	-1
0	0.0037726755	6.1836618e-06	-6.4596534e-06	-0.03769911	0	0	0.0037726755	6.1836618e-06	-6.4596534e-06	2.2196395e-18	-1
0	0.0050285	7.44281e-06	-8.590519e-06	-0.050265484	0	0	0.0050285	7.44281e-06	-8.590519e-06	2.2196612e-18	-1
0	0.0062843375	8.766423e-06	-1.0743737e-05	-0.06283186	0	0	0.0062843375	8.766423e-06	-1.0743737e-05	2.21969e-18	-1
0	0.0062843375	8.766423e-06	-1.0743737e-05	-0.06283186	0	0	0.0062843375	8.766423e-06	-1.0743737e-05	2.21969e-18	1
0	0.0050285	7.480703e-06	-8.590519e-06	-0.050265484	0	0	0.0050285	7.480703e-06	-8.590519e-06	2.2196616e-18	1
0	0.0037726592	6.170303e-06	-6.467104e-06	-0.03769911	0	0	0.0037726592	6.170303e-06	-6.467104e-06	2.2196395e-18	1
0	0.0025167984	4.8941e-06	-4.3064356e-06	-0.025132742	0	0	0.0025167984	4.8941e-06	-4.3064356e-06	2.2196238e-18	1
0	0.0018888784	4.240981e-06	-3.2186508e-06	-0.018849555	0	0	0.0018888784	4.240981e-06	-3.2186508e-06	2.2196182e-18	1
0	0.0012609428	3.5930716e-06	-2.1830201e-06	-0.012566371	0	0	0.0012609428	3.5930716e-06	-2.1830201e-06	2.219614e-18	1
0	0.0009469745	3.2694952e-06	-1.6316772e-06	-0.009424778	0	0	0.0009469745	3.2694952e-06	-1.6316772e-06	2.2196128e-18	1
0	0.0006330064	2.9458024e-06	-1.1101365e-06	-0.0062831854	0	0	0.0006330064	2.9458024e-06	-1.1101365e-06	2.2196118e-18	1
0	0.00038183143	2.6868074e-06	-6.92904e-07	-0.0037699111	0	0	0.00038183143	2.6868074e-06	-6.92904e-07	2.2196112e-18	1
0	0.00025624433	2.5576446e-06	-4.4703484e-07	-0.002513274	0	0	0.00025624433	2.5576446e-06	-4.4703484e-07	2.219611e-18	1
0	0.00019345149	2.4922483e-06	-3.427267e-07	-0.0018849556	0	0	0.00019345149	2.4922483e-06	-3.427267e-07	2.2196112e-18	1
0	0.0001306562	2.4267647e-06	-2.0861626e-07	-0.001256637	0	0	0.0001306562	2.4267647e-06	-2.0861626e-07	2.219611e-18	1
0	0.0001055248	2.4428882e-06	-1.8626451e-07	-0.0010053096	0	0	0.0001055248	2.4428882e-06	-1.8626451e-07	2.219611e-18	1
0	6.781396e-05	2.322573e-06	-8.940697e-08	-0.0006283185	0	0	6.781396e-05	2.322573e-06	-8.940697e-08	2.2196112e-18	1
0	3.0153518e-05	2.2578752e-06	-5.2154064e-08	-0.0002513274	0	0	3.0153518e-05	2.2578752e-06	-5.2154064e-08	2.2196112e-18	1
0	1.7628234e-05	2.3107277e-06	-3.7252903e-08	-0.0001256637	0	0	1.7628234e-05	2.3107277e-06	-3.7252903e-08	2.219611e-18	1
0	1.13481365e-05	2.304616e-06	0	-6.283185e-05	0	0	1.13481365e-05	2.304616e-06	0	2.219611e-18	1
0	7.5814896e-06	2.300687e-06	0	-2.5132742e-05	0	0	7.5814896e-06	2.300687e-06	0	2.219611e-18	1
0	6.326285e-06	2.3005705e-06	0	-1.2566371e-05	0	0	6.326285e-06	2.3005705e-06	0	2.219611e-18	1
0	5.6970603e-06	2.2988243e-06	0	-6.2831855e-06	0	0	5.6970603e-06	2.2988243e-06	0	2.219611e-18	1
0	5.320573e-06	2.2986205e-06	0	-2.513274e-06	0	0	5.320573e-06	2.2986205e-06	0	2.219611e-18	1
0	5.19499e-06	2.298446e-06	0	-1.256637e-06	0	0	5.19499e-06	2.298446e-06	0	2.219611e-18	1
0	5.1321404e-06	2.2983295e-06	0	-6.283185e-07	0	0	5.1321404e-06	2.2983295e-06	0	2.219611e-18	1
0	5.1321404e-06	2.2983295e-06	0	-2.513274e-07	0	0	5.1321404e-06	2.2983295e-06	0	2.219611e-18	1
0	5.1321404e-06	2.2983295e-06	0	-1.256637e-07	0	0	5.1321404e-06	2.2983295e-06	0	2.219611e-18	1
0	5.069378e-06	2.2982422e-06	0	0	0	0	5.069378e-06	2.2982422e-06	0	2.219611e-18	1
0	5.069378e-06	2.2982422e-06	0	1.256637e-07	0	0	5.069378e-06	2.2982422e-06	0	2.219611e-18	1
0	5.069378e-06	2.2982422e-06	0	2.513274e-07	0	0	5.069378e-06	2.2982422e-06	0	2.219611e-18	1
0	5.0065573e-06	2.2983004e-06	0	6.283185e-07	0	0	5.0065573e-06	2.2983004e-06	0	2.219611e-18	1
0	4.943824e-06	2.2981258e-06	0	1.256637e-06	0	0	4.943824e-06	2.2981258e-06	0	2.219611e-18	1
0	4.818212e-06	2.2980093e-06	0	2.513274e-06	0	0	4.818212e-06	2.2980093e-06	0	2.219611e-18	1
0	4.441463e-06	2.297602e-06	0	6.2831855e-06	0	0	4.441463e-06	2.297602e-06	0	2.219611e-18	1
0	3.8135186e-06	2.2969616e-06	0	1.2566371e-05	0	0	3.8135186e-06	2.2969616e-06	0	2.219611e-18	1
0	2.5575719e-06	2.2957975e-06	0	2.5132742e-05	0	0	2.5575719e-06	2.2957975e-06	0	2.219611e-18	1
0	-1.2090895e-06	2.2904424e-06	0	6.283185e-05	0	0	-1.2090895e-06	2.2904424e-06	0	2.219611e-18	1
0	-7.4901473e-06	2.2853492e-06	0	0.0001256637	0	0	-7.4901473e-06	2.2853492e-06	0	2.219611e-18	1
0	-2.0049236e-05	2.2714084e-06	1.4901161e-08	0.0002513274	0	0	-2.0049236e-05	2.2714084e-06	1.4901161e-08	2.219611e-18	1
0	-5.7724406e-05	2.2335153e-06	1.0430813e-07	0.0006283185	0	0	-5.7724406e-05	2.2335153e-06	1.0430813e-07	2.219611e-18	1
0	-9.5400566e-05	2.1939632e-06	1.7136335e-07	0.0010053096	0	0	-9.5400566e-05	2.1939632e-06	1.7136335e-07	2.219611e-18	1
0	-0.00012051828	2.1689339e-06	1.937151e-07	0.001256637	0	0	-0.00012051828	2.1689339e-06	1.937151e-07	2.219611e-18	1
0	-0.00018331181	2.103916e-06	3.2037497e-07	0.0018849556	0	0	-0.00018331181	2.103916e-06	3.2037497e-07	2.219611e-18	1
0	-0.00024610606	2.0389853e-06	4.246831e-07	0.002513274	0	0	-0.00024610606	2.0389853e-06	4.246831e-07	2.2196112e-18	1
0	-0.00037169323	1.9095314e-06	6.183982e-07	0.0037699111	0	0	-0.00037169323	1.9095314e-06	6.183982e-07	2.2196114e-18	1
0	-0.0006228683	1.6507693e-06	1.0579824e-06	0.0062831854	0	0	-0.0006228683	1.6507693e-06	1.0579824e-06	2.2196116e-18	1
0	-0.0009368361	1.3265817e-06	1.5795231e-06	0.009424778	0	0	-0.0009368361	1.3265817e-06	1.5795231e-06	2.2196128e-18	1
0	-0.0012508039	1.0028307e-06	2.1234155e-06	0.012566371	0	0	-0.0012508039	1.0028307e-06	2.1234155e-06	2.2196143e-18	1
0	-0.0018787426	3.5512494e-07	3.2186508e-06	0.018849555	0	0	-0.0018787426	3.5512494e-07	3.2186508e-06	2.2196178e-18	1
0	-0.002506677	-2.9357034e-07	4.261732e-06	0.025132742	0	0	-0.002506677	-2.9357034e-07	4.261732e-06	2.2196238e-18	1
0	-0.0037625388	-1.5898258e-06	6.4000487e-06	0.03769911	0	0	-0.0037625388	-1.5898258e-06	6.4000487e-06	2.219639e-18	1
0	-0.0050183814	-2.8527575e-06	8.530915e-06	0.050265484	0	0	-0.0050183814	-2.8527575e-06	8.530915e-06	2.2196614e-18	1
0	-0.006274231	-4.1807652e-06	1.0676682e-05	0.06283186	0	0	-0.006274231	-4.1807652e-06	1.0676682e-05	2.2196895e-18	1
