# t (s)	mx ()	my ()	mz ()	B_extx (T)	B_exty (T)	B_extz (T)	mx ()	my ()	mz ()	E_total (J)	branch ()
0	0.9988222	0.047097445	-0.002700526	0.06283186	0	0	0.9988222	0.047097445	-0.002700526	2.4012888e-21	-1
0	0.9984907	0.053648613	-0.0027273162	0.050265484	0	0	0.9984907	0.053648613	-0.0027273162	7.413106e-21	-1
0	0.99798805	0.062284283	-0.00275535	0.03769911	0	0	0.99798805	0.062284283	-0.00275535	1.2422868e-20	-1
0	0.99717414	0.07416418	-0.0027843798	0.025132742	0	0	0.99717414	0.07416418	-0.0027843798	1.742941e-20	-1
0	0.99656415	0.08194339	-0.0027989438	0.018849555	0	0	0.99656415	0.08194339	-0.0027989438	1.9930847e-20	-1
0	0.99573076	0.09150443	-0.0028130678	0.012566371	0	0	0.99573076	0.09150443	-0.0028130678	2.2430485e-20	-1
0	0.9951947	0.09715459	-0.0028197311	0.009424778	0	0	0.9951947	0.09715459	-0.0028197311	2.3679434e-20	-1
0	0.9945507	0.10353245	-0.0028259235	0.0062831854	0	0	0.9945507	0.10353245	-0.0028259235	2.4927637e-20	-1
0	0.99393725	0.10925922	-0.002830374	0.0037699111	0	0	0.99393725	0.10925922	-0.002830374	2.5925569e-20	-1
0	0.9935906	0.112365074	-0.002832374	0.002513274	0	0	0.9935906	0.112365074	-0.002832374	2.6424291e-20	-1
0	0.9934062	0.11398258	-0.0028333068	0.0018849556	0	0	0.9934062	0.11398258	-0.0028333068	2.6673583e-20	-1
0	0.9932138	0.115645595	-0.002834189	0.001256637	0	0	0.9932138	0.115645595	-0.002834189	2.692283e-20	-1
0	0.9932138	0.115645595	-0.002834189	0.0010053096	0	0	0.9932138	0.115645595	-0.002834189	2.702252e-20	-1
0	0.99301404	0.11734658	-0.0028350186	0.0006283185	0	0	0.99301404	0.11734658	-0.0028350186	2.717203e-20	-1
0	0.9928876	0.11841066	-0.0028354852	0.0002513274	0	0	0.9928876	0.11841066	-0.0028354852	2.732152e-20	-1
0	0.9928876	0.11841066	-0.0028354852	0.0001256637	0	0	0.9928876	0.11841066	-0.0028354852	2.7371348e-20	-1
0	0.9928876	0.11841066	-0.0028354852	6.283185e-05	0	0	0.9928876	0.11841066	-0.0028354852	2.739626e-20	-1
0	0.9928876	0.11841066	-0.0028354852	2.5132742e-05	0	0	0.9928876	0.11841066	-0.0028354852	2.741121e-20	-1
0	0.9928876	0.11841066	-0.0028354852	1.2566371e-05	0	0	0.9928876	0.11841066	-0.0028354852	2.7416194e-20	-1
0	0.9928876	0.11841066	-0.0028354852	6.2831855e-06	0	0	0.9928876	0.11841066	-0.0028354852	2.7418685e-20	-1
0	0.9928876	0.11841066	-0.0028354852	2.513274e-06	0	0	0.9928876	0.11841066	-0.0028354852	2.7420178e-20	-1
0	0.9928876	0.11841066	-0.0028354852	1.256637e-06	0	0	0.9928876	0.11841066	-0.0028354852	2.742068e-20	-1
0	0.9928876	0.11841066	-0.0028354852	6.283185e-07	0	0	0.9928876	0.11841066	-0.0028354852	2.7420927e-20	-1
0	0.9928876	0.11841066	-0.0028354852	2.513274e-07	0	0	0.9928876	0.11841066	-0.0028354852	2.7421076e-20	-1
0	0.9928876	0.11841066	-0.0028354852	1.256637e-07	0	0	0.9928876	0.11841066	-0.0028354852	2.7421125e-20	-1
0	0.9928876	0.11841066	-0.0028354852	0	0	0	0.9928876	0.11841066	-0.0028354852	2.7421176e-20	-1
0	0.9928876	0.11841066	-0.0028354852	-1.256637e-07	0	0	0.9928876	0.11841066	-0.0028354852	2.7421225e-20	-1
0	0.9928876	0.11841066	-0.0028354852	-2.513274e-07	0	0	0.9928876	0.11841066	-0.0028354852	2.7421276e-20	-1
0	0.9928876	0.11841066	-0.0028354852	-6.283185e-07	0	0	0.9928876	0.11841066	-0.0028354852	2.7421425e-20	-1
0	0.9928876	0.11841066	-0.0028354852	-1.256637e-06	0	0	0.9928876	0.11841066	-0.0028354852	2.7421674e-20	-1
0	0.9928876	0.11841066	-0.0028354852	-2.513274e-06	0	0	0.9928876	0.11841066	-0.0028354852	2.742217e-20	-1
0	0.9928876	0.11841066	-0.0028354852	-6.2831855e-06	0	0	0.9928876	0.11841066	-0.0028354852	2.7423667e-20	-1
0	0.9928876	0.11841066	-0.0028354852	-1.2566371e-05	0	0	0.9928876	0.11841066	-0.0028354852	2.742616e-20	-1
0	0.9928876	0.11841066	-0.0028354852	-2.5132742e-05	0	0	0.9928876	0.11841066	-0.0028354852	2.743114e-20	-1
0	0.9927813	0.11929752	-0.002835859	-6.283185e-05	0	0	0.9927813	0.11929752	-0.002835859	2.744609e-20	-1
0	0.9927813	0.11929752	-0.002835859	-0.0001256637	0	0	0.9927813	0.11929752	-0.002835859	2.7470998e-20	-1
0	0.9927813	0.11929752	-0.002835859	-0.0002513274	0	0	0.9927813	0.11929752	-0.002835859	2.7520822e-20	-1
0	0.9925823	0.12094063	-0.0028364863	-0.0006283185	0	0	0.9925823	0.12094063	-0.0028364863	2.7670264e-20	-1
0	0.9924454	0.1220583	-0.002836877	-0.0010053096	0	0	0.9924454	0.1220583	-0.002836877	2.7819696e-20	-1
0	0.9924454	0.1220583	-0.002836877	-0.001256637	0	0	0.9924454	0.1220583	-0.002836877	2.7919307e-20	-1
0	0.9921108	0.12474636	-0.0028376803	-0.0018849556	0	0	0.9921108	0.12474636	-0.0028376803	2.8168275e-20	-1
0	0.99185705	0.12674607	-0.0028381525	-0.002513274	0	0	0.99185705	0.12674607	-0.0028381525	2.8417192e-20	-1
0	0.99131393	0.13092208	-0.0028388263	-0.0037699111	0	0	0.99131393	0.13092208	-0.0028388263	2.8914822e-20	-1
0	0.9900489	0.14016098	-0.0028388128	-0.0062831854	0	0	0.9900489	0.14016098	-0.0028388128	2.990919e-20	-1
0	0.98802835	0.15374792	-0.0028352276	-0.009424778	0	0	0.98802835	0.15374792	-0.0028352276	3.1150123e-20	-1
0	0.9853026	0.1703317	-0.0028254746	-0.012566371	0	0	0.9853026	0.1703317	-0.0028254746	3.2388108e-20	-1
0	0.97567177	0.21882549	-0.0027660339	-0.018849555	0	0	0.97567177	0.21882549	-0.0027660339	3.4850037e-20	-1
0	0.93773913	0.34701377	-0.002417732	-0.025132742	0	0	0.93773913	0.34701377	-0.002417732	3.7267353e-20	-1
0	-0.997988	-0.062285967	0.0027553514	-0.03769911	0	0	-0.997988	-0.062285967	0.0027553514	1.2422867e-20	-1
0	-0.9984906	-0.05365171	0.002727319	-0.050265484	0	0	-0.9984906	-0.05365171	0.002727319	7.413103e-21	-1
0	-0.99882215	-0.047098786	0.0027005277	-0.06283186	0	0	-0.99882215	-0.047098786	0.0027005277	2.4012894e-21	-1
0	-0.99882215	-0.047098786	0.0027005277	-0.06283186	0	0	-0.99882215	-0.047098786	0.0027005277	2.4012894e-21	1
0	-0.9984907	-0.05364905	0.0027273167	-0.050265484	0	0	-0.9984907	-0.05364905	0.0027273167	7.4131094e-21	1
0	-0.997988	-0.0622857	0.0027553511	-0.03769911	0	0	-0.997988	-0.0622857	0.0027553511	1.2422869e-20	1
0	-0.99717426	-0.074161984	0.0027843784	-0.025132742	0	0	-0.99717426	-0.074161984	0.0027843784	1.742941e-20	1
0	-0.99656415	-0.08194338	0.0027989442	-0.018849555	0	0	-0.99656415	-0.08194338	0.0027989442	1.9930846e-20	1
0	-0.99573076	-0.09150422	0.0028130515	-0.012566371	0	0	-0.99573076	-0.09150422	0.0028130515	2.2430489e-20	1
0	-0.99519527	-0.09714827	0.0028197314	-0.009424778	0	0	-0.99519527	-0.09714827	0.0028197314	2.3679433e-20	1
0	-0.99455076	-0.10353227	0.002825924	-0.0062831854	0	0	-0.99455076	-0.10353227	0.002825924	2.492764e-20	1
0	-0.9939368	-0.10926333	0.002830374	-0.0037699111	0	0	-0.9939368	-0.10926333	0.002830374	2.592557e-20	1
0	-0.99359083	-0.11236298	0.0028323745	-0.002513274	0	0	-0.99359083	-0.11236298	0.0028323745	2.6424291e-20	1
0	-0.993407	-0.113975525	0.0028333077	-0.0018849556	0	0	-0.993407	-0.113975525	0.0028333077	2.6673584e-20	1
0	-0.99321353	-0.11564767	0.0028341883	-0.001256637	0	0	-0.99321353	-0.11564767	0.0028341883	2.6922829e-20	1
0	-0.99321353	-0.11564767	0.0028341883	-0.0010053096	0	0	-0.99321353	-0.11564767	0.0028341883	2.7022519e-20	1
0	-0.99301326	-0.11735319	0.002835017	-0.0006283185	0	0	-0.99301326	-0.11735319	0.002835017	2.717203e-20	1
0	-0.9928867	-0.11841807	0.0028354833	-0.0002513274	0	0	-0.9928867	-0.11841807	0.0028354833	2.732152e-20	1
0	-0.9928867	-0.11841807	0.0028354833	-0.0001256637	0	0	-0.9928867	-0.11841807	0.0028354833	2.7371348e-20	1
0	-0.9928867	-0.11841807	0.0028354833	-6.283185e-05	0	0	-0.9928867	-0.11841807	0.0028354833	2.739626e-20	1
0	-0.9928867	-0.11841807	0.0028354833	-2.5132742e-05	0	0	-0.9928867	-0.11841807	0.0028354833	2.741121e-20	1
0	-0.9928867	-0.11841807	0.0028354833	-1.2566371e-05	0	0	-0.9928867	-0.11841807	0.0028354833	2.7416194e-20	1
0	-0.9928867	-0.11841807	0.0028354833	-6.2831855e-06	0	0	-0.9928867	-0.11841807	0.0028354833	2.7418685e-20	1
0	-0.9928867	-0.11841807	0.0028354833	-2.513274e-06	0	0	-0.9928867	-0.11841807	0.0028354833	2.7420178e-20	1
0	-0.9928867	-0.11841807	0.0028354833	-1.256637e-06	0	0	-0.9928867	-0.11841807	0.0028354833	2.742068e-20	1
0	-0.9928867	-0.11841807	0.0028354833	-6.283185e-07	0	0	-0.9928867	-0.11841807	0.0028354833	2.7420927e-20	1
0	-0.9928867	-0.11841807	0.0028354833	-2.513274e-07	0	0	-0.9928867	-0.11841807	0.0028354833	2.7421076e-20	1
0	-0.9928867	-0.11841807	0.0028354833	-1.256637e-07	0	0	-0.9928867	-0.11841807	0.0028354833	2.7421125e-20	1
0	-0.9928867	-0.11841807	0.0028354833	0	0	0	-0.9928867	-0.11841807	0.0028354833	2.7421176e-20	1
0	-0.9928867	-0.11841807	0.0028354833	1.256637e-07	0	0	-0.9928867	-0.11841807	0.0028354833	2.7421225e-20	1
0	-0.9928867	-0.11841807	0.0028354833	2.513274e-07	0	0	-0.9928867	-0.11841807	0.0028354833	2.7421276e-20	1
0	-0.9928867	-0.11841807	0.0028354833	6.283185e-07	0	0	-0.9928867	-0.11841807	0.0028354833	2.7421425e-20	1
0	-0.9928867	-0.11841807	0.0028354833	1.256637e-06	0	0	-0.9928867	-0.11841807	0.0028354833	2.7421674e-20	1
0	-0.9928867	-0.11841807	0.0028354833	2.513274e-06	0	0	-0.9928867	-0.11841807	0.0028354833	2.742217e-20	1
0	-0.9928867	-0.11841807	0.0028354833	6.2831855e-06	0	0	-0.9928867	-0.11841807	0.0028354833	2.7423667e-20	1
0	-0.9928867	-0.11841807	0.0028354833	1.2566371e-05	0	0	-0.9928867	-0.11841807	0.0028354833	2.742616e-20	1
0	-0.9928867	-0.11841807	0.0028354833	2.5132742e-05	0	0	-0.9928867	-0.11841807	0.0028354833	2.743114e-20	1
0	-0.9927807	-0.11930291	0.002835858	6.283185e-05	0	0	-0.9927807	-0.11930291	0.002835858	2.7446085e-20	1
0	-0.9927807	-0.11930291	0.002835858	0.0001256637	0	0	-0.9927807	-0.11930291	0.002835858	2.7470998e-20	1
0	-0.9927156	-0.119842485	0.0028360742	0.0002513274	0	0	-0.9927156	-0.119842485	0.0028360742	2.7520816e-20	1
0	-0.9925828	-0.120936826	0.0028364896	0.0006283185	0	0	-0.9925828	-0.120936826	0.0028364896	2.7670267e-20	1
0	-0.99244523	-0.12205976	0.0028368714	0.0010053096	0	0	-0.99244523	-0.12205976	0.0028368714	2.7819696e-20	1
0	-0.99244523	-0.12205976	0.0028368714	0.001256637	0	0	-0.99244523	-0.12205976	0.0028368714	2.7919307e-20	1
0	-0.99211144	-0.12474075	0.0028376812	0.0018849556	0	0	-0.99211144	-0.12474075	0.0028376812	2.816828e-20	1
0	-0.99185824	-0.12673657	0.0028381536	0.002513274	0	0	-0.99185824	-0.12673657	0.0028381536	2.841719e-20	1
0	-0.99131435	-0.13091978	0.0028388277	0.0037699111	0	0	-0.99131435	-0.13091978	0.0028388277	2.8914825e-20	1
0	-0.99004805	-0.14016628	0.00283881	0.0062831854	0	0	-0.99004805	-0.14016628	0.00283881	2.990919e-20	1
0	-0.9880278	-0.1537512	0.0028352258	0.009424778	0	0	-0.9880278	-0.1537512	0.0028352258	3.1150123e-20	1
0	-0.9853027	-0.17033184	0.0028254744	0.012566371	0	0	-0.9853027	-0.17033184	0.0028254744	3.2388108e-20	1
0	-0.97567165	-0.21882617	0.002766036	0.018849555	0	0	-0.97567165	-0.21882617	0.002766036	3.4850034e-20	1
0	-0.93764496	-0.34726822	0.002416789	0.025132742	0	0	-0.93764496	-0.34726822	0.002416789	3.726735e-20	1
0	0.997988	0.06228541	-0.002755351	0.03769911	0	0	0.997988	0.06228541	-0.002755351	1.2422867e-20	1
0	0.9984906	0.053650595	-0.002727318	0.050265484	0	0	0.9984906	0.053650595	-0.002727318	7.413105e-21	1
0	0.9988221	0.047099166	-0.0027005277	0.06283186	0	0	0.9988221	0.047099166	-0.0027005277	2.401285e-21	1
