# t (s)	mx ()	my ()	mz ()	B_extx (T)	B_exty (T)	B_extz (T)	mx ()	my ()	mz ()	E_total (J)	branch ()
0	-0.01025586	0.99988395	-9.4475625e-05	0	0.06283186	0	-0.01025586	0.99988395	-9.4475625e-05	2.2544503e-21	-1
0	-0.011636585	0.99986815	-9.520457e-05	0	0.050265484	0	-0.011636585	0.99986815	-9.520457e-05	7.272343e-21	-1
0	-0.013466232	0.9998444	-9.594535e-05	0	0.03769911	0	-0.013466232	0.9998444	-9.594535e-05	1.2290129e-20	-1
0	-0.015965339	0.9998068	-9.6693126e-05	0	0.025132742	0	-0.015965339	0.9998068	-9.6693126e-05	1.7307772e-20	-1
0	-0.017592357	0.9997791	-9.707795e-05	0	0.018849555	0	-0.017592357	0.9997791	-9.707795e-05	1.9816503e-20	-1
0	-0.019600168	0.9997413	-9.751093e-05	0	0.012566371	0	-0.019600168	0.9997413	-9.751093e-05	2.2325156e-20	-1
0	-0.020781234	0.9997173	-9.7653225e-05	0	0.009424778	0	-0.020781234	0.9997173	-9.7653225e-05	2.3579446e-20	-1
0	-0.022116609	0.9996884	-9.784577e-05	0	0.0062831854	0	-0.022116609	0.9996884	-9.784577e-05	2.4833697e-20	-1
0	-0.023312762	0.9996611	-9.7999946e-05	0	0.0037699111	0	-0.023312762	0.9996611	-9.7999946e-05	2.5837075e-20	-1
0	-0.023964573	0.9996456	-9.8076685e-05	0	0.002513274	0	-0.023964573	0.9996456	-9.8076685e-05	2.6338749e-20	-1
0	-0.024303589	0.99963725	-9.811556e-05	0	0.0018849556	0	-0.024303589	0.99963725	-9.811556e-05	2.6589583e-20	-1
0	-0.024659865	0.99962854	-9.8154065e-05	0	0.001256637	0	-0.024659865	0.99962854	-9.8154065e-05	2.6840416e-20	-1
0	-0.024659865	0.99962854	-9.8154065e-05	0	0.0010053096	0	-0.024659865	0.99962854	-9.8154065e-05	2.6940749e-20	-1
0	-0.02500811	0.99961984	-9.819254e-05	0	0.0006283185	0	-0.02500811	0.99961984	-9.819254e-05	2.709125e-20	-1
0	-0.025224753	0.99961436	-9.821619e-05	0	0.0002513274	0	-0.025224753	0.99961436	-9.821619e-05	2.7241746e-20	-1
0	-0.025299657	0.99961245	-9.822336e-05	0	0.0001256637	0	-0.025299657	0.99961245	-9.822336e-05	2.729191e-20	-1
0	-0.02534001	0.99961144	-9.822721e-05	0	6.283185e-05	0	-0.02534001	0.99961144	-9.822721e-05	2.7316997e-20	-1
0	-0.02534001	0.99961144	-9.822721e-05	0	2.5132742e-05	0	-0.02534001	0.99961144	-9.822721e-05	2.7332048e-20	-1
0	-0.02534001	0.99961144	-9.822721e-05	0	1.2566371e-05	0	-0.02534001	0.99961144	-9.822721e-05	2.7337062e-20	-1
0	-0.02534001	0.99961144	-9.822721e-05	0	6.2831855e-06	0	-0.02534001	0.99961144	-9.822721e-05	2.7339573e-20	-1
0	-0.02534001	0.99961144	-9.822721e-05	0	2.513274e-06	0	-0.02534001	0.99961144	-9.822721e-05	2.7341075e-20	-1
0	-0.02534001	0.99961144	-9.822721e-05	0	1.256637e-06	0	-0.02534001	0.99961144	-9.822721e-05	2.734158e-20	-1
0	-0.02534001	0.99961144	-9.822721e-05	0	6.283185e-07	0	-0.02534001	0.99961144	-9.822721e-05	2.7341828e-20	-1
0	-0.02534001	0.99961144	-9.822721e-05	0	2.513274e-07	0	-0.02534001	0.99961144	-9.822721e-05	2.734198e-20	-1
0	-0.02534001	0.99961144	-9.822721e-05	0	1.256637e-07	0	-0.02534001	0.99961144	-9.822721e-05	2.734203e-20	-1
0	-0.02534001	0.99961144	-9.822721e-05	0	0	0	-0.02534001	0.99961144	-9.822721e-05	2.734208e-20	-1
0	-0.02534001	0.99961144	-9.822721e-05	0	-1.256637e-07	0	-0.02534001	0.99961144	-9.822721e-05	2.734213e-20	-1
0	-0.02534001	0.99961144	-9.822721e-05	0	-2.513274e-07	0	-0.02534001	0.99961144	-9.822721e-05	2.734218e-20	-1
0	-0.02534001	0.99961144	-9.822721e-05	0	-6.283185e-07	0	-0.02534001	0.99961144	-9.822721e-05	2.7342332e-20	-1
0	-0.02534001	0.99961144	-9.822721e-05	0	-1.256637e-06	0	-0.02534001	0.99961144	-9.822721e-05	2.734258e-20	-1
0	-0.02534001	0.99961144	-9.822721e-05	0	-2.513274e-06	0	-0.02534001	0.99961144	-9.822721e-05	2.7343082e-20	-1
0	-0.02534001	0.99961144	-9.822721e-05	0	-6.2831855e-06	0	-0.02534001	0.99961144	-9.822721e-05	2.7344588e-20	-1
0	-0.02534001	0.99961144	-9.822721e-05	0	-1.2566371e-05	0	-0.02534001	0.99961144	-9.822721e-05	2.7347095e-20	-1
0	-0.02534001	0.99961144	-9.822721e-05	0	-2.5132742e-05	0	-0.02534001	0.99961144	-9.822721e-05	2.7352113e-20	-1
0	-0.02534001	0.99961144	-9.822721e-05	0	-6.283185e-05	0	-0.02534001	0.99961144	-9.822721e-05	2.7367164e-20	-1
0	-0.025442956	0.9996089	-9.823873e-05	0	-0.0001256637	0	-0.025442956	0.9996089	-9.823873e-05	2.739224e-20	-1
0	-0.02552642	0.9996067	-9.82464e-05	0	-0.0002513274	0	-0.02552642	0.9996067	-9.82464e-05	2.7442408e-20	-1
0	-0.025749743	0.9996009	-9.826946e-05	0	-0.0006283185	0	-0.025749743	0.9996009	-9.826946e-05	2.7592903e-20	-1
0	-0.025985107	0.9995948	-9.829513e-05	0	-0.0010053096	0	-0.025985107	0.9995948	-9.829513e-05	2.77434e-20	-1
0	-0.026146874	0.9995905	-9.8308665e-05	0	-0.001256637	0	-0.026146874	0.9995905	-9.8308665e-05	2.7843727e-20	-1
0	-0.026550468	0.9995799	-9.8345045e-05	0	-0.0018849556	0	-0.026550468	0.9995799	-9.8345045e-05	2.809455e-20	-1
0	-0.026960406	0.9995688	-9.838458e-05	0	-0.002513274	0	-0.026960406	0.9995688	-9.838458e-05	2.8345366e-20	-1
0	-0.027839165	0.99954474	-9.846018e-05	0	-0.0037699111	0	-0.027839165	0.99954474	-9.846018e-05	2.8846997e-20	-1
0	-0.029762669	0.99948907	-9.861325e-05	0	-0.0062831854	0	-0.029762669	0.99948907	-9.861325e-05	2.9850215e-20	-1
0	-0.03256962	0.9994012	-9.8800534e-05	0	-0.009424778	0	-0.03256962	0.9994012	-9.8800534e-05	3.110415e-20	-1
0	-0.03597422	0.9992842	-9.898197e-05	0	-0.012566371	0	-0.03597422	0.9992842	-9.898197e-05	3.2357952e-20	-1
0	-0.0455053	0.9988948	-9.930966e-05	0	-0.018849555	0	-0.0455053	0.9988948	-9.930966e-05	3.4864978e-20	-1
0	-0.062059447	0.998002	-9.9470184e-05	0	-0.025132742	0	-0.062059447	0.998002	-9.9470184e-05	3.7370508e-20	-1
0	0.0134664755	-0.99984443	9.594522e-05	0	-0.03769911	0	0.0134664755	-0.99984443	9.594522e-05	1.2290129e-20	-1
0	0.01164452	-0.99986804	9.520323e-05	0	-0.050265484	0	0.01164452	-0.99986804	9.520323e-05	7.272339e-21	-1
0	0.010255881	-0.999884	9.447534e-05	0	-0.06283186	0	0.010255881	-0.999884	9.447534e-05	2.2544503e-21	-1
0	0.010255881	-0.999884	9.447534e-05	0	-0.06283186	0	0.010255881	-0.999884	9.447534e-05	2.2544503e-21	1
0	0.011640469	-0.99986804	9.520458e-05	0	-0.050265484	0	0.011640469	-0.99986804	9.520458e-05	7.27234e-21	1
0	0.013466373	-0.9998443	9.594518e-05	0	-0.03769911	0	0.013466373	-0.9998443	9.594518e-05	1.2290129e-20	1
0	0.015961232	-0.9998069	9.669753e-05	0	-0.025132742	0	0.015961232	-0.9998069	9.669753e-05	1.7307769e-20	1
0	0.017591467	-0.9997791	9.7077966e-05	0	-0.018849555	0	0.017591467	-0.9997791	9.7077966e-05	1.9816503e-20	1
0	0.019598559	-0.9997414	9.746095e-05	0	-0.012566371	0	0.019598559	-0.9997414	9.746095e-05	2.232516e-20	1
0	0.020775568	-0.99971735	9.765591e-05	0	-0.009424778	0	0.020775568	-0.99971735	9.765591e-05	2.3579441e-20	1
0	0.022117741	-0.9996884	9.784734e-05	0	-0.0062831854	0	0.022117741	-0.9996884	9.784734e-05	2.48337e-20	1
0	0.023315027	-0.99966097	9.799967e-05	0	-0.0037699111	0	0.023315027	-0.99966097	9.799967e-05	2.5837075e-20	1
0	0.023964358	-0.99964553	9.807703e-05	0	-0.002513274	0	0.023964358	-0.99964553	9.807703e-05	2.6338749e-20	1
0	0.024302013	-0.99963737	9.8115546e-05	0	-0.0018849556	0	0.024302013	-0.99963737	9.8115546e-05	2.6589583e-20	1
0	0.024650306	-0.9996288	9.815405e-05	0	-0.001256637	0	0.024650306	-0.9996288	9.815405e-05	2.6840416e-20	1
0	0.024792906	-0.9996252	9.8169454e-05	0	-0.0010053096	0	0.024792906	-0.9996252	9.8169454e-05	2.694075e-20	1
0	0.025008067	-0.99961984	9.819193e-05	0	-0.0006283185	0	0.025008067	-0.99961984	9.819193e-05	2.7091252e-20	1
0	0.025232408	-0.99961424	9.8215634e-05	0	-0.0002513274	0	0.025232408	-0.99961424	9.8215634e-05	2.7241746e-20	1
0	0.025232408	-0.99961424	9.8215634e-05	0	-0.0001256637	0	0.025232408	-0.99961424	9.8215634e-05	2.729191e-20	1
0	0.025335174	-0.9996115	9.82272e-05	0	-6.283185e-05	0	0.025335174	-0.9996115	9.82272e-05	2.7316993e-20	1
0	0.025362778	-0.9996108	9.822947e-05	0	-2.5132742e-05	0	0.025362778	-0.9996108	9.822947e-05	2.7332044e-20	1
0	0.025362778	-0.9996108	9.822947e-05	0	-1.2566371e-05	0	0.025362778	-0.9996108	9.822947e-05	2.7337062e-20	1
0	0.025362778	-0.9996108	9.822947e-05	0	-6.2831855e-06	0	0.025362778	-0.9996108	9.822947e-05	2.733957e-20	1
0	0.025362778	-0.9996108	9.822947e-05	0	-2.513274e-06	0	0.025362778	-0.9996108	9.822947e-05	2.7341075e-20	1
0	0.025362778	-0.9996108	9.822947e-05	0	-1.256637e-06	0	0.025362778	-0.9996108	9.822947e-05	2.7341576e-20	1
0	0.025362778	-0.9996108	9.822947e-05	0	-6.283185e-07	0	0.025362778	-0.9996108	9.822947e-05	2.7341828e-20	1
0	0.025362778	-0.9996108	9.822947e-05	0	-2.513274e-07	0	0.025362778	-0.9996108	9.822947e-05	2.7341977e-20	1
0	0.025362778	-0.9996108	9.822947e-05	0	-1.256637e-07	0	0.025362778	-0.9996108	9.822947e-05	2.734203e-20	1
0	0.025362778	-0.9996108	9.822947e-05	0	0	0	0.025362778	-0.9996108	9.822947e-05	2.7342077e-20	1
0	0.025362778	-0.9996108	9.822947e-05	0	1.256637e-07	0	0.025362778	-0.9996108	9.822947e-05	2.734213e-20	1
0	0.025362778	-0.9996108	9.822947e-05	0	2.513274e-07	0	0.025362778	-0.9996108	9.822947e-05	2.7342177e-20	1
0	0.025362778	-0.9996108	9.822947e-05	0	6.283185e-07	0	0.025362778	-0.9996108	9.822947e-05	2.734233e-20	1
0	0.025362778	-0.9996108	9.822947e-05	0	1.256637e-06	0	0.025362778	-0.9996108	9.822947e-05	2.7342578e-20	1
0	0.025362778	-0.9996108	9.822947e-05	0	2.513274e-06	0	0.025362778	-0.9996108	9.822947e-05	2.7343082e-20	1
0	0.025362778	-0.9996108	9.822947e-05	0	6.2831855e-06	0	0.025362778	-0.9996108	9.822947e-05	2.7344584e-20	1
0	0.025362778	-0.9996108	9.822947e-05	0	1.2566371e-05	0	0.025362778	-0.9996108	9.822947e-05	2.7347095e-20	1
0	0.025362778	-0.9996108	9.822947e-05	0	2.5132742e-05	0	0.025362778	-0.9996108	9.822947e-05	2.735211e-20	1
0	0.025362778	-0.9996108	9.822947e-05	0	6.283185e-05	0	0.025362778	-0.9996108	9.822947e-05	2.736716e-20	1
0	0.025362778	-0.9996108	9.822947e-05	0	0.0001256637	0	0.025362778	-0.9996108	9.822947e-05	2.7392244e-20	1
0	0.025362778	-0.9996108	9.822947e-05	0	0.0002513274	0	0.025362778	-0.9996108	9.822947e-05	2.7442408e-20	1
0	0.025758509	-0.9996007	9.826926e-05	0	0.0006283185	0	0.025758509	-0.9996007	9.826926e-05	2.7592907e-20	1
0	0.025991082	-0.9995947	9.829257e-05	0	0.0010053096	0	0.025991082	-0.9995947	9.829257e-05	2.77434e-20	1
0	0.026141182	-0.99959075	9.8307675e-05	0	0.001256637	0	0.026141182	-0.99959075	9.8307675e-05	2.784373e-20	1
0	0.026547436	-0.99957997	9.834624e-05	0	0.0018849556	0	0.026547436	-0.99957997	9.834624e-05	2.809455e-20	1
0	0.026963528	-0.9995688	9.838454e-05	0	0.002513274	0	0.026963528	-0.9995688	9.838454e-05	2.8345366e-20	1
0	0.02783654	-0.99954474	9.846105e-05	0	0.0037699111	0	0.02783654	-0.99954474	9.846105e-05	2.8846993e-20	1
0	0.02976908	-0.99948883	9.861363e-05	0	0.0062831854	0	0.02976908	-0.99948883	9.861363e-05	2.9850215e-20	1
0	0.032576296	-0.9994011	9.879863e-05	0	0.009424778	0	0.032576296	-0.9994011	9.879863e-05	3.1104146e-20	1
0	0.03599243	-0.99928355	9.898264e-05	0	0.012566371	0	0.03599243	-0.99928355	9.898264e-05	3.2357952e-20	1
0	0.045508176	-0.9988947	9.931004e-05	0	0.018849555	0	0.045508176	-0.9988947	9.931004e-05	3.486497e-20	1
0	0.062060244	-0.99800193	9.947055e-05	0	0.025132742	0	0.062060244	-0.99800193	9.947055e-05	3.7370508e-20	1
0	-0.013464773	0.9998444	-9.594533e-05	0	0.03769911	0	-0.013464773	0.9998444	-9.594533e-05	1.2290129e-20	1
0	-0.011645475	0.99986804	-9.520555e-05	0	0.050265484	0	-0.011645475	0.99986804	-9.520555e-05	7.272341e-21	1
0	-0.010258246	0.999884	-9.4475705e-05	0	0.06283186	0	-0.010258246	0.999884	-9.4475705e-05	2.2544517e-21	1
