# t (s)	mx ()	my ()	mz ()	B_extx (T)	B_exty (T)	B_extz (T)	mx ()	my ()	mz ()	E_total (J)	branch ()
0	0.9959241	0.08941739	-0.002505568	0.06283186	0	0	0.9959241	0.08941739	-0.002505568	2.5604762e-21	-1
0	0.9946848	0.10226887	-0.0025471998	0.050265484	0	0	0.9946848	0.10226887	-0.0025471998	7.555616e-21	-1
0	0.9928007	0.11916047	-0.0025922414	0.03769911	0	0	0.9928007	0.11916047	-0.0025922414	1.2543071e-20	-1
0	0.98975605	0.14223	-0.0026394543	0.025132742	0	0	0.98975605	0.14223	-0.0026394543	1.7518458e-20	-1
0	0.9874908	0.15717576	-0.0026625623	0.018849555	0	0	0.9874908	0.15717576	-0.0026625623	1.9999298e-20	-1
0	0.98442686	0.17533077	-0.0026836246	0.012566371	0	0	0.98442686	0.17533077	-0.0026836246	2.2473518e-20	-1
0	0.9824773	0.18593617	-0.0026926198	0.009424778	0	0	0.9824773	0.18593617	-0.0026926198	2.3707418e-20	-1
0	0.9801517	0.19782048	-0.0026999475	0.0062831854	0	0	0.9801517	0.19782048	-0.0026999475	2.4938642e-20	-1
0	0.97795737	0.20838976	-0.0027041254	0.0037699111	0	0	0.97795737	0.20838976	-0.0027041254	2.5921346e-20	-1
0	0.9767264	0.21408074	-0.002705492	0.002513274	0	0	0.9767264	0.21408074	-0.002705492	2.6411833e-20	-1
0	0.97607136	0.2170457	-0.0027059512	0.0018849556	0	0	0.97607136	0.2170457	-0.0027059512	2.6656834e-20	-1
0	0.9753922	0.22007534	-0.0027062627	0.001256637	0	0	0.9753922	0.22007534	-0.0027062627	2.6901673e-20	-1
0	0.9753922	0.22007534	-0.0027062627	0.0010053096	0	0	0.9753922	0.22007534	-0.0027062627	2.6999573e-20	-1
0	0.9746828	0.22319388	-0.002706405	0.0006283185	0	0	0.9746828	0.22319388	-0.002706405	2.7146336e-20	-1
0	0.9742435	0.22510262	-0.0027064043	0.0002513274	0	0	0.9742435	0.22510262	-0.0027064043	2.7293047e-20	-1
0	0.9742435	0.22510262	-0.0027064043	0.0001256637	0	0	0.9742435	0.22510262	-0.0027064043	2.7341938e-20	-1
0	0.9742435	0.22510262	-0.0027064043	6.283185e-05	0	0	0.9742435	0.22510262	-0.0027064043	2.7366385e-20	-1
0	0.9742435	0.22510262	-0.0027064043	2.5132742e-05	0	0	0.9742435	0.22510262	-0.0027064043	2.738105e-20	-1
0	0.9742435	0.22510262	-0.0027064043	1.2566371e-05	0	0	0.9742435	0.22510262	-0.0027064043	2.738594e-20	-1
0	0.9742435	0.22510262	-0.0027064043	6.2831855e-06	0	0	0.9742435	0.22510262	-0.0027064043	2.7388386e-20	-1
0	0.9742435	0.22510262	-0.0027064043	2.513274e-06	0	0	0.9742435	0.22510262	-0.0027064043	2.7389853e-20	-1
0	0.9742435	0.22510262	-0.0027064043	1.256637e-06	0	0	0.9742435	0.22510262	-0.0027064043	2.739034e-20	-1
0	0.9742435	0.22510262	-0.0027064043	6.283185e-07	0	0	0.9742435	0.22510262	-0.0027064043	2.7390587e-20	-1
0	0.9742435	0.22510262	-0.0027064043	2.513274e-07	0	0	0.9742435	0.22510262	-0.0027064043	2.7390732e-20	-1
0	0.9742435	0.22510262	-0.0027064043	1.256637e-07	0	0	0.9742435	0.22510262	-0.0027064043	2.739078e-20	-1
0	0.9742435	0.22510262	-0.0027064043	0	0	0	0.9742435	0.22510262	-0.0027064043	2.7390832e-20	-1
0	0.9742435	0.22510262	-0.0027064043	-1.256637e-07	0	0	0.9742435	0.22510262	-0.0027064043	2.739088e-20	-1
0	0.9742435	0.22510262	-0.0027064043	-2.513274e-07	0	0	0.9742435	0.22510262	-0.0027064043	2.739093e-20	-1
0	0.9742435	0.22510262	-0.0027064043	-6.283185e-07	0	0	0.9742435	0.22510262	-0.0027064043	2.7391075e-20	-1
0	0.9742435	0.22510262	-0.0027064043	-1.256637e-06	0	0	0.9742435	0.22510262	-0.0027064043	2.739132e-20	-1
0	0.9742435	0.22510262	-0.0027064043	-2.513274e-06	0	0	0.9742435	0.22510262	-0.0027064043	2.7391808e-20	-1
0	0.9742435	0.22510262	-0.0027064043	-6.2831855e-06	0	0	0.9742435	0.22510262	-0.0027064043	2.7393275e-20	-1
0	0.9742435	0.22510262	-0.0027064043	-1.2566371e-05	0	0	0.9742435	0.22510262	-0.0027064043	2.739572e-20	-1
0	0.9742435	0.22510262	-0.0027064043	-2.5132742e-05	0	0	0.9742435	0.22510262	-0.0027064043	2.740061e-20	-1
0	0.9742435	0.22510262	-0.0027064043	-6.283185e-05	0	0	0.9742435	0.22510262	-0.0027064043	2.7415276e-20	-1
0	0.9737935	0.22703987	-0.0027063391	-0.0001256637	0	0	0.9737935	0.22703987	-0.0027063391	2.7439688e-20	-1
0	0.9737935	0.22703987	-0.0027063391	-0.0002513274	0	0	0.9737935	0.22703987	-0.0027063391	2.7488556e-20	-1
0	0.97317326	0.22968197	-0.0027061366	-0.0006283185	0	0	0.97317326	0.22968197	-0.0027061366	2.7635106e-20	-1
0	0.97269374	0.2317029	-0.0027058856	-0.0010053096	0	0	0.97269374	0.2317029	-0.0027058856	2.7781585e-20	-1
0	0.97269374	0.2317029	-0.0027058856	-0.001256637	0	0	0.97269374	0.2317029	-0.0027058856	2.7879215e-20	-1
0	0.9715245	0.23655394	-0.002705025	-0.0018849556	0	0	0.9715245	0.23655394	-0.002705025	2.8123084e-20	-1
0	0.970646	0.2401306	-0.0027041207	-0.002513274	0	0	0.970646	0.2401306	-0.0027041207	2.8366754e-20	-1
0	0.9687587	0.24762955	-0.0027014958	-0.0037699111	0	0	0.9687587	0.24762955	-0.0027014958	2.8853407e-20	-1
0	0.964393	0.2641099	-0.0026923744	-0.0062831854	0	0	0.964393	0.2641099	-0.0026923744	2.982363e-20	-1
0	0.95747733	0.28815988	-0.0026711235	-0.009424778	0	0	0.95747733	0.28815988	-0.0026711235	3.102944e-20	-1
0	0.948123	0.31756932	-0.0026330724	-0.012566371	0	0	0.948123	0.31756932	-0.0026330724	3.2225167e-20	-1
0	0.9115906	0.41079384	-0.0024363091	-0.018849555	0	0	0.9115906	0.41079384	-0.0024363091	3.4566527e-20	-1
0	-0.98975533	-0.14223486	0.00263946	-0.025132742	0	0	-0.98975533	-0.14223486	0.00263946	1.7518458e-20	-1
0	-0.9928	-0.11916594	0.0025922484	-0.03769911	0	0	-0.9928	-0.11916594	0.0025922484	1.2543071e-20	-1
0	-0.9946842	-0.102274105	0.002547208	-0.050265484	0	0	-0.9946842	-0.102274105	0.002547208	7.555619e-21	-1
0	-0.9959232	-0.08942652	0.0025055879	-0.06283186	0	0	-0.9959232	-0.08942652	0.0025055879	2.5604715e-21	-1
0	-0.9959232	-0.08942652	0.0025055879	-0.06283186	0	0	-0.9959232	-0.08942652	0.0025055879	2.5604715e-21	1
0	-0.99468493	-0.10226828	0.0025471994	-0.050265484	0	0	-0.99468493	-0.10226828	0.0025471994	7.555616e-21	1
0	-0.9928005	-0.1191622	0.0025922442	-0.03769911	0	0	-0.9928005	-0.1191622	0.0025922442	1.2543073e-20	1
0	-0.9897561	-0.14222933	0.0026394539	-0.025132742	0	0	-0.9897561	-0.14222933	0.0026394539	1.7518458e-20	1
0	-0.98749125	-0.15717274	0.00266256	-0.018849555	0	0	-0.98749125	-0.15717274	0.00266256	1.99993e-20	1
0	-0.98442686	-0.17533101	0.0026836244	-0.012566371	0	0	-0.98442686	-0.17533101	0.0026836244	2.2473518e-20	1
0	-0.9824755	-0.1859456	0.0026926226	-0.009424778	0	0	-0.9824755	-0.1859456	0.0026926226	2.3707418e-20	1
0	-0.9801514	-0.1978218	0.0026999468	-0.0062831854	0	0	-0.9801514	-0.1978218	0.0026999468	2.4938644e-20	1
0	-0.977957	-0.20839182	0.002704122	-0.0037699111	0	0	-0.977957	-0.20839182	0.002704122	2.5921349e-20	1
0	-0.9767277	-0.21407497	0.0027054867	-0.002513274	0	0	-0.9767277	-0.21407497	0.0027054867	2.641183e-20	1
0	-0.97607315	-0.21703762	0.002705971	-0.0018849556	0	0	-0.97607315	-0.21703762	0.002705971	2.6656837e-20	1
0	-0.9753926	-0.220074	0.0027062562	-0.001256637	0	0	-0.9753926	-0.220074	0.0027062562	2.6901671e-20	1
0	-0.9753926	-0.220074	0.0027062562	-0.0010053096	0	0	-0.9753926	-0.220074	0.0027062562	2.6999573e-20	1
0	-0.9746815	-0.22319977	0.0027064052	-0.0006283185	0	0	-0.9746815	-0.22319977	0.0027064052	2.7146336e-20	1
0	-0.9742403	-0.22511628	0.0027064004	-0.0002513274	0	0	-0.9742403	-0.22511628	0.0027064004	2.7293044e-20	1
0	-0.9742403	-0.22511628	0.0027064004	-0.0001256637	0	0	-0.9742403	-0.22511628	0.0027064004	2.7341938e-20	1
0	-0.9742403	-0.22511628	0.0027064004	-6.283185e-05	0	0	-0.9742403	-0.22511628	0.0027064004	2.7366385e-20	1
0	-0.9742403	-0.22511628	0.0027064004	-2.5132742e-05	0	0	-0.9742403	-0.22511628	0.0027064004	2.738105e-20	1
0	-0.9742403	-0.22511628	0.0027064004	-1.2566371e-05	0	0	-0.9742403	-0.22511628	0.0027064004	2.738594e-20	1
0	-0.9742403	-0.22511628	0.0027064004	-6.2831855e-06	0	0	-0.9742403	-0.22511628	0.0027064004	2.7388386e-20	1
0	-0.9742403	-0.22511628	0.0027064004	-2.513274e-06	0	0	-0.9742403	-0.22511628	0.0027064004	2.7389853e-20	1
0	-0.9742403	-0.22511628	0.0027064004	-1.256637e-06	0	0	-0.9742403	-0.22511628	0.0027064004	2.739034e-20	1
0	-0.9742403	-0.22511628	0.0027064004	-6.283185e-07	0	0	-0.9742403	-0.22511628	0.0027064004	2.7390587e-20	1
0	-0.9742403	-0.22511628	0.0027064004	-2.513274e-07	0	0	-0.9742403	-0.22511628	0.0027064004	2.7390732e-20	1
0	-0.9742403	-0.22511628	0.0027064004	-1.256637e-07	0	0	-0.9742403	-0.22511628	0.0027064004	2.739078e-20	1
0	-0.9742403	-0.22511628	0.0027064004	0	0	0	-0.9742403	-0.22511628	0.0027064004	2.739083e-20	1
0	-0.9742403	-0.22511628	0.0027064004	1.256637e-07	0	0	-0.9742403	-0.22511628	0.0027064004	2.7390878e-20	1
0	-0.9742403	-0.22511628	0.0027064004	2.513274e-07	0	0	-0.9742403	-0.22511628	0.0027064004	2.739093e-20	1
0	-0.9742403	-0.22511628	0.0027064004	6.283185e-07	0	0	-0.9742403	-0.22511628	0.0027064004	2.7391075e-20	1
0	-0.9742403	-0.22511628	0.0027064004	1.256637e-06	0	0	-0.9742403	-0.22511628	0.0027064004	2.739132e-20	1
0	-0.9742403	-0.22511628	0.0027064004	2.513274e-06	0	0	-0.9742403	-0.22511628	0.0027064004	2.7391808e-20	1
0	-0.9742403	-0.22511628	0.0027064004	6.2831855e-06	0	0	-0.9742403	-0.22511628	0.0027064004	2.7393275e-20	1
0	-0.9742403	-0.22511628	0.0027064004	1.2566371e-05	0	0	-0.9742403	-0.22511628	0.0027064004	2.7395718e-20	1
0	-0.9742403	-0.22511628	0.0027064004	2.5132742e-05	0	0	-0.9742403	-0.22511628	0.0027064004	2.740061e-20	1
0	-0.9742403	-0.22511628	0.0027064004	6.283185e-05	0	0	-0.9742403	-0.22511628	0.0027064004	2.7415276e-20	1
0	-0.97379124	-0.22704953	0.0027063345	0.0001256637	0	0	-0.97379124	-0.22704953	0.0027063345	2.7439688e-20	1
0	-0.97379124	-0.22704953	0.0027063345	0.0002513274	0	0	-0.97379124	-0.22704953	0.0027063345	2.748856e-20	1
0	-0.9731724	-0.22968549	0.002706135	0.0006283185	0	0	-0.9731724	-0.22968549	0.002706135	2.7635103e-20	1
0	-0.97269297	-0.23170596	0.0027058953	0.0010053096	0	0	-0.97269297	-0.23170596	0.0027058953	2.7781588e-20	1
0	-0.97269297	-0.23170596	0.0027058953	0.001256637	0	0	-0.97269297	-0.23170596	0.0027058953	2.7879218e-20	1
0	-0.97152495	-0.2365522	0.0027050502	0.0018849556	0	0	-0.97152495	-0.2365522	0.0027050502	2.8123084e-20	1
0	-0.970647	-0.24012682	0.0027041228	0.002513274	0	0	-0.970647	-0.24012682	0.0027041228	2.8366754e-20	1
0	-0.96876	-0.24762437	0.0027014995	0.0037699111	0	0	-0.96876	-0.24762437	0.0027014995	2.8853404e-20	1
0	-0.96439254	-0.26411146	0.002692394	0.0062831854	0	0	-0.96439254	-0.26411146	0.002692394	2.982363e-20	1
0	-0.9574705	-0.28818262	0.0026710974	0.009424778	0	0	-0.9574705	-0.28818262	0.0026710974	3.1029438e-20	1
0	-0.9481337	-0.31753737	0.0026331265	0.012566371	0	0	-0.9481337	-0.31753737	0.0026331265	3.222517e-20	1
0	-0.9115974	-0.4107788	0.0024363506	0.018849555	0	0	-0.9115974	-0.4107788	0.0024363506	3.456653e-20	1
0	0.9897546	0.14223978	-0.0026394646	0.025132742	0	0	0.9897546	0.14223978	-0.0026394646	1.7518459e-20	1
0	0.99280024	0.11916485	-0.0025922111	0.03769911	0	0	0.99280024	0.11916485	-0.0025922111	1.2543073e-20	1
0	0.99468446	0.1022726	-0.0025472057	0.050265484	0	0	0.99468446	0.1022726	-0.0025472057	7.555621e-21	1
0	0.99592316	0.08942791	-0.002505589	0.06283186	0	0	0.99592316	0.08942791	-0.002505589	2.560475e-21	1
