# t (s)	mx ()	my ()	mz ()	B_extx (T)	B_exty (T)	B_extz (T)	mx ()	my ()	mz ()	E_total (J)	branch ()
0	0.99773186	0.06628213	0.0026934962	0.06283186	0	0	0.99773186	0.06628213	0.0026934962	2.4647569e-21	-1
0	0.99706674	0.07561442	0.0027266024	0.050265484	0	0	0.99706674	0.07561442	0.0027266024	7.4703214e-21	-1
0	0.9960567	0.08790675	0.0027618846	0.03769911	0	0	0.9960567	0.08790675	0.0027618846	1.2471761e-20	-1
0	0.99442184	0.104773834	0.0027987738	0.025132742	0	0	0.99442184	0.104773834	0.0027987738	1.7466723e-20	-1
0	0.99319816	0.11578916	0.002817141	0.018849555	0	0	0.99319816	0.11578916	0.002817141	1.9960516e-20	-1
0	0.9915322	0.12926802	0.002834482	0.012566371	0	0	0.9915322	0.12926802	0.002834482	2.2450722e-20	-1
0	0.9904636	0.13720876	0.002842308	0.009424778	0	0	0.9904636	0.13720876	0.002842308	2.3694077e-20	-1
0	0.9891851	0.14613363	0.0028491616	0.0062831854	0	0	0.9891851	0.14613363	0.0028491616	2.4935957e-20	-1
0	0.9879707	0.15412295	0.0028536357	0.0037699111	0	0	0.9879707	0.15412295	0.0028536357	2.5928212e-20	-1
0	0.9872863	0.15844408	0.0028554304	0.002513274	0	0	0.9872863	0.15844408	0.0028554304	2.6423852e-20	-1
0	0.9869238	0.16068524	0.0028561964	0.0018849556	0	0	0.9869238	0.16068524	0.0028561964	2.6671545e-20	-1
0	0.9865426	0.16300783	0.002856858	0.001256637	0	0	0.9865426	0.16300783	0.002856858	2.691914e-20	-1
0	0.9865426	0.16300783	0.002856858	0.0010053096	0	0	0.9865426	0.16300783	0.002856858	2.701816e-20	-1
0	0.9861461	0.16538702	0.0028574173	0.0006283185	0	0	0.9861461	0.16538702	0.0028574173	2.7166637e-20	-1
0	0.9858999	0.16684698	0.002857698	0.0002513274	0	0	0.9858999	0.16684698	0.002857698	2.731509e-20	-1
0	0.9858999	0.16684698	0.002857698	0.0001256637	0	0	0.9858999	0.16684698	0.002857698	2.736457e-20	-1
0	0.9858999	0.16684698	0.002857698	6.283185e-05	0	0	0.9858999	0.16684698	0.002857698	2.7389307e-20	-1
0	0.9858999	0.16684698	0.002857698	2.5132742e-05	0	0	0.9858999	0.16684698	0.002857698	2.740415e-20	-1
0	0.9858999	0.16684698	0.002857698	1.2566371e-05	0	0	0.9858999	0.16684698	0.002857698	2.7409098e-20	-1
0	0.9858999	0.16684698	0.002857698	6.2831855e-06	0	0	0.9858999	0.16684698	0.002857698	2.7411573e-20	-1
0	0.9858999	0.16684698	0.002857698	2.513274e-06	0	0	0.9858999	0.16684698	0.002857698	2.7413056e-20	-1
0	0.9858999	0.16684698	0.002857698	1.256637e-06	0	0	0.9858999	0.16684698	0.002857698	2.741355e-20	-1
0	0.9858999	0.16684698	0.002857698	6.283185e-07	0	0	0.9858999	0.16684698	0.002857698	2.74138e-20	-1
0	0.9858999	0.16684698	0.002857698	2.513274e-07	0	0	0.9858999	0.16684698	0.002857698	2.7413948e-20	-1
0	0.9858999	0.16684698	0.002857698	1.256637e-07	0	0	0.9858999	0.16684698	0.002857698	2.7413997e-20	-1
0	0.9858999	0.16684698	0.002857698	0	0	0	0.9858999	0.16684698	0.002857698	2.7414045e-20	-1
0	0.9858999	0.16684698	0.002857698	-1.256637e-07	0	0	0.9858999	0.16684698	0.002857698	2.7414097e-20	-1
0	0.9858999	0.16684698	0.002857698	-2.513274e-07	0	0	0.9858999	0.16684698	0.002857698	2.7414145e-20	-1
0	0.9858999	0.16684698	0.002857698	-6.283185e-07	0	0	0.9858999	0.16684698	0.002857698	2.7414294e-20	-1
0	0.9858999	0.16684698	0.002857698	-1.256637e-06	0	0	0.9858999	0.16684698	0.002857698	2.741454e-20	-1
0	0.9858999	0.16684698	0.002857698	-2.513274e-06	0	0	0.9858999	0.16684698	0.002857698	2.7415037e-20	-1
0	0.9858999	0.16684698	0.002857698	-6.2831855e-06	0	0	0.9858999	0.16684698	0.002857698	2.741652e-20	-1
0	0.9858999	0.16684698	0.002857698	-1.2566371e-05	0	0	0.9858999	0.16684698	0.002857698	2.7418995e-20	-1
0	0.9858999	0.16684698	0.002857698	-2.5132742e-05	0	0	0.9858999	0.16684698	0.002857698	2.7423942e-20	-1
0	0.9858999	0.16684698	0.002857698	-6.283185e-05	0	0	0.9858999	0.16684698	0.002857698	2.7438786e-20	-1
0	0.9858999	0.16684698	0.002857698	-0.0001256637	0	0	0.9858999	0.16684698	0.002857698	2.7463524e-20	-1
0	0.98556244	0.16882782	0.002858006	-0.0002513274	0	0	0.98556244	0.16882782	0.002858006	2.7512967e-20	-1
0	0.98556244	0.16882782	0.002858006	-0.0006283185	0	0	0.98556244	0.16882782	0.002858006	2.766135e-20	-1
0	0.98503125	0.17189741	0.002858309	-0.0010053096	0	0	0.98503125	0.17189741	0.002858309	2.7809647e-20	-1
0	0.98503125	0.17189741	0.002858309	-0.001256637	0	0	0.98503125	0.17189741	0.002858309	2.7908515e-20	-1
0	0.98437333	0.1756225	0.0028584027	-0.0018849556	0	0	0.98437333	0.1756225	0.0028584027	2.8155574e-20	-1
0	0.98387814	0.1783739	0.002858284	-0.002513274	0	0	0.98387814	0.1783739	0.002858284	2.8402516e-20	-1
0	0.9828132	0.18414675	0.002857518	-0.0037699111	0	0	0.9828132	0.18414675	0.002857518	2.889601e-20	-1
0	0.98033834	0.19688758	0.0028534012	-0.0062831854	0	0	0.98033834	0.19688758	0.0028534012	2.9881266e-20	-1
0	0.9763978	0.21556789	0.002841559	-0.009424778	0	0	0.9763978	0.21556789	0.002841559	3.1108857e-20	-1
0	0.9710721	0.2383984	0.0028181402	-0.012566371	0	0	0.9710721	0.2383984	0.0028181402	3.2330713e-20	-1
0	0.9515636	0.30710995	0.0026929278	-0.018849555	0	0	0.9515636	0.30710995	0.0026929278	3.4746565e-20	-1
0	-0.99441946	-0.104796134	-0.0027987922	-0.025132742	0	0	-0.99441946	-0.104796134	-0.0027987922	1.7466722e-20	-1
0	-0.99605656	-0.08790828	-0.002761887	-0.03769911	0	0	-0.99605656	-0.08790828	-0.002761887	1.2471757e-20	-1
0	-0.9970665	-0.07561815	-0.0027266066	-0.050265484	0	0	-0.9970665	-0.07561815	-0.0027266066	7.470318e-21	-1
0	-0.9977318	-0.06628328	-0.0026935958	-0.06283186	0	0	-0.9977318	-0.06628328	-0.0026935958	2.4647549e-21	-1
0	-0.9977318	-0.06628328	-0.0026935958	-0.06283186	0	0	-0.9977318	-0.06628328	-0.0026935958	2.4647549e-21	1
0	-0.997067	-0.075611934	-0.0027265982	-0.050265484	0	0	-0.997067	-0.075611934	-0.0027265982	7.470319e-21	1
0	-0.9960568	-0.087905146	-0.002761886	-0.03769911	0	0	-0.9960568	-0.087905146	-0.002761886	1.2471756e-20	1
0	-0.9944211	-0.10478028	-0.002798779	-0.025132742	0	0	-0.9944211	-0.10478028	-0.002798779	1.746672e-20	1
0	-0.99319816	-0.115789175	-0.0028171428	-0.018849555	0	0	-0.99319816	-0.115789175	-0.0028171428	1.9960516e-20	1
0	-0.9915329	-0.12926318	-0.0028344798	-0.012566371	0	0	-0.9915329	-0.12926318	-0.0028344798	2.2450724e-20	1
0	-0.99046457	-0.13720194	-0.0028423062	-0.009424778	0	0	-0.99046457	-0.13720194	-0.0028423062	2.3694073e-20	1
0	-0.9891858	-0.1461287	-0.002849155	-0.0062831854	0	0	-0.9891858	-0.1461287	-0.002849155	2.4935954e-20	1
0	-0.9879709	-0.15412207	-0.0028536362	-0.0037699111	0	0	-0.9879709	-0.15412207	-0.0028536362	2.5928212e-20	1
0	-0.9872863	-0.15844446	-0.00285543	-0.002513274	0	0	-0.9872863	-0.15844446	-0.00285543	2.6423853e-20	1
0	-0.9869221	-0.16069573	-0.0028561964	-0.0018849556	0	0	-0.9869221	-0.16069573	-0.0028561964	2.6671542e-20	1
0	-0.9865427	-0.16300696	-0.0028568588	-0.001256637	0	0	-0.9865427	-0.16300696	-0.0028568588	2.6919139e-20	1
0	-0.9865427	-0.16300696	-0.0028568588	-0.0010053096	0	0	-0.9865427	-0.16300696	-0.0028568588	2.7018158e-20	1
0	-0.9861462	-0.16538627	-0.0028574173	-0.0006283185	0	0	-0.9861462	-0.16538627	-0.0028574173	2.716664e-20	1
0	-0.9861462	-0.16538627	-0.0028574173	-0.0002513274	0	0	-0.9861462	-0.16538627	-0.0028574173	2.731511e-20	1
0	-0.98581725	-0.16733474	-0.0028577903	-0.0001256637	0	0	-0.98581725	-0.16733474	-0.0028577903	2.7364563e-20	1
0	-0.98581725	-0.16733474	-0.0028577903	-6.283185e-05	0	0	-0.98581725	-0.16733474	-0.0028577903	2.73893e-20	1
0	-0.98581725	-0.16733474	-0.0028577903	-2.5132742e-05	0	0	-0.98581725	-0.16733474	-0.0028577903	2.740414e-20	1
0	-0.98581725	-0.16733474	-0.0028577903	-1.2566371e-05	0	0	-0.98581725	-0.16733474	-0.0028577903	2.7409092e-20	1
0	-0.98581725	-0.16733474	-0.0028577903	-6.2831855e-06	0	0	-0.98581725	-0.16733474	-0.0028577903	2.7411564e-20	1
0	-0.98581725	-0.16733474	-0.0028577903	-2.513274e-06	0	0	-0.98581725	-0.16733474	-0.0028577903	2.741305e-20	1
0	-0.98581725	-0.16733474	-0.0028577903	-1.256637e-06	0	0	-0.98581725	-0.16733474	-0.0028577903	2.7413544e-20	1
0	-0.98581725	-0.16733474	-0.0028577903	-6.283185e-07	0	0	-0.98581725	-0.16733474	-0.0028577903	2.741379e-20	1
0	-0.98581725	-0.16733474	-0.0028577903	-2.513274e-07	0	0	-0.98581725	-0.16733474	-0.0028577903	2.741394e-20	1
0	-0.98581725	-0.16733474	-0.0028577903	-1.256637e-07	0	0	-0.98581725	-0.16733474	-0.0028577903	2.7413987e-20	1
0	-0.98581725	-0.16733474	-0.0028577903	0	0	0	-0.98581725	-0.16733474	-0.0028577903	2.741404e-20	1
0	-0.98581725	-0.16733474	-0.0028577903	1.256637e-07	0	0	-0.98581725	-0.16733474	-0.0028577903	2.7414087e-20	1
0	-0.98581725	-0.16733474	-0.0028577903	2.513274e-07	0	0	-0.98581725	-0.16733474	-0.0028577903	2.7414136e-20	1
0	-0.98581725	-0.16733474	-0.0028577903	6.283185e-07	0	0	-0.98581725	-0.16733474	-0.0028577903	2.7414284e-20	1
0	-0.98581725	-0.16733474	-0.0028577903	1.256637e-06	0	0	-0.98581725	-0.16733474	-0.0028577903	2.7414533e-20	1
0	-0.98581725	-0.16733474	-0.0028577903	2.513274e-06	0	0	-0.98581725	-0.16733474	-0.0028577903	2.7415027e-20	1
0	-0.98581725	-0.16733474	-0.0028577903	6.2831855e-06	0	0	-0.98581725	-0.16733474	-0.0028577903	2.741651e-20	1
0	-0.98581725	-0.16733474	-0.0028577903	1.2566371e-05	0	0	-0.98581725	-0.16733474	-0.0028577903	2.7418986e-20	1
0	-0.98581725	-0.16733474	-0.0028577903	2.5132742e-05	0	0	-0.98581725	-0.16733474	-0.0028577903	2.7423932e-20	1
0	-0.98581725	-0.16733474	-0.0028577903	6.283185e-05	0	0	-0.98581725	-0.16733474	-0.0028577903	2.7438773e-20	1
0	-0.98581725	-0.16733474	-0.0028577903	0.0001256637	0	0	-0.98581725	-0.16733474	-0.0028577903	2.746351e-20	1
0	-0.98581725	-0.16733474	-0.0028577903	0.0002513274	0	0	-0.98581725	-0.16733474	-0.0028577903	2.7512984e-20	1
0	-0.9852996	-0.17035362	-0.002858168	0.0006283185	0	0	-0.9852996	-0.17035362	-0.002858168	2.7661327e-20	1
0	-0.9852996	-0.17035362	-0.002858168	0.0010053096	0	0	-0.9852996	-0.17035362	-0.002858168	2.780967e-20	1
0	-0.9848474	-0.17294654	-0.0028583687	0.001256637	0	0	-0.9848474	-0.17294654	-0.0028583687	2.790851e-20	1
0	-0.98437166	-0.17563212	-0.0028583982	0.0018849556	0	0	-0.98437166	-0.17563212	-0.0028583982	2.815557e-20	1
0	-0.9838787	-0.17837073	-0.002858286	0.002513274	0	0	-0.9838787	-0.17837073	-0.002858286	2.8402513e-20	1
0	-0.98281264	-0.18414935	-0.002857516	0.0037699111	0	0	-0.98281264	-0.18414935	-0.002857516	2.889601e-20	1
0	-0.98033607	-0.196899	-0.0028533926	0.0062831854	0	0	-0.98033607	-0.196899	-0.0028533926	2.988126e-20	1
0	-0.9763971	-0.21557108	-0.002841555	0.009424778	0	0	-0.9763971	-0.21557108	-0.002841555	3.110886e-20	1
0	-0.97107196	-0.23839869	-0.0028181397	0.012566371	0	0	-0.97107196	-0.23839869	-0.0028181397	3.2330713e-20	1
0	-0.9515686	-0.30709434	-0.0026929672	0.018849555	0	0	-0.9515686	-0.30709434	-0.0026929672	3.4746568e-20	1
0	0.99442035	0.10478805	0.0027987855	0.025132742	0	0	0.99442035	0.10478805	0.0027987855	1.7466722e-20	1
0	0.9960564	0.08791005	0.002761889	0.03769911	0	0	0.9960564	0.08791005	0.002761889	1.2471757e-20	1
0	0.99706656	0.07561664	0.0027266014	0.050265484	0	0	0.99706656	0.07561664	0.0027266014	7.470318e-21	1
0	0.9977318	0.06628379	0.002693497	0.06283186	0	0	0.9977318	0.06628379	0.002693497	2.4647523e-21	1
