# t (s)	mx ()	my ()	mz ()	B_extx (T)	B_exty (T)	B_extz (T)	mx ()	my ()	mz ()	E_total (J)	branch ()
0	-0.045250356	0.99890983	0.00041974842	0	0.06283186	0	-0.045250356	0.99890983	0.00041974842	4.6459068e-21	-1
0	-0.053816155	0.9984839	0.00042071237	0	0.050265484	0	-0.053816155	0.9984839	0.00042071237	9.6579645e-21	-1
0	-0.06623688	0.9977356	0.00042038315	0	0.03769911	0	-0.06623688	0.9977356	0.00042038315	1.4667174e-20	-1
0	-0.08571355	0.99624956	0.00041729404	0	0.025132742	0	-0.08571355	0.99624956	0.00041729404	1.9671051e-20	-1
0	-0.10015127	0.99490047	0.00041379852	0	0.018849555	0	-0.10015127	0.99490047	0.00041379852	2.2169326e-20	-1
0	-0.1199904	0.9927012	0.0004076928	0	0.012566371	0	-0.1199904	0.9927012	0.0004076928	2.4663264e-20	-1
0	-0.13293457	0.99104935	0.00040312795	0	0.009424778	0	-0.13293457	0.99104935	0.00040312795	2.5907744e-20	-1
0	-0.14880028	0.9887898	0.00039698952	0	0.0062831854	0	-0.14880028	0.9887898	0.00039698952	2.7149803e-20	-1
0	-0.16420442	0.9863467	0.00039053103	0	0.0037699111	0	-0.16420442	0.9863467	0.00039053103	2.8141088e-20	-1
0	-0.17312396	0.98481905	0.00038658595	0	0.002513274	0	-0.17312396	0.98481905	0.00038658595	2.8635713e-20	-1
0	-0.17791468	0.9839642	0.00038440962	0	0.0018849556	0	-0.17791468	0.9839642	0.00038440962	2.8882724e-20	-1
0	-0.18301567	0.9830275	0.00038205204	0	0.001256637	0	-0.18301567	0.9830275	0.00038205204	2.9129505e-20	-1
0	-0.18301567	0.9830275	0.00038205204	0	0.0010053096	0	-0.18301567	0.9830275	0.00038205204	2.9228172e-20	-1
0	-0.18838462	0.98201203	0.00037951826	0	0.0006283185	0	-0.18838462	0.98201203	0.00037951826	2.9376046e-20	-1
0	-0.19176716	0.9813566	0.0003778999	0	0.0002513274	0	-0.19176716	0.9813566	0.0003778999	2.9523844e-20	-1
0	-0.19176716	0.9813566	0.0003778999	0	0.0001256637	0	-0.19176716	0.9813566	0.0003778999	2.9573093e-20	-1
0	-0.19176716	0.9813566	0.0003778999	0	6.283185e-05	0	-0.19176716	0.9813566	0.0003778999	2.9597718e-20	-1
0	-0.19176716	0.9813566	0.0003778999	0	2.5132742e-05	0	-0.19176716	0.9813566	0.0003778999	2.9612494e-20	-1
0	-0.19176716	0.9813566	0.0003778999	0	1.2566371e-05	0	-0.19176716	0.9813566	0.0003778999	2.9617418e-20	-1
0	-0.19176716	0.9813566	0.0003778999	0	6.2831855e-06	0	-0.19176716	0.9813566	0.0003778999	2.961988e-20	-1
0	-0.19176716	0.9813566	0.0003778999	0	2.513274e-06	0	-0.19176716	0.9813566	0.0003778999	2.9621357e-20	-1
0	-0.19176716	0.9813566	0.0003778999	0	1.256637e-06	0	-0.19176716	0.9813566	0.0003778999	2.962185e-20	-1
0	-0.19176716	0.9813566	0.0003778999	0	6.283185e-07	0	-0.19176716	0.9813566	0.0003778999	2.9622097e-20	-1
0	-0.19176716	0.9813566	0.0003778999	0	2.513274e-07	0	-0.19176716	0.9813566	0.0003778999	2.9622246e-20	-1
0	-0.19176716	0.9813566	0.0003778999	0	1.256637e-07	0	-0.19176716	0.9813566	0.0003778999	2.9622294e-20	-1
0	-0.19176716	0.9813566	0.0003778999	0	0	0	-0.19176716	0.9813566	0.0003778999	2.9622343e-20	-1
0	-0.19176716	0.9813566	0.0003778999	0	-1.256637e-07	0	-0.19176716	0.9813566	0.0003778999	2.962239e-20	-1
0	-0.19176716	0.9813566	0.0003778999	0	-2.513274e-07	0	-0.19176716	0.9813566	0.0003778999	2.962244e-20	-1
0	-0.19176716	0.9813566	0.0003778999	0	-6.283185e-07	0	-0.19176716	0.9813566	0.0003778999	2.9622588e-20	-1
0	-0.19176716	0.9813566	0.0003778999	0	-1.256637e-06	0	-0.19176716	0.9813566	0.0003778999	2.9622834e-20	-1
0	-0.19176716	0.9813566	0.0003778999	0	-2.513274e-06	0	-0.19176716	0.9813566	0.0003778999	2.9623328e-20	-1
0	-0.19176716	0.9813566	0.0003778999	0	-6.2831855e-06	0	-0.19176716	0.9813566	0.0003778999	2.9624805e-20	-1
0	-0.19176716	0.9813566	0.0003778999	0	-1.2566371e-05	0	-0.19176716	0.9813566	0.0003778999	2.9627267e-20	-1
0	-0.19176716	0.9813566	0.0003778999	0	-2.5132742e-05	0	-0.19176716	0.9813566	0.0003778999	2.963219e-20	-1
0	-0.19176716	0.9813566	0.0003778999	0	-6.283185e-05	0	-0.19176716	0.9813566	0.0003778999	2.9646967e-20	-1
0	-0.1952593	0.98066723	0.00037621098	0	-0.0001256637	0	-0.1952593	0.98066723	0.00037621098	2.967154e-20	-1
0	-0.1952593	0.98066723	0.00037621098	0	-0.0002513274	0	-0.1952593	0.98066723	0.00037621098	2.9720755e-20	-1
0	-0.20013884	0.97968227	0.0003738202	0	-0.0006283185	0	-0.20013884	0.97968227	0.0003738202	2.9868303e-20	-1
0	-0.20394559	0.97889626	0.0003719295	0	-0.0010053096	0	-0.20394559	0.97889626	0.0003719295	3.0015738e-20	-1
0	-0.20656952	0.9783455	0.00037061534	0	-0.001256637	0	-0.20656952	0.9783455	0.00037061534	3.0113966e-20	-1
0	-0.21343565	0.9768696	0.00036712864	0	-0.0018849556	0	-0.21343565	0.9768696	0.00036712864	3.0359273e-20	-1
0	-0.22084533	0.9752199	0.00036329206	0	-0.002513274	0	-0.22084533	0.9752199	0.00036329206	3.0604187e-20	-1
0	-0.23740505	0.97131866	0.00035446242	0	-0.0037699111	0	-0.23740505	0.97131866	0.00035446242	3.109266e-20	-1
0	-0.28175002	0.95938635	0.00032928755	0	-0.0062831854	0	-0.28175002	0.95938635	0.00032928755	3.206219e-20	-1
0	-0.9200315	-0.3915454	0.00024548903	0	-0.009424778	0	-0.9200315	-0.3915454	0.00024548903	2.6252244e-20	-1
0	-0.8793864	-0.4758253	0.00019687257	0	-0.012566371	0	-0.8793864	-0.4758253	0.00019687257	2.5710008e-20	-1
0	0.10015192	-0.99490035	-0.00041376235	0	-0.018849555	0	0.10015192	-0.99490035	-0.00041376235	2.2169329e-20	-1
0	0.08572578	-0.9962485	-0.00041728988	0	-0.025132742	0	0.08572578	-0.9962485	-0.00041728988	1.9671051e-20	-1
0	0.0662445	-0.997735	-0.0004203535	0	-0.03769911	0	0.0662445	-0.997735	-0.0004203535	1.466717e-20	-1
0	0.05381783	-0.9984838	-0.00042071153	0	-0.050265484	0	0.05381783	-0.9984838	-0.00042071153	9.6579605e-21	-1
0	0.045253344	-0.99890965	-0.00041974685	0	-0.06283186	0	0.045253344	-0.99890965	-0.00041974685	4.6459056e-21	-1
0	0.045253344	-0.99890965	-0.00041974685	0	-0.06283186	0	0.045253344	-0.99890965	-0.00041974685	4.6459056e-21	1
0	0.053814013	-0.998484	-0.00042071257	0	-0.050265484	0	0.053814013	-0.998484	-0.00042071257	9.657962e-21	1
0	0.06623052	-0.997736	-0.0004203578	0	-0.03769911	0	0.06623052	-0.997736	-0.0004203578	1.4667172e-20	1
0	0.085701704	-0.9962505	-0.0004172988	0	-0.025132742	0	0.085701704	-0.9962505	-0.0004172988	1.9671053e-20	1
0	0.10015288	-0.9949003	-0.00041376206	0	-0.018849555	0	0.10015288	-0.9949003	-0.00041376206	2.2169327e-20	1
0	0.12000255	-0.9926996	-0.00040768852	0	-0.012566371	0	0.12000255	-0.9926996	-0.00040768852	2.4663262e-20	1
0	0.13293555	-0.9910492	-0.00040312787	0	-0.009424778	0	0.13293555	-0.9910492	-0.00040312787	2.5907748e-20	1
0	0.14875922	-0.988796	-0.00039700803	0	-0.0062831854	0	0.14875922	-0.988796	-0.00039700803	2.7149803e-20	1
0	0.16422248	-0.9863436	-0.0003905223	0	-0.0037699111	0	0.16422248	-0.9863436	-0.0003905223	2.8141088e-20	1
0	0.17311722	-0.9848203	-0.0003865892	0	-0.002513274	0	0.17311722	-0.9848203	-0.0003865892	2.8635713e-20	1
0	0.17793597	-0.9839604	-0.00038439795	0	-0.0018849556	0	0.17793597	-0.9839604	-0.00038439795	2.888272e-20	1
0	0.18301928	-0.98302686	-0.000382047	0	-0.001256637	0	0.18301928	-0.98302686	-0.000382047	2.9129505e-20	1
0	0.18301928	-0.98302686	-0.000382047	0	-0.0010053096	0	0.18301928	-0.98302686	-0.000382047	2.9228172e-20	1
0	0.18838277	-0.9820124	-0.0003795193	0	-0.0006283185	0	0.18838277	-0.9820124	-0.0003795193	2.9376046e-20	1
0	0.19177043	-0.9813559	-0.0003778983	0	-0.0002513274	0	0.19177043	-0.9813559	-0.0003778983	2.9523847e-20	1
0	0.19177043	-0.9813559	-0.0003778983	0	-0.0001256637	0	0.19177043	-0.9813559	-0.0003778983	2.9573096e-20	1
0	0.19177043	-0.9813559	-0.0003778983	0	-6.283185e-05	0	0.19177043	-0.9813559	-0.0003778983	2.959772e-20	1
0	0.19177043	-0.9813559	-0.0003778983	0	-2.5132742e-05	0	0.19177043	-0.9813559	-0.0003778983	2.9612497e-20	1
0	0.19177043	-0.9813559	-0.0003778983	0	-1.2566371e-05	0	0.19177043	-0.9813559	-0.0003778983	2.961742e-20	1
0	0.19177043	-0.9813559	-0.0003778983	0	-6.2831855e-06	0	0.19177043	-0.9813559	-0.0003778983	2.9619884e-20	1
0	0.19177043	-0.9813559	-0.0003778983	0	-2.513274e-06	0	0.19177043	-0.9813559	-0.0003778983	2.962136e-20	1
0	0.19177043	-0.9813559	-0.0003778983	0	-1.256637e-06	0	0.19177043	-0.9813559	-0.0003778983	2.9621855e-20	1
0	0.19177043	-0.9813559	-0.0003778983	0	-6.283185e-07	0	0.19177043	-0.9813559	-0.0003778983	2.96221e-20	1
0	0.19177043	-0.9813559	-0.0003778983	0	-2.513274e-07	0	0.19177043	-0.9813559	-0.0003778983	2.962225e-20	1
0	0.19177043	-0.9813559	-0.0003778983	0	-1.256637e-07	0	0.19177043	-0.9813559	-0.0003778983	2.9622297e-20	1
0	0.19177043	-0.9813559	-0.0003778983	0	0	0	0.19177043	-0.9813559	-0.0003778983	2.9622346e-20	1
0	0.19177043	-0.9813559	-0.0003778983	0	1.256637e-07	0	0.19177043	-0.9813559	-0.0003778983	2.9622394e-20	1
0	0.19177043	-0.9813559	-0.0003778983	0	2.513274e-07	0	0.19177043	-0.9813559	-0.0003778983	2.9622446e-20	1
0	0.19177043	-0.9813559	-0.0003778983	0	6.283185e-07	0	0.19177043	-0.9813559	-0.0003778983	2.962259e-20	1
0	0.19177043	-0.9813559	-0.0003778983	0	1.256637e-06	0	0.19177043	-0.9813559	-0.0003778983	2.962284e-20	1
0	0.19177043	-0.9813559	-0.0003778983	0	2.513274e-06	0	0.19177043	-0.9813559	-0.0003778983	2.962333e-20	1
0	0.19177043	-0.9813559	-0.0003778983	0	6.2831855e-06	0	0.19177043	-0.9813559	-0.0003778983	2.9624808e-20	1
0	0.19177043	-0.9813559	-0.0003778983	0	1.2566371e-05	0	0.19177043	-0.9813559	-0.0003778983	2.962727e-20	1
0	0.19177043	-0.9813559	-0.0003778983	0	2.5132742e-05	0	0.19177043	-0.9813559	-0.0003778983	2.9632198e-20	1
0	0.19177043	-0.9813559	-0.0003778983	0	6.283185e-05	0	0.19177043	-0.9813559	-0.0003778983	2.964697e-20	1
0	0.1952574	-0.9806676	-0.000376212	0	0.0001256637	0	0.1952574	-0.9806676	-0.000376212	2.967154e-20	1
0	0.1952574	-0.9806676	-0.000376212	0	0.0002513274	0	0.1952574	-0.9806676	-0.000376212	2.9720755e-20	1
0	0.20012596	-0.97968495	-0.00037382732	0	0.0006283185	0	0.20012596	-0.97968495	-0.00037382732	2.98683e-20	1
0	0.20395096	-0.9788952	-0.0003719217	0	0.0010053096	0	0.20395096	-0.9788952	-0.0003719217	3.0015735e-20	1
0	0.20395096	-0.9788952	-0.0003719217	0	0.001256637	0	0.20395096	-0.9788952	-0.0003719217	3.011399e-20	1
0	0.21346149	-0.97686386	-0.00036711383	0	0.0018849556	0	0.21346149	-0.97686386	-0.00036711383	3.035927e-20	1
0	0.2208623	-0.97521603	-0.0003632758	0	0.002513274	0	0.2208623	-0.97521603	-0.0003632758	3.060419e-20	1
0	0.23742586	-0.9713136	-0.00035445095	0	0.0037699111	0	0.23742586	-0.9713136	-0.00035445095	3.109266e-20	1
0	0.2817353	-0.9593907	-0.00032929692	0	0.0062831854	0	0.2817353	-0.9593907	-0.00032929692	3.206219e-20	1
0	0.9200319	0.39154446	-0.00024548953	0	0.009424778	0	0.9200319	0.39154446	-0.00024548953	2.6252244e-20	1
0	0.87939036	0.47581798	-0.00019687769	0	0.012566371	0	0.87939036	0.47581798	-0.00019687769	2.5710011e-20	1
0	-0.10015021	0.9949006	0.00041376328	0	0.018849555	0	-0.10015021	0.9949006	0.00041376328	2.2169329e-20	1
0	-0.08571412	0.9962495	0.00041729424	0	0.025132742	0	-0.08571412	0.9962495	0.00041729424	1.967105e-20	1
0	-0.066241086	0.99773526	0.00042035506	0	0.03769911	0	-0.066241086	0.99773526	0.00042035506	1.4667176e-20	1
0	-0.05381798	0.9984838	0.00042071132	0	0.050265484	0	-0.05381798	0.9984838	0.00042071132	9.6579605e-21	1
0	-0.045251414	0.9989097	0.00041974423	0	0.06283186	0	-0.045251414	0.9989097	0.00041974423	4.6459056e-21	1
