# t (s)	mx ()	my ()	mz ()	B_extx (T)	B_exty (T)	B_extz (T)	mx ()	my ()	mz ()	E_total (J)	branch ()
0	-0.034146078	0.99933964	0.0049042385	0	0.06283186	0	-0.034146078	0.99933964	0.0049042385	4.279489e-21	-1
0	-0.040130675	0.99911606	0.0049578073	0	0.050265484	0	-0.040130675	0.99911606	0.0049578073	9.294166e-21	-1
0	-0.048612647	0.99873793	0.0050172396	0	0.03769911	0	-0.048612647	0.99873793	0.0050172396	1.4307378e-20	-1
0	-0.061546106	0.9980228	0.0050857165	0	0.025132742	0	-0.061546106	0.9980228	0.0050857165	1.9317958e-20	-1
0	-0.070912406	0.9974	0.0051249615	0	0.018849555	0	-0.070912406	0.9974	0.0051249615	2.1821525e-20	-1
0	-0.08353731	0.9964206	0.005168803	0	0.012566371	0	-0.08353731	0.9964206	0.005168803	2.4323125e-20	-1
0	-0.09165074	0.9957063	0.005192792	0	0.009424778	0	-0.09165074	0.9957063	0.005192792	2.557283e-20	-1
0	-0.10145973	0.9947536	0.0052182768	0	0.0062831854	0	-0.10145973	0.9947536	0.0052182768	2.6821504e-20	-1
0	-0.11092662	0.9937414	0.005239716	0	0.0037699111	0	-0.11092662	0.9937414	0.005239716	2.781945e-20	-1
0	-0.11633618	0.9931221	0.0052507315	0	0.002513274	0	-0.11633618	0.9931221	0.0052507315	2.8318008e-20	-1
0	-0.11923015	0.9927784	0.005256272	0	0.0018849556	0	-0.11923015	0.9927784	0.005256272	2.8567164e-20	-1
0	-0.12230925	0.9924035	0.0052618906	0	0.001256637	0	-0.12230925	0.9924035	0.0052618906	2.881623e-20	-1
0	-0.12230925	0.9924035	0.0052618906	0	0.0010053096	0	-0.12230925	0.9924035	0.0052618906	2.8915837e-20	-1
0	-0.12552372	0.99200165	0.005267497	0	0.0006283185	0	-0.12552372	0.99200165	0.005267497	2.90652e-20	-1
0	-0.1275369	0.9917446	0.0052708606	0	0.0002513274	0	-0.1275369	0.9917446	0.0052708606	2.9214533e-20	-1
0	-0.1275369	0.9917446	0.0052708606	0	0.0001256637	0	-0.1275369	0.9917446	0.0052708606	2.9264303e-20	-1
0	-0.1275369	0.9917446	0.0052708606	0	6.283185e-05	0	-0.1275369	0.9917446	0.0052708606	2.928919e-20	-1
0	-0.1275369	0.9917446	0.0052708606	0	2.5132742e-05	0	-0.1275369	0.9917446	0.0052708606	2.930412e-20	-1
0	-0.1275369	0.9917446	0.0052708606	0	1.2566371e-05	0	-0.1275369	0.9917446	0.0052708606	2.9309096e-20	-1
0	-0.1275369	0.9917446	0.0052708606	0	6.2831855e-06	0	-0.1275369	0.9917446	0.0052708606	2.9311584e-20	-1
0	-0.1275369	0.9917446	0.0052708606	0	2.513274e-06	0	-0.1275369	0.9917446	0.0052708606	2.9313077e-20	-1
0	-0.1275369	0.9917446	0.0052708606	0	1.256637e-06	0	-0.1275369	0.9917446	0.0052708606	2.9313575e-20	-1
0	-0.1275369	0.9917446	0.0052708606	0	6.283185e-07	0	-0.1275369	0.9917446	0.0052708606	2.9313824e-20	-1
0	-0.1275369	0.9917446	0.0052708606	0	2.513274e-07	0	-0.1275369	0.9917446	0.0052708606	2.9313976e-20	-1
0	-0.1275369	0.9917446	0.0052708606	0	1.256637e-07	0	-0.1275369	0.9917446	0.0052708606	2.9314024e-20	-1
0	-0.1275369	0.9917446	0.0052708606	0	0	0	-0.1275369	0.9917446	0.0052708606	2.9314072e-20	-1
0	-0.1275369	0.9917446	0.0052708606	0	-1.256637e-07	0	-0.1275369	0.9917446	0.0052708606	2.9314124e-20	-1
0	-0.1275369	0.9917446	0.0052708606	0	-2.513274e-07	0	-0.1275369	0.9917446	0.0052708606	2.9314173e-20	-1
0	-0.1275369	0.9917446	0.0052708606	0	-6.283185e-07	0	-0.1275369	0.9917446	0.0052708606	2.931432e-20	-1
0	-0.1275369	0.9917446	0.0052708606	0	-1.256637e-06	0	-0.1275369	0.9917446	0.0052708606	2.931457e-20	-1
0	-0.1275369	0.9917446	0.0052708606	0	-2.513274e-06	0	-0.1275369	0.9917446	0.0052708606	2.9315068e-20	-1
0	-0.1275369	0.9917446	0.0052708606	0	-6.2831855e-06	0	-0.1275369	0.9917446	0.0052708606	2.9316564e-20	-1
0	-0.1275369	0.9917446	0.0052708606	0	-1.2566371e-05	0	-0.1275369	0.9917446	0.0052708606	2.9319052e-20	-1
0	-0.1275369	0.9917446	0.0052708606	0	-2.5132742e-05	0	-0.1275369	0.9917446	0.0052708606	2.9324028e-20	-1
0	-0.12925526	0.99152195	0.0052736597	0	-6.283185e-05	0	-0.12925526	0.99152195	0.0052736597	2.933895e-20	-1
0	-0.12925526	0.99152195	0.0052736597	0	-0.0001256637	0	-0.12925526	0.99152195	0.0052736597	2.936383e-20	-1
0	-0.12925526	0.99152195	0.0052736597	0	-0.0002513274	0	-0.12925526	0.99152195	0.0052736597	2.9413586e-20	-1
0	-0.13246223	0.99109817	0.005278687	0	-0.0006283185	0	-0.13246223	0.99109817	0.005278687	2.956281e-20	-1
0	-0.1347384	0.99079096	0.005282064	0	-0.0010053096	0	-0.1347384	0.99079096	0.005282064	2.9712004e-20	-1
0	-0.1347384	0.99079096	0.005282064	0	-0.001256637	0	-0.1347384	0.99079096	0.005282064	2.981145e-20	-1
0	-0.14029482	0.99001884	0.005289808	0	-0.0018849556	0	-0.14029482	0.99001884	0.005289808	3.005993e-20	-1
0	-0.14454436	0.9894068	0.005295232	0	-0.002513274	0	-0.14454436	0.9894068	0.005295232	3.030828e-20	-1
0	-0.15394825	0.9879861	0.0053056907	0	-0.0037699111	0	-0.15394825	0.9879861	0.0053056907	3.0804465e-20	-1
0	-0.17728156	0.98406386	0.005323015	0	-0.0062831854	0	-0.17728156	0.98406386	0.005323015	3.1794286e-20	-1
0	-0.22211435	0.97491646	0.0053234645	0	-0.009424778	0	-0.22211435	0.97491646	0.0053234645	3.302393e-20	-1
0	-0.89951515	-0.43659666	-0.0009251073	0	-0.012566371	0	-0.89951515	-0.43659666	-0.0009251073	2.6040914e-20	-1
0	0.07091279	-0.9973999	-0.005124964	0	-0.018849555	0	0.07091279	-0.9973999	-0.005124964	2.1821527e-20	-1
0	0.061554953	-0.99802226	-0.0050857337	0	-0.025132742	0	0.061554953	-0.99802226	-0.0050857337	1.9317963e-20	-1
0	0.048619933	-0.99873763	-0.0050172573	0	-0.03769911	0	0.048619933	-0.99873763	-0.0050172573	1.4307376e-20	-1
0	0.040141363	-0.9991156	-0.0049578315	0	-0.050265484	0	0.040141363	-0.9991156	-0.0049578315	9.294164e-21	-1
0	0.03415084	-0.9993396	-0.0049042506	0	-0.06283186	0	0.03415084	-0.9993396	-0.0049042506	4.2794896e-21	-1
0	0.03415084	-0.9993396	-0.0049042506	0	-0.06283186	0	0.03415084	-0.9993396	-0.0049042506	4.2794896e-21	1
0	0.040132176	-0.99911606	-0.0049578105	0	-0.050265484	0	0.040132176	-0.99911606	-0.0049578105	9.294165e-21	1
0	0.048614923	-0.9987379	-0.005017246	0	-0.03769911	0	0.048614923	-0.9987379	-0.005017246	1.430738e-20	1
0	0.061544836	-0.9980229	-0.005085716	0	-0.025132742	0	0.061544836	-0.9980229	-0.005085716	1.9317961e-20	1
0	0.07091303	-0.9973999	-0.0051249536	0	-0.018849555	0	0.07091303	-0.9973999	-0.0051249536	2.1821522e-20	1
0	0.08354083	-0.9964204	-0.0051688086	0	-0.012566371	0	0.08354083	-0.9964204	-0.0051688086	2.4323125e-20	1
0	0.09164907	-0.9957065	-0.00519278	0	-0.009424778	0	0.09164907	-0.9957065	-0.00519278	2.5572828e-20	1
0	0.10145991	-0.9947536	-0.005218311	0	-0.0062831854	0	0.10145991	-0.9947536	-0.005218311	2.6821503e-20	1
0	0.11091207	-0.99374306	-0.0052396962	0	-0.0037699111	0	0.11091207	-0.99374306	-0.0052396962	2.781945e-20	1
0	0.1163473	-0.9931208	-0.005250738	0	-0.002513274	0	0.1163473	-0.9931208	-0.005250738	2.8318008e-20	1
0	0.119239554	-0.99277735	-0.005256283	0	-0.0018849556	0	0.119239554	-0.99277735	-0.005256283	2.856716e-20	1
0	0.12229881	-0.9924048	-0.0052618794	0	-0.001256637	0	0.12229881	-0.9924048	-0.0052618794	2.8816236e-20	1
0	0.12229881	-0.9924048	-0.0052618794	0	-0.0010053096	0	0.12229881	-0.9924048	-0.0052618794	2.8915843e-20	1
0	0.12551542	-0.9920027	-0.0052674892	0	-0.0006283185	0	0.12551542	-0.9920027	-0.0052674892	2.90652e-20	1
0	0.12754864	-0.9917431	-0.0052708834	0	-0.0002513274	0	0.12754864	-0.9917431	-0.0052708834	2.9214533e-20	1
0	0.12754864	-0.9917431	-0.0052708834	0	-0.0001256637	0	0.12754864	-0.9917431	-0.0052708834	2.9264306e-20	1
0	0.12754864	-0.9917431	-0.0052708834	0	-6.283185e-05	0	0.12754864	-0.9917431	-0.0052708834	2.928919e-20	1
0	0.12754864	-0.9917431	-0.0052708834	0	-2.5132742e-05	0	0.12754864	-0.9917431	-0.0052708834	2.930412e-20	1
0	0.12754864	-0.9917431	-0.0052708834	0	-1.2566371e-05	0	0.12754864	-0.9917431	-0.0052708834	2.93091e-20	1
0	0.12754864	-0.9917431	-0.0052708834	0	-6.2831855e-06	0	0.12754864	-0.9917431	-0.0052708834	2.9311588e-20	1
0	0.12754864	-0.9917431	-0.0052708834	0	-2.513274e-06	0	0.12754864	-0.9917431	-0.0052708834	2.931308e-20	1
0	0.12754864	-0.9917431	-0.0052708834	0	-1.256637e-06	0	0.12754864	-0.9917431	-0.0052708834	2.9313578e-20	1
0	0.12754864	-0.9917431	-0.0052708834	0	-6.283185e-07	0	0.12754864	-0.9917431	-0.0052708834	2.9313827e-20	1
0	0.12754864	-0.9917431	-0.0052708834	0	-2.513274e-07	0	0.12754864	-0.9917431	-0.0052708834	2.9313976e-20	1
0	0.12754864	-0.9917431	-0.0052708834	0	-1.256637e-07	0	0.12754864	-0.9917431	-0.0052708834	2.9314024e-20	1
0	0.12754864	-0.9917431	-0.0052708834	0	0	0	0.12754864	-0.9917431	-0.0052708834	2.9314076e-20	1
0	0.12754864	-0.9917431	-0.0052708834	0	1.256637e-07	0	0.12754864	-0.9917431	-0.0052708834	2.9314124e-20	1
0	0.12754864	-0.9917431	-0.0052708834	0	2.513274e-07	0	0.12754864	-0.9917431	-0.0052708834	2.9314176e-20	1
0	0.12754864	-0.9917431	-0.0052708834	0	6.283185e-07	0	0.12754864	-0.9917431	-0.0052708834	2.9314324e-20	1
0	0.12754864	-0.9917431	-0.0052708834	0	1.256637e-06	0	0.12754864	-0.9917431	-0.0052708834	2.9314573e-20	1
0	0.12754864	-0.9917431	-0.0052708834	0	2.513274e-06	0	0.12754864	-0.9917431	-0.0052708834	2.931507e-20	1
0	0.12754864	-0.9917431	-0.0052708834	0	6.2831855e-06	0	0.12754864	-0.9917431	-0.0052708834	2.9316564e-20	1
0	0.12754864	-0.9917431	-0.0052708834	0	1.2566371e-05	0	0.12754864	-0.9917431	-0.0052708834	2.9319052e-20	1
0	0.12754864	-0.9917431	-0.0052708834	0	2.5132742e-05	0	0.12754864	-0.9917431	-0.0052708834	2.932403e-20	1
0	0.1292606	-0.99152124	-0.005273667	0	6.283185e-05	0	0.1292606	-0.99152124	-0.005273667	2.9338946e-20	1
0	0.1292606	-0.99152124	-0.005273667	0	0.0001256637	0	0.1292606	-0.99152124	-0.005273667	2.9363826e-20	1
0	0.1292606	-0.99152124	-0.005273667	0	0.0002513274	0	0.1292606	-0.99152124	-0.005273667	2.9413586e-20	1
0	0.13249438	-0.9910939	-0.005278717	0	0.0006283185	0	0.13249438	-0.9910939	-0.005278717	2.9562815e-20	1
0	0.13472088	-0.99079335	-0.005282048	0	0.0010053096	0	0.13472088	-0.99079335	-0.005282048	2.9712008e-20	1
0	0.13472088	-0.99079335	-0.005282048	0	0.001256637	0	0.13472088	-0.99079335	-0.005282048	2.9811454e-20	1
0	0.14029616	-0.9900187	-0.0052898116	0	0.0018849556	0	0.14029616	-0.9900187	-0.0052898116	3.0059934e-20	1
0	0.14456218	-0.9894042	-0.005295245	0	0.002513274	0	0.14456218	-0.9894042	-0.005295245	3.0308276e-20	1
0	0.15393597	-0.987988	-0.005305684	0	0.0037699111	0	0.15393597	-0.987988	-0.005305684	3.080446e-20	1
0	0.17732072	-0.9840567	-0.0053230207	0	0.0062831854	0	0.17732072	-0.9840567	-0.0053230207	3.1794283e-20	1
0	0.22211356	-0.9749167	-0.005323465	0	0.009424778	0	0.22211356	-0.9749167	-0.005323465	3.302393e-20	1
0	0.89951265	0.43660188	0.0009251071	0	0.012566371	0	0.89951265	0.43660188	0.0009251071	2.6040914e-20	1
0	-0.07092588	0.9973991	0.005124987	0	0.018849555	0	-0.07092588	0.9973991	0.005124987	2.1821525e-20	1
0	-0.0615518	0.99802244	0.005085729	0	0.025132742	0	-0.0615518	0.99802244	0.005085729	1.9317963e-20	1
0	-0.04861768	0.9987377	0.0050172517	0	0.03769911	0	-0.04861768	0.9987377	0.0050172517	1.4307378e-20	1
0	-0.040132605	0.99911594	0.004957811	0	0.050265484	0	-0.040132605	0.99911594	0.004957811	9.294167e-21	1
0	-0.03415089	0.9993395	0.0049042497	0	0.06283186	0	-0.03415089	0.9993395	0.0049042497	4.2794876e-21	1
