# t (s)	mx ()	my ()	mz ()	B_extx (T)	B_exty (T)	B_extz (T)	mx ()	my ()	mz ()	E_total (J)	branch ()
0	-0.021000002	0.999714	-0.0010055164	0	0.06283186	0	-0.021000002	0.999714	-0.0010055164	4.566008e-21	-1
0	-0.02482951	0.9996253	-0.0010040561	0	0.050265484	0	-0.02482951	0.9996253	-0.0010040561	9.582876e-21	-1
0	-0.030353645	0.999472	-0.0009981085	0	0.03769911	0	-0.030353645	0.999472	-0.0009981085	1.4599156e-20	-1
0	-0.03901052	0.9991706	-0.0009837279	0	0.025132742	0	-0.03901052	0.9991706	-0.0009837279	1.9614346e-20	-1
0	-0.045465104	0.99889714	-0.00097066286	0	0.018849555	0	-0.045465104	0.99889714	-0.00097066286	2.2121204e-20	-1
0	-0.054439098	0.99844754	-0.00095050817	0	0.012566371	0	-0.054439098	0.99844754	-0.00095050817	2.4627172e-20	-1
0	-0.060385875	0.99810505	-0.000936255	0	0.009424778	0	-0.060385875	0.99810505	-0.000936255	2.587965e-20	-1
0	-0.06775668	0.9976313	-0.0009178758	0	0.0062831854	0	-0.06775668	0.9976313	-0.0009178758	2.7131618e-20	-1
0	-0.07505856	0.9971079	-0.0008990568	0	0.0037699111	0	-0.07505856	0.9971079	-0.0008990568	2.8132687e-20	-1
0	-0.07931578	0.996778	-0.0008878497	0	0.002513274	0	-0.07931578	0.996778	-0.0008878497	2.863301e-20	-1
0	-0.08163934	0.99659026	-0.000881706	0	0.0018849556	0	-0.08163934	0.99659026	-0.000881706	2.8883102e-20	-1
0	-0.084113345	0.99638426	-0.0008750429	0	0.001256637	0	-0.084113345	0.99638426	-0.0008750429	2.913315e-20	-1
0	-0.08508611	0.99630153	-0.00087243936	0	0.0010053096	0	-0.08508611	0.99630153	-0.00087243936	2.923315e-20	-1
0	-0.08670528	0.9961618	-0.0008680632	0	0.0006283185	0	-0.08670528	0.9961618	-0.0008680632	2.9383136e-20	-1
0	-0.08835288	0.996017	-0.0008636009	0	0.0002513274	0	-0.08835288	0.996017	-0.0008636009	2.9533104e-20	-1
0	-0.08835288	0.996017	-0.0008636009	0	0.0001256637	0	-0.08835288	0.996017	-0.0008636009	2.9583087e-20	-1
0	-0.08918688	0.9959426	-0.00086133357	0	6.283185e-05	0	-0.08918688	0.9959426	-0.00086133357	2.960808e-20	-1
0	-0.08918688	0.9959426	-0.00086133357	0	2.5132742e-05	0	-0.08918688	0.9959426	-0.00086133357	2.9623073e-20	-1
0	-0.08918688	0.9959426	-0.00086133357	0	1.2566371e-05	0	-0.08918688	0.9959426	-0.00086133357	2.962807e-20	-1
0	-0.08918688	0.9959426	-0.00086133357	0	6.2831855e-06	0	-0.08918688	0.9959426	-0.00086133357	2.963057e-20	-1
0	-0.08918688	0.9959426	-0.00086133357	0	2.513274e-06	0	-0.08918688	0.9959426	-0.00086133357	2.9632072e-20	-1
0	-0.08918688	0.9959426	-0.00086133357	0	1.256637e-06	0	-0.08918688	0.9959426	-0.00086133357	2.963257e-20	-1
0	-0.08918688	0.9959426	-0.00086133357	0	6.283185e-07	0	-0.08918688	0.9959426	-0.00086133357	2.963282e-20	-1
0	-0.08918688	0.9959426	-0.00086133357	0	2.513274e-07	0	-0.08918688	0.9959426	-0.00086133357	2.963297e-20	-1
0	-0.08918688	0.9959426	-0.00086133357	0	1.256637e-07	0	-0.08918688	0.9959426	-0.00086133357	2.963302e-20	-1
0	-0.08918688	0.9959426	-0.00086133357	0	0	0	-0.08918688	0.9959426	-0.00086133357	2.963307e-20	-1
0	-0.08918688	0.9959426	-0.00086133357	0	-1.256637e-07	0	-0.08918688	0.9959426	-0.00086133357	2.963312e-20	-1
0	-0.08918688	0.9959426	-0.00086133357	0	-2.513274e-07	0	-0.08918688	0.9959426	-0.00086133357	2.963317e-20	-1
0	-0.08918688	0.9959426	-0.00086133357	0	-6.283185e-07	0	-0.08918688	0.9959426	-0.00086133357	2.963332e-20	-1
0	-0.08918688	0.9959426	-0.00086133357	0	-1.256637e-06	0	-0.08918688	0.9959426	-0.00086133357	2.963357e-20	-1
0	-0.08918688	0.9959426	-0.00086133357	0	-2.513274e-06	0	-0.08918688	0.9959426	-0.00086133357	2.963407e-20	-1
0	-0.08918688	0.9959426	-0.00086133357	0	-6.2831855e-06	0	-0.08918688	0.9959426	-0.00086133357	2.9635568e-20	-1
0	-0.08918688	0.9959426	-0.00086133357	0	-1.2566371e-05	0	-0.08918688	0.9959426	-0.00086133357	2.963807e-20	-1
0	-0.08918688	0.9959426	-0.00086133357	0	-2.5132742e-05	0	-0.08918688	0.9959426	-0.00086133357	2.9643067e-20	-1
0	-0.08918688	0.9959426	-0.00086133357	0	-6.283185e-05	0	-0.08918688	0.9959426	-0.00086133357	2.965806e-20	-1
0	-0.08918688	0.9959426	-0.00086133357	0	-0.0001256637	0	-0.08918688	0.9959426	-0.00086133357	2.968305e-20	-1
0	-0.09064671	0.9958106	-0.00085735257	0	-0.0002513274	0	-0.09064671	0.9958106	-0.00085735257	2.973302e-20	-1
0	-0.09243898	0.9956457	-0.00085244543	0	-0.0006283185	0	-0.09243898	0.9956457	-0.00085244543	2.988294e-20	-1
0	-0.09431339	0.99546975	-0.00084730115	0	-0.0010053096	0	-0.09431339	0.99546975	-0.00084730115	3.003282e-20	-1
0	-0.09431339	0.99546975	-0.00084730115	0	-0.001256637	0	-0.09431339	0.99546975	-0.00084730115	3.013274e-20	-1
0	-0.098967314	0.9950174	-0.00083444174	0	-0.0018849556	0	-0.098967314	0.9950174	-0.00083444174	3.0382447e-20	-1
0	-0.10261002	0.9946481	-0.0008242938	0	-0.002513274	0	-0.10261002	0.9946481	-0.0008242938	3.0632078e-20	-1
0	-0.11077711	0.9937709	-0.0008013181	0	-0.0037699111	0	-0.11077711	0.9937709	-0.0008013181	3.1131033e-20	-1
0	-0.13195395	0.99117917	-0.0007405788	0	-0.0062831854	0	-0.13195395	0.99117917	-0.0007405788	3.2127294e-20	-1
0	-0.17647192	0.9842231	-0.00060951756	0	-0.009424778	0	-0.17647192	0.9842231	-0.00060951756	3.33672e-20	-1
0	0.05445327	-0.99844676	0.0009504686	0	-0.012566371	0	0.05445327	-0.99844676	0.0009504686	2.4627173e-20	-1
0	0.04547528	-0.9988966	0.00097063766	0	-0.018849555	0	0.04547528	-0.9988966	0.00097063766	2.2121202e-20	-1
0	0.039015062	-0.9991704	0.0009837153	0	-0.025132742	0	0.039015062	-0.9991704	0.0009837153	1.9614347e-20	-1
0	0.030359438	-0.99947184	0.0009980933	0	-0.03769911	0	0.030359438	-0.99947184	0.0009980933	1.4599156e-20	-1
0	0.0248308	-0.9996253	0.00100403	0	-0.050265484	0	0.0248308	-0.9996253	0.00100403	9.582875e-21	-1
0	0.021001067	-0.999714	0.001005508	0	-0.06283186	0	0.021001067	-0.999714	0.001005508	4.5660115e-21	-1
0	0.021001067	-0.999714	0.001005508	0	-0.06283186	0	0.021001067	-0.999714	0.001005508	4.5660115e-21	1
0	0.024827955	-0.99962544	0.0010040362	0	-0.050265484	0	0.024827955	-0.99962544	0.0010040362	9.582878e-21	1
0	0.030354239	-0.999472	0.000998107	0	-0.03769911	0	0.030354239	-0.999472	0.000998107	1.4599158e-20	1
0	0.03900425	-0.9991708	0.0009837397	0	-0.025132742	0	0.03900425	-0.9991708	0.0009837397	1.9614349e-20	1
0	0.04546784	-0.998897	0.00097065885	0	-0.018849555	0	0.04546784	-0.998897	0.00097065885	2.2121204e-20	1
0	0.054439664	-0.99844754	0.00095050345	0	-0.012566371	0	0.054439664	-0.99844754	0.00095050345	2.4627173e-20	1
0	0.060367428	-0.9981061	0.00093630655	0	-0.009424778	0	0.060367428	-0.9981061	0.00093630655	2.5879648e-20	1
0	0.06774823	-0.9976318	0.00091790006	0	-0.0062831854	0	0.06774823	-0.9976318	0.00091790006	2.7131615e-20	1
0	0.075049	-0.9971087	0.0008990653	0	-0.0037699111	0	0.075049	-0.9971087	0.0008990653	2.813269e-20	1
0	0.07932177	-0.99677753	0.00088783493	0	-0.002513274	0	0.07932177	-0.99677753	0.00088783493	2.8633012e-20	1
0	0.081629366	-0.9965911	0.0008817024	0	-0.0018849556	0	0.081629366	-0.9965911	0.0008817024	2.8883105e-20	1
0	0.0840949	-0.9963858	0.0008750839	0	-0.001256637	0	0.0840949	-0.9963858	0.0008750839	2.9133146e-20	1
0	0.0840949	-0.9963858	0.0008750839	0	-0.0010053096	0	0.0840949	-0.9963858	0.0008750839	2.9233154e-20	1
0	0.08669987	-0.99616235	0.00086807937	0	-0.0006283185	0	0.08669987	-0.99616235	0.00086807937	2.938314e-20	1
0	0.08834936	-0.9960172	0.0008636075	0	-0.0002513274	0	0.08834936	-0.9960172	0.0008636075	2.9533104e-20	1
0	0.08834936	-0.9960172	0.0008636075	0	-0.0001256637	0	0.08834936	-0.9960172	0.0008636075	2.9583087e-20	1
0	0.08834936	-0.9960172	0.0008636075	0	-6.283185e-05	0	0.08834936	-0.9960172	0.0008636075	2.960808e-20	1
0	0.08834936	-0.9960172	0.0008636075	0	-2.5132742e-05	0	0.08834936	-0.9960172	0.0008636075	2.9623076e-20	1
0	0.08834936	-0.9960172	0.0008636075	0	-1.2566371e-05	0	0.08834936	-0.9960172	0.0008636075	2.9628075e-20	1
0	0.08834936	-0.9960172	0.0008636075	0	-6.2831855e-06	0	0.08834936	-0.9960172	0.0008636075	2.9630572e-20	1
0	0.08834936	-0.9960172	0.0008636075	0	-2.513274e-06	0	0.08834936	-0.9960172	0.0008636075	2.9632075e-20	1
0	0.08834936	-0.9960172	0.0008636075	0	-1.256637e-06	0	0.08834936	-0.9960172	0.0008636075	2.9632573e-20	1
0	0.08834936	-0.9960172	0.0008636075	0	-6.283185e-07	0	0.08834936	-0.9960172	0.0008636075	2.9632825e-20	1
0	0.08834936	-0.9960172	0.0008636075	0	-2.513274e-07	0	0.08834936	-0.9960172	0.0008636075	2.9632973e-20	1
0	0.08834936	-0.9960172	0.0008636075	0	-1.256637e-07	0	0.08834936	-0.9960172	0.0008636075	2.9633022e-20	1
0	0.08834936	-0.9960172	0.0008636075	0	0	0	0.08834936	-0.9960172	0.0008636075	2.9633073e-20	1
0	0.08834936	-0.9960172	0.0008636075	0	1.256637e-07	0	0.08834936	-0.9960172	0.0008636075	2.9633122e-20	1
0	0.08834936	-0.9960172	0.0008636075	0	2.513274e-07	0	0.08834936	-0.9960172	0.0008636075	2.9633174e-20	1
0	0.08834936	-0.9960172	0.0008636075	0	6.283185e-07	0	0.08834936	-0.9960172	0.0008636075	2.9633322e-20	1
0	0.08834936	-0.9960172	0.0008636075	0	1.256637e-06	0	0.08834936	-0.9960172	0.0008636075	2.9633574e-20	1
0	0.08834936	-0.9960172	0.0008636075	0	2.513274e-06	0	0.08834936	-0.9960172	0.0008636075	2.9634072e-20	1
0	0.08834936	-0.9960172	0.0008636075	0	6.2831855e-06	0	0.08834936	-0.9960172	0.0008636075	2.963557e-20	1
0	0.08834936	-0.9960172	0.0008636075	0	1.2566371e-05	0	0.08834936	-0.9960172	0.0008636075	2.9638072e-20	1
0	0.08834936	-0.9960172	0.0008636075	0	2.5132742e-05	0	0.08834936	-0.9960172	0.0008636075	2.964307e-20	1
0	0.08977261	-0.9958899	0.0008597362	0	6.283185e-05	0	0.08977261	-0.9958899	0.0008597362	2.965806e-20	1
0	0.08977261	-0.9958899	0.0008597362	0	0.0001256637	0	0.08977261	-0.9958899	0.0008597362	2.968305e-20	1
0	0.08977261	-0.9958899	0.0008597362	0	0.0002513274	0	0.08977261	-0.9958899	0.0008597362	2.9733027e-20	1
0	0.09244694	-0.9956449	0.00085242756	0	0.0006283185	0	0.09244694	-0.9956449	0.00085242756	2.9882937e-20	1
0	0.09431577	-0.9954695	0.00084729656	0	0.0010053096	0	0.09431577	-0.9954695	0.00084729656	3.0032825e-20	1
0	0.09431577	-0.9954695	0.00084729656	0	0.001256637	0	0.09431577	-0.9954695	0.00084729656	3.013274e-20	1
0	0.098965965	-0.9950175	0.0008344455	0	0.0018849556	0	0.098965965	-0.9950175	0.0008344455	3.038245e-20	1
0	0.102624446	-0.99464655	0.0008242518	0	0.002513274	0	0.102624446	-0.99464655	0.0008242518	3.0632078e-20	1
0	0.110775426	-0.9937711	0.00080132973	0	0.0037699111	0	0.110775426	-0.9937711	0.00080132973	3.113103e-20	1
0	0.13195595	-0.9911789	0.000740574	0	0.0062831854	0	0.13195595	-0.9911789	0.000740574	3.2127294e-20	1
0	0.17645943	-0.9842254	0.0006095547	0	0.009424778	0	0.17645943	-0.9842254	0.0006095547	3.33672e-20	1
0	-0.054442026	0.99844736	-0.0009504993	0	0.012566371	0	-0.054442026	0.99844736	-0.0009504993	2.4627172e-20	1
0	-0.045469325	0.99889696	-0.0009706517	0	0.018849555	0	-0.045469325	0.99889696	-0.0009706517	2.2121204e-20	1
0	-0.03901705	0.9991703	-0.0009837076	0	0.025132742	0	-0.03901705	0.9991703	-0.0009837076	1.9614347e-20	1
0	-0.030359609	0.99947184	-0.0009980921	0	0.03769911	0	-0.030359609	0.99947184	-0.0009980921	1.4599155e-20	1
0	-0.02483046	0.9996254	-0.0010040302	0	0.050265484	0	-0.02483046	0.9996254	-0.0010040302	9.582875e-21	1
0	-0.021002468	0.99971396	-0.0010055115	0	0.06283186	0	-0.021002468	0.99971396	-0.0010055115	4.566009e-21	1
