# t (s)	mx ()	my ()	mz ()	B_extx (T)	B_exty (T)	B_extz (T)	mx ()	my ()	mz ()	E_total (J)	branch ()
0	0.996688	0.08050133	0.00078065007	0.06283186	0	0	0.996688	0.08050133	0.00078065007	2.4393128e-21	-1
0	0.9957161	0.09172805	0.0007919711	0.050265484	0	0	0.9957161	0.09172805	0.0007919711	7.4389144e-21	-1
0	0.9942497	0.10643509	0.0008042358	0.03769911	0	0	0.9942497	0.10643509	0.0008042358	1.2432509e-20	-1
0	0.9918997	0.12645537	0.000817269	0.025132742	0	0	0.9918997	0.12645537	0.000817269	1.7416753e-20	-1
0	0.9901598	0.1394141	0.00082383095	0.018849555	0	0	0.9901598	0.1394141	0.00082383095	1.9903602e-20	-1
0	0.987815	0.15514562	0.0008300507	0.012566371	0	0	0.987815	0.15514562	0.0008300507	2.2385375e-20	-1
0	0.9863248	0.16434562	0.0008328657	0.009424778	0	0	0.9863248	0.16434562	0.0008328657	2.3623803e-20	-1
0	0.98455036	0.17465329	0.000835342	0.0062831854	0	0	0.98455036	0.17465329	0.000835342	2.4860193e-20	-1
0	0.98287743	0.18382749	0.0008369344	0.0037699111	0	0	0.98287743	0.18382749	0.0008369344	2.5847565e-20	-1
0	0.9819399	0.18876708	0.0008375732	0.002513274	0	0	0.9819399	0.18876708	0.0008375732	2.634059e-20	-1
0	0.98144066	0.19134393	0.00083784363	0.0018849556	0	0	0.98144066	0.19134393	0.00083784363	2.6586926e-20	-1
0	0.9809196	0.19399533	0.00083807635	0.001256637	0	0	0.9809196	0.19399533	0.00083807635	2.6833127e-20	-1
0	0.9809196	0.19399533	0.00083807635	0.0010053096	0	0	0.9809196	0.19399533	0.00083807635	2.6931582e-20	-1
0	0.98038185	0.1966931	0.0008382705	0.0006283185	0	0	0.98038185	0.1966931	0.0008382705	2.7079197e-20	-1
0	0.98004687	0.19835413	0.00083836645	0.0002513274	0	0	0.98004687	0.19835413	0.00083836645	2.7226773e-20	-1
0	0.98004687	0.19835413	0.00083836645	0.0001256637	0	0	0.98004687	0.19835413	0.00083836645	2.7275958e-20	-1
0	0.98004687	0.19835413	0.00083836645	6.283185e-05	0	0	0.98004687	0.19835413	0.00083836645	2.730055e-20	-1
0	0.98004687	0.19835413	0.00083836645	2.5132742e-05	0	0	0.98004687	0.19835413	0.00083836645	2.7315304e-20	-1
0	0.98004687	0.19835413	0.00083836645	1.2566371e-05	0	0	0.98004687	0.19835413	0.00083836645	2.732022e-20	-1
0	0.98004687	0.19835413	0.00083836645	6.2831855e-06	0	0	0.98004687	0.19835413	0.00083836645	2.732268e-20	-1
0	0.98004687	0.19835413	0.00083836645	2.513274e-06	0	0	0.98004687	0.19835413	0.00083836645	2.7324157e-20	-1
0	0.98004687	0.19835413	0.00083836645	1.256637e-06	0	0	0.98004687	0.19835413	0.00083836645	2.7324648e-20	-1
0	0.98004687	0.19835413	0.00083836645	6.283185e-07	0	0	0.98004687	0.19835413	0.00083836645	2.7324894e-20	-1
0	0.98004687	0.19835413	0.00083836645	2.513274e-07	0	0	0.98004687	0.19835413	0.00083836645	2.7325042e-20	-1
0	0.98004687	0.19835413	0.00083836645	1.256637e-07	0	0	0.98004687	0.19835413	0.00083836645	2.732509e-20	-1
0	0.98004687	0.19835413	0.00083836645	0	0	0	0.98004687	0.19835413	0.00083836645	2.732514e-20	-1
0	0.98004687	0.19835413	0.00083836645	-1.256637e-07	0	0	0.98004687	0.19835413	0.00083836645	2.732519e-20	-1
0	0.98004687	0.19835413	0.00083836645	-2.513274e-07	0	0	0.98004687	0.19835413	0.00083836645	2.732524e-20	-1
0	0.98004687	0.19835413	0.00083836645	-6.283185e-07	0	0	0.98004687	0.19835413	0.00083836645	2.7325388e-20	-1
0	0.98004687	0.19835413	0.00083836645	-1.256637e-06	0	0	0.98004687	0.19835413	0.00083836645	2.7325634e-20	-1
0	0.98004687	0.19835413	0.00083836645	-2.513274e-06	0	0	0.98004687	0.19835413	0.00083836645	2.7326125e-20	-1
0	0.98004687	0.19835413	0.00083836645	-6.2831855e-06	0	0	0.98004687	0.19835413	0.00083836645	2.73276e-20	-1
0	0.98004687	0.19835413	0.00083836645	-1.2566371e-05	0	0	0.98004687	0.19835413	0.00083836645	2.733006e-20	-1
0	0.9797931	0.19960317	0.000838426	-2.5132742e-05	0	0	0.9797931	0.19960317	0.000838426	2.7334965e-20	-1
0	0.9797931	0.19960317	0.000838426	-6.283185e-05	0	0	0.9797931	0.19960317	0.000838426	2.7349716e-20	-1
0	0.9797931	0.19960317	0.000838426	-0.0001256637	0	0	0.9797931	0.19960317	0.000838426	2.73743e-20	-1
0	0.97958684	0.20061201	0.00083846954	-0.0002513274	0	0	0.97958684	0.20061201	0.00083846954	2.7423464e-20	-1
0	0.97923124	0.20233911	0.0008385241	-0.0006283185	0	0	0.97923124	0.20233911	0.0008385241	2.757092e-20	-1
0	0.9788672	0.2040916	0.0008385667	-0.0010053096	0	0	0.9788672	0.2040916	0.0008385667	2.7718318e-20	-1
0	0.9786178	0.20528325	0.0008385823	-0.001256637	0	0	0.9786178	0.20528325	0.0008385823	2.7816556e-20	-1
0	0.9779761	0.20831673	0.0008385815	-0.0018849556	0	0	0.9779761	0.20831673	0.0008385815	2.806203e-20	-1
0	0.9773072	0.21143019	0.00083852414	-0.002513274	0	0	0.9773072	0.21143019	0.00083852414	2.830735e-20	-1
0	0.9758706	0.21795993	0.00083820766	-0.0037699111	0	0	0.9758706	0.21795993	0.00083820766	2.8797456e-20	-1
0	0.9725543	0.23229975	0.0008366058	-0.0062831854	0	0	0.9725543	0.23229975	0.0008366058	2.977533e-20	-1
0	0.9673259	0.25317672	0.0008320747	-0.009424778	0	0	0.9673259	0.25317672	0.0008320747	3.099239e-20	-1
0	0.9603193	0.2785595	0.00082309893	-0.012566371	0	0	0.9603193	0.2785595	0.00082309893	3.2201854e-20	-1
0	0.9346297	0.3553093	0.0007732681	-0.018849555	0	0	0.9346297	0.3553093	0.0007732681	3.4584247e-20	-1
0	-0.991899	-0.1264607	-0.0008172706	-0.025132742	0	0	-0.991899	-0.1264607	-0.0008172706	1.7416751e-20	-1
0	-0.99424946	-0.10643791	-0.0008042374	-0.03769911	0	0	-0.99424946	-0.10643791	-0.0008042374	1.243251e-20	-1
0	-0.995716	-0.09172903	-0.000791971	-0.050265484	0	0	-0.995716	-0.09172903	-0.000791971	7.438913e-21	-1
0	-0.9966879	-0.080502585	-0.0007806507	-0.06283186	0	0	-0.9966879	-0.080502585	-0.0007806507	2.4393146e-21	-1
0	-0.9966879	-0.080502585	-0.0007806507	-0.06283186	0	0	-0.9966879	-0.080502585	-0.0007806507	2.4393146e-21	1
0	-0.99571604	-0.09172806	-0.00079197	-0.050265484	0	0	-0.99571604	-0.09172806	-0.00079197	7.438912e-21	1
0	-0.9942499	-0.10643363	-0.00080423587	-0.03769911	0	0	-0.9942499	-0.10643363	-0.00080423587	1.24325085e-20	1
0	-0.9918995	-0.1264566	-0.0008172699	-0.025132742	0	0	-0.9918995	-0.1264566	-0.0008172699	1.7416753e-20	1
0	-0.99016047	-0.13940965	-0.00082382583	-0.018849555	0	0	-0.99016047	-0.13940965	-0.00082382583	1.9903604e-20	1
0	-0.98781466	-0.15514727	-0.0008300509	-0.012566371	0	0	-0.98781466	-0.15514727	-0.0008300509	2.2385373e-20	1
0	-0.9863243	-0.16434854	-0.00083286606	-0.009424778	0	0	-0.9863243	-0.16434854	-0.00083286606	2.3623807e-20	1
0	-0.98455024	-0.17465395	-0.0008353315	-0.0062831854	0	0	-0.98455024	-0.17465395	-0.0008353315	2.4860191e-20	1
0	-0.98287606	-0.18383446	-0.00083693507	-0.0037699111	0	0	-0.98287606	-0.18383446	-0.00083693507	2.5847569e-20	1
0	-0.98194087	-0.18876189	-0.0008375733	-0.002513274	0	0	-0.98194087	-0.18876189	-0.0008375733	2.6340588e-20	1
0	-0.98144114	-0.19134124	-0.00083784375	-0.0018849556	0	0	-0.98144114	-0.19134124	-0.00083784375	2.6586923e-20	1
0	-0.98092353	-0.19397533	-0.00083807675	-0.001256637	0	0	-0.98092353	-0.19397533	-0.00083807675	2.6833125e-20	1
0	-0.98092353	-0.19397533	-0.00083807675	-0.0010053096	0	0	-0.98092353	-0.19397533	-0.00083807675	2.693158e-20	1
0	-0.98038197	-0.19669232	-0.00083827047	-0.0006283185	0	0	-0.98038197	-0.19669232	-0.00083827047	2.7079197e-20	1
0	-0.98004705	-0.198353	-0.00083836657	-0.0002513274	0	0	-0.98004705	-0.198353	-0.00083836657	2.7226773e-20	1
0	-0.98004705	-0.198353	-0.00083836657	-0.0001256637	0	0	-0.98004705	-0.198353	-0.00083836657	2.7275958e-20	1
0	-0.98004705	-0.198353	-0.00083836657	-6.283185e-05	0	0	-0.98004705	-0.198353	-0.00083836657	2.7300547e-20	1
0	-0.98004705	-0.198353	-0.00083836657	-2.5132742e-05	0	0	-0.98004705	-0.198353	-0.00083836657	2.7315304e-20	1
0	-0.98004705	-0.198353	-0.00083836657	-1.2566371e-05	0	0	-0.98004705	-0.198353	-0.00083836657	2.732022e-20	1
0	-0.98004705	-0.198353	-0.00083836657	-6.2831855e-06	0	0	-0.98004705	-0.198353	-0.00083836657	2.732268e-20	1
0	-0.98004705	-0.198353	-0.00083836657	-2.513274e-06	0	0	-0.98004705	-0.198353	-0.00083836657	2.7324157e-20	1
0	-0.98004705	-0.198353	-0.00083836657	-1.256637e-06	0	0	-0.98004705	-0.198353	-0.00083836657	2.7324648e-20	1
0	-0.98004705	-0.198353	-0.00083836657	-6.283185e-07	0	0	-0.98004705	-0.198353	-0.00083836657	2.7324894e-20	1
0	-0.98004705	-0.198353	-0.00083836657	-2.513274e-07	0	0	-0.98004705	-0.198353	-0.00083836657	2.7325042e-20	1
0	-0.98004705	-0.198353	-0.00083836657	-1.256637e-07	0	0	-0.98004705	-0.198353	-0.00083836657	2.732509e-20	1
0	-0.98004705	-0.198353	-0.00083836657	0	0	0	-0.98004705	-0.198353	-0.00083836657	2.732514e-20	1
0	-0.98004705	-0.198353	-0.00083836657	1.256637e-07	0	0	-0.98004705	-0.198353	-0.00083836657	2.7325188e-20	1
0	-0.98004705	-0.198353	-0.00083836657	2.513274e-07	0	0	-0.98004705	-0.198353	-0.00083836657	2.732524e-20	1
0	-0.98004705	-0.198353	-0.00083836657	6.283185e-07	0	0	-0.98004705	-0.198353	-0.00083836657	2.7325385e-20	1
0	-0.98004705	-0.198353	-0.00083836657	1.256637e-06	0	0	-0.98004705	-0.198353	-0.00083836657	2.732563e-20	1
0	-0.98004705	-0.198353	-0.00083836657	2.513274e-06	0	0	-0.98004705	-0.198353	-0.00083836657	2.7326125e-20	1
0	-0.98004705	-0.198353	-0.00083836657	6.2831855e-06	0	0	-0.98004705	-0.198353	-0.00083836657	2.7327598e-20	1
0	-0.98004705	-0.198353	-0.00083836657	1.2566371e-05	0	0	-0.98004705	-0.198353	-0.00083836657	2.7330057e-20	1
0	-0.97979605	-0.19958815	-0.0008384272	2.5132742e-05	0	0	-0.97979605	-0.19958815	-0.0008384272	2.7334962e-20	1
0	-0.97979605	-0.19958815	-0.0008384272	6.283185e-05	0	0	-0.97979605	-0.19958815	-0.0008384272	2.7349716e-20	1
0	-0.97979605	-0.19958815	-0.0008384272	0.0001256637	0	0	-0.97979605	-0.19958815	-0.0008384272	2.7374298e-20	1
0	-0.9795856	-0.20061806	-0.0008384695	0.0002513274	0	0	-0.9795856	-0.20061806	-0.0008384695	2.742346e-20	1
0	-0.97923076	-0.20234129	-0.0008385251	0.0006283185	0	0	-0.97923076	-0.20234129	-0.0008385251	2.7570915e-20	1
0	-0.9788673	-0.20409095	-0.0008385667	0.0010053096	0	0	-0.9788673	-0.20409095	-0.0008385667	2.771832e-20	1
0	-0.9788673	-0.20409095	-0.0008385667	0.001256637	0	0	-0.9788673	-0.20409095	-0.0008385667	2.781657e-20	1
0	-0.9779768	-0.20831296	-0.0008385823	0.0018849556	0	0	-0.9779768	-0.20831296	-0.0008385823	2.806203e-20	1
0	-0.97730887	-0.21142218	-0.0008385251	0.002513274	0	0	-0.97730887	-0.21142218	-0.0008385251	2.830735e-20	1
0	-0.97587234	-0.21795203	-0.0008382088	0.0037699111	0	0	-0.97587234	-0.21795203	-0.0008382088	2.8797456e-20	1
0	-0.9725566	-0.23229034	-0.0008366074	0.0062831854	0	0	-0.9725566	-0.23229034	-0.0008366074	2.9775332e-20	1
0	-0.967332	-0.25315326	-0.0008320828	0.009424778	0	0	-0.967332	-0.25315326	-0.0008320828	3.0992386e-20	1
0	-0.9603202	-0.27855617	-0.0008231002	0.012566371	0	0	-0.9603202	-0.27855617	-0.0008231002	3.2201854e-20	1
0	-0.93463576	-0.3552934	-0.00077327783	0.018849555	0	0	-0.93463576	-0.3552934	-0.00077327783	3.4584247e-20	1
0	0.9918994	0.12645781	0.0008172757	0.025132742	0	0	0.9918994	0.12645781	0.0008172757	1.7416753e-20	1
0	0.99424917	0.10644008	0.000804238	0.03769911	0	0	0.99424917	0.10644008	0.000804238	1.2432511e-20	1
0	0.995716	0.091729194	0.00079196965	0.050265484	0	0	0.995716	0.091729194	0.00079196965	7.438916e-21	1
0	0.9966879	0.08050296	0.0007806509	0.06283186	0	0	0.9966879	0.08050296	0.0007806509	2.439312e-21	1
