# t (s)	mx ()	my ()	mz ()	B_extx (T)	B_exty (T)	B_extz (T)	mx ()	my ()	mz ()	E_total (J)	branch ()
0	-0.024593446	0.99963236	-0.00047096083	0	0.06283186	0	-0.024593446	0.99963236	-0.00047096083	4.5788167e-21	-1
0	-0.029074026	0.99951124	-0.00047343152	0	0.050265484	0	-0.029074026	0.99951124	-0.00047343152	9.5952006e-21	-1
0	-0.03554687	0.9993011	-0.00047526677	0	0.03769911	0	-0.03554687	0.9993011	-0.00047526677	1.4610777e-20	-1
0	-0.04566177	0.99888885	-0.0004758456	0	0.025132742	0	-0.04566177	0.99888885	-0.0004758456	1.9624866e-20	-1
0	-0.053188033	0.9985157	-0.00047520275	0	0.018849555	0	-0.053188033	0.9985157	-0.00047520275	2.21309e-20	-1
0	-0.06362578	0.9979041	-0.00047339147	0	0.012566371	0	-0.06362578	0.9979041	-0.00047339147	2.4635728e-20	-1
0	-0.070509076	0.99744093	-0.00047178016	0	0.009424778	0	-0.070509076	0.99744093	-0.00047178016	2.588745e-20	-1
0	-0.07902041	0.996802	-0.000469453	0	0.0062831854	0	-0.07902041	0.996802	-0.000469453	2.7138484e-20	-1
0	-0.08742535	0.99609935	-0.00046683665	0	0.0037699111	0	-0.08742535	0.99609935	-0.00046683665	2.813864e-20	-1
0	-0.09235053	0.9956544	-0.00046518873	0	0.002513274	0	-0.09235053	0.9956544	-0.00046518873	2.8638424e-20	-1
0	-0.095025264	0.99540246	-0.00046425877	0	0.0018849556	0	-0.095025264	0.99540246	-0.00046425877	2.8888226e-20	-1
0	-0.09783813	0.9951297	-0.00046326267	0	0.001256637	0	-0.09783813	0.9951297	-0.00046326267	2.9137964e-20	-1
0	-0.099013254	0.99501336	-0.0004628423	0	0.0010053096	0	-0.099013254	0.99501336	-0.0004628423	2.923784e-20	-1
0	-0.10083605	0.9948301	-0.00046217325	0	0.0006283185	0	-0.10083605	0.9948301	-0.00046217325	2.9387633e-20	-1
0	-0.10271597	0.9946376	-0.00046147668	0	0.0002513274	0	-0.10271597	0.9946376	-0.00046147668	2.9537395e-20	-1
0	-0.10271597	0.9946376	-0.00046147668	0	0.0001256637	0	-0.10271597	0.9946376	-0.00046147668	2.958731e-20	-1
0	-0.10271597	0.9946376	-0.00046147668	0	6.283185e-05	0	-0.10271597	0.9946376	-0.00046147668	2.9612268e-20	-1
0	-0.10271597	0.9946376	-0.00046147668	0	2.5132742e-05	0	-0.10271597	0.9946376	-0.00046147668	2.9627244e-20	-1
0	-0.10271597	0.9946376	-0.00046147668	0	1.2566371e-05	0	-0.10271597	0.9946376	-0.00046147668	2.9632236e-20	-1
0	-0.10271597	0.9946376	-0.00046147668	0	6.2831855e-06	0	-0.10271597	0.9946376	-0.00046147668	2.963473e-20	-1
0	-0.10271597	0.9946376	-0.00046147668	0	2.513274e-06	0	-0.10271597	0.9946376	-0.00046147668	2.963623e-20	-1
0	-0.10271597	0.9946376	-0.00046147668	0	1.256637e-06	0	-0.10271597	0.9946376	-0.00046147668	2.9636728e-20	-1
0	-0.10271597	0.9946376	-0.00046147668	0	6.283185e-07	0	-0.10271597	0.9946376	-0.00046147668	2.9636977e-20	-1
0	-0.10271597	0.9946376	-0.00046147668	0	2.513274e-07	0	-0.10271597	0.9946376	-0.00046147668	2.963713e-20	-1
0	-0.10271597	0.9946376	-0.00046147668	0	1.256637e-07	0	-0.10271597	0.9946376	-0.00046147668	2.9637177e-20	-1
0	-0.10271597	0.9946376	-0.00046147668	0	0	0	-0.10271597	0.9946376	-0.00046147668	2.963723e-20	-1
0	-0.10271597	0.9946376	-0.00046147668	0	-1.256637e-07	0	-0.10271597	0.9946376	-0.00046147668	2.9637277e-20	-1
0	-0.10271597	0.9946376	-0.00046147668	0	-2.513274e-07	0	-0.10271597	0.9946376	-0.00046147668	2.9637326e-20	-1
0	-0.10271597	0.9946376	-0.00046147668	0	-6.283185e-07	0	-0.10271597	0.9946376	-0.00046147668	2.9637477e-20	-1
0	-0.10271597	0.9946376	-0.00046147668	0	-1.256637e-06	0	-0.10271597	0.9946376	-0.00046147668	2.9637726e-20	-1
0	-0.10271597	0.9946376	-0.00046147668	0	-2.513274e-06	0	-0.10271597	0.9946376	-0.00046147668	2.9638227e-20	-1
0	-0.10271597	0.9946376	-0.00046147668	0	-6.2831855e-06	0	-0.10271597	0.9946376	-0.00046147668	2.9639723e-20	-1
0	-0.10271597	0.9946376	-0.00046147668	0	-1.2566371e-05	0	-0.10271597	0.9946376	-0.00046147668	2.9642218e-20	-1
0	-0.10271597	0.9946376	-0.00046147668	0	-2.5132742e-05	0	-0.10271597	0.9946376	-0.00046147668	2.964721e-20	-1
0	-0.10435498	0.9944668	-0.00046086233	0	-6.283185e-05	0	-0.10435498	0.9944668	-0.00046086233	2.9662173e-20	-1
0	-0.10435498	0.9944668	-0.00046086233	0	-0.0001256637	0	-0.10435498	0.9944668	-0.00046086233	2.9687128e-20	-1
0	-0.10435498	0.9944668	-0.00046086233	0	-0.0002513274	0	-0.10435498	0.9944668	-0.00046086233	2.9737033e-20	-1
0	-0.10739804	0.9941424	-0.0004597041	0	-0.0006283185	0	-0.10739804	0.9941424	-0.0004597041	2.9886717e-20	-1
0	-0.10954271	0.9939083	-0.00045886915	0	-0.0010053096	0	-0.10954271	0.9939083	-0.00045886915	3.0036372e-20	-1
0	-0.10954271	0.9939083	-0.00045886915	0	-0.001256637	0	-0.10954271	0.9939083	-0.00045886915	3.0136132e-20	-1
0	-0.11487142	0.993306	-0.0004567589	0	-0.0018849556	0	-0.11487142	0.993306	-0.0004567589	3.038543e-20	-1
0	-0.11904907	0.9928135	-0.00045505387	0	-0.002513274	0	-0.11904907	0.9928135	-0.00045505387	3.0634615e-20	-1
0	-0.1283643	0.9916512	-0.0004511212	0	-0.0037699111	0	-0.1283643	0.9916512	-0.0004511212	3.113257e-20	-1
0	-0.1526075	0.98820794	-0.00044009392	0	-0.0062831854	0	-0.1526075	0.98820794	-0.00044009392	3.2126325e-20	-1
0	-0.20470305	0.9787373	-0.00041328196	0	-0.009424778	0	-0.20470305	0.9787373	-0.00041328196	3.336125e-20	-1
0	-0.9049467	-0.42523074	-0.00015466665	0	-0.012566371	0	-0.9049467	-0.42523074	-0.00015466665	2.6093412e-20	-1
0	0.053192597	-0.9985155	0.00047520472	0	-0.018849555	0	0.053192597	-0.9985155	0.00047520472	2.2130902e-20	-1
0	0.0456718	-0.9988884	0.00047584163	0	-0.025132742	0	0.0456718	-0.9988884	0.00047584163	1.9624866e-20	-1
0	0.035561636	-0.99930054	0.00047526706	0	-0.03769911	0	0.035561636	-0.99930054	0.00047526706	1.4610774e-20	-1
0	0.029083192	-0.999511	0.00047342866	0	-0.050265484	0	0.029083192	-0.999511	0.00047342866	9.5951966e-21	-1
0	0.024595626	-0.99963236	0.00047096037	0	-0.06283186	0	0.024595626	-0.99963236	0.00047096037	4.578816e-21	-1
0	0.024595626	-0.99963236	0.00047096037	0	-0.06283186	0	0.024595626	-0.99963236	0.00047096037	4.578816e-21	1
0	0.029077537	-0.9995111	0.00047343055	0	-0.050265484	0	0.029077537	-0.9995111	0.00047343055	9.595201e-21	1
0	0.03554961	-0.99930096	0.00047526974	0	-0.03769911	0	0.03554961	-0.99930096	0.00047526974	1.4610779e-20	1
0	0.0456582	-0.9988891	0.00047582889	0	-0.025132742	0	0.0456582	-0.9988891	0.00047582889	1.9624865e-20	1
0	0.05318725	-0.9985157	0.0004752045	0	-0.018849555	0	0.05318725	-0.9985157	0.0004752045	2.2130899e-20	1
0	0.06361672	-0.9979048	0.00047339665	0	-0.012566371	0	0.06361672	-0.9979048	0.00047339665	2.4635728e-20	1
0	0.07050801	-0.99744093	0.00047178075	0	-0.009424778	0	0.07050801	-0.99744093	0.00047178075	2.5887446e-20	1
0	0.079021744	-0.996802	0.00046944385	0	-0.0062831854	0	0.079021744	-0.996802	0.00046944385	2.7138487e-20	1
0	0.08743997	-0.99609804	0.0004668307	0	-0.0037699111	0	0.08743997	-0.99609804	0.0004668307	2.813864e-20	1
0	0.09233089	-0.9956562	0.00046519702	0	-0.002513274	0	0.09233089	-0.9956562	0.00046519702	2.863842e-20	1
0	0.09501828	-0.9954031	0.00046425933	0	-0.0018849556	0	0.09501828	-0.9954031	0.00046425933	2.888823e-20	1
0	0.09783986	-0.99512947	0.00046327035	0	-0.001256637	0	0.09783986	-0.99512947	0.00046327035	2.9137964e-20	1
0	0.09783986	-0.99512947	0.00046327035	0	-0.0010053096	0	0.09783986	-0.99512947	0.00046327035	2.9237846e-20	1
0	0.10084273	-0.9948294	0.00046217116	0	-0.0006283185	0	0.10084273	-0.9948294	0.00046217116	2.9387633e-20	1
0	0.1027175	-0.9946374	0.0004614772	0	-0.0002513274	0	0.1027175	-0.9946374	0.0004614772	2.9537392e-20	1
0	0.1027175	-0.9946374	0.0004614772	0	-0.0001256637	0	0.1027175	-0.9946374	0.0004614772	2.9587307e-20	1
0	0.1027175	-0.9946374	0.0004614772	0	-6.283185e-05	0	0.1027175	-0.9946374	0.0004614772	2.9612265e-20	1
0	0.1027175	-0.9946374	0.0004614772	0	-2.5132742e-05	0	0.1027175	-0.9946374	0.0004614772	2.962724e-20	1
0	0.1027175	-0.9946374	0.0004614772	0	-1.2566371e-05	0	0.1027175	-0.9946374	0.0004614772	2.9632233e-20	1
0	0.1027175	-0.9946374	0.0004614772	0	-6.2831855e-06	0	0.1027175	-0.9946374	0.0004614772	2.9634728e-20	1
0	0.1027175	-0.9946374	0.0004614772	0	-2.513274e-06	0	0.1027175	-0.9946374	0.0004614772	2.9636227e-20	1
0	0.1027175	-0.9946374	0.0004614772	0	-1.256637e-06	0	0.1027175	-0.9946374	0.0004614772	2.9636725e-20	1
0	0.1027175	-0.9946374	0.0004614772	0	-6.283185e-07	0	0.1027175	-0.9946374	0.0004614772	2.9636973e-20	1
0	0.1027175	-0.9946374	0.0004614772	0	-2.513274e-07	0	0.1027175	-0.9946374	0.0004614772	2.9637125e-20	1
0	0.1027175	-0.9946374	0.0004614772	0	-1.256637e-07	0	0.1027175	-0.9946374	0.0004614772	2.9637174e-20	1
0	0.1027175	-0.9946374	0.0004614772	0	0	0	0.1027175	-0.9946374	0.0004614772	2.9637222e-20	1
0	0.1027175	-0.9946374	0.0004614772	0	1.256637e-07	0	0.1027175	-0.9946374	0.0004614772	2.9637274e-20	1
0	0.1027175	-0.9946374	0.0004614772	0	2.513274e-07	0	0.1027175	-0.9946374	0.0004614772	2.9637322e-20	1
0	0.1027175	-0.9946374	0.0004614772	0	6.283185e-07	0	0.1027175	-0.9946374	0.0004614772	2.9637474e-20	1
0	0.1027175	-0.9946374	0.0004614772	0	1.256637e-06	0	0.1027175	-0.9946374	0.0004614772	2.9637723e-20	1
0	0.1027175	-0.9946374	0.0004614772	0	2.513274e-06	0	0.1027175	-0.9946374	0.0004614772	2.963822e-20	1
0	0.1027175	-0.9946374	0.0004614772	0	6.2831855e-06	0	0.1027175	-0.9946374	0.0004614772	2.963972e-20	1
0	0.1027175	-0.9946374	0.0004614772	0	1.2566371e-05	0	0.1027175	-0.9946374	0.0004614772	2.9642214e-20	1
0	0.1027175	-0.9946374	0.0004614772	0	2.5132742e-05	0	0.1027175	-0.9946374	0.0004614772	2.9647207e-20	1
0	0.10433337	-0.99446905	0.00046087208	0	6.283185e-05	0	0.10433337	-0.99446905	0.00046087208	2.9662173e-20	1
0	0.10433337	-0.99446905	0.00046087208	0	0.0001256637	0	0.10433337	-0.99446905	0.00046087208	2.9687128e-20	1
0	0.10535972	-0.9943608	0.0004604823	0	0.0002513274	0	0.10535972	-0.9943608	0.0004604823	2.973703e-20	1
0	0.10740836	-0.9941414	0.00045969844	0	0.0006283185	0	0.10740836	-0.9941414	0.00045969844	2.988672e-20	1
0	0.10954033	-0.9939085	0.00045887564	0	0.0010053096	0	0.10954033	-0.9939085	0.00045887564	3.0036376e-20	1
0	0.10954033	-0.9939085	0.00045887564	0	0.001256637	0	0.10954033	-0.9939085	0.00045887564	3.0136132e-20	1
0	0.11489388	-0.9933034	0.00045673116	0	0.0018849556	0	0.11489388	-0.9933034	0.00045673116	3.0385426e-20	1
0	0.119052485	-0.9928131	0.0004550502	0	0.002513274	0	0.119052485	-0.9928131	0.0004550502	3.063461e-20	1
0	0.12836087	-0.9916516	0.00045111997	0	0.0037699111	0	0.12836087	-0.9916516	0.00045111997	3.113257e-20	1
0	0.1526062	-0.9882082	0.00044009142	0	0.0062831854	0	0.1526062	-0.9882082	0.00044009142	3.2126322e-20	1
0	0.20472056	-0.97873354	0.00041327247	0	0.009424778	0	0.20472056	-0.97873354	0.00041327247	3.336125e-20	1
0	-0.06364514	0.9979029	-0.0004733844	0	0.012566371	0	-0.06364514	0.9979029	-0.0004733844	2.4635728e-20	1
0	-0.05319331	0.9985155	-0.00047520016	0	0.018849555	0	-0.05319331	0.9985155	-0.00047520016	2.2130897e-20	1
0	-0.045668155	0.9988886	-0.0004758439	0	0.025132742	0	-0.045668155	0.9988886	-0.0004758439	1.9624868e-20	1
0	-0.035554662	0.99930084	-0.00047526904	0	0.03769911	0	-0.035554662	0.99930084	-0.00047526904	1.4610777e-20	1
0	-0.029080927	0.999511	-0.00047342875	0	0.050265484	0	-0.029080927	0.999511	-0.00047342875	9.595201e-21	1
0	-0.024594422	0.99963236	-0.0004709645	0	0.06283186	0	-0.024594422	0.99963236	-0.0004709645	4.5788143e-21	1
