# t (s)	mx ()	my ()	mz ()	B_extx (T)	B_exty (T)	B_extz (T)	mx ()	my ()	mz ()	E_total (J)	branch ()
0	0.99963915	0.024337847	0.001373803	0.06283186	0	0	0.99963915	0.024337847	0.001373803	2.2895717e-21	-1
0	0.99955225	0.02765125	0.0013851447	0.050265484	0	0	0.99955225	0.02765125	0.0013851447	7.306063e-21	-1
0	0.99942136	0.03200704	0.0013967701	0.03769911	0	0	0.99942136	0.03200704	0.0013967701	1.2322018e-20	-1
0	0.9992112	0.037983067	0.001408655	0.025132742	0	0	0.9992112	0.037983067	0.001408655	1.733714e-20	-1
0	0.99905443	0.04189007	0.0014146573	0.018849555	0	0	0.99905443	0.04189007	0.0014146573	1.984422e-20	-1
0	0.99884117	0.046688147	0.0014206418	0.012566371	0	0	0.99884117	0.046688147	0.0014206418	2.2350848e-20	-1
0	0.99870455	0.049517695	0.0014235997	0.009424778	0	0	0.99870455	0.049517695	0.0014235997	2.3603941e-20	-1
0	0.9985404	0.052719466	0.001426509	0.0062831854	0	0	0.9985404	0.052719466	0.001426509	2.4856839e-20	-1
0	0.9983844	0.05558984	0.0014287808	0.0037699111	0	0	0.9983844	0.05558984	0.0014287808	2.5858999e-20	-1
0	0.9982964	0.057146236	0.0014298912	0.002513274	0	0	0.9982964	0.057146236	0.0014298912	2.6360015e-20	-1
0	0.99824977	0.057953514	0.0014304388	0.0018849556	0	0	0.99824977	0.057953514	0.0014304388	2.6610509e-20	-1
0	0.9982009	0.05878823	0.0014309806	0.001256637	0	0	0.9982009	0.05878823	0.0014309806	2.686099e-20	-1
0	0.9982009	0.05878823	0.0014309806	0.0010053096	0	0	0.9982009	0.05878823	0.0014309806	2.696118e-20	-1
0	0.9981499	0.059646957	0.0014315156	0.0006283185	0	0	0.9981499	0.059646957	0.0014315156	2.7111455e-20	-1
0	0.99811816	0.06017503	0.0014318338	0.0002513274	0	0	0.99811816	0.06017503	0.0014318338	2.726173e-20	-1
0	0.99811816	0.06017503	0.0014318338	0.0001256637	0	0	0.99811816	0.06017503	0.0014318338	2.731182e-20	-1
0	0.99811816	0.06017503	0.0014318338	6.283185e-05	0	0	0.99811816	0.06017503	0.0014318338	2.7336865e-20	-1
0	0.99811816	0.06017503	0.0014318338	2.5132742e-05	0	0	0.99811816	0.06017503	0.0014318338	2.7351893e-20	-1
0	0.99811816	0.06017503	0.0014318338	1.2566371e-05	0	0	0.99811816	0.06017503	0.0014318338	2.7356902e-20	-1
0	0.99811816	0.06017503	0.0014318338	6.2831855e-06	0	0	0.99811816	0.06017503	0.0014318338	2.7359406e-20	-1
0	0.99811816	0.06017503	0.0014318338	2.513274e-06	0	0	0.99811816	0.06017503	0.0014318338	2.736091e-20	-1
0	0.99811816	0.06017503	0.0014318338	1.256637e-06	0	0	0.99811816	0.06017503	0.0014318338	2.7361412e-20	-1
0	0.99811816	0.06017503	0.0014318338	6.283185e-07	0	0	0.99811816	0.06017503	0.0014318338	2.736166e-20	-1
0	0.99811816	0.06017503	0.0014318338	2.513274e-07	0	0	0.99811816	0.06017503	0.0014318338	2.7361813e-20	-1
0	0.99811816	0.06017503	0.0014318338	1.256637e-07	0	0	0.99811816	0.06017503	0.0014318338	2.736186e-20	-1
0	0.99811816	0.06017503	0.0014318338	0	0	0	0.99811816	0.06017503	0.0014318338	2.7361913e-20	-1
0	0.99811816	0.06017503	0.0014318338	-1.256637e-07	0	0	0.99811816	0.06017503	0.0014318338	2.7361962e-20	-1
0	0.99811816	0.06017503	0.0014318338	-2.513274e-07	0	0	0.99811816	0.06017503	0.0014318338	2.7362013e-20	-1
0	0.99811816	0.06017503	0.0014318338	-6.283185e-07	0	0	0.99811816	0.06017503	0.0014318338	2.7362162e-20	-1
0	0.99811816	0.06017503	0.0014318338	-1.256637e-06	0	0	0.99811816	0.06017503	0.0014318338	2.7362414e-20	-1
0	0.99811816	0.06017503	0.0014318338	-2.513274e-06	0	0	0.99811816	0.06017503	0.0014318338	2.7362915e-20	-1
0	0.99811816	0.06017503	0.0014318338	-6.2831855e-06	0	0	0.99811816	0.06017503	0.0014318338	2.7364417e-20	-1
0	0.99811816	0.06017503	0.0014318338	-1.2566371e-05	0	0	0.99811816	0.06017503	0.0014318338	2.736692e-20	-1
0	0.99811816	0.06017503	0.0014318338	-2.5132742e-05	0	0	0.99811816	0.06017503	0.0014318338	2.737193e-20	-1
0	0.9980915	0.060614012	0.0014320969	-6.283185e-05	0	0	0.9980915	0.060614012	0.0014320969	2.7386958e-20	-1
0	0.9980915	0.060614012	0.0014320969	-0.0001256637	0	0	0.9980915	0.060614012	0.0014320969	2.7412003e-20	-1
0	0.99807465	0.06089147	0.0014322458	-0.0002513274	0	0	0.99807465	0.06089147	0.0014322458	2.746209e-20	-1
0	0.998041	0.061439037	0.0014325648	-0.0006283185	0	0	0.998041	0.061439037	0.0014325648	2.7612352e-20	-1
0	0.9980063	0.061999425	0.0014328741	-0.0010053096	0	0	0.9980063	0.061999425	0.0014328741	2.776261e-20	-1
0	0.9980063	0.061999425	0.0014328741	-0.001256637	0	0	0.9980063	0.061999425	0.0014328741	2.7862784e-20	-1
0	0.9979218	0.063342944	0.0014335811	-0.0018849556	0	0	0.9979218	0.063342944	0.0014335811	2.8113187e-20	-1
0	0.99785775	0.06434278	0.0014340774	-0.002513274	0	0	0.99785775	0.06434278	0.0014340774	2.8363587e-20	-1
0	0.99771935	0.06645113	0.001435027	-0.0037699111	0	0	0.99771935	0.06645113	0.001435027	2.886433e-20	-1
0	0.9974024	0.071044564	0.0014367749	-0.0062831854	0	0	0.9974024	0.071044564	0.0014367749	2.9865585e-20	-1
0	0.9968964	0.077815115	0.0014385248	-0.009424778	0	0	0.9968964	0.077815115	0.0014385248	3.1116648e-20	-1
0	0.9962214	0.08601849	0.0014395386	-0.012566371	0	0	0.9962214	0.08601849	0.0014395386	3.236698e-20	-1
0	0.99394953	0.10916221	0.0014370495	-0.018849555	0	0	0.99394953	0.10916221	0.0014370495	3.4864244e-20	-1
0	0.988413	0.15127009	0.0014166192	-0.025132742	0	0	0.988413	0.15127009	0.0014166192	3.7352575e-20	-1
0	-0.9994211	-0.03201294	-0.001396771	-0.03769911	0	0	-0.9994211	-0.03201294	-0.001396771	1.23220184e-20	-1
0	-0.99955213	-0.02765486	-0.0013851451	-0.050265484	0	0	-0.99955213	-0.02765486	-0.0013851451	7.306063e-21	-1
0	-0.99963915	-0.02434029	-0.0013738049	-0.06283186	0	0	-0.99963915	-0.02434029	-0.0013738049	2.2895703e-21	-1
0	-0.99963915	-0.02434029	-0.0013738049	-0.06283186	0	0	-0.99963915	-0.02434029	-0.0013738049	2.2895703e-21	1
0	-0.99955225	-0.027650386	-0.0013851445	-0.050265484	0	0	-0.99955225	-0.027650386	-0.0013851445	7.3060615e-21	1
0	-0.99942136	-0.032007653	-0.0013967701	-0.03769911	0	0	-0.99942136	-0.032007653	-0.0013967701	1.23220184e-20	1
0	-0.9992111	-0.037984744	-0.0014086557	-0.025132742	0	0	-0.9992111	-0.037984744	-0.0014086557	1.7337135e-20	1
0	-0.99905443	-0.04189045	-0.0014146395	-0.018849555	0	0	-0.99905443	-0.04189045	-0.0014146395	1.9844223e-20	1
0	-0.99884117	-0.04668913	-0.0014206436	-0.012566371	0	0	-0.99884117	-0.04668913	-0.0014206436	2.2350847e-20	1
0	-0.99870443	-0.049521707	-0.0014235985	-0.009424778	0	0	-0.99870443	-0.049521707	-0.0014235985	2.3603938e-20	1
0	-0.9985401	-0.05272437	-0.0014265178	-0.0062831854	0	0	-0.9985401	-0.05272437	-0.0014265178	2.4856842e-20	1
0	-0.99838436	-0.05559069	-0.0014287808	-0.0037699111	0	0	-0.99838436	-0.05559069	-0.0014287808	2.5859e-20	1
0	-0.9982966	-0.057143178	-0.0014298914	-0.002513274	0	0	-0.9982966	-0.057143178	-0.0014298914	2.6360018e-20	1
0	-0.99824977	-0.05795326	-0.0014304385	-0.0018849556	0	0	-0.99824977	-0.05795326	-0.0014304385	2.6610509e-20	1
0	-0.9982009	-0.058788247	-0.0014309816	-0.001256637	0	0	-0.9982009	-0.058788247	-0.0014309816	2.6860989e-20	1
0	-0.9982009	-0.058788247	-0.0014309816	-0.0010053096	0	0	-0.9982009	-0.058788247	-0.0014309816	2.6961178e-20	1
0	-0.9981501	-0.059643	-0.0014315208	-0.0006283185	0	0	-0.9981501	-0.059643	-0.0014315208	2.711146e-20	1
0	-0.9981184	-0.06016909	-0.0014318338	-0.0002513274	0	0	-0.9981184	-0.06016909	-0.0014318338	2.7261734e-20	1
0	-0.9981184	-0.06016909	-0.0014318338	-0.0001256637	0	0	-0.9981184	-0.06016909	-0.0014318338	2.7311824e-20	1
0	-0.99810207	-0.060440026	-0.0014319995	-6.283185e-05	0	0	-0.99810207	-0.060440026	-0.0014319995	2.733687e-20	1
0	-0.99810207	-0.060440026	-0.0014319995	-2.5132742e-05	0	0	-0.99810207	-0.060440026	-0.0014319995	2.7351893e-20	1
0	-0.99810207	-0.060440026	-0.0014319995	-1.2566371e-05	0	0	-0.99810207	-0.060440026	-0.0014319995	2.7356902e-20	1
0	-0.99810207	-0.060440026	-0.0014319995	-6.2831855e-06	0	0	-0.99810207	-0.060440026	-0.0014319995	2.7359406e-20	1
0	-0.99810207	-0.060440026	-0.0014319995	-2.513274e-06	0	0	-0.99810207	-0.060440026	-0.0014319995	2.736091e-20	1
0	-0.99810207	-0.060440026	-0.0014319995	-1.256637e-06	0	0	-0.99810207	-0.060440026	-0.0014319995	2.7361412e-20	1
0	-0.99810207	-0.060440026	-0.0014319995	-6.283185e-07	0	0	-0.99810207	-0.060440026	-0.0014319995	2.736166e-20	1
0	-0.99810207	-0.060440026	-0.0014319995	-2.513274e-07	0	0	-0.99810207	-0.060440026	-0.0014319995	2.7361813e-20	1
0	-0.99810207	-0.060440026	-0.0014319995	-1.256637e-07	0	0	-0.99810207	-0.060440026	-0.0014319995	2.736186e-20	1
0	-0.99810207	-0.060440026	-0.0014319995	0	0	0	-0.99810207	-0.060440026	-0.0014319995	2.7361913e-20	1
0	-0.99810207	-0.060440026	-0.0014319995	1.256637e-07	0	0	-0.99810207	-0.060440026	-0.0014319995	2.7361962e-20	1
0	-0.99810207	-0.060440026	-0.0014319995	2.513274e-07	0	0	-0.99810207	-0.060440026	-0.0014319995	2.7362013e-20	1
0	-0.99810207	-0.060440026	-0.0014319995	6.283185e-07	0	0	-0.99810207	-0.060440026	-0.0014319995	2.7362162e-20	1
0	-0.99810207	-0.060440026	-0.0014319995	1.256637e-06	0	0	-0.99810207	-0.060440026	-0.0014319995	2.7362414e-20	1
0	-0.99810207	-0.060440026	-0.0014319995	2.513274e-06	0	0	-0.99810207	-0.060440026	-0.0014319995	2.7362915e-20	1
0	-0.99810207	-0.060440026	-0.0014319995	6.2831855e-06	0	0	-0.99810207	-0.060440026	-0.0014319995	2.7364417e-20	1
0	-0.99810207	-0.060440026	-0.0014319995	1.2566371e-05	0	0	-0.99810207	-0.060440026	-0.0014319995	2.736692e-20	1
0	-0.99810207	-0.060440026	-0.0014319995	2.5132742e-05	0	0	-0.99810207	-0.060440026	-0.0014319995	2.737193e-20	1
0	-0.99810207	-0.060440026	-0.0014319995	6.283185e-05	0	0	-0.99810207	-0.060440026	-0.0014319995	2.7386958e-20	1
0	-0.99808574	-0.060708947	-0.0014321492	0.0001256637	0	0	-0.99808574	-0.060708947	-0.0014321492	2.7412e-20	1
0	-0.99808574	-0.060708947	-0.0014321492	0.0002513274	0	0	-0.99808574	-0.060708947	-0.0014321492	2.746209e-20	1
0	-0.9980409	-0.061440103	-0.001432565	0.0006283185	0	0	-0.9980409	-0.061440103	-0.001432565	2.7612352e-20	1
0	-0.99800646	-0.06199716	-0.0014328731	0.0010053096	0	0	-0.99800646	-0.06199716	-0.0014328731	2.7762608e-20	1
0	-0.9979825	-0.062381357	-0.0014330773	0.001256637	0	0	-0.9979825	-0.062381357	-0.0014330773	2.7862778e-20	1
0	-0.9979212	-0.06335123	-0.0014335804	0.0018849556	0	0	-0.9979212	-0.06335123	-0.0014335804	2.811319e-20	1
0	-0.99785805	-0.06433819	-0.0014340703	0.002513274	0	0	-0.99785805	-0.06433819	-0.0014340703	2.8363587e-20	1
0	-0.9977212	-0.066423565	-0.0014350294	0.0037699111	0	0	-0.9977212	-0.066423565	-0.0014350294	2.886433e-20	1
0	-0.99740225	-0.071046844	-0.0014367746	0.0062831854	0	0	-0.99740225	-0.071046844	-0.0014367746	2.9865585e-20	1
0	-0.99689627	-0.07781732	-0.0014385263	0.009424778	0	0	-0.99689627	-0.07781732	-0.0014385263	3.1116648e-20	1
0	-0.99622214	-0.08601031	-0.0014395415	0.012566371	0	0	-0.99622214	-0.08601031	-0.0014395415	3.236698e-20	1
0	-0.99394995	-0.109157905	-0.0014370519	0.018849555	0	0	-0.99394995	-0.109157905	-0.0014370519	3.4864244e-20	1
0	-0.98841393	-0.15126404	-0.0014166242	0.025132742	0	0	-0.98841393	-0.15126404	-0.0014166242	3.7352572e-20	1
0	0.99942136	0.03200598	0.0013967692	0.03769911	0	0	0.99942136	0.03200598	0.0013967692	1.2322017e-20	1
0	0.99955213	0.027654717	0.0013851465	0.050265484	0	0	0.99955213	0.027654717	0.0013851465	7.306063e-21	1
0	0.99963915	0.024338216	0.0013738037	0.06283186	0	0	0.99963915	0.024338216	0.0013738037	2.2895715e-21	1
