# t (s)	mx ()	my ()	mz ()	B_extx (T)	B_exty (T)	B_extz (T)	mx ()	my ()	mz ()	E_total (J)	branch ()
0	-0.03556483	0.99929905	-0.002456764	0	0.06283186	0	-0.03556483	0.99929905	-0.002456764	4.5342293e-21	-1
0	-0.042069003	0.9990454	-0.002488162	0	0.050265484	0	-0.042069003	0.9990454	-0.002488162	9.548634e-21	-1
0	-0.051426306	0.9986062	-0.0025246285	0	0.03769911	0	-0.051426306	0.9986062	-0.0025246285	1.4561355e-20	-1
0	-0.065978825	0.99774885	-0.0025694822	0	0.025132742	0	-0.065978825	0.99774885	-0.0025694822	1.9570979e-20	-1
0	-0.076704994	0.99698055	-0.002596924	0	0.018849555	0	-0.076704994	0.99698055	-0.002596924	2.2073686e-20	-1
0	-0.09147608	0.9957325	-0.0026295467	0	0.012566371	0	-0.09147608	0.9957325	-0.0026295467	2.4573932e-20	-1
0	-0.10110733	0.99479973	-0.0026483806	0	0.009424778	0	-0.10110733	0.99479973	-0.0026483806	2.5822643e-20	-1
0	-0.112898186	0.99352944	-0.0026693	0	0.0062831854	0	-0.112898186	0.99352944	-0.0026693	2.7069991e-20	-1
0	-0.12446967	0.99214494	-0.002687804	0	0.0037699111	0	-0.12446967	0.99214494	-0.002687804	2.8066535e-20	-1
0	-0.13115436	0.9912827	-0.0026976704	0	0.002513274	0	-0.13115436	0.9912827	-0.0026976704	2.856423e-20	-1
0	-0.1347693	0.9907973	-0.0027027687	0	0.0018849556	0	-0.1347693	0.9907973	-0.0027027687	2.881291e-20	-1
0	-0.1385937	0.99026906	-0.0027079727	0	0.001256637	0	-0.1385937	0.99026906	-0.0027079727	2.906146e-20	-1
0	-0.1385937	0.99026906	-0.0027079727	0	0.0010053096	0	-0.1385937	0.99026906	-0.0027079727	2.9160853e-20	-1
0	-0.14262316	0.9896963	-0.00271327	0	0.0006283185	0	-0.14262316	0.9896963	-0.00271327	2.9309875e-20	-1
0	-0.14518435	0.9893235	-0.0027165273	0	0.0002513274	0	-0.14518435	0.9893235	-0.0027165273	2.945885e-20	-1
0	-0.14518435	0.9893235	-0.0027165273	0	0.0001256637	0	-0.14518435	0.9893235	-0.0027165273	2.95085e-20	-1
0	-0.14518435	0.9893235	-0.0027165273	0	6.283185e-05	0	-0.14518435	0.9893235	-0.0027165273	2.9533324e-20	-1
0	-0.14518435	0.9893235	-0.0027165273	0	2.5132742e-05	0	-0.14518435	0.9893235	-0.0027165273	2.9548216e-20	-1
0	-0.14518435	0.9893235	-0.0027165273	0	1.2566371e-05	0	-0.14518435	0.9893235	-0.0027165273	2.9553183e-20	-1
0	-0.14518435	0.9893235	-0.0027165273	0	6.2831855e-06	0	-0.14518435	0.9893235	-0.0027165273	2.9555664e-20	-1
0	-0.14518435	0.9893235	-0.0027165273	0	2.513274e-06	0	-0.14518435	0.9893235	-0.0027165273	2.9557154e-20	-1
0	-0.14518435	0.9893235	-0.0027165273	0	1.256637e-06	0	-0.14518435	0.9893235	-0.0027165273	2.955765e-20	-1
0	-0.14518435	0.9893235	-0.0027165273	0	6.283185e-07	0	-0.14518435	0.9893235	-0.0027165273	2.95579e-20	-1
0	-0.14518435	0.9893235	-0.0027165273	0	2.513274e-07	0	-0.14518435	0.9893235	-0.0027165273	2.955805e-20	-1
0	-0.14518435	0.9893235	-0.0027165273	0	1.256637e-07	0	-0.14518435	0.9893235	-0.0027165273	2.9558097e-20	-1
0	-0.14518435	0.9893235	-0.0027165273	0	0	0	-0.14518435	0.9893235	-0.0027165273	2.9558146e-20	-1
0	-0.14518435	0.9893235	-0.0027165273	0	-1.256637e-07	0	-0.14518435	0.9893235	-0.0027165273	2.9558197e-20	-1
0	-0.14518435	0.9893235	-0.0027165273	0	-2.513274e-07	0	-0.14518435	0.9893235	-0.0027165273	2.9558246e-20	-1
0	-0.14518435	0.9893235	-0.0027165273	0	-6.283185e-07	0	-0.14518435	0.9893235	-0.0027165273	2.9558394e-20	-1
0	-0.14518435	0.9893235	-0.0027165273	0	-1.256637e-06	0	-0.14518435	0.9893235	-0.0027165273	2.9558643e-20	-1
0	-0.14518435	0.9893235	-0.0027165273	0	-2.513274e-06	0	-0.14518435	0.9893235	-0.0027165273	2.955914e-20	-1
0	-0.14518435	0.9893235	-0.0027165273	0	-6.2831855e-06	0	-0.14518435	0.9893235	-0.0027165273	2.956063e-20	-1
0	-0.14518435	0.9893235	-0.0027165273	0	-1.2566371e-05	0	-0.14518435	0.9893235	-0.0027165273	2.9563112e-20	-1
0	-0.14518435	0.9893235	-0.0027165273	0	-2.5132742e-05	0	-0.14518435	0.9893235	-0.0027165273	2.9568078e-20	-1
0	-0.14518435	0.9893235	-0.0027165273	0	-6.283185e-05	0	-0.14518435	0.9893235	-0.0027165273	2.958297e-20	-1
0	-0.14518435	0.9893235	-0.0027165273	0	-0.0001256637	0	-0.14518435	0.9893235	-0.0027165273	2.9607796e-20	-1
0	-0.14868388	0.9888032	-0.002720867	0	-0.0002513274	0	-0.14868388	0.9888032	-0.002720867	2.965739e-20	-1
0	-0.14868388	0.9888032	-0.002720867	0	-0.0006283185	0	-0.14868388	0.9888032	-0.002720867	2.980626e-20	-1
0	-0.15431142	0.98793995	-0.0027275304	0	-0.0010053096	0	-0.15431142	0.98793995	-0.0027275304	2.9955008e-20	-1
0	-0.15431142	0.98793995	-0.0027275304	0	-0.001256637	0	-0.15431142	0.98793995	-0.0027275304	3.0054166e-20	-1
0	-0.16144726	0.98679805	-0.0027354525	0	-0.0018849556	0	-0.16144726	0.98679805	-0.0027354525	3.0301868e-20	-1
0	-0.16697355	0.98587716	-0.0027411834	0	-0.002513274	0	-0.16697355	0.98587716	-0.0027411834	3.0549363e-20	-1
0	-0.1793238	0.9837041	-0.0027527642	0	-0.0037699111	0	-0.1793238	0.9837041	-0.0027527642	3.1043604e-20	-1
0	-0.21138419	0.9773116	-0.0027749566	0	-0.0062831854	0	-0.21138419	0.9773116	-0.0027749566	3.2028026e-20	-1
0	-0.2861715	0.9580715	-0.0027827842	0	-0.009424778	0	-0.2861715	0.9580715	-0.0027827842	3.324466e-20	-1
0	-0.8943232	-0.44713157	0.0006247774	0	-0.012566371	0	-0.8943232	-0.44713157	0.0006247774	2.5936941e-20	-1
0	0.076719865	-0.99697936	0.0025969471	0	-0.018849555	0	0.076719865	-0.99697936	0.0025969471	2.2073686e-20	-1
0	0.06598109	-0.99774873	0.0025694945	0	-0.025132742	0	0.06598109	-0.99774873	0.0025694945	1.9570977e-20	-1
0	0.051429514	-0.998606	0.0025246344	0	-0.03769911	0	0.051429514	-0.998606	0.0025246344	1.4561356e-20	-1
0	0.04207245	-0.99904513	0.0024881675	0	-0.050265484	0	0.04207245	-0.99904513	0.0024881675	9.5486345e-21	-1
0	0.035565775	-0.99929893	0.0024567654	0	-0.06283186	0	0.035565775	-0.99929893	0.0024567654	4.5342265e-21	-1
0	0.035565775	-0.99929893	0.0024567654	0	-0.06283186	0	0.035565775	-0.99929893	0.0024567654	4.5342265e-21	1
0	0.042066775	-0.9990454	0.002488158	0	-0.050265484	0	0.042066775	-0.9990454	0.002488158	9.548633e-21	1
0	0.051422857	-0.9986063	0.0025246185	0	-0.03769911	0	0.051422857	-0.9986063	0.0025246185	1.4561355e-20	1
0	0.06597358	-0.9977492	0.0025694743	0	-0.025132742	0	0.06597358	-0.9977492	0.0025694743	1.9570975e-20	1
0	0.07672125	-0.99697936	0.0025969446	0	-0.018849555	0	0.07672125	-0.99697936	0.0025969446	2.2073686e-20	1
0	0.09148065	-0.99573207	0.002629558	0	-0.012566371	0	0.09148065	-0.99573207	0.002629558	2.4573932e-20	1
0	0.101106495	-0.99479985	0.00264838	0	-0.009424778	0	0.101106495	-0.99479985	0.00264838	2.5822645e-20	1
0	0.11293274	-0.9935255	0.0026693433	0	-0.0062831854	0	0.11293274	-0.9935255	0.0026693433	2.7069993e-20	1
0	0.124471046	-0.9921448	0.0026878072	0	-0.0037699111	0	0.124471046	-0.9921448	0.0026878072	2.8066535e-20	1
0	0.13115495	-0.9912826	0.0026976708	0	-0.002513274	0	0.13115495	-0.9912826	0.0026976708	2.8564233e-20	1
0	0.13477495	-0.9907965	0.0027027703	0	-0.0018849556	0	0.13477495	-0.9907965	0.0027027703	2.881291e-20	1
0	0.13859099	-0.9902695	0.0027079675	0	-0.001256637	0	0.13859099	-0.9902695	0.0027079675	2.906146e-20	1
0	0.13859099	-0.9902695	0.0027079675	0	-0.0010053096	0	0.13859099	-0.9902695	0.0027079675	2.9160853e-20	1
0	0.14264283	-0.9896935	0.0027132877	0	-0.0006283185	0	0.14264283	-0.9896935	0.0027132877	2.9309872e-20	1
0	0.14516038	-0.9893271	0.0027165026	0	-0.0002513274	0	0.14516038	-0.9893271	0.0027165026	2.945885e-20	1
0	0.14516038	-0.9893271	0.0027165026	0	-0.0001256637	0	0.14516038	-0.9893271	0.0027165026	2.95085e-20	1
0	0.14516038	-0.9893271	0.0027165026	0	-6.283185e-05	0	0.14516038	-0.9893271	0.0027165026	2.9533324e-20	1
0	0.14516038	-0.9893271	0.0027165026	0	-2.5132742e-05	0	0.14516038	-0.9893271	0.0027165026	2.954822e-20	1
0	0.14516038	-0.9893271	0.0027165026	0	-1.2566371e-05	0	0.14516038	-0.9893271	0.0027165026	2.9553183e-20	1
0	0.14516038	-0.9893271	0.0027165026	0	-6.2831855e-06	0	0.14516038	-0.9893271	0.0027165026	2.9555664e-20	1
0	0.14516038	-0.9893271	0.0027165026	0	-2.513274e-06	0	0.14516038	-0.9893271	0.0027165026	2.9557154e-20	1
0	0.14516038	-0.9893271	0.0027165026	0	-1.256637e-06	0	0.14516038	-0.9893271	0.0027165026	2.955765e-20	1
0	0.14516038	-0.9893271	0.0027165026	0	-6.283185e-07	0	0.14516038	-0.9893271	0.0027165026	2.95579e-20	1
0	0.14516038	-0.9893271	0.0027165026	0	-2.513274e-07	0	0.14516038	-0.9893271	0.0027165026	2.955805e-20	1
0	0.14516038	-0.9893271	0.0027165026	0	-1.256637e-07	0	0.14516038	-0.9893271	0.0027165026	2.9558097e-20	1
0	0.14516038	-0.9893271	0.0027165026	0	0	0	0.14516038	-0.9893271	0.0027165026	2.955815e-20	1
0	0.14516038	-0.9893271	0.0027165026	0	1.256637e-07	0	0.14516038	-0.9893271	0.0027165026	2.9558197e-20	1
0	0.14516038	-0.9893271	0.0027165026	0	2.513274e-07	0	0.14516038	-0.9893271	0.0027165026	2.9558246e-20	1
0	0.14516038	-0.9893271	0.0027165026	0	6.283185e-07	0	0.14516038	-0.9893271	0.0027165026	2.9558398e-20	1
0	0.14516038	-0.9893271	0.0027165026	0	1.256637e-06	0	0.14516038	-0.9893271	0.0027165026	2.9558643e-20	1
0	0.14516038	-0.9893271	0.0027165026	0	2.513274e-06	0	0.14516038	-0.9893271	0.0027165026	2.955914e-20	1
0	0.14516038	-0.9893271	0.0027165026	0	6.2831855e-06	0	0.14516038	-0.9893271	0.0027165026	2.956063e-20	1
0	0.14516038	-0.9893271	0.0027165026	0	1.2566371e-05	0	0.14516038	-0.9893271	0.0027165026	2.9563112e-20	1
0	0.14516038	-0.9893271	0.0027165026	0	2.5132742e-05	0	0.14516038	-0.9893271	0.0027165026	2.9568078e-20	1
0	0.14516038	-0.9893271	0.0027165026	0	6.283185e-05	0	0.14516038	-0.9893271	0.0027165026	2.9582974e-20	1
0	0.14516038	-0.9893271	0.0027165026	0	0.0001256637	0	0.14516038	-0.9893271	0.0027165026	2.9607796e-20	1
0	0.14868341	-0.98880327	0.0027208657	0	0.0002513274	0	0.14868341	-0.98880327	0.0027208657	2.9657394e-20	1
0	0.14868341	-0.98880327	0.0027208657	0	0.0006283185	0	0.14868341	-0.98880327	0.0027208657	2.9806264e-20	1
0	0.15430455	-0.987941	0.0027275202	0	0.0010053096	0	0.15430455	-0.987941	0.0027275202	2.9955008e-20	1
0	0.15430455	-0.987941	0.0027275202	0	0.001256637	0	0.15430455	-0.987941	0.0027275202	3.005417e-20	1
0	0.16147204	-0.9867939	0.0027354737	0	0.0018849556	0	0.16147204	-0.9867939	0.0027354737	3.0301865e-20	1
0	0.16699965	-0.98587275	0.002741206	0	0.002513274	0	0.16699965	-0.98587275	0.002741206	3.0549367e-20	1
0	0.17932738	-0.9837034	0.0027527665	0	0.0037699111	0	0.17932738	-0.9837034	0.0027527665	3.10436e-20	1
0	0.21138847	-0.97731066	0.0027749578	0	0.0062831854	0	0.21138847	-0.97731066	0.0027749578	3.2028023e-20	1
0	0.28610444	-0.95809156	0.0027828086	0	0.009424778	0	0.28610444	-0.95809156	0.0027828086	3.324466e-20	1
0	0.8942974	0.44718325	-0.0006247492	0	0.012566371	0	0.8942974	0.44718325	-0.0006247492	2.5936943e-20	1
0	-0.07673247	0.9969784	-0.002596967	0	0.018849555	0	-0.07673247	0.9969784	-0.002596967	2.2073685e-20	1
0	-0.06598	0.99774873	-0.002569485	0	0.025132742	0	-0.06598	0.99774873	-0.002569485	1.9570975e-20	1
0	-0.051435173	0.9986057	-0.0025246441	0	0.03769911	0	-0.051435173	0.9986057	-0.0025246441	1.4561355e-20	1
0	-0.042071737	0.99904525	-0.002488153	0	0.050265484	0	-0.042071737	0.99904525	-0.002488153	9.548638e-21	1
0	-0.03556557	0.999299	-0.0024567654	0	0.06283186	0	-0.03556557	0.999299	-0.0024567654	4.5342305e-21	1
