# t (s)	mx ()	my ()	mz ()	B_extx (T)	B_exty (T)	B_extz (T)	mx ()	my ()	mz ()	E_total (J)	branch ()
0	-0.027527565	0.9995559	-0.00025078712	0	0.06283186	0	-0.027527565	0.9995559	-0.00025078712	4.5868013e-21	-1
0	-0.032568	0.9994035	-0.00025611994	0	0.050265484	0	-0.032568	0.9994035	-0.00025611994	9.602729e-21	-1
0	-0.039837785	0.99913913	-0.00026298908	0	0.03769911	0	-0.039837785	0.99913913	-0.00026298908	1.461764e-20	-1
0	-0.051211584	0.99861956	-0.00027263444	0	0.025132742	0	-0.051211584	0.99861956	-0.00027263444	1.9630686e-20	-1
0	-0.059674576	0.9981489	-0.00027930154	0	0.018849555	0	-0.059674576	0.9981489	-0.00027930154	2.2135925e-20	-1
0	-0.07139513	0.9973781	-0.00028808747	0	0.012566371	0	-0.07139513	0.9973781	-0.00028808747	2.463965e-20	-1
0	-0.079119906	0.9967944	-0.00029367162	0	0.009424778	0	-0.079119906	0.9967944	-0.00029367162	2.5890635e-20	-1
0	-0.08868185	0.99598837	-0.00030040415	0	0.0062831854	0	-0.08868185	0.99598837	-0.00030040415	2.714077e-20	-1
0	-0.098121084	0.99510205	-0.0003068832	0	0.0037699111	0	-0.098121084	0.99510205	-0.0003068832	2.814002e-20	-1
0	-0.10360095	0.99454594	-0.00031057626	0	0.002513274	0	-0.10360095	0.99454594	-0.00031057626	2.8639274e-20	-1
0	-0.10658072	0.99423075	-0.00031256958	0	0.0018849556	0	-0.10658072	0.99423075	-0.00031256958	2.8888792e-20	-1
0	-0.10974489	0.9938861	-0.00031466008	0	0.001256637	0	-0.10974489	0.9938861	-0.00031466008	2.9138225e-20	-1
0	-0.10974489	0.9938861	-0.00031466008	0	0.0010053096	0	-0.10974489	0.9938861	-0.00031466008	2.9237985e-20	-1
0	-0.11308426	0.9935114	-0.00031685398	0	0.0006283185	0	-0.11308426	0.9935114	-0.00031685398	2.9387575e-20	-1
0	-0.115186	0.9932697	-0.00031822856	0	0.0002513274	0	-0.115186	0.9932697	-0.00031822856	2.953713e-20	-1
0	-0.115186	0.9932697	-0.00031822856	0	0.0001256637	0	-0.115186	0.9932697	-0.00031822856	2.9586977e-20	-1
0	-0.115186	0.9932697	-0.00031822856	0	6.283185e-05	0	-0.115186	0.9932697	-0.00031822856	2.96119e-20	-1
0	-0.115186	0.9932697	-0.00031822856	0	2.5132742e-05	0	-0.115186	0.9932697	-0.00031822856	2.9626853e-20	-1
0	-0.115186	0.9932697	-0.00031822856	0	1.2566371e-05	0	-0.115186	0.9932697	-0.00031822856	2.963184e-20	-1
0	-0.115186	0.9932697	-0.00031822856	0	6.2831855e-06	0	-0.115186	0.9932697	-0.00031822856	2.963433e-20	-1
0	-0.115186	0.9932697	-0.00031822856	0	2.513274e-06	0	-0.115186	0.9932697	-0.00031822856	2.9635826e-20	-1
0	-0.115186	0.9932697	-0.00031822856	0	1.256637e-06	0	-0.115186	0.9932697	-0.00031822856	2.9636324e-20	-1
0	-0.115186	0.9932697	-0.00031822856	0	6.283185e-07	0	-0.115186	0.9932697	-0.00031822856	2.9636576e-20	-1
0	-0.115186	0.9932697	-0.00031822856	0	2.513274e-07	0	-0.115186	0.9932697	-0.00031822856	2.9636725e-20	-1
0	-0.115186	0.9932697	-0.00031822856	0	1.256637e-07	0	-0.115186	0.9932697	-0.00031822856	2.9636773e-20	-1
0	-0.115186	0.9932697	-0.00031822856	0	0	0	-0.115186	0.9932697	-0.00031822856	2.9636825e-20	-1
0	-0.115186	0.9932697	-0.00031822856	0	-1.256637e-07	0	-0.115186	0.9932697	-0.00031822856	2.9636873e-20	-1
0	-0.115186	0.9932697	-0.00031822856	0	-2.513274e-07	0	-0.115186	0.9932697	-0.00031822856	2.9636925e-20	-1
0	-0.115186	0.9932697	-0.00031822856	0	-6.283185e-07	0	-0.115186	0.9932697	-0.00031822856	2.9637074e-20	-1
0	-0.115186	0.9932697	-0.00031822856	0	-1.256637e-06	0	-0.115186	0.9932697	-0.00031822856	2.9637322e-20	-1
0	-0.115186	0.9932697	-0.00031822856	0	-2.513274e-06	0	-0.115186	0.9932697	-0.00031822856	2.963782e-20	-1
0	-0.115186	0.9932697	-0.00031822856	0	-6.2831855e-06	0	-0.115186	0.9932697	-0.00031822856	2.9639316e-20	-1
0	-0.115186	0.9932697	-0.00031822856	0	-1.2566371e-05	0	-0.115186	0.9932697	-0.00031822856	2.9641807e-20	-1
0	-0.115186	0.9932697	-0.00031822856	0	-2.5132742e-05	0	-0.115186	0.9932697	-0.00031822856	2.9646793e-20	-1
0	-0.115186	0.9932697	-0.00031822856	0	-6.283185e-05	0	-0.115186	0.9932697	-0.00031822856	2.9661747e-20	-1
0	-0.11738397	0.9930121	-0.00031965782	0	-0.0001256637	0	-0.11738397	0.9930121	-0.00031965782	2.968665e-20	-1
0	-0.11738397	0.9930121	-0.00031965782	0	-0.0002513274	0	-0.11738397	0.9930121	-0.00031965782	2.9736484e-20	-1
0	-0.120434836	0.99264646	-0.00032162876	0	-0.0006283185	0	-0.120434836	0.99264646	-0.00032162876	2.9885955e-20	-1
0	-0.12282035	0.9923538	-0.0003231623	0	-0.0010053096	0	-0.12282035	0.9923538	-0.0003231623	3.0035384e-20	-1
0	-0.12282035	0.9923538	-0.0003231623	0	-0.001256637	0	-0.12282035	0.9923538	-0.0003231623	3.0134985e-20	-1
0	-0.12879848	0.99159503	-0.0003269636	0	-0.0018849556	0	-0.12879848	0.99159503	-0.0003269636	3.0383856e-20	-1
0	-0.13342315	0.9909829	-0.00032986957	0	-0.002513274	0	-0.13342315	0.9909829	-0.00032986957	3.0632598e-20	-1
0	-0.14385465	0.98952115	-0.00033630378	0	-0.0037699111	0	-0.14385465	0.98952115	-0.00033630378	3.1129572e-20	-1
0	-0.17101288	0.9851874	-0.00035231202	0	-0.0062831854	0	-0.17101288	0.9851874	-0.00035231202	3.2120777e-20	-1
0	-0.23175701	0.972682	-0.00038374704	0	-0.009424778	0	-0.23175701	0.972682	-0.00038374704	3.3350465e-20	-1
0	-0.90178955	-0.43188262	0.00027640208	0	-0.012566371	0	-0.90178955	-0.43188262	0.00027640208	2.6043588e-20	-1
0	0.059680007	-0.99814856	0.00027930457	0	-0.018849555	0	0.059680007	-0.99814856	0.00027930457	2.2135927e-20	-1
0	0.051218852	-0.9986192	0.00027263956	0	-0.025132742	0	0.051218852	-0.9986192	0.00027263956	1.9630686e-20	-1
0	0.03984502	-0.99913883	0.00026299432	0	-0.03769911	0	0.03984502	-0.99913883	0.00026299432	1.4617645e-20	-1
0	0.03257004	-0.9994035	0.00025612075	0	-0.050265484	0	0.03257004	-0.9994035	0.00025612075	9.602726e-21	-1
0	0.027529033	-0.9995559	0.00025078893	0	-0.06283186	0	0.027529033	-0.9995559	0.00025078893	4.5868066e-21	-1
0	0.027528904	-0.9995559	0.00025078614	0	-0.06283186	0	0.027528904	-0.9995559	0.00025078614	4.5868066e-21	1
0	0.03256919	-0.9994034	0.00025612043	0	-0.050265484	0	0.03256919	-0.9994034	0.00025612043	9.602724e-21	1
0	0.03983917	-0.9991391	0.0002629982	0	-0.03769911	0	0.03983917	-0.9991391	0.0002629982	1.4617643e-20	1
0	0.051214464	-0.99861944	0.00027263677	0	-0.025132742	0	0.051214464	-0.99861944	0.00027263677	1.9630684e-20	1
0	0.05967845	-0.9981486	0.00027930294	0	-0.018849555	0	0.05967845	-0.9981486	0.00027930294	2.2135925e-20	1
0	0.07140523	-0.9973773	0.00028809693	0	-0.012566371	0	0.07140523	-0.9973773	0.00028809693	2.4639647e-20	1
0	0.07912938	-0.9967936	0.0002936766	0	-0.009424778	0	0.07912938	-0.9967936	0.0002936766	2.5890638e-20	1
0	0.08867659	-0.99598885	0.00030040008	0	-0.0062831854	0	0.08867659	-0.99598885	0.00030040008	2.7140765e-20	1
0	0.0981067	-0.9951034	0.00030687443	0	-0.0037699111	0	0.0981067	-0.9951034	0.00030687443	2.8140022e-20	1
0	0.103602454	-0.9945458	0.0003105774	0	-0.002513274	0	0.103602454	-0.9945458	0.0003105774	2.8639277e-20	1
0	0.10658825	-0.9942299	0.0003125699	0	-0.0018849556	0	0.10658825	-0.9942299	0.0003125699	2.8888792e-20	1
0	0.10972235	-0.9938886	0.00031464564	0	-0.001256637	0	0.10972235	-0.9938886	0.00031464564	2.913823e-20	1
0	0.111053795	-0.9937406	0.00031552272	0	-0.0010053096	0	0.111053795	-0.9937406	0.00031552272	2.9237978e-20	1
0	0.113079146	-0.9935119	0.00031685267	0	-0.0006283185	0	0.113079146	-0.9935119	0.00031685267	2.9387572e-20	1
0	0.11520365	-0.99326766	0.00031824008	0	-0.0002513274	0	0.11520365	-0.99326766	0.00031824008	2.953713e-20	1
0	0.11520365	-0.99326766	0.00031824008	0	-0.0001256637	0	0.11520365	-0.99326766	0.00031824008	2.9586977e-20	1
0	0.11520365	-0.99326766	0.00031824008	0	-6.283185e-05	0	0.11520365	-0.99326766	0.00031824008	2.9611903e-20	1
0	0.11520365	-0.99326766	0.00031824008	0	-2.5132742e-05	0	0.11520365	-0.99326766	0.00031824008	2.9626857e-20	1
0	0.11520365	-0.99326766	0.00031824008	0	-1.2566371e-05	0	0.11520365	-0.99326766	0.00031824008	2.963184e-20	1
0	0.11520365	-0.99326766	0.00031824008	0	-6.2831855e-06	0	0.11520365	-0.99326766	0.00031824008	2.9634334e-20	1
0	0.11520365	-0.99326766	0.00031824008	0	-2.513274e-06	0	0.11520365	-0.99326766	0.00031824008	2.963583e-20	1
0	0.11520365	-0.99326766	0.00031824008	0	-1.256637e-06	0	0.11520365	-0.99326766	0.00031824008	2.9636327e-20	1
0	0.11520365	-0.99326766	0.00031824008	0	-6.283185e-07	0	0.11520365	-0.99326766	0.00031824008	2.9636576e-20	1
0	0.11520365	-0.99326766	0.00031824008	0	-2.513274e-07	0	0.11520365	-0.99326766	0.00031824008	2.9636725e-20	1
0	0.11520365	-0.99326766	0.00031824008	0	-1.256637e-07	0	0.11520365	-0.99326766	0.00031824008	2.9636776e-20	1
0	0.11520365	-0.99326766	0.00031824008	0	0	0	0.11520365	-0.99326766	0.00031824008	2.9636825e-20	1
0	0.11520365	-0.99326766	0.00031824008	0	1.256637e-07	0	0.11520365	-0.99326766	0.00031824008	2.9636873e-20	1
0	0.11520365	-0.99326766	0.00031824008	0	2.513274e-07	0	0.11520365	-0.99326766	0.00031824008	2.9636925e-20	1
0	0.11520365	-0.99326766	0.00031824008	0	6.283185e-07	0	0.11520365	-0.99326766	0.00031824008	2.9637074e-20	1
0	0.11520365	-0.99326766	0.00031824008	0	1.256637e-06	0	0.11520365	-0.99326766	0.00031824008	2.9637322e-20	1
0	0.11520365	-0.99326766	0.00031824008	0	2.513274e-06	0	0.11520365	-0.99326766	0.00031824008	2.9637823e-20	1
0	0.11520365	-0.99326766	0.00031824008	0	6.2831855e-06	0	0.11520365	-0.99326766	0.00031824008	2.9639316e-20	1
0	0.11520365	-0.99326766	0.00031824008	0	1.2566371e-05	0	0.11520365	-0.99326766	0.00031824008	2.964181e-20	1
0	0.11520365	-0.99326766	0.00031824008	0	2.5132742e-05	0	0.11520365	-0.99326766	0.00031824008	2.9646793e-20	1
0	0.11520365	-0.99326766	0.00031824008	0	6.283185e-05	0	0.11520365	-0.99326766	0.00031824008	2.966175e-20	1
0	0.11737974	-0.9930126	0.00031965517	0	0.0001256637	0	0.11737974	-0.9930126	0.00031965517	2.9686653e-20	1
0	0.11737974	-0.9930126	0.00031965517	0	0.0002513274	0	0.11737974	-0.9930126	0.00031965517	2.9736487e-20	1
0	0.12042293	-0.9926479	0.0003216167	0	0.0006283185	0	0.12042293	-0.9926479	0.0003216167	2.9885955e-20	1
0	0.12281993	-0.9923539	0.00032316125	0	0.0010053096	0	0.12281993	-0.9923539	0.00032316125	3.0035384e-20	1
0	0.12281993	-0.9923539	0.00032316125	0	0.001256637	0	0.12281993	-0.9923539	0.00032316125	3.0134985e-20	1
0	0.12878454	-0.9915968	0.00032695482	0	0.0018849556	0	0.12878454	-0.9915968	0.00032695482	3.038386e-20	1
0	0.13344616	-0.99097973	0.00032988732	0	0.002513274	0	0.13344616	-0.99097973	0.00032988732	3.06326e-20	1
0	0.14388642	-0.9895166	0.00033631822	0	0.0037699111	0	0.14388642	-0.9895166	0.00033631822	3.1129572e-20	1
0	0.1710304	-0.98518443	0.00035232157	0	0.0062831854	0	0.1710304	-0.98518443	0.00035232157	3.2120777e-20	1
0	0.23165011	-0.9727075	0.00038369856	0	0.009424778	0	0.23165011	-0.9727075	0.00038369856	3.3350468e-20	1
0	0.9017867	0.43188852	-0.00027639838	0	0.012566371	0	0.9017867	0.43188852	-0.00027639838	2.604359e-20	1
0	-0.05968134	0.99814844	-0.00027930542	0	0.018849555	0	-0.05968134	0.99814844	-0.00027930542	2.2135927e-20	1
0	-0.05121869	0.9986192	-0.00027263904	0	0.025132742	0	-0.05121869	0.9986192	-0.00027263904	1.9630681e-20	1
0	-0.039847214	0.9991387	-0.00026299534	0	0.03769911	0	-0.039847214	0.9991387	-0.00026299534	1.4617643e-20	1
0	-0.032570206	0.9994034	-0.0002561214	0	0.050265484	0	-0.032570206	0.9994034	-0.0002561214	9.602725e-21	1
0	-0.027529366	0.9995558	-0.00025077478	0	0.06283186	0	-0.027529366	0.9995558	-0.00025077478	4.586802e-21	1
