# t (s)	mx ()	my ()	mz ()	B_extx (T)	B_exty (T)	B_extz (T)	mx ()	my ()	mz ()	E_total (J)	branch ()
0	-0.003941781	0.9999207	-0.00370911	0	0.06283186	0	-0.003941781	0.9999207	-0.00370911	4.3968277e-21	-1
0	-0.004635983	0.99991685	-0.003738285	0	0.050265484	0	-0.004635983	0.99991685	-0.003738285	9.414923e-21	-1
0	-0.005619492	0.99991095	-0.0037675495	0	0.03769911	0	-0.005619492	0.99991095	-0.0037675495	1.4433001e-20	-1
0	-0.0071569653	0.9999002	-0.0037965402	0	0.025132742	0	-0.0071569653	0.9999002	-0.0037965402	1.9451036e-20	-1
0	-0.008279753	0.99989104	-0.003810722	0	0.018849555	0	-0.008279753	0.99989104	-0.003810722	2.1960026e-20	-1
0	-0.009821343	0.9998766	-0.0038244256	0	0.012566371	0	-0.009821343	0.9998766	-0.0038244256	2.446899e-20	-1
0	-0.010835516	0.999866	-0.0038309693	0	0.009424778	0	-0.010835516	0.999866	-0.0038309693	2.5723454e-20	-1
0	-0.012079194	0.99985147	-0.0038371992	0	0.0062831854	0	-0.012079194	0.99985147	-0.0038371992	2.6977904e-20	-1
0	-0.013304966	0.9998357	-0.003841857	0	0.0037699111	0	-0.013304966	0.9998357	-0.003841857	2.798145e-20	-1
0	-0.0140068885	0.999826	-0.0038440563	0	0.002513274	0	-0.0140068885	0.999826	-0.0038440563	2.8483215e-20	-1
0	-0.014403567	0.99982035	-0.0038450877	0	0.0018849556	0	-0.014403567	0.99982035	-0.0038450877	2.8734096e-20	-1
0	-0.014803285	0.99981445	-0.003846116	0	0.001256637	0	-0.014803285	0.99981445	-0.003846116	2.898497e-20	-1
0	-0.014803285	0.99981445	-0.003846116	0	0.0010053096	0	-0.014803285	0.99981445	-0.003846116	2.9085325e-20	-1
0	-0.01521402	0.9998082	-0.003847125	0	0.0006283185	0	-0.01521402	0.9998082	-0.003847125	2.9235852e-20	-1
0	-0.015485434	0.999804	-0.0038476936	0	0.0002513274	0	-0.015485434	0.999804	-0.0038476936	2.938638e-20	-1
0	-0.015485434	0.999804	-0.0038476936	0	0.0001256637	0	-0.015485434	0.999804	-0.0038476936	2.9436553e-20	-1
0	-0.015485434	0.999804	-0.0038476936	0	6.283185e-05	0	-0.015485434	0.999804	-0.0038476936	2.946164e-20	-1
0	-0.015485434	0.999804	-0.0038476936	0	2.5132742e-05	0	-0.015485434	0.999804	-0.0038476936	2.9476694e-20	-1
0	-0.015485434	0.999804	-0.0038476936	0	1.2566371e-05	0	-0.015485434	0.999804	-0.0038476936	2.9481712e-20	-1
0	-0.015485434	0.999804	-0.0038476936	0	6.2831855e-06	0	-0.015485434	0.999804	-0.0038476936	2.948422e-20	-1
0	-0.015485434	0.999804	-0.0038476936	0	2.513274e-06	0	-0.015485434	0.999804	-0.0038476936	2.9485725e-20	-1
0	-0.015485434	0.999804	-0.0038476936	0	1.256637e-06	0	-0.015485434	0.999804	-0.0038476936	2.9486226e-20	-1
0	-0.015485434	0.999804	-0.0038476936	0	6.283185e-07	0	-0.015485434	0.999804	-0.0038476936	2.9486478e-20	-1
0	-0.015485434	0.999804	-0.0038476936	0	2.513274e-07	0	-0.015485434	0.999804	-0.0038476936	2.948663e-20	-1
0	-0.015485434	0.999804	-0.0038476936	0	1.256637e-07	0	-0.015485434	0.999804	-0.0038476936	2.948668e-20	-1
0	-0.015485434	0.999804	-0.0038476936	0	0	0	-0.015485434	0.999804	-0.0038476936	2.948673e-20	-1
0	-0.015485434	0.999804	-0.0038476936	0	-1.256637e-07	0	-0.015485434	0.999804	-0.0038476936	2.948678e-20	-1
0	-0.015485434	0.999804	-0.0038476936	0	-2.513274e-07	0	-0.015485434	0.999804	-0.0038476936	2.948683e-20	-1
0	-0.015485434	0.999804	-0.0038476936	0	-6.283185e-07	0	-0.015485434	0.999804	-0.0038476936	2.948698e-20	-1
0	-0.015485434	0.999804	-0.0038476936	0	-1.256637e-06	0	-0.015485434	0.999804	-0.0038476936	2.948723e-20	-1
0	-0.015485434	0.999804	-0.0038476936	0	-2.513274e-06	0	-0.015485434	0.999804	-0.0038476936	2.9487732e-20	-1
0	-0.015485434	0.999804	-0.0038476936	0	-6.2831855e-06	0	-0.015485434	0.999804	-0.0038476936	2.9489238e-20	-1
0	-0.015485434	0.999804	-0.0038476936	0	-1.2566371e-05	0	-0.015485434	0.999804	-0.0038476936	2.9491748e-20	-1
0	-0.015485434	0.999804	-0.0038476936	0	-2.5132742e-05	0	-0.015485434	0.999804	-0.0038476936	2.9496763e-20	-1
0	-0.015726477	0.9998002	-0.0038481448	0	-6.283185e-05	0	-0.015726477	0.9998002	-0.0038481448	2.9511817e-20	-1
0	-0.015726477	0.9998002	-0.0038481448	0	-0.0001256637	0	-0.015726477	0.9998002	-0.0038481448	2.9536907e-20	-1
0	-0.015726477	0.9998002	-0.0038481448	0	-0.0002513274	0	-0.015726477	0.9998002	-0.0038481448	2.958708e-20	-1
0	-0.016153965	0.9997934	-0.0038489648	0	-0.0006283185	0	-0.016153965	0.9997934	-0.0038489648	2.9737602e-20	-1
0	-0.016481023	0.99978805	-0.003849449	0	-0.0010053096	0	-0.016481023	0.99978805	-0.003849449	2.9888123e-20	-1
0	-0.016481023	0.99978805	-0.003849449	0	-0.001256637	0	-0.016481023	0.99978805	-0.003849449	2.9988473e-20	-1
0	-0.017216155	0.9997755	-0.0038506165	0	-0.0018849556	0	-0.017216155	0.9997755	-0.0038506165	3.0239345e-20	-1
0	-0.017791213	0.99976546	-0.0038513723	0	-0.002513274	0	-0.017791213	0.99976546	-0.0038513723	3.0490213e-20	-1
0	-0.019084249	0.99974144	-0.003852658	0	-0.0037699111	0	-0.019084249	0.99974144	-0.003852658	3.0991944e-20	-1
0	-0.022354782	0.9996735	-0.0038541094	0	-0.0062831854	0	-0.022354782	0.9996735	-0.0038541094	3.199535e-20	-1
0	-0.028325286	0.99952185	-0.0038527064	0	-0.009424778	0	-0.028325286	0.99952185	-0.0038527064	3.324948e-20	-1
0	-0.03878267	0.99917024	-0.0038431105	0	-0.012566371	0	-0.03878267	0.99917024	-0.0038431105	3.4503322e-20	-1
0	0.008277703	-0.99989104	0.0038107242	0	-0.018849555	0	0.008277703	-0.99989104	0.0038107242	2.1960026e-20	-1
0	0.007158768	-0.99990016	0.0037965374	0	-0.025132742	0	0.007158768	-0.99990016	0.0037965374	1.9451034e-20	-1
0	0.0056292573	-0.99991083	0.0037675365	0	-0.03769911	0	0.0056292573	-0.99991083	0.0037675365	1.4433001e-20	-1
0	0.0046375813	-0.99991685	0.0037382757	0	-0.050265484	0	0.0046375813	-0.99991685	0.0037382757	9.414923e-21	-1
0	0.003942465	-0.9999207	0.0037090997	0	-0.06283186	0	0.003942465	-0.9999207	0.0037090997	4.3968252e-21	-1
0	0.003942465	-0.9999207	0.0037090997	0	-0.06283186	0	0.003942465	-0.9999207	0.0037090997	4.3968252e-21	1
0	0.004635689	-0.99991685	0.003738287	0	-0.050265484	0	0.004635689	-0.99991685	0.003738287	9.414919e-21	1
0	0.005625343	-0.99991083	0.003767542	0	-0.03769911	0	0.005625343	-0.99991083	0.003767542	1.4432998e-20	1
0	0.0071541304	-0.9999002	0.0037965449	0	-0.025132742	0	0.0071541304	-0.9999002	0.0037965449	1.9451036e-20	1
0	0.008278812	-0.99989104	0.003810723	0	-0.018849555	0	0.008278812	-0.99989104	0.003810723	2.1960026e-20	1
0	0.009829024	-0.9998766	0.0038244152	0	-0.012566371	0	0.009829024	-0.9998766	0.0038244152	2.446899e-20	1
0	0.010828413	-0.999866	0.0038309782	0	-0.009424778	0	0.010828413	-0.999866	0.0038309782	2.5723451e-20	1
0	0.0120865535	-0.99985135	0.0038371887	0	-0.0062831854	0	0.0120865535	-0.99985135	0.0038371887	2.6977901e-20	1
0	0.013295354	-0.99983585	0.003841871	0	-0.0037699111	0	0.013295354	-0.99983585	0.003841871	2.7981446e-20	1
0	0.014017863	-0.99982584	0.0038440402	0	-0.002513274	0	0.014017863	-0.99982584	0.0038440402	2.848321e-20	1
0	0.014394833	-0.9998205	0.0038451008	0	-0.0018849556	0	0.014394833	-0.9998205	0.0038451008	2.8734093e-20	1
0	0.014797339	-0.9998145	0.0038461217	0	-0.001256637	0	0.014797339	-0.9998145	0.0038461217	2.8984977e-20	1
0	0.014797339	-0.9998145	0.0038461217	0	-0.0010053096	0	0.014797339	-0.9998145	0.0038461217	2.9085328e-20	1
0	0.015247393	-0.9998077	0.0038470763	0	-0.0006283185	0	0.015247393	-0.9998077	0.0038470763	2.9235852e-20	1
0	0.015488614	-0.999804	0.0038476894	0	-0.0002513274	0	0.015488614	-0.999804	0.0038476894	2.9386376e-20	1
0	0.015488614	-0.999804	0.0038476894	0	-0.0001256637	0	0.015488614	-0.999804	0.0038476894	2.9436553e-20	1
0	0.015488614	-0.999804	0.0038476894	0	-6.283185e-05	0	0.015488614	-0.999804	0.0038476894	2.946164e-20	1
0	0.015488614	-0.999804	0.0038476894	0	-2.5132742e-05	0	0.015488614	-0.999804	0.0038476894	2.9476694e-20	1
0	0.015488614	-0.999804	0.0038476894	0	-1.2566371e-05	0	0.015488614	-0.999804	0.0038476894	2.948171e-20	1
0	0.015488614	-0.999804	0.0038476894	0	-6.2831855e-06	0	0.015488614	-0.999804	0.0038476894	2.948422e-20	1
0	0.015488614	-0.999804	0.0038476894	0	-2.513274e-06	0	0.015488614	-0.999804	0.0038476894	2.9485725e-20	1
0	0.015488614	-0.999804	0.0038476894	0	-1.256637e-06	0	0.015488614	-0.999804	0.0038476894	2.9486226e-20	1
0	0.015488614	-0.999804	0.0038476894	0	-6.283185e-07	0	0.015488614	-0.999804	0.0038476894	2.9486478e-20	1
0	0.015488614	-0.999804	0.0038476894	0	-2.513274e-07	0	0.015488614	-0.999804	0.0038476894	2.9486627e-20	1
0	0.015488614	-0.999804	0.0038476894	0	-1.256637e-07	0	0.015488614	-0.999804	0.0038476894	2.948668e-20	1
0	0.015488614	-0.999804	0.0038476894	0	0	0	0.015488614	-0.999804	0.0038476894	2.9486727e-20	1
0	0.015488614	-0.999804	0.0038476894	0	1.256637e-07	0	0.015488614	-0.999804	0.0038476894	2.948678e-20	1
0	0.015488614	-0.999804	0.0038476894	0	2.513274e-07	0	0.015488614	-0.999804	0.0038476894	2.9486827e-20	1
0	0.015488614	-0.999804	0.0038476894	0	6.283185e-07	0	0.015488614	-0.999804	0.0038476894	2.948698e-20	1
0	0.015488614	-0.999804	0.0038476894	0	1.256637e-06	0	0.015488614	-0.999804	0.0038476894	2.948723e-20	1
0	0.015488614	-0.999804	0.0038476894	0	2.513274e-06	0	0.015488614	-0.999804	0.0038476894	2.9487732e-20	1
0	0.015488614	-0.999804	0.0038476894	0	6.2831855e-06	0	0.015488614	-0.999804	0.0038476894	2.9489238e-20	1
0	0.015488614	-0.999804	0.0038476894	0	1.2566371e-05	0	0.015488614	-0.999804	0.0038476894	2.9491745e-20	1
0	0.015488614	-0.999804	0.0038476894	0	2.5132742e-05	0	0.015488614	-0.999804	0.0038476894	2.9496763e-20	1
0	0.015733559	-0.9998001	0.0038481383	0	6.283185e-05	0	0.015733559	-0.9998001	0.0038481383	2.9511814e-20	1
0	0.015733559	-0.9998001	0.0038481383	0	0.0001256637	0	0.015733559	-0.9998001	0.0038481383	2.95369e-20	1
0	0.015733559	-0.9998001	0.0038481383	0	0.0002513274	0	0.015733559	-0.9998001	0.0038481383	2.9587078e-20	1
0	0.016155366	-0.9997933	0.0038489636	0	0.0006283185	0	0.016155366	-0.9997933	0.0038489636	2.9737605e-20	1
0	0.016470183	-0.99978817	0.0038494288	0	0.0010053096	0	0.016470183	-0.99978817	0.0038494288	2.9888123e-20	1
0	0.016470183	-0.99978817	0.0038494288	0	0.001256637	0	0.016470183	-0.99978817	0.0038494288	2.9988473e-20	1
0	0.01722258	-0.9997754	0.0038506072	0	0.0018849556	0	0.01722258	-0.9997754	0.0038506072	3.0239345e-20	1
0	0.017803043	-0.9997652	0.0038513537	0	0.002513274	0	0.017803043	-0.9997652	0.0038513537	3.049021e-20	1
0	0.019073319	-0.9997417	0.0038526745	0	0.0037699111	0	0.019073319	-0.9997417	0.0038526745	3.0991944e-20	1
0	0.022335846	-0.9996739	0.003854139	0	0.0062831854	0	0.022335846	-0.9996739	0.003854139	3.199535e-20	1
0	0.028324815	-0.99952185	0.0038527083	0	0.009424778	0	0.028324815	-0.99952185	0.0038527083	3.3249484e-20	1
0	0.038844038	-0.9991678	0.0038430064	0	0.012566371	0	0.038844038	-0.9991678	0.0038430064	3.4503316e-20	1
0	-0.008279871	0.99989104	-0.0038107226	0	0.018849555	0	-0.008279871	0.99989104	-0.0038107226	2.1960026e-20	1
0	-0.0071571334	0.9999002	-0.00379654	0	0.025132742	0	-0.0071571334	0.9999002	-0.00379654	1.9451036e-20	1
0	-0.005630532	0.99991083	-0.003767531	0	0.03769911	0	-0.005630532	0.99991083	-0.003767531	1.4433001e-20	1
0	-0.004639621	0.9999168	-0.0037382813	0	0.050265484	0	-0.004639621	0.9999168	-0.0037382813	9.414925e-21	1
0	-0.003943528	0.9999207	-0.0037091044	0	0.06283186	0	-0.003943528	0.9999207	-0.0037091044	4.3968277e-21	1
