# t (s)	mx ()	my ()	mz ()	B_extx (T)	B_exty (T)	B_extz (T)	mx ()	my ()	mz ()	E_total (J)	branch ()
0	-0.15495871	0.98784685	-0.000174032	0	0.06283186	0	-0.15495871	0.98784685	-0.000174032	2.9915716e-21	-1
0	-0.17960754	0.98366034	-0.00020523404	0	0.050265484	0	-0.17960754	0.98366034	-0.00020523404	7.939291e-21	-1
0	-0.21164015	0.97726405	-0.00023761683	0	0.03769911	0	-0.21164015	0.97726405	-0.00023761683	1.2860921e-20	-1
0	-0.25403053	0.9671043	-0.0002676816	0	0.025132742	0	-0.25403053	0.9671043	-0.0002676816	1.7741879e-20	-1
0	-0.28044698	0.9597719	-0.00028003636	0	0.018849555	0	-0.28044698	0.9597719	-0.00028003636	2.0159784e-20	-1
0	-0.31138834	0.95017785	-0.00028936786	0	0.012566371	0	-0.31138834	0.95017785	-0.00028936786	2.255661e-20	-1
0	-0.3289067	0.94425315	-0.00029262737	0	0.009424778	0	-0.3289067	0.94425315	-0.00029262737	2.37451e-20	-1
0	-0.34806785	0.93735504	-0.00029486694	0	0.0062831854	0	-0.34806785	0.93735504	-0.00029486694	2.4925564e-20	-1
0	-0.36471313	0.9310012	-0.00029593945	0	0.0037699111	0	-0.36471313	0.9310012	-0.00029593945	2.5863274e-20	-1
0	-0.37354243	0.9274918	-0.00029625965	0	0.002513274	0	-0.37354243	0.9274918	-0.00029625965	2.6329624e-20	-1
0	-0.37810594	0.92563987	-0.00029637397	0	0.0018849556	0	-0.37810594	0.92563987	-0.00029637397	2.6562127e-20	-1
0	-0.38275802	0.9237248	-0.00029646122	0	0.001256637	0	-0.38275802	0.9237248	-0.00029646122	2.679415e-20	-1
0	-0.38275802	0.9237248	-0.00029646122	0	0.0010053096	0	-0.38275802	0.9237248	-0.00029646122	2.6886866e-20	-1
0	-0.3875243	0.92173433	-0.0002965247	0	0.0006283185	0	-0.3875243	0.92173433	-0.0002965247	2.7025689e-20	-1
0	-0.3875243	0.92173433	-0.0002965247	0	0.0002513274	0	-0.3875243	0.92173433	-0.0002965247	2.716446e-20	-1
0	-0.39139956	0.9200945	-0.00029656204	0	0.0001256637	0	-0.39139956	0.9200945	-0.00029656204	2.7210552e-20	-1
0	-0.39139956	0.9200945	-0.00029656204	0	6.283185e-05	0	-0.39139956	0.9200945	-0.00029656204	2.723364e-20	-1
0	-0.39139956	0.9200945	-0.00029656204	0	2.5132742e-05	0	-0.39139956	0.9200945	-0.00029656204	2.7247494e-20	-1
0	-0.39139956	0.9200945	-0.00029656204	0	1.2566371e-05	0	-0.39139956	0.9200945	-0.00029656204	2.725211e-20	-1
0	-0.39139956	0.9200945	-0.00029656204	0	6.2831855e-06	0	-0.39139956	0.9200945	-0.00029656204	2.725442e-20	-1
0	-0.39139956	0.9200945	-0.00029656204	0	2.513274e-06	0	-0.39139956	0.9200945	-0.00029656204	2.7255805e-20	-1
0	-0.39139956	0.9200945	-0.00029656204	0	1.256637e-06	0	-0.39139956	0.9200945	-0.00029656204	2.7256267e-20	-1
0	-0.39139956	0.9200945	-0.00029656204	0	6.283185e-07	0	-0.39139956	0.9200945	-0.00029656204	2.7256496e-20	-1
0	-0.39139956	0.9200945	-0.00029656204	0	2.513274e-07	0	-0.39139956	0.9200945	-0.00029656204	2.7256635e-20	-1
0	-0.39139956	0.9200945	-0.00029656204	0	1.256637e-07	0	-0.39139956	0.9200945	-0.00029656204	2.725668e-20	-1
0	-0.39139956	0.9200945	-0.00029656204	0	0	0	-0.39139956	0.9200945	-0.00029656204	2.725673e-20	-1
0	-0.39139956	0.9200945	-0.00029656204	0	-1.256637e-07	0	-0.39139956	0.9200945	-0.00029656204	2.7256774e-20	-1
0	-0.39139956	0.9200945	-0.00029656204	0	-2.513274e-07	0	-0.39139956	0.9200945	-0.00029656204	2.725682e-20	-1
0	-0.39139956	0.9200945	-0.00029656204	0	-6.283185e-07	0	-0.39139956	0.9200945	-0.00029656204	2.7256958e-20	-1
0	-0.39139956	0.9200945	-0.00029656204	0	-1.256637e-06	0	-0.39139956	0.9200945	-0.00029656204	2.725719e-20	-1
0	-0.39139956	0.9200945	-0.00029656204	0	-2.513274e-06	0	-0.39139956	0.9200945	-0.00029656204	2.7257653e-20	-1
0	-0.39139956	0.9200945	-0.00029656204	0	-6.2831855e-06	0	-0.39139956	0.9200945	-0.00029656204	2.7259036e-20	-1
0	-0.39139956	0.9200945	-0.00029656204	0	-1.2566371e-05	0	-0.39139956	0.9200945	-0.00029656204	2.7261346e-20	-1
0	-0.39139956	0.9200945	-0.00029656204	0	-2.5132742e-05	0	-0.39139956	0.9200945	-0.00029656204	2.7265964e-20	-1
0	-0.39139956	0.9200945	-0.00029656204	0	-6.283185e-05	0	-0.39139956	0.9200945	-0.00029656204	2.7279816e-20	-1
0	-0.39139956	0.9200945	-0.00029656204	0	-0.0001256637	0	-0.39139956	0.9200945	-0.00029656204	2.7302902e-20	-1
0	-0.39139956	0.9200945	-0.00029656204	0	-0.0002513274	0	-0.39139956	0.9200945	-0.00029656204	2.734908e-20	-1
0	-0.39737344	0.9175289	-0.0002966009	0	-0.0006283185	0	-0.39737344	0.9175289	-0.0002966009	2.748722e-20	-1
0	-0.39737344	0.9175289	-0.0002966009	0	-0.0010053096	0	-0.39737344	0.9175289	-0.0002966009	2.762536e-20	-1
0	-0.40244395	0.9153151	-0.00029662508	0	-0.001256637	0	-0.40244395	0.9153151	-0.00029662508	2.771717e-20	-1
0	-0.40766454	0.9130007	-0.0002966486	0	-0.0018849556	0	-0.40766454	0.9130007	-0.0002966486	2.794656e-20	-1
0	-0.4130051	0.910596	-0.00029668026	0	-0.002513274	0	-0.4130051	0.910596	-0.00029668026	2.8175352e-20	-1
0	-0.424111	0.9054742	-0.00029680924	0	-0.0037699111	0	-0.424111	0.9054742	-0.00029680924	2.8631067e-20	-1
0	-0.44825858	0.8937603	-0.00029773125	0	-0.0062831854	0	-0.44825858	0.8937603	-0.00029773125	2.9534193e-20	-1
0	-0.483224	0.8753419	-0.00030218076	0	-0.009424778	0	-0.483224	0.8753419	-0.00030218076	3.0644505e-20	-1
0	-0.52676976	0.8498384	-0.00031697974	0	-0.012566371	0	-0.52676976	0.8498384	-0.00031697974	3.1727737e-20	-1
0	0.28045762	-0.9597688	0.0002800402	0	-0.018849555	0	0.28045762	-0.9597688	0.0002800402	2.0159783e-20	-1
0	0.254033	-0.9671037	0.00026768775	0	-0.025132742	0	0.254033	-0.9671037	0.00026768775	1.7741877e-20	-1
0	0.21164279	-0.9772635	0.00023762014	0	-0.03769911	0	0.21164279	-0.9772635	0.00023762014	1.2860918e-20	-1
0	0.17961076	-0.98365974	0.00020523842	0	-0.050265484	0	0.17961076	-0.98365974	0.00020523842	7.9392884e-21	-1
0	0.15495753	-0.987847	0.00017402612	0	-0.06283186	0	0.15495753	-0.987847	0.00017402612	2.9915698e-21	-1
0	0.15495753	-0.987847	0.00017402612	0	-0.06283186	0	0.15495753	-0.987847	0.00017402612	2.9915698e-21	1
0	0.17960578	-0.9836607	0.00020523279	0	-0.050265484	0	0.17960578	-0.9836607	0.00020523279	7.939285e-21	1
0	0.21163768	-0.97726464	0.00023761572	0	-0.03769911	0	0.21163768	-0.97726464	0.00023761572	1.286092e-20	1
0	0.254032	-0.96710396	0.0002676834	0	-0.025132742	0	0.254032	-0.96710396	0.0002676834	1.7741875e-20	1
0	0.28044832	-0.9597715	0.00028003688	0	-0.018849555	0	0.28044832	-0.9597715	0.00028003688	2.0159781e-20	1
0	0.31138885	-0.95017767	0.00028936786	0	-0.012566371	0	0.31138885	-0.95017767	0.00028936786	2.2556608e-20	1
0	0.3289075	-0.94425285	0.00029262755	0	-0.009424778	0	0.3289075	-0.94425285	0.00029262755	2.3745097e-20	1
0	0.348044	-0.937364	0.000294871	0	-0.0062831854	0	0.348044	-0.937364	0.000294871	2.492557e-20	1
0	0.36471185	-0.93100166	0.00029593857	0	-0.0037699111	0	0.36471185	-0.93100166	0.00029593857	2.5863277e-20	1
0	0.373546	-0.9274904	0.0002962597	0	-0.002513274	0	0.373546	-0.9274904	0.0002962597	2.6329627e-20	1
0	0.37810877	-0.9256387	0.00029637382	0	-0.0018849556	0	0.37810877	-0.9256387	0.00029637382	2.6562127e-20	1
0	0.3827876	-0.9237125	0.0002964607	0	-0.001256637	0	0.3827876	-0.9237125	0.0002964607	2.6794152e-20	1
0	0.3827876	-0.9237125	0.0002964607	0	-0.0010053096	0	0.3827876	-0.9237125	0.0002964607	2.6886866e-20	1
0	0.38751787	-0.92173696	0.00029652473	0	-0.0006283185	0	0.38751787	-0.92173696	0.00029652473	2.702569e-20	1
0	0.39042363	-0.92050934	0.0002965537	0	-0.0002513274	0	0.39042363	-0.92050934	0.0002965537	2.716437e-20	1
0	0.39042363	-0.92050934	0.0002965537	0	-0.0001256637	0	0.39042363	-0.92050934	0.0002965537	2.7210565e-20	1
0	0.39042363	-0.92050934	0.0002965537	0	-6.283185e-05	0	0.39042363	-0.92050934	0.0002965537	2.723366e-20	1
0	0.39042363	-0.92050934	0.0002965537	0	-2.5132742e-05	0	0.39042363	-0.92050934	0.0002965537	2.724752e-20	1
0	0.39042363	-0.92050934	0.0002965537	0	-1.2566371e-05	0	0.39042363	-0.92050934	0.0002965537	2.725214e-20	1
0	0.39042363	-0.92050934	0.0002965537	0	-6.2831855e-06	0	0.39042363	-0.92050934	0.0002965537	2.725445e-20	1
0	0.39042363	-0.92050934	0.0002965537	0	-2.513274e-06	0	0.39042363	-0.92050934	0.0002965537	2.7255837e-20	1
0	0.39042363	-0.92050934	0.0002965537	0	-1.256637e-06	0	0.39042363	-0.92050934	0.0002965537	2.72563e-20	1
0	0.39042363	-0.92050934	0.0002965537	0	-6.283185e-07	0	0.39042363	-0.92050934	0.0002965537	2.725653e-20	1
0	0.39042363	-0.92050934	0.0002965537	0	-2.513274e-07	0	0.39042363	-0.92050934	0.0002965537	2.7256667e-20	1
0	0.39042363	-0.92050934	0.0002965537	0	-1.256637e-07	0	0.39042363	-0.92050934	0.0002965537	2.7256713e-20	1
0	0.39042363	-0.92050934	0.0002965537	0	0	0	0.39042363	-0.92050934	0.0002965537	2.725676e-20	1
0	0.39042363	-0.92050934	0.0002965537	0	1.256637e-07	0	0.39042363	-0.92050934	0.0002965537	2.7256806e-20	1
0	0.39042363	-0.92050934	0.0002965537	0	2.513274e-07	0	0.39042363	-0.92050934	0.0002965537	2.7256852e-20	1
0	0.39042363	-0.92050934	0.0002965537	0	6.283185e-07	0	0.39042363	-0.92050934	0.0002965537	2.725699e-20	1
0	0.39042363	-0.92050934	0.0002965537	0	1.256637e-06	0	0.39042363	-0.92050934	0.0002965537	2.7257223e-20	1
0	0.39042363	-0.92050934	0.0002965537	0	2.513274e-06	0	0.39042363	-0.92050934	0.0002965537	2.7257685e-20	1
0	0.39042363	-0.92050934	0.0002965537	0	6.2831855e-06	0	0.39042363	-0.92050934	0.0002965537	2.7259068e-20	1
0	0.39042363	-0.92050934	0.0002965537	0	1.2566371e-05	0	0.39042363	-0.92050934	0.0002965537	2.726138e-20	1
0	0.39042363	-0.92050934	0.0002965537	0	2.5132742e-05	0	0.39042363	-0.92050934	0.0002965537	2.7266e-20	1
0	0.39042363	-0.92050934	0.0002965537	0	6.283185e-05	0	0.39042363	-0.92050934	0.0002965537	2.7279858e-20	1
0	0.39042363	-0.92050934	0.0002965537	0	0.0001256637	0	0.39042363	-0.92050934	0.0002965537	2.7302957e-20	1
0	0.3943547	-0.9188311	0.00029658363	0	0.0002513274	0	0.3943547	-0.9188311	0.00029658363	2.7348982e-20	1
0	0.39735204	-0.91753817	0.00029660127	0	0.0006283185	0	0.39735204	-0.91753817	0.00029660127	2.7487218e-20	1
0	0.40040037	-0.91621137	0.00029661582	0	0.0010053096	0	0.40040037	-0.91621137	0.00029661582	2.762526e-20	1
0	0.40040037	-0.91621137	0.00029661582	0	0.001256637	0	0.40040037	-0.91621137	0.00029661582	2.771722e-20	1
0	0.40768605	-0.91299105	0.00029664818	0	0.0018849556	0	0.40768605	-0.91299105	0.00029664818	2.7946562e-20	1
0	0.4130057	-0.9105958	0.00029668017	0	0.002513274	0	0.4130057	-0.9105958	0.00029668017	2.8175355e-20	1
0	0.42409122	-0.9054834	0.00029680907	0	0.0037699111	0	0.42409122	-0.9054834	0.00029680907	2.8631067e-20	1
0	0.44827288	-0.8937532	0.00029773198	0	0.0062831854	0	0.44827288	-0.8937532	0.00029773198	2.9534196e-20	1
0	0.48322156	-0.8753432	0.0003021803	0	0.009424778	0	0.48322156	-0.8753432	0.0003021803	3.064451e-20	1
0	0.52676433	-0.8498418	0.00031697692	0	0.012566371	0	0.52676433	-0.8498418	0.00031697692	3.1727737e-20	1
0	-0.28045642	0.9597691	-0.00028003976	0	0.018849555	0	-0.28045642	0.9597691	-0.00028003976	2.0159781e-20	1
0	-0.2540356	0.967103	-0.00026768522	0	0.025132742	0	-0.2540356	0.967103	-0.00026768522	1.7741875e-20	1
0	-0.21164298	0.97726345	-0.00023759154	0	0.03769911	0	-0.21164298	0.97726345	-0.00023759154	1.2860919e-20	1
0	-0.1796129	0.9836594	-0.00020524069	0	0.050265484	0	-0.1796129	0.9836594	-0.00020524069	7.93929e-21	1
0	-0.15496174	0.9878464	-0.00017403623	0	0.06283186	0	-0.15496174	0.9878464	-0.00017403623	2.991571e-21	1
