# t (s)	mx ()	my ()	mz ()	B_extx (T)	B_exty (T)	B_extz (T)	mx ()	my ()	mz ()	E_total (J)	branch ()
0	0.029313516	0.99948835	0.0056094555	0	0.06283186	0	0.029313516	0.99948835	0.0056094555	4.3246784e-21	-1
0	0.036360398	0.99925506	0.005756595	0	0.050265484	0	0.036360398	0.99925506	0.005756595	9.340097e-21	-1
0	0.047789313	0.9987713	0.0059655327	0	0.03769911	0	0.047789313	0.9987713	0.0059655327	1.4353808e-20	-1
0	0.06932111	0.99750435	0.006306381	0	0.025132742	0	0.06932111	0.99750435	0.006306381	1.9363544e-20	-1
0	0.08901459	0.99593675	0.006580866	0	0.018849555	0	0.08901459	0.99593675	0.006580866	2.1864805e-20	-1
0	0.122967266	0.9923109	0.006991432	0	0.012566371	0	0.122967266	0.9923109	0.006991432	2.4360013e-20	-1
0	0.15053904	0.9884988	0.0072715613	0	0.009424778	0	0.15053904	0.9884988	0.0072715613	2.5602825e-20	-1
0	0.19136551	0.981405	0.007599515	0	0.0062831854	0	0.19136551	0.981405	0.007599515	2.683906e-20	-1
0	0.24012053	0.9706183	0.007850945	0	0.0037699111	0	0.24012053	0.9706183	0.007850945	2.781923e-20	-1
0	0.2729797	0.96188736	0.007930606	0	0.002513274	0	0.2729797	0.96188736	0.007930606	2.8304272e-20	-1
0	0.29225832	0.9562023	0.007942537	0	0.0018849556	0	0.29225832	0.9562023	0.007942537	2.8544937e-20	-1
0	0.31400317	0.94927967	0.007924365	0	0.001256637	0	0.31400317	0.94927967	0.007924365	2.8784027e-20	-1
0	0.31400317	0.94927967	0.007924365	0	0.0010053096	0	0.31400317	0.94927967	0.007924365	2.8879308e-20	-1
0	0.3388006	0.94070995	0.007861944	0	0.0006283185	0	0.3388006	0.94070995	0.007861944	2.9021186e-20	-1
0	0.3554157	0.934556	0.0077948608	0	0.0002513274	0	0.3554157	0.934556	0.0077948608	2.916236e-20	-1
0	0.3554157	0.934556	0.0077948608	0	0.0001256637	0	0.3554157	0.934556	0.0077948608	2.920926e-20	-1
0	0.3554157	0.934556	0.0077948608	0	6.283185e-05	0	0.3554157	0.934556	0.0077948608	2.923271e-20	-1
0	0.3554157	0.934556	0.0077948608	0	2.5132742e-05	0	0.3554157	0.934556	0.0077948608	2.924678e-20	-1
0	0.3554157	0.934556	0.0077948608	0	1.2566371e-05	0	0.3554157	0.934556	0.0077948608	2.9251472e-20	-1
0	0.3554157	0.934556	0.0077948608	0	6.2831855e-06	0	0.3554157	0.934556	0.0077948608	2.9253818e-20	-1
0	0.3554157	0.934556	0.0077948608	0	2.513274e-06	0	0.3554157	0.934556	0.0077948608	2.9255223e-20	-1
0	0.3554157	0.934556	0.0077948608	0	1.256637e-06	0	0.3554157	0.934556	0.0077948608	2.925569e-20	-1
0	0.3554157	0.934556	0.0077948608	0	6.283185e-07	0	0.3554157	0.934556	0.0077948608	2.9255927e-20	-1
0	0.3554157	0.934556	0.0077948608	0	2.513274e-07	0	0.3554157	0.934556	0.0077948608	2.9256066e-20	-1
0	0.3554157	0.934556	0.0077948608	0	1.256637e-07	0	0.3554157	0.934556	0.0077948608	2.9256115e-20	-1
0	0.3554157	0.934556	0.0077948608	0	0	0	0.3554157	0.934556	0.0077948608	2.925616e-20	-1
0	0.3554157	0.934556	0.0077948608	0	-1.256637e-07	0	0.3554157	0.934556	0.0077948608	2.925621e-20	-1
0	0.3554157	0.934556	0.0077948608	0	-2.513274e-07	0	0.3554157	0.934556	0.0077948608	2.9256254e-20	-1
0	0.3554157	0.934556	0.0077948608	0	-6.283185e-07	0	0.3554157	0.934556	0.0077948608	2.9256396e-20	-1
0	0.3554157	0.934556	0.0077948608	0	-1.256637e-06	0	0.3554157	0.934556	0.0077948608	2.925663e-20	-1
0	0.3554157	0.934556	0.0077948608	0	-2.513274e-06	0	0.3554157	0.934556	0.0077948608	2.92571e-20	-1
0	0.3554157	0.934556	0.0077948608	0	-6.2831855e-06	0	0.3554157	0.934556	0.0077948608	2.9258506e-20	-1
0	0.3554157	0.934556	0.0077948608	0	-1.2566371e-05	0	0.3554157	0.934556	0.0077948608	2.9260852e-20	-1
0	0.3554157	0.934556	0.0077948608	0	-2.5132742e-05	0	0.3554157	0.934556	0.0077948608	2.926554e-20	-1
0	0.3554157	0.934556	0.0077948608	0	-6.283185e-05	0	0.3554157	0.934556	0.0077948608	2.9279612e-20	-1
0	0.37360087	0.9274329	0.007697883	0	-0.0001256637	0	0.37360087	0.9274329	0.007697883	2.9302534e-20	-1
0	0.37360087	0.9274329	0.007697883	0	-0.0002513274	0	0.37360087	0.9274329	0.007697883	2.9349076e-20	-1
0	0.40120667	0.9158243	0.0075029894	0	-0.0006283185	0	0.40120667	0.9158243	0.0075029894	2.9487574e-20	-1
0	0.42504126	0.9050051	0.00728795	0	-0.0010053096	0	0.42504126	0.9050051	0.00728795	2.9624666e-20	-1
0	0.42504126	0.9050051	0.00728795	0	-0.001256637	0	0.42504126	0.9050051	0.00728795	2.97155e-20	-1
0	0.4988878	0.86648047	0.0063425917	0	-0.0018849556	0	0.4988878	0.86648047	0.0063425917	2.9936568e-20	-1
0	0.61738145	0.786451	0.003944188	0	-0.002513274	0	0.61738145	0.786451	0.003944188	3.0146775e-20	-1
0	-0.24014267	-0.9706128	-0.007851018	0	-0.0037699111	0	-0.24014267	-0.9706128	-0.007851018	2.781923e-20	-1
0	-0.19142634	-0.9813931	-0.007599909	0	-0.0062831854	0	-0.19142634	-0.9813931	-0.007599909	2.6839058e-20	-1
0	-0.15054563	-0.98849785	-0.0072716214	0	-0.009424778	0	-0.15054563	-0.98849785	-0.0072716214	2.5602823e-20	-1
0	-0.12299156	-0.9923079	-0.006991688	0	-0.012566371	0	-0.12299156	-0.9923079	-0.006991688	2.436001e-20	-1
0	-0.08902085	-0.99593616	-0.006580944	0	-0.018849555	0	-0.08902085	-0.99593616	-0.006580944	2.1864804e-20	-1
0	-0.06933513	-0.9975033	-0.0063065714	0	-0.025132742	0	-0.06933513	-0.9975033	-0.0063065714	1.9363549e-20	-1
0	-0.047783274	-0.99877155	-0.005965477	0	-0.03769911	0	-0.047783274	-0.99877155	-0.005965477	1.4353808e-20	-1
0	-0.036367	-0.9992548	-0.0057566925	0	-0.050265484	0	-0.036367	-0.9992548	-0.0057566925	9.340092e-21	-1
0	-0.029317036	-0.99948823	-0.005609504	0	-0.06283186	0	-0.029317036	-0.99948823	-0.005609504	4.324678e-21	-1
0	-0.029317036	-0.99948823	-0.005609504	0	-0.06283186	0	-0.029317036	-0.99948823	-0.005609504	4.324678e-21	1
0	-0.036361147	-0.99925494	-0.005756606	0	-0.050265484	0	-0.036361147	-0.99925494	-0.005756606	9.340092e-21	1
0	-0.047784768	-0.99877155	-0.005965492	0	-0.03769911	0	-0.047784768	-0.99877155	-0.005965492	1.4353807e-20	1
0	-0.06931986	-0.99750435	-0.0063063577	0	-0.025132742	0	-0.06931986	-0.99750435	-0.0063063577	1.936354e-20	1
0	-0.08899625	-0.9959384	-0.0065806415	0	-0.018849555	0	-0.08899625	-0.9959384	-0.0065806415	2.1864807e-20	1
0	-0.12296791	-0.99231076	-0.0069914395	0	-0.012566371	0	-0.12296791	-0.99231076	-0.0069914395	2.436001e-20	1
0	-0.15054533	-0.98849785	-0.0072716195	0	-0.009424778	0	-0.15054533	-0.98849785	-0.0072716195	2.5602823e-20	1
0	-0.19137366	-0.98140347	-0.007599567	0	-0.0062831854	0	-0.19137366	-0.98140347	-0.007599567	2.683906e-20	1
0	-0.24021243	-0.9705956	-0.007851253	0	-0.0037699111	0	-0.24021243	-0.9705956	-0.007851253	2.781923e-20	1
0	-0.27292573	-0.9619026	-0.007930544	0	-0.002513274	0	-0.27292573	-0.9619026	-0.007930544	2.830427e-20	1
0	-0.29237437	-0.95616686	-0.007942511	0	-0.0018849556	0	-0.29237437	-0.95616686	-0.007942511	2.854494e-20	1
0	-0.3140052	-0.94927895	-0.007924361	0	-0.001256637	0	-0.3140052	-0.94927895	-0.007924361	2.8784034e-20	1
0	-0.3140052	-0.94927895	-0.007924361	0	-0.0010053096	0	-0.3140052	-0.94927895	-0.007924361	2.887931e-20	1
0	-0.33874926	-0.9407284	-0.007862126	0	-0.0006283185	0	-0.33874926	-0.9407284	-0.007862126	2.9021186e-20	1
0	-0.3554076	-0.9345591	-0.007794899	0	-0.0002513274	0	-0.3554076	-0.9345591	-0.007794899	2.916236e-20	1
0	-0.3554076	-0.9345591	-0.007794899	0	-0.0001256637	0	-0.3554076	-0.9345591	-0.007794899	2.920926e-20	1
0	-0.3554076	-0.9345591	-0.007794899	0	-6.283185e-05	0	-0.3554076	-0.9345591	-0.007794899	2.9232708e-20	1
0	-0.3554076	-0.9345591	-0.007794899	0	-2.5132742e-05	0	-0.3554076	-0.9345591	-0.007794899	2.924678e-20	1
0	-0.3554076	-0.9345591	-0.007794899	0	-1.2566371e-05	0	-0.3554076	-0.9345591	-0.007794899	2.925147e-20	1
0	-0.3554076	-0.9345591	-0.007794899	0	-6.2831855e-06	0	-0.3554076	-0.9345591	-0.007794899	2.9253814e-20	1
0	-0.3554076	-0.9345591	-0.007794899	0	-2.513274e-06	0	-0.3554076	-0.9345591	-0.007794899	2.9255223e-20	1
0	-0.3554076	-0.9345591	-0.007794899	0	-1.256637e-06	0	-0.3554076	-0.9345591	-0.007794899	2.925569e-20	1
0	-0.3554076	-0.9345591	-0.007794899	0	-6.283185e-07	0	-0.3554076	-0.9345591	-0.007794899	2.9255924e-20	1
0	-0.3554076	-0.9345591	-0.007794899	0	-2.513274e-07	0	-0.3554076	-0.9345591	-0.007794899	2.9256066e-20	1
0	-0.3554076	-0.9345591	-0.007794899	0	-1.256637e-07	0	-0.3554076	-0.9345591	-0.007794899	2.9256112e-20	1
0	-0.3554076	-0.9345591	-0.007794899	0	0	0	-0.3554076	-0.9345591	-0.007794899	2.925616e-20	1
0	-0.3554076	-0.9345591	-0.007794899	0	1.256637e-07	0	-0.3554076	-0.9345591	-0.007794899	2.9256205e-20	1
0	-0.3554076	-0.9345591	-0.007794899	0	2.513274e-07	0	-0.3554076	-0.9345591	-0.007794899	2.9256254e-20	1
0	-0.3554076	-0.9345591	-0.007794899	0	6.283185e-07	0	-0.3554076	-0.9345591	-0.007794899	2.9256393e-20	1
0	-0.3554076	-0.9345591	-0.007794899	0	1.256637e-06	0	-0.3554076	-0.9345591	-0.007794899	2.925663e-20	1
0	-0.3554076	-0.9345591	-0.007794899	0	2.513274e-06	0	-0.3554076	-0.9345591	-0.007794899	2.9257097e-20	1
0	-0.3554076	-0.9345591	-0.007794899	0	6.2831855e-06	0	-0.3554076	-0.9345591	-0.007794899	2.9258506e-20	1
0	-0.3554076	-0.9345591	-0.007794899	0	1.2566371e-05	0	-0.3554076	-0.9345591	-0.007794899	2.926085e-20	1
0	-0.3554076	-0.9345591	-0.007794899	0	2.5132742e-05	0	-0.3554076	-0.9345591	-0.007794899	2.926554e-20	1
0	-0.3554076	-0.9345591	-0.007794899	0	6.283185e-05	0	-0.3554076	-0.9345591	-0.007794899	2.927961e-20	1
0	-0.37369215	-0.9273961	-0.007697324	0	0.0001256637	0	-0.37369215	-0.9273961	-0.007697324	2.930253e-20	1
0	-0.37369215	-0.9273961	-0.007697324	0	0.0002513274	0	-0.37369215	-0.9273961	-0.007697324	2.9349073e-20	1
0	-0.40119696	-0.9158286	-0.0075030695	0	0.0006283185	0	-0.40119696	-0.9158286	-0.0075030695	2.9487574e-20	1
0	-0.42497808	-0.90503466	-0.0072885836	0	0.0010053096	0	-0.42497808	-0.90503466	-0.0072885836	2.9624663e-20	1
0	-0.42497808	-0.90503466	-0.0072885836	0	0.001256637	0	-0.42497808	-0.90503466	-0.0072885836	2.97155e-20	1
0	-0.49887317	-0.86648893	-0.0063428218	0	0.0018849556	0	-0.49887317	-0.86648893	-0.0063428218	2.9936568e-20	1
0	-0.61724555	-0.7865576	-0.0039475462	0	0.002513274	0	-0.61724555	-0.7865576	-0.0039475462	3.0146772e-20	1
0	0.24011955	0.9706186	0.007850941	0	0.0037699111	0	0.24011955	0.9706186	0.007850941	2.781923e-20	1
0	0.19138055	0.98140216	0.007599621	0	0.0062831854	0	0.19138055	0.98140216	0.007599621	2.6839061e-20	1
0	0.15056905	0.9884943	0.007271831	0	0.009424778	0	0.15056905	0.9884943	0.007271831	2.5602825e-20	1
0	0.12299989	0.9923068	0.0069917752	0	0.012566371	0	0.12299989	0.9923068	0.0069917752	2.4360009e-20	1
0	0.08902627	0.9959357	0.006581011	0	0.018849555	0	0.08902627	0.9959357	0.006581011	2.1864804e-20	1
0	0.069337	0.99750316	0.0063065886	0	0.025132742	0	0.069337	0.99750316	0.0063065886	1.9363545e-20	1
0	0.047790825	0.9987712	0.005965585	0	0.03769911	0	0.047790825	0.9987712	0.005965585	1.4353807e-20	1
0	0.036365636	0.9992548	0.005756673	0	0.050265484	0	0.036365636	0.9992548	0.005756673	9.340091e-21	1
0	0.029317573	0.99948823	0.005609517	0	0.06283186	0	0.029317573	0.99948823	0.005609517	4.324679e-21	1
