# t (s)	mx ()	my ()	mz ()	B_extx (T)	B_exty (T)	B_extz (T)	mx ()	my ()	mz ()	E_total (J)	branch ()
0	-0.027585978	0.9995543	-7.840572e-05	0	0.06283186	0	-0.027585978	0.9995543	-7.840572e-05	4.5876907e-21	-1
0	-0.032637816	0.9994013	-8.372244e-05	0	0.050265484	0	-0.032637816	0.9994013	-8.372244e-05	9.603608e-21	-1
0	-0.039928555	0.99913555	-9.122801e-05	0	0.03769911	0	-0.039928555	0.99913555	-9.122801e-05	1.4618508e-20	-1
0	-0.051339477	0.99861306	-0.00010275988	0	0.025132742	0	-0.051339477	0.99861306	-0.00010275988	1.9631526e-20	-1
0	-0.059824824	0.9981399	-0.00011124961	0	0.018849555	0	-0.059824824	0.9981399	-0.00011124961	2.2136747e-20	-1
0	-0.07159177	0.99736404	-0.00012293011	0	0.012566371	0	-0.07159177	0.99736404	-0.00012293011	2.464045e-20	-1
0	-0.07934636	0.99677646	-0.00013060021	0	0.009424778	0	-0.07934636	0.99677646	-0.00013060021	2.5891414e-20	-1
0	-0.0889373	0.9959656	-0.00014003759	0	0.0062831854	0	-0.0889373	0.9959656	-0.00014003759	2.7141515e-20	-1
0	-0.09839993	0.9950745	-0.00014930623	0	0.0037699111	0	-0.09839993	0.9950745	-0.00014930623	2.8140746e-20	-1
0	-0.10389521	0.9945153	-0.00015466541	0	0.002513274	0	-0.10389521	0.9945153	-0.00015466541	2.8639985e-20	-1
0	-0.106915966	0.99419475	-0.00015760481	0	0.0018849556	0	-0.106915966	0.99419475	-0.00015760481	2.8889496e-20	-1
0	-0.11008003	0.99384916	-0.00016067707	0	0.001256637	0	-0.11008003	0.99384916	-0.00016067707	2.913892e-20	-1
0	-0.11008003	0.99384916	-0.00016067707	0	0.0010053096	0	-0.11008003	0.99384916	-0.00016067707	2.9238673e-20	-1
0	-0.11339876	0.99347556	-0.00016389537	0	0.0006283185	0	-0.11339876	0.99347556	-0.00016389537	2.9388254e-20	-1
0	-0.11554937	0.9932275	-0.0001659766	0	0.0002513274	0	-0.11554937	0.9932275	-0.0001659766	2.953781e-20	-1
0	-0.11624917	0.9931458	-0.00016665239	0	0.0001256637	0	-0.11624917	0.9931458	-0.00016665239	2.9587653e-20	-1
0	-0.11624917	0.9931458	-0.00016665239	0	6.283185e-05	0	-0.11624917	0.9931458	-0.00016665239	2.961257e-20	-1
0	-0.11624917	0.9931458	-0.00016665239	0	2.5132742e-05	0	-0.11624917	0.9931458	-0.00016665239	2.9627525e-20	-1
0	-0.11624917	0.9931458	-0.00016665239	0	1.2566371e-05	0	-0.11624917	0.9931458	-0.00016665239	2.9632508e-20	-1
0	-0.11624917	0.9931458	-0.00016665239	0	6.2831855e-06	0	-0.11624917	0.9931458	-0.00016665239	2.9635e-20	-1
0	-0.11624917	0.9931458	-0.00016665239	0	2.513274e-06	0	-0.11624917	0.9931458	-0.00016665239	2.9636495e-20	-1
0	-0.11624917	0.9931458	-0.00016665239	0	1.256637e-06	0	-0.11624917	0.9931458	-0.00016665239	2.9636993e-20	-1
0	-0.11624917	0.9931458	-0.00016665239	0	6.283185e-07	0	-0.11624917	0.9931458	-0.00016665239	2.9637245e-20	-1
0	-0.11624917	0.9931458	-0.00016665239	0	2.513274e-07	0	-0.11624917	0.9931458	-0.00016665239	2.9637393e-20	-1
0	-0.11624917	0.9931458	-0.00016665239	0	1.256637e-07	0	-0.11624917	0.9931458	-0.00016665239	2.9637442e-20	-1
0	-0.11624917	0.9931458	-0.00016665239	0	0	0	-0.11624917	0.9931458	-0.00016665239	2.9637494e-20	-1
0	-0.11624917	0.9931458	-0.00016665239	0	-1.256637e-07	0	-0.11624917	0.9931458	-0.00016665239	2.9637542e-20	-1
0	-0.11624917	0.9931458	-0.00016665239	0	-2.513274e-07	0	-0.11624917	0.9931458	-0.00016665239	2.9637594e-20	-1
0	-0.11624917	0.9931458	-0.00016665239	0	-6.283185e-07	0	-0.11624917	0.9931458	-0.00016665239	2.9637742e-20	-1
0	-0.11624917	0.9931458	-0.00016665239	0	-1.256637e-06	0	-0.11624917	0.9931458	-0.00016665239	2.963799e-20	-1
0	-0.11624917	0.9931458	-0.00016665239	0	-2.513274e-06	0	-0.11624917	0.9931458	-0.00016665239	2.963849e-20	-1
0	-0.11624917	0.9931458	-0.00016665239	0	-6.2831855e-06	0	-0.11624917	0.9931458	-0.00016665239	2.9639985e-20	-1
0	-0.11624917	0.9931458	-0.00016665239	0	-1.2566371e-05	0	-0.11624917	0.9931458	-0.00016665239	2.9642476e-20	-1
0	-0.11624917	0.9931458	-0.00016665239	0	-2.5132742e-05	0	-0.11624917	0.9931458	-0.00016665239	2.9647462e-20	-1
0	-0.11624917	0.9931458	-0.00016665239	0	-6.283185e-05	0	-0.11624917	0.9931458	-0.00016665239	2.9662412e-20	-1
0	-0.11624917	0.9931458	-0.00016665239	0	-0.0001256637	0	-0.11624917	0.9931458	-0.00016665239	2.9687334e-20	-1
0	-0.118498385	0.9928797	-0.00016882407	0	-0.0002513274	0	-0.118498385	0.9928797	-0.00016882407	2.9737156e-20	-1
0	-0.12081247	0.99260056	-0.00017105538	0	-0.0006283185	0	-0.12081247	0.99260056	-0.00017105538	2.988662e-20	-1
0	-0.1232084	0.99230576	-0.0001733629	0	-0.0010053096	0	-0.1232084	0.99230576	-0.0001733629	3.0036036e-20	-1
0	-0.1232084	0.99230576	-0.0001733629	0	-0.001256637	0	-0.1232084	0.99230576	-0.0001733629	3.0135637e-20	-1
0	-0.12921222	0.9915412	-0.00017912438	0	-0.0018849556	0	-0.12921222	0.9915412	-0.00017912438	3.03845e-20	-1
0	-0.1338809	0.99092114	-0.0001835853	0	-0.002513274	0	-0.1338809	0.99092114	-0.0001835853	3.0633225e-20	-1
0	-0.14433	0.989452	-0.0001935063	0	-0.0037699111	0	-0.14433	0.989452	-0.0001935063	3.113016e-20	-1
0	-0.17165405	0.9850759	-0.00021895871	0	-0.0062831854	0	-0.17165405	0.9850759	-0.00021895871	3.2121278e-20	-1
0	-0.23277211	0.9724394	-0.00027243182	0	-0.009424778	0	-0.23277211	0.9724394	-0.00027243182	3.3350756e-20	-1
0	0.95323277	-0.30190152	-0.00032849278	0	-0.012566371	0	0.95323277	-0.30190152	-0.00032849278	2.7043203e-20	-1
0	0.05983419	-0.9981394	0.00011125924	0	-0.018849555	0	0.05983419	-0.9981394	0.00011125924	2.213675e-20	-1
0	0.05134158	-0.99861294	0.00010276556	0	-0.025132742	0	0.05134158	-0.99861294	0.00010276556	1.9631526e-20	-1
0	0.039940473	-0.999135	9.123875e-05	0	-0.03769911	0	0.039940473	-0.999135	9.123875e-05	1.461851e-20	-1
0	0.03264635	-0.999401	8.373066e-05	0	-0.050265484	0	0.03264635	-0.999401	8.373066e-05	9.603609e-21	-1
0	0.027586762	-0.9995543	7.8402474e-05	0	-0.06283186	0	0.027586762	-0.9995543	7.8402474e-05	4.5876923e-21	-1
0	0.02758661	-0.9995543	7.8406345e-05	0	-0.06283186	0	0.02758661	-0.9995543	7.8406345e-05	4.587694e-21	1
0	0.032638848	-0.9994012	8.3723186e-05	0	-0.050265484	0	0.032638848	-0.9994012	8.3723186e-05	9.603609e-21	1
0	0.039929513	-0.9991355	9.123361e-05	0	-0.03769911	0	0.039929513	-0.9991355	9.123361e-05	1.4618506e-20	1
0	0.051340073	-0.998613	0.000102764585	0	-0.025132742	0	0.051340073	-0.998613	0.000102764585	1.9631529e-20	1
0	0.0598282	-0.99813974	0.00011121966	0	-0.018849555	0	0.0598282	-0.99813974	0.00011121966	2.213675e-20	1
0	0.07158823	-0.9973643	0.00012293502	0	-0.012566371	0	0.07158823	-0.9973643	0.00012293502	2.4640447e-20	1
0	0.079349145	-0.9967762	0.00013060326	0	-0.009424778	0	0.079349145	-0.9967762	0.00013060326	2.5891416e-20	1
0	0.08893156	-0.9959662	0.00014003107	0	-0.0062831854	0	0.08893156	-0.9959662	0.00014003107	2.7141518e-20	1
0	0.09839323	-0.9950751	0.00014929856	0	-0.0037699111	0	0.09839323	-0.9950751	0.00014929856	2.8140746e-20	1
0	0.10390557	-0.9945141	0.00015467353	0	-0.002513274	0	0.10390557	-0.9945141	0.00015467353	2.8639982e-20	1
0	0.106916934	-0.9941946	0.00015761089	0	-0.0018849556	0	0.106916934	-0.9941946	0.00015761089	2.8889493e-20	1
0	0.110081874	-0.9938489	0.00016067931	0	-0.001256637	0	0.110081874	-0.9938489	0.00016067931	2.913892e-20	1
0	0.110081874	-0.9938489	0.00016067931	0	-0.0010053096	0	0.110081874	-0.9938489	0.00016067931	2.9238673e-20	1
0	0.11341883	-0.9934733	0.00016391442	0	-0.0006283185	0	0.11341883	-0.9934733	0.00016391442	2.9388254e-20	1
0	0.11556229	-0.99322605	0.00016598811	0	-0.0002513274	0	0.11556229	-0.99322605	0.00016598811	2.953781e-20	1
0	0.11556229	-0.99322605	0.00016598811	0	-0.0001256637	0	0.11556229	-0.99322605	0.00016598811	2.9587653e-20	1
0	0.11556229	-0.99322605	0.00016598811	0	-6.283185e-05	0	0.11556229	-0.99322605	0.00016598811	2.9612575e-20	1
0	0.11556229	-0.99322605	0.00016598811	0	-2.5132742e-05	0	0.11556229	-0.99322605	0.00016598811	2.962753e-20	1
0	0.11556229	-0.99322605	0.00016598811	0	-1.2566371e-05	0	0.11556229	-0.99322605	0.00016598811	2.9632514e-20	1
0	0.11556229	-0.99322605	0.00016598811	0	-6.2831855e-06	0	0.11556229	-0.99322605	0.00016598811	2.9635006e-20	1
0	0.11556229	-0.99322605	0.00016598811	0	-2.513274e-06	0	0.11556229	-0.99322605	0.00016598811	2.9636502e-20	1
0	0.11556229	-0.99322605	0.00016598811	0	-1.256637e-06	0	0.11556229	-0.99322605	0.00016598811	2.9637e-20	1
0	0.11556229	-0.99322605	0.00016598811	0	-6.283185e-07	0	0.11556229	-0.99322605	0.00016598811	2.9637248e-20	1
0	0.11556229	-0.99322605	0.00016598811	0	-2.513274e-07	0	0.11556229	-0.99322605	0.00016598811	2.96374e-20	1
0	0.11556229	-0.99322605	0.00016598811	0	-1.256637e-07	0	0.11556229	-0.99322605	0.00016598811	2.9637448e-20	1
0	0.11556229	-0.99322605	0.00016598811	0	0	0	0.11556229	-0.99322605	0.00016598811	2.9637497e-20	1
0	0.11556229	-0.99322605	0.00016598811	0	1.256637e-07	0	0.11556229	-0.99322605	0.00016598811	2.963755e-20	1
0	0.11556229	-0.99322605	0.00016598811	0	2.513274e-07	0	0.11556229	-0.99322605	0.00016598811	2.9637597e-20	1
0	0.11556229	-0.99322605	0.00016598811	0	6.283185e-07	0	0.11556229	-0.99322605	0.00016598811	2.963775e-20	1
0	0.11556229	-0.99322605	0.00016598811	0	1.256637e-06	0	0.11556229	-0.99322605	0.00016598811	2.9637998e-20	1
0	0.11556229	-0.99322605	0.00016598811	0	2.513274e-06	0	0.11556229	-0.99322605	0.00016598811	2.9638495e-20	1
0	0.11556229	-0.99322605	0.00016598811	0	6.2831855e-06	0	0.11556229	-0.99322605	0.00016598811	2.963999e-20	1
0	0.11556229	-0.99322605	0.00016598811	0	1.2566371e-05	0	0.11556229	-0.99322605	0.00016598811	2.9642483e-20	1
0	0.11556229	-0.99322605	0.00016598811	0	2.5132742e-05	0	0.11556229	-0.99322605	0.00016598811	2.9647468e-20	1
0	0.11556229	-0.99322605	0.00016598811	0	6.283185e-05	0	0.11556229	-0.99322605	0.00016598811	2.9662422e-20	1
0	0.11773805	-0.9929702	0.00016809083	0	0.0001256637	0	0.11773805	-0.9929702	0.00016809083	2.9687328e-20	1
0	0.11773805	-0.9929702	0.00016809083	0	0.0002513274	0	0.11773805	-0.9929702	0.00016809083	2.973716e-20	1
0	0.12080904	-0.9926009	0.00017105238	0	0.0006283185	0	0.12080904	-0.9926009	0.00017105238	2.9886617e-20	1
0	0.12320039	-0.9923067	0.00017335478	0	0.0010053096	0	0.12320039	-0.9923067	0.00017335478	3.003604e-20	1
0	0.12320039	-0.9923067	0.00017335478	0	0.001256637	0	0.12320039	-0.9923067	0.00017335478	3.0135637e-20	1
0	0.12920973	-0.9915415	0.00017912123	0	0.0018849556	0	0.12920973	-0.9915415	0.00017912123	3.0384496e-20	1
0	0.13387255	-0.9909222	0.00018357718	0	0.002513274	0	0.13387255	-0.9909222	0.00018357718	3.0633222e-20	1
0	0.14434242	-0.9894502	0.00019351793	0	0.0037699111	0	0.14434242	-0.9894502	0.00019351793	3.113016e-20	1
0	0.1716419	-0.985078	0.00021894701	0	0.0062831854	0	0.1716419	-0.985078	0.00021894701	3.212128e-20	1
0	0.23276198	-0.9724419	0.00027242315	0	0.009424778	0	0.23276198	-0.9724419	0.00027242315	3.335076e-20	1
0	-0.07160328	0.9973632	-0.00012294867	0	0.012566371	0	-0.07160328	0.9973632	-0.00012294867	2.4640447e-20	1
0	-0.059832625	0.99813944	-0.0001112578	0	0.018849555	0	-0.059832625	0.99813944	-0.0001112578	2.213675e-20	1
0	-0.05134078	0.998613	-0.000102765334	0	0.025132742	0	-0.05134078	0.998613	-0.000102765334	1.9631528e-20	1
0	-0.039935123	0.99913526	-9.123416e-05	0	0.03769911	0	-0.039935123	0.99913526	-9.123416e-05	1.461851e-20	1
0	-0.032642953	0.9994011	-8.372674e-05	0	0.050265484	0	-0.032642953	0.9994011	-8.372674e-05	9.6036065e-21	1
0	-0.027589675	0.99955416	-7.840906e-05	0	0.06283186	0	-0.027589675	0.99955416	-7.840906e-05	4.5876903e-21	1
