# t (s)	mx ()	my ()	mz ()	B_extx (T)	B_exty (T)	B_extz (T)	mx ()	my ()	mz ()	E_total (J)	branch ()
0	-0.034477055	0.9993394	0.001206773	0	0.06283186	0	-0.034477055	0.9993394	0.001206773	4.5976815e-21	-1
0	-0.04088535	0.9990968	0.0012008178	0	0.050265484	0	-0.04088535	0.9990968	0.0012008178	9.612315e-21	-1
0	-0.05016395	0.99867284	0.0011872168	0	0.03769911	0	-0.05016395	0.99867284	0.0011872168	1.462533e-20	-1
0	-0.06470099	0.99783516	0.0011590167	0	0.025132742	0	-0.06470099	0.99783516	0.0011590167	1.9635335e-20	-1
0	-0.07554355	0.997072	0.0011346184	0	0.018849555	0	-0.07554355	0.997072	0.0011346184	2.213827e-20	-1
0	-0.0905541	0.9958196	0.0010977695	0	0.012566371	0	-0.0905541	0.9958196	0.0010977695	2.463874e-20	-1
0	-0.100414515	0.9948728	0.0010721178	0	0.009424778	0	-0.100414515	0.9948728	0.0010721178	2.5887554e-20	-1
0	-0.11258941	0.99356747	0.0010392291	0	0.0062831854	0	-0.11258941	0.99356747	0.0010392291	2.7134978e-20	-1
0	-0.12456671	0.9921359	0.0010057223	0	0.0037699111	0	-0.12456671	0.9921359	0.0010057223	2.8131537e-20	-1
0	-0.13152978	0.9912361	0.0009858278	0	0.002513274	0	-0.13152978	0.9912361	0.0009858278	2.8629222e-20	-1
0	-0.1353131	0.99072623	0.00097489246	0	0.0018849556	0	-0.1353131	0.99072623	0.00097489246	2.8877883e-20	-1
0	-0.1392912	0.9901743	0.0009633157	0	0.001256637	0	-0.1392912	0.9901743	0.0009633157	2.9126412e-20	-1
0	-0.1392912	0.9901743	0.0009633157	0	0.0010053096	0	-0.1392912	0.9901743	0.0009633157	2.9225797e-20	-1
0	-0.14353773	0.98956716	0.0009508605	0	0.0006283185	0	-0.14353773	0.98956716	0.0009508605	2.9374796e-20	-1
0	-0.14618671	0.989179	0.0009430513	0	0.0002513274	0	-0.14618671	0.989179	0.0009430513	2.9523753e-20	-1
0	-0.14618671	0.989179	0.0009430513	0	0.0001256637	0	-0.14618671	0.989179	0.0009430513	2.9573394e-20	-1
0	-0.14618671	0.989179	0.0009430513	0	6.283185e-05	0	-0.14618671	0.989179	0.0009430513	2.9598215e-20	-1
0	-0.14618671	0.989179	0.0009430513	0	2.5132742e-05	0	-0.14618671	0.989179	0.0009430513	2.9613108e-20	-1
0	-0.14618671	0.989179	0.0009430513	0	1.2566371e-05	0	-0.14618671	0.989179	0.0009430513	2.9618074e-20	-1
0	-0.14618671	0.989179	0.0009430513	0	6.2831855e-06	0	-0.14618671	0.989179	0.0009430513	2.9620556e-20	-1
0	-0.14618671	0.989179	0.0009430513	0	2.513274e-06	0	-0.14618671	0.989179	0.0009430513	2.9622045e-20	-1
0	-0.14618671	0.989179	0.0009430513	0	1.256637e-06	0	-0.14618671	0.989179	0.0009430513	2.962254e-20	-1
0	-0.14618671	0.989179	0.0009430513	0	6.283185e-07	0	-0.14618671	0.989179	0.0009430513	2.962279e-20	-1
0	-0.14618671	0.989179	0.0009430513	0	2.513274e-07	0	-0.14618671	0.989179	0.0009430513	2.9622937e-20	-1
0	-0.14618671	0.989179	0.0009430513	0	1.256637e-07	0	-0.14618671	0.989179	0.0009430513	2.962299e-20	-1
0	-0.14618671	0.989179	0.0009430513	0	0	0	-0.14618671	0.989179	0.0009430513	2.9623037e-20	-1
0	-0.14618671	0.989179	0.0009430513	0	-1.256637e-07	0	-0.14618671	0.989179	0.0009430513	2.9623086e-20	-1
0	-0.14618671	0.989179	0.0009430513	0	-2.513274e-07	0	-0.14618671	0.989179	0.0009430513	2.9623137e-20	-1
0	-0.14618671	0.989179	0.0009430513	0	-6.283185e-07	0	-0.14618671	0.989179	0.0009430513	2.9623286e-20	-1
0	-0.14618671	0.989179	0.0009430513	0	-1.256637e-06	0	-0.14618671	0.989179	0.0009430513	2.9623535e-20	-1
0	-0.14618671	0.989179	0.0009430513	0	-2.513274e-06	0	-0.14618671	0.989179	0.0009430513	2.962403e-20	-1
0	-0.14618671	0.989179	0.0009430513	0	-6.2831855e-06	0	-0.14618671	0.989179	0.0009430513	2.962552e-20	-1
0	-0.14618671	0.989179	0.0009430513	0	-1.2566371e-05	0	-0.14618671	0.989179	0.0009430513	2.9628e-20	-1
0	-0.14819711	0.98887956	0.0009371015	0	-2.5132742e-05	0	-0.14819711	0.98887956	0.0009371015	2.963295e-20	-1
0	-0.14819711	0.98887956	0.0009371015	0	-6.283185e-05	0	-0.14819711	0.98887956	0.0009371015	2.964784e-20	-1
0	-0.14819711	0.98887956	0.0009371015	0	-0.0001256637	0	-0.14819711	0.98887956	0.0009371015	2.9672652e-20	-1
0	-0.14989185	0.988624	0.0009320685	0	-0.0002513274	0	-0.14989185	0.988624	0.0009320685	2.9722267e-20	-1
0	-0.15280098	0.98817813	0.00092340016	0	-0.0006283185	0	-0.15280098	0.98817813	0.00092340016	2.9871075e-20	-1
0	-0.1558206	0.9877061	0.0009143646	0	-0.0010053096	0	-0.1558206	0.9877061	0.0009143646	3.0019813e-20	-1
0	-0.1558206	0.9877061	0.0009143646	0	-0.001256637	0	-0.1558206	0.9877061	0.0009143646	3.011895e-20	-1
0	-0.16335748	0.9864867	0.00089164666	0	-0.0018849556	0	-0.16335748	0.9864867	0.00089164666	3.0366582e-20	-1
0	-0.16921629	0.98549783	0.00087383826	0	-0.002513274	0	-0.16921629	0.98549783	0.00087383826	3.0613996e-20	-1
0	-0.18236	0.98314875	0.0008334613	0	-0.0037699111	0	-0.18236	0.98314875	0.0008334613	3.1107998e-20	-1
0	-0.21704283	0.97607327	0.00072478683	0	-0.0062831854	0	-0.21704283	0.97607327	0.00072478683	3.2091577e-20	-1
0	-0.30534554	0.95213413	0.00044427335	0	-0.009424778	0	-0.30534554	0.95213413	0.00044427335	3.3304967e-20	-1
0	0.090556666	-0.99581945	-0.0010977619	0	-0.012566371	0	0.090556666	-0.99581945	-0.0010977619	2.4638743e-20	-1
0	0.07555907	-0.9970708	-0.0011345596	0	-0.018849555	0	0.07555907	-0.9970708	-0.0011345596	2.213827e-20	-1
0	0.064715624	-0.9978342	-0.0011589746	0	-0.025132742	0	0.064715624	-0.9978342	-0.0011589746	1.9635335e-20	-1
0	0.05016338	-0.99867284	-0.0011872172	0	-0.03769911	0	0.05016338	-0.99867284	-0.0011872172	1.4625332e-20	-1
0	0.040886533	-0.99909675	-0.0012008252	0	-0.050265484	0	0.040886533	-0.99909675	-0.0012008252	9.612315e-21	-1
0	0.034478195	-0.99933934	-0.0012067663	0	-0.06283186	0	0.034478195	-0.99933934	-0.0012067663	4.5976803e-21	-1
0	0.034478195	-0.99933934	-0.0012067663	0	-0.06283186	0	0.034478195	-0.99933934	-0.0012067663	4.5976803e-21	1
0	0.040884905	-0.9990969	-0.0012008189	0	-0.050265484	0	0.040884905	-0.9990969	-0.0012008189	9.6123185e-21	1
0	0.05016325	-0.9986729	-0.0011872188	0	-0.03769911	0	0.05016325	-0.9986729	-0.0011872188	1.4625332e-20	1
0	0.06471293	-0.9978344	-0.0011589881	0	-0.025132742	0	0.06471293	-0.9978344	-0.0011589881	1.9635334e-20	1
0	0.07555206	-0.9970713	-0.0011345894	0	-0.018849555	0	0.07555206	-0.9970713	-0.0011345894	2.213827e-20	1
0	0.09055163	-0.99581987	-0.0010977775	0	-0.012566371	0	0.09055163	-0.99581987	-0.0010977775	2.4638743e-20	1
0	0.10042393	-0.99487185	-0.0010720955	0	-0.009424778	0	0.10042393	-0.99487185	-0.0010720955	2.5887558e-20	1
0	0.11259198	-0.9935672	-0.0010391955	0	-0.0062831854	0	0.11259198	-0.9935672	-0.0010391955	2.7134972e-20	1
0	0.12458001	-0.9921342	-0.0010056822	0	-0.0037699111	0	0.12458001	-0.9921342	-0.0010056822	2.813154e-20	1
0	0.13152787	-0.99123627	-0.0009858299	0	-0.002513274	0	0.13152787	-0.99123627	-0.0009858299	2.8629222e-20	1
0	0.13530391	-0.99072754	-0.00097491936	0	-0.0018849556	0	0.13530391	-0.99072754	-0.00097491936	2.887788e-20	1
0	0.1392946	-0.9901739	-0.00096330506	0	-0.001256637	0	0.1392946	-0.9901739	-0.00096330506	2.9126416e-20	1
0	0.1392946	-0.9901739	-0.00096330506	0	-0.0010053096	0	0.1392946	-0.9901739	-0.00096330506	2.92258e-20	1
0	0.14351806	-0.98957	-0.00095092366	0	-0.0006283185	0	0.14351806	-0.98957	-0.00095092366	2.93748e-20	1
0	0.146186	-0.98917913	-0.00094305247	0	-0.0002513274	0	0.146186	-0.98917913	-0.00094305247	2.952375e-20	1
0	0.146186	-0.98917913	-0.00094305247	0	-0.0001256637	0	0.146186	-0.98917913	-0.00094305247	2.9573394e-20	1
0	0.146186	-0.98917913	-0.00094305247	0	-6.283185e-05	0	0.146186	-0.98917913	-0.00094305247	2.9598212e-20	1
0	0.146186	-0.98917913	-0.00094305247	0	-2.5132742e-05	0	0.146186	-0.98917913	-0.00094305247	2.9613105e-20	1
0	0.14792424	-0.98892045	-0.0009378977	0	-1.2566371e-05	0	0.14792424	-0.98892045	-0.0009378977	2.961806e-20	1
0	0.14792424	-0.98892045	-0.0009378977	0	-6.2831855e-06	0	0.14792424	-0.98892045	-0.0009378977	2.9620543e-20	1
0	0.14792424	-0.98892045	-0.0009378977	0	-2.513274e-06	0	0.14792424	-0.98892045	-0.0009378977	2.962203e-20	1
0	0.14792424	-0.98892045	-0.0009378977	0	-1.256637e-06	0	0.14792424	-0.98892045	-0.0009378977	2.9622527e-20	1
0	0.14792424	-0.98892045	-0.0009378977	0	-6.283185e-07	0	0.14792424	-0.98892045	-0.0009378977	2.9622776e-20	1
0	0.14792424	-0.98892045	-0.0009378977	0	-2.513274e-07	0	0.14792424	-0.98892045	-0.0009378977	2.9622924e-20	1
0	0.14792424	-0.98892045	-0.0009378977	0	-1.256637e-07	0	0.14792424	-0.98892045	-0.0009378977	2.9622973e-20	1
0	0.14792424	-0.98892045	-0.0009378977	0	0	0	0.14792424	-0.98892045	-0.0009378977	2.9623024e-20	1
0	0.14792424	-0.98892045	-0.0009378977	0	1.256637e-07	0	0.14792424	-0.98892045	-0.0009378977	2.9623073e-20	1
0	0.14792424	-0.98892045	-0.0009378977	0	2.513274e-07	0	0.14792424	-0.98892045	-0.0009378977	2.962312e-20	1
0	0.14792424	-0.98892045	-0.0009378977	0	6.283185e-07	0	0.14792424	-0.98892045	-0.0009378977	2.962327e-20	1
0	0.14792424	-0.98892045	-0.0009378977	0	1.256637e-06	0	0.14792424	-0.98892045	-0.0009378977	2.962352e-20	1
0	0.14792424	-0.98892045	-0.0009378977	0	2.513274e-06	0	0.14792424	-0.98892045	-0.0009378977	2.9624016e-20	1
0	0.14792424	-0.98892045	-0.0009378977	0	6.2831855e-06	0	0.14792424	-0.98892045	-0.0009378977	2.9625506e-20	1
0	0.14792424	-0.98892045	-0.0009378977	0	1.2566371e-05	0	0.14792424	-0.98892045	-0.0009378977	2.9627987e-20	1
0	0.14792424	-0.98892045	-0.0009378977	0	2.5132742e-05	0	0.14792424	-0.98892045	-0.0009378977	2.9632947e-20	1
0	0.14792424	-0.98892045	-0.0009378977	0	6.283185e-05	0	0.14792424	-0.98892045	-0.0009378977	2.9647837e-20	1
0	0.14792424	-0.98892045	-0.0009378977	0	0.0001256637	0	0.14792424	-0.98892045	-0.0009378977	2.9672652e-20	1
0	0.14792424	-0.98892045	-0.0009378977	0	0.0002513274	0	0.14792424	-0.98892045	-0.0009378977	2.972228e-20	1
0	0.15278906	-0.98818	-0.0009234373	0	0.0006283185	0	0.15278906	-0.98818	-0.0009234373	2.9871072e-20	1
0	0.15580457	-0.9877087	-0.0009144153	0	0.0010053096	0	0.15580457	-0.9877087	-0.0009144153	3.0019813e-20	1
0	0.15580457	-0.9877087	-0.0009144153	0	0.001256637	0	0.15580457	-0.9877087	-0.0009144153	3.011895e-20	1
0	0.16338292	-0.98648244	-0.000891568	0	0.0018849556	0	0.16338292	-0.98648244	-0.000891568	3.0366582e-20	1
0	0.16921304	-0.9854984	-0.00087384664	0	0.002513274	0	0.16921304	-0.9854984	-0.00087384664	3.0613993e-20	1
0	0.18236214	-0.98314834	-0.00083350384	0	0.0037699111	0	0.18236214	-0.98314834	-0.00083350384	3.1107995e-20	1
0	0.21702948	-0.97607625	-0.0007248291	0	0.0062831854	0	0.21702948	-0.97607625	-0.0007248291	3.2091577e-20	1
0	0.30564463	-0.95203817	-0.00044333033	0	0.009424778	0	0.30564463	-0.95203817	-0.00044333033	3.3304967e-20	1
0	0.88775885	0.46002012	-0.0012195865	0	0.012566371	0	0.88775885	0.46002012	-0.0012195865	2.5910163e-20	1
0	-0.07555059	0.9970714	0.0011345993	0	0.018849555	0	-0.07555059	0.9970714	0.0011345993	2.213827e-20	1
0	-0.06471768	0.9978341	0.0011589704	0	0.025132742	0	-0.06471768	0.9978341	0.0011589704	1.9635334e-20	1
0	-0.050165612	0.99867284	0.0011872121	0	0.03769911	0	-0.050165612	0.99867284	0.0011872121	1.4625335e-20	1
0	-0.040889703	0.99909663	0.0012008058	0	0.050265484	0	-0.040889703	0.99909663	0.0012008058	9.612316e-21	1
0	-0.034477875	0.99933934	0.001206771	0	0.06283186	0	-0.034477875	0.99933934	0.001206771	4.5976827e-21	1
