# t (s)	mx ()	my ()	mz ()	B_extx (T)	B_exty (T)	B_extz (T)	mx ()	my ()	mz ()	E_total (J)	branch ()
0	-0.024568276	0.99963295	-0.001743516	0	0.06283186	0	-0.024568276	0.99963295	-0.001743516	2.3033868e-21	-1
0	-0.027919054	0.99954414	-0.0017573875	0	0.050265484	0	-0.027919054	0.99954414	-0.0017573875	7.319842e-21	-1
0	-0.032320194	0.9994106	-0.0017715083	0	0.03769911	0	-0.032320194	0.9994106	-0.0017715083	1.23357526e-20	-1
0	-0.038360007	0.9991962	-0.0017858548	0	0.025132742	0	-0.038360007	0.9991962	-0.0017858548	1.7350808e-20	-1
0	-0.04230676	0.9990363	-0.0017930889	0	0.018849555	0	-0.04230676	0.9990363	-0.0017930889	1.985785e-20	-1
0	-0.04715348	0.9988187	-0.0018003001	0	0.012566371	0	-0.04715348	0.9988187	-0.0018003001	2.2364429e-20	-1
0	-0.050012738	0.9986793	-0.0018038792	0	0.009424778	0	-0.050012738	0.9986793	-0.0018038792	2.361749e-20	-1
0	-0.053246096	0.9985118	-0.0018074207	0	0.0062831854	0	-0.053246096	0.9985118	-0.0018074207	2.4870355e-20	-1
0	-0.056142583	0.9983529	-0.0018102125	0	0.0037699111	0	-0.056142583	0.9983529	-0.0018102125	2.5872487e-20	-1
0	-0.057715826	0.99826294	-0.0018115891	0	0.002513274	0	-0.057715826	0.99826294	-0.0018115891	2.6373486e-20	-1
0	-0.058536172	0.99821514	-0.0018122718	0	0.0018849556	0	-0.058536172	0.99821514	-0.0018122718	2.6623968e-20	-1
0	-0.059368797	0.99816585	-0.00181295	0	0.001256637	0	-0.059368797	0.99816585	-0.00181295	2.6874439e-20	-1
0	-0.059368797	0.99816585	-0.00181295	0	0.0010053096	0	-0.059368797	0.99816585	-0.00181295	2.6974625e-20	-1
0	-0.060234763	0.9981139	-0.0018136239	0	0.0006283185	0	-0.060234763	0.9981139	-0.0018136239	2.71249e-20	-1
0	-0.06077856	0.99808085	-0.001814025	0	0.0002513274	0	-0.06077856	0.99808085	-0.001814025	2.727517e-20	-1
0	-0.06077856	0.99808085	-0.001814025	0	0.0001256637	0	-0.06077856	0.99808085	-0.001814025	2.7325256e-20	-1
0	-0.06077856	0.99808085	-0.001814025	0	6.283185e-05	0	-0.06077856	0.99808085	-0.001814025	2.73503e-20	-1
0	-0.06077856	0.99808085	-0.001814025	0	2.5132742e-05	0	-0.06077856	0.99808085	-0.001814025	2.736533e-20	-1
0	-0.06077856	0.99808085	-0.001814025	0	1.2566371e-05	0	-0.06077856	0.99808085	-0.001814025	2.7370337e-20	-1
0	-0.06077856	0.99808085	-0.001814025	0	6.2831855e-06	0	-0.06077856	0.99808085	-0.001814025	2.737284e-20	-1
0	-0.06077856	0.99808085	-0.001814025	0	2.513274e-06	0	-0.06077856	0.99808085	-0.001814025	2.7374344e-20	-1
0	-0.06077856	0.99808085	-0.001814025	0	1.256637e-06	0	-0.06077856	0.99808085	-0.001814025	2.7374844e-20	-1
0	-0.06077856	0.99808085	-0.001814025	0	6.283185e-07	0	-0.06077856	0.99808085	-0.001814025	2.7375096e-20	-1
0	-0.06077856	0.99808085	-0.001814025	0	2.513274e-07	0	-0.06077856	0.99808085	-0.001814025	2.7375245e-20	-1
0	-0.06077856	0.99808085	-0.001814025	0	1.256637e-07	0	-0.06077856	0.99808085	-0.001814025	2.7375297e-20	-1
0	-0.06077856	0.99808085	-0.001814025	0	0	0	-0.06077856	0.99808085	-0.001814025	2.7375345e-20	-1
0	-0.06077856	0.99808085	-0.001814025	0	-1.256637e-07	0	-0.06077856	0.99808085	-0.001814025	2.7375397e-20	-1
0	-0.06077856	0.99808085	-0.001814025	0	-2.513274e-07	0	-0.06077856	0.99808085	-0.001814025	2.7375445e-20	-1
0	-0.06077856	0.99808085	-0.001814025	0	-6.283185e-07	0	-0.06077856	0.99808085	-0.001814025	2.7375597e-20	-1
0	-0.06077856	0.99808085	-0.001814025	0	-1.256637e-06	0	-0.06077856	0.99808085	-0.001814025	2.7375846e-20	-1
0	-0.06077856	0.99808085	-0.001814025	0	-2.513274e-06	0	-0.06077856	0.99808085	-0.001814025	2.7376347e-20	-1
0	-0.06077856	0.99808085	-0.001814025	0	-6.2831855e-06	0	-0.06077856	0.99808085	-0.001814025	2.737785e-20	-1
0	-0.06077856	0.99808085	-0.001814025	0	-1.2566371e-05	0	-0.06077856	0.99808085	-0.001814025	2.7380354e-20	-1
0	-0.06077856	0.99808085	-0.001814025	0	-2.5132742e-05	0	-0.06077856	0.99808085	-0.001814025	2.7385362e-20	-1
0	-0.061216712	0.9980541	-0.001814359	0	-6.283185e-05	0	-0.061216712	0.9980541	-0.001814359	2.7400387e-20	-1
0	-0.061216712	0.9980541	-0.001814359	0	-0.0001256637	0	-0.061216712	0.9980541	-0.001814359	2.7425432e-20	-1
0	-0.061216712	0.9980541	-0.001814359	0	-0.0002513274	0	-0.061216712	0.9980541	-0.001814359	2.7475518e-20	-1
0	-0.062044337	0.9980029	-0.0018149553	0	-0.0006283185	0	-0.062044337	0.9980029	-0.0018149553	2.7625774e-20	-1
0	-0.0626109	0.9979675	-0.0018153503	0	-0.0010053096	0	-0.0626109	0.9979675	-0.0018153503	2.777603e-20	-1
0	-0.0626109	0.9979675	-0.0018153503	0	-0.001256637	0	-0.0626109	0.9979675	-0.0018153503	2.7876193e-20	-1
0	-0.0639749	0.9978808	-0.0018162604	0	-0.0018849556	0	-0.0639749	0.9978808	-0.0018162604	2.8126597e-20	-1
0	-0.06497854	0.99781585	-0.0018169056	0	-0.002513274	0	-0.06497854	0.99781585	-0.0018169056	2.837698e-20	-1
0	-0.06708855	0.9976761	-0.001818168	0	-0.0037699111	0	-0.06708855	0.9976761	-0.001818168	2.88777e-20	-1
0	-0.07175313	0.997351	-0.0018205795	0	-0.0062831854	0	-0.07175313	0.997351	-0.0018205795	2.987891e-20	-1
0	-0.07858284	0.99683553	-0.0018232833	0	-0.009424778	0	-0.07858284	0.99683553	-0.0018232833	3.1129905e-20	-1
0	-0.08686595	0.99614716	-0.0018254777	0	-0.012566371	0	-0.08686595	0.99614716	-0.0018254777	3.2380147e-20	-1
0	-0.11030576	0.99382246	-0.0018268314	0	-0.018849555	0	-0.11030576	0.99382246	-0.0018268314	3.487717e-20	-1
0	-0.15375923	0.9880278	-0.0018164539	0	-0.025132742	0	-0.15375923	0.9880278	-0.0018164539	3.7364966e-20	-1
0	0.032325774	-0.9994105	0.0017715084	0	-0.03769911	0	0.032325774	-0.9994105	0.0017715084	1.2335752e-20	-1
0	0.0279193	-0.99954414	0.0017573822	0	-0.050265484	0	0.0279193	-0.99954414	0.0017573822	7.319846e-21	-1
0	0.024571482	-0.9996329	0.0017435161	0	-0.06283186	0	0.024571482	-0.9996329	0.0017435161	2.303389e-21	-1
0	0.024571482	-0.9996329	0.0017435161	0	-0.06283186	0	0.024571482	-0.9996329	0.0017435161	2.303389e-21	1
0	0.027918281	-0.9995442	0.0017573817	0	-0.050265484	0	0.027918281	-0.9995442	0.0017573817	7.319844e-21	1
0	0.032317437	-0.99941075	0.001771509	0	-0.03769911	0	0.032317437	-0.99941075	0.001771509	1.2335752e-20	1
0	0.03836193	-0.99919605	0.0017858611	0	-0.025132742	0	0.03836193	-0.99919605	0.0017858611	1.735081e-20	1
0	0.04230748	-0.99903625	0.0017930873	0	-0.018849555	0	0.04230748	-0.99903625	0.0017930873	1.9857852e-20	1
0	0.04715184	-0.99881876	0.0018003001	0	-0.012566371	0	0.04715184	-0.99881876	0.0018003001	2.2364429e-20	1
0	0.050014444	-0.9986792	0.001803879	0	-0.009424778	0	0.050014444	-0.9986792	0.001803879	2.361749e-20	1
0	0.05324503	-0.9985119	0.001807421	0	-0.0062831854	0	0.05324503	-0.9985119	0.001807421	2.4870355e-20	1
0	0.056140993	-0.99835294	0.0018102125	0	-0.0037699111	0	0.056140993	-0.99835294	0.0018102125	2.5872482e-20	1
0	0.057711467	-0.99826324	0.0018115885	0	-0.002513274	0	0.057711467	-0.99826324	0.0018115885	2.6373487e-20	1
0	0.05853513	-0.9982152	0.0018122713	0	-0.0018849556	0	0.05853513	-0.9982152	0.0018122713	2.6623968e-20	1
0	0.059371687	-0.9981657	0.0018129426	0	-0.001256637	0	0.059371687	-0.9981657	0.0018129426	2.6874439e-20	1
0	0.059371687	-0.9981657	0.0018129426	0	-0.0010053096	0	0.059371687	-0.9981657	0.0018129426	2.6974626e-20	1
0	0.060241193	-0.9981135	0.0018136239	0	-0.0006283185	0	0.060241193	-0.9981135	0.0018136239	2.71249e-20	1
0	0.060773913	-0.9980812	0.0018140259	0	-0.0002513274	0	0.060773913	-0.9980812	0.0018140259	2.727517e-20	1
0	0.060773913	-0.9980812	0.0018140259	0	-0.0001256637	0	0.060773913	-0.9980812	0.0018140259	2.732526e-20	1
0	0.060773913	-0.9980812	0.0018140259	0	-6.283185e-05	0	0.060773913	-0.9980812	0.0018140259	2.7350304e-20	1
0	0.060773913	-0.9980812	0.0018140259	0	-2.5132742e-05	0	0.060773913	-0.9980812	0.0018140259	2.736533e-20	1
0	0.060773913	-0.9980812	0.0018140259	0	-1.2566371e-05	0	0.060773913	-0.9980812	0.0018140259	2.7370337e-20	1
0	0.060773913	-0.9980812	0.0018140259	0	-6.2831855e-06	0	0.060773913	-0.9980812	0.0018140259	2.737284e-20	1
0	0.060773913	-0.9980812	0.0018140259	0	-2.513274e-06	0	0.060773913	-0.9980812	0.0018140259	2.7374344e-20	1
0	0.060773913	-0.9980812	0.0018140259	0	-1.256637e-06	0	0.060773913	-0.9980812	0.0018140259	2.7374844e-20	1
0	0.060773913	-0.9980812	0.0018140259	0	-6.283185e-07	0	0.060773913	-0.9980812	0.0018140259	2.7375096e-20	1
0	0.060773913	-0.9980812	0.0018140259	0	-2.513274e-07	0	0.060773913	-0.9980812	0.0018140259	2.7375248e-20	1
0	0.060773913	-0.9980812	0.0018140259	0	-1.256637e-07	0	0.060773913	-0.9980812	0.0018140259	2.7375297e-20	1
0	0.060773913	-0.9980812	0.0018140259	0	0	0	0.060773913	-0.9980812	0.0018140259	2.737535e-20	1
0	0.060773913	-0.9980812	0.0018140259	0	1.256637e-07	0	0.060773913	-0.9980812	0.0018140259	2.7375397e-20	1
0	0.060773913	-0.9980812	0.0018140259	0	2.513274e-07	0	0.060773913	-0.9980812	0.0018140259	2.737545e-20	1
0	0.060773913	-0.9980812	0.0018140259	0	6.283185e-07	0	0.060773913	-0.9980812	0.0018140259	2.7375597e-20	1
0	0.060773913	-0.9980812	0.0018140259	0	1.256637e-06	0	0.060773913	-0.9980812	0.0018140259	2.737585e-20	1
0	0.060773913	-0.9980812	0.0018140259	0	2.513274e-06	0	0.060773913	-0.9980812	0.0018140259	2.737635e-20	1
0	0.060773913	-0.9980812	0.0018140259	0	6.2831855e-06	0	0.060773913	-0.9980812	0.0018140259	2.7377853e-20	1
0	0.060773913	-0.9980812	0.0018140259	0	1.2566371e-05	0	0.060773913	-0.9980812	0.0018140259	2.7380357e-20	1
0	0.060773913	-0.9980812	0.0018140259	0	2.5132742e-05	0	0.060773913	-0.9980812	0.0018140259	2.7385365e-20	1
0	0.061222658	-0.99805367	0.0018143582	0	6.283185e-05	0	0.061222658	-0.99805367	0.0018143582	2.7400387e-20	1
0	0.061222658	-0.99805367	0.0018143582	0	0.0001256637	0	0.061222658	-0.99805367	0.0018143582	2.7425432e-20	1
0	0.061222658	-0.99805367	0.0018143582	0	0.0002513274	0	0.061222658	-0.99805367	0.0018143582	2.7475518e-20	1
0	0.062049568	-0.9980025	0.0018149549	0	0.0006283185	0	0.062049568	-0.9980025	0.0018149549	2.7625774e-20	1
0	0.062619895	-0.9979669	0.0018153477	0	0.0010053096	0	0.062619895	-0.9979669	0.0018153477	2.777603e-20	1
0	0.062619895	-0.9979669	0.0018153477	0	0.001256637	0	0.062619895	-0.9979669	0.0018153477	2.7876197e-20	1
0	0.063975975	-0.9978808	0.001816262	0	0.0018849556	0	0.063975975	-0.9978808	0.001816262	2.8126597e-20	1
0	0.0649808	-0.9978157	0.0018168895	0	0.002513274	0	0.0649808	-0.9978157	0.0018168895	2.837698e-20	1
0	0.06710272	-0.99767506	0.0018181668	0	0.0037699111	0	0.06710272	-0.99767506	0.0018181668	2.88777e-20	1
0	0.07175152	-0.99735117	0.0018205759	0	0.0062831854	0	0.07175152	-0.99735117	0.0018205759	2.9878908e-20	1
0	0.078584254	-0.9968355	0.0018232828	0	0.009424778	0	0.078584254	-0.9968355	0.0018232828	3.1129902e-20	1
0	0.08685841	-0.9961478	0.0018254807	0	0.012566371	0	0.08685841	-0.9961478	0.0018254807	3.2380147e-20	1
0	0.11030352	-0.9938227	0.0018268321	0	0.018849555	0	0.11030352	-0.9938227	0.0018268321	3.4877172e-20	1
0	0.15374449	-0.9880301	0.0018164609	0	0.025132742	0	0.15374449	-0.9880301	0.0018164609	3.7364966e-20	1
0	-0.032320514	0.9994106	-0.0017715087	0	0.03769911	0	-0.032320514	0.9994106	-0.0017715087	1.23357526e-20	1
0	-0.027921733	0.9995441	-0.0017573824	0	0.050265484	0	-0.027921733	0.9995441	-0.0017573824	7.319845e-21	1
0	-0.0245702	0.99963295	-0.0017435162	0	0.06283186	0	-0.0245702	0.99963295	-0.0017435162	2.3033898e-21	1
