# t (s)	mx ()	my ()	mz ()	B_extx (T)	B_exty (T)	B_extz (T)	mx ()	my ()	mz ()	E_total (J)	branch ()
0	0.9990188	0.042684603	0.0033069393	0.06283186	0	0	0.9990188	0.042684603	0.0033069393	2.4361113e-21	-1
0	0.99874425	0.04866635	0.003338378	0.050265484	0	0	0.99874425	0.04866635	0.003338378	7.449046e-21	-1
0	0.99832666	0.056569602	0.003371127	0.03769911	0	0	0.99832666	0.056569602	0.003371127	1.24602844e-20	-1
0	0.9976468	0.06748409	0.0034049153	0.025132742	0	0	0.9976468	0.06748409	0.0034049153	1.7468832e-20	-1
0	0.9971347	0.07466023	0.0034218414	0.018849555	0	0	0.9971347	0.07466023	0.0034218414	1.997157e-20	-1
0	0.99643195	0.08350567	0.003438281	0.012566371	0	0	0.99643195	0.08350567	0.003438281	2.2472798e-20	-1
0	0.995978	0.08874966	0.0034460737	0.009424778	0	0	0.995978	0.08874966	0.0034460737	2.3722672e-20	-1
0	0.995431	0.094681144	0.0034533464	0.0062831854	0	0	0.995431	0.094681144	0.0034533464	2.4971922e-20	-1
0	0.99490726	0.10002853	0.0034586126	0.0037699111	0	0	0.99490726	0.10002853	0.0034586126	2.5970781e-20	-1
0	0.9946122	0.10291852	0.0034610052	0.002513274	0	0	0.9946122	0.10291852	0.0034610052	2.6470004e-20	-1
0	0.994455	0.10442528	0.0034621228	0.0018849556	0	0	0.994455	0.10442528	0.0034621228	2.6719559e-20	-1
0	0.99428946	0.105988294	0.0034631863	0.001256637	0	0	0.99428946	0.105988294	0.0034631863	2.6969069e-20	-1
0	0.99428946	0.105988294	0.0034631863	0.0010053096	0	0	0.99428946	0.105988294	0.0034631863	2.7068865e-20	-1
0	0.9941169	0.10759297	0.0034641898	0.0006283185	0	0	0.9941169	0.10759297	0.0034641898	2.721854e-20	-1
0	0.99400973	0.108577445	0.0034647551	0.0002513274	0	0	0.99400973	0.108577445	0.0034647551	2.73682e-20	-1
0	0.99400973	0.108577445	0.0034647551	0.0001256637	0	0	0.99400973	0.108577445	0.0034647551	2.7418084e-20	-1
0	0.99400973	0.108577445	0.0034647551	6.283185e-05	0	0	0.99400973	0.108577445	0.0034647551	2.744303e-20	-1
0	0.99400973	0.108577445	0.0034647551	2.5132742e-05	0	0	0.99400973	0.108577445	0.0034647551	2.7457992e-20	-1
0	0.99400973	0.108577445	0.0034647551	1.2566371e-05	0	0	0.99400973	0.108577445	0.0034647551	2.746298e-20	-1
0	0.99400973	0.108577445	0.0034647551	6.2831855e-06	0	0	0.99400973	0.108577445	0.0034647551	2.7465476e-20	-1
0	0.99400973	0.108577445	0.0034647551	2.513274e-06	0	0	0.99400973	0.108577445	0.0034647551	2.7466972e-20	-1
0	0.99400973	0.108577445	0.0034647551	1.256637e-06	0	0	0.99400973	0.108577445	0.0034647551	2.746747e-20	-1
0	0.99400973	0.108577445	0.0034647551	6.283185e-07	0	0	0.99400973	0.108577445	0.0034647551	2.746772e-20	-1
0	0.99400973	0.108577445	0.0034647551	2.513274e-07	0	0	0.99400973	0.108577445	0.0034647551	2.746787e-20	-1
0	0.99400973	0.108577445	0.0034647551	1.256637e-07	0	0	0.99400973	0.108577445	0.0034647551	2.746792e-20	-1
0	0.99400973	0.108577445	0.0034647551	0	0	0	0.99400973	0.108577445	0.0034647551	2.746797e-20	-1
0	0.99400973	0.108577445	0.0034647551	-1.256637e-07	0	0	0.99400973	0.108577445	0.0034647551	2.746802e-20	-1
0	0.99400973	0.108577445	0.0034647551	-2.513274e-07	0	0	0.99400973	0.108577445	0.0034647551	2.746807e-20	-1
0	0.99400973	0.108577445	0.0034647551	-6.283185e-07	0	0	0.99400973	0.108577445	0.0034647551	2.746822e-20	-1
0	0.99400973	0.108577445	0.0034647551	-1.256637e-06	0	0	0.99400973	0.108577445	0.0034647551	2.7468468e-20	-1
0	0.99400973	0.108577445	0.0034647551	-2.513274e-06	0	0	0.99400973	0.108577445	0.0034647551	2.746897e-20	-1
0	0.99400973	0.108577445	0.0034647551	-6.2831855e-06	0	0	0.99400973	0.108577445	0.0034647551	2.7470465e-20	-1
0	0.99400973	0.108577445	0.0034647551	-1.2566371e-05	0	0	0.99400973	0.108577445	0.0034647551	2.747296e-20	-1
0	0.99400973	0.108577445	0.0034647551	-2.5132742e-05	0	0	0.99400973	0.108577445	0.0034647551	2.7477948e-20	-1
0	0.99391794	0.10941429	0.003465217	-6.283185e-05	0	0	0.99391794	0.10941429	0.003465217	2.7492905e-20	-1
0	0.99391794	0.10941429	0.003465217	-0.0001256637	0	0	0.99391794	0.10941429	0.003465217	2.7517843e-20	-1
0	0.99391794	0.10941429	0.003465217	-0.0002513274	0	0	0.99391794	0.10941429	0.003465217	2.7567723e-20	-1
0	0.99374783	0.1109463	0.0034659968	-0.0006283185	0	0	0.99374783	0.1109463	0.0034659968	2.7717346e-20	-1
0	0.9936306	0.111990884	0.0034664804	-0.0010053096	0	0	0.9936306	0.111990884	0.0034664804	2.7866952e-20	-1
0	0.9936306	0.111990884	0.0034664804	-0.001256637	0	0	0.9936306	0.111990884	0.0034664804	2.7966682e-20	-1
0	0.99334157	0.114523396	0.003467489	-0.0018849556	0	0	0.99334157	0.114523396	0.003467489	2.821596e-20	-1
0	0.9931241	0.11639242	0.0034681049	-0.002513274	0	0	0.9931241	0.11639242	0.0034681049	2.8465185e-20	-1
0	0.9926566	0.12031156	0.0034690322	-0.0037699111	0	0	0.9926566	0.12031156	0.0034690322	2.896347e-20	-1
0	0.99155664	0.12905589	0.003469342	-0.0062831854	0	0	0.99155664	0.12905589	0.003469342	2.995927e-20	-1
0	0.9898022	0.14187536	0.003465798	-0.009424778	0	0	0.9898022	0.14187536	0.003465798	3.1202258e-20	-1
0	0.98741305	0.1576342	0.0034552948	-0.012566371	0	0	0.98741305	0.1576342	0.0034552948	3.2442667e-20	-1
0	0.9788699	0.20404476	0.003388903	-0.018849555	0	0	0.9788699	0.20404476	0.003388903	3.4911103e-20	-1
0	0.94612134	0.32347178	0.0030084322	-0.025132742	0	0	0.94612134	0.32347178	0.0030084322	3.7339915e-20	-1
0	-0.99832654	-0.056571726	-0.0033711279	-0.03769911	0	0	-0.99832654	-0.056571726	-0.0033711279	1.24602844e-20	-1
0	-0.99874425	-0.048666432	-0.003338379	-0.050265484	0	0	-0.99874425	-0.048666432	-0.003338379	7.449047e-21	-1
0	-0.9990187	-0.042685874	-0.0033069358	-0.06283186	0	0	-0.9990187	-0.042685874	-0.0033069358	2.4361101e-21	-1
0	-0.9990187	-0.042685874	-0.0033069358	-0.06283186	0	0	-0.9990187	-0.042685874	-0.0033069358	2.4361101e-21	1
0	-0.99874425	-0.048665993	-0.0033383789	-0.050265484	0	0	-0.99874425	-0.048665993	-0.0033383789	7.449046e-21	1
0	-0.99832666	-0.056568418	-0.003371126	-0.03769911	0	0	-0.99832666	-0.056568418	-0.003371126	1.24602844e-20	1
0	-0.9976468	-0.06748439	-0.0034049093	-0.025132742	0	0	-0.9976468	-0.06748439	-0.0034049093	1.7468832e-20	1
0	-0.9971349	-0.074656755	-0.0034218398	-0.018849555	0	0	-0.9971349	-0.074656755	-0.0034218398	1.9971568e-20	1
0	-0.99643254	-0.08349906	-0.003438284	-0.012566371	0	0	-0.99643254	-0.08349906	-0.003438284	2.2472796e-20	1
0	-0.9959782	-0.08874736	-0.0034460695	-0.009424778	0	0	-0.9959782	-0.08874736	-0.0034460695	2.372267e-20	1
0	-0.9954308	-0.09468295	-0.0034533453	-0.0062831854	0	0	-0.9954308	-0.09468295	-0.0034533453	2.4971922e-20	1
0	-0.99490803	-0.10002106	-0.003458614	-0.0037699111	0	0	-0.99490803	-0.10002106	-0.003458614	2.5970781e-20	1
0	-0.9946132	-0.10290916	-0.0034610035	-0.002513274	0	0	-0.9946132	-0.10290916	-0.0034610035	2.6470003e-20	1
0	-0.99445415	-0.10443315	-0.0034621214	-0.0018849556	0	0	-0.99445415	-0.10443315	-0.0034621214	2.6719557e-20	1
0	-0.99428993	-0.1059836	-0.0034631863	-0.001256637	0	0	-0.99428993	-0.1059836	-0.0034631863	2.6969067e-20	1
0	-0.99428993	-0.1059836	-0.0034631863	-0.0010053096	0	0	-0.99428993	-0.1059836	-0.0034631863	2.7068864e-20	1
0	-0.99411875	-0.10757616	-0.003464193	-0.0006283185	0	0	-0.99411875	-0.10757616	-0.003464193	2.721854e-20	1
0	-0.99401	-0.108575046	-0.0034647612	-0.0002513274	0	0	-0.99401	-0.108575046	-0.0034647612	2.73682e-20	1
0	-0.99401	-0.108575046	-0.0034647612	-0.0001256637	0	0	-0.99401	-0.108575046	-0.0034647612	2.7418084e-20	1
0	-0.99401	-0.108575046	-0.0034647612	-6.283185e-05	0	0	-0.99401	-0.108575046	-0.0034647612	2.7443025e-20	1
0	-0.99401	-0.108575046	-0.0034647612	-2.5132742e-05	0	0	-0.99401	-0.108575046	-0.0034647612	2.7457992e-20	1
0	-0.99401	-0.108575046	-0.0034647612	-1.2566371e-05	0	0	-0.99401	-0.108575046	-0.0034647612	2.746298e-20	1
0	-0.99401	-0.108575046	-0.0034647612	-6.2831855e-06	0	0	-0.99401	-0.108575046	-0.0034647612	2.7465476e-20	1
0	-0.99401	-0.108575046	-0.0034647612	-2.513274e-06	0	0	-0.99401	-0.108575046	-0.0034647612	2.7466972e-20	1
0	-0.99401	-0.108575046	-0.0034647612	-1.256637e-06	0	0	-0.99401	-0.108575046	-0.0034647612	2.746747e-20	1
0	-0.99401	-0.108575046	-0.0034647612	-6.283185e-07	0	0	-0.99401	-0.108575046	-0.0034647612	2.7467718e-20	1
0	-0.99401	-0.108575046	-0.0034647612	-2.513274e-07	0	0	-0.99401	-0.108575046	-0.0034647612	2.746787e-20	1
0	-0.99401	-0.108575046	-0.0034647612	-1.256637e-07	0	0	-0.99401	-0.108575046	-0.0034647612	2.746792e-20	1
0	-0.99401	-0.108575046	-0.0034647612	0	0	0	-0.99401	-0.108575046	-0.0034647612	2.746797e-20	1
0	-0.99401	-0.108575046	-0.0034647612	1.256637e-07	0	0	-0.99401	-0.108575046	-0.0034647612	2.746802e-20	1
0	-0.99401	-0.108575046	-0.0034647612	2.513274e-07	0	0	-0.99401	-0.108575046	-0.0034647612	2.746807e-20	1
0	-0.99401	-0.108575046	-0.0034647612	6.283185e-07	0	0	-0.99401	-0.108575046	-0.0034647612	2.746822e-20	1
0	-0.99401	-0.108575046	-0.0034647612	1.256637e-06	0	0	-0.99401	-0.108575046	-0.0034647612	2.7468468e-20	1
0	-0.99401	-0.108575046	-0.0034647612	2.513274e-06	0	0	-0.99401	-0.108575046	-0.0034647612	2.7468965e-20	1
0	-0.99401	-0.108575046	-0.0034647612	6.2831855e-06	0	0	-0.99401	-0.108575046	-0.0034647612	2.7470465e-20	1
0	-0.99401	-0.108575046	-0.0034647612	1.2566371e-05	0	0	-0.99401	-0.108575046	-0.0034647612	2.7472956e-20	1
0	-0.99401	-0.108575046	-0.0034647612	2.5132742e-05	0	0	-0.99401	-0.108575046	-0.0034647612	2.7477945e-20	1
0	-0.993919	-0.109404	-0.0034652203	6.283185e-05	0	0	-0.993919	-0.109404	-0.0034652203	2.7492905e-20	1
0	-0.993919	-0.109404	-0.0034652203	0.0001256637	0	0	-0.993919	-0.109404	-0.0034652203	2.7517847e-20	1
0	-0.993919	-0.109404	-0.0034652203	0.0002513274	0	0	-0.993919	-0.109404	-0.0034652203	2.7567726e-20	1
0	-0.99374723	-0.11095227	-0.0034659936	0.0006283185	0	0	-0.99374723	-0.11095227	-0.0034659936	2.7717346e-20	1
0	-0.9936307	-0.11199014	-0.0034664809	0.0010053096	0	0	-0.9936307	-0.11199014	-0.0034664809	2.7866952e-20	1
0	-0.9936307	-0.11199014	-0.0034664809	0.001256637	0	0	-0.9936307	-0.11199014	-0.0034664809	2.7966682e-20	1
0	-0.99334264	-0.1145149	-0.0034674918	0.0018849556	0	0	-0.99334264	-0.1145149	-0.0034674918	2.8215958e-20	1
0	-0.993124	-0.11639404	-0.0034681014	0.002513274	0	0	-0.993124	-0.11639404	-0.0034681014	2.8465188e-20	1
0	-0.99265563	-0.12031895	-0.0034690294	0.0037699111	0	0	-0.99265563	-0.12031895	-0.0034690294	2.8963474e-20	1
0	-0.9915613	-0.1290197	-0.003469367	0.0062831854	0	0	-0.9915613	-0.1290197	-0.003469367	2.9959267e-20	1
0	-0.989802	-0.1418768	-0.0034657985	0.009424778	0	0	-0.989802	-0.1418768	-0.0034657985	3.1202258e-20	1
0	-0.98741376	-0.1576299	-0.0034552964	0.012566371	0	0	-0.98741376	-0.1576299	-0.0034552964	3.244267e-20	1
0	-0.9788722	-0.2040335	-0.0033889278	0.018849555	0	0	-0.9788722	-0.2040335	-0.0033889278	3.4911103e-20	1
0	-0.946174	-0.3233179	-0.0030091037	0.025132742	0	0	-0.946174	-0.3233179	-0.0030091037	3.7339912e-20	1
0	0.9983265	0.05657181	0.0033711288	0.03769911	0	0	0.9983265	0.05657181	0.0033711288	1.24602796e-20	1
0	0.99874425	0.048667	0.0033383798	0.050265484	0	0	0.99874425	0.048667	0.0033383798	7.449049e-21	1
0	0.99901867	0.042687178	0.0033069374	0.06283186	0	0	0.99901867	0.042687178	0.0033069374	2.4361091e-21	1
