# t (s)	mx ()	my ()	mz ()	B_extx (T)	B_exty (T)	B_extz (T)	mx ()	my ()	mz ()	E_total (J)	branch ()
0	0.0091677215	0.99989307	0.0003498051	0	0.06283186	0	0.0091677215	0.99989307	0.0003498051	4.53148e-21	-1
0	0.010824723	0.9998758	0.00035342883	0	0.050265484	0	0.010824723	0.9998758	0.00035342883	9.549412e-21	-1
0	0.013214183	0.9998463	0.00035740383	0	0.03769911	0	0.013214183	0.9998463	0.00035740383	1.4567223e-20	-1
0	0.016955635	0.999789	0.0003620601	0	0.025132742	0	0.016955635	0.999789	0.0003620601	1.9584834e-20	-1
0	0.01974304	0.9997374	0.00036482603	0	0.018849555	0	0.01974304	0.9997374	0.00036482603	2.2093497e-20	-1
0	0.023643693	0.99965227	0.00036810682	0	0.012566371	0	0.023643693	0.99965227	0.00036810682	2.4601994e-20	-1
0	0.026233528	0.9995874	0.0003700367	0	0.009424778	0	0.026233528	0.9995874	0.0003700367	2.5856146e-20	-1
0	0.029465586	0.99949706	0.0003723048	0	0.0062831854	0	0.029465586	0.99949706	0.0003723048	2.71102e-20	-1
0	0.032654278	0.99939775	0.00037429115	0	0.0037699111	0	0.032654278	0.99939775	0.00037429115	2.811335e-20	-1
0	0.034526672	0.9993347	0.00037543057	0	0.002513274	0	0.034526672	0.9993347	0.00037543057	2.8614882e-20	-1
0	0.035560064	0.9992984	0.00037604157	0	0.0018849556	0	0.035560064	0.9992984	0.00037604157	2.8865637e-20	-1
0	0.036632366	0.9992596	0.0003766719	0	0.001256637	0	0.036632366	0.9992596	0.0003766719	2.911638e-20	-1
0	0.037094817	0.99924254	0.0003769358	0	0.0010053096	0	0.037094817	0.99924254	0.0003769358	2.9216675e-20	-1
0	0.037770387	0.99921715	0.00037732534	0	0.0006283185	0	0.037770387	0.99921715	0.00037732534	2.9367115e-20	-1
0	0.038526487	0.99918824	0.00037775075	0	0.0002513274	0	0.038526487	0.99918824	0.00037775075	2.951755e-20	-1
0	0.038526487	0.99918824	0.00037775075	0	0.0001256637	0	0.038526487	0.99918824	0.00037775075	2.9567694e-20	-1
0	0.038526487	0.99918824	0.00037775075	0	6.283185e-05	0	0.038526487	0.99918824	0.00037775075	2.9592764e-20	-1
0	0.038526487	0.99918824	0.00037775075	0	2.5132742e-05	0	0.038526487	0.99918824	0.00037775075	2.960781e-20	-1
0	0.038526487	0.99918824	0.00037775075	0	1.2566371e-05	0	0.038526487	0.99918824	0.00037775075	2.9612824e-20	-1
0	0.038526487	0.99918824	0.00037775075	0	6.2831855e-06	0	0.038526487	0.99918824	0.00037775075	2.961533e-20	-1
0	0.038526487	0.99918824	0.00037775075	0	2.513274e-06	0	0.038526487	0.99918824	0.00037775075	2.9616833e-20	-1
0	0.038526487	0.99918824	0.00037775075	0	1.256637e-06	0	0.038526487	0.99918824	0.00037775075	2.9617338e-20	-1
0	0.038526487	0.99918824	0.00037775075	0	6.283185e-07	0	0.038526487	0.99918824	0.00037775075	2.9617586e-20	-1
0	0.038526487	0.99918824	0.00037775075	0	2.513274e-07	0	0.038526487	0.99918824	0.00037775075	2.9617738e-20	-1
0	0.038526487	0.99918824	0.00037775075	0	1.256637e-07	0	0.038526487	0.99918824	0.00037775075	2.9617787e-20	-1
0	0.038526487	0.99918824	0.00037775075	0	0	0	0.038526487	0.99918824	0.00037775075	2.9617838e-20	-1
0	0.038526487	0.99918824	0.00037775075	0	-1.256637e-07	0	0.038526487	0.99918824	0.00037775075	2.9617887e-20	-1
0	0.038526487	0.99918824	0.00037775075	0	-2.513274e-07	0	0.038526487	0.99918824	0.00037775075	2.961794e-20	-1
0	0.038526487	0.99918824	0.00037775075	0	-6.283185e-07	0	0.038526487	0.99918824	0.00037775075	2.9618087e-20	-1
0	0.038526487	0.99918824	0.00037775075	0	-1.256637e-06	0	0.038526487	0.99918824	0.00037775075	2.961834e-20	-1
0	0.038526487	0.99918824	0.00037775075	0	-2.513274e-06	0	0.038526487	0.99918824	0.00037775075	2.961884e-20	-1
0	0.038526487	0.99918824	0.00037775075	0	-6.2831855e-06	0	0.038526487	0.99918824	0.00037775075	2.9620346e-20	-1
0	0.038526487	0.99918824	0.00037775075	0	-1.2566371e-05	0	0.038526487	0.99918824	0.00037775075	2.9622853e-20	-1
0	0.038526487	0.99918824	0.00037775075	0	-2.5132742e-05	0	0.038526487	0.99918824	0.00037775075	2.9627868e-20	-1
0	0.03913834	0.9991644	0.0003780961	0	-6.283185e-05	0	0.03913834	0.9991644	0.0003780961	2.9642906e-20	-1
0	0.03913834	0.9991644	0.0003780961	0	-0.0001256637	0	0.03913834	0.9991644	0.0003780961	2.9667977e-20	-1
0	0.03953307	0.99914885	0.00037831615	0	-0.0002513274	0	0.03953307	0.99914885	0.00037831615	2.9718118e-20	-1
0	0.040330026	0.9991169	0.00037875725	0	-0.0006283185	0	0.040330026	0.9991169	0.00037875725	2.9868545e-20	-1
0	0.041170612	0.99908257	0.00037921744	0	-0.0010053096	0	0.041170612	0.99908257	0.00037921744	3.0018966e-20	-1
0	0.041170612	0.99908257	0.00037921744	0	-0.001256637	0	0.041170612	0.99908257	0.00037921744	3.0119246e-20	-1
0	0.04322105	0.9989959	0.00038032647	0	-0.0018849556	0	0.04322105	0.9989959	0.00038032647	3.0369923e-20	-1
0	0.044829875	0.99892485	0.0003811779	0	-0.002513274	0	0.044829875	0.99892485	0.0003811779	3.0620588e-20	-1
0	0.048470594	0.9987546	0.00038305562	0	-0.0037699111	0	0.048470594	0.9987546	0.00038305562	3.112186e-20	-1
0	0.057787642	0.99825835	0.0003876154	0	-0.0062831854	0	0.057787642	0.99825835	0.0003876154	3.212408e-20	-1
0	0.07641457	0.9970043	0.0003959441	0	-0.009424778	0	0.07641457	0.9970043	0.0003959441	3.337584e-20	-1
0	0.116228014	0.9931472	0.00041126413	0	-0.012566371	0	0.116228014	0.9931472	0.00041126413	3.4624837e-20	-1
0	-0.019745931	-0.9997374	-0.0003648298	0	-0.018849555	0	-0.019745931	-0.9997374	-0.0003648298	2.2093497e-20	-1
0	-0.01696834	-0.99978876	-0.00036206708	0	-0.025132742	0	-0.01696834	-0.99978876	-0.00036206708	1.9584835e-20	-1
0	-0.01322095	-0.9998462	-0.00035740845	0	-0.03769911	0	-0.01322095	-0.9998462	-0.00035740845	1.4567226e-20	-1
0	-0.01083079	-0.9998758	-0.00035342397	0	-0.050265484	0	-0.01083079	-0.9998758	-0.00035342397	9.5494124e-21	-1
0	-0.009166451	-0.9998932	-0.0003498253	0	-0.06283186	0	-0.009166451	-0.9998932	-0.0003498253	4.5314808e-21	-1
0	-0.009166451	-0.9998932	-0.0003498253	0	-0.06283186	0	-0.009166451	-0.9998932	-0.0003498253	4.5314808e-21	1
0	-0.010824709	-0.9998758	-0.00035342097	0	-0.050265484	0	-0.010824709	-0.9998758	-0.00035342097	9.549411e-21	1
0	-0.013215599	-0.9998462	-0.00035740552	0	-0.03769911	0	-0.013215599	-0.9998462	-0.00035740552	1.4567226e-20	1
0	-0.016955815	-0.99978894	-0.00036205968	0	-0.025132742	0	-0.016955815	-0.99978894	-0.00036205968	1.9584832e-20	1
0	-0.0197501	-0.99973726	-0.0003648295	0	-0.018849555	0	-0.0197501	-0.99973726	-0.0003648295	2.2093495e-20	1
0	-0.023648145	-0.99965215	-0.0003681087	0	-0.012566371	0	-0.023648145	-0.99965215	-0.0003681087	2.4601993e-20	1
0	-0.026237644	-0.9995873	-0.00037003856	0	-0.009424778	0	-0.026237644	-0.9995873	-0.00037003856	2.5856144e-20	1
0	-0.029452588	-0.9994975	-0.0003722476	0	-0.0062831854	0	-0.029452588	-0.9994975	-0.0003722476	2.7110198e-20	1
0	-0.032663174	-0.9993975	-0.00037429525	0	-0.0037699111	0	-0.032663174	-0.9993975	-0.00037429525	2.811335e-20	1
0	-0.0345304	-0.9993346	-0.0003754317	0	-0.002513274	0	-0.0345304	-0.9993346	-0.0003754317	2.8614882e-20	1
0	-0.035559736	-0.9992984	-0.0003760416	0	-0.0018849556	0	-0.035559736	-0.9992984	-0.0003760416	2.8865634e-20	1
0	-0.036641665	-0.99925923	-0.00037666	0	-0.001256637	0	-0.036641665	-0.99925923	-0.00037666	2.9116376e-20	1
0	-0.037085563	-0.9992428	-0.00037693136	0	-0.0010053096	0	-0.037085563	-0.9992428	-0.00037693136	2.9216675e-20	1
0	-0.03779219	-0.9992163	-0.0003773278	0	-0.0006283185	0	-0.03779219	-0.9992163	-0.0003773278	2.9367115e-20	1
0	-0.038520534	-0.9991884	-0.0003777474	0	-0.0002513274	0	-0.038520534	-0.9991884	-0.0003777474	2.9517546e-20	1
0	-0.038773924	-0.99917865	-0.00037789007	0	-0.0001256637	0	-0.038773924	-0.99917865	-0.00037789007	2.956769e-20	1
0	-0.038773924	-0.99917865	-0.00037789007	0	-6.283185e-05	0	-0.038773924	-0.99917865	-0.00037789007	2.959276e-20	1
0	-0.038773924	-0.99917865	-0.00037789007	0	-2.5132742e-05	0	-0.038773924	-0.99917865	-0.00037789007	2.9607806e-20	1
0	-0.038773924	-0.99917865	-0.00037789007	0	-1.2566371e-05	0	-0.038773924	-0.99917865	-0.00037789007	2.961282e-20	1
0	-0.038773924	-0.99917865	-0.00037789007	0	-6.2831855e-06	0	-0.038773924	-0.99917865	-0.00037789007	2.9615328e-20	1
0	-0.038773924	-0.99917865	-0.00037789007	0	-2.513274e-06	0	-0.038773924	-0.99917865	-0.00037789007	2.961683e-20	1
0	-0.038773924	-0.99917865	-0.00037789007	0	-1.256637e-06	0	-0.038773924	-0.99917865	-0.00037789007	2.9617334e-20	1
0	-0.038773924	-0.99917865	-0.00037789007	0	-6.283185e-07	0	-0.038773924	-0.99917865	-0.00037789007	2.9617583e-20	1
0	-0.038773924	-0.99917865	-0.00037789007	0	-2.513274e-07	0	-0.038773924	-0.99917865	-0.00037789007	2.9617735e-20	1
0	-0.038773924	-0.99917865	-0.00037789007	0	-1.256637e-07	0	-0.038773924	-0.99917865	-0.00037789007	2.9617783e-20	1
0	-0.038773924	-0.99917865	-0.00037789007	0	0	0	-0.038773924	-0.99917865	-0.00037789007	2.9617835e-20	1
0	-0.038773924	-0.99917865	-0.00037789007	0	1.256637e-07	0	-0.038773924	-0.99917865	-0.00037789007	2.9617884e-20	1
0	-0.038773924	-0.99917865	-0.00037789007	0	2.513274e-07	0	-0.038773924	-0.99917865	-0.00037789007	2.9617935e-20	1
0	-0.038773924	-0.99917865	-0.00037789007	0	6.283185e-07	0	-0.038773924	-0.99917865	-0.00037789007	2.9618084e-20	1
0	-0.038773924	-0.99917865	-0.00037789007	0	1.256637e-06	0	-0.038773924	-0.99917865	-0.00037789007	2.9618336e-20	1
0	-0.038773924	-0.99917865	-0.00037789007	0	2.513274e-06	0	-0.038773924	-0.99917865	-0.00037789007	2.9618837e-20	1
0	-0.038773924	-0.99917865	-0.00037789007	0	6.2831855e-06	0	-0.038773924	-0.99917865	-0.00037789007	2.9620343e-20	1
0	-0.038773924	-0.99917865	-0.00037789007	0	1.2566371e-05	0	-0.038773924	-0.99917865	-0.00037789007	2.962285e-20	1
0	-0.038773924	-0.99917865	-0.00037789007	0	2.5132742e-05	0	-0.038773924	-0.99917865	-0.00037789007	2.962786e-20	1
0	-0.038773924	-0.99917865	-0.00037789007	0	6.283185e-05	0	-0.038773924	-0.99917865	-0.00037789007	2.9642906e-20	1
0	-0.03928086	-0.9991588	-0.00037817546	0	0.0001256637	0	-0.03928086	-0.9991588	-0.00037817546	2.966798e-20	1
0	-0.03928086	-0.9991588	-0.00037817546	0	0.0002513274	0	-0.03928086	-0.9991588	-0.00037817546	2.9718124e-20	1
0	-0.04033376	-0.9991168	-0.00037876016	0	0.0006283185	0	-0.04033376	-0.9991168	-0.00037876016	2.9868545e-20	1
0	-0.041142423	-0.99908376	-0.00037920507	0	0.0010053096	0	-0.041142423	-0.99908376	-0.00037920507	3.0018963e-20	1
0	-0.041142423	-0.99908376	-0.00037920507	0	0.001256637	0	-0.041142423	-0.99908376	-0.00037920507	3.0119242e-20	1
0	-0.04322885	-0.99899554	-0.00038032848	0	0.0018849556	0	-0.04322885	-0.99899554	-0.00038032848	3.0369926e-20	1
0	-0.0448486	-0.998924	-0.0003811864	0	0.002513274	0	-0.0448486	-0.998924	-0.0003811864	3.0620588e-20	1
0	-0.048462793	-0.998755	-0.00038305225	0	0.0037699111	0	-0.048462793	-0.998755	-0.00038305225	3.1121856e-20	1
0	-0.057783753	-0.99825853	-0.00038761372	0	0.0062831854	0	-0.057783753	-0.99825853	-0.00038761372	3.2124076e-20	1
0	-0.07647714	-0.9969995	-0.00039596905	0	0.009424778	0	-0.07647714	-0.9969995	-0.00039596905	3.337584e-20	1
0	-0.11626808	-0.9931425	-0.00041128218	0	0.012566371	0	-0.11626808	-0.9931425	-0.00041128218	3.462483e-20	1
0	0.01976173	0.999737	0.00036483523	0	0.018849555	0	0.01976173	0.999737	0.00036483523	2.2093498e-20	1
0	0.016958512	0.9997889	0.0003620623	0	0.025132742	0	0.016958512	0.9997889	0.0003620623	1.958483e-20	1
0	0.01321975	0.9998462	0.00035740828	0	0.03769911	0	0.01321975	0.9998462	0.00035740828	1.4567224e-20	1
0	0.010825922	0.9998758	0.0003534212	0	0.050265484	0	0.010825922	0.9998758	0.0003534212	9.549407e-21	1
0	0.009167409	0.9998931	0.00034982443	0	0.06283186	0	0.009167409	0.9998931	0.00034982443	4.5314804e-21	1
