# t (s)	mx ()	my ()	mz ()	B_extx (T)	B_exty (T)	B_extz (T)	mx ()	my ()	mz ()	E_total (J)	branch ()
0	0.99899054	0.043465532	-0.0005683742	0.06283186	0	0	0.99899054	0.043465532	-0.0005683742	2.3069346e-21	-1
0	0.99871385	0.049398016	-0.0005738066	0.050265484	0	0	0.99871385	0.049398016	-0.0005738066	7.319727e-21	-1
0	0.99829733	0.05718211	-0.0005794801	0.03769911	0	0	0.99829733	0.05718211	-0.0005794801	1.2330804e-20	-1
0	0.9976288	0.067834675	-0.00058535824	0.025132742	0	0	0.9976288	0.067834675	-0.00058535824	1.7339229e-20	-1
0	0.9971318	0.0747755	-0.0005883258	0.018849555	0	0	0.9971318	0.0747755	-0.0005883258	1.984194e-20	-1
0	0.9964577	0.083268315	-0.0005912398	0.012566371	0	0	0.9964577	0.083268315	-0.0005912398	2.2343197e-20	-1
0	0.9960262	0.08827445	-0.0005926386	0.009424778	0	0	0.9960262	0.08827445	-0.0005926386	2.3593115e-20	-1
0	0.9955108	0.09390239	-0.00059397204	0.0062831854	0	0	0.9955108	0.09390239	-0.00059397204	2.4842442e-20	-1
0	0.9950212	0.09895013	-0.0005949591	0.0037699111	0	0	0.9950212	0.09895013	-0.0005949591	2.5841399e-20	-1
0	0.9947456	0.10168041	-0.0005954229	0.002513274	0	0	0.9947456	0.10168041	-0.0005954229	2.6340681e-20	-1
0	0.99460053	0.103088126	-0.0005956423	0.0018849556	0	0	0.99460053	0.103088126	-0.0005956423	2.6590267e-20	-1
0	0.9944465	0.10456301	-0.00059585535	0.001256637	0	0	0.9944465	0.10456301	-0.00059585535	2.6839823e-20	-1
0	0.9944465	0.10456301	-0.00059585535	0.0010053096	0	0	0.9944465	0.10456301	-0.00059585535	2.6939636e-20	-1
0	0.9942874	0.106063925	-0.0005960599	0.0006283185	0	0	0.9942874	0.106063925	-0.0005960599	2.7089335e-20	-1
0	0.9941883	0.1069867	-0.0005961776	0.0002513274	0	0	0.9941883	0.1069867	-0.0005961776	2.7239022e-20	-1
0	0.9941883	0.1069867	-0.0005961776	0.0001256637	0	0	0.9941883	0.1069867	-0.0005961776	2.7288915e-20	-1
0	0.9941883	0.1069867	-0.0005961776	6.283185e-05	0	0	0.9941883	0.1069867	-0.0005961776	2.7313862e-20	-1
0	0.9941883	0.1069867	-0.0005961776	2.5132742e-05	0	0	0.9941883	0.1069867	-0.0005961776	2.732883e-20	-1
0	0.9941883	0.1069867	-0.0005961776	1.2566371e-05	0	0	0.9941883	0.1069867	-0.0005961776	2.7333818e-20	-1
0	0.9941883	0.1069867	-0.0005961776	6.2831855e-06	0	0	0.9941883	0.1069867	-0.0005961776	2.7336313e-20	-1
0	0.9941883	0.1069867	-0.0005961776	2.513274e-06	0	0	0.9941883	0.1069867	-0.0005961776	2.733781e-20	-1
0	0.9941883	0.1069867	-0.0005961776	1.256637e-06	0	0	0.9941883	0.1069867	-0.0005961776	2.733831e-20	-1
0	0.9941883	0.1069867	-0.0005961776	6.283185e-07	0	0	0.9941883	0.1069867	-0.0005961776	2.7338558e-20	-1
0	0.9941883	0.1069867	-0.0005961776	2.513274e-07	0	0	0.9941883	0.1069867	-0.0005961776	2.7338707e-20	-1
0	0.9941883	0.1069867	-0.0005961776	1.256637e-07	0	0	0.9941883	0.1069867	-0.0005961776	2.733876e-20	-1
0	0.9941883	0.1069867	-0.0005961776	0	0	0	0.9941883	0.1069867	-0.0005961776	2.7338807e-20	-1
0	0.9941883	0.1069867	-0.0005961776	-1.256637e-07	0	0	0.9941883	0.1069867	-0.0005961776	2.733886e-20	-1
0	0.9941883	0.1069867	-0.0005961776	-2.513274e-07	0	0	0.9941883	0.1069867	-0.0005961776	2.7338907e-20	-1
0	0.9941883	0.1069867	-0.0005961776	-6.283185e-07	0	0	0.9941883	0.1069867	-0.0005961776	2.7339056e-20	-1
0	0.9941883	0.1069867	-0.0005961776	-1.256637e-06	0	0	0.9941883	0.1069867	-0.0005961776	2.7339308e-20	-1
0	0.9941883	0.1069867	-0.0005961776	-2.513274e-06	0	0	0.9941883	0.1069867	-0.0005961776	2.7339806e-20	-1
0	0.9941883	0.1069867	-0.0005961776	-6.2831855e-06	0	0	0.9941883	0.1069867	-0.0005961776	2.7341302e-20	-1
0	0.9941883	0.1069867	-0.0005961776	-1.2566371e-05	0	0	0.9941883	0.1069867	-0.0005961776	2.7343796e-20	-1
0	0.9941883	0.1069867	-0.0005961776	-2.5132742e-05	0	0	0.9941883	0.1069867	-0.0005961776	2.7348788e-20	-1
0	0.9941038	0.107769236	-0.00059627637	-6.283185e-05	0	0	0.9941038	0.107769236	-0.00059627637	2.736375e-20	-1
0	0.9941038	0.107769236	-0.00059627637	-0.0001256637	0	0	0.9941038	0.107769236	-0.00059627637	2.7388693e-20	-1
0	0.9941038	0.107769236	-0.00059627637	-0.0002513274	0	0	0.9941038	0.107769236	-0.00059627637	2.7438583e-20	-1
0	0.9939474	0.10920025	-0.00059643935	-0.0006283185	0	0	0.9939474	0.10920025	-0.00059643935	2.7588234e-20	-1
0	0.99383914	0.110180244	-0.0005965461	-0.0010053096	0	0	0.99383914	0.110180244	-0.0005965461	2.773787e-20	-1
0	0.99383914	0.110180244	-0.0005965461	-0.001256637	0	0	0.99383914	0.110180244	-0.0005965461	2.783762e-20	-1
0	0.99357533	0.11253253	-0.0005967772	-0.0018849556	0	0	0.99357533	0.11253253	-0.0005967772	2.8086953e-20	-1
0	0.99337614	0.11427567	-0.0005969276	-0.002513274	0	0	0.99337614	0.11427567	-0.0005969276	2.8336248e-20	-1
0	0.9929489	0.117927104	-0.0005971851	-0.0037699111	0	0	0.9929489	0.117927104	-0.0005971851	2.883466e-20	-1
0	0.99196005	0.12596712	-0.0005974887	-0.0062831854	0	0	0.99196005	0.12596712	-0.0005974887	2.9830808e-20	-1
0	0.990397	0.13770834	-0.00059733586	-0.009424778	0	0	0.990397	0.13770834	-0.00059733586	3.1074413e-20	-1
0	0.9883114	0.15194318	-0.00059622433	-0.012566371	0	0	0.9883114	0.15194318	-0.00059622433	3.2315746e-20	-1
0	0.9811988	0.1925722	-0.00058808055	-0.018849555	0	0	0.9811988	0.1925722	-0.00058808055	3.4787876e-20	-1
0	0.9607884	0.2769336	-0.0005499985	-0.025132742	0	0	0.9607884	0.2769336	-0.0005499985	3.723028e-20	-1
0	-0.9982972	-0.05718433	0.0005794812	-0.03769911	0	0	-0.9982972	-0.05718433	0.0005794812	1.23308064e-20	-1
0	-0.99871373	-0.049399972	0.000573816	-0.050265484	0	0	-0.99871373	-0.049399972	0.000573816	7.319725e-21	-1
0	-0.99899054	-0.043467753	0.00056837476	-0.06283186	0	0	-0.99899054	-0.043467753	0.00056837476	2.3069344e-21	-1
0	-0.99899054	-0.043467753	0.00056837476	-0.06283186	0	0	-0.99899054	-0.043467753	0.00056837476	2.3069344e-21	1
0	-0.99871385	-0.04939863	0.00057380914	-0.050265484	0	0	-0.99871385	-0.04939863	0.00057380914	7.319726e-21	1
0	-0.99829733	-0.05718314	0.0005794808	-0.03769911	0	0	-0.99829733	-0.05718314	0.0005794808	1.2330808e-20	1
0	-0.9976289	-0.067833066	0.0005853588	-0.025132742	0	0	-0.9976289	-0.067833066	0.0005853588	1.733923e-20	1
0	-0.9971321	-0.07477279	0.00058832625	-0.018849555	0	0	-0.9971321	-0.07477279	0.00058832625	1.984194e-20	1
0	-0.9964577	-0.08326885	0.00059123954	-0.012566371	0	0	-0.9964577	-0.08326885	0.00059123954	2.2343197e-20	1
0	-0.9960264	-0.088272385	0.0005926406	-0.009424778	0	0	-0.9960264	-0.088272385	0.0005926406	2.3593115e-20	1
0	-0.9955106	-0.09390433	0.00059397286	-0.0062831854	0	0	-0.9955106	-0.09390433	0.00059397286	2.4842442e-20	1
0	-0.99502134	-0.098949075	0.00059496204	-0.0037699111	0	0	-0.99502134	-0.098949075	0.00059496204	2.5841399e-20	1
0	-0.9947456	-0.101680584	0.0005954234	-0.002513274	0	0	-0.9947456	-0.101680584	0.0005954234	2.6340678e-20	1
0	-0.99459803	-0.10311295	0.00059564225	-0.0018849556	0	0	-0.99459803	-0.10311295	0.00059564225	2.659027e-20	1
0	-0.9944465	-0.10456249	0.00059585564	-0.001256637	0	0	-0.9944465	-0.10456249	0.00059585564	2.6839825e-20	1
0	-0.9944465	-0.10456249	0.00059585564	-0.0010053096	0	0	-0.9944465	-0.10456249	0.00059585564	2.6939638e-20	1
0	-0.9942877	-0.106060505	0.00059605925	-0.0006283185	0	0	-0.9942877	-0.106060505	0.00059605925	2.7089338e-20	1
0	-0.99418765	-0.10699336	0.00059617776	-0.0002513274	0	0	-0.99418765	-0.10699336	0.00059617776	2.7239022e-20	1
0	-0.99418765	-0.10699336	0.00059617776	-0.0001256637	0	0	-0.99418765	-0.10699336	0.00059617776	2.7288915e-20	1
0	-0.99418765	-0.10699336	0.00059617776	-6.283185e-05	0	0	-0.99418765	-0.10699336	0.00059617776	2.7313862e-20	1
0	-0.99418765	-0.10699336	0.00059617776	-2.5132742e-05	0	0	-0.99418765	-0.10699336	0.00059617776	2.732883e-20	1
0	-0.99418765	-0.10699336	0.00059617776	-1.2566371e-05	0	0	-0.99418765	-0.10699336	0.00059617776	2.7333818e-20	1
0	-0.99418765	-0.10699336	0.00059617776	-6.2831855e-06	0	0	-0.99418765	-0.10699336	0.00059617776	2.7336313e-20	1
0	-0.99418765	-0.10699336	0.00059617776	-2.513274e-06	0	0	-0.99418765	-0.10699336	0.00059617776	2.733781e-20	1
0	-0.99418765	-0.10699336	0.00059617776	-1.256637e-06	0	0	-0.99418765	-0.10699336	0.00059617776	2.733831e-20	1
0	-0.99418765	-0.10699336	0.00059617776	-6.283185e-07	0	0	-0.99418765	-0.10699336	0.00059617776	2.7338558e-20	1
0	-0.99418765	-0.10699336	0.00059617776	-2.513274e-07	0	0	-0.99418765	-0.10699336	0.00059617776	2.7338707e-20	1
0	-0.99418765	-0.10699336	0.00059617776	-1.256637e-07	0	0	-0.99418765	-0.10699336	0.00059617776	2.733876e-20	1
0	-0.99418765	-0.10699336	0.00059617776	0	0	0	-0.99418765	-0.10699336	0.00059617776	2.7338807e-20	1
0	-0.99418765	-0.10699336	0.00059617776	1.256637e-07	0	0	-0.99418765	-0.10699336	0.00059617776	2.733886e-20	1
0	-0.99418765	-0.10699336	0.00059617776	2.513274e-07	0	0	-0.99418765	-0.10699336	0.00059617776	2.7338907e-20	1
0	-0.99418765	-0.10699336	0.00059617776	6.283185e-07	0	0	-0.99418765	-0.10699336	0.00059617776	2.7339056e-20	1
0	-0.99418765	-0.10699336	0.00059617776	1.256637e-06	0	0	-0.99418765	-0.10699336	0.00059617776	2.7339308e-20	1
0	-0.99418765	-0.10699336	0.00059617776	2.513274e-06	0	0	-0.99418765	-0.10699336	0.00059617776	2.7339806e-20	1
0	-0.99418765	-0.10699336	0.00059617776	6.2831855e-06	0	0	-0.99418765	-0.10699336	0.00059617776	2.7341302e-20	1
0	-0.99418765	-0.10699336	0.00059617776	1.2566371e-05	0	0	-0.99418765	-0.10699336	0.00059617776	2.7343796e-20	1
0	-0.99418765	-0.10699336	0.00059617776	2.5132742e-05	0	0	-0.99418765	-0.10699336	0.00059617776	2.7348785e-20	1
0	-0.99418765	-0.10699336	0.00059617776	6.283185e-05	0	0	-0.99418765	-0.10699336	0.00059617776	2.7363755e-20	1
0	-0.99408686	-0.10792483	0.0005962928	0.0001256637	0	0	-0.99408686	-0.10792483	0.0005962928	2.7388696e-20	1
0	-0.99408686	-0.10792483	0.0005962928	0.0002513274	0	0	-0.99408686	-0.10792483	0.0005962928	2.7438583e-20	1
0	-0.9939474	-0.1092003	0.00059644016	0.0006283185	0	0	-0.9939474	-0.1092003	0.00059644016	2.758823e-20	1
0	-0.9938389	-0.11018249	0.00059654657	0.0010053096	0	0	-0.9938389	-0.11018249	0.00059654657	2.773787e-20	1
0	-0.9938389	-0.11018249	0.00059654657	0.001256637	0	0	-0.9938389	-0.11018249	0.00059654657	2.783762e-20	1
0	-0.9935758	-0.11252782	0.0005967877	0.0018849556	0	0	-0.9935758	-0.11252782	0.0005967877	2.8086953e-20	1
0	-0.9933765	-0.11427253	0.0005969279	0.002513274	0	0	-0.9933765	-0.11427253	0.0005969279	2.833624e-20	1
0	-0.9929502	-0.11791648	0.0005971859	0.0037699111	0	0	-0.9929502	-0.11791648	0.0005971859	2.8834663e-20	1
0	-0.9919615	-0.12595609	0.00059749244	0.0062831854	0	0	-0.9919615	-0.12595609	0.00059749244	2.9830808e-20	1
0	-0.9903971	-0.13770747	0.0005973276	0.009424778	0	0	-0.9903971	-0.13770747	0.0005973276	3.1074413e-20	1
0	-0.988312	-0.1519396	0.00059622515	0.012566371	0	0	-0.988312	-0.1519396	0.00059622515	3.2315746e-20	1
0	-0.98120517	-0.1925399	0.0005880913	0.018849555	0	0	-0.98120517	-0.1925399	0.0005880913	3.478787e-20	1
0	-0.9607849	-0.27694607	0.00054999074	0.025132742	0	0	-0.9607849	-0.27694607	0.00054999074	3.7230278e-20	1
0	0.9982972	0.057184458	-0.00057947985	0.03769911	0	0	0.9982972	0.057184458	-0.00057947985	1.2330807e-20	1
0	0.99871373	0.049399525	-0.00057380926	0.050265484	0	0	0.99871373	0.049399525	-0.00057380926	7.319721e-21	1
0	0.9989904	0.043470033	-0.0005683751	0.06283186	0	0	0.9989904	0.043470033	-0.0005683751	2.306936e-21	1
