# t (s)	mx ()	my ()	mz ()	B_extx (T)	B_exty (T)	B_extz (T)	mx ()	my ()	mz ()	E_total (J)	branch ()
0	0.9905113	0.13690817	0.0012796258	0.06283186	0	0	0.9905113	0.13690817	0.0012796258	2.8251047e-21	-1
0	0.98746383	0.15737194	0.0013089555	0.050265484	0	0	0.98746383	0.15737194	0.0013089555	7.788843e-21	-1
0	0.9828384	0.18404257	0.0013431082	0.03769911	0	0	0.9828384	0.18404257	0.0013431082	1.27336765e-20	-1
0	0.97546345	0.21977845	0.0013820837	0.025132742	0	0	0.97546345	0.21977845	0.0013820837	1.7649057e-20	-1
0	0.9700835	0.2424083	0.0014025917	0.018849555	0	0	0.9700835	0.2424083	0.0014025917	2.0090298e-20	-1
0	0.9629535	0.26932245	0.0014223574	0.012566371	0	0	0.9629535	0.26932245	0.0014223574	2.2515973e-20	-1
0	0.9584968	0.28476667	0.0014312237	0.009424778	0	0	0.9584968	0.28476667	0.0014312237	2.3721393e-20	-1
0	0.9532652	0.30180618	0.0014386987	0.0062831854	0	0	0.9532652	0.30180618	0.0014386987	2.4920755e-20	-1
0	0.948396	0.3167658	0.0014432247	0.0037699111	0	0	0.948396	0.3167658	0.0014432247	2.587516e-20	-1
0	0.94568896	0.32475346	0.0014447719	0.002513274	0	0	0.94568896	0.32475346	0.0014447719	2.6350441e-20	-1
0	0.9442604	0.32888132	0.0014453304	0.0018849556	0	0	0.9442604	0.32888132	0.0014453304	2.6587562e-20	-1
0	0.9427693	0.33312914	0.0014457278	0.001256637	0	0	0.9427693	0.33312914	0.0014457278	2.6824314e-20	-1
0	0.9421669	0.3348279	0.0014458399	0.0010053096	0	0	0.9421669	0.3348279	0.0014458399	2.6918911e-20	-1
0	0.9421669	0.3348279	0.0014458399	0.0006283185	0	0	0.9421669	0.3348279	0.0014458399	2.706076e-20	-1
0	0.94028056	0.340086	0.0014459937	0.0002513274	0	0	0.94028056	0.340086	0.0014459937	2.7202322e-20	-1
0	0.94028056	0.340086	0.0014459937	0.0001256637	0	0	0.94028056	0.340086	0.0014459937	2.724951e-20	-1
0	0.94028056	0.340086	0.0014459937	6.283185e-05	0	0	0.94028056	0.340086	0.0014459937	2.7273104e-20	-1
0	0.94028056	0.340086	0.0014459937	2.5132742e-05	0	0	0.94028056	0.340086	0.0014459937	2.728726e-20	-1
0	0.94028056	0.340086	0.0014459937	1.2566371e-05	0	0	0.94028056	0.340086	0.0014459937	2.7291978e-20	-1
0	0.94028056	0.340086	0.0014459937	6.2831855e-06	0	0	0.94028056	0.340086	0.0014459937	2.7294337e-20	-1
0	0.94028056	0.340086	0.0014459937	2.513274e-06	0	0	0.94028056	0.340086	0.0014459937	2.7295755e-20	-1
0	0.94028056	0.340086	0.0014459937	1.256637e-06	0	0	0.94028056	0.340086	0.0014459937	2.7296227e-20	-1
0	0.94028056	0.340086	0.0014459937	6.283185e-07	0	0	0.94028056	0.340086	0.0014459937	2.7296463e-20	-1
0	0.94028056	0.340086	0.0014459937	2.513274e-07	0	0	0.94028056	0.340086	0.0014459937	2.72966e-20	-1
0	0.94028056	0.340086	0.0014459937	1.256637e-07	0	0	0.94028056	0.340086	0.0014459937	2.729665e-20	-1
0	0.94028056	0.340086	0.0014459937	0	0	0	0.94028056	0.340086	0.0014459937	2.72967e-20	-1
0	0.94028056	0.340086	0.0014459937	-1.256637e-07	0	0	0.94028056	0.340086	0.0014459937	2.7296744e-20	-1
0	0.94028056	0.340086	0.0014459937	-2.513274e-07	0	0	0.94028056	0.340086	0.0014459937	2.7296792e-20	-1
0	0.94028056	0.340086	0.0014459937	-6.283185e-07	0	0	0.94028056	0.340086	0.0014459937	2.7296934e-20	-1
0	0.94028056	0.340086	0.0014459937	-1.256637e-06	0	0	0.94028056	0.340086	0.0014459937	2.729717e-20	-1
0	0.94028056	0.340086	0.0014459937	-2.513274e-06	0	0	0.94028056	0.340086	0.0014459937	2.7297642e-20	-1
0	0.94028056	0.340086	0.0014459937	-6.2831855e-06	0	0	0.94028056	0.340086	0.0014459937	2.7299057e-20	-1
0	0.94028056	0.340086	0.0014459937	-1.2566371e-05	0	0	0.94028056	0.340086	0.0014459937	2.7301416e-20	-1
0	0.94028056	0.340086	0.0014459937	-2.5132742e-05	0	0	0.94028056	0.340086	0.0014459937	2.7306134e-20	-1
0	0.94028056	0.340086	0.0014459937	-6.283185e-05	0	0	0.94028056	0.340086	0.0014459937	2.7320293e-20	-1
0	0.94028056	0.340086	0.0014459937	-0.0001256637	0	0	0.94028056	0.340086	0.0014459937	2.7343887e-20	-1
0	0.93897414	0.34367436	0.0014459349	-0.0002513274	0	0	0.93897414	0.34367436	0.0014459349	2.7390942e-20	-1
0	0.93897414	0.34367436	0.0014459349	-0.0006283185	0	0	0.93897414	0.34367436	0.0014459349	2.753231e-20	-1
0	0.9369339	0.34919512	0.0014455817	-0.0010053096	0	0	0.9369339	0.34919512	0.0014455817	2.767337e-20	-1
0	0.9369339	0.34919512	0.0014455817	-0.001256637	0	0	0.9369339	0.34919512	0.0014455817	2.776741e-20	-1
0	0.93441916	0.35586542	0.0014447186	-0.0018849556	0	0	0.93441916	0.35586542	0.0014447186	2.8002074e-20	-1
0	0.9325403	0.3607576	0.0014437791	-0.002513274	0	0	0.9325403	0.3607576	0.0014437791	2.8236308e-20	-1
0	0.92851484	0.37098962	0.0014409391	-0.0037699111	0	0	0.92851484	0.37098962	0.0014409391	2.870331e-20	-1
0	0.9192748	0.39331597	0.0014304586	-0.0062831854	0	0	0.9192748	0.39331597	0.0014304586	2.963077e-20	-1
0	0.9047028	0.42574948	0.0014038885	-0.009424778	0	0	0.9047028	0.42574948	0.0014038885	3.07754e-20	-1
0	0.8847605	0.46575928	0.0013504196	-0.012566371	0	0	0.8847605	0.46575928	0.0013504196	3.1898702e-20	-1
0	-0.97008204	-0.24241418	-0.0014025955	-0.018849555	0	0	-0.97008204	-0.24241418	-0.0014025955	2.00903e-20	-1
0	-0.9754627	-0.21978179	-0.0013820863	-0.025132742	0	0	-0.9754627	-0.21978179	-0.0013820863	1.7649062e-20	-1
0	-0.98283815	-0.18404359	-0.0013430966	-0.03769911	0	0	-0.98283815	-0.18404359	-0.0013430966	1.2733675e-20	-1
0	-0.9874631	-0.15737677	-0.0013089604	-0.050265484	0	0	-0.9874631	-0.15737677	-0.0013089604	7.788846e-21	-1
0	-0.9905107	-0.13691266	-0.001279611	-0.06283186	0	0	-0.9905107	-0.13691266	-0.001279611	2.8250989e-21	-1
0	-0.9905107	-0.13691266	-0.001279611	-0.06283186	0	0	-0.9905107	-0.13691266	-0.001279611	2.8250989e-21	1
0	-0.98746395	-0.15737143	-0.0013089587	-0.050265484	0	0	-0.98746395	-0.15737143	-0.0013089587	7.788845e-21	1
0	-0.98283815	-0.18404359	-0.0013431087	-0.03769911	0	0	-0.98283815	-0.18404359	-0.0013431087	1.2733676e-20	1
0	-0.975463	-0.21978077	-0.0013820854	-0.025132742	0	0	-0.975463	-0.21978077	-0.0013820854	1.7649063e-20	1
0	-0.9700832	-0.24240974	-0.001402592	-0.018849555	0	0	-0.9700832	-0.24240974	-0.001402592	2.00903e-20	1
0	-0.96295273	-0.26932538	-0.0014223582	-0.012566371	0	0	-0.96295273	-0.26932538	-0.0014223582	2.2515971e-20	1
0	-0.95849276	-0.28478032	-0.0014312286	-0.009424778	0	0	-0.95849276	-0.28478032	-0.0014312286	2.3721388e-20	1
0	-0.953266	-0.30180353	-0.0014387327	-0.0062831854	0	0	-0.953266	-0.30180353	-0.0014387327	2.4920758e-20	1
0	-0.9483919	-0.31677794	-0.001443226	-0.0037699111	0	0	-0.9483919	-0.31677794	-0.001443226	2.5875161e-20	1
0	-0.94568765	-0.3247571	-0.0014447705	-0.002513274	0	0	-0.94568765	-0.3247571	-0.0014447705	2.6350441e-20	1
0	-0.94425917	-0.3288848	-0.0014453309	-0.0018849556	0	0	-0.94425917	-0.3288848	-0.0014453309	2.6587559e-20	1
0	-0.9427724	-0.33312032	-0.0014457284	-0.001256637	0	0	-0.9427724	-0.33312032	-0.0014457284	2.6824314e-20	1
0	-0.94216716	-0.33482718	-0.0014458399	-0.0010053096	0	0	-0.94216716	-0.33482718	-0.0014458399	2.6918906e-20	1
0	-0.94216716	-0.33482718	-0.0014458399	-0.0006283185	0	0	-0.94216716	-0.33482718	-0.0014458399	2.7060755e-20	1
0	-0.94028187	-0.34008253	-0.0014459937	-0.0002513274	0	0	-0.94028187	-0.34008253	-0.0014459937	2.7202326e-20	1
0	-0.94028187	-0.34008253	-0.0014459937	-0.0001256637	0	0	-0.94028187	-0.34008253	-0.0014459937	2.7249514e-20	1
0	-0.94028187	-0.34008253	-0.0014459937	-6.283185e-05	0	0	-0.94028187	-0.34008253	-0.0014459937	2.7273108e-20	1
0	-0.94028187	-0.34008253	-0.0014459937	-2.5132742e-05	0	0	-0.94028187	-0.34008253	-0.0014459937	2.7287263e-20	1
0	-0.94028187	-0.34008253	-0.0014459937	-1.2566371e-05	0	0	-0.94028187	-0.34008253	-0.0014459937	2.729198e-20	1
0	-0.94028187	-0.34008253	-0.0014459937	-6.2831855e-06	0	0	-0.94028187	-0.34008253	-0.0014459937	2.7294343e-20	1
0	-0.94028187	-0.34008253	-0.0014459937	-2.513274e-06	0	0	-0.94028187	-0.34008253	-0.0014459937	2.7295758e-20	1
0	-0.94028187	-0.34008253	-0.0014459937	-1.256637e-06	0	0	-0.94028187	-0.34008253	-0.0014459937	2.729623e-20	1
0	-0.94028187	-0.34008253	-0.0014459937	-6.283185e-07	0	0	-0.94028187	-0.34008253	-0.0014459937	2.7296466e-20	1
0	-0.94028187	-0.34008253	-0.0014459937	-2.513274e-07	0	0	-0.94028187	-0.34008253	-0.0014459937	2.7296608e-20	1
0	-0.94028187	-0.34008253	-0.0014459937	-1.256637e-07	0	0	-0.94028187	-0.34008253	-0.0014459937	2.7296653e-20	1
0	-0.94028187	-0.34008253	-0.0014459937	0	0	0	-0.94028187	-0.34008253	-0.0014459937	2.7296702e-20	1
0	-0.94028187	-0.34008253	-0.0014459937	1.256637e-07	0	0	-0.94028187	-0.34008253	-0.0014459937	2.7296747e-20	1
0	-0.94028187	-0.34008253	-0.0014459937	2.513274e-07	0	0	-0.94028187	-0.34008253	-0.0014459937	2.7296795e-20	1
0	-0.94028187	-0.34008253	-0.0014459937	6.283185e-07	0	0	-0.94028187	-0.34008253	-0.0014459937	2.7296938e-20	1
0	-0.94028187	-0.34008253	-0.0014459937	1.256637e-06	0	0	-0.94028187	-0.34008253	-0.0014459937	2.7297173e-20	1
0	-0.94028187	-0.34008253	-0.0014459937	2.513274e-06	0	0	-0.94028187	-0.34008253	-0.0014459937	2.7297645e-20	1
0	-0.94028187	-0.34008253	-0.0014459937	6.2831855e-06	0	0	-0.94028187	-0.34008253	-0.0014459937	2.729906e-20	1
0	-0.94028187	-0.34008253	-0.0014459937	1.2566371e-05	0	0	-0.94028187	-0.34008253	-0.0014459937	2.730142e-20	1
0	-0.94028187	-0.34008253	-0.0014459937	2.5132742e-05	0	0	-0.94028187	-0.34008253	-0.0014459937	2.730614e-20	1
0	-0.94028187	-0.34008253	-0.0014459937	6.283185e-05	0	0	-0.94028187	-0.34008253	-0.0014459937	2.7320296e-20	1
0	-0.94028187	-0.34008253	-0.0014459937	0.0001256637	0	0	-0.94028187	-0.34008253	-0.0014459937	2.734389e-20	1
0	-0.93897516	-0.34367168	-0.0014459356	0.0002513274	0	0	-0.93897516	-0.34367168	-0.0014459356	2.7390942e-20	1
0	-0.93897516	-0.34367168	-0.0014459356	0.0006283185	0	0	-0.93897516	-0.34367168	-0.0014459356	2.753231e-20	1
0	-0.9369346	-0.34919298	-0.0014455821	0.0010053096	0	0	-0.9369346	-0.34919298	-0.0014455821	2.767337e-20	1
0	-0.9369346	-0.34919298	-0.0014455821	0.001256637	0	0	-0.9369346	-0.34919298	-0.0014455821	2.776741e-20	1
0	-0.9344251	-0.35585	-0.001444723	0.0018849556	0	0	-0.9344251	-0.35585	-0.001444723	2.8002077e-20	1
0	-0.9325403	-0.3607576	-0.0014437792	0.002513274	0	0	-0.9325403	-0.3607576	-0.0014437792	2.823631e-20	1
0	-0.9285158	-0.37098706	-0.0014409408	0.0037699111	0	0	-0.9285158	-0.37098706	-0.0014409408	2.870331e-20	1
0	-0.9192797	-0.39330447	-0.0014304665	0.0062831854	0	0	-0.9192797	-0.39330447	-0.0014304665	2.9630773e-20	1
0	-0.9047148	-0.42572373	-0.0014039178	0.009424778	0	0	-0.9047148	-0.42572373	-0.0014039178	3.07754e-20	1
0	-0.88474727	-0.4657845	-0.0013503768	0.012566371	0	0	-0.88474727	-0.4657845	-0.0013503768	3.1898702e-20	1
0	0.97008115	0.24241762	0.0014025974	0.018849555	0	0	0.97008115	0.24241762	0.0014025974	2.00903e-20	1
0	0.9754641	0.2197755	0.0013820813	0.025132742	0	0	0.9754641	0.2197755	0.0013820813	1.7649058e-20	1
0	0.9828373	0.18404812	0.0013431127	0.03769911	0	0	0.9828373	0.18404812	0.0013431127	1.2733677e-20	1
0	0.9874635	0.15737417	0.0013089576	0.050265484	0	0	0.9874635	0.15737417	0.0013089576	7.788843e-21	1
0	0.99051094	0.13691081	0.001279624	0.06283186	0	0	0.99051094	0.13691081	0.001279624	2.8251027e-21	1
