# t (s)	mx ()	my ()	mz ()	B_extx (T)	B_exty (T)	B_extz (T)	mx ()	my ()	mz ()	E_total (J)	branch ()
0	0.98399675	-0.17775351	0.0012322441	0.06283186	0	0	0.98399675	-0.17775351	0.0012322441	3.3086914e-21	-1
0	0.9780903	-0.20778835	0.0013291847	0.050265484	0	0	0.9780903	-0.20778835	0.0013291847	8.233089e-21	-1
0	0.96898115	-0.24677691	0.0014380952	0.03769911	0	0	0.96898115	-0.24677691	0.0014380952	1.3120485e-20	-1
0	0.95450306	-0.29787272	0.0015518127	0.025132742	0	0	0.95450306	-0.29787272	0.0015518127	1.7949866e-20	-1
0	0.9441286	-0.3292612	0.0016052485	0.018849555	0	0	0.9441286	-0.3292612	0.0016052485	2.033248e-20	-1
0	0.9306855	-0.36551505	0.0016513434	0.012566371	0	0	0.9306855	-0.36551505	0.0016513434	2.2685422e-20	-1
0	0.9224733	-0.38576043	0.0016698015	0.009424778	0	0	0.9224733	-0.38576043	0.0016698015	2.3848052e-20	-1
0	0.91298246	-0.40770316	0.0016839146	0.0062831854	0	0	0.91298246	-0.40770316	0.0016839146	2.4999603e-20	-1
0	0.9043007	-0.4266042	0.0016912137	0.0037699111	0	0	0.9043007	-0.4266042	0.0016912137	2.5911696e-20	-1
0	0.8995292	-0.43657067	0.0016932504	0.002513274	0	0	0.8995292	-0.43657067	0.0016932504	2.6364335e-20	-1
0	0.8970258	-0.4416892	0.0016938142	0.0018849556	0	0	0.8970258	-0.4416892	0.0016938142	2.6589737e-20	-1
0	0.8944316	-0.44691688	0.001694052	0.001256637	0	0	0.8944316	-0.44691688	0.001694052	2.6814499e-20	-1
0	0.8944316	-0.44691688	0.001694052	0.0010053096	0	0	0.8944316	-0.44691688	0.001694052	2.6904272e-20	-1
0	0.8917519	-0.45223755	0.0016939479	0.0006283185	0	0	0.8917519	-0.45223755	0.0016939479	2.7038599e-20	-1
0	0.8900987	-0.4554813	0.00169371	0.0002513274	0	0	0.8900987	-0.4554813	0.00169371	2.717273e-20	-1
0	0.8900987	-0.4554813	0.00169371	0.0001256637	0	0	0.8900987	-0.4554813	0.00169371	2.7217402e-20	-1
0	0.8900987	-0.4554813	0.00169371	6.283185e-05	0	0	0.8900987	-0.4554813	0.00169371	2.7239736e-20	-1
0	0.8900987	-0.4554813	0.00169371	2.5132742e-05	0	0	0.8900987	-0.4554813	0.00169371	2.7253136e-20	-1
0	0.8900987	-0.4554813	0.00169371	1.2566371e-05	0	0	0.8900987	-0.4554813	0.00169371	2.7257605e-20	-1
0	0.8900987	-0.4554813	0.00169371	6.2831855e-06	0	0	0.8900987	-0.4554813	0.00169371	2.7259837e-20	-1
0	0.8900987	-0.4554813	0.00169371	2.513274e-06	0	0	0.8900987	-0.4554813	0.00169371	2.7261178e-20	-1
0	0.8900987	-0.4554813	0.00169371	1.256637e-06	0	0	0.8900987	-0.4554813	0.00169371	2.7261624e-20	-1
0	0.8900987	-0.4554813	0.00169371	6.283185e-07	0	0	0.8900987	-0.4554813	0.00169371	2.7261847e-20	-1
0	0.8900987	-0.4554813	0.00169371	2.513274e-07	0	0	0.8900987	-0.4554813	0.00169371	2.7261983e-20	-1
0	0.8900987	-0.4554813	0.00169371	1.256637e-07	0	0	0.8900987	-0.4554813	0.00169371	2.7262028e-20	-1
0	0.8900987	-0.4554813	0.00169371	0	0	0	0.8900987	-0.4554813	0.00169371	2.726207e-20	-1
0	0.8900987	-0.4554813	0.00169371	-1.256637e-07	0	0	0.8900987	-0.4554813	0.00169371	2.7262115e-20	-1
0	0.8900987	-0.4554813	0.00169371	-2.513274e-07	0	0	0.8900987	-0.4554813	0.00169371	2.726216e-20	-1
0	0.8900987	-0.4554813	0.00169371	-6.283185e-07	0	0	0.8900987	-0.4554813	0.00169371	2.7262296e-20	-1
0	0.8900987	-0.4554813	0.00169371	-1.256637e-06	0	0	0.8900987	-0.4554813	0.00169371	2.726252e-20	-1
0	0.8900987	-0.4554813	0.00169371	-2.513274e-06	0	0	0.8900987	-0.4554813	0.00169371	2.7262965e-20	-1
0	0.8900987	-0.4554813	0.00169371	-6.2831855e-06	0	0	0.8900987	-0.4554813	0.00169371	2.7264306e-20	-1
0	0.8900987	-0.4554813	0.00169371	-1.2566371e-05	0	0	0.8900987	-0.4554813	0.00169371	2.726654e-20	-1
0	0.8900987	-0.4554813	0.00169371	-2.5132742e-05	0	0	0.8900987	-0.4554813	0.00169371	2.7271004e-20	-1
0	0.8900987	-0.4554813	0.00169371	-6.283185e-05	0	0	0.8900987	-0.4554813	0.00169371	2.7284407e-20	-1
0	0.8884126	-0.45876	0.0016933403	-0.0001256637	0	0	0.8884126	-0.45876	0.0016933403	2.7306618e-20	-1
0	0.8884126	-0.45876	0.0016933403	-0.0002513274	0	0	0.8884126	-0.45876	0.0016933403	2.7351202e-20	-1
0	0.8861021	-0.46320498	0.0016926255	-0.0006283185	0	0	0.8861021	-0.46320498	0.0016926255	2.748472e-20	-1
0	0.8843274	-0.46658257	0.0016919207	-0.0010053096	0	0	0.8843274	-0.46658257	0.0016919207	2.7617994e-20	-1
0	0.883121	-0.46886098	0.0016913433	-0.001256637	0	0	0.883121	-0.46886098	0.0016913433	2.7706692e-20	-1
0	0.88003075	-0.4746334	0.0016896776	-0.0018849556	0	0	0.88003075	-0.4746334	0.0016896776	2.7927905e-20	-1
0	0.87680274	-0.48056805	0.0016875153	-0.002513274	0	0	0.87680274	-0.48056805	0.0016875153	2.8148323e-20	-1
0	0.8699825	-0.4928024	0.0016817194	-0.0037699111	0	0	0.8699825	-0.4928024	0.0016817194	2.8586664e-20	-1
0	0.8544925	-0.5191881	0.0016631571	-0.0062831854	0	0	0.8544925	-0.5191881	0.0016631571	2.945232e-20	-1
0	0.83032393	-0.5570121	0.0016225297	-0.009424778	0	0	0.83032393	-0.5570121	0.0016225297	3.0509895e-20	-1
0	0.7971134	-0.60356975	0.0015512656	-0.012566371	0	0	0.7971134	-0.60356975	0.0015512656	3.1532096e-20	-1
0	-0.9441248	0.32927185	-0.0016052629	-0.018849555	0	0	-0.9441248	0.32927185	-0.0016052629	2.033248e-20	-1
0	-0.954499	0.2978855	-0.0015518346	-0.025132742	0	0	-0.954499	0.2978855	-0.0015518346	1.7949868e-20	-1
0	-0.9689801	0.24678123	-0.0014380971	-0.03769911	0	0	-0.9689801	0.24678123	-0.0014380971	1.3120481e-20	-1
0	-0.9780897	0.20779102	-0.0013291924	-0.050265484	0	0	-0.9780897	0.20779102	-0.0013291924	8.233087e-21	-1
0	-0.9839958	0.17775905	-0.0012322622	-0.06283186	0	0	-0.9839958	0.17775905	-0.0012322622	3.3086903e-21	-1
0	-0.9839958	0.17775905	-0.0012322622	-0.06283186	0	0	-0.9839958	0.17775905	-0.0012322622	3.3086903e-21	1
0	-0.9780904	0.20778754	-0.0013291824	-0.050265484	0	0	-0.9780904	0.20778754	-0.0013291824	8.23309e-21	1
0	-0.9689808	0.24677834	-0.0014381022	-0.03769911	0	0	-0.9689808	0.24677834	-0.0014381022	1.31204844e-20	1
0	-0.9545033	0.2978717	-0.0015518107	-0.025132742	0	0	-0.9545033	0.2978717	-0.0015518107	1.7949865e-20	1
0	-0.9441254	0.3292703	-0.0016052609	-0.018849555	0	0	-0.9441254	0.3292703	-0.0016052609	2.0332484e-20	1
0	-0.93069035	0.3655026	-0.0016513325	-0.012566371	0	0	-0.93069035	0.3655026	-0.0016513325	2.268542e-20	1
0	-0.922472	0.38576353	-0.0016698036	-0.009424778	0	0	-0.922472	0.38576353	-0.0016698036	2.3848053e-20	1
0	-0.9129882	0.40769032	-0.0016839192	-0.0062831854	0	0	-0.9129882	0.40769032	-0.0016839192	2.4999602e-20	1
0	-0.9042944	0.42661756	-0.0016912153	-0.0037699111	0	0	-0.9042944	0.42661756	-0.0016912153	2.5911698e-20	1
0	-0.8995224	0.43658462	-0.0016932505	-0.002513274	0	0	-0.8995224	0.43658462	-0.0016932505	2.6364335e-20	1
0	-0.8970243	0.44169235	-0.0016938138	-0.0018849556	0	0	-0.8970243	0.44169235	-0.0016938138	2.6589735e-20	1
0	-0.8944348	0.44691026	-0.0016940527	-0.001256637	0	0	-0.8944348	0.44691026	-0.0016940527	2.6814497e-20	1
0	-0.89337647	0.44902125	-0.0016940536	-0.0010053096	0	0	-0.89337647	0.44902125	-0.0016940536	2.690422e-20	1
0	-0.89175105	0.45223922	-0.0016939464	-0.0006283185	0	0	-0.89175105	0.45223922	-0.0016939464	2.70386e-20	1
0	-0.89009726	0.45548403	-0.0016937135	-0.0002513274	0	0	-0.89009726	0.45548403	-0.0016937135	2.717273e-20	1
0	-0.89009726	0.45548403	-0.0016937135	-0.0001256637	0	0	-0.89009726	0.45548403	-0.0016937135	2.72174e-20	1
0	-0.89009726	0.45548403	-0.0016937135	-6.283185e-05	0	0	-0.89009726	0.45548403	-0.0016937135	2.7239736e-20	1
0	-0.89009726	0.45548403	-0.0016937135	-2.5132742e-05	0	0	-0.89009726	0.45548403	-0.0016937135	2.7253136e-20	1
0	-0.89009726	0.45548403	-0.0016937135	-1.2566371e-05	0	0	-0.89009726	0.45548403	-0.0016937135	2.72576e-20	1
0	-0.89009726	0.45548403	-0.0016937135	-6.2831855e-06	0	0	-0.89009726	0.45548403	-0.0016937135	2.7259837e-20	1
0	-0.89009726	0.45548403	-0.0016937135	-2.513274e-06	0	0	-0.89009726	0.45548403	-0.0016937135	2.7261175e-20	1
0	-0.89009726	0.45548403	-0.0016937135	-1.256637e-06	0	0	-0.89009726	0.45548403	-0.0016937135	2.7261624e-20	1
0	-0.89009726	0.45548403	-0.0016937135	-6.283185e-07	0	0	-0.89009726	0.45548403	-0.0016937135	2.7261847e-20	1
0	-0.89009726	0.45548403	-0.0016937135	-2.513274e-07	0	0	-0.89009726	0.45548403	-0.0016937135	2.726198e-20	1
0	-0.89009726	0.45548403	-0.0016937135	-1.256637e-07	0	0	-0.89009726	0.45548403	-0.0016937135	2.7262025e-20	1
0	-0.89009726	0.45548403	-0.0016937135	0	0	0	-0.89009726	0.45548403	-0.0016937135	2.726207e-20	1
0	-0.89009726	0.45548403	-0.0016937135	1.256637e-07	0	0	-0.89009726	0.45548403	-0.0016937135	2.7262115e-20	1
0	-0.89009726	0.45548403	-0.0016937135	2.513274e-07	0	0	-0.89009726	0.45548403	-0.0016937135	2.7262157e-20	1
0	-0.89009726	0.45548403	-0.0016937135	6.283185e-07	0	0	-0.89009726	0.45548403	-0.0016937135	2.7262293e-20	1
0	-0.89009726	0.45548403	-0.0016937135	1.256637e-06	0	0	-0.89009726	0.45548403	-0.0016937135	2.7262516e-20	1
0	-0.89009726	0.45548403	-0.0016937135	2.513274e-06	0	0	-0.89009726	0.45548403	-0.0016937135	2.7262962e-20	1
0	-0.89009726	0.45548403	-0.0016937135	6.2831855e-06	0	0	-0.89009726	0.45548403	-0.0016937135	2.7264303e-20	1
0	-0.89009726	0.45548403	-0.0016937135	1.2566371e-05	0	0	-0.89009726	0.45548403	-0.0016937135	2.7266535e-20	1
0	-0.89009726	0.45548403	-0.0016937135	2.5132742e-05	0	0	-0.89009726	0.45548403	-0.0016937135	2.7271004e-20	1
0	-0.89009726	0.45548403	-0.0016937135	6.283185e-05	0	0	-0.89009726	0.45548403	-0.0016937135	2.7284404e-20	1
0	-0.88841224	0.4587605	-0.00169334	0.0001256637	0	0	-0.88841224	0.4587605	-0.00169334	2.7306615e-20	1
0	-0.88841224	0.4587605	-0.00169334	0.0002513274	0	0	-0.88841224	0.4587605	-0.00169334	2.73512e-20	1
0	-0.8861041	0.46320105	-0.0016926266	0.0006283185	0	0	-0.8861041	0.46320105	-0.0016926266	2.7484724e-20	1
0	-0.8843281	0.4665813	-0.0016919204	0.0010053096	0	0	-0.8843281	0.4665813	-0.0016919204	2.7617997e-20	1
0	-0.8843281	0.4665813	-0.0016919204	0.001256637	0	0	-0.8843281	0.4665813	-0.0016919204	2.7706757e-20	1
0	-0.880025	0.474644	-0.0016896722	0.0018849556	0	0	-0.880025	0.474644	-0.0016896722	2.7927902e-20	1
0	-0.87681264	0.48054993	-0.0016875244	0.002513274	0	0	-0.87681264	0.48054993	-0.0016875244	2.8148326e-20	1
0	-0.8699942	0.49278176	-0.0016817327	0.0037699111	0	0	-0.8699942	0.49278176	-0.0016817327	2.858666e-20	1
0	-0.8544923	0.5191884	-0.001663154	0.0062831854	0	0	-0.8544923	0.5191884	-0.001663154	2.945232e-20	1
0	-0.8303201	0.5570178	-0.0016225218	0.009424778	0	0	-0.8303201	0.5570178	-0.0016225218	3.0509898e-20	1
0	-0.7971194	0.6035619	-0.0015512804	0.012566371	0	0	-0.7971194	0.6035619	-0.0015512804	3.1532096e-20	1
0	0.94412917	-0.3292595	0.0016052462	0.018849555	0	0	0.94412917	-0.3292595	0.0016052462	2.0332482e-20	1
0	0.95449895	-0.29788578	0.0015518351	0.025132742	0	0	0.95449895	-0.29788578	0.0015518351	1.7949865e-20	1
0	0.96897936	-0.246784	0.001438112	0.03769911	0	0	0.96897936	-0.246784	0.001438112	1.3120487e-20	1
0	0.97809047	-0.20778733	0.0013291829	0.050265484	0	0	0.97809047	-0.20778733	0.0013291829	8.2330886e-21	1
0	0.9839966	-0.17775424	0.0012322462	0.06283186	0	0	0.9839966	-0.17775424	0.0012322462	3.3086901e-21	1
