# t (s)	mx ()	my ()	mz ()	B_extx (T)	B_exty (T)	B_extz (T)	mx ()	my ()	mz ()	E_total (J)	maxTorque (T)	state_phase ()
0	0.14245734	-0.9897201	-0.0026975828	0	0	0	0.14245734	-0.9897201	-0.0026975828	2.9567917e-20	6.4554975e-08	-2
0	0.14245734	-0.9897201	-0.0026975828	1.256637e-07	0	0	0.14245734	-0.9897201	-0.0026975828	2.956791e-20	1.852498e-07	-2
0	0.14245734	-0.9897201	-0.0026975828	2.513274e-07	0	0	0.14245734	-0.9897201	-0.0026975828	2.9567904e-20	3.1004117e-07	-2
0	0.14245734	-0.9897201	-0.0026975828	6.283185e-07	0	0	0.14245734	-0.9897201	-0.0026975828	2.956788e-20	6.8348396e-07	-2
0	0.14245734	-0.9897201	-0.0026975828	1.256637e-06	0	0	0.14245734	-0.9897201	-0.0026975828	2.9567846e-20	1.3046471e-06	-2
0	0.14245734	-0.9897201	-0.0026975828	2.513274e-06	0	0	0.14245734	-0.9897201	-0.0026975828	2.9567775e-20	2.5497673e-06	-2
0	0.14245734	-0.9897201	-0.0026975828	6.2831855e-06	0	0	0.14245734	-0.9897201	-0.0026975828	2.956756e-20	6.2823337e-06	-2
0	0.14245734	-0.9897201	-0.0026975828	1.2566371e-05	0	0	0.14245734	-0.9897201	-0.0026975828	2.9567203e-20	1.2503278e-05	-2
0	0.14245734	-0.9897201	-0.0026975828	2.5132742e-05	0	0	0.14245734	-0.9897201	-0.0026975828	2.956649e-20	2.4948362e-05	-2
0	0.14561835	-0.9892596	-0.0027137354	6.283185e-05	0	0	0.14561835	-0.9892596	-0.0027137354	2.9564304e-20	1.6871972e-07	-2
0	0.14561835	-0.9892596	-0.0027137354	0.0001256637	0	0	0.14561835	-0.9892596	-0.0027137354	2.956065e-20	6.225654e-05	-2
0	0.15508652	-0.9878183	-0.0027615088	0.0002513274	0	0	0.15508652	-0.9878183	-0.0027615088	2.9552982e-20	1.4023873e-07	-2
0	0.1741218	-0.9846387	-0.0028546294	0.0006283185	0	0	0.1741218	-0.9846387	-0.0028546294	2.9528202e-20	1.5161896e-07	-2
0	0.19335884	-0.9810395	-0.0029444173	0.0010053096	0	0	0.19335884	-0.9810395	-0.0029444173	2.9500544e-20	5.8131914e-08	-2
0	0.20638844	-0.97837913	-0.0030025556	0.001256637	0	0	0.20638844	-0.97837913	-0.0030025556	2.9480488e-20	1.17858036e-07	-2
0	0.24004859	-0.9706633	-0.0031417115	0.0018849556	0	0	0.24004859	-0.9706633	-0.0031417115	2.9424514e-20	2.0140027e-07	-2
0	0.27634674	-0.9609524	-0.003271869	0.002513274	0	0	0.27634674	-0.9609524	-0.003271869	2.9359797e-20	2.280175e-07	-2
0	0.3717966	-0.92818356	-0.0034950157	0.0037699111	0	0	0.3717966	-0.92818356	-0.0034950157	2.919935e-20	3.201399e-07	-2
0	-0.9915592	-0.12903605	-0.0034693556	0.0062831854	0	0	-0.9915592	-0.12903605	-0.0034693556	2.995927e-20	1.8130994e-07	-2
0	-0.98980093	-0.14188433	-0.0034657894	0.009424778	0	0	-0.98980093	-0.14188433	-0.0034657894	3.1202254e-20	2.339843e-07	-2
0	0.9964319	0.08350637	0.003438286	0.012566371	0	0	0.9964319	0.08350637	0.003438286	2.24728e-20	1.6187441e-07	-2
0	0.9971347	0.07466052	0.0034218417	0.018849555	0	0	0.9971347	0.07466052	0.0034218417	1.9971568e-20	6.8526234e-08	-2
0	0.9976467	0.06748648	0.0034049111	0.025132742	0	0	0.9976467	0.06748648	0.0034049111	1.7468833e-20	7.945183e-08	-2
0	0.99832654	0.05657033	0.0033711279	0.03769911	0	0	0.99832654	0.05657033	0.0033711279	1.2460284e-20	5.6234324e-08	-2
0	0.99874425	0.048666514	0.0033383793	0.050265484	0	0	0.99874425	0.048666514	0.0033383793	7.449047e-21	2.5035776e-08	-2
0	0.9990188	0.042685866	0.0033069355	0.06283186	0	0	0.9990188	0.042685866	0.0033069355	2.4361101e-21	8.035544e-08	-2
0	-0.14245734	0.9897201	0.0026975828	0	0	0	-0.14245734	0.9897201	0.0026975828	2.9567917e-20	6.455497e-08	2
0	-0.14245734	0.9897201	0.0026975828	1.256637e-07	0	0	-0.14245734	0.9897201	0.0026975828	2.9567926e-20	1.8934409e-07	2
0	-0.14245734	0.9897201	0.0026975828	2.513274e-07	0	0	-0.14245734	0.9897201	0.0026975828	2.9567933e-20	3.1320374e-07	2
0	-0.14245734	0.9897201	0.0026975828	6.283185e-07	0	0	-0.14245734	0.9897201	0.0026975828	2.9567956e-20	6.8664633e-07	2
0	-0.14245734	0.9897201	0.0026975828	1.256637e-06	0	0	-0.14245734	0.9897201	0.0026975828	2.956799e-20	1.3078093e-06	2
0	-0.14245734	0.9897201	0.0026975828	2.513274e-06	0	0	-0.14245734	0.9897201	0.0026975828	2.9568062e-20	2.551998e-06	2
0	-0.14245734	0.9897201	0.0026975828	6.2831855e-06	0	0	-0.14245734	0.9897201	0.0026975828	2.9568275e-20	6.2817708e-06	2
0	-0.14245734	0.9897201	0.0026975828	1.2566371e-05	0	0	-0.14245734	0.9897201	0.0026975828	2.9568634e-20	1.249899e-05	2
0	-0.14245734	0.9897201	0.0026975828	2.5132742e-05	0	0	-0.14245734	0.9897201	0.0026975828	2.9569348e-20	2.4950557e-05	2
0	-0.13930064	0.99016976	0.002681354	6.283185e-05	0	0	-0.13930064	0.99016976	0.002681354	2.9571455e-20	5.791651e-08	2
0	-0.13614479	0.99060893	0.0026650329	0.0001256637	0	0	-0.13614479	0.99060893	0.0026650329	2.9574906e-20	1.4565958e-07	2
0	-0.12981936	0.9914584	0.0026320387	0.0002513274	0	0	-0.12981936	0.9914584	0.0026320387	2.958158e-20	6.8271866e-08	2
0	-0.11077601	0.99376833	0.0025305639	0.0006283185	0	0	-0.11077601	0.99376833	0.0025305639	2.9599692e-20	1.09241284e-07	2
0	-0.09149821	0.9957301	0.0024248909	0.0010053096	0	0	-0.09149821	0.9957301	0.0024248909	2.9614927e-20	5.3451647e-08	2
0	-0.078449056	0.99684405	0.002351889	0.001256637	0	0	-0.078449056	0.99684405	0.002351889	2.9623454e-20	4.494594e-08	2
0	-0.044761606	0.9989258	0.0021589585	0.0018849556	0	0	-0.044761606	0.9989258	0.0021589585	2.9638954e-20	6.713003e-08	2
0	-0.008673539	0.99989164	0.0019471655	0.002513274	0	0	-0.008673539	0.99989164	0.0019471655	2.964572e-20	3.3030773e-08	2
0	0.08032795	0.9966955	0.001419419	0.0037699111	0	0	0.08032795	0.9966955	0.001419419	2.962917e-20	9.564749e-08	2
0	-0.9915596	-0.12903257	-0.0034693582	0.0062831854	0	0	-0.9915596	-0.12903257	-0.0034693582	2.995927e-20	7.375406e-08	2
0	-0.9898014	-0.14188066	-0.0034657926	0.009424778	0	0	-0.9898014	-0.14188066	-0.0034657926	3.1202254e-20	1.347918e-07	2
0	-0.9874122	-0.15763947	-0.003455286	0.012566371	0	0	-0.9874122	-0.15763947	-0.003455286	3.244267e-20	2.2039215e-07	2
0	-0.9788686	-0.20405093	-0.0033888894	0.018849555	0	0	-0.9788686	-0.20405093	-0.0033888894	3.4911103e-20	1.4641543e-07	2
0	-0.9461452	-0.32340223	-0.0030087354	0.025132742	0	0	-0.9461452	-0.32340223	-0.0030087354	3.7339912e-20	4.1379758e-07	2
0	0.99832666	0.056569587	0.003371127	0.03769911	0	0	0.99832666	0.056569587	0.003371127	1.2460283e-20	4.7386408e-08	2
0	0.99874425	0.048666716	0.0033383793	0.050265484	0	0	0.99874425	0.048666716	0.0033383793	7.449047e-21	5.2907698e-08	2
0	0.9990187	0.042685807	0.003306935	0.06283186	0	0	0.9990187	0.042685807	0.003306935	2.4361101e-21	6.6127264e-08	2
