# t (s)	mx ()	my ()	mz ()	B_extx (T)	B_exty (T)	B_extz (T)	mx ()	my ()	mz ()	E_total (J)	branch ()
0	0.99710655	-0.07511586	-0.0009991999	0.06283186	0	0	0.99710655	-0.07511586	-0.0009991999	4.8102806e-21	-1
0	0.9957559	-0.09127116	-0.0010817709	0.050265484	0	0	0.9957559	-0.09127116	-0.0010817709	9.811192e-21	-1
0	0.99326384	-0.11524679	-0.001204133	0.03769911	0	0	0.99326384	-0.11524679	-0.001204133	1.4802825e-20	-1
0	0.9881108	-0.15324086	-0.0013992267	0.025132742	0	0	0.9881108	-0.15324086	-0.0013992267	1.977626e-20	-1
0	0.9833845	-0.18108797	-0.001542977	0.018849555	0	0	0.9833845	-0.18108797	-0.001542977	2.2250188e-20	-1
0	0.9758129	-0.21820968	-0.0017342519	0.012566371	0	0	0.9758129	-0.21820968	-0.0017342519	2.4709027e-20	-1
0	0.97028947	-0.24157128	-0.0018534975	0.009424778	0	0	0.97028947	-0.24157128	-0.0018534975	2.5929997e-20	-1
0	0.96297216	-0.2692445	-0.0019925763	0.0062831854	0	0	0.96297216	-0.2692445	-0.0019925763	2.714298e-20	-1
0	0.9553015	-0.29529104	-0.0021203524	0.0037699111	0	0	0.9553015	-0.29529104	-0.0021203524	2.8105827e-20	-1
0	0.95061123	-0.31004852	-0.0021910043	0.002513274	0	0	0.95061123	-0.31004852	-0.0021910043	2.85841e-20	-1
0	0.94802856	-0.31785285	-0.0022277771	0.0018849556	0	0	0.94802856	-0.31785285	-0.0022277771	2.882231e-20	-1
0	0.9452207	-0.3261025	-0.0022661563	0.001256637	0	0	0.9452207	-0.3261025	-0.0022661563	2.9059844e-20	-1
0	0.9452207	-0.3261025	-0.0022661563	0.0010053096	0	0	0.9452207	-0.3261025	-0.0022661563	2.9154714e-20	-1
0	0.9421952	-0.3347382	-0.0023057612	0.0006283185	0	0	0.9421952	-0.3347382	-0.0023057612	2.9296647e-20	-1
0	0.9421952	-0.3347382	-0.0023057612	0.0002513274	0	0	0.9421952	-0.3347382	-0.0023057612	2.94385e-20	-1
0	0.93958783	-0.34198415	-0.002338509	0.0001256637	0	0	0.93958783	-0.34198415	-0.002338509	2.9485522e-20	-1
0	0.93958783	-0.34198415	-0.002338509	6.283185e-05	0	0	0.93958783	-0.34198415	-0.002338509	2.95091e-20	-1
0	0.93958783	-0.34198415	-0.002338509	2.5132742e-05	0	0	0.93958783	-0.34198415	-0.002338509	2.9523246e-20	-1
0	0.93958783	-0.34198415	-0.002338509	1.2566371e-05	0	0	0.93958783	-0.34198415	-0.002338509	2.952796e-20	-1
0	0.93958783	-0.34198415	-0.002338509	6.2831855e-06	0	0	0.93958783	-0.34198415	-0.002338509	2.953032e-20	-1
0	0.93958783	-0.34198415	-0.002338509	2.513274e-06	0	0	0.93958783	-0.34198415	-0.002338509	2.953173e-20	-1
0	0.93958783	-0.34198415	-0.002338509	1.256637e-06	0	0	0.93958783	-0.34198415	-0.002338509	2.9532203e-20	-1
0	0.93958783	-0.34198415	-0.002338509	6.283185e-07	0	0	0.93958783	-0.34198415	-0.002338509	2.953244e-20	-1
0	0.93958783	-0.34198415	-0.002338509	2.513274e-07	0	0	0.93958783	-0.34198415	-0.002338509	2.953258e-20	-1
0	0.93958783	-0.34198415	-0.002338509	1.256637e-07	0	0	0.93958783	-0.34198415	-0.002338509	2.953263e-20	-1
0	0.93958783	-0.34198415	-0.002338509	0	0	0	0.93958783	-0.34198415	-0.002338509	2.9532674e-20	-1
0	0.93958783	-0.34198415	-0.002338509	-1.256637e-07	0	0	0.93958783	-0.34198415	-0.002338509	2.9532723e-20	-1
0	0.93958783	-0.34198415	-0.002338509	-2.513274e-07	0	0	0.93958783	-0.34198415	-0.002338509	2.9532768e-20	-1
0	0.93958783	-0.34198415	-0.002338509	-6.283185e-07	0	0	0.93958783	-0.34198415	-0.002338509	2.953291e-20	-1
0	0.93958783	-0.34198415	-0.002338509	-1.256637e-06	0	0	0.93958783	-0.34198415	-0.002338509	2.9533146e-20	-1
0	0.93958783	-0.34198415	-0.002338509	-2.513274e-06	0	0	0.93958783	-0.34198415	-0.002338509	2.9533618e-20	-1
0	0.93958783	-0.34198415	-0.002338509	-6.2831855e-06	0	0	0.93958783	-0.34198415	-0.002338509	2.9535033e-20	-1
0	0.93958783	-0.34198415	-0.002338509	-1.2566371e-05	0	0	0.93958783	-0.34198415	-0.002338509	2.9537392e-20	-1
0	0.93958783	-0.34198415	-0.002338509	-2.5132742e-05	0	0	0.93958783	-0.34198415	-0.002338509	2.9542106e-20	-1
0	0.93958783	-0.34198415	-0.002338509	-6.283185e-05	0	0	0.93958783	-0.34198415	-0.002338509	2.9556252e-20	-1
0	0.93958783	-0.34198415	-0.002338509	-0.0001256637	0	0	0.93958783	-0.34198415	-0.002338509	2.9579827e-20	-1
0	0.93958783	-0.34198415	-0.002338509	-0.0002513274	0	0	0.93958783	-0.34198415	-0.002338509	2.9626983e-20	-1
0	0.9353188	-0.35348567	-0.0023895237	-0.0006283185	0	0	0.9353188	-0.35348567	-0.0023895237	2.976781e-20	-1
0	0.9353188	-0.35348567	-0.0023895237	-0.0010053096	0	0	0.9353188	-0.35348567	-0.0023895237	2.9908625e-20	-1
0	0.931419	-0.36363125	-0.0024334746	-0.001256637	0	0	0.931419	-0.36363125	-0.0024334746	3.0002028e-20	-1
0	0.92708665	-0.3745324	-0.002479516	-0.0018849556	0	0	0.92708665	-0.3745324	-0.002479516	3.0235206e-20	-1
0	0.9223062	-0.38614798	-0.0025271387	-0.002513274	0	0	0.9223062	-0.38614798	-0.0025271387	3.0467246e-20	-1
0	0.910815	-0.4125086	-0.0026291471	-0.0037699111	0	0	0.910815	-0.4125086	-0.0026291471	3.092734e-20	-1
0	0.87078	-0.49138105	-0.0028725276	-0.0062831854	0	0	0.87078	-0.49138105	-0.0028725276	3.1824533e-20	-1
0	0.0009314427	-6.8767113e-06	6.0275197e-06	-0.009424778	0	0	0.0009314427	-6.8767113e-06	6.0275197e-06	2.219625e-18	-1
0	0.0012431195	-6.2231557e-06	8.024275e-06	-0.012566371	0	0	0.0012431195	-6.2231557e-06	8.024275e-06	2.2196265e-18	-1
0	0.0018664723	-4.916452e-06	1.2092292e-05	-0.018849555	0	0	0.0018664723	-4.916452e-06	1.2092292e-05	2.2196304e-18	-1
0	0.0024898248	-3.609748e-06	1.6115606e-05	-0.025132742	0	0	0.0024898248	-3.609748e-06	1.6115606e-05	2.2196356e-18	-1
0	0.0037365297	-9.941286e-07	2.4214387e-05	-0.03769911	0	0	0.0037365297	-9.941286e-07	2.4214387e-05	2.2196515e-18	-1
0	0.004983218	1.6208505e-06	3.2268465e-05	-0.050265484	0	0	0.004983218	1.6208505e-06	3.2268465e-05	2.2196732e-18	-1
0	0.0062298994	4.2375177e-06	4.0359795e-05	-0.06283186	0	0	0.0062298994	4.2375177e-06	4.0359795e-05	2.2197013e-18	-1
0	0.0062298994	4.2375177e-06	4.0359795e-05	-0.06283186	0	0	0.0062298994	4.2375177e-06	4.0359795e-05	2.2197013e-18	1
0	0.004983218	1.6208505e-06	3.2305717e-05	-0.050265484	0	0	0.004983218	1.6208505e-06	3.2305717e-05	2.219673e-18	1
0	0.0037365346	-9.868818e-07	2.4206936e-05	-0.03769911	0	0	0.0037365346	-9.868818e-07	2.4206936e-05	2.2196513e-18	1
0	0.0024898157	-3.6162091e-06	1.6145408e-05	-0.025132742	0	0	0.0024898157	-3.6162091e-06	1.6145408e-05	2.2196356e-18	1
0	0.0018664724	-4.91651e-06	1.2099743e-05	-0.018849555	0	0	0.0018664724	-4.91651e-06	1.2099743e-05	2.2196302e-18	1
0	0.0012431189	-6.223301e-06	8.046627e-06	-0.012566371	0	0	0.0012431189	-6.223301e-06	8.046627e-06	2.2196265e-18	1
0	0.000931439	-6.864895e-06	6.0275197e-06	-0.009424778	0	0	0.000931439	-6.864895e-06	6.0275197e-06	2.219625e-18	1
0	0.0006197647	-7.5292774e-06	4.0084124e-06	-0.0062831854	0	0	0.0006197647	-7.5292774e-06	4.0084124e-06	2.219624e-18	1
0	0.00037042325	-8.051604e-06	2.3841858e-06	-0.0037699111	0	0	0.00037042325	-8.051604e-06	2.3841858e-06	2.2196234e-18	1
0	0.0002457506	-8.314091e-06	1.5795231e-06	-0.002513274	0	0	0.0002457506	-8.314091e-06	1.5795231e-06	2.2196234e-18	1
0	0.00018341641	-8.443574e-06	1.1622906e-06	-0.0018849556	0	0	0.00018341641	-8.443574e-06	1.1622906e-06	2.2196232e-18	1
0	0.00012108032	-8.573901e-06	7.4505806e-07	-0.001256637	0	0	0.00012108032	-8.573901e-06	7.4505806e-07	2.2196232e-18	1
0	9.614695e-05	-8.6258515e-06	6.03497e-07	-0.0010053096	0	0	9.614695e-05	-8.6258515e-06	6.03497e-07	2.2196234e-18	1
0	5.8747362e-05	-8.704577e-06	3.6507845e-07	-0.0006283185	0	0	5.8747362e-05	-8.704577e-06	3.6507845e-07	2.2196234e-18	1
0	2.1344342e-05	-8.782954e-06	1.1175871e-07	-0.0002513274	0	0	2.1344342e-05	-8.782954e-06	1.1175871e-07	2.2196234e-18	1
0	8.87725e-06	-8.808827e-06	4.4703484e-08	-0.0001256637	0	0	8.87725e-06	-8.808827e-06	4.4703484e-08	2.2196234e-18	1
0	2.643501e-06	-8.822506e-06	-2.2351742e-08	-6.283185e-05	0	0	2.643501e-06	-8.822506e-06	-2.2351742e-08	2.2196234e-18	1
0	-1.0969234e-06	-8.829869e-06	-4.4703484e-08	-2.5132742e-05	0	0	-1.0969234e-06	-8.829869e-06	-4.4703484e-08	2.2196234e-18	1
0	-2.3431494e-06	-8.832052e-06	-5.2154064e-08	-1.2566371e-05	0	0	-2.3431494e-06	-8.832052e-06	-5.2154064e-08	2.2196234e-18	1
0	-2.966728e-06	-8.833915e-06	-5.2154064e-08	-6.2831855e-06	0	0	-2.966728e-06	-8.833915e-06	-5.2154064e-08	2.2196234e-18	1
0	-3.3405959e-06	-8.834701e-06	-5.2154064e-08	-2.513274e-06	0	0	-3.3405959e-06	-8.834701e-06	-5.2154064e-08	2.2196234e-18	1
0	-3.3405959e-06	-8.834701e-06	-5.2154064e-08	-1.256637e-06	0	0	-3.3405959e-06	-8.834701e-06	-5.2154064e-08	2.2196234e-18	1
0	-3.3405959e-06	-8.834701e-06	-5.2154064e-08	-6.283185e-07	0	0	-3.3405959e-06	-8.834701e-06	-5.2154064e-08	2.2196234e-18	1
0	-3.3405959e-06	-8.834701e-06	-5.2154064e-08	-2.513274e-07	0	0	-3.3405959e-06	-8.834701e-06	-5.2154064e-08	2.2196234e-18	1
0	-3.5774428e-06	-8.8352535e-06	-5.2154064e-08	-1.256637e-07	0	0	-3.5774428e-06	-8.8352535e-06	-5.2154064e-08	2.2196234e-18	1
0	-3.5774428e-06	-8.8352535e-06	-5.2154064e-08	0	0	0	-3.5774428e-06	-8.8352535e-06	-5.2154064e-08	2.2196234e-18	1
0	-3.5774428e-06	-8.8352535e-06	-5.2154064e-08	1.256637e-07	0	0	-3.5774428e-06	-8.8352535e-06	-5.2154064e-08	2.2196234e-18	1
0	-3.5774428e-06	-8.8352535e-06	-5.2154064e-08	2.513274e-07	0	0	-3.5774428e-06	-8.8352535e-06	-5.2154064e-08	2.2196234e-18	1
0	-3.5774428e-06	-8.8352535e-06	-5.2154064e-08	6.283185e-07	0	0	-3.5774428e-06	-8.8352535e-06	-5.2154064e-08	2.2196234e-18	1
0	-3.5774428e-06	-8.8352535e-06	-5.2154064e-08	1.256637e-06	0	0	-3.5774428e-06	-8.8352535e-06	-5.2154064e-08	2.2196234e-18	1
0	-3.839261e-06	-8.835777e-06	-5.2154064e-08	2.513274e-06	0	0	-3.839261e-06	-8.835777e-06	-5.2154064e-08	2.2196234e-18	1
0	-4.2133615e-06	-8.836563e-06	-5.2154064e-08	6.2831855e-06	0	0	-4.2133615e-06	-8.836563e-06	-5.2154064e-08	2.2196234e-18	1
0	-4.836824e-06	-8.837902e-06	-5.9604645e-08	1.2566371e-05	0	0	-4.836824e-06	-8.837902e-06	-5.9604645e-08	2.2196234e-18	1
0	-6.08305e-06	-8.840347e-06	-6.7055225e-08	2.5132742e-05	0	0	-6.08305e-06	-8.840347e-06	-6.7055225e-08	2.2196234e-18	1
0	-9.822892e-06	-8.848525e-06	-6.7055225e-08	6.283185e-05	0	0	-9.822892e-06	-8.848525e-06	-6.7055225e-08	2.2196234e-18	1
0	-1.6057049e-05	-8.861389e-06	-1.3411045e-07	0.0001256637	0	0	-1.6057049e-05	-8.861389e-06	-1.3411045e-07	2.2196234e-18	1
0	-2.8524315e-05	-8.887699e-06	-2.2351742e-07	0.0002513274	0	0	-2.8524315e-05	-8.887699e-06	-2.2351742e-07	2.2196232e-18	1
0	-6.59927e-05	-8.963485e-06	-4.3213367e-07	0.0006283185	0	0	-6.59927e-05	-8.963485e-06	-4.3213367e-07	2.2196234e-18	1
0	-0.00010333379	-8.979434e-06	-7.0780516e-07	0.0010053096	0	0	-0.00010333379	-8.979434e-06	-7.0780516e-07	2.2196232e-18	1
0	-0.00012827531	-9.109441e-06	-8.6426735e-07	0.001256637	0	0	-0.00012827531	-9.109441e-06	-8.6426735e-07	2.2196232e-18	1
0	-0.00019076443	-9.242591e-06	-1.244247e-06	0.0018849556	0	0	-0.00019076443	-9.242591e-06	-1.244247e-06	2.2196234e-18	1
0	-0.00025291834	-9.3922135e-06	-1.6465783e-06	0.002513274	0	0	-0.00025291834	-9.3922135e-06	-1.6465783e-06	2.2196234e-18	1
0	-0.00037760293	-9.618612e-06	-2.4586916e-06	0.0037699111	0	0	-0.00037760293	-9.618612e-06	-2.4586916e-06	2.2196234e-18	1
0	-0.0006269446	-1.0140822e-05	-4.0978193e-06	0.0062831854	0	0	-0.0006269446	-1.0140822e-05	-4.0978193e-06	2.219624e-18	1
0	-0.00093862304	-1.0793621e-05	-6.131828e-06	0.009424778	0	0	-0.00093862304	-1.0793621e-05	-6.131828e-06	2.219625e-18	1
0	-0.0012502982	-1.1445984e-05	-8.150935e-06	0.012566371	0	0	-0.0012502982	-1.1445984e-05	-8.150935e-06	2.2196263e-18	1
0	-0.0018736535	-1.275097e-05	-1.21966e-05	0.018849555	0	0	-0.0018736535	-1.275097e-05	-1.21966e-05	2.2196304e-18	1
0	-0.0024970043	-1.4055375e-05	-1.6234815e-05	0.025132742	0	0	-0.0024970043	-1.4055375e-05	-1.6234815e-05	2.2196358e-18	1
0	-0.003743706	-1.6663224e-05	-2.4311244e-05	0.03769911	0	0	-0.003743706	-1.6663224e-05	-2.4311244e-05	2.2196513e-18	1
0	-0.004990451	-1.9251398e-05	-3.2424927e-05	0.050265484	0	0	-0.004990451	-1.9251398e-05	-3.2424927e-05	2.2196734e-18	1
0	-0.006237081	-2.1874264e-05	-4.0523708e-05	0.06283186	0	0	-0.006237081	-2.1874264e-05	-4.0523708e-05	2.2197015e-18	1
