# t (s)	mx ()	my ()	mz ()	B_extx (T)	B_exty (T)	B_extz (T)	mx ()	my ()	mz ()	E_total (J)	branch ()
0	-0.025514247	0.99960864	0.0012069187	0	0.06283186	0	-0.025514247	0.99960864	0.0012069187	4.567851e-21	-1
0	-0.03016198	0.99947834	0.0012151513	0	0.050265484	0	-0.03016198	0.99947834	0.0012151513	9.584097e-21	-1
0	-0.036863513	0.9992527	0.0012226922	0	0.03769911	0	-0.036863513	0.9992527	0.0012226922	1.4599473e-20	-1
0	-0.047342278	0.99881	0.0012285907	0	0.025132742	0	-0.047342278	0.99881	0.0012285907	1.9613254e-20	-1
0	-0.055120125	0.9984102	0.0012302812	0	0.018849555	0	-0.055120125	0.9984102	0.0012302812	2.211906e-20	-1
0	-0.06588821	0.9977566	0.001230238	0	0.012566371	0	-0.06588821	0.9977566	0.001230238	2.462357e-20	-1
0	-0.07298743	0.99726176	0.0012291486	0	0.009424778	0	-0.07298743	0.99726176	0.0012291486	2.5875085e-20	-1
0	-0.08177362	0.9965791	0.0012269095	0	0.0062831854	0	-0.08177362	0.9965791	0.0012269095	2.712587e-20	-1
0	-0.09043438	0.9958298	0.0012238838	0	0.0037699111	0	-0.09043438	0.9958298	0.0012238838	2.8125782e-20	-1
0	-0.09547854	0.99535847	0.0012218768	0	0.002513274	0	-0.09547854	0.99535847	0.0012218768	2.8625422e-20	-1
0	-0.09820602	0.99509275	0.0012206854	0	0.0018849556	0	-0.09820602	0.99509275	0.0012206854	2.887515e-20	-1
0	-0.10110487	0.9948022	0.0012193562	0	0.001256637	0	-0.10110487	0.9948022	0.0012193562	2.9124803e-20	-1
0	-0.10110487	0.9948022	0.0012193562	0	0.0010053096	0	-0.10110487	0.9948022	0.0012193562	2.9224653e-20	-1
0	-0.104186416	0.9944839	0.0012178735	0	0.0006283185	0	-0.104186416	0.9944839	0.0012178735	2.9374392e-20	-1
0	-0.106108025	0.9942806	0.0012169156	0	0.0002513274	0	-0.106108025	0.9942806	0.0012169156	2.95241e-20	-1
0	-0.106108025	0.9942806	0.0012169156	0	0.0001256637	0	-0.106108025	0.9942806	0.0012169156	2.9573995e-20	-1
0	-0.106108025	0.9942806	0.0012169156	0	6.283185e-05	0	-0.106108025	0.9942806	0.0012169156	2.9598946e-20	-1
0	-0.106108025	0.9942806	0.0012169156	0	2.5132742e-05	0	-0.106108025	0.9942806	0.0012169156	2.9613916e-20	-1
0	-0.106108025	0.9942806	0.0012169156	0	1.2566371e-05	0	-0.106108025	0.9942806	0.0012169156	2.9618905e-20	-1
0	-0.106108025	0.9942806	0.0012169156	0	6.2831855e-06	0	-0.106108025	0.9942806	0.0012169156	2.96214e-20	-1
0	-0.106108025	0.9942806	0.0012169156	0	2.513274e-06	0	-0.106108025	0.9942806	0.0012169156	2.9622895e-20	-1
0	-0.106108025	0.9942806	0.0012169156	0	1.256637e-06	0	-0.106108025	0.9942806	0.0012169156	2.9623396e-20	-1
0	-0.106108025	0.9942806	0.0012169156	0	6.283185e-07	0	-0.106108025	0.9942806	0.0012169156	2.9623645e-20	-1
0	-0.106108025	0.9942806	0.0012169156	0	2.513274e-07	0	-0.106108025	0.9942806	0.0012169156	2.9623793e-20	-1
0	-0.106108025	0.9942806	0.0012169156	0	1.256637e-07	0	-0.106108025	0.9942806	0.0012169156	2.9623845e-20	-1
0	-0.106108025	0.9942806	0.0012169156	0	0	0	-0.106108025	0.9942806	0.0012169156	2.9623894e-20	-1
0	-0.106108025	0.9942806	0.0012169156	0	-1.256637e-07	0	-0.106108025	0.9942806	0.0012169156	2.9623945e-20	-1
0	-0.106108025	0.9942806	0.0012169156	0	-2.513274e-07	0	-0.106108025	0.9942806	0.0012169156	2.9623994e-20	-1
0	-0.106108025	0.9942806	0.0012169156	0	-6.283185e-07	0	-0.106108025	0.9942806	0.0012169156	2.9624142e-20	-1
0	-0.106108025	0.9942806	0.0012169156	0	-1.256637e-06	0	-0.106108025	0.9942806	0.0012169156	2.9624394e-20	-1
0	-0.106108025	0.9942806	0.0012169156	0	-2.513274e-06	0	-0.106108025	0.9942806	0.0012169156	2.9624892e-20	-1
0	-0.106108025	0.9942806	0.0012169156	0	-6.2831855e-06	0	-0.106108025	0.9942806	0.0012169156	2.9626388e-20	-1
0	-0.106108025	0.9942806	0.0012169156	0	-1.2566371e-05	0	-0.106108025	0.9942806	0.0012169156	2.9628883e-20	-1
0	-0.106108025	0.9942806	0.0012169156	0	-2.5132742e-05	0	-0.106108025	0.9942806	0.0012169156	2.9633875e-20	-1
0	-0.10777891	0.99410063	0.0012160672	0	-6.283185e-05	0	-0.10777891	0.99410063	0.0012160672	2.9648835e-20	-1
0	-0.10777891	0.99410063	0.0012160672	0	-0.0001256637	0	-0.10777891	0.99410063	0.0012160672	2.967378e-20	-1
0	-0.10777891	0.99410063	0.0012160672	0	-0.0002513274	0	-0.10777891	0.99410063	0.0012160672	2.972367e-20	-1
0	-0.11091899	0.99375486	0.001214412	0	-0.0006283185	0	-0.11091899	0.99375486	0.001214412	2.9873292e-20	-1
0	-0.113105424	0.9935082	0.0012132274	0	-0.0010053096	0	-0.113105424	0.9935082	0.0012132274	3.002289e-20	-1
0	-0.113105424	0.9935082	0.0012132274	0	-0.001256637	0	-0.113105424	0.9935082	0.0012132274	3.012261e-20	-1
0	-0.11857024	0.9928703	0.0012101304	0	-0.0018849556	0	-0.11857024	0.9928703	0.0012101304	3.0371794e-20	-1
0	-0.1228332	0.99235153	0.0012075874	0	-0.002513274	0	-0.1228332	0.99235153	0.0012075874	3.062087e-20	-1
0	-0.13236251	0.9911244	0.0012015359	0	-0.0037699111	0	-0.13236251	0.9911244	0.0012015359	3.111858e-20	-1
0	-0.15704882	0.98751074	0.0011836966	0	-0.0062831854	0	-0.15704882	0.98751074	0.0011836966	3.2111723e-20	-1
0	-0.21005505	0.9776012	0.0011363927	0	-0.009424778	0	-0.21005505	0.9776012	0.0011363927	3.3345534e-20	-1
0	-0.9034933	-0.4283086	0.00020948918	0	-0.012566371	0	-0.9034933	-0.4283086	0.00020948918	2.6074641e-20	-1
0	0.055136524	-0.99840933	-0.0012302608	0	-0.018849555	0	0.055136524	-0.99840933	-0.0012302608	2.2119055e-20	-1
0	0.047343813	-0.99880993	-0.0012285934	0	-0.025132742	0	0.047343813	-0.99880993	-0.0012285934	1.9613252e-20	-1
0	0.036870405	-0.99925244	-0.0012226849	0	-0.03769911	0	0.036870405	-0.99925244	-0.0012226849	1.4599474e-20	-1
0	0.030168643	-0.9994781	-0.001215172	0	-0.050265484	0	0.030168643	-0.9994781	-0.001215172	9.584093e-21	-1
0	0.025516242	-0.99960864	-0.00120692	0	-0.06283186	0	0.025516242	-0.99960864	-0.00120692	4.567854e-21	-1
0	0.025516242	-0.99960864	-0.00120692	0	-0.06283186	0	0.025516242	-0.99960864	-0.00120692	4.567854e-21	1
0	0.030164856	-0.9994783	-0.0012151666	0	-0.050265484	0	0.030164856	-0.9994783	-0.0012151666	9.584095e-21	1
0	0.03686692	-0.99925256	-0.0012226905	0	-0.03769911	0	0.03686692	-0.99925256	-0.0012226905	1.459947e-20	1
0	0.04733344	-0.9988104	-0.0012285956	0	-0.025132742	0	0.04733344	-0.9988104	-0.0012285956	1.9613254e-20	1
0	0.05511737	-0.99841034	-0.0012302697	0	-0.018849555	0	0.05511737	-0.99841034	-0.0012302697	2.2119057e-20	1
0	0.06589344	-0.99775624	-0.0012302354	0	-0.012566371	0	0.06589344	-0.99775624	-0.0012302354	2.4623572e-20	1
0	0.072993234	-0.9972614	-0.0012291458	0	-0.009424778	0	0.072993234	-0.9972614	-0.0012291458	2.5875084e-20	1
0	0.08175786	-0.9965805	-0.0012269183	0	-0.0062831854	0	0.08175786	-0.9965805	-0.0012269183	2.712587e-20	1
0	0.0904388	-0.99582946	-0.0012239199	0	-0.0037699111	0	0.0904388	-0.99582946	-0.0012239199	2.8125782e-20	1
0	0.09547748	-0.9953586	-0.0012218759	0	-0.002513274	0	0.09547748	-0.9953586	-0.0012218759	2.8625422e-20	1
0	0.09823267	-0.9950902	-0.0012206684	0	-0.0018849556	0	0.09823267	-0.9950902	-0.0012206684	2.887515e-20	1
0	0.10106541	-0.9948062	-0.0012193817	0	-0.001256637	0	0.10106541	-0.9948062	-0.0012193817	2.912481e-20	1
0	0.10230756	-0.9946791	-0.0012187874	0	-0.0010053096	0	0.10230756	-0.9946791	-0.0012187874	2.922465e-20	1
0	0.10418101	-0.9944844	-0.0012178957	0	-0.0006283185	0	0.10418101	-0.9944844	-0.0012178957	2.937439e-20	1
0	0.10609869	-0.99428153	-0.0012169259	0	-0.0002513274	0	0.10609869	-0.99428153	-0.0012169259	2.95241e-20	1
0	0.10609869	-0.99428153	-0.0012169259	0	-0.0001256637	0	0.10609869	-0.99428153	-0.0012169259	2.9573995e-20	1
0	0.10609869	-0.99428153	-0.0012169259	0	-6.283185e-05	0	0.10609869	-0.99428153	-0.0012169259	2.9598946e-20	1
0	0.10609869	-0.99428153	-0.0012169259	0	-2.5132742e-05	0	0.10609869	-0.99428153	-0.0012169259	2.9613912e-20	1
0	0.10609869	-0.99428153	-0.0012169259	0	-1.2566371e-05	0	0.10609869	-0.99428153	-0.0012169259	2.9618905e-20	1
0	0.10609869	-0.99428153	-0.0012169259	0	-6.2831855e-06	0	0.10609869	-0.99428153	-0.0012169259	2.96214e-20	1
0	0.10609869	-0.99428153	-0.0012169259	0	-2.513274e-06	0	0.10609869	-0.99428153	-0.0012169259	2.9622895e-20	1
0	0.10609869	-0.99428153	-0.0012169259	0	-1.256637e-06	0	0.10609869	-0.99428153	-0.0012169259	2.9623396e-20	1
0	0.10609869	-0.99428153	-0.0012169259	0	-6.283185e-07	0	0.10609869	-0.99428153	-0.0012169259	2.9623645e-20	1
0	0.10609869	-0.99428153	-0.0012169259	0	-2.513274e-07	0	0.10609869	-0.99428153	-0.0012169259	2.9623793e-20	1
0	0.10609869	-0.99428153	-0.0012169259	0	-1.256637e-07	0	0.10609869	-0.99428153	-0.0012169259	2.9623842e-20	1
0	0.10609869	-0.99428153	-0.0012169259	0	0	0	0.10609869	-0.99428153	-0.0012169259	2.9623894e-20	1
0	0.10609869	-0.99428153	-0.0012169259	0	1.256637e-07	0	0.10609869	-0.99428153	-0.0012169259	2.9623942e-20	1
0	0.10609869	-0.99428153	-0.0012169259	0	2.513274e-07	0	0.10609869	-0.99428153	-0.0012169259	2.9623994e-20	1
0	0.10609869	-0.99428153	-0.0012169259	0	6.283185e-07	0	0.10609869	-0.99428153	-0.0012169259	2.9624142e-20	1
0	0.10609869	-0.99428153	-0.0012169259	0	1.256637e-06	0	0.10609869	-0.99428153	-0.0012169259	2.962439e-20	1
0	0.10609869	-0.99428153	-0.0012169259	0	2.513274e-06	0	0.10609869	-0.99428153	-0.0012169259	2.9624892e-20	1
0	0.10609869	-0.99428153	-0.0012169259	0	6.2831855e-06	0	0.10609869	-0.99428153	-0.0012169259	2.9626388e-20	1
0	0.10609869	-0.99428153	-0.0012169259	0	1.2566371e-05	0	0.10609869	-0.99428153	-0.0012169259	2.9628883e-20	1
0	0.10609869	-0.99428153	-0.0012169259	0	2.5132742e-05	0	0.10609869	-0.99428153	-0.0012169259	2.963387e-20	1
0	0.10778078	-0.99410045	-0.0012160656	0	6.283185e-05	0	0.10778078	-0.99410045	-0.0012160656	2.9648835e-20	1
0	0.10778078	-0.99410045	-0.0012160656	0	0.0001256637	0	0.10778078	-0.99410045	-0.0012160656	2.967378e-20	1
0	0.10778078	-0.99410045	-0.0012160656	0	0.0002513274	0	0.10778078	-0.99410045	-0.0012160656	2.972367e-20	1
0	0.11092478	-0.99375427	-0.0012144058	0	0.0006283185	0	0.11092478	-0.99375427	-0.0012144058	2.9873295e-20	1
0	0.11310974	-0.99350774	-0.0012132309	0	0.0010053096	0	0.11310974	-0.99350774	-0.0012132309	3.0022892e-20	1
0	0.11310974	-0.99350774	-0.0012132309	0	0.001256637	0	0.11310974	-0.99350774	-0.0012132309	3.012261e-20	1
0	0.1185873	-0.99286824	-0.0012101165	0	0.0018849556	0	0.1185873	-0.99286824	-0.0012101165	3.0371794e-20	1
0	0.122850165	-0.9923494	-0.0012075768	0	0.002513274	0	0.122850165	-0.9923494	-0.0012075768	3.062087e-20	1
0	0.13239315	-0.99112034	-0.0012015124	0	0.0037699111	0	0.13239315	-0.99112034	-0.0012015124	3.111858e-20	1
0	0.15706587	-0.987508	-0.0011836833	0	0.0062831854	0	0.15706587	-0.987508	-0.0011836833	3.2111727e-20	1
0	0.21003854	-0.97760475	-0.0011364105	0	0.009424778	0	0.21003854	-0.97760475	-0.0011364105	3.3345537e-20	1
0	0.90346754	0.42836303	-0.00020942508	0	0.012566371	0	0.90346754	0.42836303	-0.00020942508	2.6074641e-20	1
0	-0.05513145	0.9984096	0.0012302632	0	0.018849555	0	-0.05513145	0.9984096	0.0012302632	2.2119057e-20	1
0	-0.047349058	0.99880964	0.0012285884	0	0.025132742	0	-0.047349058	0.99880964	0.0012285884	1.9613255e-20	1
0	-0.036867782	0.9992525	0.00122269	0	0.03769911	0	-0.036867782	0.9992525	0.00122269	1.4599473e-20	1
0	-0.030168097	0.99947816	0.0012151629	0	0.050265484	0	-0.030168097	0.99947816	0.0012151629	9.5840934e-21	1
0	-0.025519181	0.9996085	0.0012069176	0	0.06283186	0	-0.025519181	0.9996085	0.0012069176	4.567852e-21	1
