# t (s)	mx ()	my ()	mz ()	B_extx (T)	B_exty (T)	B_extz (T)	mx ()	my ()	mz ()	E_total (J)	branch ()
0	0.9974253	0.07047539	-0.0064536585	0.06283186	0	0	0.9974253	0.07047539	-0.0064536585	4.3031188e-21	-1
0	0.9963232	0.08461861	-0.0065101553	0.050265484	0	0	0.9963232	0.08461861	-0.0065101553	9.306184e-21	-1
0	0.99436283	0.105157204	-0.0065589827	0.03769911	0	0	0.99436283	0.105157204	-0.0065589827	1.4301825e-20	-1
0	0.9904885	0.13689688	-0.0065815803	0.025132742	0	0	0.9904885	0.13689688	-0.0065815803	1.9283503e-20	-1
0	0.9870635	0.15971324	-0.0065677697	0.018849555	0	0	0.9870635	0.15971324	-0.0065677697	2.1764891e-20	-1
0	0.9817276	0.18975328	-0.006517797	0.012566371	0	0	0.9817276	0.18975328	-0.006517797	2.4235499e-20	-1
0	0.9779249	0.20845449	-0.006470219	0.009424778	0	0	0.9779249	0.20845449	-0.006470219	2.5464915e-20	-1
0	0.9730009	0.2303338	-0.0063997246	0.0062831854	0	0	0.9730009	0.2303338	-0.0063997246	2.6688897e-20	-1
0	0.9679463	0.25071594	-0.0063203964	0.0037699111	0	0	0.9679463	0.25071594	-0.0063203964	2.7663055e-20	-1
0	0.96493316	0.2620673	-0.006270743	0.002513274	0	0	0.96493316	0.2620673	-0.006270743	2.814808e-20	-1
0	0.96329725	0.2680146	-0.0062432447	0.0018849556	0	0	0.96329725	0.2680146	-0.0062432447	2.839001e-20	-1
0	0.96153665	0.2742604	-0.006213213	0.001256637	0	0	0.96153665	0.2742604	-0.006213213	2.8631506e-20	-1
0	0.96153665	0.2742604	-0.006213213	0.0010053096	0	0	0.96153665	0.2742604	-0.006213213	2.8728015e-20	-1
0	0.9596654	0.28073448	-0.006180959	0.0006283185	0	0	0.9596654	0.28073448	-0.006180959	2.8872545e-20	-1
0	0.9584812	0.28474915	-0.0061603524	0.0002513274	0	0	0.9584812	0.28474915	-0.0061603524	2.901694e-20	-1
0	0.9584812	0.28474915	-0.0061603524	0.0001256637	0	0	0.9584812	0.28474915	-0.0061603524	2.9065043e-20	-1
0	0.9584812	0.28474915	-0.0061603524	6.283185e-05	0	0	0.9584812	0.28474915	-0.0061603524	2.9089092e-20	-1
0	0.9584812	0.28474915	-0.0061603524	2.5132742e-05	0	0	0.9584812	0.28474915	-0.0061603524	2.9103523e-20	-1
0	0.9584812	0.28474915	-0.0061603524	1.2566371e-05	0	0	0.9584812	0.28474915	-0.0061603524	2.9108334e-20	-1
0	0.9584812	0.28474915	-0.0061603524	6.2831855e-06	0	0	0.9584812	0.28474915	-0.0061603524	2.9110738e-20	-1
0	0.9584812	0.28474915	-0.0061603524	2.513274e-06	0	0	0.9584812	0.28474915	-0.0061603524	2.9112182e-20	-1
0	0.9584812	0.28474915	-0.0061603524	1.256637e-06	0	0	0.9584812	0.28474915	-0.0061603524	2.911266e-20	-1
0	0.9584812	0.28474915	-0.0061603524	6.283185e-07	0	0	0.9584812	0.28474915	-0.0061603524	2.9112903e-20	-1
0	0.9584812	0.28474915	-0.0061603524	2.513274e-07	0	0	0.9584812	0.28474915	-0.0061603524	2.9113045e-20	-1
0	0.9584812	0.28474915	-0.0061603524	1.256637e-07	0	0	0.9584812	0.28474915	-0.0061603524	2.9113093e-20	-1
0	0.9584812	0.28474915	-0.0061603524	0	0	0	0.9584812	0.28474915	-0.0061603524	2.9113142e-20	-1
0	0.9584812	0.28474915	-0.0061603524	-1.256637e-07	0	0	0.9584812	0.28474915	-0.0061603524	2.911319e-20	-1
0	0.9584812	0.28474915	-0.0061603524	-2.513274e-07	0	0	0.9584812	0.28474915	-0.0061603524	2.911324e-20	-1
0	0.9584812	0.28474915	-0.0061603524	-6.283185e-07	0	0	0.9584812	0.28474915	-0.0061603524	2.9113384e-20	-1
0	0.9584812	0.28474915	-0.0061603524	-1.256637e-06	0	0	0.9584812	0.28474915	-0.0061603524	2.9113623e-20	-1
0	0.9584812	0.28474915	-0.0061603524	-2.513274e-06	0	0	0.9584812	0.28474915	-0.0061603524	2.9114105e-20	-1
0	0.9584812	0.28474915	-0.0061603524	-6.2831855e-06	0	0	0.9584812	0.28474915	-0.0061603524	2.911555e-20	-1
0	0.9584812	0.28474915	-0.0061603524	-1.2566371e-05	0	0	0.9584812	0.28474915	-0.0061603524	2.9117953e-20	-1
0	0.9584812	0.28474915	-0.0061603524	-2.5132742e-05	0	0	0.9584812	0.28474915	-0.0061603524	2.9122764e-20	-1
0	0.9584812	0.28474915	-0.0061603524	-6.283185e-05	0	0	0.9584812	0.28474915	-0.0061603524	2.9137195e-20	-1
0	0.9572407	0.28888953	-0.00613862	-0.0001256637	0	0	0.9572407	0.28888953	-0.00613862	2.9161154e-20	-1
0	0.9572407	0.28888953	-0.00613862	-0.0002513274	0	0	0.9572407	0.28888953	-0.00613862	2.9209192e-20	-1
0	0.9555187	0.294532	-0.0061082635	-0.0006283185	0	0	0.9555187	0.294532	-0.0061082635	2.9353137e-20	-1
0	0.9541539	0.29892156	-0.006084037	-0.0010053096	0	0	0.9541539	0.29892156	-0.006084037	2.949689e-20	-1
0	0.9541539	0.29892156	-0.006084037	-0.001256637	0	0	0.9541539	0.29892156	-0.006084037	2.9592658e-20	-1
0	0.95072484	0.30964905	-0.0060226535	-0.0018849556	0	0	0.95072484	0.30964905	-0.0060226535	2.983149e-20	-1
0	0.9480593	0.31771266	-0.0059745414	-0.002513274	0	0	0.9480593	0.31771266	-0.0059745414	3.0069718e-20	-1
0	0.9420048	0.33522984	-0.005864266	-0.0037699111	0	0	0.9420048	0.33522984	-0.005864266	3.0544022e-20	-1
0	0.9259214	0.37736925	-0.0055687525	-0.0062831854	0	0	0.9259214	0.37736925	-0.0055687525	3.148198e-20	-1
0	0.8879849	0.4595576	-0.0048866067	-0.009424778	0	0	0.8879849	0.4595576	-0.0048866067	3.2623493e-20	-1
0	-0.6094687	0.7926057	-0.0032237829	-0.012566371	0	0	-0.6094687	0.7926057	-0.0032237829	2.517722e-20	-1
0	-0.98706293	-0.15971723	0.0065677627	-0.018849555	0	0	-0.98706293	-0.15971723	0.0065677627	2.1764894e-20	-1
0	-0.99048793	-0.13690051	0.0065815737	-0.025132742	0	0	-0.99048793	-0.13690051	0.0065815737	1.9283501e-20	-1
0	-0.9943625	-0.105160564	0.0065589966	-0.03769911	0	0	-0.9943625	-0.105160564	0.0065589966	1.4301822e-20	-1
0	-0.9963232	-0.08461931	0.0065101553	-0.050265484	0	0	-0.9963232	-0.08461931	0.0065101553	9.306181e-21	-1
0	-0.9974251	-0.07047805	0.0064536594	-0.06283186	0	0	-0.9974251	-0.07047805	0.0064536594	4.303118e-21	-1
0	-0.9974251	-0.07047805	0.0064536594	-0.06283186	0	0	-0.9974251	-0.07047805	0.0064536594	4.303118e-21	1
0	-0.99632347	-0.08461559	0.0065101534	-0.050265484	0	0	-0.99632347	-0.08461559	0.0065101534	9.3061826e-21	1
0	-0.99436307	-0.105154425	0.0065589836	-0.03769911	0	0	-0.99436307	-0.105154425	0.0065589836	1.4301825e-20	1
0	-0.9904902	-0.13688435	0.0065816008	-0.025132742	0	0	-0.9904902	-0.13688435	0.0065816008	1.92835e-20	1
0	-0.98706305	-0.15971619	0.0065677613	-0.018849555	0	0	-0.98706305	-0.15971619	0.0065677613	2.1764894e-20	1
0	-0.9817289	-0.18974619	0.0065178145	-0.012566371	0	0	-0.9817289	-0.18974619	0.0065178145	2.4235502e-20	1
0	-0.9779241	-0.20845821	0.0064701983	-0.009424778	0	0	-0.9779241	-0.20845821	0.0064701983	2.5464915e-20	1
0	-0.97300076	-0.2303341	0.006399719	-0.0062831854	0	0	-0.97300076	-0.2303341	0.006399719	2.6688894e-20	1
0	-0.9679452	-0.2507202	0.006320375	-0.0037699111	0	0	-0.9679452	-0.2507202	0.006320375	2.766306e-20	1
0	-0.96493685	-0.2620535	0.0062708147	-0.002513274	0	0	-0.96493685	-0.2620535	0.0062708147	2.8148087e-20	1
0	-0.96329606	-0.26801896	0.0062432224	-0.0018849556	0	0	-0.96329606	-0.26801896	0.0062432224	2.8390005e-20	1
0	-0.9615433	-0.27423722	0.0062133563	-0.001256637	0	0	-0.9615433	-0.27423722	0.0062133563	2.8631506e-20	1
0	-0.9615433	-0.27423722	0.0062133563	-0.0010053096	0	0	-0.9615433	-0.27423722	0.0062133563	2.8728018e-20	1
0	-0.95966786	-0.28072608	0.0061810287	-0.0006283185	0	0	-0.95966786	-0.28072608	0.0061810287	2.8872545e-20	1
0	-0.9584818	-0.28474718	0.006160364	-0.0002513274	0	0	-0.9584818	-0.28474718	0.006160364	2.901694e-20	1
0	-0.9584818	-0.28474718	0.006160364	-0.0001256637	0	0	-0.9584818	-0.28474718	0.006160364	2.9065043e-20	1
0	-0.9584818	-0.28474718	0.006160364	-6.283185e-05	0	0	-0.9584818	-0.28474718	0.006160364	2.9089092e-20	1
0	-0.9584818	-0.28474718	0.006160364	-2.5132742e-05	0	0	-0.9584818	-0.28474718	0.006160364	2.9103523e-20	1
0	-0.9584818	-0.28474718	0.006160364	-1.2566371e-05	0	0	-0.9584818	-0.28474718	0.006160364	2.9108334e-20	1
0	-0.9584818	-0.28474718	0.006160364	-6.2831855e-06	0	0	-0.9584818	-0.28474718	0.006160364	2.9110738e-20	1
0	-0.9584818	-0.28474718	0.006160364	-2.513274e-06	0	0	-0.9584818	-0.28474718	0.006160364	2.9112182e-20	1
0	-0.9584818	-0.28474718	0.006160364	-1.256637e-06	0	0	-0.9584818	-0.28474718	0.006160364	2.9112664e-20	1
0	-0.9584818	-0.28474718	0.006160364	-6.283185e-07	0	0	-0.9584818	-0.28474718	0.006160364	2.9112903e-20	1
0	-0.9584818	-0.28474718	0.006160364	-2.513274e-07	0	0	-0.9584818	-0.28474718	0.006160364	2.9113048e-20	1
0	-0.9584818	-0.28474718	0.006160364	-1.256637e-07	0	0	-0.9584818	-0.28474718	0.006160364	2.9113097e-20	1
0	-0.9584818	-0.28474718	0.006160364	0	0	0	-0.9584818	-0.28474718	0.006160364	2.9113142e-20	1
0	-0.9584818	-0.28474718	0.006160364	1.256637e-07	0	0	-0.9584818	-0.28474718	0.006160364	2.911319e-20	1
0	-0.9584818	-0.28474718	0.006160364	2.513274e-07	0	0	-0.9584818	-0.28474718	0.006160364	2.911324e-20	1
0	-0.9584818	-0.28474718	0.006160364	6.283185e-07	0	0	-0.9584818	-0.28474718	0.006160364	2.9113384e-20	1
0	-0.9584818	-0.28474718	0.006160364	1.256637e-06	0	0	-0.9584818	-0.28474718	0.006160364	2.9113623e-20	1
0	-0.9584818	-0.28474718	0.006160364	2.513274e-06	0	0	-0.9584818	-0.28474718	0.006160364	2.9114105e-20	1
0	-0.9584818	-0.28474718	0.006160364	6.2831855e-06	0	0	-0.9584818	-0.28474718	0.006160364	2.911555e-20	1
0	-0.9584818	-0.28474718	0.006160364	1.2566371e-05	0	0	-0.9584818	-0.28474718	0.006160364	2.9117953e-20	1
0	-0.9584818	-0.28474718	0.006160364	2.5132742e-05	0	0	-0.9584818	-0.28474718	0.006160364	2.9122764e-20	1
0	-0.9584818	-0.28474718	0.006160364	6.283185e-05	0	0	-0.9584818	-0.28474718	0.006160364	2.9137195e-20	1
0	-0.95724773	-0.28886628	0.0061387517	0.0001256637	0	0	-0.95724773	-0.28886628	0.0061387517	2.9161147e-20	1
0	-0.95724773	-0.28886628	0.0061387517	0.0002513274	0	0	-0.95724773	-0.28886628	0.0061387517	2.920919e-20	1
0	-0.9555167	-0.29453868	0.0061082244	0.0006283185	0	0	-0.9555167	-0.29453868	0.0061082244	2.9353134e-20	1
0	-0.9555167	-0.29453868	0.0061082244	0.0010053096	0	0	-0.9555167	-0.29453868	0.0061082244	2.9496992e-20	1
0	-0.9532129	-0.30190724	0.006067265	0.001256637	0	0	-0.9532129	-0.30190724	0.006067265	2.959261e-20	1
0	-0.95073307	-0.30962408	0.0060228114	0.0018849556	0	0	-0.95073307	-0.30962408	0.0060228114	2.9831487e-20	1
0	-0.948058	-0.3177166	0.0059745153	0.002513274	0	0	-0.948058	-0.3177166	0.0059745153	3.0069718e-20	1
0	-0.94200826	-0.33522	0.0058643324	0.0037699111	0	0	-0.94200826	-0.33522	0.0058643324	3.054402e-20	1
0	-0.92592096	-0.3773703	0.005568745	0.0062831854	0	0	-0.92592096	-0.3773703	0.005568745	3.1481977e-20	1
0	-0.88793993	-0.45964426	0.0048858128	0.009424778	0	0	-0.88793993	-0.45964426	0.0048858128	3.2623496e-20	1
0	0.60946256	-0.7926104	0.0032238592	0.012566371	0	0	0.60946256	-0.7926104	0.0032238592	2.5177218e-20	1
0	0.9870638	0.15971163	-0.0065677743	0.018849555	0	0	0.9870638	0.15971163	-0.0065677743	2.1764893e-20	1
0	0.990488	0.13690034	-0.006581576	0.025132742	0	0	0.990488	0.13690034	-0.006581576	1.9283504e-20	1
0	0.99436235	0.10516113	-0.0065589794	0.03769911	0	0	0.99436235	0.10516113	-0.0065589794	1.4301827e-20	1
0	0.99632305	0.084620744	-0.006510155	0.050265484	0	0	0.99632305	0.084620744	-0.006510155	9.3061826e-21	1
0	0.99742484	0.070482895	-0.0064536612	0.06283186	0	0	0.99742484	0.070482895	-0.0064536612	4.3031208e-21	1
