# t (s)	mx ()	my ()	mz ()	B_extx (T)	B_exty (T)	B_extz (T)	mx ()	my ()	mz ()	E_total (J)	branch ()
0	-0.08939945	0.9959261	-0.00094382645	0	0.06283186	0	-0.08939945	0.9959261	-0.00094382645	4.9181215e-21	-1
0	-0.1117491	0.99366397	-0.0011487938	0	0.050265484	0	-0.1117491	0.99366397	-0.0011487938	9.911096e-21	-1
0	-0.14619482	0.98917866	-0.0014799216	0	0.03769911	0	-0.14619482	0.98917866	-0.0014799216	1.4887915e-20	-1
0	-0.20198303	0.97930247	-0.0020485234	0	0.025132742	0	-0.20198303	0.97930247	-0.0020485234	1.9830739e-20	-1
0	-0.24250333	0.9700556	-0.0024789628	0	0.018849555	0	-0.24250333	0.9700556	-0.0024789628	2.2277316e-20	-1
0	-0.295014	0.9553851	-0.003046289	0	0.012566371	0	-0.295014	0.9553851	-0.003046289	2.469447e-20	-1
0	-0.3270259	0.94489855	-0.0033910868	0	0.009424778	0	-0.3270259	0.94489855	-0.0033910868	2.588681e-20	-1
0	-0.3639786	0.9312792	-0.003781822	0	0.0062831854	0	-0.3639786	0.9312792	-0.003781822	2.7064141e-20	-1
0	-0.39807445	0.91721386	-0.0041299723	0	0.0037699111	0	-0.39807445	0.91721386	-0.0041299723	2.7992083e-20	-1
0	-0.41707358	0.90872693	-0.004316709	0	0.002513274	0	-0.41707358	0.90872693	-0.004316709	2.84503e-20	-1
0	-0.42717057	0.90402174	-0.0044133835	0	0.0018849556	0	-0.42717057	0.90402174	-0.0044133835	2.867774e-20	-1
0	-0.4377116	0.89896226	-0.004512189	0	0.001256637	0	-0.4377116	0.89896226	-0.004512189	2.890395e-20	-1
0	-0.4377116	0.89896226	-0.004512189	0	0.0010053096	0	-0.4377116	0.89896226	-0.004512189	2.899418e-20	-1
0	-0.44880122	0.89347446	-0.0046136025	0	0.0006283185	0	-0.44880122	0.89347446	-0.0046136025	2.9128842e-20	-1
0	-0.45566997	0.88998914	-0.0046750214	0	0.0002513274	0	-0.45566997	0.88998914	-0.0046750214	2.92631e-20	-1
0	-0.45566997	0.88998914	-0.0046750214	0	0.0001256637	0	-0.45566997	0.88998914	-0.0046750214	2.9307765e-20	-1
0	-0.45566997	0.88998914	-0.0046750214	0	6.283185e-05	0	-0.45566997	0.88998914	-0.0046750214	2.9330096e-20	-1
0	-0.45566997	0.88998914	-0.0046750214	0	2.5132742e-05	0	-0.45566997	0.88998914	-0.0046750214	2.9343496e-20	-1
0	-0.45566997	0.88998914	-0.0046750214	0	1.2566371e-05	0	-0.45566997	0.88998914	-0.0046750214	2.9347964e-20	-1
0	-0.45566997	0.88998914	-0.0046750214	0	6.2831855e-06	0	-0.45566997	0.88998914	-0.0046750214	2.9350197e-20	-1
0	-0.45566997	0.88998914	-0.0046750214	0	2.513274e-06	0	-0.45566997	0.88998914	-0.0046750214	2.9351535e-20	-1
0	-0.45566997	0.88998914	-0.0046750214	0	1.256637e-06	0	-0.45566997	0.88998914	-0.0046750214	2.9351984e-20	-1
0	-0.45566997	0.88998914	-0.0046750214	0	6.283185e-07	0	-0.45566997	0.88998914	-0.0046750214	2.9352207e-20	-1
0	-0.45566997	0.88998914	-0.0046750214	0	2.513274e-07	0	-0.45566997	0.88998914	-0.0046750214	2.935234e-20	-1
0	-0.45566997	0.88998914	-0.0046750214	0	1.256637e-07	0	-0.45566997	0.88998914	-0.0046750214	2.9352384e-20	-1
0	-0.45566997	0.88998914	-0.0046750214	0	0	0	-0.45566997	0.88998914	-0.0046750214	2.935243e-20	-1
0	-0.45566997	0.88998914	-0.0046750214	0	-1.256637e-07	0	-0.45566997	0.88998914	-0.0046750214	2.9352475e-20	-1
0	-0.45566997	0.88998914	-0.0046750214	0	-2.513274e-07	0	-0.45566997	0.88998914	-0.0046750214	2.935252e-20	-1
0	-0.45566997	0.88998914	-0.0046750214	0	-6.283185e-07	0	-0.45566997	0.88998914	-0.0046750214	2.9352653e-20	-1
0	-0.45566997	0.88998914	-0.0046750214	0	-1.256637e-06	0	-0.45566997	0.88998914	-0.0046750214	2.9352876e-20	-1
0	-0.45566997	0.88998914	-0.0046750214	0	-2.513274e-06	0	-0.45566997	0.88998914	-0.0046750214	2.935332e-20	-1
0	-0.45566997	0.88998914	-0.0046750214	0	-6.2831855e-06	0	-0.45566997	0.88998914	-0.0046750214	2.9354662e-20	-1
0	-0.45566997	0.88998914	-0.0046750214	0	-1.2566371e-05	0	-0.45566997	0.88998914	-0.0046750214	2.9356895e-20	-1
0	-0.45566997	0.88998914	-0.0046750214	0	-2.5132742e-05	0	-0.45566997	0.88998914	-0.0046750214	2.9361364e-20	-1
0	-0.45566997	0.88998914	-0.0046750214	0	-6.283185e-05	0	-0.45566997	0.88998914	-0.0046750214	2.937476e-20	-1
0	-0.46282265	0.8862885	-0.004737776	0	-0.0001256637	0	-0.46282265	0.8862885	-0.004737776	2.9396813e-20	-1
0	-0.46282265	0.8862885	-0.004737776	0	-0.0002513274	0	-0.46282265	0.8862885	-0.004737776	2.9441293e-20	-1
0	-0.472705	0.88105464	-0.0048223482	0	-0.0006283185	0	-0.472705	0.88105464	-0.0048223482	2.957421e-20	-1
0	-0.4804592	0.8768481	-0.0048868833	0	-0.0010053096	0	-0.4804592	0.8768481	-0.0048868833	2.9706537e-20	-1
0	-0.4804592	0.8768481	-0.0048868833	0	-0.001256637	0	-0.4804592	0.8768481	-0.0048868833	2.9794548e-20	-1
0	-0.49986252	0.8659283	-0.005040777	0	-0.0018849556	0	-0.49986252	0.8659283	-0.005040777	3.0012698e-20	-1
0	-0.5151145	0.8569391	-0.005153468	0	-0.002513274	0	-0.5151145	0.8569391	-0.005153468	3.0228876e-20	-1
0	-0.55091023	0.8343681	-0.0053853593	0	-0.0037699111	0	-0.55091023	0.8343681	-0.0053853593	3.0653572e-20	-1
0	0.36401173	-0.93126625	0.003782167	0	-0.0062831854	0	0.36401173	-0.93126625	0.003782167	2.7064143e-20	-1
0	0.32705402	-0.94488883	0.0033913874	0	-0.009424778	0	0.32705402	-0.94488883	0.0033913874	2.5886813e-20	-1
0	0.29504	-0.955377	0.0030465708	0	-0.012566371	0	0.29504	-0.955377	0.0030465708	2.4694467e-20	-1
0	0.24251951	-0.9700515	0.002479136	0	-0.018849555	0	0.24251951	-0.9700515	0.002479136	2.2277315e-20	-1
0	0.2019977	-0.9792994	0.0020486773	0	-0.025132742	0	0.2019977	-0.9792994	0.0020486773	1.9830738e-20	-1
0	0.1461994	-0.98917794	0.0014799663	0	-0.03769911	0	0.1461994	-0.98917794	0.0014799663	1.4887912e-20	-1
0	0.11175494	-0.9936633	0.0011488289	0	-0.050265484	0	0.11175494	-0.9936633	0.0011488289	9.911099e-21	-1
0	0.08939856	-0.99592614	0.00094381825	0	-0.06283186	0	0.08939856	-0.99592614	0.00094381825	4.918121e-21	-1
0	0.08939856	-0.99592614	0.00094381825	0	-0.06283186	0	0.08939856	-0.99592614	0.00094381825	4.918121e-21	1
0	0.11175026	-0.99366385	0.0011488043	0	-0.050265484	0	0.11175026	-0.99366385	0.0011488043	9.911098e-21	1
0	0.14618954	-0.9891795	0.0014798683	0	-0.03769911	0	0.14618954	-0.9891795	0.0014798683	1.4887913e-20	1
0	0.2019772	-0.9793037	0.0020484622	0	-0.025132742	0	0.2019772	-0.9793037	0.0020484622	1.9830738e-20	1
0	0.24250317	-0.97005564	0.0024789628	0	-0.018849555	0	0.24250317	-0.97005564	0.0024789628	2.2277315e-20	1
0	0.29500812	-0.9553869	0.0030462258	0	-0.012566371	0	0.29500812	-0.9553869	0.0030462258	2.4694469e-20	1
0	0.32701048	-0.9449039	0.0033909213	0	-0.009424778	0	0.32701048	-0.9449039	0.0033909213	2.5886814e-20	1
0	0.3640539	-0.93124974	0.0037826067	0	-0.0062831854	0	0.3640539	-0.93124974	0.0037826067	2.7064143e-20	1
0	0.3980798	-0.91721153	0.004130026	0	-0.0037699111	0	0.3980798	-0.91721153	0.004130026	2.799209e-20	1
0	0.41708347	-0.9087224	0.0043168077	0	-0.002513274	0	0.41708347	-0.9087224	0.0043168077	2.8450302e-20	1
0	0.42720276	-0.9040065	0.0044136886	0	-0.0018849556	0	0.42720276	-0.9040065	0.0044136886	2.8677738e-20	1
0	0.43771315	-0.89896154	0.004512204	0	-0.001256637	0	0.43771315	-0.89896154	0.004512204	2.890395e-20	1
0	0.43771315	-0.89896154	0.004512204	0	-0.0010053096	0	0.43771315	-0.89896154	0.004512204	2.899418e-20	1
0	0.448766	-0.8934921	0.004613286	0	-0.0006283185	0	0.448766	-0.8934921	0.004613286	2.9128842e-20	1
0	0.45567083	-0.88998866	0.004675029	0	-0.0002513274	0	0.45567083	-0.88998866	0.004675029	2.92631e-20	1
0	0.45567083	-0.88998866	0.004675029	0	-0.0001256637	0	0.45567083	-0.88998866	0.004675029	2.9307765e-20	1
0	0.45567083	-0.88998866	0.004675029	0	-6.283185e-05	0	0.45567083	-0.88998866	0.004675029	2.93301e-20	1
0	0.45567083	-0.88998866	0.004675029	0	-2.5132742e-05	0	0.45567083	-0.88998866	0.004675029	2.9343496e-20	1
0	0.45567083	-0.88998866	0.004675029	0	-1.2566371e-05	0	0.45567083	-0.88998866	0.004675029	2.9347964e-20	1
0	0.45567083	-0.88998866	0.004675029	0	-6.2831855e-06	0	0.45567083	-0.88998866	0.004675029	2.9350197e-20	1
0	0.45567083	-0.88998866	0.004675029	0	-2.513274e-06	0	0.45567083	-0.88998866	0.004675029	2.9351535e-20	1
0	0.45567083	-0.88998866	0.004675029	0	-1.256637e-06	0	0.45567083	-0.88998866	0.004675029	2.9351984e-20	1
0	0.45567083	-0.88998866	0.004675029	0	-6.283185e-07	0	0.45567083	-0.88998866	0.004675029	2.9352207e-20	1
0	0.45567083	-0.88998866	0.004675029	0	-2.513274e-07	0	0.45567083	-0.88998866	0.004675029	2.935234e-20	1
0	0.45567083	-0.88998866	0.004675029	0	-1.256637e-07	0	0.45567083	-0.88998866	0.004675029	2.9352384e-20	1
0	0.45567083	-0.88998866	0.004675029	0	0	0	0.45567083	-0.88998866	0.004675029	2.935243e-20	1
0	0.45567083	-0.88998866	0.004675029	0	1.256637e-07	0	0.45567083	-0.88998866	0.004675029	2.9352475e-20	1
0	0.45567083	-0.88998866	0.004675029	0	2.513274e-07	0	0.45567083	-0.88998866	0.004675029	2.935252e-20	1
0	0.45567083	-0.88998866	0.004675029	0	6.283185e-07	0	0.45567083	-0.88998866	0.004675029	2.9352653e-20	1
0	0.45567083	-0.88998866	0.004675029	0	1.256637e-06	0	0.45567083	-0.88998866	0.004675029	2.9352876e-20	1
0	0.45567083	-0.88998866	0.004675029	0	2.513274e-06	0	0.45567083	-0.88998866	0.004675029	2.935332e-20	1
0	0.45567083	-0.88998866	0.004675029	0	6.2831855e-06	0	0.45567083	-0.88998866	0.004675029	2.9354662e-20	1
0	0.45567083	-0.88998866	0.004675029	0	1.2566371e-05	0	0.45567083	-0.88998866	0.004675029	2.9356895e-20	1
0	0.45567083	-0.88998866	0.004675029	0	2.5132742e-05	0	0.45567083	-0.88998866	0.004675029	2.9361364e-20	1
0	0.45567083	-0.88998866	0.004675029	0	6.283185e-05	0	0.45567083	-0.88998866	0.004675029	2.937476e-20	1
0	0.46281415	-0.88629293	0.004737702	0	0.0001256637	0	0.46281415	-0.88629293	0.004737702	2.9396816e-20	1
0	0.46281415	-0.88629293	0.004737702	0	0.0002513274	0	0.46281415	-0.88629293	0.004737702	2.9441293e-20	1
0	0.47275436	-0.8810282	0.0048227627	0	0.0006283185	0	0.47275436	-0.8810282	0.0048227627	2.9574208e-20	1
0	0.4805152	-0.87681735	0.0048873415	0	0.0010053096	0	0.4805152	-0.87681735	0.0048873415	2.970654e-20	1
0	0.4805152	-0.87681735	0.0048873415	0	0.001256637	0	0.4805152	-0.87681735	0.0048873415	2.9794545e-20	1
0	0.49986914	-0.86592454	0.005040827	0	0.0018849556	0	0.49986914	-0.86592454	0.005040827	3.0012698e-20	1
0	0.51512694	-0.85693157	0.0051535564	0	0.002513274	0	0.51512694	-0.85693157	0.0051535564	3.0228873e-20	1
0	0.55089116	-0.8343806	0.0053852503	0	0.0037699111	0	0.55089116	-0.8343806	0.0053852503	3.065357e-20	1
0	-0.975216	-0.2207919	0.0057283677	0	0.0062831854	0	-0.975216	-0.2207919	0.0057283677	2.8494866e-20	1
0	-0.99776554	-0.06558609	0.0045231376	0	0.009424778	0	-0.99776554	-0.06558609	0.0045231376	2.868933e-20	1
0	-0.29503518	0.9553785	-0.0030465182	0	0.012566371	0	-0.29503518	0.9553785	-0.0030465182	2.4694467e-20	1
0	-0.2425184	0.9700519	-0.0024791253	0	0.018849555	0	-0.2425184	0.9700519	-0.0024791253	2.2277318e-20	1
0	-0.20199995	0.97929895	-0.0020487006	0	0.025132742	0	-0.20199995	0.97929895	-0.0020487006	1.9830738e-20	1
0	-0.146202	0.9891776	-0.0014799936	0	0.03769911	0	-0.146202	0.9891776	-0.0014799936	1.4887915e-20	1
0	-0.11175273	0.99366355	-0.0011488276	0	0.050265484	0	-0.11175273	0.99366355	-0.0011488276	9.911097e-21	1
0	-0.08939843	0.99592614	-0.00094381697	0	0.06283186	0	-0.08939843	0.99592614	-0.00094381697	4.918121e-21	1
