# t (s)	mx ()	my ()	mz ()	B_extx (T)	B_exty (T)	B_extz (T)	mx ()	my ()	mz ()	E_total (J)	branch ()
0	0.98280317	-0.1841824	0.004197198	0.06283186	0	0	0.98280317	-0.1841824	0.004197198	4.2691656e-21	-1
0	0.9735738	-0.22795558	0.004475456	0.050265484	0	0	0.9735738	-0.22795558	0.004475456	9.180186e-21	-1
0	0.9581561	-0.28587252	0.0048415107	0.03769911	0	0	0.9581561	-0.28587252	0.0048415107	1.403065e-20	-1
0	0.9328334	-0.3599652	0.0052900426	0.025132742	0	0	0.9328334	-0.3599652	0.0052900426	1.8780743e-20	-1
0	0.9147972	-0.40358257	0.0055318	0.018849555	0	0	0.9147972	-0.40358257	0.0055318	2.1099736e-20	-1
0	0.89175415	-0.45219976	0.0057697752	0.012566371	0	0	0.89175415	-0.45219976	0.0057697752	2.3367476e-20	-1
0	0.87782884	-0.4786594	0.005880976	0.009424778	0	0	0.87782884	-0.4786594	0.005880976	2.4477751e-20	-1
0	0.8618463	-0.50686014	0.0059820144	0.0062831854	0	0	0.8618463	-0.50686014	0.0059820144	2.5569306e-20	-1
0	0.8472276	-0.53092587	0.006051742	0.0037699111	0	0	0.8472276	-0.53092587	0.006051742	2.6427159e-20	-1
0	0.83918893	-0.5435382	0.0060814996	0.002513274	0	0	0.83918893	-0.5435382	0.0060814996	2.6850347e-20	-1
0	0.83496726	-0.54999924	0.0060948036	0.0018849556	0	0	0.83496726	-0.54999924	0.0060948036	2.7060395e-20	-1
0	0.83058286	-0.55659616	0.006106967	0.001256637	0	0	0.83058286	-0.55659616	0.006106967	2.7269363e-20	-1
0	0.83058286	-0.55659616	0.006106967	0.0010053096	0	0	0.83058286	-0.55659616	0.006106967	2.7352727e-20	-1
0	0.8260448	-0.5633071	0.0061178263	0.0006283185	0	0	0.8260448	-0.5633071	0.0061178263	2.7477208e-20	-1
0	0.8260448	-0.5633071	0.0061178263	0.0002513274	0	0	0.8260448	-0.5633071	0.0061178263	2.7601573e-20	-1
0	0.8222832	-0.5687824	0.0061255153	0.0001256637	0	0	0.8222832	-0.5687824	0.0061255153	2.7642654e-20	-1
0	0.8222832	-0.5687824	0.0061255153	6.283185e-05	0	0	0.8222832	-0.5687824	0.0061255153	2.7663288e-20	-1
0	0.8222832	-0.5687824	0.0061255153	2.5132742e-05	0	0	0.8222832	-0.5687824	0.0061255153	2.7675667e-20	-1
0	0.8222832	-0.5687824	0.0061255153	1.2566371e-05	0	0	0.8222832	-0.5687824	0.0061255153	2.7679793e-20	-1
0	0.8222832	-0.5687824	0.0061255153	6.2831855e-06	0	0	0.8222832	-0.5687824	0.0061255153	2.7681858e-20	-1
0	0.8222832	-0.5687824	0.0061255153	2.513274e-06	0	0	0.8222832	-0.5687824	0.0061255153	2.7683095e-20	-1
0	0.8222832	-0.5687824	0.0061255153	1.256637e-06	0	0	0.8222832	-0.5687824	0.0061255153	2.768351e-20	-1
0	0.8222832	-0.5687824	0.0061255153	6.283185e-07	0	0	0.8222832	-0.5687824	0.0061255153	2.7683716e-20	-1
0	0.8222832	-0.5687824	0.0061255153	2.513274e-07	0	0	0.8222832	-0.5687824	0.0061255153	2.768384e-20	-1
0	0.8222832	-0.5687824	0.0061255153	1.256637e-07	0	0	0.8222832	-0.5687824	0.0061255153	2.768388e-20	-1
0	0.8222832	-0.5687824	0.0061255153	0	0	0	0.8222832	-0.5687824	0.0061255153	2.768392e-20	-1
0	0.8222832	-0.5687824	0.0061255153	-1.256637e-07	0	0	0.8222832	-0.5687824	0.0061255153	2.768396e-20	-1
0	0.8222832	-0.5687824	0.0061255153	-2.513274e-07	0	0	0.8222832	-0.5687824	0.0061255153	2.7684003e-20	-1
0	0.8222832	-0.5687824	0.0061255153	-6.283185e-07	0	0	0.8222832	-0.5687824	0.0061255153	2.7684126e-20	-1
0	0.8222832	-0.5687824	0.0061255153	-1.256637e-06	0	0	0.8222832	-0.5687824	0.0061255153	2.7684333e-20	-1
0	0.8222832	-0.5687824	0.0061255153	-2.513274e-06	0	0	0.8222832	-0.5687824	0.0061255153	2.7684746e-20	-1
0	0.8222832	-0.5687824	0.0061255153	-6.2831855e-06	0	0	0.8222832	-0.5687824	0.0061255153	2.7685984e-20	-1
0	0.8222832	-0.5687824	0.0061255153	-1.2566371e-05	0	0	0.8222832	-0.5687824	0.0061255153	2.768805e-20	-1
0	0.8222832	-0.5687824	0.0061255153	-2.5132742e-05	0	0	0.8222832	-0.5687824	0.0061255153	2.7692175e-20	-1
0	0.8222832	-0.5687824	0.0061255153	-6.283185e-05	0	0	0.8222832	-0.5687824	0.0061255153	2.7704553e-20	-1
0	0.8222832	-0.5687824	0.0061255153	-0.0001256637	0	0	0.8222832	-0.5687824	0.0061255153	2.7725188e-20	-1
0	0.8222832	-0.5687824	0.0061255153	-0.0002513274	0	0	0.8222832	-0.5687824	0.0061255153	2.7766453e-20	-1
0	0.8164103	-0.5771782	0.0061351974	-0.0006283185	0	0	0.8164103	-0.5771782	0.0061351974	2.7889373e-20	-1
0	0.8164103	-0.5771782	0.0061351974	-0.0010053096	0	0	0.8164103	-0.5771782	0.0061351974	2.8012287e-20	-1
0	0.8113052	-0.5843304	0.006141371	-0.001256637	0	0	0.8113052	-0.5843304	0.006141371	2.8093593e-20	-1
0	0.8059696	-0.59166646	0.0061456403	-0.0018849556	0	0	0.8059696	-0.59166646	0.0061456403	2.8296505e-20	-1
0	0.8003868	-0.59919536	0.006147773	-0.002513274	0	0	0.8003868	-0.59919536	0.006147773	2.8498043e-20	-1
0	0.7883955	-0.61488414	0.0061445623	-0.0037699111	0	0	0.7883955	-0.61488414	0.0061445623	2.8896757e-20	-1
0	0.76004875	-0.64959157	0.0060972422	-0.0062831854	0	0	0.76004875	-0.64959157	0.0060972422	2.9674403e-20	-1
0	0.70970577	-0.70424235	0.005890807	-0.009424778	0	0	0.70970577	-0.70424235	0.005890807	3.0598926e-20	-1
0	-0.7115725	-0.70236003	-0.005587305	-0.012566371	0	0	-0.7115725	-0.70236003	-0.005587305	2.4726724e-20	-1
0	-0.81103253	-0.5847192	-0.00461554	-0.018849555	0	0	-0.81103253	-0.5847192	-0.00461554	2.2822638e-20	-1
0	-0.9328327	0.359967	-0.005290053	-0.025132742	0	0	-0.9328327	0.359967	-0.005290053	1.8780742e-20	-1
0	-0.9581555	0.28587484	-0.0048415232	-0.03769911	0	0	-0.9581555	0.28587484	-0.0048415232	1.4030646e-20	-1
0	-0.97357273	0.22796023	-0.004475482	-0.050265484	0	0	-0.97357273	0.22796023	-0.004475482	9.180191e-21	-1
0	-0.98280144	0.18419164	-0.004197252	-0.06283186	0	0	-0.98280144	0.18419164	-0.004197252	4.269164e-21	-1
0	-0.98280144	0.18419164	-0.004197252	-0.06283186	0	0	-0.98280144	0.18419164	-0.004197252	4.269164e-21	1
0	-0.97357416	0.22795409	-0.004475446	-0.050265484	0	0	-0.97357416	0.22795409	-0.004475446	9.180193e-21	1
0	-0.95815706	0.28586924	-0.0048414916	-0.03769911	0	0	-0.95815706	0.28586924	-0.0048414916	1.4030646e-20	1
0	-0.93283415	0.35996324	-0.005290032	-0.025132742	0	0	-0.93283415	0.35996324	-0.005290032	1.878074e-20	1
0	-0.91479623	0.40358475	-0.005531811	-0.018849555	0	0	-0.91479623	0.40358475	-0.005531811	2.1099734e-20	1
0	-0.89175415	0.45219982	-0.0057697734	-0.012566371	0	0	-0.89175415	0.45219982	-0.0057697734	2.3367476e-20	1
0	-0.87783015	0.478657	-0.0058809672	-0.009424778	0	0	-0.87783015	0.478657	-0.0058809672	2.447775e-20	1
0	-0.86184984	0.5068541	-0.0059819967	-0.0062831854	0	0	-0.86184984	0.5068541	-0.0059819967	2.556931e-20	1
0	-0.84724057	0.5309049	-0.0060516936	-0.0037699111	0	0	-0.84724057	0.5309049	-0.0060516936	2.6427157e-20	1
0	-0.8391994	0.543522	-0.006081469	-0.002513274	0	0	-0.8391994	0.543522	-0.006081469	2.6850346e-20	1
0	-0.83497125	0.5499933	-0.006094794	-0.0018849556	0	0	-0.83497125	0.5499933	-0.006094794	2.7060395e-20	1
0	-0.8305894	0.5565865	-0.006106952	-0.001256637	0	0	-0.8305894	0.5565865	-0.006106952	2.726936e-20	1
0	-0.8305894	0.5565865	-0.006106952	-0.0010053096	0	0	-0.8305894	0.5565865	-0.006106952	2.7352727e-20	1
0	-0.82604367	0.5633088	-0.006117828	-0.0006283185	0	0	-0.82604367	0.5633088	-0.006117828	2.7477208e-20	1
0	-0.82604367	0.5633088	-0.006117828	-0.0002513274	0	0	-0.82604367	0.5633088	-0.006117828	2.7601573e-20	1
0	-0.822283	0.5687826	-0.006125516	-0.0001256637	0	0	-0.822283	0.5687826	-0.006125516	2.7642654e-20	1
0	-0.822283	0.5687826	-0.006125516	-6.283185e-05	0	0	-0.822283	0.5687826	-0.006125516	2.7663288e-20	1
0	-0.822283	0.5687826	-0.006125516	-2.5132742e-05	0	0	-0.822283	0.5687826	-0.006125516	2.7675667e-20	1
0	-0.822283	0.5687826	-0.006125516	-1.2566371e-05	0	0	-0.822283	0.5687826	-0.006125516	2.7679793e-20	1
0	-0.822283	0.5687826	-0.006125516	-6.2831855e-06	0	0	-0.822283	0.5687826	-0.006125516	2.7681858e-20	1
0	-0.822283	0.5687826	-0.006125516	-2.513274e-06	0	0	-0.822283	0.5687826	-0.006125516	2.7683095e-20	1
0	-0.822283	0.5687826	-0.006125516	-1.256637e-06	0	0	-0.822283	0.5687826	-0.006125516	2.768351e-20	1
0	-0.822283	0.5687826	-0.006125516	-6.283185e-07	0	0	-0.822283	0.5687826	-0.006125516	2.7683716e-20	1
0	-0.822283	0.5687826	-0.006125516	-2.513274e-07	0	0	-0.822283	0.5687826	-0.006125516	2.768384e-20	1
0	-0.822283	0.5687826	-0.006125516	-1.256637e-07	0	0	-0.822283	0.5687826	-0.006125516	2.768388e-20	1
0	-0.822283	0.5687826	-0.006125516	0	0	0	-0.822283	0.5687826	-0.006125516	2.768392e-20	1
0	-0.822283	0.5687826	-0.006125516	1.256637e-07	0	0	-0.822283	0.5687826	-0.006125516	2.768396e-20	1
0	-0.822283	0.5687826	-0.006125516	2.513274e-07	0	0	-0.822283	0.5687826	-0.006125516	2.7684003e-20	1
0	-0.822283	0.5687826	-0.006125516	6.283185e-07	0	0	-0.822283	0.5687826	-0.006125516	2.7684126e-20	1
0	-0.822283	0.5687826	-0.006125516	1.256637e-06	0	0	-0.822283	0.5687826	-0.006125516	2.7684333e-20	1
0	-0.822283	0.5687826	-0.006125516	2.513274e-06	0	0	-0.822283	0.5687826	-0.006125516	2.7684746e-20	1
0	-0.822283	0.5687826	-0.006125516	6.2831855e-06	0	0	-0.822283	0.5687826	-0.006125516	2.7685984e-20	1
0	-0.822283	0.5687826	-0.006125516	1.2566371e-05	0	0	-0.822283	0.5687826	-0.006125516	2.768805e-20	1
0	-0.822283	0.5687826	-0.006125516	2.5132742e-05	0	0	-0.822283	0.5687826	-0.006125516	2.7692175e-20	1
0	-0.822283	0.5687826	-0.006125516	6.283185e-05	0	0	-0.822283	0.5687826	-0.006125516	2.7704553e-20	1
0	-0.822283	0.5687826	-0.006125516	0.0001256637	0	0	-0.822283	0.5687826	-0.006125516	2.7725188e-20	1
0	-0.822283	0.5687826	-0.006125516	0.0002513274	0	0	-0.822283	0.5687826	-0.006125516	2.7766453e-20	1
0	-0.81640303	0.5771884	-0.0061352053	0.0006283185	0	0	-0.81640303	0.5771884	-0.0061352053	2.7889377e-20	1
0	-0.81640303	0.5771884	-0.0061352053	0.0010053096	0	0	-0.81640303	0.5771884	-0.0061352053	2.8012287e-20	1
0	-0.81130224	0.58433455	-0.006141373	0.001256637	0	0	-0.81130224	0.58433455	-0.006141373	2.8093593e-20	1
0	-0.8059714	0.59166384	-0.006145639	0.0018849556	0	0	-0.8059714	0.59166384	-0.006145639	2.8296505e-20	1
0	-0.8003849	0.59919775	-0.006147773	0.002513274	0	0	-0.8003849	0.59919775	-0.006147773	2.8498043e-20	1
0	-0.7884003	0.61487806	-0.006144567	0.0037699111	0	0	-0.7884003	0.61487806	-0.006144567	2.8896757e-20	1
0	-0.760043	0.6495981	-0.006097226	0.0062831854	0	0	-0.760043	0.6495981	-0.006097226	2.9674407e-20	1
0	-0.709702	0.70424616	-0.0058907857	0.009424778	0	0	-0.709702	0.70424616	-0.0058907857	3.0598926e-20	1
0	0.71157384	0.7023586	0.005587293	0.012566371	0	0	0.71157384	0.7023586	0.005587293	2.4726723e-20	1
0	0.81103384	0.5847174	0.0046155266	0.018849555	0	0	0.81103384	0.5847174	0.0046155266	2.282264e-20	1
0	0.9328321	-0.3599684	0.0052900584	0.025132742	0	0	0.9328321	-0.3599684	0.0052900584	1.8780743e-20	1
0	0.95815384	-0.2858804	0.0048415493	0.03769911	0	0	0.95815384	-0.2858804	0.0048415493	1.4030647e-20	1
0	0.97357154	-0.22796515	0.004475508	0.050265484	0	0	0.97357154	-0.22796515	0.004475508	9.1801886e-21	1
0	0.9828013	-0.18419217	0.0041972455	0.06283186	0	0	0.9828013	-0.18419217	0.0041972455	4.2691664e-21	1
