# t (s)	mx ()	my ()	mz ()	B_extx (T)	B_exty (T)	B_extz (T)	mx ()	my ()	mz ()	E_total (J)	branch ()
0	-0.029664129	0.9994947	0.00035390802	0	0.06283186	0	-0.029664129	0.9994947	0.00035390802	4.5915948e-21	-1
0	-0.03510616	0.9993174	0.00035885704	0	0.050265484	0	-0.03510616	0.9993174	0.00035885704	9.60716e-21	-1
0	-0.042970695	0.99900913	0.00036476884	0	0.03769911	0	-0.042970695	0.99900913	0.00036476884	1.4621542e-20	-1
0	-0.055262078	0.99840343	0.00037237236	0	0.025132742	0	-0.055262078	0.99840343	0.00037237236	1.9633744e-20	-1
0	-0.06441491	0.9978539	0.00037719612	0	0.018849555	0	-0.06441491	0.9978539	0.00037719612	2.2138352e-20	-1
0	-0.07705343	0.9969566	0.0003832215	0	0.012566371	0	-0.07705343	0.9969566	0.0003832215	2.4641195e-20	-1
0	-0.08539575	0.9962759	0.00038686994	0	0.009424778	0	-0.08539575	0.9962759	0.00038686994	2.5891593e-20	-1
0	-0.095686585	0.9953394	0.00039109477	0	0.0062831854	0	-0.095686585	0.9953394	0.00039109477	2.7140995e-20	-1
0	-0.10583134	0.994311	0.00039500234	0	0.0037699111	0	-0.10583134	0.994311	0.00039500234	2.813952e-20	-1
0	-0.111763366	0.99366105	0.00039718088	0	0.002513274	0	-0.111763366	0.99366105	0.00039718088	2.863836e-20	-1
0	-0.11493408	0.993299	0.00039831764	0	0.0018849556	0	-0.11493408	0.993299	0.00039831764	2.8887654e-20	-1
0	-0.11832951	0.9928999	0.00039951137	0	0.001256637	0	-0.11832951	0.9928999	0.00039951137	2.9136846e-20	-1
0	-0.11832951	0.9928999	0.00039951137	0	0.0010053096	0	-0.11832951	0.9928999	0.00039951137	2.9236502e-20	-1
0	-0.12191713	0.9924654	0.00040074784	0	0.0006283185	0	-0.12191713	0.9924654	0.00040074784	2.9385937e-20	-1
0	-0.12417272	0.9921855	0.0004015129	0	0.0002513274	0	-0.12417272	0.9921855	0.0004015129	2.9535334e-20	-1
0	-0.12495333	0.99208736	0.0004017768	0	0.0001256637	0	-0.12495333	0.99208736	0.0004017768	2.9585123e-20	-1
0	-0.12495333	0.99208736	0.0004017768	0	6.283185e-05	0	-0.12495333	0.99208736	0.0004017768	2.961002e-20	-1
0	-0.125576	0.9920087	0.00040198397	0	2.5132742e-05	0	-0.125576	0.9920087	0.00040198397	2.9624953e-20	-1
0	-0.12566078	0.99199796	0.00040201115	0	1.2566371e-05	0	-0.12566078	0.99199796	0.00040201115	2.9629936e-20	-1
0	-0.12566078	0.99199796	0.00040201115	0	6.2831855e-06	0	-0.12566078	0.99199796	0.00040201115	2.9632424e-20	-1
0	-0.12566078	0.99199796	0.00040201115	0	2.513274e-06	0	-0.12566078	0.99199796	0.00040201115	2.9633917e-20	-1
0	-0.12566078	0.99199796	0.00040201115	0	1.256637e-06	0	-0.12566078	0.99199796	0.00040201115	2.9634414e-20	-1
0	-0.12566078	0.99199796	0.00040201115	0	6.283185e-07	0	-0.12566078	0.99199796	0.00040201115	2.9634663e-20	-1
0	-0.12566078	0.99199796	0.00040201115	0	2.513274e-07	0	-0.12566078	0.99199796	0.00040201115	2.9634815e-20	-1
0	-0.12566078	0.99199796	0.00040201115	0	1.256637e-07	0	-0.12566078	0.99199796	0.00040201115	2.9634863e-20	-1
0	-0.12566078	0.99199796	0.00040201115	0	0	0	-0.12566078	0.99199796	0.00040201115	2.9634912e-20	-1
0	-0.12566078	0.99199796	0.00040201115	0	-1.256637e-07	0	-0.12566078	0.99199796	0.00040201115	2.9634964e-20	-1
0	-0.12566078	0.99199796	0.00040201115	0	-2.513274e-07	0	-0.12566078	0.99199796	0.00040201115	2.9635012e-20	-1
0	-0.12566078	0.99199796	0.00040201115	0	-6.283185e-07	0	-0.12566078	0.99199796	0.00040201115	2.963516e-20	-1
0	-0.12566078	0.99199796	0.00040201115	0	-1.256637e-06	0	-0.12566078	0.99199796	0.00040201115	2.963541e-20	-1
0	-0.12566078	0.99199796	0.00040201115	0	-2.513274e-06	0	-0.12566078	0.99199796	0.00040201115	2.9635907e-20	-1
0	-0.12566078	0.99199796	0.00040201115	0	-6.2831855e-06	0	-0.12566078	0.99199796	0.00040201115	2.9637403e-20	-1
0	-0.12566078	0.99199796	0.00040201115	0	-1.2566371e-05	0	-0.12566078	0.99199796	0.00040201115	2.963989e-20	-1
0	-0.12566078	0.99199796	0.00040201115	0	-2.5132742e-05	0	-0.12566078	0.99199796	0.00040201115	2.964487e-20	-1
0	-0.12566078	0.99199796	0.00040201115	0	-6.283185e-05	0	-0.12566078	0.99199796	0.00040201115	2.9659805e-20	-1
0	-0.12566078	0.99199796	0.00040201115	0	-0.0001256637	0	-0.12566078	0.99199796	0.00040201115	2.9684698e-20	-1
0	-0.12566078	0.99199796	0.00040201115	0	-0.0002513274	0	-0.12566078	0.99199796	0.00040201115	2.973448e-20	-1
0	-0.12980181	0.99146414	0.00040337956	0	-0.0006283185	0	-0.12980181	0.99146414	0.00040337956	2.988376e-20	-1
0	-0.13237071	0.99112415	0.00040421236	0	-0.0010053096	0	-0.13237071	0.99112415	0.00040421236	3.0033005e-20	-1
0	-0.13237071	0.99112415	0.00040421236	0	-0.001256637	0	-0.13237071	0.99112415	0.00040421236	3.0132484e-20	-1
0	-0.13877696	0.9902468	0.00040623586	0	-0.0018849556	0	-0.13877696	0.9902468	0.00040623586	3.0381032e-20	-1
0	-0.14376259	0.9895347	0.00040776713	0	-0.002513274	0	-0.14376259	0.9895347	0.00040776713	3.0629425e-20	-1
0	-0.15491739	0.98784846	0.00041101454	0	-0.0037699111	0	-0.15491739	0.98784846	0.00041101454	3.112561e-20	-1
0	-0.18412057	0.9828204	0.000418521	0	-0.0062831854	0	-0.18412057	0.9828204	0.000418521	3.2114822e-20	-1
0	-0.2511003	0.9678656	0.00043017277	0	-0.009424778	0	-0.2511003	0.9678656	0.00043017277	3.3340403e-20	-1
0	0.9554037	-0.29496396	8.740092e-05	0	-0.012566371	0	0.9554037	-0.29496396	8.740092e-05	2.7080738e-20	-1
0	0.06442037	-0.9978536	-0.00037720182	0	-0.018849555	0	0.06442037	-0.9978536	-0.00037720182	2.2138355e-20	-1
0	0.05527131	-0.99840295	-0.0003723471	0	-0.025132742	0	0.05527131	-0.99840295	-0.0003723471	1.9633743e-20	-1
0	0.04297527	-0.999009	-0.00036477053	0	-0.03769911	0	0.04297527	-0.999009	-0.00036477053	1.462154e-20	-1
0	0.035111886	-0.9993173	-0.00035884016	0	-0.050265484	0	0.035111886	-0.9993173	-0.00035884016	9.607162e-21	-1
0	0.029666327	-0.9994947	-0.0003539077	0	-0.06283186	0	0.029666327	-0.9994947	-0.0003539077	4.5915996e-21	-1
0	0.029666327	-0.9994947	-0.0003539077	0	-0.06283186	0	0.029666327	-0.9994947	-0.0003539077	4.5915996e-21	1
0	0.03510934	-0.9993173	-0.00035886056	0	-0.050265484	0	0.03510934	-0.9993173	-0.00035886056	9.607161e-21	1
0	0.042969044	-0.99900925	-0.00036476814	0	-0.03769911	0	0.042969044	-0.99900925	-0.00036476814	1.4621545e-20	1
0	0.05526892	-0.9984031	-0.00037233654	0	-0.025132742	0	0.05526892	-0.9984031	-0.00037233654	1.9633741e-20	1
0	0.0644048	-0.9978546	-0.0003771964	0	-0.018849555	0	0.0644048	-0.9978546	-0.0003771964	2.2138355e-20	1
0	0.0770667	-0.9969555	-0.0003832275	0	-0.012566371	0	0.0770667	-0.9969555	-0.0003832275	2.4641192e-20	1
0	0.08540018	-0.99627554	-0.0003868736	0	-0.009424778	0	0.08540018	-0.99627554	-0.0003868736	2.589159e-20	1
0	0.09569286	-0.9953388	-0.0003910954	0	-0.0062831854	0	0.09569286	-0.9953388	-0.0003910954	2.714099e-20	1
0	0.10583041	-0.9943111	-0.00039499358	0	-0.0037699111	0	0.10583041	-0.9943111	-0.00039499358	2.8139524e-20	1
0	0.11172836	-0.99366504	-0.00039717017	0	-0.002513274	0	0.11172836	-0.99366504	-0.00039717017	2.863836e-20	1
0	0.11494757	-0.99329746	-0.00039832215	0	-0.0018849556	0	0.11494757	-0.99329746	-0.00039832215	2.8887648e-20	1
0	0.11832258	-0.9929007	-0.00039950883	0	-0.001256637	0	0.11832258	-0.9929007	-0.00039950883	2.9136846e-20	1
0	0.11832258	-0.9929007	-0.00039950883	0	-0.0010053096	0	0.11832258	-0.9929007	-0.00039950883	2.9236505e-20	1
0	0.12192431	-0.99246454	-0.00040075052	0	-0.0006283185	0	0.12192431	-0.99246454	-0.00040075052	2.9385934e-20	1
0	0.12418342	-0.99218416	-0.00040151656	0	-0.0002513274	0	0.12418342	-0.99218416	-0.00040151656	2.9535337e-20	1
0	0.12418342	-0.99218416	-0.00040151656	0	-0.0001256637	0	0.12418342	-0.99218416	-0.00040151656	2.958513e-20	1
0	0.125346	-0.9920378	-0.00040190664	0	-6.283185e-05	0	0.125346	-0.9920378	-0.00040190664	2.961002e-20	1
0	0.12559682	-0.99200606	-0.00040198973	0	-2.5132742e-05	0	0.12559682	-0.99200606	-0.00040198973	2.9624953e-20	1
0	0.12559682	-0.99200606	-0.00040198973	0	-1.2566371e-05	0	0.12559682	-0.99200606	-0.00040198973	2.9629933e-20	1
0	0.12559682	-0.99200606	-0.00040198973	0	-6.2831855e-06	0	0.12559682	-0.99200606	-0.00040198973	2.963242e-20	1
0	0.12559682	-0.99200606	-0.00040198973	0	-2.513274e-06	0	0.12559682	-0.99200606	-0.00040198973	2.9633917e-20	1
0	0.12559682	-0.99200606	-0.00040198973	0	-1.256637e-06	0	0.12559682	-0.99200606	-0.00040198973	2.9634414e-20	1
0	0.12559682	-0.99200606	-0.00040198973	0	-6.283185e-07	0	0.12559682	-0.99200606	-0.00040198973	2.9634663e-20	1
0	0.12559682	-0.99200606	-0.00040198973	0	-2.513274e-07	0	0.12559682	-0.99200606	-0.00040198973	2.9634812e-20	1
0	0.12559682	-0.99200606	-0.00040198973	0	-1.256637e-07	0	0.12559682	-0.99200606	-0.00040198973	2.963486e-20	1
0	0.12559682	-0.99200606	-0.00040198973	0	0	0	0.12559682	-0.99200606	-0.00040198973	2.9634912e-20	1
0	0.12559682	-0.99200606	-0.00040198973	0	1.256637e-07	0	0.12559682	-0.99200606	-0.00040198973	2.963496e-20	1
0	0.12559682	-0.99200606	-0.00040198973	0	2.513274e-07	0	0.12559682	-0.99200606	-0.00040198973	2.9635012e-20	1
0	0.12559682	-0.99200606	-0.00040198973	0	6.283185e-07	0	0.12559682	-0.99200606	-0.00040198973	2.963516e-20	1
0	0.12559682	-0.99200606	-0.00040198973	0	1.256637e-06	0	0.12559682	-0.99200606	-0.00040198973	2.963541e-20	1
0	0.12559682	-0.99200606	-0.00040198973	0	2.513274e-06	0	0.12559682	-0.99200606	-0.00040198973	2.9635907e-20	1
0	0.12559682	-0.99200606	-0.00040198973	0	6.2831855e-06	0	0.12559682	-0.99200606	-0.00040198973	2.96374e-20	1
0	0.12559682	-0.99200606	-0.00040198973	0	1.2566371e-05	0	0.12559682	-0.99200606	-0.00040198973	2.9639888e-20	1
0	0.12559682	-0.99200606	-0.00040198973	0	2.5132742e-05	0	0.12559682	-0.99200606	-0.00040198973	2.9644867e-20	1
0	0.12559682	-0.99200606	-0.00040198973	0	6.283185e-05	0	0.12559682	-0.99200606	-0.00040198973	2.9659802e-20	1
0	0.12559682	-0.99200606	-0.00040198973	0	0.0001256637	0	0.12559682	-0.99200606	-0.00040198973	2.9684695e-20	1
0	0.12559682	-0.99200606	-0.00040198973	0	0.0002513274	0	0.12559682	-0.99200606	-0.00040198973	2.9734477e-20	1
0	0.12979716	-0.99146473	-0.0004033798	0	0.0006283185	0	0.12979716	-0.99146473	-0.0004033798	2.9883758e-20	1
0	0.13237119	-0.99112415	-0.00040421076	0	0.0010053096	0	0.13237119	-0.99112415	-0.00040421076	3.0033005e-20	1
0	0.1341114	-0.9908899	-0.00040477217	0	0.001256637	0	0.1341114	-0.9908899	-0.00040477217	3.0132474e-20	1
0	0.13877578	-0.99024695	-0.00040623598	0	0.0018849556	0	0.13877578	-0.99024695	-0.00040623598	3.0381032e-20	1
0	0.14375862	-0.9895352	-0.0004077645	0	0.002513274	0	0.14375862	-0.9895352	-0.0004077645	3.062942e-20	1
0	0.154928	-0.98784673	-0.00041101716	0	0.0037699111	0	0.154928	-0.98784673	-0.00041101716	3.112561e-20	1
0	0.1841079	-0.9828228	-0.0004185188	0	0.0062831854	0	0.1841079	-0.9828228	-0.0004185188	3.2114822e-20	1
0	0.2511118	-0.9678626	-0.00043017382	0	0.009424778	0	0.2511118	-0.9678626	-0.00043017382	3.33404e-20	1
0	0.89939094	0.43685377	0.00014751531	0	0.012566371	0	0.89939094	0.43685377	0.00014751531	2.6003654e-20	1
0	-0.06441908	0.99785364	0.00037720188	0	0.018849555	0	-0.06441908	0.99785364	0.00037720188	2.2138353e-20	1
0	-0.055268124	0.9984031	0.00037234585	0	0.025132742	0	-0.055268124	0.9984031	0.00037234585	1.9633744e-20	1
0	-0.042971812	0.99900913	0.00036476887	0	0.03769911	0	-0.042971812	0.99900913	0.00036476887	1.4621542e-20	1
0	-0.03511016	0.9993173	0.0003588585	0	0.050265484	0	-0.03511016	0.9993173	0.0003588585	9.6071576e-21	1
0	-0.029666282	0.99949455	0.00035390368	0	0.06283186	0	-0.029666282	0.99949455	0.00035390368	4.591597e-21	1
