# t (s)	mx ()	my ()	mz ()	B_extx (T)	B_exty (T)	B_extz (T)	mx ()	my ()	mz ()	E_total (J)	branch ()
0	-0.02715518	0.9995645	0.0017858299	0	0.06283186	0	-0.02715518	0.9995645	0.0017858299	4.5456806e-21	-1
0	-0.032094266	0.9994172	0.0018113755	0	0.050265484	0	-0.032094266	0.9994172	0.0018113755	9.561665e-21	-1
0	-0.039207943	0.99916244	0.0018420459	0	0.03769911	0	-0.039207943	0.99916244	0.0018420459	1.4576669e-20	-1
0	-0.050302275	0.99866414	0.0018816561	0	0.025132742	0	-0.050302275	0.99866414	0.0018816561	1.9589874e-20	-1
0	-0.058528055	0.9982151	0.0019072217	0	0.018849555	0	-0.058528055	0.9982151	0.0019072217	2.2095253e-20	-1
0	-0.069922775	0.99748063	0.0019392769	0	0.012566371	0	-0.069922775	0.99748063	0.0019392769	2.4599185e-20	-1
0	-0.07739642	0.996928	0.0019587688	0	0.009424778	0	-0.07739642	0.996928	0.0019587688	2.5850321e-20	-1
0	-0.086631924	0.99616706	0.0019815965	0	0.0062831854	0	-0.086631924	0.99616706	0.0019815965	2.7100645e-20	-1
0	-0.09571299	0.9953347	0.0020028404	0	0.0037699111	0	-0.09571299	0.9953347	0.0020028404	2.8100094e-20	-1
0	-0.10100417	0.9948112	0.0020147492	0	0.002513274	0	-0.10100417	0.9948112	0.0020147492	2.8599476e-20	-1
0	-0.103921786	0.9945104	0.002021161	0	0.0018849556	0	-0.103921786	0.9945104	0.002021161	2.8849064e-20	-1
0	-0.10693692	0.9941904	0.002027708	0	0.001256637	0	-0.10693692	0.9941904	0.002027708	2.909857e-20	-1
0	-0.1082063	0.9940529	0.0020304313	0	0.0010053096	0	-0.1082063	0.9940529	0.0020304313	2.919835e-20	-1
0	-0.11017968	0.9938359	0.0020346274	0	0.0006283185	0	-0.11017968	0.9938359	0.0020346274	2.9347997e-20	-1
0	-0.11220231	0.9936094	0.0020388928	0	0.0002513274	0	-0.11220231	0.9936094	0.0020388928	2.949761e-20	-1
0	-0.11220231	0.9936094	0.0020388928	0	0.0001256637	0	-0.11220231	0.9936094	0.0020388928	2.9547473e-20	-1
0	-0.11220231	0.9936094	0.0020388928	0	6.283185e-05	0	-0.11220231	0.9936094	0.0020388928	2.9572405e-20	-1
0	-0.11220231	0.9936094	0.0020388928	0	2.5132742e-05	0	-0.11220231	0.9936094	0.0020388928	2.9587365e-20	-1
0	-0.11220231	0.9936094	0.0020388928	0	1.2566371e-05	0	-0.11220231	0.9936094	0.0020388928	2.959235e-20	-1
0	-0.11220231	0.9936094	0.0020388928	0	6.2831855e-06	0	-0.11220231	0.9936094	0.0020388928	2.9594845e-20	-1
0	-0.11220231	0.9936094	0.0020388928	0	2.513274e-06	0	-0.11220231	0.9936094	0.0020388928	2.9596338e-20	-1
0	-0.11220231	0.9936094	0.0020388928	0	1.256637e-06	0	-0.11220231	0.9936094	0.0020388928	2.959684e-20	-1
0	-0.11220231	0.9936094	0.0020388928	0	6.283185e-07	0	-0.11220231	0.9936094	0.0020388928	2.9597088e-20	-1
0	-0.11220231	0.9936094	0.0020388928	0	2.513274e-07	0	-0.11220231	0.9936094	0.0020388928	2.9597236e-20	-1
0	-0.11220231	0.9936094	0.0020388928	0	1.256637e-07	0	-0.11220231	0.9936094	0.0020388928	2.9597288e-20	-1
0	-0.11220231	0.9936094	0.0020388928	0	0	0	-0.11220231	0.9936094	0.0020388928	2.9597337e-20	-1
0	-0.11220231	0.9936094	0.0020388928	0	-1.256637e-07	0	-0.11220231	0.9936094	0.0020388928	2.9597388e-20	-1
0	-0.11220231	0.9936094	0.0020388928	0	-2.513274e-07	0	-0.11220231	0.9936094	0.0020388928	2.9597437e-20	-1
0	-0.11220231	0.9936094	0.0020388928	0	-6.283185e-07	0	-0.11220231	0.9936094	0.0020388928	2.9597585e-20	-1
0	-0.11220231	0.9936094	0.0020388928	0	-1.256637e-06	0	-0.11220231	0.9936094	0.0020388928	2.9597834e-20	-1
0	-0.11220231	0.9936094	0.0020388928	0	-2.513274e-06	0	-0.11220231	0.9936094	0.0020388928	2.9598335e-20	-1
0	-0.11220231	0.9936094	0.0020388928	0	-6.2831855e-06	0	-0.11220231	0.9936094	0.0020388928	2.959983e-20	-1
0	-0.11220231	0.9936094	0.0020388928	0	-1.2566371e-05	0	-0.11220231	0.9936094	0.0020388928	2.9602322e-20	-1
0	-0.11220231	0.9936094	0.0020388928	0	-2.5132742e-05	0	-0.11220231	0.9936094	0.0020388928	2.960731e-20	-1
0	-0.11394785	0.9934106	0.002042537	0	-6.283185e-05	0	-0.11394785	0.9934106	0.002042537	2.9622255e-20	-1
0	-0.11394785	0.9934106	0.002042537	0	-0.0001256637	0	-0.11394785	0.9934106	0.002042537	2.964718e-20	-1
0	-0.11394785	0.9934106	0.002042537	0	-0.0002513274	0	-0.11394785	0.9934106	0.002042537	2.9697038e-20	-1
0	-0.11722553	0.99302876	0.0020492983	0	-0.0006283185	0	-0.11722553	0.99302876	0.0020492983	2.9846557e-20	-1
0	-0.11954078	0.9927525	0.002054004	0	-0.0010053096	0	-0.11954078	0.9927525	0.002054004	2.999604e-20	-1
0	-0.11954078	0.9927525	0.002054004	0	-0.001256637	0	-0.11954078	0.9927525	0.002054004	3.0095684e-20	-1
0	-0.12528554	0.99204326	0.0020654746	0	-0.0018849556	0	-0.12528554	0.99204326	0.0020654746	3.034467e-20	-1
0	-0.12974519	0.9914694	0.0020741466	0	-0.002513274	0	-0.12974519	0.9914694	0.0020741466	3.0593527e-20	-1
0	-0.13976267	0.99010575	0.0020929219	0	-0.0037699111	0	-0.13976267	0.99010575	0.0020929219	3.1090766e-20	-1
0	-0.16569448	0.98609424	0.0021372796	0	-0.0062831854	0	-0.16569448	0.98609424	0.0021372796	3.2082704e-20	-1
0	-0.22267903	0.9747994	0.002213051	0	-0.009424778	0	-0.22267903	0.9747994	0.002213051	3.331409e-20	-1
0	-0.9032043	-0.42891645	-0.0009154455	0	-0.012566371	0	-0.9032043	-0.42891645	-0.0009154455	2.6093458e-20	-1
0	0.058531962	-0.99821484	-0.0019072278	0	-0.018849555	0	0.058531962	-0.99821484	-0.0019072278	2.2095253e-20	-1
0	0.050303765	-0.9986641	-0.0018816581	0	-0.025132742	0	0.050303765	-0.9986641	-0.0018816581	1.9589874e-20	-1
0	0.03921473	-0.9991622	-0.0018420615	0	-0.03769911	0	0.03921473	-0.9991622	-0.0018420615	1.457667e-20	-1
0	0.032096766	-0.9994172	-0.0018113704	0	-0.050265484	0	0.032096766	-0.9994172	-0.0018113704	9.561666e-21	-1
0	0.02715482	-0.9995645	-0.0017858287	0	-0.06283186	0	0.02715482	-0.9995645	-0.0017858287	4.5456806e-21	-1
0	0.02715482	-0.9995645	-0.0017858287	0	-0.06283186	0	0.02715482	-0.9995645	-0.0017858287	4.5456806e-21	1
0	0.032091655	-0.9994173	-0.0018113728	0	-0.050265484	0	0.032091655	-0.9994173	-0.0018113728	9.561663e-21	1
0	0.03920254	-0.9991627	-0.0018420336	0	-0.03769911	0	0.03920254	-0.9991627	-0.0018420336	1.4576672e-20	1
0	0.050297648	-0.9986644	-0.0018816458	0	-0.025132742	0	0.050297648	-0.9986644	-0.0018816458	1.9589874e-20	1
0	0.058531433	-0.99821484	-0.0019072301	0	-0.018849555	0	0.058531433	-0.99821484	-0.0019072301	2.2095256e-20	1
0	0.06991225	-0.99748135	-0.0019392538	0	-0.012566371	0	0.06991225	-0.99748135	-0.0019392538	2.4599188e-20	1
0	0.07740041	-0.9969276	-0.0019587926	0	-0.009424778	0	0.07740041	-0.9969276	-0.0019587926	2.5850323e-20	1
0	0.086627334	-0.9961674	-0.0019815774	0	-0.0062831854	0	0.086627334	-0.9961674	-0.0019815774	2.7100644e-20	1
0	0.0957299	-0.9953331	-0.0020028742	0	-0.0037699111	0	0.0957299	-0.9953331	-0.0020028742	2.8100098e-20	1
0	0.101043776	-0.9948072	-0.0020148242	0	-0.002513274	0	0.101043776	-0.9948072	-0.0020148242	2.8599476e-20	1
0	0.103907675	-0.99451184	-0.0020211337	0	-0.0018849556	0	0.103907675	-0.99451184	-0.0020211337	2.8849068e-20	1
0	0.10694559	-0.99418944	-0.0020277244	0	-0.001256637	0	0.10694559	-0.99418944	-0.0020277244	2.909857e-20	1
0	0.10694559	-0.99418944	-0.0020277244	0	-0.0010053096	0	0.10694559	-0.99418944	-0.0020277244	2.9198358e-20	1
0	0.11019158	-0.9938346	-0.002034651	0	-0.0006283185	0	0.11019158	-0.9938346	-0.002034651	2.9347993e-20	1
0	0.11219722	-0.99360996	-0.0020388826	0	-0.0002513274	0	0.11219722	-0.99360996	-0.0020388826	2.9497603e-20	1
0	0.11219722	-0.99360996	-0.0020388826	0	-0.0001256637	0	0.11219722	-0.99360996	-0.0020388826	2.954747e-20	1
0	0.11219722	-0.99360996	-0.0020388826	0	-6.283185e-05	0	0.11219722	-0.99360996	-0.0020388826	2.95724e-20	1
0	0.11219722	-0.99360996	-0.0020388826	0	-2.5132742e-05	0	0.11219722	-0.99360996	-0.0020388826	2.9587362e-20	1
0	0.11219722	-0.99360996	-0.0020388826	0	-1.2566371e-05	0	0.11219722	-0.99360996	-0.0020388826	2.9592348e-20	1
0	0.11219722	-0.99360996	-0.0020388826	0	-6.2831855e-06	0	0.11219722	-0.99360996	-0.0020388826	2.959484e-20	1
0	0.11219722	-0.99360996	-0.0020388826	0	-2.513274e-06	0	0.11219722	-0.99360996	-0.0020388826	2.9596335e-20	1
0	0.11219722	-0.99360996	-0.0020388826	0	-1.256637e-06	0	0.11219722	-0.99360996	-0.0020388826	2.9596836e-20	1
0	0.11219722	-0.99360996	-0.0020388826	0	-6.283185e-07	0	0.11219722	-0.99360996	-0.0020388826	2.9597085e-20	1
0	0.11219722	-0.99360996	-0.0020388826	0	-2.513274e-07	0	0.11219722	-0.99360996	-0.0020388826	2.9597233e-20	1
0	0.11219722	-0.99360996	-0.0020388826	0	-1.256637e-07	0	0.11219722	-0.99360996	-0.0020388826	2.9597285e-20	1
0	0.11219722	-0.99360996	-0.0020388826	0	0	0	0.11219722	-0.99360996	-0.0020388826	2.9597333e-20	1
0	0.11219722	-0.99360996	-0.0020388826	0	1.256637e-07	0	0.11219722	-0.99360996	-0.0020388826	2.9597382e-20	1
0	0.11219722	-0.99360996	-0.0020388826	0	2.513274e-07	0	0.11219722	-0.99360996	-0.0020388826	2.9597434e-20	1
0	0.11219722	-0.99360996	-0.0020388826	0	6.283185e-07	0	0.11219722	-0.99360996	-0.0020388826	2.9597582e-20	1
0	0.11219722	-0.99360996	-0.0020388826	0	1.256637e-06	0	0.11219722	-0.99360996	-0.0020388826	2.959783e-20	1
0	0.11219722	-0.99360996	-0.0020388826	0	2.513274e-06	0	0.11219722	-0.99360996	-0.0020388826	2.9598332e-20	1
0	0.11219722	-0.99360996	-0.0020388826	0	6.2831855e-06	0	0.11219722	-0.99360996	-0.0020388826	2.9599828e-20	1
0	0.11219722	-0.99360996	-0.0020388826	0	1.2566371e-05	0	0.11219722	-0.99360996	-0.0020388826	2.960232e-20	1
0	0.11219722	-0.99360996	-0.0020388826	0	2.5132742e-05	0	0.11219722	-0.99360996	-0.0020388826	2.9607305e-20	1
0	0.11395872	-0.9934093	-0.0020425576	0	6.283185e-05	0	0.11395872	-0.9934093	-0.0020425576	2.9622252e-20	1
0	0.11395872	-0.9934093	-0.0020425576	0	0.0001256637	0	0.11395872	-0.9934093	-0.0020425576	2.964718e-20	1
0	0.11395872	-0.9934093	-0.0020425576	0	0.0002513274	0	0.11395872	-0.9934093	-0.0020425576	2.9697034e-20	1
0	0.11723987	-0.9930271	-0.0020492831	0	0.0006283185	0	0.11723987	-0.9930271	-0.0020492831	2.9846557e-20	1
0	0.11954097	-0.99275243	-0.0020540052	0	0.0010053096	0	0.11954097	-0.99275243	-0.0020540052	2.9996038e-20	1
0	0.11954097	-0.99275243	-0.0020540052	0	0.001256637	0	0.11954097	-0.99275243	-0.0020540052	3.009568e-20	1
0	0.12527077	-0.99204516	-0.0020654402	0	0.0018849556	0	0.12527077	-0.99204516	-0.0020654402	3.034467e-20	1
0	0.12974265	-0.9914696	-0.0020741243	0	0.002513274	0	0.12974265	-0.9914696	-0.0020741243	3.0593524e-20	1
0	0.13973638	-0.9901095	-0.0020928779	0	0.0037699111	0	0.13973638	-0.9901095	-0.0020928779	3.1090763e-20	1
0	0.16575131	-0.9860847	-0.0021373632	0	0.0062831854	0	0.16575131	-0.9860847	-0.0021373632	3.2082704e-20	1
0	0.22256893	-0.97482455	-0.0022129389	0	0.009424778	0	0.22256893	-0.97482455	-0.0022129389	3.3314092e-20	1
0	0.7146971	0.6991956	0.0004969451	0	0.012566371	0	0.7146971	0.6991956	0.0004969451	2.6234405e-20	1
0	-0.058542	0.99821424	0.0019072505	0	0.018849555	0	-0.058542	0.99821424	0.0019072505	2.2095254e-20	1
0	-0.05030469	0.998664	0.0018816615	0	0.025132742	0	-0.05030469	0.998664	0.0018816615	1.9589874e-20	1
0	-0.039211188	0.9991623	0.0018420529	0	0.03769911	0	-0.039211188	0.9991623	0.0018420529	1.457667e-20	1
0	-0.03209813	0.9994172	0.0018113888	0	0.050265484	0	-0.03209813	0.9994172	0.0018113888	9.561665e-21	1
0	-0.027154574	0.9995645	0.0017858273	0	0.06283186	0	-0.027154574	0.9995645	0.0017858273	4.5456806e-21	1
