# t (s)	mx ()	my ()	mz ()	B_extx (T)	B_exty (T)	B_extz (T)	mx ()	my ()	mz ()	E_total (J)	branch ()
0	-0.012919201	0.9998491	-0.0023195515	0	0.06283186	0	-0.012919201	0.9998491	-0.0023195515	4.5032593e-21	-1
0	-0.0152343735	0.99981564	-0.0023371852	0	0.050265484	0	-0.0152343735	0.99981564	-0.0023371852	9.520928e-21	-1
0	-0.018556725	0.9997586	-0.0023544873	0	0.03769911	0	-0.018556725	0.9997586	-0.0023544873	1.4538383e-20	-1
0	-0.023727203	0.99964845	-0.002370914	0	0.025132742	0	-0.023727203	0.99964845	-0.002370914	1.9555433e-20	-1
0	-0.027557231	0.9995496	-0.0023783564	0	0.018849555	0	-0.027557231	0.9995496	-0.0023783564	2.206369e-20	-1
0	-0.032873884	0.99938834	-0.0023847464	0	0.012566371	0	-0.032873884	0.99938834	-0.0023847464	2.4571626e-20	-1
0	-0.036357637	0.99926746	-0.0023873025	0	0.009424778	0	-0.036357637	0.99926746	-0.0023873025	2.5825412e-20	-1
0	-0.040668957	0.9991009	-0.0023891816	0	0.0062831854	0	-0.040668957	0.9991009	-0.0023891816	2.7079022e-20	-1
0	-0.04495111	0.9989171	-0.0023899176	0	0.0037699111	0	-0.04495111	0.9989171	-0.0023899176	2.8081732e-20	-1
0	-0.04740923	0.99880326	-0.002389993	0	0.002513274	0	-0.04740923	0.99880326	-0.002389993	2.8583016e-20	-1
0	-0.048778154	0.99873734	-0.0023899006	0	0.0018849556	0	-0.048778154	0.99873734	-0.0023899006	2.883363e-20	-1
0	-0.0501957	0.998667	-0.0023897537	0	0.001256637	0	-0.0501957	0.998667	-0.0023897537	2.908423e-20	-1
0	-0.0501957	0.998667	-0.0023897537	0	0.0010053096	0	-0.0501957	0.998667	-0.0023897537	2.9184467e-20	-1
0	-0.051711358	0.9985895	-0.0023895162	0	0.0006283185	0	-0.051711358	0.9985895	-0.0023895162	2.9334807e-20	-1
0	-0.052672036	0.9985392	-0.002389321	0	0.0002513274	0	-0.052672036	0.9985392	-0.002389321	2.9485147e-20	-1
0	-0.052672036	0.9985392	-0.002389321	0	0.0001256637	0	-0.052672036	0.9985392	-0.002389321	2.953526e-20	-1
0	-0.052672036	0.9985392	-0.002389321	0	6.283185e-05	0	-0.052672036	0.9985392	-0.002389321	2.9560314e-20	-1
0	-0.052672036	0.9985392	-0.002389321	0	2.5132742e-05	0	-0.052672036	0.9985392	-0.002389321	2.957535e-20	-1
0	-0.052672036	0.9985392	-0.002389321	0	1.2566371e-05	0	-0.052672036	0.9985392	-0.002389321	2.958036e-20	-1
0	-0.052672036	0.9985392	-0.002389321	0	6.2831855e-06	0	-0.052672036	0.9985392	-0.002389321	2.9582864e-20	-1
0	-0.052672036	0.9985392	-0.002389321	0	2.513274e-06	0	-0.052672036	0.9985392	-0.002389321	2.9584367e-20	-1
0	-0.052672036	0.9985392	-0.002389321	0	1.256637e-06	0	-0.052672036	0.9985392	-0.002389321	2.9584867e-20	-1
0	-0.052672036	0.9985392	-0.002389321	0	6.283185e-07	0	-0.052672036	0.9985392	-0.002389321	2.958512e-20	-1
0	-0.052672036	0.9985392	-0.002389321	0	2.513274e-07	0	-0.052672036	0.9985392	-0.002389321	2.958527e-20	-1
0	-0.052672036	0.9985392	-0.002389321	0	1.256637e-07	0	-0.052672036	0.9985392	-0.002389321	2.958532e-20	-1
0	-0.052672036	0.9985392	-0.002389321	0	0	0	-0.052672036	0.9985392	-0.002389321	2.958537e-20	-1
0	-0.052672036	0.9985392	-0.002389321	0	-1.256637e-07	0	-0.052672036	0.9985392	-0.002389321	2.958542e-20	-1
0	-0.052672036	0.9985392	-0.002389321	0	-2.513274e-07	0	-0.052672036	0.9985392	-0.002389321	2.9585472e-20	-1
0	-0.052672036	0.9985392	-0.002389321	0	-6.283185e-07	0	-0.052672036	0.9985392	-0.002389321	2.958562e-20	-1
0	-0.052672036	0.9985392	-0.002389321	0	-1.256637e-06	0	-0.052672036	0.9985392	-0.002389321	2.9585872e-20	-1
0	-0.052672036	0.9985392	-0.002389321	0	-2.513274e-06	0	-0.052672036	0.9985392	-0.002389321	2.9586373e-20	-1
0	-0.052672036	0.9985392	-0.002389321	0	-6.2831855e-06	0	-0.052672036	0.9985392	-0.002389321	2.9587876e-20	-1
0	-0.052672036	0.9985392	-0.002389321	0	-1.2566371e-05	0	-0.052672036	0.9985392	-0.002389321	2.959038e-20	-1
0	-0.052672036	0.9985392	-0.002389321	0	-2.5132742e-05	0	-0.052672036	0.9985392	-0.002389321	2.959539e-20	-1
0	-0.052672036	0.9985392	-0.002389321	0	-6.283185e-05	0	-0.052672036	0.9985392	-0.002389321	2.9610426e-20	-1
0	-0.05365532	0.99848676	-0.0023891004	0	-0.0001256637	0	-0.05365532	0.99848676	-0.0023891004	2.963548e-20	-1
0	-0.05365532	0.99848676	-0.0023891004	0	-0.0002513274	0	-0.05365532	0.99848676	-0.0023891004	2.968559e-20	-1
0	-0.055039756	0.9984114	-0.0023887302	0	-0.0006283185	0	-0.055039756	0.9984114	-0.0023887302	2.9835904e-20	-1
0	-0.056123067	0.998351	-0.0023884058	0	-0.0010053096	0	-0.056123067	0.998351	-0.0023884058	2.9986218e-20	-1
0	-0.056123067	0.998351	-0.0023884058	0	-0.001256637	0	-0.056123067	0.998351	-0.0023884058	3.0086423e-20	-1
0	-0.05880829	0.99819624	-0.0023874762	0	-0.0018849556	0	-0.05880829	0.99819624	-0.0023874762	3.033691e-20	-1
0	-0.06091703	0.99806964	-0.002386608	0	-0.002513274	0	-0.06091703	0.99806964	-0.002386608	3.0587365e-20	-1
0	-0.0655894	0.9977732	-0.0023843502	0	-0.0037699111	0	-0.0655894	0.9977732	-0.0023843502	3.1088178e-20	-1
0	-0.0774084	0.996925	-0.002376853	0	-0.0062831854	0	-0.0774084	0.996925	-0.002376853	3.2089254e-20	-1
0	-0.10049442	0.9948613	-0.0023564384	0	-0.009424778	0	-0.10049442	0.9948613	-0.0023564384	3.3338894e-20	-1
0	-0.14871892	0.988798	-0.0022962417	0	-0.012566371	0	-0.14871892	0.988798	-0.0022962417	3.458412e-20	-1
0	0.027556347	-0.9995497	0.0023783569	0	-0.018849555	0	0.027556347	-0.9995497	0.0023783569	2.2063689e-20	-1
0	0.023735303	-0.9996482	0.002370909	0	-0.025132742	0	0.023735303	-0.9996482	0.002370909	1.9555432e-20	-1
0	0.018561637	-0.99975854	0.0023545001	0	-0.03769911	0	0.018561637	-0.99975854	0.0023545001	1.4538381e-20	-1
0	0.015239006	-0.9998156	0.002337182	0	-0.050265484	0	0.015239006	-0.9998156	0.002337182	9.520929e-21	-1
0	0.012921801	-0.999849	0.00231955	0	-0.06283186	0	0.012921801	-0.999849	0.00231955	4.503262e-21	-1
0	0.012921801	-0.999849	0.00231955	0	-0.06283186	0	0.012921801	-0.999849	0.00231955	4.503262e-21	1
0	0.015234817	-0.99981564	0.0023371843	0	-0.050265484	0	0.015234817	-0.99981564	0.0023371843	9.520927e-21	1
0	0.018555993	-0.9997587	0.0023545045	0	-0.03769911	0	0.018555993	-0.9997587	0.0023545045	1.4538383e-20	1
0	0.023728322	-0.99964833	0.002370906	0	-0.025132742	0	0.023728322	-0.99964833	0.002370906	1.9555432e-20	1
0	0.027559161	-0.9995496	0.0023783548	0	-0.018849555	0	0.027559161	-0.9995496	0.0023783548	2.2063689e-20	1
0	0.032857765	-0.99938893	0.0023847572	0	-0.012566371	0	0.032857765	-0.99938893	0.0023847572	2.4571626e-20	1
0	0.03635787	-0.99926746	0.0023873006	0	-0.009424778	0	0.03635787	-0.99926746	0.0023873006	2.5825412e-20	1
0	0.040677372	-0.99910057	0.0023891577	0	-0.0062831854	0	0.040677372	-0.99910057	0.0023891577	2.7079019e-20	1
0	0.044936795	-0.9989177	0.0023899283	0	-0.0037699111	0	0.044936795	-0.9989177	0.0023899283	2.8081732e-20	1
0	0.047446653	-0.99880147	0.0023899628	0	-0.002513274	0	0.047446653	-0.99880147	0.0023899628	2.858301e-20	1
0	0.04877525	-0.99873745	0.0023899036	0	-0.0018849556	0	0.04877525	-0.99873745	0.0023899036	2.8833626e-20	1
0	0.05021756	-0.9986658	0.0023897388	0	-0.001256637	0	0.05021756	-0.9986658	0.0023897388	2.908423e-20	1
0	0.05021756	-0.9986658	0.0023897388	0	-0.0010053096	0	0.05021756	-0.9986658	0.0023897388	2.9184467e-20	1
0	0.051726207	-0.99858874	0.0023895046	0	-0.0006283185	0	0.051726207	-0.99858874	0.0023895046	2.933481e-20	1
0	0.05267296	-0.9985392	0.0023893262	0	-0.0002513274	0	0.05267296	-0.9985392	0.0023893262	2.948515e-20	1
0	0.05267296	-0.9985392	0.0023893262	0	-0.0001256637	0	0.05267296	-0.9985392	0.0023893262	2.953526e-20	1
0	0.05267296	-0.9985392	0.0023893262	0	-6.283185e-05	0	0.05267296	-0.9985392	0.0023893262	2.9560317e-20	1
0	0.05267296	-0.9985392	0.0023893262	0	-2.5132742e-05	0	0.05267296	-0.9985392	0.0023893262	2.9575352e-20	1
0	0.05267296	-0.9985392	0.0023893262	0	-1.2566371e-05	0	0.05267296	-0.9985392	0.0023893262	2.958036e-20	1
0	0.05267296	-0.9985392	0.0023893262	0	-6.2831855e-06	0	0.05267296	-0.9985392	0.0023893262	2.9582867e-20	1
0	0.05267296	-0.9985392	0.0023893262	0	-2.513274e-06	0	0.05267296	-0.9985392	0.0023893262	2.958437e-20	1
0	0.05267296	-0.9985392	0.0023893262	0	-1.256637e-06	0	0.05267296	-0.9985392	0.0023893262	2.958487e-20	1
0	0.05267296	-0.9985392	0.0023893262	0	-6.283185e-07	0	0.05267296	-0.9985392	0.0023893262	2.9585123e-20	1
0	0.05267296	-0.9985392	0.0023893262	0	-2.513274e-07	0	0.05267296	-0.9985392	0.0023893262	2.958527e-20	1
0	0.05267296	-0.9985392	0.0023893262	0	-1.256637e-07	0	0.05267296	-0.9985392	0.0023893262	2.9585323e-20	1
0	0.05267296	-0.9985392	0.0023893262	0	0	0	0.05267296	-0.9985392	0.0023893262	2.958537e-20	1
0	0.05267296	-0.9985392	0.0023893262	0	1.256637e-07	0	0.05267296	-0.9985392	0.0023893262	2.9585423e-20	1
0	0.05267296	-0.9985392	0.0023893262	0	2.513274e-07	0	0.05267296	-0.9985392	0.0023893262	2.9585472e-20	1
0	0.05267296	-0.9985392	0.0023893262	0	6.283185e-07	0	0.05267296	-0.9985392	0.0023893262	2.9585624e-20	1
0	0.05267296	-0.9985392	0.0023893262	0	1.256637e-06	0	0.05267296	-0.9985392	0.0023893262	2.9585872e-20	1
0	0.05267296	-0.9985392	0.0023893262	0	2.513274e-06	0	0.05267296	-0.9985392	0.0023893262	2.9586373e-20	1
0	0.05267296	-0.9985392	0.0023893262	0	6.2831855e-06	0	0.05267296	-0.9985392	0.0023893262	2.958788e-20	1
0	0.05267296	-0.9985392	0.0023893262	0	1.2566371e-05	0	0.05267296	-0.9985392	0.0023893262	2.9590383e-20	1
0	0.05267296	-0.9985392	0.0023893262	0	2.5132742e-05	0	0.05267296	-0.9985392	0.0023893262	2.9595395e-20	1
0	0.05267296	-0.9985392	0.0023893262	0	6.283185e-05	0	0.05267296	-0.9985392	0.0023893262	2.961043e-20	1
0	0.053658746	-0.99848664	0.0023890964	0	0.0001256637	0	0.053658746	-0.99848664	0.0023890964	2.9635484e-20	1
0	0.053658746	-0.99848664	0.0023890964	0	0.0002513274	0	0.053658746	-0.99848664	0.0023890964	2.9685593e-20	1
0	0.055024363	-0.99841225	0.0023887441	0	0.0006283185	0	0.055024363	-0.99841225	0.0023887441	2.9835907e-20	1
0	0.056125455	-0.99835086	0.0023884042	0	0.0010053096	0	0.056125455	-0.99835086	0.0023884042	2.998622e-20	1
0	0.056125455	-0.99835086	0.0023884042	0	0.001256637	0	0.056125455	-0.99835086	0.0023884042	3.0086426e-20	1
0	0.058806848	-0.99819636	0.002387477	0	0.0018849556	0	0.058806848	-0.99819636	0.002387477	3.0336907e-20	1
0	0.06092953	-0.99806887	0.0023865965	0	0.002513274	0	0.06092953	-0.99806887	0.0023865965	3.0587365e-20	1
0	0.06555456	-0.99777544	0.0023843856	0	0.0037699111	0	0.06555456	-0.99777544	0.0023843856	3.1088178e-20	1
0	0.07749991	-0.99691796	0.002376759	0	0.0062831854	0	0.07749991	-0.99691796	0.002376759	3.208925e-20	1
0	0.100563996	-0.99485433	0.0023563555	0	0.009424778	0	0.100563996	-0.99485433	0.0023563555	3.3338897e-20	1
0	0.14880106	-0.9887856	0.0022961171	0	0.012566371	0	0.14880106	-0.9887856	0.0022961171	3.4584118e-20	1
0	-0.02757115	0.99954927	-0.0023783413	0	0.018849555	0	-0.02757115	0.99954927	-0.0023783413	2.2063687e-20	1
0	-0.023737762	0.99964815	-0.002370907	0	0.025132742	0	-0.023737762	0.99964815	-0.002370907	1.9555432e-20	1
0	-0.01856084	0.9997586	-0.0023545008	0	0.03769911	0	-0.01856084	0.9997586	-0.0023545008	1.4538383e-20	1
0	-0.015245758	0.99981546	-0.0023371787	0	0.050265484	0	-0.015245758	0.99981546	-0.0023371787	9.520929e-21	1
0	-0.012922213	0.99984896	-0.002319549	0	0.06283186	0	-0.012922213	0.99984896	-0.002319549	4.50326e-21	1
