# t (s)	mx ()	my ()	mz ()	B_extx (T)	B_exty (T)	B_extz (T)	mx ()	my ()	mz ()	E_total (J)	branch ()
0	-0.033314873	0.9993795	0.0004596454	0	0.06283186	0	-0.033314873	0.9993795	0.0004596454	4.6015924e-21	-1
0	-0.039465096	0.99915457	0.00046107924	0	0.050265484	0	-0.039465096	0.99915457	0.00046107924	9.616471e-21	-1
0	-0.04835242	0.9987629	0.00046137083	0	0.03769911	0	-0.04835242	0.9987629	0.00046137083	1.4629846e-20	-1
0	-0.062259063	0.9979912	0.00045944317	0	0.025132742	0	-0.062259063	0.9979912	0.00045944317	1.9640447e-20	-1
0	-0.0725995	0.9972914	0.00045683657	0	0.018849555	0	-0.0725995	0.9972914	0.00045683657	2.2143848e-20	-1
0	-0.08689006	0.9961468	0.00045216508	0	0.012566371	0	-0.08689006	0.9961468	0.00045216508	2.4644993e-20	-1
0	-0.096281886	0.99528205	0.00044864722	0	0.009424778	0	-0.096281886	0.99528205	0.00044864722	2.5894272e-20	-1
0	-0.10786572	0.9940923	0.0004438472	0	0.0062831854	0	-0.10786572	0.9940923	0.0004438472	2.714227e-20	-1
0	-0.11925301	0.99278945	0.00043875142	0	0.0037699111	0	-0.11925301	0.99278945	0.00043875142	2.8139424e-20	-1
0	-0.12585911	0.9919729	0.00043564045	0	0.002513274	0	-0.12585911	0.9919729	0.00043564045	2.8637455e-20	-1
0	-0.12943694	0.99151206	0.0004339133	0	0.0018849556	0	-0.12943694	0.99151206	0.0004339133	2.888631e-20	-1
0	-0.13324815	0.9910066	0.00043203836	0	0.001256637	0	-0.13324815	0.9910066	0.00043203836	2.913504e-20	-1
0	-0.13324815	0.9910066	0.00043203836	0	0.0010053096	0	-0.13324815	0.9910066	0.00043203836	2.9234508e-20	-1
0	-0.13725999	0.9904585	0.00043003645	0	0.0006283185	0	-0.13725999	0.9904585	0.00043003645	2.9383643e-20	-1
0	-0.139795	0.9901036	0.00042875163	0	0.0002513274	0	-0.139795	0.9901036	0.00042875163	2.9532732e-20	-1
0	-0.139795	0.9901036	0.00042875163	0	0.0001256637	0	-0.139795	0.9901036	0.00042875163	2.958242e-20	-1
0	-0.139795	0.9901036	0.00042875163	0	6.283185e-05	0	-0.139795	0.9901036	0.00042875163	2.9607266e-20	-1
0	-0.139795	0.9901036	0.00042875163	0	2.5132742e-05	0	-0.139795	0.9901036	0.00042875163	2.9622175e-20	-1
0	-0.139795	0.9901036	0.00042875163	0	1.2566371e-05	0	-0.139795	0.9901036	0.00042875163	2.962714e-20	-1
0	-0.139795	0.9901036	0.00042875163	0	6.2831855e-06	0	-0.139795	0.9901036	0.00042875163	2.9629626e-20	-1
0	-0.139795	0.9901036	0.00042875163	0	2.513274e-06	0	-0.139795	0.9901036	0.00042875163	2.963112e-20	-1
0	-0.139795	0.9901036	0.00042875163	0	1.256637e-06	0	-0.139795	0.9901036	0.00042875163	2.9631613e-20	-1
0	-0.139795	0.9901036	0.00042875163	0	6.283185e-07	0	-0.139795	0.9901036	0.00042875163	2.9631862e-20	-1
0	-0.139795	0.9901036	0.00042875163	0	2.513274e-07	0	-0.139795	0.9901036	0.00042875163	2.963201e-20	-1
0	-0.139795	0.9901036	0.00042875163	0	1.256637e-07	0	-0.139795	0.9901036	0.00042875163	2.9632062e-20	-1
0	-0.139795	0.9901036	0.00042875163	0	0	0	-0.139795	0.9901036	0.00042875163	2.963211e-20	-1
0	-0.139795	0.9901036	0.00042875163	0	-1.256637e-07	0	-0.139795	0.9901036	0.00042875163	2.963216e-20	-1
0	-0.139795	0.9901036	0.00042875163	0	-2.513274e-07	0	-0.139795	0.9901036	0.00042875163	2.963221e-20	-1
0	-0.139795	0.9901036	0.00042875163	0	-6.283185e-07	0	-0.139795	0.9901036	0.00042875163	2.963236e-20	-1
0	-0.139795	0.9901036	0.00042875163	0	-1.256637e-06	0	-0.139795	0.9901036	0.00042875163	2.9632608e-20	-1
0	-0.139795	0.9901036	0.00042875163	0	-2.513274e-06	0	-0.139795	0.9901036	0.00042875163	2.9633106e-20	-1
0	-0.139795	0.9901036	0.00042875163	0	-6.2831855e-06	0	-0.139795	0.9901036	0.00042875163	2.9634595e-20	-1
0	-0.139795	0.9901036	0.00042875163	0	-1.2566371e-05	0	-0.139795	0.9901036	0.00042875163	2.963708e-20	-1
0	-0.139795	0.9901036	0.00042875163	0	-2.5132742e-05	0	-0.139795	0.9901036	0.00042875163	2.964205e-20	-1
0	-0.14196397	0.98979473	0.00042764528	0	-6.283185e-05	0	-0.14196397	0.98979473	0.00042764528	2.9656936e-20	-1
0	-0.14196397	0.98979473	0.00042764528	0	-0.0001256637	0	-0.14196397	0.98979473	0.00042764528	2.9681774e-20	-1
0	-0.14196397	0.98979473	0.00042764528	0	-0.0002513274	0	-0.14196397	0.98979473	0.00042764528	2.9731446e-20	-1
0	-0.14606294	0.9891976	0.00042552222	0	-0.0006283185	0	-0.14606294	0.9891976	0.00042552222	2.9880397e-20	-1
0	-0.14893347	0.9887692	0.0004240172	0	-0.0010053096	0	-0.14893347	0.9887692	0.0004240172	3.0029296e-20	-1
0	-0.15091497	0.9884684	0.00042296972	0	-0.001256637	0	-0.15091497	0.9884684	0.00042296972	3.012852e-20	-1
0	-0.1561104	0.98766065	0.00042018783	0	-0.0018849556	0	-0.1561104	0.98766065	0.00042018783	3.0376453e-20	-1
0	-0.16169614	0.98676085	0.00041714264	0	-0.002513274	0	-0.16169614	0.98676085	0.00041714264	3.062417e-20	-1
0	-0.1741389	0.9846395	0.00041017792	0	-0.0037699111	0	-0.1741389	0.9846395	0.00041017792	3.1118867e-20	-1
0	-0.20688641	0.9782781	0.00039074954	0	-0.0062831854	0	-0.20688641	0.9782781	0.00039074954	3.2104263e-20	-1
0	-0.28700644	0.9578255	0.00033823066	0	-0.009424778	0	-0.28700644	0.9578255	0.00033823066	3.3321775e-20	-1
0	0.9583767	-0.28516227	-0.00020939116	0	-0.012566371	0	0.9583767	-0.28516227	-0.00020939116	2.7155018e-20	-1
0	0.07260465	-0.99729097	-0.00045683657	0	-0.018849555	0	0.07260465	-0.99729097	-0.00045683657	2.2143848e-20	-1
0	0.06227126	-0.9979905	-0.00045943726	0	-0.025132742	0	0.06227126	-0.9979905	-0.00045943726	1.9640447e-20	-1
0	0.048354477	-0.9987628	-0.00046138544	0	-0.03769911	0	0.048354477	-0.9987628	-0.00046138544	1.4629849e-20	-1
0	0.03946862	-0.99915445	-0.00046107918	0	-0.050265484	0	0.03946862	-0.99915445	-0.00046107918	9.616469e-21	-1
0	0.033316232	-0.9993794	-0.00045964378	0	-0.06283186	0	0.033316232	-0.9993794	-0.00045964378	4.6015936e-21	-1
0	0.033316232	-0.9993794	-0.00045964378	0	-0.06283186	0	0.033316232	-0.9993794	-0.00045964378	4.6015936e-21	1
0	0.039467692	-0.99915445	-0.00046107848	0	-0.050265484	0	0.039467692	-0.99915445	-0.00046107848	9.616467e-21	1
0	0.048353583	-0.99876285	-0.00046138556	0	-0.03769911	0	0.048353583	-0.99876285	-0.00046138556	1.4629849e-20	1
0	0.06225928	-0.9979912	-0.0004594421	0	-0.025132742	0	0.06225928	-0.9979912	-0.0004594421	1.9640449e-20	1
0	0.072595365	-0.9972917	-0.00045684003	0	-0.018849555	0	0.072595365	-0.9972917	-0.00045684003	2.2143846e-20	1
0	0.08688621	-0.99614716	-0.00045220382	0	-0.012566371	0	0.08688621	-0.99614716	-0.00045220382	2.4644993e-20	1
0	0.096278176	-0.9952825	-0.00044864597	0	-0.009424778	0	0.096278176	-0.9952825	-0.00044864597	2.589427e-20	1
0	0.10784455	-0.9940946	-0.0004438608	0	-0.0062831854	0	0.10784455	-0.9940946	-0.0004438608	2.714227e-20	1
0	0.11924202	-0.9927908	-0.00043876068	0	-0.0037699111	0	0.11924202	-0.9927908	-0.00043876068	2.813942e-20	1
0	0.1258661	-0.9919721	-0.00043563705	0	-0.002513274	0	0.1258661	-0.9919721	-0.00043563705	2.8637455e-20	1
0	0.12946731	-0.9915081	-0.00043389678	0	-0.0018849556	0	0.12946731	-0.9915081	-0.00043389678	2.888631e-20	1
0	0.13323568	-0.9910083	-0.0004320478	0	-0.001256637	0	0.13323568	-0.9910083	-0.0004320478	2.9135043e-20	1
0	0.13481824	-0.99079406	-0.00043126044	0	-0.0010053096	0	0.13481824	-0.99079406	-0.00043126044	2.92345e-20	1
0	0.13725585	-0.9904591	-0.00043006535	0	-0.0006283185	0	0.13725585	-0.9904591	-0.00043006535	2.938364e-20	1
0	0.13978735	-0.9901047	-0.00042875612	0	-0.0002513274	0	0.13978735	-0.9901047	-0.00042875612	2.9532732e-20	1
0	0.14063078	-0.9899851	-0.00042832695	0	-0.0001256637	0	0.14063078	-0.9899851	-0.00042832695	2.958242e-20	1
0	0.14063078	-0.9899851	-0.00042832695	0	-6.283185e-05	0	0.14063078	-0.9899851	-0.00042832695	2.9607263e-20	1
0	0.14063078	-0.9899851	-0.00042832695	0	-2.5132742e-05	0	0.14063078	-0.9899851	-0.00042832695	2.9622168e-20	1
0	0.14063078	-0.9899851	-0.00042832695	0	-1.2566371e-05	0	0.14063078	-0.9899851	-0.00042832695	2.9627138e-20	1
0	0.14063078	-0.9899851	-0.00042832695	0	-6.2831855e-06	0	0.14063078	-0.9899851	-0.00042832695	2.962962e-20	1
0	0.14063078	-0.9899851	-0.00042832695	0	-2.513274e-06	0	0.14063078	-0.9899851	-0.00042832695	2.9631112e-20	1
0	0.14063078	-0.9899851	-0.00042832695	0	-1.256637e-06	0	0.14063078	-0.9899851	-0.00042832695	2.9631606e-20	1
0	0.14063078	-0.9899851	-0.00042832695	0	-6.283185e-07	0	0.14063078	-0.9899851	-0.00042832695	2.9631855e-20	1
0	0.14063078	-0.9899851	-0.00042832695	0	-2.513274e-07	0	0.14063078	-0.9899851	-0.00042832695	2.9632004e-20	1
0	0.14063078	-0.9899851	-0.00042832695	0	-1.256637e-07	0	0.14063078	-0.9899851	-0.00042832695	2.9632056e-20	1
0	0.14063078	-0.9899851	-0.00042832695	0	0	0	0.14063078	-0.9899851	-0.00042832695	2.9632104e-20	1
0	0.14063078	-0.9899851	-0.00042832695	0	1.256637e-07	0	0.14063078	-0.9899851	-0.00042832695	2.9632156e-20	1
0	0.14063078	-0.9899851	-0.00042832695	0	2.513274e-07	0	0.14063078	-0.9899851	-0.00042832695	2.9632204e-20	1
0	0.14063078	-0.9899851	-0.00042832695	0	6.283185e-07	0	0.14063078	-0.9899851	-0.00042832695	2.9632353e-20	1
0	0.14063078	-0.9899851	-0.00042832695	0	1.256637e-06	0	0.14063078	-0.9899851	-0.00042832695	2.96326e-20	1
0	0.14063078	-0.9899851	-0.00042832695	0	2.513274e-06	0	0.14063078	-0.9899851	-0.00042832695	2.96331e-20	1
0	0.14063078	-0.9899851	-0.00042832695	0	6.2831855e-06	0	0.14063078	-0.9899851	-0.00042832695	2.963459e-20	1
0	0.14063078	-0.9899851	-0.00042832695	0	1.2566371e-05	0	0.14063078	-0.9899851	-0.00042832695	2.9637074e-20	1
0	0.14063078	-0.9899851	-0.00042832695	0	2.5132742e-05	0	0.14063078	-0.9899851	-0.00042832695	2.964204e-20	1
0	0.14063078	-0.9899851	-0.00042832695	0	6.283185e-05	0	0.14063078	-0.9899851	-0.00042832695	2.9656945e-20	1
0	0.142396	-0.98973256	-0.000427422	0	0.0001256637	0	0.142396	-0.98973256	-0.000427422	2.9681774e-20	1
0	0.142396	-0.98973256	-0.000427422	0	0.0002513274	0	0.142396	-0.98973256	-0.000427422	2.9731443e-20	1
0	0.14607155	-0.9891964	-0.00042551634	0	0.0006283185	0	0.14607155	-0.9891964	-0.00042551634	2.9880394e-20	1
0	0.14892176	-0.98877096	-0.00042402418	0	0.0010053096	0	0.14892176	-0.98877096	-0.00042402418	3.0029293e-20	1
0	0.15091167	-0.98846895	-0.00042297103	0	0.001256637	0	0.15091167	-0.98846895	-0.00042297103	3.0128522e-20	1
0	0.15609598	-0.9876629	-0.00042021179	0	0.0018849556	0	0.15609598	-0.9876629	-0.00042021179	3.0376453e-20	1
0	0.16165861	-0.98676693	-0.0004171644	0	0.002513274	0	0.16165861	-0.98676693	-0.0004171644	3.062417e-20	1
0	0.17413628	-0.98464	-0.00041017926	0	0.0037699111	0	0.17413628	-0.98464	-0.00041017926	3.1118867e-20	1
0	0.2068878	-0.9782778	-0.00039074954	0	0.0062831854	0	0.2068878	-0.9782778	-0.00039074954	3.2104263e-20	1
0	0.28700098	-0.95782715	-0.00033823482	0	0.009424778	0	0.28700098	-0.95782715	-0.00033823482	3.3321775e-20	1
0	0.8947284	0.44632107	-0.00020843088	0	0.012566371	0	0.8947284	0.44632107	-0.00020843088	2.5934439e-20	1
0	-0.07259717	0.99729156	0.00045684006	0	0.018849555	0	-0.07259717	0.99729156	0.00045684006	2.214385e-20	1
0	-0.062265605	0.9979907	0.00045943874	0	0.025132742	0	-0.062265605	0.9979907	0.00045943874	1.9640446e-20	1
0	-0.048360035	0.99876255	0.00046138238	0	0.03769911	0	-0.048360035	0.99876255	0.00046138238	1.4629848e-20	1
0	-0.039471254	0.9991543	0.00046107767	0	0.050265484	0	-0.039471254	0.9991543	0.00046107767	9.6164666e-21	1
0	-0.03331606	0.9993794	0.00045964692	0	0.06283186	0	-0.03331606	0.9993794	0.00045964692	4.6015916e-21	1
