# t (s)	mx ()	my ()	mz ()	B_extx (T)	B_exty (T)	B_extz (T)	mx ()	my ()	mz ()	E_total (J)	branch ()
0	0.99781823	0.06502509	0.0005731053	0.06283186	0	0	0.99781823	0.06502509	0.0005731053	2.3720654e-21	-1
0	0.9971919	0.07399626	0.00058024883	0.050265484	0	0	0.9971919	0.07399626	0.00058024883	7.378149e-21	-1
0	0.9962479	0.0857573	0.0005878495	0.03769911	0	0	0.9962479	0.0857573	0.0005878495	1.23803694e-20	-1
0	0.9947346	0.10180184	0.00059579767	0.025132742	0	0	0.9947346	0.10180184	0.00059579767	1.7376565e-20	-1
0	0.99361193	0.11222035	0.0005997736	0.018849555	0	0	0.99361193	0.11222035	0.0005997736	1.9871258e-20	-1
0	0.9920925	0.1249305	0.00060356234	0.012566371	0	0	0.9920925	0.1249305	0.00060356234	2.236268e-20	-1
0	0.9911248	0.13238174	0.00060531066	0.009424778	0	0	0.9911248	0.13238174	0.00060531066	2.3606793e-20	-1
0	0.9899701	0.14074999	0.00060687214	0.0062831854	0	0	0.9899701	0.14074999	0.00060687214	2.4849582e-20	-1
0	0.98887885	0.14821607	0.0006079473	0.0037699111	0	0	0.98887885	0.14821607	0.0006079473	2.5842681e-20	-1
0	0.9882644	0.15225565	0.00060840626	0.002513274	0	0	0.9882644	0.15225565	0.00060840626	2.6338797e-20	-1
0	0.98793876	0.15435278	0.00060861255	0.0018849556	0	0	0.98793876	0.15435278	0.00060861255	2.6586737e-20	-1
0	0.98760074	0.15649912	0.0006088024	0.001256637	0	0	0.98760074	0.15649912	0.0006088024	2.6834594e-20	-1
0	0.98760074	0.15649912	0.0006088024	0.0010053096	0	0	0.98760074	0.15649912	0.0006088024	2.693372e-20	-1
0	0.9872451	0.15872532	0.0006089724	0.0006283185	0	0	0.9872451	0.15872532	0.0006089724	2.7082363e-20	-1
0	0.98702574	0.16008303	0.0006090655	0.0002513274	0	0	0.98702574	0.16008303	0.0006090655	2.7230983e-20	-1
0	0.98702574	0.16008303	0.0006090655	0.0001256637	0	0	0.98702574	0.16008303	0.0006090655	2.7280517e-20	-1
0	0.98702574	0.16008303	0.0006090655	6.283185e-05	0	0	0.98702574	0.16008303	0.0006090655	2.7305284e-20	-1
0	0.98702574	0.16008303	0.0006090655	2.5132742e-05	0	0	0.98702574	0.16008303	0.0006090655	2.7320144e-20	-1
0	0.98702574	0.16008303	0.0006090655	1.2566371e-05	0	0	0.98702574	0.16008303	0.0006090655	2.7325097e-20	-1
0	0.98702574	0.16008303	0.0006090655	6.2831855e-06	0	0	0.98702574	0.16008303	0.0006090655	2.7327572e-20	-1
0	0.98702574	0.16008303	0.0006090655	2.513274e-06	0	0	0.98702574	0.16008303	0.0006090655	2.732906e-20	-1
0	0.98702574	0.16008303	0.0006090655	1.256637e-06	0	0	0.98702574	0.16008303	0.0006090655	2.7329553e-20	-1
0	0.98702574	0.16008303	0.0006090655	6.283185e-07	0	0	0.98702574	0.16008303	0.0006090655	2.7329802e-20	-1
0	0.98702574	0.16008303	0.0006090655	2.513274e-07	0	0	0.98702574	0.16008303	0.0006090655	2.732995e-20	-1
0	0.98702574	0.16008303	0.0006090655	1.256637e-07	0	0	0.98702574	0.16008303	0.0006090655	2.733e-20	-1
0	0.98702574	0.16008303	0.0006090655	0	0	0	0.98702574	0.16008303	0.0006090655	2.733005e-20	-1
0	0.98702574	0.16008303	0.0006090655	-1.256637e-07	0	0	0.98702574	0.16008303	0.0006090655	2.73301e-20	-1
0	0.98702574	0.16008303	0.0006090655	-2.513274e-07	0	0	0.98702574	0.16008303	0.0006090655	2.7330148e-20	-1
0	0.98702574	0.16008303	0.0006090655	-6.283185e-07	0	0	0.98702574	0.16008303	0.0006090655	2.7330296e-20	-1
0	0.98702574	0.16008303	0.0006090655	-1.256637e-06	0	0	0.98702574	0.16008303	0.0006090655	2.7330545e-20	-1
0	0.98702574	0.16008303	0.0006090655	-2.513274e-06	0	0	0.98702574	0.16008303	0.0006090655	2.733104e-20	-1
0	0.98702574	0.16008303	0.0006090655	-6.2831855e-06	0	0	0.98702574	0.16008303	0.0006090655	2.7332526e-20	-1
0	0.98702574	0.16008303	0.0006090655	-1.2566371e-05	0	0	0.98702574	0.16008303	0.0006090655	2.7335004e-20	-1
0	0.98702574	0.16008303	0.0006090655	-2.5132742e-05	0	0	0.98702574	0.16008303	0.0006090655	2.7339957e-20	-1
0	0.98702574	0.16008303	0.0006090655	-6.283185e-05	0	0	0.98702574	0.16008303	0.0006090655	2.7354818e-20	-1
0	0.98679996	0.1614671	0.00060915353	-0.0001256637	0	0	0.98679996	0.1614671	0.00060915353	2.737957e-20	-1
0	0.98679996	0.1614671	0.00060915353	-0.0002513274	0	0	0.98679996	0.1614671	0.00060915353	2.7429093e-20	-1
0	0.9864907	0.16334459	0.0006092525	-0.0006283185	0	0	0.9864907	0.16334459	0.0006092525	2.7577626e-20	-1
0	0.9864907	0.16334459	0.0006092525	-0.0010053096	0	0	0.9864907	0.16334459	0.0006092525	2.7726147e-20	-1
0	0.98608613	0.1657677	0.00060935796	-0.001256637	0	0	0.98608613	0.1657677	0.00060935796	2.782511e-20	-1
0	0.9856672	0.16823828	0.00060944003	-0.0018849556	0	0	0.9856672	0.16823828	0.00060944003	2.807249e-20	-1
0	0.98522705	0.1707952	0.00060949323	-0.002513274	0	0	0.98522705	0.1707952	0.00060949323	2.8319766e-20	-1
0	0.98428386	0.17614508	0.0006095137	-0.0037699111	0	0	0.98428386	0.17614508	0.0006095137	2.8813967e-20	-1
0	0.9820993	0.18793456	0.00060911966	-0.0062831854	0	0	0.9820993	0.18793456	0.00060911966	2.9800836e-20	-1
0	0.9786533	0.20511183	0.00060753734	-0.009424778	0	0	0.9786533	0.20511183	0.00060753734	3.1030938e-20	-1
0	0.9740493	0.22595212	0.00060414034	-0.012566371	0	0	0.9740493	0.22595212	0.00060414034	3.2256044e-20	-1
0	0.9578177	0.2870363	0.0005862259	-0.018849555	0	0	0.9578177	0.2870363	0.0005862259	3.4682643e-20	-1
0	-0.994734	-0.10180759	-0.0005958049	-0.025132742	0	0	-0.994734	-0.10180759	-0.0005958049	1.7376562e-20	-1
0	-0.9962479	-0.085758284	-0.00058785186	-0.03769911	0	0	-0.9962479	-0.085758284	-0.00058785186	1.2380366e-20	-1
0	-0.9971917	-0.073998526	-0.000580243	-0.050265484	0	0	-0.9971917	-0.073998526	-0.000580243	7.378152e-21	-1
0	-0.9978181	-0.06502637	-0.0005731061	-0.06283186	0	0	-0.9978181	-0.06502637	-0.0005731061	2.3720656e-21	-1
0	-0.9978181	-0.06502637	-0.0005731061	-0.06283186	0	0	-0.9978181	-0.06502637	-0.0005731061	2.3720656e-21	1
0	-0.99719185	-0.07399653	-0.000580249	-0.050265484	0	0	-0.99719185	-0.07399653	-0.000580249	7.3781506e-21	1
0	-0.996248	-0.085756764	-0.0005878533	-0.03769911	0	0	-0.996248	-0.085756764	-0.0005878533	1.2380368e-20	1
0	-0.99473417	-0.1018058	-0.0005958034	-0.025132742	0	0	-0.99473417	-0.1018058	-0.0005958034	1.7376564e-20	1
0	-0.9936115	-0.11222443	-0.00059976126	-0.018849555	0	0	-0.9936115	-0.11222443	-0.00059976126	1.987126e-20	1
0	-0.99209243	-0.124930836	-0.0006035634	-0.012566371	0	0	-0.99209243	-0.124930836	-0.0006035634	2.2362678e-20	1
0	-0.9911246	-0.1323835	-0.00060530397	-0.009424778	0	0	-0.9911246	-0.1323835	-0.00060530397	2.3606791e-20	1
0	-0.9899701	-0.14074974	-0.0006068723	-0.0062831854	0	0	-0.9899701	-0.14074974	-0.0006068723	2.4849583e-20	1
0	-0.98887897	-0.14821512	-0.0006079483	-0.0037699111	0	0	-0.98887897	-0.14821512	-0.0006079483	2.584268e-20	1
0	-0.98826444	-0.1522553	-0.0006084066	-0.002513274	0	0	-0.98826444	-0.1522553	-0.0006084066	2.6338799e-20	1
0	-0.9879391	-0.15435016	-0.00060861476	-0.0018849556	0	0	-0.9879391	-0.15435016	-0.00060861476	2.6586738e-20	1
0	-0.987601	-0.15649751	-0.000608802	-0.001256637	0	0	-0.987601	-0.15649751	-0.000608802	2.6834595e-20	1
0	-0.987601	-0.15649751	-0.000608802	-0.0010053096	0	0	-0.987601	-0.15649751	-0.000608802	2.6933721e-20	1
0	-0.98724556	-0.15872219	-0.0006089678	-0.0006283185	0	0	-0.98724556	-0.15872219	-0.0006089678	2.7082365e-20	1
0	-0.98724556	-0.15872219	-0.0006089678	-0.0002513274	0	0	-0.98724556	-0.15872219	-0.0006089678	2.7231e-20	1
0	-0.98695123	-0.16054057	-0.00060904096	-0.0001256637	0	0	-0.98695123	-0.16054057	-0.00060904096	2.728051e-20	1
0	-0.98695123	-0.16054057	-0.00060904096	-6.283185e-05	0	0	-0.98695123	-0.16054057	-0.00060904096	2.7305277e-20	1
0	-0.98689187	-0.16090508	-0.00060911773	-2.5132742e-05	0	0	-0.98689187	-0.16090508	-0.00060911773	2.7320137e-20	1
0	-0.98689187	-0.16090508	-0.00060911773	-1.2566371e-05	0	0	-0.98689187	-0.16090508	-0.00060911773	2.732509e-20	1
0	-0.98689187	-0.16090508	-0.00060911773	-6.2831855e-06	0	0	-0.98689187	-0.16090508	-0.00060911773	2.7327566e-20	1
0	-0.98689187	-0.16090508	-0.00060911773	-2.513274e-06	0	0	-0.98689187	-0.16090508	-0.00060911773	2.7329052e-20	1
0	-0.98689187	-0.16090508	-0.00060911773	-1.256637e-06	0	0	-0.98689187	-0.16090508	-0.00060911773	2.7329547e-20	1
0	-0.98689187	-0.16090508	-0.00060911773	-6.283185e-07	0	0	-0.98689187	-0.16090508	-0.00060911773	2.7329795e-20	1
0	-0.98689187	-0.16090508	-0.00060911773	-2.513274e-07	0	0	-0.98689187	-0.16090508	-0.00060911773	2.7329944e-20	1
0	-0.98689187	-0.16090508	-0.00060911773	-1.256637e-07	0	0	-0.98689187	-0.16090508	-0.00060911773	2.7329993e-20	1
0	-0.98689187	-0.16090508	-0.00060911773	0	0	0	-0.98689187	-0.16090508	-0.00060911773	2.733004e-20	1
0	-0.98689187	-0.16090508	-0.00060911773	1.256637e-07	0	0	-0.98689187	-0.16090508	-0.00060911773	2.7330093e-20	1
0	-0.98689187	-0.16090508	-0.00060911773	2.513274e-07	0	0	-0.98689187	-0.16090508	-0.00060911773	2.733014e-20	1
0	-0.98689187	-0.16090508	-0.00060911773	6.283185e-07	0	0	-0.98689187	-0.16090508	-0.00060911773	2.733029e-20	1
0	-0.98689187	-0.16090508	-0.00060911773	1.256637e-06	0	0	-0.98689187	-0.16090508	-0.00060911773	2.733054e-20	1
0	-0.98689187	-0.16090508	-0.00060911773	2.513274e-06	0	0	-0.98689187	-0.16090508	-0.00060911773	2.7331033e-20	1
0	-0.98689187	-0.16090508	-0.00060911773	6.2831855e-06	0	0	-0.98689187	-0.16090508	-0.00060911773	2.733252e-20	1
0	-0.98689187	-0.16090508	-0.00060911773	1.2566371e-05	0	0	-0.98689187	-0.16090508	-0.00060911773	2.7334994e-20	1
0	-0.98689187	-0.16090508	-0.00060911773	2.5132742e-05	0	0	-0.98689187	-0.16090508	-0.00060911773	2.7339948e-20	1
0	-0.98689187	-0.16090508	-0.00060911773	6.283185e-05	0	0	-0.98689187	-0.16090508	-0.00060911773	2.7354805e-20	1
0	-0.98689187	-0.16090508	-0.00060911773	0.0001256637	0	0	-0.98689187	-0.16090508	-0.00060911773	2.737957e-20	1
0	-0.98689187	-0.16090508	-0.00060911773	0.0002513274	0	0	-0.98689187	-0.16090508	-0.00060911773	2.7429096e-20	1
0	-0.9864912	-0.16334188	-0.00060925266	0.0006283185	0	0	-0.9864912	-0.16334188	-0.00060925266	2.7577626e-20	1
0	-0.9864912	-0.16334188	-0.00060925266	0.0010053096	0	0	-0.9864912	-0.16334188	-0.00060925266	2.7726147e-20	1
0	-0.98608816	-0.16575533	-0.0006093588	0.001256637	0	0	-0.98608816	-0.16575533	-0.0006093588	2.7825112e-20	1
0	-0.9856677	-0.16823539	-0.0006094398	0.0018849556	0	0	-0.9856677	-0.16823539	-0.0006094398	2.807249e-20	1
0	-0.98522705	-0.17079484	-0.00060949434	0.002513274	0	0	-0.98522705	-0.17079484	-0.00060949434	2.831977e-20	1
0	-0.9842836	-0.17614648	-0.0006095136	0.0037699111	0	0	-0.9842836	-0.17614648	-0.0006095136	2.881397e-20	1
0	-0.98209965	-0.18793261	-0.0006091199	0.0062831854	0	0	-0.98209965	-0.18793261	-0.0006091199	2.9800833e-20	1
0	-0.97865295	-0.20511371	-0.00060753676	0.009424778	0	0	-0.97865295	-0.20511371	-0.00060753676	3.103094e-20	1
0	-0.9740498	-0.22595003	-0.00060413836	0.012566371	0	0	-0.9740498	-0.22595003	-0.00060413836	3.225604e-20	1
0	-0.9578228	-0.287019	-0.000586233	0.018849555	0	0	-0.9578228	-0.287019	-0.000586233	3.468264e-20	1
0	0.9947343	0.10180466	0.0005958022	0.025132742	0	0	0.9947343	0.10180466	0.0005958022	1.7376564e-20	1
0	0.99624777	0.08575882	0.00058785314	0.03769911	0	0	0.99624777	0.08575882	0.00058785314	1.2380367e-20	1
0	0.99719185	0.0739969	0.0005802491	0.050265484	0	0	0.99719185	0.0739969	0.0005802491	7.3781506e-21	1
0	0.9978182	0.06502618	0.000573106	0.06283186	0	0	0.9978182	0.06502618	0.000573106	2.3720658e-21	1
