# t (s)	mx ()	my ()	mz ()	B_extx (T)	B_exty (T)	B_extz (T)	mx ()	my ()	mz ()	E_total (J)	branch ()
0	-0.035412457	0.99930596	0.0016580017	0	0.06283186	0	-0.035412457	0.99930596	0.0016580017	4.5921558e-21	-1
0	-0.0420291	0.99904865	0.001650624	0	0.050265484	0	-0.0420291	0.99904865	0.001650624	9.6065905e-21	-1
0	-0.051615827	0.99859816	0.0016330628	0	0.03769911	0	-0.051615827	0.99859816	0.0016330628	1.4619307e-20	-1
0	-0.06668413	0.99770385	0.0015958257	0	0.025132742	0	-0.06668413	0.99770385	0.0015958257	1.962881e-20	-1
0	-0.077925086	0.9968879	0.0015633409	0	0.018849555	0	-0.077925086	0.9968879	0.0015633409	2.2131356e-20	-1
0	-0.09348886	0.99554765	0.0015140276	0	0.012566371	0	-0.09348886	0.99554765	0.0015140276	2.4631264e-20	-1
0	-0.10373582	0.9945313	0.0014794841	0	0.009424778	0	-0.10373582	0.9945313	0.0014794841	2.5879703e-20	-1
0	-0.11636934	0.99313104	0.00143512	0	0.0062831854	0	-0.11636934	0.99313104	0.00143512	2.7126635e-20	-1
0	-0.12880315	0.99159384	0.0013898028	0	0.0037699111	0	-0.12880315	0.99159384	0.0013898028	2.812271e-20	-1
0	-0.13601759	0.9906293	0.0013629608	0	0.002513274	0	-0.13601759	0.9906293	0.0013629608	2.86201e-20	-1
0	-0.13994631	0.9900815	0.0013481363	0	0.0018849556	0	-0.13994631	0.9900815	0.0013481363	2.8868613e-20	-1
0	-0.14409594	0.9894856	0.0013323559	0	0.001256637	0	-0.14409594	0.9894856	0.0013323559	2.911697e-20	-1
0	-0.14409594	0.9894856	0.0013323559	0	0.0010053096	0	-0.14409594	0.9894856	0.0013323559	2.9216284e-20	-1
0	-0.14848664	0.98883575	0.0013155248	0	0.0006283185	0	-0.14848664	0.98883575	0.0013155248	2.936518e-20	-1
0	-0.14848664	0.98883575	0.0013155248	0	0.0002513274	0	-0.14848664	0.98883575	0.0013155248	2.9514053e-20	-1
0	-0.15218127	0.98827344	0.001301263	0	0.0001256637	0	-0.15218127	0.98827344	0.001301263	2.956362e-20	-1
0	-0.15218127	0.98827344	0.001301263	0	6.283185e-05	0	-0.15218127	0.98827344	0.001301263	2.958842e-20	-1
0	-0.15218127	0.98827344	0.001301263	0	2.5132742e-05	0	-0.15218127	0.98827344	0.001301263	2.9603298e-20	-1
0	-0.15218127	0.98827344	0.001301263	0	1.2566371e-05	0	-0.15218127	0.98827344	0.001301263	2.9608258e-20	-1
0	-0.15218127	0.98827344	0.001301263	0	6.2831855e-06	0	-0.15218127	0.98827344	0.001301263	2.9610736e-20	-1
0	-0.15218127	0.98827344	0.001301263	0	2.513274e-06	0	-0.15218127	0.98827344	0.001301263	2.9612226e-20	-1
0	-0.15218127	0.98827344	0.001301263	0	1.256637e-06	0	-0.15218127	0.98827344	0.001301263	2.961272e-20	-1
0	-0.15218127	0.98827344	0.001301263	0	6.283185e-07	0	-0.15218127	0.98827344	0.001301263	2.961297e-20	-1
0	-0.15218127	0.98827344	0.001301263	0	2.513274e-07	0	-0.15218127	0.98827344	0.001301263	2.9613118e-20	-1
0	-0.15218127	0.98827344	0.001301263	0	1.256637e-07	0	-0.15218127	0.98827344	0.001301263	2.9613166e-20	-1
0	-0.15218127	0.98827344	0.001301263	0	0	0	-0.15218127	0.98827344	0.001301263	2.9613218e-20	-1
0	-0.15218127	0.98827344	0.001301263	0	-1.256637e-07	0	-0.15218127	0.98827344	0.001301263	2.9613266e-20	-1
0	-0.15218127	0.98827344	0.001301263	0	-2.513274e-07	0	-0.15218127	0.98827344	0.001301263	2.9613318e-20	-1
0	-0.15218127	0.98827344	0.001301263	0	-6.283185e-07	0	-0.15218127	0.98827344	0.001301263	2.9613467e-20	-1
0	-0.15218127	0.98827344	0.001301263	0	-1.256637e-06	0	-0.15218127	0.98827344	0.001301263	2.9613712e-20	-1
0	-0.15218127	0.98827344	0.001301263	0	-2.513274e-06	0	-0.15218127	0.98827344	0.001301263	2.961421e-20	-1
0	-0.15218127	0.98827344	0.001301263	0	-6.2831855e-06	0	-0.15218127	0.98827344	0.001301263	2.9615696e-20	-1
0	-0.15218127	0.98827344	0.001301263	0	-1.2566371e-05	0	-0.15218127	0.98827344	0.001301263	2.9618178e-20	-1
0	-0.15218127	0.98827344	0.001301263	0	-2.5132742e-05	0	-0.15218127	0.98827344	0.001301263	2.9623137e-20	-1
0	-0.15218127	0.98827344	0.001301263	0	-6.283185e-05	0	-0.15218127	0.98827344	0.001301263	2.9638017e-20	-1
0	-0.15218127	0.98827344	0.001301263	0	-0.0001256637	0	-0.15218127	0.98827344	0.001301263	2.9662813e-20	-1
0	-0.15218127	0.98827344	0.001301263	0	-0.0002513274	0	-0.15218127	0.98827344	0.001301263	2.971241e-20	-1
0	-0.15811038	0.9873415	0.0012781858	0	-0.0006283185	0	-0.15811038	0.9873415	0.0012781858	2.986106e-20	-1
0	-0.15811038	0.9873415	0.0012781858	0	-0.0010053096	0	-0.15811038	0.9873415	0.0012781858	3.000971e-20	-1
0	-0.1633952	0.98648	0.0012574397	0	-0.001256637	0	-0.1633952	0.98648	0.0012574397	3.0108702e-20	-1
0	-0.16905294	0.9855255	0.001235058	0	-0.0018849556	0	-0.16905294	0.9855255	0.001235058	3.035612e-20	-1
0	-0.17516991	0.98445594	0.0012106578	0	-0.002513274	0	-0.17516991	0.98445594	0.0012106578	3.0603282e-20	-1
0	-0.18878496	0.9819341	0.0011557332	0	-0.0037699111	0	-0.18878496	0.9819341	0.0011557332	3.109672e-20	-1
0	-0.22482826	0.9743079	0.0010070612	0	-0.0062831854	0	-0.22482826	0.9743079	0.0010070612	3.207884e-20	-1
0	-0.31952292	0.94746757	0.00060976343	0	-0.009424778	0	-0.31952292	0.94746757	0.00060976343	3.328894e-20	-1
0	0.09350497	-0.9955461	-0.0015139669	0	-0.012566371	0	0.09350497	-0.9955461	-0.0015139669	2.4631266e-20	-1
0	0.07793507	-0.9968871	-0.0015633067	0	-0.018849555	0	0.07793507	-0.9968871	-0.0015633067	2.2131356e-20	-1
0	0.066692635	-0.9977033	-0.0015957975	0	-0.025132742	0	0.066692635	-0.9977033	-0.0015957975	1.962881e-20	-1
0	0.051623628	-0.99859774	-0.0016330375	0	-0.03769911	0	0.051623628	-0.99859774	-0.0016330375	1.4619306e-20	-1
0	0.042032667	-0.9990485	-0.001650615	0	-0.050265484	0	0.042032667	-0.9990485	-0.001650615	9.606588e-21	-1
0	0.035414815	-0.9993059	-0.0016579921	0	-0.06283186	0	0.035414815	-0.9993059	-0.0016579921	4.5921578e-21	-1
0	0.035414815	-0.9993059	-0.0016579921	0	-0.06283186	0	0.035414815	-0.9993059	-0.0016579921	4.5921578e-21	1
0	0.04202696	-0.9990487	-0.0016506359	0	-0.050265484	0	0.04202696	-0.9990487	-0.0016506359	9.606588e-21	1
0	0.05161719	-0.9985981	-0.0016330592	0	-0.03769911	0	0.05161719	-0.9985981	-0.0016330592	1.4619303e-20	1
0	0.06668873	-0.99770355	-0.0015958066	0	-0.025132742	0	0.06668873	-0.99770355	-0.0015958066	1.9628812e-20	1
0	0.07792364	-0.99688804	-0.0015633333	0	-0.018849555	0	0.07792364	-0.99688804	-0.0015633333	2.2131358e-20	1
0	0.09349351	-0.9955472	-0.0015140142	0	-0.012566371	0	0.09349351	-0.9955472	-0.0015140142	2.4631266e-20	1
0	0.10372819	-0.994532	-0.0014795209	0	-0.009424778	0	0.10372819	-0.994532	-0.0014795209	2.5879703e-20	1
0	0.11636005	-0.9931321	-0.0014351556	0	-0.0062831854	0	0.11636005	-0.9931321	-0.0014351556	2.712664e-20	1
0	0.12880376	-0.9915937	-0.0013898497	0	-0.0037699111	0	0.12880376	-0.9915937	-0.0013898497	2.8122706e-20	1
0	0.1360583	-0.9906237	-0.0013627997	0	-0.002513274	0	0.1360583	-0.9906237	-0.0013627997	2.8620103e-20	1
0	0.13994178	-0.99008214	-0.0013481556	0	-0.0018849556	0	0.13994178	-0.99008214	-0.0013481556	2.8868607e-20	1
0	0.14409223	-0.9894861	-0.0013323706	0	-0.001256637	0	0.14409223	-0.9894861	-0.0013323706	2.911697e-20	1
0	0.14409223	-0.9894861	-0.0013323706	0	-0.0010053096	0	0.14409223	-0.9894861	-0.0013323706	2.9216287e-20	1
0	0.14848065	-0.98883665	-0.0013155509	0	-0.0006283185	0	0.14848065	-0.98883665	-0.0013155509	2.936518e-20	1
0	0.14848065	-0.98883665	-0.0013155509	0	-0.0002513274	0	0.14848065	-0.98883665	-0.0013155509	2.9514053e-20	1
0	0.15218203	-0.9882733	-0.0013012593	0	-0.0001256637	0	0.15218203	-0.9882733	-0.0013012593	2.9563623e-20	1
0	0.15218203	-0.9882733	-0.0013012593	0	-6.283185e-05	0	0.15218203	-0.9882733	-0.0013012593	2.9588422e-20	1
0	0.15218203	-0.9882733	-0.0013012593	0	-2.5132742e-05	0	0.15218203	-0.9882733	-0.0013012593	2.96033e-20	1
0	0.15218203	-0.9882733	-0.0013012593	0	-1.2566371e-05	0	0.15218203	-0.9882733	-0.0013012593	2.960826e-20	1
0	0.15218203	-0.9882733	-0.0013012593	0	-6.2831855e-06	0	0.15218203	-0.9882733	-0.0013012593	2.961074e-20	1
0	0.15218203	-0.9882733	-0.0013012593	0	-2.513274e-06	0	0.15218203	-0.9882733	-0.0013012593	2.9612226e-20	1
0	0.15218203	-0.9882733	-0.0013012593	0	-1.256637e-06	0	0.15218203	-0.9882733	-0.0013012593	2.9612723e-20	1
0	0.15218203	-0.9882733	-0.0013012593	0	-6.283185e-07	0	0.15218203	-0.9882733	-0.0013012593	2.9612972e-20	1
0	0.15218203	-0.9882733	-0.0013012593	0	-2.513274e-07	0	0.15218203	-0.9882733	-0.0013012593	2.961312e-20	1
0	0.15218203	-0.9882733	-0.0013012593	0	-1.256637e-07	0	0.15218203	-0.9882733	-0.0013012593	2.961317e-20	1
0	0.15218203	-0.9882733	-0.0013012593	0	0	0	0.15218203	-0.9882733	-0.0013012593	2.9613218e-20	1
0	0.15218203	-0.9882733	-0.0013012593	0	1.256637e-07	0	0.15218203	-0.9882733	-0.0013012593	2.961327e-20	1
0	0.15218203	-0.9882733	-0.0013012593	0	2.513274e-07	0	0.15218203	-0.9882733	-0.0013012593	2.9613318e-20	1
0	0.15218203	-0.9882733	-0.0013012593	0	6.283185e-07	0	0.15218203	-0.9882733	-0.0013012593	2.9613467e-20	1
0	0.15218203	-0.9882733	-0.0013012593	0	1.256637e-06	0	0.15218203	-0.9882733	-0.0013012593	2.9613715e-20	1
0	0.15218203	-0.9882733	-0.0013012593	0	2.513274e-06	0	0.15218203	-0.9882733	-0.0013012593	2.961421e-20	1
0	0.15218203	-0.9882733	-0.0013012593	0	6.2831855e-06	0	0.15218203	-0.9882733	-0.0013012593	2.96157e-20	1
0	0.15218203	-0.9882733	-0.0013012593	0	1.2566371e-05	0	0.15218203	-0.9882733	-0.0013012593	2.9618178e-20	1
0	0.15218203	-0.9882733	-0.0013012593	0	2.5132742e-05	0	0.15218203	-0.9882733	-0.0013012593	2.9623137e-20	1
0	0.15218203	-0.9882733	-0.0013012593	0	6.283185e-05	0	0.15218203	-0.9882733	-0.0013012593	2.9638017e-20	1
0	0.15218203	-0.9882733	-0.0013012593	0	0.0001256637	0	0.15218203	-0.9882733	-0.0013012593	2.9662816e-20	1
0	0.15218203	-0.9882733	-0.0013012593	0	0.0002513274	0	0.15218203	-0.9882733	-0.0013012593	2.971241e-20	1
0	0.15809447	-0.987344	-0.0012782498	0	0.0006283185	0	0.15809447	-0.987344	-0.0012782498	2.9861062e-20	1
0	0.16122693	-0.986837	-0.0012659722	0	0.0010053096	0	0.16122693	-0.986837	-0.0012659722	3.0009676e-20	1
0	0.16339381	-0.98648024	-0.0012574454	0	0.001256637	0	0.16339381	-0.98648024	-0.0012574454	3.0108705e-20	1
0	0.16905224	-0.9855256	-0.0012350575	0	0.0018849556	0	0.16905224	-0.9855256	-0.0012350575	3.035612e-20	1
0	0.1751396	-0.9844613	-0.001210783	0	0.002513274	0	0.1751396	-0.9844613	-0.001210783	3.060328e-20	1
0	0.18878524	-0.9819341	-0.0011557321	0	0.0037699111	0	0.18878524	-0.9819341	-0.0011557321	3.109672e-20	1
0	0.22480005	-0.97431445	-0.0010071802	0	0.0062831854	0	0.22480005	-0.97431445	-0.0010071802	3.2078836e-20	1
0	0.31970134	-0.94740736	-0.0006090202	0	0.009424778	0	0.31970134	-0.94740736	-0.0006090202	3.3288943e-20	1
0	-0.09349322	0.99554724	0.0015140235	0	0.012566371	0	-0.09349322	0.99554724	0.0015140235	2.4631266e-20	1
0	-0.07793032	0.99688756	0.001563324	0	0.018849555	0	-0.07793032	0.99688756	0.001563324	2.213136e-20	1
0	-0.06668845	0.99770355	0.0015958128	0	0.025132742	0	-0.06668845	0.99770355	0.0015958128	1.9628815e-20	1
0	-0.05162148	0.99859786	0.0016330442	0	0.03769911	0	-0.05162148	0.99859786	0.0016330442	1.4619306e-20	1
0	-0.042027675	0.9990487	0.0016506319	0	0.050265484	0	-0.042027675	0.9990487	0.0016506319	9.60659e-21	1
0	-0.035413243	0.99930596	0.0016579976	0	0.06283186	0	-0.035413243	0.99930596	0.0016579976	4.592155e-21	1
