# t (s)	mx ()	my ()	mz ()	B_extx (T)	B_exty (T)	B_extz (T)	mx ()	my ()	mz ()	E_total (J)	branch ()
0	-0.026211176	0.99959135	0.00011507888	0	0.06283186	0	-0.026211176	0.99959135	0.00011507888	4.5842636e-21	-1
0	-0.031005718	0.9994532	0.0001212576	0	0.050265484	0	-0.031005718	0.9994532	0.0001212576	9.6003996e-21	-1
0	-0.037917443	0.99921393	0.0001298752	0	0.03769911	0	-0.037917443	0.99921393	0.0001298752	1.4615625e-20	-1
0	-0.048735663	0.99874365	0.00014299453	0	0.025132742	0	-0.048735663	0.99874365	0.00014299453	1.9629148e-20	-1
0	-0.056792933	0.9983171	0.00015259831	0	0.018849555	0	-0.056792933	0.9983171	0.00015259831	2.213476e-20	-1
0	-0.06795739	0.99761844	0.00016576337	0	0.012566371	0	-0.06795739	0.99761844	0.00016576337	2.4638988e-20	-1
0	-0.075323515	0.9970887	0.0001743802	0	0.009424778	0	-0.075323515	0.9970887	0.0001743802	2.5890306e-20	-1
0	-0.08442471	0.99635863	0.00018496397	0	0.0062831854	0	-0.08442471	0.99635863	0.00018496397	2.714085e-20	-1
0	-0.09343599	0.99555326	0.00019537559	0	0.0037699111	0	-0.09343599	0.99555326	0.00019537559	2.814051e-20	-1
0	-0.09866643	0.995048	0.00020139207	0	0.002513274	0	-0.09866643	0.995048	0.00020139207	2.8640007e-20	-1
0	-0.10152647	0.99476	0.00020467571	0	0.0018849556	0	-0.10152647	0.99476	0.00020467571	2.888965e-20	-1
0	-0.10454466	0.99444705	0.0002081253	0	0.001256637	0	-0.10454466	0.99444705	0.0002081253	2.9139224e-20	-1
0	-0.10454466	0.99444705	0.0002081253	0	0.0010053096	0	-0.10454466	0.99444705	0.0002081253	2.9239035e-20	-1
0	-0.10774109	0.9941055	0.00021177306	0	0.0006283185	0	-0.10774109	0.9941055	0.00021177306	2.9388716e-20	-1
0	-0.10976029	0.99388444	0.00021407766	0	0.0002513274	0	-0.10976029	0.99388444	0.00021407766	2.9538368e-20	-1
0	-0.10976029	0.99388444	0.00021407766	0	0.0001256637	0	-0.10976029	0.99388444	0.00021407766	2.9588247e-20	-1
0	-0.10976029	0.99388444	0.00021407766	0	6.283185e-05	0	-0.10976029	0.99388444	0.00021407766	2.9613185e-20	-1
0	-0.10976029	0.99388444	0.00021407766	0	2.5132742e-05	0	-0.10976029	0.99388444	0.00021407766	2.962815e-20	-1
0	-0.10976029	0.99388444	0.00021407766	0	1.2566371e-05	0	-0.10976029	0.99388444	0.00021407766	2.9633135e-20	-1
0	-0.10976029	0.99388444	0.00021407766	0	6.2831855e-06	0	-0.10976029	0.99388444	0.00021407766	2.963563e-20	-1
0	-0.10976029	0.99388444	0.00021407766	0	2.513274e-06	0	-0.10976029	0.99388444	0.00021407766	2.9637125e-20	-1
0	-0.10976029	0.99388444	0.00021407766	0	1.256637e-06	0	-0.10976029	0.99388444	0.00021407766	2.9637626e-20	-1
0	-0.10976029	0.99388444	0.00021407766	0	6.283185e-07	0	-0.10976029	0.99388444	0.00021407766	2.9637875e-20	-1
0	-0.10976029	0.99388444	0.00021407766	0	2.513274e-07	0	-0.10976029	0.99388444	0.00021407766	2.9638024e-20	-1
0	-0.10976029	0.99388444	0.00021407766	0	1.256637e-07	0	-0.10976029	0.99388444	0.00021407766	2.9638075e-20	-1
0	-0.10976029	0.99388444	0.00021407766	0	0	0	-0.10976029	0.99388444	0.00021407766	2.9638124e-20	-1
0	-0.10976029	0.99388444	0.00021407766	0	-1.256637e-07	0	-0.10976029	0.99388444	0.00021407766	2.9638175e-20	-1
0	-0.10976029	0.99388444	0.00021407766	0	-2.513274e-07	0	-0.10976029	0.99388444	0.00021407766	2.9638224e-20	-1
0	-0.10976029	0.99388444	0.00021407766	0	-6.283185e-07	0	-0.10976029	0.99388444	0.00021407766	2.9638372e-20	-1
0	-0.10976029	0.99388444	0.00021407766	0	-1.256637e-06	0	-0.10976029	0.99388444	0.00021407766	2.963862e-20	-1
0	-0.10976029	0.99388444	0.00021407766	0	-2.513274e-06	0	-0.10976029	0.99388444	0.00021407766	2.9639122e-20	-1
0	-0.10976029	0.99388444	0.00021407766	0	-6.2831855e-06	0	-0.10976029	0.99388444	0.00021407766	2.9640618e-20	-1
0	-0.10976029	0.99388444	0.00021407766	0	-1.2566371e-05	0	-0.10976029	0.99388444	0.00021407766	2.9643113e-20	-1
0	-0.10976029	0.99388444	0.00021407766	0	-2.5132742e-05	0	-0.10976029	0.99388444	0.00021407766	2.9648098e-20	-1
0	-0.11150545	0.99369	0.00021605857	0	-6.283185e-05	0	-0.11150545	0.99369	0.00021605857	2.966305e-20	-1
0	-0.11150545	0.99369	0.00021605857	0	-0.0001256637	0	-0.11150545	0.99369	0.00021605857	2.9687984e-20	-1
0	-0.112561546	0.9935708	0.00021725829	0	-0.0002513274	0	-0.112561546	0.9935708	0.00021725829	2.9737844e-20	-1
0	-0.11474289	0.99332094	0.00021973508	0	-0.0006283185	0	-0.11474289	0.99332094	0.00021973508	2.9887412e-20	-1
0	-0.11706659	0.9930496	0.00022236674	0	-0.0010053096	0	-0.11706659	0.9930496	0.00022236674	3.003694e-20	-1
0	-0.118636884	0.99286306	0.00022414292	0	-0.001256637	0	-0.118636884	0.99286306	0.00022414292	3.0136603e-20	-1
0	-0.12275942	0.99236137	0.00022879435	0	-0.0018849556	0	-0.12275942	0.99236137	0.00022879435	3.038568e-20	-1
0	-0.12721965	0.991799	0.00023380751	0	-0.002513274	0	-0.12721965	0.991799	0.00023380751	3.0634615e-20	-1
0	-0.1372084	0.9904654	0.00024495856	0	-0.0037699111	0	-0.1372084	0.9904654	0.00024495856	3.1132025e-20	-1
0	-0.16319242	0.986514	0.00027341105	0	-0.0062831854	0	-0.16319242	0.986514	0.00027341105	3.2124357e-20	-1
0	-0.2204736	0.9753033	0.00033246577	0	-0.009424778	0	-0.2204736	0.9753033	0.00033246577	3.335632e-20	-1
0	-0.90292966	-0.4294948	-0.00047618625	0	-0.012566371	0	-0.90292966	-0.4294948	-0.00047618625	2.606942e-20	-1
0	0.05679979	-0.99831676	-0.00015260055	0	-0.018849555	0	0.05679979	-0.99831676	-0.00015260055	2.2134757e-20	-1
0	0.048747174	-0.99874306	-0.00014300778	0	-0.025132742	0	0.048747174	-0.99874306	-0.00014300778	1.9629146e-20	-1
0	0.037922464	-0.99921376	-0.00012988337	0	-0.03769911	0	0.037922464	-0.99921376	-0.00012988337	1.4615624e-20	-1
0	0.031009056	-0.9994531	-0.00012125996	0	-0.050265484	0	0.031009056	-0.9994531	-0.00012125996	9.600406e-21	-1
0	0.026211709	-0.99959135	-0.000115080424	0	-0.06283186	0	0.026211709	-0.99959135	-0.000115080424	4.5842632e-21	-1
0	0.026211709	-0.99959135	-0.000115080424	0	-0.06283186	0	0.026211709	-0.99959135	-0.000115080424	4.5842632e-21	1
0	0.031005181	-0.99945325	-0.000121255245	0	-0.050265484	0	0.031005181	-0.99945325	-0.000121255245	9.600406e-21	1
0	0.03791667	-0.999214	-0.00012987418	0	-0.03769911	0	0.03791667	-0.999214	-0.00012987418	1.4615624e-20	1
0	0.048735432	-0.99874365	-0.0001429943	0	-0.025132742	0	0.048735432	-0.99874365	-0.0001429943	1.9629151e-20	1
0	0.056784872	-0.9983176	-0.00015258937	0	-0.018849555	0	0.056784872	-0.9983176	-0.00015258937	2.2134755e-20	1
0	0.06795363	-0.9976187	-0.00016575877	0	-0.012566371	0	0.06795363	-0.9976187	-0.00016575877	2.4638988e-20	1
0	0.07532656	-0.99708843	-0.00017438346	0	-0.009424778	0	0.07532656	-0.99708843	-0.00017438346	2.5890309e-20	1
0	0.08443268	-0.9963579	-0.00018497293	0	-0.0062831854	0	0.08443268	-0.9963579	-0.00018497293	2.7140852e-20	1
0	0.09343328	-0.9955535	-0.00019537467	0	-0.0037699111	0	0.09343328	-0.9955535	-0.00019537467	2.8140507e-20	1
0	0.09868449	-0.9950462	-0.00020141233	0	-0.002513274	0	0.09868449	-0.9950462	-0.00020141233	2.8640004e-20	1
0	0.10153228	-0.99475944	-0.00020467817	0	-0.0018849556	0	0.10153228	-0.99475944	-0.00020467817	2.8889654e-20	1
0	0.10454148	-0.99444735	-0.00020812111	0	-0.001256637	0	0.10454148	-0.99444735	-0.00020812111	2.913922e-20	1
0	0.10454148	-0.99444735	-0.00020812111	0	-0.0010053096	0	0.10454148	-0.99444735	-0.00020812111	2.9239032e-20	1
0	0.10775171	-0.9941044	-0.00021178572	0	-0.0006283185	0	0.10775171	-0.9941044	-0.00021178572	2.938872e-20	1
0	0.109764084	-0.99388397	-0.00021407718	0	-0.0002513274	0	0.109764084	-0.99388397	-0.00021407718	2.9538364e-20	1
0	0.109764084	-0.99388397	-0.00021407718	0	-0.0001256637	0	0.109764084	-0.99388397	-0.00021407718	2.9588244e-20	1
0	0.11080007	-0.99376893	-0.00021525423	0	-6.283185e-05	0	0.11080007	-0.99376893	-0.00021525423	2.961318e-20	1
0	0.11099945	-0.99374664	-0.00021548358	0	-2.5132742e-05	0	0.11099945	-0.99374664	-0.00021548358	2.962814e-20	1
0	0.11104874	-0.99374115	-0.00021554017	0	-1.2566371e-05	0	0.11104874	-0.99374115	-0.00021554017	2.9633125e-20	1
0	0.11104874	-0.99374115	-0.00021554017	0	-6.2831855e-06	0	0.11104874	-0.99374115	-0.00021554017	2.963562e-20	1
0	0.11104874	-0.99374115	-0.00021554017	0	-2.513274e-06	0	0.11104874	-0.99374115	-0.00021554017	2.9637116e-20	1
0	0.11104874	-0.99374115	-0.00021554017	0	-1.256637e-06	0	0.11104874	-0.99374115	-0.00021554017	2.9637613e-20	1
0	0.11104874	-0.99374115	-0.00021554017	0	-6.283185e-07	0	0.11104874	-0.99374115	-0.00021554017	2.9637862e-20	1
0	0.11104874	-0.99374115	-0.00021554017	0	-2.513274e-07	0	0.11104874	-0.99374115	-0.00021554017	2.9638014e-20	1
0	0.11104874	-0.99374115	-0.00021554017	0	-1.256637e-07	0	0.11104874	-0.99374115	-0.00021554017	2.9638062e-20	1
0	0.11104874	-0.99374115	-0.00021554017	0	0	0	0.11104874	-0.99374115	-0.00021554017	2.963811e-20	1
0	0.11104874	-0.99374115	-0.00021554017	0	1.256637e-07	0	0.11104874	-0.99374115	-0.00021554017	2.9638162e-20	1
0	0.11104874	-0.99374115	-0.00021554017	0	2.513274e-07	0	0.11104874	-0.99374115	-0.00021554017	2.963821e-20	1
0	0.11104874	-0.99374115	-0.00021554017	0	6.283185e-07	0	0.11104874	-0.99374115	-0.00021554017	2.9638363e-20	1
0	0.11104874	-0.99374115	-0.00021554017	0	1.256637e-06	0	0.11104874	-0.99374115	-0.00021554017	2.963861e-20	1
0	0.11104874	-0.99374115	-0.00021554017	0	2.513274e-06	0	0.11104874	-0.99374115	-0.00021554017	2.963911e-20	1
0	0.11104874	-0.99374115	-0.00021554017	0	6.2831855e-06	0	0.11104874	-0.99374115	-0.00021554017	2.9640605e-20	1
0	0.11104874	-0.99374115	-0.00021554017	0	1.2566371e-05	0	0.11104874	-0.99374115	-0.00021554017	2.96431e-20	1
0	0.11104874	-0.99374115	-0.00021554017	0	2.5132742e-05	0	0.11104874	-0.99374115	-0.00021554017	2.9648085e-20	1
0	0.11104874	-0.99374115	-0.00021554017	0	6.283185e-05	0	0.11104874	-0.99374115	-0.00021554017	2.966305e-20	1
0	0.111852795	-0.9936509	-0.00021645437	0	0.0001256637	0	0.111852795	-0.9936509	-0.00021645437	2.9687984e-20	1
0	0.112570986	-0.99356973	-0.00021726952	0	0.0002513274	0	0.112570986	-0.99356973	-0.00021726952	2.9737847e-20	1
0	0.1147783	-0.9933169	-0.00021977557	0	0.0006283185	0	0.1147783	-0.9933169	-0.00021977557	2.9887415e-20	1
0	0.11705541	-0.99305093	-0.00022235456	0	0.0010053096	0	0.11705541	-0.99305093	-0.00022235456	3.0036944e-20	1
0	0.11863321	-0.9928635	-0.00022413916	0	0.001256637	0	0.11863321	-0.9928635	-0.00022413916	3.0136603e-20	1
0	0.12278389	-0.9923583	-0.00022882201	0	0.0018849556	0	0.12278389	-0.9923583	-0.00022882201	3.038568e-20	1
0	0.12721527	-0.99179953	-0.00023380303	0	0.002513274	0	0.12721527	-0.99179953	-0.00023380303	3.0634618e-20	1
0	0.13719967	-0.9904666	-0.00024494817	0	0.0037699111	0	0.13719967	-0.9904666	-0.00024494817	3.1132028e-20	1
0	0.163239	-0.9865063	-0.00027346215	0	0.0062831854	0	0.163239	-0.9865063	-0.00027346215	3.212436e-20	1
0	0.2204713	-0.9753039	-0.00033246522	0	0.009424778	0	0.2204713	-0.9753039	-0.00033246522	3.335632e-20	1
0	0.9029299	0.42949423	0.00047618692	0	0.012566371	0	0.9029299	0.42949423	0.00047618692	2.6069421e-20	1
0	-0.056803368	0.9983166	0.00015261045	0	0.018849555	0	-0.056803368	0.9983166	0.00015261045	2.2134759e-20	1
0	-0.04874634	0.99874306	0.00014300652	0	0.025132742	0	-0.04874634	0.99874306	0.00014300652	1.9629151e-20	1
0	-0.037923895	0.9992137	0.00012988254	0	0.03769911	0	-0.037923895	0.9992137	0.00012988254	1.4615624e-20	1
0	-0.03100761	0.9994532	0.00012125831	0	0.050265484	0	-0.03100761	0.9994532	0.00012125831	9.600403e-21	1
0	-0.026213618	0.99959123	0.00011508218	0	0.06283186	0	-0.026213618	0.99959123	0.00011508218	4.584266e-21	1
