# t (s)	mx ()	my ()	mz ()	B_extx (T)	B_exty (T)	B_extz (T)	mx ()	my ()	mz ()	E_total (J)	branch ()
0	-0.029444266	0.9995012	-8.0763915e-05	0	0.06283186	0	-0.029444266	0.9995012	-8.0763915e-05	4.592613e-21	-1
0	-0.034851737	0.9993264	-7.799999e-05	0	0.050265484	0	-0.034851737	0.9993264	-7.799999e-05	9.608216e-21	-1
0	-0.042654425	0.99902284	-7.363297e-05	0	0.03769911	0	-0.042654425	0.99902284	-7.363297e-05	1.4622653e-20	-1
0	-0.054861672	0.9984256	-6.627262e-05	0	0.025132742	0	-0.054861672	0.9984256	-6.627262e-05	1.9634938e-20	-1
0	-0.06394857	0.99788404	-6.054247e-05	0	0.018849555	0	-0.06394857	0.99788404	-6.054247e-05	2.2139613e-20	-1
0	-0.07653014	0.996997	-5.2372787e-05	0	0.012566371	0	-0.07653014	0.996997	-5.2372787e-05	2.4642542e-20	-1
0	-0.08481288	0.99632585	-4.6896406e-05	0	0.009424778	0	-0.08481288	0.99632585	-4.6896406e-05	2.5892997e-20	-1
0	-0.095036745	0.99540174	-4.0053656e-05	0	0.0062831854	0	-0.095036745	0.99540174	-4.0053656e-05	2.714247e-20	-1
0	-0.105129175	0.99438554	-3.323338e-05	0	0.0037699111	0	-0.105129175	0.99438554	-3.323338e-05	2.814107e-20	-1
0	-0.11100483	0.9937462	-2.924648e-05	0	0.002513274	0	-0.11100483	0.9937462	-2.924648e-05	2.8639943e-20	-1
0	-0.11419031	0.99338496	-2.706691e-05	0	0.0018849556	0	-0.11419031	0.99338496	-2.706691e-05	2.8889254e-20	-1
0	-0.11756411	0.992991	-2.4768022e-05	0	0.001256637	0	-0.11756411	0.992991	-2.4768022e-05	2.913847e-20	-1
0	-0.11896694	0.9928237	-2.3808672e-05	0	0.0010053096	0	-0.11896694	0.9928237	-2.3808672e-05	2.923813e-20	-1
0	-0.1211437	0.99256027	-2.2307657e-05	0	0.0006283185	0	-0.1211437	0.99256027	-2.2307657e-05	2.9387588e-20	-1
0	-0.12339096	0.9922831	-2.0771253e-05	0	0.0002513274	0	-0.12339096	0.9922831	-2.0771253e-05	2.9537e-20	-1
0	-0.124161504	0.99218696	-2.0247873e-05	0	0.0001256637	0	-0.124161504	0.99218696	-2.0247873e-05	2.9586796e-20	-1
0	-0.124161504	0.99218696	-2.0247873e-05	0	6.283185e-05	0	-0.124161504	0.99218696	-2.0247873e-05	2.9611693e-20	-1
0	-0.124161504	0.99218696	-2.0247873e-05	0	2.5132742e-05	0	-0.124161504	0.99218696	-2.0247873e-05	2.962663e-20	-1
0	-0.124161504	0.99218696	-2.0247873e-05	0	1.2566371e-05	0	-0.124161504	0.99218696	-2.0247873e-05	2.963161e-20	-1
0	-0.124161504	0.99218696	-2.0247873e-05	0	6.2831855e-06	0	-0.124161504	0.99218696	-2.0247873e-05	2.96341e-20	-1
0	-0.12491655	0.99209213	-1.9730192e-05	0	2.513274e-06	0	-0.12491655	0.99209213	-1.9730192e-05	2.963559e-20	-1
0	-0.124932185	0.9920901	-1.9718882e-05	0	1.256637e-06	0	-0.124932185	0.9920901	-1.9718882e-05	2.9636088e-20	-1
0	-0.124935105	0.99208975	-1.9717882e-05	0	6.283185e-07	0	-0.124935105	0.99208975	-1.9717882e-05	2.9636337e-20	-1
0	-0.12493768	0.9920894	-1.9715597e-05	0	2.513274e-07	0	-0.12493768	0.9920894	-1.9715597e-05	2.9636485e-20	-1
0	-0.124940045	0.99208915	-1.9714651e-05	0	1.256637e-07	0	-0.124940045	0.99208915	-1.9714651e-05	2.9636534e-20	-1
0	-0.12494117	0.992089	-1.9713756e-05	0	0	0	-0.12494117	0.992089	-1.9713756e-05	2.9636586e-20	-1
0	-0.12494199	0.9920889	-1.9712868e-05	0	-1.256637e-07	0	-0.12494199	0.9920889	-1.9712868e-05	2.9636637e-20	-1
0	-0.12494266	0.9920888	-1.9712466e-05	0	-2.513274e-07	0	-0.12494266	0.9920888	-1.9712466e-05	2.9636683e-20	-1
0	-0.12494424	0.99208856	-1.9711524e-05	0	-6.283185e-07	0	-0.12494424	0.99208856	-1.9711524e-05	2.9636834e-20	-1
0	-0.12494424	0.99208856	-1.9711524e-05	0	-1.256637e-06	0	-0.12494424	0.99208856	-1.9711524e-05	2.9637086e-20	-1
0	-0.12494424	0.99208856	-1.9711524e-05	0	-2.513274e-06	0	-0.12494424	0.99208856	-1.9711524e-05	2.9637584e-20	-1
0	-0.12494424	0.99208856	-1.9711524e-05	0	-6.2831855e-06	0	-0.12494424	0.99208856	-1.9711524e-05	2.9639077e-20	-1
0	-0.12494424	0.99208856	-1.9711524e-05	0	-1.2566371e-05	0	-0.12494424	0.99208856	-1.9711524e-05	2.9641565e-20	-1
0	-0.12494424	0.99208856	-1.9711524e-05	0	-2.5132742e-05	0	-0.12494424	0.99208856	-1.9711524e-05	2.9646544e-20	-1
0	-0.12532514	0.9920405	-1.9450677e-05	0	-6.283185e-05	0	-0.12532514	0.9920405	-1.9450677e-05	2.966148e-20	-1
0	-0.12572792	0.9919895	-1.9175855e-05	0	-0.0001256637	0	-0.12572792	0.9919895	-1.9175855e-05	2.968637e-20	-1
0	-0.12652525	0.99188805	-1.8619841e-05	0	-0.0002513274	0	-0.12652525	0.99188805	-1.8619841e-05	2.973615e-20	-1
0	-0.12898621	0.9915707	-1.693975e-05	0	-0.0006283185	0	-0.12898621	0.9915707	-1.693975e-05	2.988546e-20	-1
0	-0.13153592	0.9912355	-1.5189945e-05	0	-0.0010053096	0	-0.13153592	0.9912355	-1.5189945e-05	3.003472e-20	-1
0	-0.13330144	0.99099934	-1.3984134e-05	0	-0.001256637	0	-0.13330144	0.99099934	-1.3984134e-05	3.0134203e-20	-1
0	-0.13792054	0.9903666	-1.080471e-05	0	-0.0018849556	0	-0.13792054	0.9903666	-1.080471e-05	3.038279e-20	-1
0	-0.1428875	0.9896616	-7.3891615e-06	0	-0.002513274	0	-0.1428875	0.9896616	-7.3891615e-06	3.063121e-20	-1
0	-0.15400794	0.98799086	2.5893172e-07	0	-0.0037699111	0	-0.15400794	0.98799086	2.5893172e-07	3.1127466e-20	-1
0	-0.18308543	0.983014	2.0179012e-05	0	-0.0062831854	0	-0.18308543	0.983014	2.0179012e-05	3.2116845e-20	-1
0	-0.24975583	0.9682137	6.448591e-05	0	-0.009424778	0	-0.24975583	0.9682137	6.448591e-05	3.3342743e-20	-1
0	-0.8993918	-0.4368518	-0.00028814678	0	-0.012566371	0	-0.8993918	-0.4368518	-0.00028814678	2.6007037e-20	-1
0	0.06395827	-0.9978833	6.0532388e-05	0	-0.018849555	0	0.06395827	-0.9978833	6.0532388e-05	2.2139617e-20	-1
0	0.05487211	-0.998425	6.626373e-05	0	-0.025132742	0	0.05487211	-0.998425	6.626373e-05	1.9634941e-20	-1
0	0.04265645	-0.9990227	7.3630865e-05	0	-0.03769911	0	0.04265645	-0.9990227	7.3630865e-05	1.462265e-20	-1
0	0.034850895	-0.99932647	7.800017e-05	0	-0.050265484	0	0.034850895	-0.99932647	7.800017e-05	9.6082166e-21	-1
0	0.02944465	-0.9995012	8.0761936e-05	0	-0.06283186	0	0.02944465	-0.9995012	8.0761936e-05	4.5926114e-21	-1
0	0.02944465	-0.9995012	8.0761936e-05	0	-0.06283186	0	0.02944465	-0.9995012	8.0761936e-05	4.5926114e-21	1
0	0.03485077	-0.99932647	7.8000216e-05	0	-0.050265484	0	0.03485077	-0.99932647	7.8000216e-05	9.6082125e-21	1
0	0.04264992	-0.99902296	7.3642135e-05	0	-0.03769911	0	0.04264992	-0.99902296	7.3642135e-05	1.4622652e-20	1
0	0.05486667	-0.99842536	6.6268076e-05	0	-0.025132742	0	0.05486667	-0.99842536	6.6268076e-05	1.9634941e-20	1
0	0.0639448	-0.9978843	6.053958e-05	0	-0.018849555	0	0.0639448	-0.9978843	6.053958e-05	2.2139615e-20	1
0	0.07652487	-0.99699736	5.2374784e-05	0	-0.012566371	0	0.07652487	-0.99699736	5.2374784e-05	2.464254e-20	1
0	0.08480771	-0.9963263	4.690008e-05	0	-0.009424778	0	0.08480771	-0.9963263	4.690008e-05	2.5892997e-20	1
0	0.09503169	-0.9954022	4.0058087e-05	0	-0.0062831854	0	0.09503169	-0.9954022	4.0058087e-05	2.7142468e-20	1
0	0.10512308	-0.9943862	3.3236007e-05	0	-0.0037699111	0	0.10512308	-0.9943862	3.3236007e-05	2.814107e-20	1
0	0.1110104	-0.9937456	2.9234388e-05	0	-0.002513274	0	0.1110104	-0.9937456	2.9234388e-05	2.8639943e-20	1
0	0.11419226	-0.9933847	2.7065093e-05	0	-0.0018849556	0	0.11419226	-0.9933847	2.7065093e-05	2.8889254e-20	1
0	0.11756711	-0.9929906	2.4761983e-05	0	-0.001256637	0	0.11756711	-0.9929906	2.4761983e-05	2.913847e-20	1
0	0.11897901	-0.9928223	2.3795641e-05	0	-0.0010053096	0	0.11897901	-0.9928223	2.3795641e-05	2.9238133e-20	1
0	0.12113795	-0.992561	2.232055e-05	0	-0.0006283185	0	0.12113795	-0.992561	2.232055e-05	2.9387588e-20	1
0	0.123390846	-0.9922832	2.0775911e-05	0	-0.0002513274	0	0.123390846	-0.9922832	2.0775911e-05	2.9537e-20	1
0	0.12416109	-0.992187	2.0247135e-05	0	-0.0001256637	0	0.12416109	-0.992187	2.0247135e-05	2.9586796e-20	1
0	0.12454187	-0.9921392	1.9989217e-05	0	-6.283185e-05	0	0.12454187	-0.9921392	1.9989217e-05	2.9611693e-20	1
0	0.12479854	-0.9921069	1.9811132e-05	0	-2.5132742e-05	0	0.12479854	-0.9921069	1.9811132e-05	2.962663e-20	1
0	0.12479854	-0.9921069	1.9811132e-05	0	-1.2566371e-05	0	0.12479854	-0.9921069	1.9811132e-05	2.963161e-20	1
0	0.12479854	-0.9921069	1.9811132e-05	0	-6.2831855e-06	0	0.12479854	-0.9921069	1.9811132e-05	2.9634098e-20	1
0	0.12479854	-0.9921069	1.9811132e-05	0	-2.513274e-06	0	0.12479854	-0.9921069	1.9811132e-05	2.963559e-20	1
0	0.12479854	-0.9921069	1.9811132e-05	0	-1.256637e-06	0	0.12479854	-0.9921069	1.9811132e-05	2.9636088e-20	1
0	0.12479854	-0.9921069	1.9811132e-05	0	-6.283185e-07	0	0.12479854	-0.9921069	1.9811132e-05	2.9636337e-20	1
0	0.12479854	-0.9921069	1.9811132e-05	0	-2.513274e-07	0	0.12479854	-0.9921069	1.9811132e-05	2.963649e-20	1
0	0.12479854	-0.9921069	1.9811132e-05	0	-1.256637e-07	0	0.12479854	-0.9921069	1.9811132e-05	2.9636537e-20	1
0	0.12479854	-0.9921069	1.9811132e-05	0	0	0	0.12479854	-0.9921069	1.9811132e-05	2.9636586e-20	1
0	0.12479854	-0.9921069	1.9811132e-05	0	1.256637e-07	0	0.12479854	-0.9921069	1.9811132e-05	2.9636637e-20	1
0	0.12479854	-0.9921069	1.9811132e-05	0	2.513274e-07	0	0.12479854	-0.9921069	1.9811132e-05	2.9636686e-20	1
0	0.12479854	-0.9921069	1.9811132e-05	0	6.283185e-07	0	0.12479854	-0.9921069	1.9811132e-05	2.9636834e-20	1
0	0.12479854	-0.9921069	1.9811132e-05	0	1.256637e-06	0	0.12479854	-0.9921069	1.9811132e-05	2.9637086e-20	1
0	0.12479854	-0.9921069	1.9811132e-05	0	2.513274e-06	0	0.12479854	-0.9921069	1.9811132e-05	2.9637584e-20	1
0	0.12479854	-0.9921069	1.9811132e-05	0	6.2831855e-06	0	0.12479854	-0.9921069	1.9811132e-05	2.9639077e-20	1
0	0.12479854	-0.9921069	1.9811132e-05	0	1.2566371e-05	0	0.12479854	-0.9921069	1.9811132e-05	2.9641565e-20	1
0	0.12479854	-0.9921069	1.9811132e-05	0	2.5132742e-05	0	0.12479854	-0.9921069	1.9811132e-05	2.9646544e-20	1
0	0.12479854	-0.9921069	1.9811132e-05	0	6.283185e-05	0	0.12479854	-0.9921069	1.9811132e-05	2.9661482e-20	1
0	0.12479854	-0.9921069	1.9811132e-05	0	0.0001256637	0	0.12479854	-0.9921069	1.9811132e-05	2.9686375e-20	1
0	0.12652743	-0.99188775	1.8628376e-05	0	0.0002513274	0	0.12652743	-0.99188775	1.8628376e-05	2.973615e-20	1
0	0.12898767	-0.99157053	1.6937156e-05	0	0.0006283185	0	0.12898767	-0.99157053	1.6937156e-05	2.9885464e-20	1
0	0.13153966	-0.991235	1.5186868e-05	0	0.0010053096	0	0.13153966	-0.991235	1.5186868e-05	3.0034724e-20	1
0	0.13328654	-0.99100137	1.3987628e-05	0	0.001256637	0	0.13328654	-0.99100137	1.3987628e-05	3.0134203e-20	1
0	0.13792554	-0.99036586	1.0800268e-05	0	0.0018849556	0	0.13792554	-0.99036586	1.0800268e-05	3.0382793e-20	1
0	0.1428814	-0.98966247	7.4011527e-06	0	0.002513274	0	0.1428814	-0.98966247	7.4011527e-06	3.0631212e-20	1
0	0.15400621	-0.9879911	-2.5697494e-07	0	0.0037699111	0	0.15400621	-0.9879911	-2.5697494e-07	3.112747e-20	1
0	0.18308413	-0.9830142	-2.0180914e-05	0	0.0062831854	0	0.18308413	-0.9830142	-2.0180914e-05	3.211685e-20	1
0	0.24974853	-0.9682156	-6.447856e-05	0	0.009424778	0	0.24974853	-0.9682156	-6.447856e-05	3.3342743e-20	1
0	0.8993887	0.43685812	0.0002881417	0	0.012566371	0	0.8993887	0.43685812	0.0002881417	2.6007038e-20	1
0	-0.06395643	0.99788356	-6.0531398e-05	0	0.018849555	0	-0.06395643	0.99788356	-6.0531398e-05	2.2139613e-20	1
0	-0.05486843	0.99842525	-6.6265915e-05	0	0.025132742	0	-0.05486843	0.99842525	-6.6265915e-05	1.9634943e-20	1
0	-0.0426673	0.99902225	-7.362346e-05	0	0.03769911	0	-0.0426673	0.99902225	-7.362346e-05	1.4622652e-20	1
0	-0.034851648	0.99932647	-7.800003e-05	0	0.050265484	0	-0.034851648	0.99932647	-7.800003e-05	9.608218e-21	1
0	-0.029447608	0.9995011	-8.0759644e-05	0	0.06283186	0	-0.029447608	0.9995011	-8.0759644e-05	4.592611e-21	1
