# t (s)	mx ()	my ()	mz ()	B_extx (T)	B_exty (T)	B_extz (T)	mx ()	my ()	mz ()	E_total (J)	branch ()
0	0.99882996	0.046983995	0.0016057647	0.06283186	0	0	0.99882996	0.046983995	0.0016057647	2.3427813e-21	-1
0	0.9985044	0.053438947	0.0016216934	0.050265484	0	0	0.9985044	0.053438947	0.0016216934	7.354651e-21	-1
0	0.99801326	0.061919473	0.001638386	0.03769911	0	0	0.99801326	0.061919473	0.001638386	1.236451e-20	-1
0	0.9972229	0.07354115	0.0016557341	0.025132742	0	0	0.9972229	0.07354115	0.0016557341	1.7371227e-20	-1
0	0.9966341	0.08112086	0.0016644889	0.018849555	0	0	0.9966341	0.08112086	0.0016644889	1.9872809e-20	-1
0	0.9958328	0.090416774	0.0016730502	0.012566371	0	0	0.9958328	0.090416774	0.0016730502	2.2372664e-20	-1
0	0.99531996	0.09589082	0.0016771313	0.009424778	0	0	0.99531996	0.09589082	0.0016771313	2.362175e-20	-1
0	0.9947059	0.10205735	0.0016809759	0.0062831854	0	0	0.9947059	0.10205735	0.0016809759	2.4870132e-20	-1
0	0.9941226	0.10758519	0.0016837893	0.0037699111	0	0	0.9941226	0.10758519	0.0016837893	2.5868234e-20	-1
0	0.99379396	0.11057734	0.0016850786	0.002513274	0	0	0.99379396	0.11057734	0.0016850786	2.6367052e-20	-1
0	0.9936186	0.11214117	0.0016856876	0.0018849556	0	0	0.9936186	0.11214117	0.0016856876	2.66164e-20	-1
0	0.9934369	0.113737926	0.0016862701	0.001256637	0	0	0.9934369	0.113737926	0.0016862701	2.6865703e-20	-1
0	0.9934369	0.113737926	0.0016862701	0.0010053096	0	0	0.9934369	0.113737926	0.0016862701	2.6965414e-20	-1
0	0.9932468	0.11538434	0.0016868239	0.0006283185	0	0	0.9932468	0.11538434	0.0016868239	2.7114955e-20	-1
0	0.99312866	0.116395935	0.0016871414	0.0002513274	0	0	0.99312866	0.116395935	0.0016871414	2.7264484e-20	-1
0	0.99312866	0.116395935	0.0016871414	0.0001256637	0	0	0.99312866	0.116395935	0.0016871414	2.7314325e-20	-1
0	0.99312866	0.116395935	0.0016871414	6.283185e-05	0	0	0.99312866	0.116395935	0.0016871414	2.7339243e-20	-1
0	0.99312866	0.116395935	0.0016871414	2.5132742e-05	0	0	0.99312866	0.116395935	0.0016871414	2.7354197e-20	-1
0	0.99312866	0.116395935	0.0016871414	1.2566371e-05	0	0	0.99312866	0.116395935	0.0016871414	2.735918e-20	-1
0	0.99312866	0.116395935	0.0016871414	6.2831855e-06	0	0	0.99312866	0.116395935	0.0016871414	2.736167e-20	-1
0	0.99312866	0.116395935	0.0016871414	2.513274e-06	0	0	0.99312866	0.116395935	0.0016871414	2.7363167e-20	-1
0	0.99312866	0.116395935	0.0016871414	1.256637e-06	0	0	0.99312866	0.116395935	0.0016871414	2.7363665e-20	-1
0	0.99312866	0.116395935	0.0016871414	6.283185e-07	0	0	0.99312866	0.116395935	0.0016871414	2.7363913e-20	-1
0	0.99312866	0.116395935	0.0016871414	2.513274e-07	0	0	0.99312866	0.116395935	0.0016871414	2.7364065e-20	-1
0	0.99312866	0.116395935	0.0016871414	1.256637e-07	0	0	0.99312866	0.116395935	0.0016871414	2.7364114e-20	-1
0	0.99312866	0.116395935	0.0016871414	0	0	0	0.99312866	0.116395935	0.0016871414	2.7364165e-20	-1
0	0.99312866	0.116395935	0.0016871414	-1.256637e-07	0	0	0.99312866	0.116395935	0.0016871414	2.7364214e-20	-1
0	0.99312866	0.116395935	0.0016871414	-2.513274e-07	0	0	0.99312866	0.116395935	0.0016871414	2.7364262e-20	-1
0	0.99312866	0.116395935	0.0016871414	-6.283185e-07	0	0	0.99312866	0.116395935	0.0016871414	2.7364414e-20	-1
0	0.99312866	0.116395935	0.0016871414	-1.256637e-06	0	0	0.99312866	0.116395935	0.0016871414	2.7364663e-20	-1
0	0.99312866	0.116395935	0.0016871414	-2.513274e-06	0	0	0.99312866	0.116395935	0.0016871414	2.736516e-20	-1
0	0.99312866	0.116395935	0.0016871414	-6.2831855e-06	0	0	0.99312866	0.116395935	0.0016871414	2.7366657e-20	-1
0	0.99312866	0.116395935	0.0016871414	-1.2566371e-05	0	0	0.99312866	0.116395935	0.0016871414	2.7369148e-20	-1
0	0.99312866	0.116395935	0.0016871414	-2.5132742e-05	0	0	0.99312866	0.116395935	0.0016871414	2.7374134e-20	-1
0	0.99312866	0.116395935	0.0016871414	-6.283185e-05	0	0	0.99312866	0.116395935	0.0016871414	2.7389084e-20	-1
0	0.99300706	0.117428176	0.0016874466	-0.0001256637	0	0	0.99300706	0.117428176	0.0016874466	2.7413993e-20	-1
0	0.99300706	0.117428176	0.0016874466	-0.0002513274	0	0	0.99300706	0.117428176	0.0016874466	2.7463828e-20	-1
0	0.992841	0.118822075	0.0016878351	-0.0006283185	0	0	0.992841	0.118822075	0.0016878351	2.7613315e-20	-1
0	0.9927107	0.119905025	0.00168811	-0.0010053096	0	0	0.9927107	0.119905025	0.00168811	2.7762782e-20	-1
0	0.9927107	0.119905025	0.00168811	-0.001256637	0	0	0.9927107	0.119905025	0.00168811	2.7862422e-20	-1
0	0.9923974	0.12246865	0.0016886995	-0.0018849556	0	0	0.9923974	0.12246865	0.0016886995	2.8111465e-20	-1
0	0.9921576	0.12439442	0.001689065	-0.002513274	0	0	0.9921576	0.12439442	0.001689065	2.8360446e-20	-1
0	0.9916471	0.12839663	0.0016896483	-0.0037699111	0	0	0.9916471	0.12839663	0.0016896483	2.8858238e-20	-1
0	0.99046135	0.13723741	0.0016901072	-0.0062831854	0	0	0.99046135	0.13723741	0.0016901072	2.985298e-20	-1
0	0.9885802	0.15017876	0.0016887829	-0.009424778	0	0	0.9885802	0.15017876	0.0016887829	3.109451e-20	-1
0	0.9860586	0.16591865	0.0016841593	-0.012566371	0	0	0.9860586	0.16591865	0.0016841593	3.233331e-20	-1
0	0.97735155	0.21121398	0.0016539277	-0.018849555	0	0	0.97735155	0.21121398	0.0016539277	3.479808e-20	-1
0	0.9488722	0.3153277	0.0014983511	-0.025132742	0	0	0.9488722	0.3153277	0.0014983511	3.7224727e-20	-1
0	-0.998013	-0.061923575	-0.0016383883	-0.03769911	0	0	-0.998013	-0.061923575	-0.0016383883	1.2364508e-20	-1
0	-0.9985043	-0.05344056	-0.001621695	-0.050265484	0	0	-0.9985043	-0.05344056	-0.001621695	7.3546494e-21	-1
0	-0.9988299	-0.046985626	-0.0016057654	-0.06283186	0	0	-0.9988299	-0.046985626	-0.0016057654	2.3427817e-21	-1
0	-0.99882996	-0.046984877	-0.0016057652	-0.06283186	0	0	-0.99882996	-0.046984877	-0.0016057652	2.342782e-21	1
0	-0.9985045	-0.05343788	-0.0016216934	-0.050265484	0	0	-0.9985045	-0.05343788	-0.0016216934	7.354652e-21	1
0	-0.99801326	-0.061919793	-0.0016383864	-0.03769911	0	0	-0.99801326	-0.061919793	-0.0016383864	1.23645076e-20	1
0	-0.99722284	-0.07354237	-0.0016557567	-0.025132742	0	0	-0.99722284	-0.07354237	-0.0016557567	1.7371226e-20	1
0	-0.9966339	-0.08112323	-0.0016644886	-0.018849555	0	0	-0.9966339	-0.08112323	-0.0016644886	1.987281e-20	1
0	-0.99583304	-0.09041458	-0.0016730501	-0.012566371	0	0	-0.99583304	-0.09041458	-0.0016730501	2.2372665e-20	1
0	-0.99531984	-0.095892265	-0.001677135	-0.009424778	0	0	-0.99531984	-0.095892265	-0.001677135	2.3621747e-20	1
0	-0.9947057	-0.10205958	-0.0016809748	-0.0062831854	0	0	-0.9947057	-0.10205958	-0.0016809748	2.4870133e-20	1
0	-0.994123	-0.10758266	-0.0016837895	-0.0037699111	0	0	-0.994123	-0.10758266	-0.0016837895	2.5868235e-20	1
0	-0.9937941	-0.11057601	-0.0016850801	-0.002513274	0	0	-0.9937941	-0.11057601	-0.0016850801	2.6367052e-20	1
0	-0.9936191	-0.112136245	-0.0016856878	-0.0018849556	0	0	-0.9936191	-0.112136245	-0.0016856878	2.6616397e-20	1
0	-0.99343574	-0.11374754	-0.0016862686	-0.001256637	0	0	-0.99343574	-0.11374754	-0.0016862686	2.6865699e-20	1
0	-0.99343574	-0.11374754	-0.0016862686	-0.0010053096	0	0	-0.99343574	-0.11374754	-0.0016862686	2.696541e-20	1
0	-0.9932467	-0.11538547	-0.0016868245	-0.0006283185	0	0	-0.9932467	-0.11538547	-0.0016868245	2.7114958e-20	1
0	-0.99312854	-0.11639731	-0.0016871414	-0.0002513274	0	0	-0.99312854	-0.11639731	-0.0016871414	2.7264487e-20	1
0	-0.99312854	-0.11639731	-0.0016871414	-0.0001256637	0	0	-0.99312854	-0.11639731	-0.0016871414	2.7314328e-20	1
0	-0.99312854	-0.11639731	-0.0016871414	-6.283185e-05	0	0	-0.99312854	-0.11639731	-0.0016871414	2.7339247e-20	1
0	-0.99312854	-0.11639731	-0.0016871414	-2.5132742e-05	0	0	-0.99312854	-0.11639731	-0.0016871414	2.7354197e-20	1
0	-0.99312854	-0.11639731	-0.0016871414	-1.2566371e-05	0	0	-0.99312854	-0.11639731	-0.0016871414	2.7359183e-20	1
0	-0.99312854	-0.11639731	-0.0016871414	-6.2831855e-06	0	0	-0.99312854	-0.11639731	-0.0016871414	2.7361674e-20	1
0	-0.99312854	-0.11639731	-0.0016871414	-2.513274e-06	0	0	-0.99312854	-0.11639731	-0.0016871414	2.736317e-20	1
0	-0.99312854	-0.11639731	-0.0016871414	-1.256637e-06	0	0	-0.99312854	-0.11639731	-0.0016871414	2.7363668e-20	1
0	-0.99312854	-0.11639731	-0.0016871414	-6.283185e-07	0	0	-0.99312854	-0.11639731	-0.0016871414	2.7363917e-20	1
0	-0.99312854	-0.11639731	-0.0016871414	-2.513274e-07	0	0	-0.99312854	-0.11639731	-0.0016871414	2.736407e-20	1
0	-0.99312854	-0.11639731	-0.0016871414	-1.256637e-07	0	0	-0.99312854	-0.11639731	-0.0016871414	2.7364117e-20	1
0	-0.99312854	-0.11639731	-0.0016871414	0	0	0	-0.99312854	-0.11639731	-0.0016871414	2.7364165e-20	1
0	-0.99312854	-0.11639731	-0.0016871414	1.256637e-07	0	0	-0.99312854	-0.11639731	-0.0016871414	2.7364217e-20	1
0	-0.99312854	-0.11639731	-0.0016871414	2.513274e-07	0	0	-0.99312854	-0.11639731	-0.0016871414	2.7364266e-20	1
0	-0.99312854	-0.11639731	-0.0016871414	6.283185e-07	0	0	-0.99312854	-0.11639731	-0.0016871414	2.7364414e-20	1
0	-0.99312854	-0.11639731	-0.0016871414	1.256637e-06	0	0	-0.99312854	-0.11639731	-0.0016871414	2.7364666e-20	1
0	-0.99312854	-0.11639731	-0.0016871414	2.513274e-06	0	0	-0.99312854	-0.11639731	-0.0016871414	2.7365164e-20	1
0	-0.99312854	-0.11639731	-0.0016871414	6.2831855e-06	0	0	-0.99312854	-0.11639731	-0.0016871414	2.736666e-20	1
0	-0.99312854	-0.11639731	-0.0016871414	1.2566371e-05	0	0	-0.99312854	-0.11639731	-0.0016871414	2.736915e-20	1
0	-0.99312854	-0.11639731	-0.0016871414	2.5132742e-05	0	0	-0.99312854	-0.11639731	-0.0016871414	2.7374134e-20	1
0	-0.99312854	-0.11639731	-0.0016871414	6.283185e-05	0	0	-0.99312854	-0.11639731	-0.0016871414	2.7389087e-20	1
0	-0.99300706	-0.1174276	-0.0016874466	0.0001256637	0	0	-0.99300706	-0.1174276	-0.0016874466	2.7414e-20	1
0	-0.99300706	-0.1174276	-0.0016874466	0.0002513274	0	0	-0.99300706	-0.1174276	-0.0016874466	2.746383e-20	1
0	-0.9928403	-0.118828505	-0.0016878352	0.0006283185	0	0	-0.9928403	-0.118828505	-0.0016878352	2.7613315e-20	1
0	-0.99271107	-0.11990225	-0.0016881103	0.0010053096	0	0	-0.99271107	-0.11990225	-0.0016881103	2.7762786e-20	1
0	-0.99271107	-0.11990225	-0.0016881103	0.001256637	0	0	-0.99271107	-0.11990225	-0.0016881103	2.7862422e-20	1
0	-0.99239624	-0.122477956	-0.0016886981	0.0018849556	0	0	-0.99239624	-0.122477956	-0.0016886981	2.8111462e-20	1
0	-0.9921579	-0.124392405	-0.0016890652	0.002513274	0	0	-0.9921579	-0.124392405	-0.0016890652	2.836045e-20	1
0	-0.99164724	-0.12839608	-0.0016896527	0.0037699111	0	0	-0.99164724	-0.12839608	-0.0016896527	2.8858238e-20	1
0	-0.9904603	-0.13724488	-0.0016901037	0.0062831854	0	0	-0.9904603	-0.13724488	-0.0016901037	2.9852977e-20	1
0	-0.9885802	-0.15017931	-0.0016887819	0.009424778	0	0	-0.9885802	-0.15017931	-0.0016887819	3.1094514e-20	1
0	-0.98606163	-0.16590053	-0.0016841439	0.012566371	0	0	-0.98606163	-0.16590053	-0.0016841439	3.233331e-20	1
0	-0.97735035	-0.21121964	-0.0016539248	0.018849555	0	0	-0.97735035	-0.21121964	-0.0016539248	3.479808e-20	1
0	-0.9488629	-0.3153556	-0.0014982934	0.025132742	0	0	-0.9488629	-0.3153556	-0.0014982934	3.7224727e-20	1
0	0.9980131	0.061923377	0.001638388	0.03769911	0	0	0.9980131	0.061923377	0.001638388	1.2364508e-20	1
0	0.9985043	0.053441808	0.0016216951	0.050265484	0	0	0.9985043	0.053441808	0.0016216951	7.35465e-21	1
0	0.9988297	0.04698971	0.0016057685	0.06283186	0	0	0.9988297	0.04698971	0.0016057685	2.3427793e-21	1
