# t (s)	mx ()	my ()	mz ()	B_extx (T)	B_exty (T)	B_extz (T)	mx ()	my ()	mz ()	E_total (J)	maxTorque (T)	branch ()
0	-0.11261666	0.9935549	-0.0052905744	0	0.06283186	0	-0.11261666	0.9935549	-0.0052905744	3.0694496e-21	7.1336196e-08	-1
0	-0.13066211	0.9913404	-0.005381264	0	0.050265484	0	-0.13066211	0.9913404	-0.005381264	8.050444e-21	1.4264302e-07	-1
0	-0.15467289	0.98787516	-0.0054792706	0	0.03769911	0	-0.15467289	0.98787516	-0.0054792706	1.30174794e-20	1.6840072e-07	-1
0	-0.18765356	0.9821389	-0.005579995	0	0.025132742	0	-0.18765356	0.9821389	-0.005579995	1.7962012e-20	2.0837943e-07	-1
0	-0.20898315	0.97781885	-0.0056272	0	0.018849555	0	-0.20898315	0.97781885	-0.0056272	2.0421296e-20	2.3082205e-07	-1
0	-0.23475653	0.9719486	-0.005667274	0	0.012566371	0	-0.23475653	0.9719486	-0.005667274	2.2867914e-20	3.7265124e-07	-1
0	-0.24972884	0.968207	-0.0056824964	0	0.009424778	0	-0.24972884	0.968207	-0.0056824964	2.4085066e-20	4.2554055e-07	-1
0	-0.26639915	0.96375036	-0.0056927595	0	0.0062831854	0	-0.26639915	0.96375036	-0.0056927595	2.5297088e-20	4.6430776e-07	-1
0	-0.2811684	0.95954263	-0.005696129	0	0.0037699111	0	-0.2811684	0.95954263	-0.005696129	2.6262346e-20	4.0766542e-07	-1
0	-0.2890988	0.9571816	-0.0056957677	0	0.002513274	0	-0.2890988	0.9571816	-0.0056957677	2.6743307e-20	4.5405108e-07	-1
0	-0.29321486	0.95592797	-0.005694989	0	0.0018849556	0	-0.29321486	0.95592797	-0.005694989	2.6983333e-20	5.1214494e-07	-1
0	-0.29743677	0.9546219	-0.0056937756	0	0.001256637	0	-0.29743677	0.9546219	-0.0056937756	2.7223034e-20	4.282445e-07	-1
0	-0.29915684	0.95408386	-0.005693161	0	0.0010053096	0	-0.29915684	0.95408386	-0.005693161	2.7318826e-20	4.14853e-07	-1
0	-0.30176944	0.9532602	-0.005692096	0	0.0006283185	0	-0.30176944	0.9532602	-0.005692096	2.7462403e-20	4.3486432e-07	-1
0	-0.3044244	0.9524151	-0.0056908494	0	0.0002513274	0	-0.3044244	0.9524151	-0.0056908494	2.7605857e-20	4.6210212e-07	-1
0	-0.305319	0.9521285	-0.005690393	0	0.0001256637	0	-0.305319	0.9521285	-0.005690393	2.7653646e-20	4.4104317e-07	-1
0	-0.30576766	0.9519845	-0.0056901574	0	6.283185e-05	0	-0.30576766	0.9519845	-0.0056901574	2.767754e-20	4.665289e-07	-1
0	-0.30603826	0.9518975	-0.005690012	0	2.5132742e-05	0	-0.30603826	0.9518975	-0.005690012	2.7691868e-20	3.7954382e-07	-1
0	-0.30612922	0.9518682	-0.0056899628	0	1.2566371e-05	0	-0.30612922	0.9518682	-0.0056899628	2.7696644e-20	3.942058e-07	-1
0	-0.3061728	0.9518542	-0.0056899404	0	6.2831855e-06	0	-0.3061728	0.9518542	-0.0056899404	2.7699035e-20	4.451769e-07	-1
0	-0.30619997	0.9518454	-0.0056899246	0	2.513274e-06	0	-0.30619997	0.9518454	-0.0056899246	2.7700466e-20	4.3304757e-07	-1
0	-0.30621105	0.95184183	-0.0056899185	0	1.256637e-06	0	-0.30621105	0.95184183	-0.0056899185	2.7700947e-20	3.8969645e-07	-1
0	-0.30621737	0.95183986	-0.0056899143	0	6.283185e-07	0	-0.30621737	0.95183986	-0.0056899143	2.7701187e-20	2.6320123e-07	-1
0	-0.3062213	0.9518386	-0.0056899115	0	2.513274e-07	0	-0.3062213	0.9518386	-0.0056899115	2.770133e-20	2.397813e-07	-1
0	-0.30622333	0.9518379	-0.0056899097	0	1.256637e-07	0	-0.30622333	0.9518379	-0.0056899097	2.7701374e-20	2.4952496e-07	-1
0	-0.30622452	0.95183754	-0.0056899097	0	0	0	-0.30622452	0.95183754	-0.0056899097	2.7701422e-20	1.734887e-07	-1
0	-0.30622536	0.95183724	-0.0056899088	0	-1.256637e-07	0	-0.30622536	0.95183724	-0.0056899088	2.770147e-20	1.657385e-07	-1
0	-0.30622628	0.95183694	-0.0056899088	0	-2.513274e-07	0	-0.30622628	0.95183694	-0.0056899088	2.7701516e-20	1.4044906e-07	-1
0	-0.3062284	0.9518363	-0.0056899074	0	-6.283185e-07	0	-0.3062284	0.9518363	-0.0056899074	2.7701658e-20	1.594173e-07	-1
0	-0.3062319	0.95183516	-0.005689906	0	-1.256637e-06	0	-0.3062319	0.95183516	-0.005689906	2.77019e-20	2.440985e-07	-1
0	-0.30623987	0.95183253	-0.005689902	0	-2.513274e-06	0	-0.30623987	0.95183253	-0.005689902	2.7702376e-20	2.6240883e-07	-1
0	-0.30626237	0.9518254	-0.005689891	0	-6.2831855e-06	0	-0.30626237	0.9518254	-0.005689891	2.7703807e-20	4.8152975e-07	-1
0	-0.3063075	0.95181084	-0.005689867	0	-1.2566371e-05	0	-0.3063075	0.95181084	-0.005689867	2.77062e-20	4.7373555e-07	-1
0	-0.30639806	0.95178163	-0.0056898175	0	-2.5132742e-05	0	-0.30639806	0.95178163	-0.0056898175	2.7710977e-20	4.3916066e-07	-1
0	-0.3066691	0.95169425	-0.0056896685	0	-6.283185e-05	0	-0.3066691	0.95169425	-0.0056896685	2.7725304e-20	4.6208598e-07	-1
0	-0.307122	0.95154816	-0.005689416	0	-0.0001256637	0	-0.307122	0.95154816	-0.005689416	2.7749186e-20	4.1869583e-07	-1
0	-0.30803198	0.9512538	-0.0056888936	0	-0.0002513274	0	-0.30803198	0.9512538	-0.0056888936	2.779693e-20	4.1933365e-07	-1
0	-0.3107864	0.95035684	-0.0056871995	0	-0.0006283185	0	-0.3107864	0.95035684	-0.0056871995	2.794008e-20	5.233813e-07	-1
0	-0.31359118	0.94943446	-0.005685292	0	-0.0010053096	0	-0.31359118	0.94943446	-0.005685292	2.808309e-20	4.7220234e-07	-1
0	-0.31548744	0.9488057	-0.005683901	0	-0.001256637	0	-0.31548744	0.9488057	-0.005683901	2.817835e-20	4.68975e-07	-1
0	-0.32032096	0.9471837	-0.0056799836	0	-0.0018849556	0	-0.32032096	0.9471837	-0.0056799836	2.841623e-20	4.2247677e-07	-1
0	-0.32529667	0.9454855	-0.0056753964	0	-0.002513274	0	-0.32529667	0.9454855	-0.0056753964	2.865369e-20	4.364796e-07	-1
0	-0.33571082	0.9418359	-0.0056639896	0	-0.0037699111	0	-0.33571082	0.9418359	-0.0056639896	2.9127278e-20	4.447981e-07	-1
0	-0.35868952	0.9333216	-0.005630329	0	-0.0062831854	0	-0.35868952	0.9333216	-0.005630329	3.0068474e-20	5.74737e-07	-1
0	-0.39279503	0.91948116	-0.005559476	0	-0.009424778	0	-0.39279503	0.91948116	-0.005559476	3.1231212e-20	6.4615693e-07	-1
0	-0.4366957	0.89945143	-0.0054333257	0	-0.012566371	0	-0.4366957	0.89945143	-0.0054333257	3.2373138e-20	8.240464e-07	-1
0	0.20898348	-0.9778187	0.0056272	0	-0.018849555	0	0.20898348	-0.9778187	0.0056272	2.0421296e-20	1.8298458e-07	-1
0	0.18765888	-0.98213786	0.005580005	0	-0.025132742	0	0.18765888	-0.98213786	0.005580005	1.7962014e-20	2.5540567e-07	-1
0	0.1546763	-0.9878746	0.00547928	0	-0.03769911	0	0.1546763	-0.9878746	0.00547928	1.3017479e-20	1.7367466e-07	-1
0	0.13066453	-0.99134004	0.0053812712	0	-0.050265484	0	0.13066453	-0.99134004	0.0053812712	8.050444e-21	1.928614e-07	-1
0	0.11261746	-0.99355483	0.005290578	0	-0.06283186	0	0.11261746	-0.99355483	0.005290578	3.0694498e-21	1.2178859e-07	-1
0	0.11261703	-0.99355483	0.0052905763	0	-0.06283186	0	0.11261703	-0.99355483	0.0052905763	3.0694487e-21	5.8311528e-08	1
0	0.1306619	-0.9913404	0.005381263	0	-0.050265484	0	0.1306619	-0.9913404	0.005381263	8.050438e-21	2.0117969e-07	1
0	0.1546727	-0.9878752	0.0054792706	0	-0.03769911	0	0.1546727	-0.9878752	0.0054792706	1.301748e-20	1.7995227e-07	1
0	0.18765368	-0.9821389	0.005579995	0	-0.025132742	0	0.18765368	-0.9821389	0.005579995	1.7962014e-20	1.8454223e-07	1
0	0.20898283	-0.97781897	0.005627199	0	-0.018849555	0	0.20898283	-0.97781897	0.005627199	2.0421296e-20	2.3282632e-07	1
0	0.2347559	-0.97194874	0.005667273	0	-0.012566371	0	0.2347559	-0.97194874	0.005667273	2.2867912e-20	4.3537153e-07	1
0	0.24972838	-0.9682071	0.005682496	0	-0.009424778	0	0.24972838	-0.9682071	0.005682496	2.4085065e-20	4.6919286e-07	1
0	0.2663997	-0.96375024	0.0056927595	0	-0.0062831854	0	0.2663997	-0.96375024	0.0056927595	2.5297088e-20	4.4591516e-07	1
0	0.28116825	-0.95954263	0.005696129	0	-0.0037699111	0	0.28116825	-0.95954263	0.005696129	2.6262346e-20	4.335702e-07	1
0	0.28909907	-0.9571816	0.0056957677	0	-0.002513274	0	0.28909907	-0.9571816	0.0056957677	2.6743308e-20	4.2979102e-07	1
0	0.29321614	-0.9559275	0.0056949886	0	-0.0018849556	0	0.29321614	-0.9559275	0.0056949886	2.6983331e-20	3.8871215e-07	1
0	0.29743606	-0.95462203	0.0056937765	0	-0.001256637	0	0.29743606	-0.95462203	0.0056937765	2.7223034e-20	4.4368466e-07	1
0	0.29915637	-0.95408404	0.005693162	0	-0.0010053096	0	0.29915637	-0.95408404	0.005693162	2.7318822e-20	4.5053613e-07	1
0	0.30176902	-0.9532604	0.0056920964	0	-0.0006283185	0	0.30176902	-0.9532604	0.0056920964	2.7462403e-20	4.5519704e-07	1
0	0.3044243	-0.9524152	0.0056908494	0	-0.0002513274	0	0.3044243	-0.9524152	0.0056908494	2.7605857e-20	4.8997595e-07	1
0	0.30531824	-0.95212877	0.005690394	0	-0.0001256637	0	0.30531824	-0.95212877	0.005690394	2.7653646e-20	4.6022268e-07	1
0	0.30576783	-0.9519844	0.0056901565	0	-6.283185e-05	0	0.30576783	-0.9519844	0.0056901565	2.7677538e-20	4.405698e-07	1
0	0.30603454	-0.9518987	0.005690016	0	-2.5132742e-05	0	0.30603454	-0.9518987	0.005690016	2.7691868e-20	6.043936e-07	1
0	0.30612743	-0.9518688	0.0056899646	0	-1.2566371e-05	0	0.30612743	-0.9518688	0.0056899646	2.7696647e-20	4.4270652e-07	1
0	0.30617207	-0.9518544	0.0056899404	0	-6.2831855e-06	0	0.30617207	-0.9518544	0.0056899404	2.7699035e-20	5.3758185e-07	1
0	0.3061989	-0.95184577	0.005689926	0	-2.513274e-06	0	0.3061989	-0.95184577	0.005689926	2.770047e-20	5.1862816e-07	1
0	0.30621117	-0.95184183	0.005689918	0	-1.256637e-06	0	0.30621117	-0.95184183	0.005689918	2.7700944e-20	3.106218e-07	1
0	0.3062176	-0.95183975	0.0056899143	0	-6.283185e-07	0	0.3062176	-0.95183975	0.0056899143	2.770118e-20	2.653075e-07	1
0	0.30622107	-0.9518386	0.0056899115	0	-2.513274e-07	0	0.30622107	-0.9518386	0.0056899115	2.7701326e-20	2.8067947e-07	1
0	0.306223	-0.951838	0.0056899106	0	-1.256637e-07	0	0.306223	-0.951838	0.0056899106	2.770137e-20	1.5616192e-07	1
0	0.3062244	-0.95183754	0.0056899088	0	0	0	0.3062244	-0.95183754	0.0056899088	2.7701422e-20	1.4491978e-07	1
0	0.30622524	-0.9518373	0.0056899083	0	1.256637e-07	0	0.30622524	-0.9518373	0.0056899083	2.7701468e-20	1.7121882e-07	1
0	0.3062263	-0.95183694	0.0056899083	0	2.513274e-07	0	0.3062263	-0.95183694	0.0056899083	2.7701523e-20	1.276277e-07	1
0	0.30622852	-0.9518362	0.005689908	0	6.283185e-07	0	0.30622852	-0.9518362	0.005689908	2.770166e-20	1.8052958e-07	1
0	0.306232	-0.95183516	0.005689906	0	1.256637e-06	0	0.306232	-0.95183516	0.005689906	2.77019e-20	2.474774e-07	1
0	0.30623972	-0.95183265	0.005689902	0	2.513274e-06	0	0.30623972	-0.95183265	0.005689902	2.7702376e-20	3.3615277e-07	1
0	0.3062619	-0.9518255	0.005689892	0	6.2831855e-06	0	0.3062619	-0.9518255	0.005689892	2.770381e-20	5.1577325e-07	1
0	0.3063076	-0.9518107	0.005689867	0	1.2566371e-05	0	0.3063076	-0.9518107	0.005689867	2.77062e-20	4.772709e-07	1
0	0.30639848	-0.9517815	0.0056898165	0	2.5132742e-05	0	0.30639848	-0.9517815	0.0056898165	2.7710974e-20	4.5463005e-07	1
0	0.30667067	-0.9516938	0.0056896666	0	6.283185e-05	0	0.30667067	-0.9516938	0.0056896666	2.77253e-20	3.9294048e-07	1
0	0.307122	-0.9515481	0.005689416	0	0.0001256637	0	0.307122	-0.9515481	0.005689416	2.7749182e-20	4.6716403e-07	1
0	0.3080315	-0.9512539	0.0056888945	0	0.0002513274	0	0.3080315	-0.9512539	0.0056888945	2.779693e-20	4.2421058e-07	1
0	0.31078935	-0.9503559	0.0056871963	0	0.0006283185	0	0.31078935	-0.9503559	0.0056871963	2.794008e-20	4.0616843e-07	1
0	0.31359196	-0.9494342	0.0056852913	0	0.0010053096	0	0.31359196	-0.9494342	0.0056852913	2.808309e-20	4.2606118e-07	1
0	0.31548506	-0.94880646	0.0056839036	0	0.001256637	0	0.31548506	-0.94880646	0.0056839036	2.8178353e-20	5.3532284e-07	1
0	0.32031932	-0.9471843	0.0056799855	0	0.0018849556	0	0.32031932	-0.9471843	0.0056799855	2.841623e-20	5.1042844e-07	1
0	0.32529646	-0.9454855	0.005675397	0	0.002513274	0	0.32529646	-0.9454855	0.005675397	2.865369e-20	4.4792287e-07	1
0	0.33570874	-0.9418366	0.005663993	0	0.0037699111	0	0.33570874	-0.9418366	0.005663993	2.9127275e-20	6.332443e-07	1
0	0.35869026	-0.9333213	0.0056303274	0	0.0062831854	0	0.35869026	-0.9333213	0.0056303274	3.0068477e-20	5.774908e-07	1
0	0.39279246	-0.91948223	0.0055594835	0	0.009424778	0	0.39279246	-0.91948223	0.0055594835	3.1231212e-20	7.783136e-07	1
0	0.4367019	-0.89944845	0.0054333042	0	0.012566371	0	0.4367019	-0.89944845	0.0054333042	3.2373145e-20	6.265631e-07	1
0	-0.208983	0.97781885	-0.0056271995	0	0.018849555	0	-0.208983	0.97781885	-0.0056271995	2.0421294e-20	2.2517781e-07	1
0	-0.18765876	0.9821379	-0.0055800043	0	0.025132742	0	-0.18765876	0.9821379	-0.0055800043	1.7962017e-20	1.9330957e-07	1
0	-0.15467626	0.9878746	-0.00547928	0	0.03769911	0	-0.15467626	0.9878746	-0.00547928	1.3017477e-20	1.7181789e-07	1
0	-0.13066465	0.99134004	-0.005381272	0	0.050265484	0	-0.13066465	0.99134004	-0.005381272	8.050444e-21	2.1880274e-07	1
0	-0.1126176	0.9935548	-0.005290578	0	0.06283186	0	-0.1126176	0.9935548	-0.005290578	3.0694453e-21	1.4129452e-07	1
