# t (s)	mx ()	my ()	mz ()	B_extx (T)	B_exty (T)	B_extz (T)	mx ()	my ()	mz ()	E_total (J)	branch ()
0	-0.025370473	0.99961305	0.00017139745	0	0.06283186	0	-0.025370473	0.99961305	0.00017139745	4.5823274e-21	-1
0	-0.03000245	0.9994839	0.00017403936	0	0.050265484	0	-0.03000245	0.9994839	0.00017403936	9.59859e-21	-1
0	-0.03668002	0.9992602	0.00017716367	0	0.03769911	0	-0.03668002	0.9992602	0.00017716367	1.4614003e-20	-1
0	-0.047125936	0.9988209	0.00018133005	0	0.025132742	0	-0.047125936	0.9988209	0.00018133005	1.9627828e-20	-1
0	-0.05490831	0.9984226	0.00018407227	0	0.018849555	0	-0.05490831	0.9984226	0.00018407227	2.2133658e-20	-1
0	-0.06569469	0.9977701	0.00018755904	0	0.012566371	0	-0.06569469	0.9977701	0.00018755904	2.463821e-20	-1
0	-0.07279995	0.9972763	0.00018971245	0	0.009424778	0	-0.07279995	0.9972763	0.00018971245	2.5889747e-20	-1
0	-0.08159575	0.9965944	0.00019225938	0	0.0062831854	0	-0.08159575	0.9965944	0.00019225938	2.7140552e-20	-1
0	-0.09027989	0.9958446	0.0001946701	0	0.0037699111	0	-0.09027989	0.9958446	0.0001946701	2.8140474e-20	-1
0	-0.09534993	0.99537146	0.0001960252	0	0.002513274	0	-0.09534993	0.99537146	0.0001960252	2.8640124e-20	-1
0	-0.09809783	0.9951042	0.00019675112	0	0.0018849556	0	-0.09809783	0.9951042	0.00019675112	2.8889855e-20	-1
0	-0.10101271	0.99481225	0.00019751125	0	0.001256637	0	-0.10101271	0.99481225	0.00019751125	2.9139518e-20	-1
0	-0.10221973	0.99468887	0.00019782265	0	0.0010053096	0	-0.10221973	0.99468887	0.00019782265	2.9239358e-20	-1
0	-0.10409283	0.99449444	0.00019830413	0	0.0006283185	0	-0.10409283	0.99449444	0.00019830413	2.93891e-20	-1
0	-0.10605231	0.99428713	0.00019880272	0	0.0002513274	0	-0.10605231	0.99428713	0.00019880272	2.953881e-20	-1
0	-0.1067185	0.99421585	0.0001989718	0	0.0001256637	0	-0.1067185	0.99421585	0.0001989718	2.9588706e-20	-1
0	-0.1067185	0.99421585	0.0001989718	0	6.283185e-05	0	-0.1067185	0.99421585	0.0001989718	2.9613654e-20	-1
0	-0.1067185	0.99421585	0.0001989718	0	2.5132742e-05	0	-0.1067185	0.99421585	0.0001989718	2.962862e-20	-1
0	-0.1067185	0.99421585	0.0001989718	0	1.2566371e-05	0	-0.1067185	0.99421585	0.0001989718	2.963361e-20	-1
0	-0.1067185	0.99421585	0.0001989718	0	6.2831855e-06	0	-0.1067185	0.99421585	0.0001989718	2.9636107e-20	-1
0	-0.1067185	0.99421585	0.0001989718	0	2.513274e-06	0	-0.1067185	0.99421585	0.0001989718	2.9637603e-20	-1
0	-0.1067185	0.99421585	0.0001989718	0	1.256637e-06	0	-0.1067185	0.99421585	0.0001989718	2.96381e-20	-1
0	-0.1067185	0.99421585	0.0001989718	0	6.283185e-07	0	-0.1067185	0.99421585	0.0001989718	2.963835e-20	-1
0	-0.1067185	0.99421585	0.0001989718	0	2.513274e-07	0	-0.1067185	0.99421585	0.0001989718	2.9638502e-20	-1
0	-0.1067185	0.99421585	0.0001989718	0	1.256637e-07	0	-0.1067185	0.99421585	0.0001989718	2.963855e-20	-1
0	-0.1067185	0.99421585	0.0001989718	0	0	0	-0.1067185	0.99421585	0.0001989718	2.9638602e-20	-1
0	-0.1067185	0.99421585	0.0001989718	0	-1.256637e-07	0	-0.1067185	0.99421585	0.0001989718	2.963865e-20	-1
0	-0.1067185	0.99421585	0.0001989718	0	-2.513274e-07	0	-0.1067185	0.99421585	0.0001989718	2.96387e-20	-1
0	-0.1067185	0.99421585	0.0001989718	0	-6.283185e-07	0	-0.1067185	0.99421585	0.0001989718	2.963885e-20	-1
0	-0.1067185	0.99421585	0.0001989718	0	-1.256637e-06	0	-0.1067185	0.99421585	0.0001989718	2.96391e-20	-1
0	-0.1067185	0.99421585	0.0001989718	0	-2.513274e-06	0	-0.1067185	0.99421585	0.0001989718	2.9639597e-20	-1
0	-0.1067185	0.99421585	0.0001989718	0	-6.2831855e-06	0	-0.1067185	0.99421585	0.0001989718	2.9641096e-20	-1
0	-0.1067185	0.99421585	0.0001989718	0	-1.2566371e-05	0	-0.1067185	0.99421585	0.0001989718	2.964359e-20	-1
0	-0.1067185	0.99421585	0.0001989718	0	-2.5132742e-05	0	-0.1067185	0.99421585	0.0001989718	2.964858e-20	-1
0	-0.1067185	0.99421585	0.0001989718	0	-6.283185e-05	0	-0.1067185	0.99421585	0.0001989718	2.9663547e-20	-1
0	-0.1067185	0.99421585	0.0001989718	0	-0.0001256637	0	-0.1067185	0.99421585	0.0001989718	2.9688494e-20	-1
0	-0.10877972	0.9939922	0.00019949347	0	-0.0002513274	0	-0.10877972	0.9939922	0.00019949347	2.9738377e-20	-1
0	-0.11088395	0.9937595	0.00020001768	0	-0.0006283185	0	-0.11088395	0.9937595	0.00020001768	2.9888013e-20	-1
0	-0.11309439	0.9935102	0.0002005651	0	-0.0010053096	0	-0.11309439	0.9935102	0.0002005651	3.0037607e-20	-1
0	-0.11461234	0.9933361	0.00020093867	0	-0.001256637	0	-0.11461234	0.9933361	0.00020093867	3.0137314e-20	-1
0	-0.118602976	0.9928671	0.00020190986	0	-0.0018849556	0	-0.118602976	0.9928671	0.00020190986	3.0386512e-20	-1
0	-0.12289786	0.99234414	0.00020293807	0	-0.002513274	0	-0.12289786	0.99234414	0.00020293807	3.063558e-20	-1
0	-0.1325154	0.9911047	0.00020517939	0	-0.0037699111	0	-0.1325154	0.9911047	0.00020517939	3.113329e-20	-1
0	-0.15753958	0.9874332	0.00021061025	0	-0.0062831854	0	-0.15753958	0.9874332	0.00021061025	3.2126383e-20	-1
0	-0.21197395	0.9771873	0.00022045177	0	-0.009424778	0	-0.21197395	0.9771873	0.00022045177	3.3359958e-20	-1
0	0.06568894	-0.9977705	-0.00018755723	0	-0.012566371	0	0.06568894	-0.9977705	-0.00018755723	2.4638208e-20	-1
0	0.05491537	-0.99842227	-0.00018407345	0	-0.018849555	0	0.05491537	-0.99842227	-0.00018407345	2.2133662e-20	-1
0	0.047141112	-0.9988202	-0.00018133369	0	-0.025132742	0	0.047141112	-0.9988202	-0.00018133369	1.9627828e-20	-1
0	0.0366889	-0.9992598	-0.00017716459	0	-0.03769911	0	0.0366889	-0.9992598	-0.00017716459	1.4614002e-20	-1
0	0.030003896	-0.9994838	-0.00017399728	0	-0.050265484	0	0.030003896	-0.9994838	-0.00017399728	9.598593e-21	-1
0	0.025369678	-0.99961305	-0.00017140096	0	-0.06283186	0	0.025369678	-0.99961305	-0.00017140096	4.5823278e-21	-1
0	0.02537005	-0.99961305	-0.00017139578	0	-0.06283186	0	0.02537005	-0.99961305	-0.00017139578	4.58233e-21	1
0	0.030003827	-0.9994838	-0.00017399689	0	-0.050265484	0	0.030003827	-0.9994838	-0.00017399689	9.598593e-21	1
0	0.036682166	-0.99926007	-0.00017716295	0	-0.03769911	0	0.036682166	-0.99926007	-0.00017716295	1.4614005e-20	1
0	0.047129013	-0.9988208	-0.00018132871	0	-0.025132742	0	0.047129013	-0.9988208	-0.00018132871	1.9627833e-20	1
0	0.054910704	-0.9984225	-0.0001840723	0	-0.018849555	0	0.054910704	-0.9984225	-0.0001840723	2.2133663e-20	1
0	0.065687425	-0.9977706	-0.00018755611	0	-0.012566371	0	0.065687425	-0.9977706	-0.00018755611	2.4638208e-20	1
0	0.07279357	-0.9972768	-0.00018971052	0	-0.009424778	0	0.07279357	-0.9972768	-0.00018971052	2.5889745e-20	1
0	0.081589736	-0.9965949	-0.0001922581	0	-0.0062831854	0	0.081589736	-0.9965949	-0.0001922581	2.7140552e-20	1
0	0.09025408	-0.9958469	-0.00019465864	0	-0.0037699111	0	0.09025408	-0.9958469	-0.00019465864	2.8140474e-20	1
0	0.09534876	-0.9953716	-0.00019602495	0	-0.002513274	0	0.09534876	-0.9953716	-0.00019602495	2.8640124e-20	1
0	0.098099396	-0.9951041	-0.00019675087	0	-0.0018849556	0	0.098099396	-0.9951041	-0.00019675087	2.8889855e-20	1
0	0.10100982	-0.9948126	-0.0001975359	0	-0.001256637	0	0.10100982	-0.9948126	-0.0001975359	2.9139518e-20	1
0	0.10100982	-0.9948126	-0.0001975359	0	-0.0010053096	0	0.10100982	-0.9948126	-0.0001975359	2.9239364e-20	1
0	0.10410032	-0.9944936	-0.00019830547	0	-0.0006283185	0	0.10410032	-0.9944936	-0.00019830547	2.93891e-20	1
0	0.1060376	-0.99428874	-0.00019879949	0	-0.0002513274	0	0.1060376	-0.99428874	-0.00019879949	2.953881e-20	1
0	0.10671189	-0.99421656	-0.00019897014	0	-0.0001256637	0	0.10671189	-0.99421656	-0.00019897014	2.9588706e-20	1
0	0.10671189	-0.99421656	-0.00019897014	0	-6.283185e-05	0	0.10671189	-0.99421656	-0.00019897014	2.9613654e-20	1
0	0.1072452	-0.9941591	-0.0001991057	0	-2.5132742e-05	0	0.1072452	-0.9941591	-0.0001991057	2.962862e-20	1
0	0.1072452	-0.9941591	-0.0001991057	0	-1.2566371e-05	0	0.1072452	-0.9941591	-0.0001991057	2.963361e-20	1
0	0.1072452	-0.9941591	-0.0001991057	0	-6.2831855e-06	0	0.1072452	-0.9941591	-0.0001991057	2.9636104e-20	1
0	0.1072452	-0.9941591	-0.0001991057	0	-2.513274e-06	0	0.1072452	-0.9941591	-0.0001991057	2.96376e-20	1
0	0.1072452	-0.9941591	-0.0001991057	0	-1.256637e-06	0	0.1072452	-0.9941591	-0.0001991057	2.96381e-20	1
0	0.1072452	-0.9941591	-0.0001991057	0	-6.283185e-07	0	0.1072452	-0.9941591	-0.0001991057	2.963835e-20	1
0	0.1072452	-0.9941591	-0.0001991057	0	-2.513274e-07	0	0.1072452	-0.9941591	-0.0001991057	2.96385e-20	1
0	0.1072452	-0.9941591	-0.0001991057	0	-1.256637e-07	0	0.1072452	-0.9941591	-0.0001991057	2.963855e-20	1
0	0.1072452	-0.9941591	-0.0001991057	0	0	0	0.1072452	-0.9941591	-0.0001991057	2.96386e-20	1
0	0.1072452	-0.9941591	-0.0001991057	0	1.256637e-07	0	0.1072452	-0.9941591	-0.0001991057	2.9638647e-20	1
0	0.1072452	-0.9941591	-0.0001991057	0	2.513274e-07	0	0.1072452	-0.9941591	-0.0001991057	2.96387e-20	1
0	0.1072452	-0.9941591	-0.0001991057	0	6.283185e-07	0	0.1072452	-0.9941591	-0.0001991057	2.9638847e-20	1
0	0.1072452	-0.9941591	-0.0001991057	0	1.256637e-06	0	0.1072452	-0.9941591	-0.0001991057	2.9639096e-20	1
0	0.1072452	-0.9941591	-0.0001991057	0	2.513274e-06	0	0.1072452	-0.9941591	-0.0001991057	2.9639597e-20	1
0	0.1072452	-0.9941591	-0.0001991057	0	6.2831855e-06	0	0.1072452	-0.9941591	-0.0001991057	2.9641093e-20	1
0	0.1072452	-0.9941591	-0.0001991057	0	1.2566371e-05	0	0.1072452	-0.9941591	-0.0001991057	2.9643588e-20	1
0	0.1072452	-0.9941591	-0.0001991057	0	2.5132742e-05	0	0.1072452	-0.9941591	-0.0001991057	2.9648577e-20	1
0	0.1072452	-0.9941591	-0.0001991057	0	6.283185e-05	0	0.1072452	-0.9941591	-0.0001991057	2.9663543e-20	1
0	0.1072452	-0.9941591	-0.0001991057	0	0.0001256637	0	0.1072452	-0.9941591	-0.0001991057	2.968849e-20	1
0	0.10875269	-0.9939952	-0.00019948532	0	0.0002513274	0	0.10875269	-0.9939952	-0.00019948532	2.9738377e-20	1
0	0.110882565	-0.9937597	-0.00020001784	0	0.0006283185	0	0.110882565	-0.9937597	-0.00020001784	2.9888007e-20	1
0	0.113095574	-0.99351	-0.0002005652	0	0.0010053096	0	0.113095574	-0.99351	-0.0002005652	3.0037603e-20	1
0	0.11463666	-0.9933332	-0.00020094149	0	0.001256637	0	0.11463666	-0.9933332	-0.00020094149	3.0137314e-20	1
0	0.1186125	-0.9928659	-0.00020191213	0	0.0018849556	0	0.1186125	-0.9928659	-0.00020191213	3.0386506e-20	1
0	0.122897714	-0.9923442	-0.00020293808	0	0.002513274	0	0.122897714	-0.9923442	-0.00020293808	3.0635577e-20	1
0	0.1325414	-0.9911012	-0.00020518359	0	0.0037699111	0	0.1325414	-0.9911012	-0.00020518359	3.1133288e-20	1
0	0.1575318	-0.9874344	-0.00021060866	0	0.0062831854	0	0.1575318	-0.9874344	-0.00021060866	3.2126383e-20	1
0	0.2120639	-0.9771677	-0.00022046475	0	0.009424778	0	0.2120639	-0.9771677	-0.00022046475	3.3359955e-20	1
0	0.9042802	0.42664558	0.00010689955	0	0.012566371	0	0.9042802	0.42664558	0.00010689955	2.6080745e-20	1
0	-0.05491168	0.9984225	0.00018407247	0	0.018849555	0	-0.05491168	0.9984225	0.00018407247	2.2133662e-20	1
0	-0.04713542	0.9988204	0.00018133238	0	0.025132742	0	-0.04713542	0.9988204	0.00018133238	1.962783e-20	1
0	-0.03668493	0.99926	0.00017716347	0	0.03769911	0	-0.03668493	0.99926	0.00017716347	1.4614007e-20	1
0	-0.03000525	0.9994838	0.00017399693	0	0.050265484	0	-0.03000525	0.9994838	0.00017399693	9.598593e-21	1
0	-0.025371745	0.99961305	0.00017139646	0	0.06283186	0	-0.025371745	0.99961305	0.00017139646	4.5823265e-21	1
