# t (s)	mx ()	my ()	mz ()	B_extx (T)	B_exty (T)	B_extz (T)	mx ()	my ()	mz ()	E_total (J)	branch ()
0	0.99868405	0.04994489	-0.0025754874	0.06283186	0	0	0.99868405	0.04994489	-0.0025754874	2.4010864e-21	-1
0	0.99831164	0.056887113	-0.0026019462	0.050265484	0	0	0.99831164	0.056887113	-0.0026019462	7.412114e-21	-1
0	0.9977473	0.06603051	-0.002629776	0.03769911	0	0	0.9977473	0.06603051	-0.002629776	1.2420833e-20	-1
0	0.99683464	0.07859738	-0.0026587578	0.025132742	0	0	0.99683464	0.07859738	-0.0026587578	1.742594e-20	-1
0	0.99615073	0.08682506	-0.00267336	0.018849555	0	0	0.99615073	0.08682506	-0.00267336	1.9926432e-20	-1
0	0.9952183	0.09691921	-0.0026875464	0.012566371	0	0	0.9952183	0.09691921	-0.0026875464	2.2424923e-20	-1
0	0.99461854	0.10288505	-0.0026942322	0.009424778	0	0	0.99461854	0.10288505	-0.0026942322	2.3673184e-20	-1
0	0.9938992	0.109609306	-0.0027004627	0.0062831854	0	0	0.9938992	0.109609306	-0.0027004627	2.4920617e-20	-1
0	0.9932138	0.115650244	-0.0027049205	0.0037699111	0	0	0.9932138	0.115650244	-0.0027049205	2.5917861e-20	-1
0	0.9928271	0.118920505	-0.002706917	0.002513274	0	0	0.9928271	0.118920505	-0.002706917	2.6416212e-20	-1
0	0.9926212	0.12062599	-0.0027078455	0.0018849556	0	0	0.9926212	0.12062599	-0.0027078455	2.6665312e-20	-1
0	0.99240613	0.12238116	-0.0027087172	0.001256637	0	0	0.99240613	0.12238116	-0.0027087172	2.6914358e-20	-1
0	0.99240613	0.12238116	-0.0027087172	0.0010053096	0	0	0.99240613	0.12238116	-0.0027087172	2.7013966e-20	-1
0	0.99218273	0.12417731	-0.0027095405	0.0006283185	0	0	0.99218273	0.12417731	-0.0027095405	2.716335e-20	-1
0	0.9920423	0.12529336	-0.0027100015	0.0002513274	0	0	0.9920423	0.12529336	-0.0027100015	2.731272e-20	-1
0	0.9920423	0.12529336	-0.0027100015	0.0001256637	0	0	0.9920423	0.12529336	-0.0027100015	2.7362505e-20	-1
0	0.9920423	0.12529336	-0.0027100015	6.283185e-05	0	0	0.9920423	0.12529336	-0.0027100015	2.7387398e-20	-1
0	0.9920423	0.12529336	-0.0027100015	2.5132742e-05	0	0	0.9920423	0.12529336	-0.0027100015	2.7402335e-20	-1
0	0.9920423	0.12529336	-0.0027100015	1.2566371e-05	0	0	0.9920423	0.12529336	-0.0027100015	2.740731e-20	-1
0	0.9920423	0.12529336	-0.0027100015	6.2831855e-06	0	0	0.9920423	0.12529336	-0.0027100015	2.7409803e-20	-1
0	0.9920423	0.12529336	-0.0027100015	2.513274e-06	0	0	0.9920423	0.12529336	-0.0027100015	2.7411295e-20	-1
0	0.9920423	0.12529336	-0.0027100015	1.256637e-06	0	0	0.9920423	0.12529336	-0.0027100015	2.7411793e-20	-1
0	0.9920423	0.12529336	-0.0027100015	6.283185e-07	0	0	0.9920423	0.12529336	-0.0027100015	2.7412042e-20	-1
0	0.9920423	0.12529336	-0.0027100015	2.513274e-07	0	0	0.9920423	0.12529336	-0.0027100015	2.741219e-20	-1
0	0.9920423	0.12529336	-0.0027100015	1.256637e-07	0	0	0.9920423	0.12529336	-0.0027100015	2.7412242e-20	-1
0	0.9920423	0.12529336	-0.0027100015	0	0	0	0.9920423	0.12529336	-0.0027100015	2.741229e-20	-1
0	0.9920423	0.12529336	-0.0027100015	-1.256637e-07	0	0	0.9920423	0.12529336	-0.0027100015	2.7412342e-20	-1
0	0.9920423	0.12529336	-0.0027100015	-2.513274e-07	0	0	0.9920423	0.12529336	-0.0027100015	2.741239e-20	-1
0	0.9920423	0.12529336	-0.0027100015	-6.283185e-07	0	0	0.9920423	0.12529336	-0.0027100015	2.741254e-20	-1
0	0.9920423	0.12529336	-0.0027100015	-1.256637e-06	0	0	0.9920423	0.12529336	-0.0027100015	2.7412788e-20	-1
0	0.9920423	0.12529336	-0.0027100015	-2.513274e-06	0	0	0.9920423	0.12529336	-0.0027100015	2.7413286e-20	-1
0	0.9920423	0.12529336	-0.0027100015	-6.2831855e-06	0	0	0.9920423	0.12529336	-0.0027100015	2.7414782e-20	-1
0	0.9920423	0.12529336	-0.0027100015	-1.2566371e-05	0	0	0.9920423	0.12529336	-0.0027100015	2.741727e-20	-1
0	0.9920423	0.12529336	-0.0027100015	-2.5132742e-05	0	0	0.9920423	0.12529336	-0.0027100015	2.742225e-20	-1
0	0.9919232	0.12623137	-0.0027103696	-6.283185e-05	0	0	0.9919232	0.12623137	-0.0027103696	2.743717e-20	-1
0	0.9919232	0.12623137	-0.0027103696	-0.0001256637	0	0	0.9919232	0.12623137	-0.0027103696	2.746206e-20	-1
0	0.9919232	0.12623137	-0.0027103696	-0.0002513274	0	0	0.9919232	0.12623137	-0.0027103696	2.7511843e-20	-1
0	0.99170196	0.12795706	-0.002710986	-0.0006283185	0	0	0.99170196	0.12795706	-0.002710986	2.766116e-20	-1
0	0.9915495	0.12913197	-0.0027113522	-0.0010053096	0	0	0.9915495	0.12913197	-0.0027113522	2.7810452e-20	-1
0	0.9915495	0.12913197	-0.0027113522	-0.001256637	0	0	0.9915495	0.12913197	-0.0027113522	2.7909975e-20	-1
0	0.99117637	0.13196284	-0.0027121396	-0.0018849556	0	0	0.99117637	0.13196284	-0.0027121396	2.8158714e-20	-1
0	0.9908948	0.13405907	-0.0027125906	-0.002513274	0	0	0.9908948	0.13405907	-0.0027125906	2.8407392e-20	-1
0	0.99028885	0.13845977	-0.002713201	-0.0037699111	0	0	0.99028885	0.13845977	-0.002713201	2.890452e-20	-1
0	0.9888786	0.1481891	-0.0027129857	-0.0062831854	0	0	0.9888786	0.1481891	-0.0027129857	2.9897794e-20	-1
0	0.9866308	0.16247076	-0.0027089654	-0.009424778	0	0	0.9866308	0.16247076	-0.0027089654	3.113712e-20	-1
0	0.98359585	0.17992133	-0.0026983472	-0.012566371	0	0	0.98359585	0.17992133	-0.0026983472	3.2373167e-20	-1
0	0.9728334	0.23111075	-0.0026337863	-0.018849555	0	0	0.9728334	0.23111075	-0.0026337863	3.482961e-20	-1
0	-0.9968336	-0.078609616	0.002658764	-0.025132742	0	0	-0.9968336	-0.078609616	0.002658764	1.742594e-20	-1
0	-0.9977472	-0.06603232	0.002629787	-0.03769911	0	0	-0.9977472	-0.06603232	0.002629787	1.2420835e-20	-1
0	-0.9983115	-0.05688875	0.002601942	-0.050265484	0	0	-0.9983115	-0.05688875	0.002601942	7.412113e-21	-1
0	-0.9986839	-0.049947497	0.002575497	-0.06283186	0	0	-0.9986839	-0.049947497	0.002575497	2.4010836e-21	-1
0	-0.9986839	-0.049947497	0.002575497	-0.06283186	0	0	-0.9986839	-0.049947497	0.002575497	2.4010836e-21	1
0	-0.9983119	-0.05688308	0.0026019425	-0.050265484	0	0	-0.9983119	-0.05688308	0.0026019425	7.412113e-21	1
0	-0.9977474	-0.066029504	0.0026297797	-0.03769911	0	0	-0.9977474	-0.066029504	0.0026297797	1.24208334e-20	1
0	-0.9968345	-0.07859873	0.0026587576	-0.025132742	0	0	-0.9968345	-0.07859873	0.0026587576	1.742594e-20	1
0	-0.996151	-0.08682267	0.002673359	-0.018849555	0	0	-0.996151	-0.08682267	0.002673359	1.9926434e-20	1
0	-0.9952181	-0.09692064	0.0026875446	-0.012566371	0	0	-0.9952181	-0.09692064	0.0026875446	2.2424925e-20	1
0	-0.99461865	-0.102884606	0.0026942454	-0.009424778	0	0	-0.99461865	-0.102884606	0.0026942454	2.3673187e-20	1
0	-0.99389946	-0.10960753	0.0027004625	-0.0062831854	0	0	-0.99389946	-0.10960753	0.0027004625	2.4920617e-20	1
0	-0.9932134	-0.11565275	0.002704921	-0.0037699111	0	0	-0.9932134	-0.11565275	0.002704921	2.5917864e-20	1
0	-0.9928267	-0.118924364	0.0027069203	-0.002513274	0	0	-0.9928267	-0.118924364	0.0027069203	2.6416212e-20	1
0	-0.9926213	-0.12062509	0.0027078453	-0.0018849556	0	0	-0.9926213	-0.12062509	0.0027078453	2.666531e-20	1
0	-0.9924061	-0.122381374	0.0027087205	-0.001256637	0	0	-0.9924061	-0.122381374	0.0027087205	2.691436e-20	1
0	-0.9924061	-0.122381374	0.0027087205	-0.0010053096	0	0	-0.9924061	-0.122381374	0.0027087205	2.7013968e-20	1
0	-0.9921815	-0.12418726	0.0027095382	-0.0006283185	0	0	-0.9921815	-0.12418726	0.0027095382	2.7163348e-20	1
0	-0.9920429	-0.12528855	0.0027100022	-0.0002513274	0	0	-0.9920429	-0.12528855	0.0027100022	2.7312722e-20	1
0	-0.9919952	-0.12566537	0.0027101627	-0.0001256637	0	0	-0.9919952	-0.12566537	0.0027101627	2.73625e-20	1
0	-0.9919952	-0.12566537	0.0027101627	-6.283185e-05	0	0	-0.9919952	-0.12566537	0.0027101627	2.7387394e-20	1
0	-0.9919952	-0.12566537	0.0027101627	-2.5132742e-05	0	0	-0.9919952	-0.12566537	0.0027101627	2.740233e-20	1
0	-0.9919952	-0.12566537	0.0027101627	-1.2566371e-05	0	0	-0.9919952	-0.12566537	0.0027101627	2.7407308e-20	1
0	-0.9919952	-0.12566537	0.0027101627	-6.2831855e-06	0	0	-0.9919952	-0.12566537	0.0027101627	2.7409796e-20	1
0	-0.9919952	-0.12566537	0.0027101627	-2.513274e-06	0	0	-0.9919952	-0.12566537	0.0027101627	2.741129e-20	1
0	-0.9919952	-0.12566537	0.0027101627	-1.256637e-06	0	0	-0.9919952	-0.12566537	0.0027101627	2.7411786e-20	1
0	-0.9919952	-0.12566537	0.0027101627	-6.283185e-07	0	0	-0.9919952	-0.12566537	0.0027101627	2.7412035e-20	1
0	-0.9919952	-0.12566537	0.0027101627	-2.513274e-07	0	0	-0.9919952	-0.12566537	0.0027101627	2.7412187e-20	1
0	-0.9919952	-0.12566537	0.0027101627	-1.256637e-07	0	0	-0.9919952	-0.12566537	0.0027101627	2.7412236e-20	1
0	-0.9919952	-0.12566537	0.0027101627	0	0	0	-0.9919952	-0.12566537	0.0027101627	2.7412284e-20	1
0	-0.9919952	-0.12566537	0.0027101627	1.256637e-07	0	0	-0.9919952	-0.12566537	0.0027101627	2.7412336e-20	1
0	-0.9919952	-0.12566537	0.0027101627	2.513274e-07	0	0	-0.9919952	-0.12566537	0.0027101627	2.7412384e-20	1
0	-0.9919952	-0.12566537	0.0027101627	6.283185e-07	0	0	-0.9919952	-0.12566537	0.0027101627	2.7412533e-20	1
0	-0.9919952	-0.12566537	0.0027101627	1.256637e-06	0	0	-0.9919952	-0.12566537	0.0027101627	2.7412782e-20	1
0	-0.9919952	-0.12566537	0.0027101627	2.513274e-06	0	0	-0.9919952	-0.12566537	0.0027101627	2.7413282e-20	1
0	-0.9919952	-0.12566537	0.0027101627	6.2831855e-06	0	0	-0.9919952	-0.12566537	0.0027101627	2.7414775e-20	1
0	-0.9919952	-0.12566537	0.0027101627	1.2566371e-05	0	0	-0.9919952	-0.12566537	0.0027101627	2.7417263e-20	1
0	-0.9919952	-0.12566537	0.0027101627	2.5132742e-05	0	0	-0.9919952	-0.12566537	0.0027101627	2.7422243e-20	1
0	-0.9919952	-0.12566537	0.0027101627	6.283185e-05	0	0	-0.9919952	-0.12566537	0.0027101627	2.7437177e-20	1
0	-0.9919952	-0.12566537	0.0027101627	0.0001256637	0	0	-0.9919952	-0.12566537	0.0027101627	2.746207e-20	1
0	-0.99185073	-0.12679946	0.0027105808	0.0002513274	0	0	-0.99185073	-0.12679946	0.0027105808	2.7511837e-20	1
0	-0.9917023	-0.12795433	0.0027109864	0.0006283185	0	0	-0.9917023	-0.12795433	0.0027109864	2.766116e-20	1
0	-0.9915495	-0.12913218	0.0027113655	0.0010053096	0	0	-0.9915495	-0.12913218	0.0027113655	2.7810452e-20	1
0	-0.9915495	-0.12913218	0.0027113655	0.001256637	0	0	-0.9915495	-0.12913218	0.0027113655	2.7909975e-20	1
0	-0.9911772	-0.1319567	0.0027121415	0.0018849556	0	0	-0.9911772	-0.1319567	0.0027121415	2.815871e-20	1
0	-0.99089444	-0.13406125	0.0027125971	0.002513274	0	0	-0.99089444	-0.13406125	0.0027125971	2.840739e-20	1
0	-0.99028873	-0.13846081	0.0027132002	0.0037699111	0	0	-0.99028873	-0.13846081	0.0027132002	2.8904524e-20	1
0	-0.98887944	-0.14818361	0.0027129902	0.0062831854	0	0	-0.98887944	-0.14818361	0.0027129902	2.9897794e-20	1
0	-0.9866303	-0.16247386	0.0027089557	0.009424778	0	0	-0.9866303	-0.16247386	0.0027089557	3.1137117e-20	1
0	-0.98359585	-0.17992131	0.0026983495	0.012566371	0	0	-0.98359585	-0.17992131	0.0026983495	3.2373167e-20	1
0	-0.9728328	-0.2311132	0.0026337828	0.018849555	0	0	-0.9728328	-0.2311132	0.0026337828	3.482961e-20	1
0	0.99683404	0.07860417	-0.0026587609	0.025132742	0	0	0.99683404	0.07860417	-0.0026587609	1.742594e-20	1
0	0.9977473	0.066031985	-0.0026297788	0.03769911	0	0	0.9977473	0.066031985	-0.0026297788	1.2420836e-20	1
0	0.9983115	0.05688875	-0.0026019476	0.050265484	0	0	0.9983115	0.05688875	-0.0026019476	7.412113e-21	1
0	0.99868405	0.04994657	-0.0025754892	0.06283186	0	0	0.99868405	0.04994657	-0.0025754892	2.4010846e-21	1
