# t (s)	mx ()	my ()	mz ()	B_extx (T)	B_exty (T)	B_extz (T)	mx ()	my ()	mz ()	E_total (J)	branch ()
0	-0.01788481	0.9997697	-0.003304941	0	0.06283186	0	-0.01788481	0.9997697	-0.003304941	4.4315398e-21	-1
0	-0.021082085	0.9997065	-0.0033454935	0	0.050265484	0	-0.021082085	0.9997065	-0.0033454935	9.448743e-21	-1
0	-0.025667777	0.99959826	-0.0033925571	0	0.03769911	0	-0.025667777	0.99959826	-0.0033925571	1.4465533e-20	-1
0	-0.03278757	0.99938893	-0.0034509418	0	0.025132742	0	-0.03278757	0.99938893	-0.0034509418	1.9481559e-20	-1
0	-0.038053676	0.9992016	-0.0034874775	0	0.018849555	0	-0.038053676	0.9992016	-0.0034874775	2.1989062e-20	-1
0	-0.04531891	0.9988977	-0.0035323123	0	0.012566371	0	-0.04531891	0.9988977	-0.0035323123	2.449596e-20	-1
0	-0.05009208	0.9986692	-0.0035593235	0	0.009424778	0	-0.05009208	0.9986692	-0.0035593235	2.5749068e-20	-1
0	-0.056006096	0.99835443	-0.0035908055	0	0.0062831854	0	-0.056006096	0.99835443	-0.0035908055	2.700184e-20	-1
0	-0.061834246	0.9980099	-0.0036201444	0	0.0037699111	0	-0.061834246	0.9980099	-0.0036201444	2.800372e-20	-1
0	-0.0652207	0.997794	-0.0036365688	0	0.002513274	0	-0.0652207	0.997794	-0.0036365688	2.8504524e-20	-1
0	-0.067048594	0.9976727	-0.003645262	0	0.0018849556	0	-0.067048594	0.9976727	-0.003645262	2.875488e-20	-1
0	-0.06900052	0.9975394	-0.0036544076	0	0.001256637	0	-0.06900052	0.9975394	-0.0036544076	2.90052e-20	-1
0	-0.06900052	0.9975394	-0.0036544076	0	0.0010053096	0	-0.06900052	0.9975394	-0.0036544076	2.9105326e-20	-1
0	-0.07108585	0.9973928	-0.0036640293	0	0.0006283185	0	-0.07108585	0.9973928	-0.0036640293	2.925549e-20	-1
0	-0.07235986	0.997301	-0.0036698668	0	0.0002513274	0	-0.07235986	0.997301	-0.0036698668	2.9405647e-20	-1
0	-0.07235986	0.997301	-0.0036698668	0	0.0001256637	0	-0.07235986	0.997301	-0.0036698668	2.9455698e-20	-1
0	-0.07235986	0.997301	-0.0036698668	0	6.283185e-05	0	-0.07235986	0.997301	-0.0036698668	2.948072e-20	-1
0	-0.07235986	0.997301	-0.0036698668	0	2.5132742e-05	0	-0.07235986	0.997301	-0.0036698668	2.9495736e-20	-1
0	-0.07235986	0.997301	-0.0036698668	0	1.2566371e-05	0	-0.07235986	0.997301	-0.0036698668	2.950074e-20	-1
0	-0.07235986	0.997301	-0.0036698668	0	6.2831855e-06	0	-0.07235986	0.997301	-0.0036698668	2.9503245e-20	-1
0	-0.07235986	0.997301	-0.0036698668	0	2.513274e-06	0	-0.07235986	0.997301	-0.0036698668	2.9504744e-20	-1
0	-0.07235986	0.997301	-0.0036698668	0	1.256637e-06	0	-0.07235986	0.997301	-0.0036698668	2.9505245e-20	-1
0	-0.07235986	0.997301	-0.0036698668	0	6.283185e-07	0	-0.07235986	0.997301	-0.0036698668	2.9505497e-20	-1
0	-0.07235986	0.997301	-0.0036698668	0	2.513274e-07	0	-0.07235986	0.997301	-0.0036698668	2.9505646e-20	-1
0	-0.07235986	0.997301	-0.0036698668	0	1.256637e-07	0	-0.07235986	0.997301	-0.0036698668	2.9505697e-20	-1
0	-0.07235986	0.997301	-0.0036698668	0	0	0	-0.07235986	0.997301	-0.0036698668	2.9505746e-20	-1
0	-0.07235986	0.997301	-0.0036698668	0	-1.256637e-07	0	-0.07235986	0.997301	-0.0036698668	2.9505797e-20	-1
0	-0.07235986	0.997301	-0.0036698668	0	-2.513274e-07	0	-0.07235986	0.997301	-0.0036698668	2.9505846e-20	-1
0	-0.07235986	0.997301	-0.0036698668	0	-6.283185e-07	0	-0.07235986	0.997301	-0.0036698668	2.9505998e-20	-1
0	-0.07235986	0.997301	-0.0036698668	0	-1.256637e-06	0	-0.07235986	0.997301	-0.0036698668	2.9506247e-20	-1
0	-0.07235986	0.997301	-0.0036698668	0	-2.513274e-06	0	-0.07235986	0.997301	-0.0036698668	2.9506747e-20	-1
0	-0.07235986	0.997301	-0.0036698668	0	-6.2831855e-06	0	-0.07235986	0.997301	-0.0036698668	2.950825e-20	-1
0	-0.07235986	0.997301	-0.0036698668	0	-1.2566371e-05	0	-0.07235986	0.997301	-0.0036698668	2.951075e-20	-1
0	-0.07235986	0.997301	-0.0036698668	0	-2.5132742e-05	0	-0.07235986	0.997301	-0.0036698668	2.9515756e-20	-1
0	-0.07349053	0.99721825	-0.00367499	0	-6.283185e-05	0	-0.07349053	0.99721825	-0.00367499	2.9530768e-20	-1
0	-0.07349053	0.99721825	-0.00367499	0	-0.0001256637	0	-0.07349053	0.99721825	-0.00367499	2.955579e-20	-1
0	-0.07349053	0.99721825	-0.00367499	0	-0.0002513274	0	-0.07349053	0.99721825	-0.00367499	2.9605835e-20	-1
0	-0.07560544	0.99705994	-0.0036844756	0	-0.0006283185	0	-0.07560544	0.99705994	-0.0036844756	2.9755952e-20	-1
0	-0.07703853	0.99695015	-0.0036908519	0	-0.0010053096	0	-0.07703853	0.99695015	-0.0036908519	2.990606e-20	-1
0	-0.07803823	0.9968723	-0.0036952626	0	-0.001256637	0	-0.07803823	0.9968723	-0.0036952626	3.0006116e-20	-1
0	-0.08074248	0.9966566	-0.0037070168	0	-0.0018849556	0	-0.08074248	0.9966566	-0.0037070168	3.0256228e-20	-1
0	-0.08359114	0.99642146	-0.0037192088	0	-0.002513274	0	-0.08359114	0.99642146	-0.0037192088	3.0506285e-20	-1
0	-0.08995965	0.99586606	-0.0037457729	0	-0.0037699111	0	-0.08995965	0.99586606	-0.0037457729	3.1006206e-20	-1
0	-0.10633491	0.9942492	-0.0038099664	0	-0.0062831854	0	-0.10633491	0.9942492	-0.0038099664	3.2005017e-20	-1
0	-0.13939674	0.9901514	-0.0039235614	0	-0.009424778	0	-0.13939674	0.9901514	-0.0039235614	3.3250237e-20	-1
0	-0.9122759	-0.40927315	0.0018785812	0	-0.012566371	0	-0.9122759	-0.40927315	0.0018785812	2.6393285e-20	-1
0	0.03806289	-0.99920124	0.003487518	0	-0.018849555	0	0.03806289	-0.99920124	0.003487518	2.198906e-20	-1
0	0.032793537	-0.9993887	0.003450967	0	-0.025132742	0	0.032793537	-0.9993887	0.003450967	1.9481557e-20	-1
0	0.025673084	-0.99959815	0.0033925755	0	-0.03769911	0	0.025673084	-0.99959815	0.0033925755	1.4465531e-20	-1
0	0.021087648	-0.9997064	0.0033455184	0	-0.050265484	0	0.021087648	-0.9997064	0.0033455184	9.448744e-21	-1
0	0.017887829	-0.9997697	0.0033049546	0	-0.06283186	0	0.017887829	-0.9997697	0.0033049546	4.431538e-21	-1
0	0.017887829	-0.9997697	0.0033049546	0	-0.06283186	0	0.017887829	-0.9997697	0.0033049546	4.431538e-21	1
0	0.021082975	-0.9997065	0.0033454972	0	-0.050265484	0	0.021082975	-0.9997065	0.0033454972	9.448744e-21	1
0	0.025666974	-0.99959826	0.0033925488	0	-0.03769911	0	0.025666974	-0.99959826	0.0033925488	1.4465533e-20	1
0	0.032787904	-0.99938893	0.003450983	0	-0.025132742	0	0.032787904	-0.99938893	0.003450983	1.948156e-20	1
0	0.03805787	-0.9992014	0.0034874957	0	-0.018849555	0	0.03805787	-0.9992014	0.0034874957	2.198906e-20	1
0	0.04532255	-0.99889743	0.0035323405	0	-0.012566371	0	0.04532255	-0.99889743	0.0035323405	2.4495962e-20	1
0	0.050099023	-0.9986689	0.003559353	0	-0.009424778	0	0.050099023	-0.9986689	0.003559353	2.5749068e-20	1
0	0.05598338	-0.99835575	0.0035907077	0	-0.0062831854	0	0.05598338	-0.99835575	0.0035907077	2.700184e-20	1
0	0.061825812	-0.9980104	0.0036201165	0	-0.0037699111	0	0.061825812	-0.9980104	0.0036201165	2.800372e-20	1
0	0.065208375	-0.99779475	0.0036365166	0	-0.002513274	0	0.065208375	-0.99779475	0.0036365166	2.8504524e-20	1
0	0.06705815	-0.9976721	0.003645297	0	-0.0018849556	0	0.06705815	-0.9976721	0.003645297	2.875488e-20	1
0	0.06900279	-0.9975392	0.0036543827	0	-0.001256637	0	0.06900279	-0.9975392	0.0036543827	2.9005205e-20	1
0	0.06981537	-0.99748266	0.0036581873	0	-0.0010053096	0	0.06981537	-0.99748266	0.0036581873	2.9105322e-20	1
0	0.07106176	-0.99739444	0.0036639376	0	-0.0006283185	0	0.07106176	-0.99739444	0.0036639376	2.925549e-20	1
0	0.07239266	-0.99729866	0.0036699993	0	-0.0002513274	0	0.07239266	-0.99729866	0.0036699993	2.940565e-20	1
0	0.07239266	-0.99729866	0.0036699993	0	-0.0001256637	0	0.07239266	-0.99729866	0.0036699993	2.9455698e-20	1
0	0.07239266	-0.99729866	0.0036699993	0	-6.283185e-05	0	0.07239266	-0.99729866	0.0036699993	2.9480723e-20	1
0	0.07239266	-0.99729866	0.0036699993	0	-2.5132742e-05	0	0.07239266	-0.99729866	0.0036699993	2.949574e-20	1
0	0.07239266	-0.99729866	0.0036699993	0	-1.2566371e-05	0	0.07239266	-0.99729866	0.0036699993	2.9500744e-20	1
0	0.07239266	-0.99729866	0.0036699993	0	-6.2831855e-06	0	0.07239266	-0.99729866	0.0036699993	2.9503245e-20	1
0	0.07239266	-0.99729866	0.0036699993	0	-2.513274e-06	0	0.07239266	-0.99729866	0.0036699993	2.9504747e-20	1
0	0.07239266	-0.99729866	0.0036699993	0	-1.256637e-06	0	0.07239266	-0.99729866	0.0036699993	2.9505248e-20	1
0	0.07239266	-0.99729866	0.0036699993	0	-6.283185e-07	0	0.07239266	-0.99729866	0.0036699993	2.9505497e-20	1
0	0.07239266	-0.99729866	0.0036699993	0	-2.513274e-07	0	0.07239266	-0.99729866	0.0036699993	2.950565e-20	1
0	0.07239266	-0.99729866	0.0036699993	0	-1.256637e-07	0	0.07239266	-0.99729866	0.0036699993	2.9505697e-20	1
0	0.07239266	-0.99729866	0.0036699993	0	0	0	0.07239266	-0.99729866	0.0036699993	2.950575e-20	1
0	0.07239266	-0.99729866	0.0036699993	0	1.256637e-07	0	0.07239266	-0.99729866	0.0036699993	2.9505797e-20	1
0	0.07239266	-0.99729866	0.0036699993	0	2.513274e-07	0	0.07239266	-0.99729866	0.0036699993	2.950585e-20	1
0	0.07239266	-0.99729866	0.0036699993	0	6.283185e-07	0	0.07239266	-0.99729866	0.0036699993	2.9505998e-20	1
0	0.07239266	-0.99729866	0.0036699993	0	1.256637e-06	0	0.07239266	-0.99729866	0.0036699993	2.950625e-20	1
0	0.07239266	-0.99729866	0.0036699993	0	2.513274e-06	0	0.07239266	-0.99729866	0.0036699993	2.950675e-20	1
0	0.07239266	-0.99729866	0.0036699993	0	6.2831855e-06	0	0.07239266	-0.99729866	0.0036699993	2.950825e-20	1
0	0.07239266	-0.99729866	0.0036699993	0	1.2566371e-05	0	0.07239266	-0.99729866	0.0036699993	2.9510754e-20	1
0	0.07337345	-0.99722683	0.003674447	0	2.5132742e-05	0	0.07337345	-0.99722683	0.003674447	2.9515753e-20	1
0	0.07337345	-0.99722683	0.003674447	0	6.283185e-05	0	0.07337345	-0.99722683	0.003674447	2.9530768e-20	1
0	0.07337345	-0.99722683	0.003674447	0	0.0001256637	0	0.07337345	-0.99722683	0.003674447	2.955579e-20	1
0	0.07337345	-0.99722683	0.003674447	0	0.0002513274	0	0.07337345	-0.99722683	0.003674447	2.9605835e-20	1
0	0.075563595	-0.9970631	0.0036843102	0	0.0006283185	0	0.075563595	-0.9970631	0.0036843102	2.9755955e-20	1
0	0.07705902	-0.9969485	0.0036909305	0	0.0010053096	0	0.07705902	-0.9969485	0.0036909305	2.9906056e-20	1
0	0.07705902	-0.9969485	0.0036909305	0	0.001256637	0	0.07705902	-0.9969485	0.0036909305	3.000612e-20	1
0	0.08073508	-0.9966572	0.0037069824	0	0.0018849556	0	0.08073508	-0.9966572	0.0037069824	3.0256228e-20	1
0	0.08359008	-0.9964216	0.0037192043	0	0.002513274	0	0.08359008	-0.9964216	0.0037192043	3.0506285e-20	1
0	0.08996305	-0.99586576	0.0037457854	0	0.0037699111	0	0.08996305	-0.99586576	0.0037457854	3.1006206e-20	1
0	0.106357425	-0.99424684	0.0038100448	0	0.0062831854	0	0.106357425	-0.99424684	0.0038100448	3.200502e-20	1
0	0.13938361	-0.9901532	0.0039235223	0	0.009424778	0	0.13938361	-0.9901532	0.0039235223	3.3250237e-20	1
0	0.9122827	0.4092579	-0.0018786446	0	0.012566371	0	0.9122827	0.4092579	-0.0018786446	2.6393288e-20	1
0	-0.038054034	0.9992016	-0.0034874803	0	0.018849555	0	-0.038054034	0.9992016	-0.0034874803	2.198906e-20	1
0	-0.032796893	0.9993886	-0.0034509827	0	0.025132742	0	-0.032796893	0.9993886	-0.0034509827	1.9481559e-20	1
0	-0.025673877	0.999598	-0.003392579	0	0.03769911	0	-0.025673877	0.999598	-0.003392579	1.4465531e-20	1
0	-0.021087747	0.9997064	-0.003345519	0	0.050265484	0	-0.021087747	0.9997064	-0.003345519	9.448748e-21	1
0	-0.017886741	0.9997697	-0.0033049502	0	0.06283186	0	-0.017886741	0.9997697	-0.0033049502	4.4315385e-21	1
