# t (s)	mx ()	my ()	mz ()	B_extx (T)	B_exty (T)	B_extz (T)	mx ()	my ()	mz ()	E_total (J)	branch ()
0	0.067607865	0.99762094	0.00702657	0	0.06283186	0	0.067607865	0.99762094	0.00702657	3.2276676e-21	-1
0	0.07875467	0.996801	0.007102128	0	0.050265484	0	0.07875467	0.996801	0.007102128	8.232325e-21	-1
0	0.094053835	0.9954718	0.007179065	0	0.03769911	0	0.094053835	0.9954718	0.007179065	1.3231725e-20	-1
0	0.11610538	0.99313843	0.0072511835	0	0.025132742	0	0.11610538	0.99313843	0.0072511835	1.822224e-20	-1
0	0.13111165	0.9912669	0.0072800983	0	0.018849555	0	0.13111165	0.9912669	0.0072800983	2.0712056e-20	-1
0	0.1500999	0.9885675	0.007297405	0	0.012566371	0	0.1500999	0.9885675	0.007297405	2.3196228e-20	-1
0	0.16156913	0.9867563	0.0072985264	0	0.009424778	0	0.16156913	0.9867563	0.0072985264	2.4435416e-20	-1
0	0.17472662	0.9845099	0.0072918376	0	0.0062831854	0	0.17472662	0.9845099	0.0072918376	2.5672064e-20	-1
0	0.1867185	0.9823045	0.0072787195	0	0.0037699111	0	0.1867185	0.9823045	0.0072787195	2.6659147e-20	-1
0	0.19328901	0.9810319	0.007268806	0	0.002513274	0	0.19328901	0.9810319	0.007268806	2.7151803e-20	-1
0	0.19675383	0.9803424	0.0072628018	0	0.0018849556	0	0.19675383	0.9803424	0.0072628018	2.7397883e-20	-1
0	0.20029101	0.97962534	0.0072561787	0	0.001256637	0	0.20029101	0.97962534	0.0072561787	2.7643788e-20	-1
0	0.20174524	0.97932667	0.007253295	0	0.0010053096	0	0.20174524	0.97932667	0.007253295	2.7742093e-20	-1
0	0.20398208	0.9788629	0.0072486703	0	0.0006283185	0	0.20398208	0.9788629	0.0072486703	2.7889503e-20	-1
0	0.20623368	0.9783907	0.00724383	0	0.0002513274	0	0.20623368	0.9783907	0.00724383	2.803684e-20	-1
0	0.20623368	0.9783907	0.00724383	0	0.0001256637	0	0.20623368	0.9783907	0.00724383	2.8085942e-20	-1
0	0.20623368	0.9783907	0.00724383	0	6.283185e-05	0	0.20623368	0.9783907	0.00724383	2.8110492e-20	-1
0	0.20623368	0.9783907	0.00724383	0	2.5132742e-05	0	0.20623368	0.9783907	0.00724383	2.8125223e-20	-1
0	0.20623368	0.9783907	0.00724383	0	1.2566371e-05	0	0.20623368	0.9783907	0.00724383	2.813013e-20	-1
0	0.20623368	0.9783907	0.00724383	0	6.2831855e-06	0	0.20623368	0.9783907	0.00724383	2.8132587e-20	-1
0	0.20623368	0.9783907	0.00724383	0	2.513274e-06	0	0.20623368	0.9783907	0.00724383	2.813406e-20	-1
0	0.20623368	0.9783907	0.00724383	0	1.256637e-06	0	0.20623368	0.9783907	0.00724383	2.8134552e-20	-1
0	0.20623368	0.9783907	0.00724383	0	6.283185e-07	0	0.20623368	0.9783907	0.00724383	2.8134797e-20	-1
0	0.20623368	0.9783907	0.00724383	0	2.513274e-07	0	0.20623368	0.9783907	0.00724383	2.8134946e-20	-1
0	0.20623368	0.9783907	0.00724383	0	1.256637e-07	0	0.20623368	0.9783907	0.00724383	2.8134994e-20	-1
0	0.20623368	0.9783907	0.00724383	0	0	0	0.20623368	0.9783907	0.00724383	2.8135043e-20	-1
0	0.20623368	0.9783907	0.00724383	0	-1.256637e-07	0	0.20623368	0.9783907	0.00724383	2.813509e-20	-1
0	0.20623368	0.9783907	0.00724383	0	-2.513274e-07	0	0.20623368	0.9783907	0.00724383	2.813514e-20	-1
0	0.20623368	0.9783907	0.00724383	0	-6.283185e-07	0	0.20623368	0.9783907	0.00724383	2.8135288e-20	-1
0	0.20623368	0.9783907	0.00724383	0	-1.256637e-06	0	0.20623368	0.9783907	0.00724383	2.8135534e-20	-1
0	0.20623368	0.9783907	0.00724383	0	-2.513274e-06	0	0.20623368	0.9783907	0.00724383	2.8136025e-20	-1
0	0.20623368	0.9783907	0.00724383	0	-6.2831855e-06	0	0.20623368	0.9783907	0.00724383	2.81375e-20	-1
0	0.20784882	0.9780486	0.007240197	0	-1.2566371e-05	0	0.20784882	0.9780486	0.007240197	2.8139938e-20	-1
0	0.20784882	0.9780486	0.007240197	0	-2.5132742e-05	0	0.20784882	0.9780486	0.007240197	2.8144846e-20	-1
0	0.20784882	0.9780486	0.007240197	0	-6.283185e-05	0	0.20784882	0.9780486	0.007240197	2.815957e-20	-1
0	0.20784882	0.9780486	0.007240197	0	-0.0001256637	0	0.20784882	0.9780486	0.007240197	2.818411e-20	-1
0	0.20784882	0.9780486	0.007240197	0	-0.0002513274	0	0.20784882	0.9780486	0.007240197	2.8233196e-20	-1
0	0.21169606	0.97722256	0.007231181	0	-0.0006283185	0	0.21169606	0.97722256	0.007231181	2.838034e-20	-1
0	0.21413618	0.9766904	0.0072251223	0	-0.0010053096	0	0.21413618	0.9766904	0.0072251223	2.8527433e-20	-1
0	0.21413618	0.9766904	0.0072251223	0	-0.001256637	0	0.21413618	0.9766904	0.0072251223	2.8625464e-20	-1
0	0.21999115	0.97538745	0.0072096307	0	-0.0018849556	0	0.21999115	0.97538745	0.0072096307	2.887031e-20	-1
0	0.22436208	0.97439075	0.007197164	0	-0.002513274	0	0.22436208	0.97439075	0.007197164	2.911494e-20	-1
0	0.23361646	0.9722121	0.007168283	0	-0.0037699111	0	0.23361646	0.9722121	0.007168283	2.9603398e-20	-1
0	0.25447816	0.9669579	0.0070910975	0	-0.0062831854	0	0.25447816	0.9669579	0.0070910975	3.0576683e-20	-1
0	0.28640568	0.9579817	0.0069421846	0	-0.009424778	0	0.28640568	0.9579817	0.0069421846	3.1784557e-20	-1
0	0.3287207	0.9442916	0.0066915257	0	-0.012566371	0	0.3287207	0.9442916	0.0066915257	3.297855e-20	-1
0	-0.13112038	-0.9912658	-0.0072800973	0	-0.018849555	0	-0.13112038	-0.9912658	-0.0072800973	2.071206e-20	-1
0	-0.116110995	-0.9931377	-0.0072511835	0	-0.025132742	0	-0.116110995	-0.9931377	-0.0072511835	1.822224e-20	-1
0	-0.094058104	-0.99547136	-0.0071790703	0	-0.03769911	0	-0.094058104	-0.99547136	-0.0071790703	1.3231726e-20	-1
0	-0.07876322	-0.9968004	-0.0071021356	0	-0.050265484	0	-0.07876322	-0.9968004	-0.0071021356	8.232328e-21	-1
0	-0.06761113	-0.9976207	-0.0070265764	0	-0.06283186	0	-0.06761113	-0.9976207	-0.0070265764	3.2276648e-21	-1
0	-0.06761113	-0.9976207	-0.0070265764	0	-0.06283186	0	-0.06761113	-0.9976207	-0.0070265764	3.2276648e-21	1
0	-0.078761	-0.99680054	-0.0071021346	0	-0.050265484	0	-0.078761	-0.99680054	-0.0071021346	8.232323e-21	1
0	-0.094053626	-0.9954717	-0.0071790647	0	-0.03769911	0	-0.094053626	-0.9954717	-0.0071790647	1.3231723e-20	1
0	-0.11610408	-0.9931385	-0.007251179	0	-0.025132742	0	-0.11610408	-0.9931385	-0.007251179	1.8222235e-20	1
0	-0.13111418	-0.9912666	-0.0072800983	0	-0.018849555	0	-0.13111418	-0.9912666	-0.0072800983	2.0712061e-20	1
0	-0.15009631	-0.98856795	-0.0072974134	0	-0.012566371	0	-0.15009631	-0.98856795	-0.0072974134	2.319623e-20	1
0	-0.16156404	-0.98675716	-0.0072985324	0	-0.009424778	0	-0.16156404	-0.98675716	-0.0072985324	2.4435415e-20	1
0	-0.174723	-0.98451054	-0.007291844	0	-0.0062831854	0	-0.174723	-0.98451054	-0.007291844	2.5672067e-20	1
0	-0.1867186	-0.98230445	-0.0072787195	0	-0.0037699111	0	-0.1867186	-0.98230445	-0.0072787195	2.6659147e-20	1
0	-0.19328842	-0.981032	-0.007268807	0	-0.002513274	0	-0.19328842	-0.981032	-0.007268807	2.71518e-20	1
0	-0.1967461	-0.98034394	-0.007262828	0	-0.0018849556	0	-0.1967461	-0.98034394	-0.007262828	2.7397883e-20	1
0	-0.20029029	-0.97962546	-0.0072561773	0	-0.001256637	0	-0.20029029	-0.97962546	-0.0072561773	2.7643785e-20	1
0	-0.20029029	-0.97962546	-0.0072561773	0	-0.0010053096	0	-0.20029029	-0.97962546	-0.0072561773	2.774211e-20	1
0	-0.20398073	-0.97886324	-0.0072486745	0	-0.0006283185	0	-0.20398073	-0.97886324	-0.0072486745	2.7889506e-20	1
0	-0.20623177	-0.97839105	-0.007243837	0	-0.0002513274	0	-0.20623177	-0.97839105	-0.007243837	2.803684e-20	1
0	-0.20623177	-0.97839105	-0.007243837	0	-0.0001256637	0	-0.20623177	-0.97839105	-0.007243837	2.8085942e-20	1
0	-0.20623177	-0.97839105	-0.007243837	0	-6.283185e-05	0	-0.20623177	-0.97839105	-0.007243837	2.8110492e-20	1
0	-0.20623177	-0.97839105	-0.007243837	0	-2.5132742e-05	0	-0.20623177	-0.97839105	-0.007243837	2.8125223e-20	1
0	-0.20623177	-0.97839105	-0.007243837	0	-1.2566371e-05	0	-0.20623177	-0.97839105	-0.007243837	2.8130135e-20	1
0	-0.20623177	-0.97839105	-0.007243837	0	-6.2831855e-06	0	-0.20623177	-0.97839105	-0.007243837	2.8132587e-20	1
0	-0.20623177	-0.97839105	-0.007243837	0	-2.513274e-06	0	-0.20623177	-0.97839105	-0.007243837	2.813406e-20	1
0	-0.20623177	-0.97839105	-0.007243837	0	-1.256637e-06	0	-0.20623177	-0.97839105	-0.007243837	2.8134552e-20	1
0	-0.20623177	-0.97839105	-0.007243837	0	-6.283185e-07	0	-0.20623177	-0.97839105	-0.007243837	2.8134797e-20	1
0	-0.20623177	-0.97839105	-0.007243837	0	-2.513274e-07	0	-0.20623177	-0.97839105	-0.007243837	2.8134946e-20	1
0	-0.20623177	-0.97839105	-0.007243837	0	-1.256637e-07	0	-0.20623177	-0.97839105	-0.007243837	2.8134994e-20	1
0	-0.20623177	-0.97839105	-0.007243837	0	0	0	-0.20623177	-0.97839105	-0.007243837	2.8135043e-20	1
0	-0.20623177	-0.97839105	-0.007243837	0	1.256637e-07	0	-0.20623177	-0.97839105	-0.007243837	2.813509e-20	1
0	-0.20623177	-0.97839105	-0.007243837	0	2.513274e-07	0	-0.20623177	-0.97839105	-0.007243837	2.8135143e-20	1
0	-0.20623177	-0.97839105	-0.007243837	0	6.283185e-07	0	-0.20623177	-0.97839105	-0.007243837	2.8135288e-20	1
0	-0.20623177	-0.97839105	-0.007243837	0	1.256637e-06	0	-0.20623177	-0.97839105	-0.007243837	2.8135534e-20	1
0	-0.20623177	-0.97839105	-0.007243837	0	2.513274e-06	0	-0.20623177	-0.97839105	-0.007243837	2.8136025e-20	1
0	-0.20623177	-0.97839105	-0.007243837	0	6.2831855e-06	0	-0.20623177	-0.97839105	-0.007243837	2.81375e-20	1
0	-0.20623177	-0.97839105	-0.007243837	0	1.2566371e-05	0	-0.20623177	-0.97839105	-0.007243837	2.8139954e-20	1
0	-0.20623177	-0.97839105	-0.007243837	0	2.5132742e-05	0	-0.20623177	-0.97839105	-0.007243837	2.8144862e-20	1
0	-0.2081531	-0.97798383	-0.007239525	0	6.283185e-05	0	-0.2081531	-0.97798383	-0.007239525	2.8159564e-20	1
0	-0.2081531	-0.97798383	-0.007239525	0	0.0001256637	0	-0.2081531	-0.97798383	-0.007239525	2.8184105e-20	1
0	-0.2081531	-0.97798383	-0.007239525	0	0.0002513274	0	-0.2081531	-0.97798383	-0.007239525	2.8233186e-20	1
0	-0.21169671	-0.97722244	-0.007231179	0	0.0006283185	0	-0.21169671	-0.97722244	-0.007231179	2.838034e-20	1
0	-0.21412468	-0.9766929	-0.007225161	0	0.0010053096	0	-0.21412468	-0.9766929	-0.007225161	2.8527427e-20	1
0	-0.21412468	-0.9766929	-0.007225161	0	0.001256637	0	-0.21412468	-0.9766929	-0.007225161	2.8625458e-20	1
0	-0.2200025	-0.97538495	-0.0072096083	0	0.0018849556	0	-0.2200025	-0.97538495	-0.0072096083	2.887031e-20	1
0	-0.2243673	-0.97438955	-0.0071971454	0	0.002513274	0	-0.2243673	-0.97438955	-0.0071971454	2.9114935e-20	1
0	-0.23361582	-0.9722122	-0.0071682762	0	0.0037699111	0	-0.23361582	-0.9722122	-0.0071682762	2.9603395e-20	1
0	-0.25447857	-0.9669579	-0.0070910947	0	0.0062831854	0	-0.25447857	-0.9669579	-0.0070910947	3.057668e-20	1
0	-0.2864163	-0.95797855	-0.0069421204	0	0.009424778	0	-0.2864163	-0.95797855	-0.0069421204	3.178456e-20	1
0	-0.32875955	-0.944278	-0.0066912556	0	0.012566371	0	-0.32875955	-0.944278	-0.0066912556	3.2978554e-20	1
0	0.13112108	0.99126565	0.007280095	0	0.018849555	0	0.13112108	0.99126565	0.007280095	2.0712058e-20	1
0	0.11612022	0.99313664	0.0072511844	0	0.025132742	0	0.11612022	0.99313664	0.0072511844	1.8222241e-20	1
0	0.09406406	0.99547076	0.007179077	0	0.03769911	0	0.09406406	0.99547076	0.007179077	1.32317265e-20	1
0	0.07876336	0.99680036	0.007102145	0	0.050265484	0	0.07876336	0.99680036	0.007102145	8.232325e-21	1
0	0.067610174	0.9976207	0.0070265788	0	0.06283186	0	0.067610174	0.9976207	0.0070265788	3.227664e-21	1
