# t (s)	mx ()	my ()	mz ()	B_extx (T)	B_exty (T)	B_extz (T)	mx ()	my ()	mz ()	E_total (J)	branch ()
0	0.16802935	0.98570275	9.781772e-05	0	0.06283186	0	0.16802935	0.98570275	9.781772e-05	4.545897e-21	-1
0	0.23762068	0.97126716	-0.0005055561	0	0.050265484	0	0.23762068	0.97126716	-0.0005055561	9.460976e-21	-1
0	0.33175394	0.9432541	-0.0012132672	0	0.03769911	0	0.33175394	0.9432541	-0.0012132672	1.4271573e-20	-1
0	0.4383703	0.8986526	-0.0018298026	0	0.025132742	0	0.4383703	0.8986526	-0.0018298026	1.8900639e-20	-1
0	0.49366003	0.86949575	-0.0020619975	0	0.018849555	0	0.49366003	0.86949575	-0.0020619975	2.1120042e-20	-1
0	0.5500889	0.83492815	-0.0022330675	0	0.012566371	0	0.5500889	0.83492815	-0.0022330675	2.3259716e-20	-1
0	0.57892346	0.81519413	-0.0022941509	0	0.009424778	0	0.57892346	0.81519413	-0.0022941509	2.4295046e-20	-1
0	0.6083686	0.79345685	-0.002338003	0	0.0062831854	0	0.6083686	0.79345685	-0.002338003	2.5304394e-20	-1
0	0.6325227	0.77433574	-0.002360074	0	0.0037699111	0	0.6325227	0.77433574	-0.002360074	2.6091336e-20	-1
0	0.6448206	0.7641237	-0.0023665447	0	0.002513274	0	0.6448206	0.7641237	-0.0023665447	2.6477397e-20	-1
0	0.6510714	0.75880396	-0.002368609	0	0.0018849556	0	0.6510714	0.75880396	-0.002368609	2.6668466e-20	-1
0	0.6573378	0.75338155	-0.002369863	0	0.001256637	0	0.6573378	0.75338155	-0.002369863	2.6858191e-20	-1
0	0.6573378	0.75338155	-0.002369863	0	0.0010053096	0	0.6573378	0.75338155	-0.002369863	2.6933807e-20	-1
0	0.6636961	0.74778557	-0.0023702977	0	0.0006283185	0	0.6636961	0.74778557	-0.0023702977	2.7046536e-20	-1
0	0.6636961	0.74778557	-0.0023702977	0	0.0002513274	0	0.6636961	0.74778557	-0.0023702977	2.7159118e-20	-1
0	0.6636961	0.74778557	-0.0023702977	0	0.0001256637	0	0.6636961	0.74778557	-0.0023702977	2.7196645e-20	-1
0	0.6636961	0.74778557	-0.0023702977	0	6.283185e-05	0	0.6636961	0.74778557	-0.0023702977	2.7215412e-20	-1
0	0.6698253	0.7422999	-0.0023699324	0	2.5132742e-05	0	0.6698253	0.7422999	-0.0023699324	2.722601e-20	-1
0	0.6698253	0.7422999	-0.0023699324	0	1.2566371e-05	0	0.6698253	0.7422999	-0.0023699324	2.7229732e-20	-1
0	0.6698253	0.7422999	-0.0023699324	0	6.2831855e-06	0	0.6698253	0.7422999	-0.0023699324	2.7231597e-20	-1
0	0.6698253	0.7422999	-0.0023699324	0	2.513274e-06	0	0.6698253	0.7422999	-0.0023699324	2.7232715e-20	-1
0	0.6698253	0.7422999	-0.0023699324	0	1.256637e-06	0	0.6698253	0.7422999	-0.0023699324	2.7233086e-20	-1
0	0.6698253	0.7422999	-0.0023699324	0	6.283185e-07	0	0.6698253	0.7422999	-0.0023699324	2.7233274e-20	-1
0	0.6698253	0.7422999	-0.0023699324	0	2.513274e-07	0	0.6698253	0.7422999	-0.0023699324	2.7233384e-20	-1
0	0.6698253	0.7422999	-0.0023699324	0	1.256637e-07	0	0.6698253	0.7422999	-0.0023699324	2.7233422e-20	-1
0	0.6698253	0.7422999	-0.0023699324	0	0	0	0.6698253	0.7422999	-0.0023699324	2.7233458e-20	-1
0	0.6698253	0.7422999	-0.0023699324	0	-1.256637e-07	0	0.6698253	0.7422999	-0.0023699324	2.7233497e-20	-1
0	0.6698253	0.7422999	-0.0023699324	0	-2.513274e-07	0	0.6698253	0.7422999	-0.0023699324	2.7233532e-20	-1
0	0.6698253	0.7422999	-0.0023699324	0	-6.283185e-07	0	0.6698253	0.7422999	-0.0023699324	2.7233645e-20	-1
0	0.6698253	0.7422999	-0.0023699324	0	-1.256637e-06	0	0.6698253	0.7422999	-0.0023699324	2.7233833e-20	-1
0	0.6698253	0.7422999	-0.0023699324	0	-2.513274e-06	0	0.6698253	0.7422999	-0.0023699324	2.7234204e-20	-1
0	0.6698253	0.7422999	-0.0023699324	0	-6.2831855e-06	0	0.6698253	0.7422999	-0.0023699324	2.7235322e-20	-1
0	0.6698253	0.7422999	-0.0023699324	0	-1.2566371e-05	0	0.6698253	0.7422999	-0.0023699324	2.7237183e-20	-1
0	0.6698253	0.7422999	-0.0023699324	0	-2.5132742e-05	0	0.6698253	0.7422999	-0.0023699324	2.724091e-20	-1
0	0.6698253	0.7422999	-0.0023699324	0	-6.283185e-05	0	0.6698253	0.7422999	-0.0023699324	2.7252086e-20	-1
0	0.6698253	0.7422999	-0.0023699324	0	-0.0001256637	0	0.6698253	0.7422999	-0.0023699324	2.727071e-20	-1
0	0.6698253	0.7422999	-0.0023699324	0	-0.0002513274	0	0.6698253	0.7422999	-0.0023699324	2.7307962e-20	-1
0	0.6765541	0.73617184	-0.0023686443	0	-0.0006283185	0	0.6765541	0.73617184	-0.0023686443	2.7418924e-20	-1
0	0.6765541	0.73617184	-0.0023686443	0	-0.0010053096	0	0.6765541	0.73617184	-0.0023686443	2.7529757e-20	-1
0	0.6830919	0.7301091	-0.002366516	0	-0.001256637	0	0.6830919	0.7301091	-0.002366516	2.760289e-20	-1
0	0.6897172	0.72385323	-0.0023634853	0	-0.0018849556	0	0.6897172	0.72385323	-0.0023634853	2.778531e-20	-1
0	0.69642663	0.7174002	-0.0023595318	0	-0.002513274	0	0.69642663	0.7174002	-0.0023595318	2.7966133e-20	-1
0	0.7101295	0.7038386	-0.0023487452	0	-0.0037699111	0	0.7101295	0.7038386	-0.0023487452	2.8322797e-20	-1
0	0.73900115	0.6734619	-0.0023146109	0	-0.0062831854	0	0.73900115	0.6734619	-0.0023146109	2.90144e-20	-1
0	0.77933943	0.62634635	-0.0022436893	0	-0.009424778	0	0.77933943	0.62634635	-0.0022436893	2.9831157e-20	-1
0	0.8302419	0.55713063	-0.0021257282	0	-0.012566371	0	0.8302419	0.55713063	-0.0021257282	3.0577313e-20	-1
0	0.4140839	-0.91008234	-0.0061374563	0	-0.018849555	0	0.4140839	-0.91008234	-0.0061374563	2.2482926e-20	-1
0	-0.43837503	-0.8986503	0.001829824	0	-0.025132742	0	-0.43837503	-0.8986503	0.001829824	1.8900638e-20	-1
0	-0.33175483	-0.94325376	0.0012132742	0	-0.03769911	0	-0.33175483	-0.94325376	0.0012132742	1.4271575e-20	-1
0	-0.23764336	-0.9712616	0.00050574564	0	-0.050265484	0	-0.23764336	-0.9712616	0.00050574564	9.460972e-21	-1
0	-0.16804384	-0.98570037	-9.768279e-05	0	-0.06283186	0	-0.16804384	-0.98570037	-9.768279e-05	4.5458995e-21	-1
0	-0.16804029	-0.98570096	-9.771565e-05	0	-0.06283186	0	-0.16804029	-0.98570096	-9.771565e-05	4.545897e-21	1
0	-0.23762134	-0.97126704	0.0005055615	0	-0.050265484	0	-0.23762134	-0.97126704	0.0005055615	9.4609736e-21	1
0	-0.3317548	-0.94325376	0.0012132734	0	-0.03769911	0	-0.3317548	-0.94325376	0.0012132734	1.4271575e-20	1
0	-0.43838578	-0.89864504	0.0018298752	0	-0.025132742	0	-0.43838578	-0.89864504	0.0018298752	1.8900639e-20	1
0	-0.49364623	-0.8695035	0.002061948	0	-0.018849555	0	-0.49364623	-0.8695035	0.002061948	2.112004e-20	1
0	-0.55009776	-0.8349223	0.0022330857	0	-0.012566371	0	-0.55009776	-0.8349223	0.0022330857	2.3259716e-20	1
0	-0.5789139	-0.8152009	0.002294127	0	-0.009424778	0	-0.5789139	-0.8152009	0.002294127	2.4295047e-20	1
0	-0.60836536	-0.7934593	0.002338	0	-0.0062831854	0	-0.60836536	-0.7934593	0.002338	2.5304397e-20	1
0	-0.63250583	-0.7743496	0.0023600643	0	-0.0037699111	0	-0.63250583	-0.7743496	0.0023600643	2.6091335e-20	1
0	-0.6448376	-0.76410925	0.0023665493	0	-0.002513274	0	-0.6448376	-0.76410925	0.0023665493	2.6477394e-20	1
0	-0.65106726	-0.75880754	0.0023686085	0	-0.0018849556	0	-0.65106726	-0.75880754	0.0023686085	2.6668465e-20	1
0	-0.65733886	-0.75338054	0.0023698728	0	-0.001256637	0	-0.65733886	-0.75338054	0.0023698728	2.6858191e-20	1
0	-0.65733886	-0.75338054	0.0023698728	0	-0.0010053096	0	-0.65733886	-0.75338054	0.0023698728	2.6933807e-20	1
0	-0.6637011	-0.74778116	0.0023702974	0	-0.0006283185	0	-0.6637011	-0.74778116	0.0023702974	2.7046535e-20	1
0	-0.6637011	-0.74778116	0.0023702974	0	-0.0002513274	0	-0.6637011	-0.74778116	0.0023702974	2.7159118e-20	1
0	-0.6637011	-0.74778116	0.0023702974	0	-0.0001256637	0	-0.6637011	-0.74778116	0.0023702974	2.7196645e-20	1
0	-0.6637011	-0.74778116	0.0023702974	0	-6.283185e-05	0	-0.6637011	-0.74778116	0.0023702974	2.721541e-20	1
0	-0.6698276	-0.7422978	0.002369932	0	-2.5132742e-05	0	-0.6698276	-0.7422978	0.002369932	2.7226007e-20	1
0	-0.6698276	-0.7422978	0.002369932	0	-1.2566371e-05	0	-0.6698276	-0.7422978	0.002369932	2.7229732e-20	1
0	-0.6698276	-0.7422978	0.002369932	0	-6.2831855e-06	0	-0.6698276	-0.7422978	0.002369932	2.7231597e-20	1
0	-0.6698276	-0.7422978	0.002369932	0	-2.513274e-06	0	-0.6698276	-0.7422978	0.002369932	2.723271e-20	1
0	-0.6698276	-0.7422978	0.002369932	0	-1.256637e-06	0	-0.6698276	-0.7422978	0.002369932	2.7233086e-20	1
0	-0.6698276	-0.7422978	0.002369932	0	-6.283185e-07	0	-0.6698276	-0.7422978	0.002369932	2.723327e-20	1
0	-0.6698276	-0.7422978	0.002369932	0	-2.513274e-07	0	-0.6698276	-0.7422978	0.002369932	2.7233384e-20	1
0	-0.6698276	-0.7422978	0.002369932	0	-1.256637e-07	0	-0.6698276	-0.7422978	0.002369932	2.723342e-20	1
0	-0.6698276	-0.7422978	0.002369932	0	0	0	-0.6698276	-0.7422978	0.002369932	2.7233458e-20	1
0	-0.6698276	-0.7422978	0.002369932	0	1.256637e-07	0	-0.6698276	-0.7422978	0.002369932	2.7233493e-20	1
0	-0.6698276	-0.7422978	0.002369932	0	2.513274e-07	0	-0.6698276	-0.7422978	0.002369932	2.7233532e-20	1
0	-0.6698276	-0.7422978	0.002369932	0	6.283185e-07	0	-0.6698276	-0.7422978	0.002369932	2.7233645e-20	1
0	-0.6698276	-0.7422978	0.002369932	0	1.256637e-06	0	-0.6698276	-0.7422978	0.002369932	2.723383e-20	1
0	-0.6698276	-0.7422978	0.002369932	0	2.513274e-06	0	-0.6698276	-0.7422978	0.002369932	2.7234204e-20	1
0	-0.6698276	-0.7422978	0.002369932	0	6.2831855e-06	0	-0.6698276	-0.7422978	0.002369932	2.723532e-20	1
0	-0.6698276	-0.7422978	0.002369932	0	1.2566371e-05	0	-0.6698276	-0.7422978	0.002369932	2.7237183e-20	1
0	-0.6698276	-0.7422978	0.002369932	0	2.5132742e-05	0	-0.6698276	-0.7422978	0.002369932	2.724091e-20	1
0	-0.6698276	-0.7422978	0.002369932	0	6.283185e-05	0	-0.6698276	-0.7422978	0.002369932	2.7252082e-20	1
0	-0.6698276	-0.7422978	0.002369932	0	0.0001256637	0	-0.6698276	-0.7422978	0.002369932	2.727071e-20	1
0	-0.6698276	-0.7422978	0.002369932	0	0.0002513274	0	-0.6698276	-0.7422978	0.002369932	2.7307962e-20	1
0	-0.6765648	-0.73616195	0.0023686402	0	0.0006283185	0	-0.6765648	-0.73616195	0.0023686402	2.7418924e-20	1
0	-0.6765648	-0.73616195	0.0023686402	0	0.0010053096	0	-0.6765648	-0.73616195	0.0023686402	2.7529757e-20	1
0	-0.6830977	-0.7301036	0.002366513	0	0.001256637	0	-0.6830977	-0.7301036	0.002366513	2.760289e-20	1
0	-0.6897149	-0.7238554	0.0023634867	0	0.0018849556	0	-0.6897149	-0.7238554	0.0023634867	2.778531e-20	1
0	-0.69642705	-0.7173997	0.0023595286	0	0.002513274	0	-0.69642705	-0.7173997	0.0023595286	2.7966136e-20	1
0	-0.71013033	-0.70383763	0.0023487443	0	0.0037699111	0	-0.71013033	-0.70383763	0.0023487443	2.8322797e-20	1
0	-0.73899925	-0.67346406	0.0023146137	0	0.0062831854	0	-0.73899925	-0.67346406	0.0023146137	2.90144e-20	1
0	-0.77933574	-0.6263511	0.0022436976	0	0.009424778	0	-0.77933574	-0.6263511	0.0022436976	2.983116e-20	1
0	-0.8302475	-0.5571224	0.002125714	0	0.012566371	0	-0.8302475	-0.5571224	0.002125714	3.0577313e-20	1
0	-0.41408497	0.91008186	0.006137465	0	0.018849555	0	-0.41408497	0.91008186	0.006137465	2.2482923e-20	1
0	0.43836683	0.89865434	-0.0018297846	0	0.025132742	0	0.43836683	0.89865434	-0.0018297846	1.890064e-20	1
0	0.3317535	0.94325423	-0.0012132649	0	0.03769911	0	0.3317535	0.94325423	-0.0012132649	1.4271575e-20	1
0	0.23763976	0.9712625	-0.00050571526	0	0.050265484	0	0.23763976	0.9712625	-0.00050571526	9.460971e-21	1
0	0.16804893	0.98569953	9.7635784e-05	0	0.06283186	0	0.16804893	0.98569953	9.7635784e-05	4.5458995e-21	1
