# t (s)	mx ()	my ()	mz ()	B_extx (T)	B_exty (T)	B_extz (T)	mx ()	my ()	mz ()	E_total (J)	branch ()
0	-0.034153715	0.99935114	-0.0004632342	0	0.06283186	0	-0.034153715	0.99935114	-0.0004632342	4.603908e-21	-1
0	-0.040470205	0.9991144	-0.0004662241	0	0.050265484	0	-0.040470205	0.9991144	-0.0004662241	9.618611e-21	-1
0	-0.04959061	0.99870217	-0.0004687997	0	0.03769911	0	-0.04959061	0.99870217	-0.0004687997	1.4631744e-20	-1
0	-0.063868225	0.9978894	-0.0004704384	0	0.025132742	0	-0.063868225	0.9978894	-0.0004704384	1.9641945e-20	-1
0	-0.074476466	0.9971528	-0.00047051779	0	0.018849555	0	-0.074476466	0.9971528	-0.00047051779	2.214505e-20	-1
0	-0.0891399	0.99594784	-0.00046958344	0	0.012566371	0	-0.0891399	0.99594784	-0.00046958344	2.4645775e-20	-1
0	-0.098771736	0.9950379	-0.00046847906	0	0.009424778	0	-0.098771736	0.9950379	-0.00046847906	2.5894781e-20	-1
0	-0.11062227	0.9937891	-0.00046669107	0	0.0062831854	0	-0.11062227	0.9937891	-0.00046669107	2.714244e-20	-1
0	-0.122287616	0.99241996	-0.00046454067	0	0.0037699111	0	-0.122287616	0.99241996	-0.00046454067	2.813925e-20	-1
0	-0.12907103	0.99155986	-0.00046312943	0	0.002513274	0	-0.12907103	0.99155986	-0.00046312943	2.8637087e-20	-1
0	-0.13274154	0.9910747	-0.00046232043	0	0.0018849556	0	-0.13274154	0.9910747	-0.00046232043	2.8885832e-20	-1
0	-0.1366306	0.99054563	-0.0004614296	0	0.001256637	0	-0.1366306	0.99054563	-0.0004614296	2.913445e-20	-1
0	-0.1366306	0.99054563	-0.0004614296	0	0.0010053096	0	-0.1366306	0.99054563	-0.0004614296	2.923387e-20	-1
0	-0.14071324	0.9899734	-0.00046046125	0	0.0006283185	0	-0.14071324	0.9899734	-0.00046046125	2.9382935e-20	-1
0	-0.14332749	0.98959804	-0.00045982038	0	0.0002513274	0	-0.14332749	0.98959804	-0.00045982038	2.9531947e-20	-1
0	-0.14332749	0.98959804	-0.00045982038	0	0.0001256637	0	-0.14332749	0.98959804	-0.00045982038	2.958161e-20	-1
0	-0.14332749	0.98959804	-0.00045982038	0	6.283185e-05	0	-0.14332749	0.98959804	-0.00045982038	2.9606442e-20	-1
0	-0.14332749	0.98959804	-0.00045982038	0	2.5132742e-05	0	-0.14332749	0.98959804	-0.00045982038	2.962134e-20	-1
0	-0.14332749	0.98959804	-0.00045982038	0	1.2566371e-05	0	-0.14332749	0.98959804	-0.00045982038	2.9626307e-20	-1
0	-0.14332749	0.98959804	-0.00045982038	0	6.2831855e-06	0	-0.14332749	0.98959804	-0.00045982038	2.9628792e-20	-1
0	-0.14332749	0.98959804	-0.00045982038	0	2.513274e-06	0	-0.14332749	0.98959804	-0.00045982038	2.9630282e-20	-1
0	-0.14332749	0.98959804	-0.00045982038	0	1.256637e-06	0	-0.14332749	0.98959804	-0.00045982038	2.963078e-20	-1
0	-0.14332749	0.98959804	-0.00045982038	0	6.283185e-07	0	-0.14332749	0.98959804	-0.00045982038	2.9631028e-20	-1
0	-0.14332749	0.98959804	-0.00045982038	0	2.513274e-07	0	-0.14332749	0.98959804	-0.00045982038	2.9631177e-20	-1
0	-0.14332749	0.98959804	-0.00045982038	0	1.256637e-07	0	-0.14332749	0.98959804	-0.00045982038	2.9631225e-20	-1
0	-0.14332749	0.98959804	-0.00045982038	0	0	0	-0.14332749	0.98959804	-0.00045982038	2.9631274e-20	-1
0	-0.14332749	0.98959804	-0.00045982038	0	-1.256637e-07	0	-0.14332749	0.98959804	-0.00045982038	2.9631325e-20	-1
0	-0.14332749	0.98959804	-0.00045982038	0	-2.513274e-07	0	-0.14332749	0.98959804	-0.00045982038	2.9631374e-20	-1
0	-0.14332749	0.98959804	-0.00045982038	0	-6.283185e-07	0	-0.14332749	0.98959804	-0.00045982038	2.9631522e-20	-1
0	-0.14332749	0.98959804	-0.00045982038	0	-1.256637e-06	0	-0.14332749	0.98959804	-0.00045982038	2.963177e-20	-1
0	-0.14332749	0.98959804	-0.00045982038	0	-2.513274e-06	0	-0.14332749	0.98959804	-0.00045982038	2.963227e-20	-1
0	-0.14332749	0.98959804	-0.00045982038	0	-6.2831855e-06	0	-0.14332749	0.98959804	-0.00045982038	2.9633758e-20	-1
0	-0.14332749	0.98959804	-0.00045982038	0	-1.2566371e-05	0	-0.14332749	0.98959804	-0.00045982038	2.963624e-20	-1
0	-0.14332749	0.98959804	-0.00045982038	0	-2.5132742e-05	0	-0.14332749	0.98959804	-0.00045982038	2.9641206e-20	-1
0	-0.14555424	0.9892727	-0.00045926092	0	-6.283185e-05	0	-0.14555424	0.9892727	-0.00045926092	2.965609e-20	-1
0	-0.14555424	0.9892727	-0.00045926092	0	-0.0001256637	0	-0.14555424	0.9892727	-0.00045926092	2.968091e-20	-1
0	-0.14692819	0.9890694	-0.00045891508	0	-0.0002513274	0	-0.14692819	0.9890694	-0.00045891508	2.9730548e-20	-1
0	-0.14974487	0.9886465	-0.00045818888	0	-0.0006283185	0	-0.14974487	0.9886465	-0.00045818888	2.9879428e-20	-1
0	-0.15268159	0.98819685	-0.00045741478	0	-0.0010053096	0	-0.15268159	0.98819685	-0.00045741478	3.0028236e-20	-1
0	-0.15471762	0.98788	-0.0004568675	0	-0.001256637	0	-0.15471762	0.98788	-0.0004568675	3.0127407e-20	-1
0	-0.16000254	0.98703706	-0.00045541144	0	-0.0018849556	0	-0.16000254	0.98703706	-0.00045541144	3.037519e-20	-1
0	-0.16570514	0.986095	-0.00045378023	0	-0.002513274	0	-0.16570514	0.986095	-0.00045378023	3.0622746e-20	-1
0	-0.178458	0.98386526	-0.0004499195	0	-0.0037699111	0	-0.178458	0.98386526	-0.0004499195	3.1117074e-20	-1
0	-0.21199161	0.9771837	-0.0004384613	0	-0.0062831854	0	-0.21199161	0.9771837	-0.0004384613	3.2101548e-20	-1
0	-0.29577082	0.9551537	-0.00040282597	0	-0.009424778	0	-0.29577082	0.9551537	-0.00040282597	3.3317084e-20	-1
0	-0.89388	-0.44801706	-9.624643e-05	0	-0.012566371	0	-0.89388	-0.44801706	-9.624643e-05	2.5919428e-20	-1
0	0.074480355	-0.99715257	0.00047052046	0	-0.018849555	0	0.074480355	-0.99715257	0.00047052046	2.214505e-20	-1
0	0.0638748	-0.997889	0.00047043533	0	-0.025132742	0	0.0638748	-0.997889	0.00047043533	1.9641945e-20	-1
0	0.049595647	-0.99870193	0.00046880095	0	-0.03769911	0	0.049595647	-0.99870193	0.00046880095	1.4631741e-20	-1
0	0.040475175	-0.99911416	0.0004662117	0	-0.050265484	0	0.040475175	-0.99911416	0.0004662117	9.618616e-21	-1
0	0.03415507	-0.99935114	0.00046323356	0	-0.06283186	0	0.03415507	-0.99935114	0.00046323356	4.603905e-21	-1
0	0.03415507	-0.99935114	0.00046323356	0	-0.06283186	0	0.03415507	-0.99935114	0.00046323356	4.603905e-21	1
0	0.040466614	-0.9991145	0.0004662238	0	-0.050265484	0	0.040466614	-0.9991145	0.0004662238	9.618612e-21	1
0	0.049592085	-0.99870205	0.0004688023	0	-0.03769911	0	0.049592085	-0.99870205	0.0004688023	1.463174e-20	1
0	0.06386811	-0.9978894	0.00047044182	0	-0.025132742	0	0.06386811	-0.9978894	0.00047044182	1.9641945e-20	1
0	0.07447755	-0.9971528	0.00047051767	0	-0.018849555	0	0.07447755	-0.9971528	0.00047051767	2.214505e-20	1
0	0.08914167	-0.9959477	0.00046954505	0	-0.012566371	0	0.08914167	-0.9959477	0.00046954505	2.464578e-20	1
0	0.09877285	-0.9950378	0.00046848127	0	-0.009424778	0	0.09877285	-0.9950378	0.00046848127	2.589478e-20	1
0	0.11063568	-0.9937875	0.00046668804	0	-0.0062831854	0	0.11063568	-0.9937875	0.00046668804	2.714244e-20	1
0	0.12229459	-0.9924191	0.0004645343	0	-0.0037699111	0	0.12229459	-0.9924191	0.0004645343	2.813925e-20	1
0	0.1290777	-0.9915589	0.00046312634	0	-0.002513274	0	0.1290777	-0.9915589	0.00046312634	2.8637083e-20	1
0	0.13274255	-0.99107456	0.0004623194	0	-0.0018849556	0	0.13274255	-0.99107456	0.0004623194	2.8885835e-20	1
0	0.13662879	-0.99054587	0.00046143107	0	-0.001256637	0	0.13662879	-0.99054587	0.00046143107	2.913445e-20	1
0	0.13662879	-0.99054587	0.00046143107	0	-0.0010053096	0	0.13662879	-0.99054587	0.00046143107	2.9233875e-20	1
0	0.14073716	-0.98996997	0.00046045246	0	-0.0006283185	0	0.14073716	-0.98996997	0.00046045246	2.9382935e-20	1
0	0.14332293	-0.9895987	0.00045981503	0	-0.0002513274	0	0.14332293	-0.9895987	0.00045981503	2.953195e-20	1
0	0.14332293	-0.9895987	0.00045981503	0	-0.0001256637	0	0.14332293	-0.9895987	0.00045981503	2.958161e-20	1
0	0.14332293	-0.9895987	0.00045981503	0	-6.283185e-05	0	0.14332293	-0.9895987	0.00045981503	2.9606442e-20	1
0	0.14332293	-0.9895987	0.00045981503	0	-2.5132742e-05	0	0.14332293	-0.9895987	0.00045981503	2.962134e-20	1
0	0.14332293	-0.9895987	0.00045981503	0	-1.2566371e-05	0	0.14332293	-0.9895987	0.00045981503	2.9626307e-20	1
0	0.14506064	-0.98934525	0.00045938828	0	-6.2831855e-06	0	0.14506064	-0.98934525	0.00045938828	2.962878e-20	1
0	0.14506064	-0.98934525	0.00045938828	0	-2.513274e-06	0	0.14506064	-0.98934525	0.00045938828	2.963027e-20	1
0	0.14506064	-0.98934525	0.00045938828	0	-1.256637e-06	0	0.14506064	-0.98934525	0.00045938828	2.9630766e-20	1
0	0.14506064	-0.98934525	0.00045938828	0	-6.283185e-07	0	0.14506064	-0.98934525	0.00045938828	2.9631015e-20	1
0	0.14506064	-0.98934525	0.00045938828	0	-2.513274e-07	0	0.14506064	-0.98934525	0.00045938828	2.9631164e-20	1
0	0.14506064	-0.98934525	0.00045938828	0	-1.256637e-07	0	0.14506064	-0.98934525	0.00045938828	2.9631212e-20	1
0	0.14506064	-0.98934525	0.00045938828	0	0	0	0.14506064	-0.98934525	0.00045938828	2.963126e-20	1
0	0.14506064	-0.98934525	0.00045938828	0	1.256637e-07	0	0.14506064	-0.98934525	0.00045938828	2.9631312e-20	1
0	0.14506064	-0.98934525	0.00045938828	0	2.513274e-07	0	0.14506064	-0.98934525	0.00045938828	2.963136e-20	1
0	0.14506064	-0.98934525	0.00045938828	0	6.283185e-07	0	0.14506064	-0.98934525	0.00045938828	2.963151e-20	1
0	0.14506064	-0.98934525	0.00045938828	0	1.256637e-06	0	0.14506064	-0.98934525	0.00045938828	2.9631758e-20	1
0	0.14506064	-0.98934525	0.00045938828	0	2.513274e-06	0	0.14506064	-0.98934525	0.00045938828	2.9632256e-20	1
0	0.14506064	-0.98934525	0.00045938828	0	6.2831855e-06	0	0.14506064	-0.98934525	0.00045938828	2.9633745e-20	1
0	0.14506064	-0.98934525	0.00045938828	0	1.2566371e-05	0	0.14506064	-0.98934525	0.00045938828	2.9636227e-20	1
0	0.14506064	-0.98934525	0.00045938828	0	2.5132742e-05	0	0.14506064	-0.98934525	0.00045938828	2.9641193e-20	1
0	0.14506064	-0.98934525	0.00045938828	0	6.283185e-05	0	0.14506064	-0.98934525	0.00045938828	2.9656086e-20	1
0	0.14506064	-0.98934525	0.00045938828	0	0.0001256637	0	0.14506064	-0.98934525	0.00045938828	2.968091e-20	1
0	0.14506064	-0.98934525	0.00045938828	0	0.0002513274	0	0.14506064	-0.98934525	0.00045938828	2.973056e-20	1
0	0.1497789	-0.9886414	0.0004581721	0	0.0006283185	0	0.1497789	-0.9886414	0.0004581721	2.9879425e-20	1
0	0.15268463	-0.9881965	0.00045741373	0	0.0010053096	0	0.15268463	-0.9881965	0.00045741373	3.002824e-20	1
0	0.15471014	-0.98788106	0.00045686978	0	0.001256637	0	0.15471014	-0.98788106	0.00045686978	3.0127407e-20	1
0	0.1600348	-0.9870318	0.00045540105	0	0.0018849556	0	0.1600348	-0.9870318	0.00045540105	3.037519e-20	1
0	0.16573624	-0.9860898	0.0004537704	0	0.002513274	0	0.16573624	-0.9860898	0.0004537704	3.0622746e-20	1
0	0.17846957	-0.98386323	0.00044991408	0	0.0037699111	0	0.17846957	-0.98386323	0.00044991408	3.111708e-20	1
0	0.21204525	-0.977172	0.00043844653	0	0.0062831854	0	0.21204525	-0.977172	0.00043844653	3.2101548e-20	1
0	-0.9933128	0.11481924	-0.00014364204	0	0.009424778	0	-0.9933128	0.11481924	-0.00014364204	2.7400145e-20	1
0	-0.9590678	0.28283057	-0.000119948774	0	0.012566371	0	-0.9590678	0.28283057	-0.000119948774	2.7169936e-20	1
0	-0.07449558	0.99715143	-0.00047051423	0	0.018849555	0	-0.07449558	0.99715143	-0.00047051423	2.2145052e-20	1
0	-0.063872844	0.99788916	-0.00047044194	0	0.025132742	0	-0.063872844	0.99788916	-0.00047044194	1.9641946e-20	1
0	-0.049595058	0.99870193	-0.00046879923	0	0.03769911	0	-0.049595058	0.99870193	-0.00046879923	1.4631744e-20	1
0	-0.04047105	0.9991143	-0.0004662276	0	0.050265484	0	-0.04047105	0.9991143	-0.0004662276	9.618609e-21	1
0	-0.03415817	0.999351	-0.0004632333	0	0.06283186	0	-0.03415817	0.999351	-0.0004632333	4.6039088e-21	1
