# t (s)	mx ()	my ()	mz ()	B_extx (T)	B_exty (T)	B_extz (T)	mx ()	my ()	mz ()	E_total (J)	branch ()
0	-0.055013433	0.9984088	0.00463591	0	0.06283186	0	-0.055013433	0.9984088	0.00463591	4.321139e-21	-1
0	-0.06495206	0.9978099	0.0047375904	0	0.050265484	0	-0.06495206	0.9978099	0.0047375904	9.330279e-21	-1
0	-0.07911003	0.99678516	0.0048664957	0	0.03769911	0	-0.07911003	0.99678516	0.0048664957	1.4335471e-20	-1
0	-0.10074502	0.9948283	0.0050407997	0	0.025132742	0	-0.10074502	0.9948283	0.0050407997	1.9333507e-20	-1
0	-0.11638577	0.9931178	0.00515513	0	0.018849555	0	-0.11638577	0.9931178	0.00515513	2.182779e-20	-1
0	-0.13742813	0.990422	0.005297065	0	0.012566371	0	-0.13742813	0.990422	0.005297065	2.4316659e-20	-1
0	-0.15088412	0.98845947	0.00538158	0	0.009424778	0	-0.15088412	0.98845947	0.00538158	2.5558096e-20	-1
0	-0.16708203	0.9858481	0.005477297	0	0.0062831854	0	-0.16708203	0.9858481	0.005477297	2.6796679e-20	-1
0	-0.18274719	0.98306215	0.005563733	0	0.0037699111	0	-0.18274719	0.98306215	0.005563733	2.778484e-20	-1
0	-0.1916689	0.9813601	0.00561032	0	0.002513274	0	-0.1916689	0.9813601	0.00561032	2.827777e-20	-1
0	-0.19648227	0.9804069	0.0056346236	0	0.0018849556	0	-0.19648227	0.9804069	0.0056346236	2.8523902e-20	-1
0	-0.20153607	0.97937965	0.005659574	0	0.001256637	0	-0.20153607	0.97937965	0.005659574	2.8769784e-20	-1
0	-0.20153607	0.97937965	0.005659574	0	0.0010053096	0	-0.20153607	0.97937965	0.005659574	2.8868083e-20	-1
0	-0.20688601	0.9782624	0.0056852764	0	0.0006283185	0	-0.20688601	0.9782624	0.0056852764	2.9015392e-20	-1
0	-0.21020076	0.9775549	0.005700861	0	0.0002513274	0	-0.21020076	0.9775549	0.005700861	2.9162624e-20	-1
0	-0.21020076	0.9775549	0.005700861	0	0.0001256637	0	-0.21020076	0.9775549	0.005700861	2.9211683e-20	-1
0	-0.21020076	0.9775549	0.005700861	0	6.283185e-05	0	-0.21020076	0.9775549	0.005700861	2.923621e-20	-1
0	-0.21020076	0.9775549	0.005700861	0	2.5132742e-05	0	-0.21020076	0.9775549	0.005700861	2.925093e-20	-1
0	-0.21020076	0.9775549	0.005700861	0	1.2566371e-05	0	-0.21020076	0.9775549	0.005700861	2.9255837e-20	-1
0	-0.21020076	0.9775549	0.005700861	0	6.2831855e-06	0	-0.21020076	0.9775549	0.005700861	2.925829e-20	-1
0	-0.21020076	0.9775549	0.005700861	0	2.513274e-06	0	-0.21020076	0.9775549	0.005700861	2.925976e-20	-1
0	-0.21020076	0.9775549	0.005700861	0	1.256637e-06	0	-0.21020076	0.9775549	0.005700861	2.926025e-20	-1
0	-0.21020076	0.9775549	0.005700861	0	6.283185e-07	0	-0.21020076	0.9775549	0.005700861	2.9260496e-20	-1
0	-0.21020076	0.9775549	0.005700861	0	2.513274e-07	0	-0.21020076	0.9775549	0.005700861	2.9260642e-20	-1
0	-0.21020076	0.9775549	0.005700861	0	1.256637e-07	0	-0.21020076	0.9775549	0.005700861	2.9260693e-20	-1
0	-0.21020076	0.9775549	0.005700861	0	0	0	-0.21020076	0.9775549	0.005700861	2.9260742e-20	-1
0	-0.21020076	0.9775549	0.005700861	0	-1.256637e-07	0	-0.21020076	0.9775549	0.005700861	2.926079e-20	-1
0	-0.21020076	0.9775549	0.005700861	0	-2.513274e-07	0	-0.21020076	0.9775549	0.005700861	2.926084e-20	-1
0	-0.21020076	0.9775549	0.005700861	0	-6.283185e-07	0	-0.21020076	0.9775549	0.005700861	2.9260987e-20	-1
0	-0.21020076	0.9775549	0.005700861	0	-1.256637e-06	0	-0.21020076	0.9775549	0.005700861	2.9261233e-20	-1
0	-0.21020076	0.9775549	0.005700861	0	-2.513274e-06	0	-0.21020076	0.9775549	0.005700861	2.926172e-20	-1
0	-0.21020076	0.9775549	0.005700861	0	-6.2831855e-06	0	-0.21020076	0.9775549	0.005700861	2.9263194e-20	-1
0	-0.21020076	0.9775549	0.005700861	0	-1.2566371e-05	0	-0.21020076	0.9775549	0.005700861	2.9265647e-20	-1
0	-0.21020076	0.9775549	0.005700861	0	-2.5132742e-05	0	-0.21020076	0.9775549	0.005700861	2.9270552e-20	-1
0	-0.21020076	0.9775549	0.005700861	0	-6.283185e-05	0	-0.21020076	0.9775549	0.005700861	2.928527e-20	-1
0	-0.21365511	0.9768051	0.0057168016	0	-0.0001256637	0	-0.21365511	0.9768051	0.0057168016	2.930974e-20	-1
0	-0.21365511	0.9768051	0.0057168016	0	-0.0002513274	0	-0.21365511	0.9768051	0.0057168016	2.935876e-20	-1
0	-0.21844319	0.97574466	0.0057384083	0	-0.0006283185	0	-0.21844319	0.97574466	0.0057384083	2.950572e-20	-1
0	-0.22220442	0.9748943	0.0057549765	0	-0.0010053096	0	-0.22220442	0.9748943	0.0057549765	2.965256e-20	-1
0	-0.22220442	0.9748943	0.0057549765	0	-0.001256637	0	-0.22220442	0.9748943	0.0057549765	2.9750413e-20	-1
0	-0.231498	0.97272754	0.0057943845	0	-0.0018849556	0	-0.231498	0.97272754	0.0057943845	2.9994664e-20	-1
0	-0.23869339	0.9709855	0.0058233803	0	-0.002513274	0	-0.23869339	0.9709855	0.0058233803	3.0238528e-20	-1
0	-0.2547777	0.9668864	0.005883308	0	-0.0037699111	0	-0.2547777	0.9668864	0.005883308	3.072483e-20	-1
0	-0.29705048	0.95473814	0.006007303	0	-0.0062831854	0	-0.29705048	0.95473814	0.006007303	3.1689777e-20	-1
0	0.99047065	-0.13713512	0.0031866292	0	-0.009424778	0	0.99047065	-0.13713512	0.0031866292	2.7597647e-20	-1
0	0.13743988	-0.99042046	-0.005297132	0	-0.012566371	0	0.13743988	-0.99042046	-0.005297132	2.4316662e-20	-1
0	0.11640003	-0.9931161	-0.0051552164	0	-0.018849555	0	0.11640003	-0.9931161	-0.0051552164	2.1827789e-20	-1
0	0.10074965	-0.99482787	-0.0050408286	0	-0.025132742	0	0.10074965	-0.99482787	-0.0050408286	1.9333512e-20	-1
0	0.07911287	-0.9967849	-0.004866512	0	-0.03769911	0	0.07911287	-0.9967849	-0.004866512	1.4335473e-20	-1
0	0.06495718	-0.9978095	-0.004737625	0	-0.050265484	0	0.06495718	-0.9978095	-0.004737625	9.330279e-21	-1
0	0.055015527	-0.9984087	-0.0046359235	0	-0.06283186	0	0.055015527	-0.9984087	-0.0046359235	4.3211382e-21	-1
0	0.055015527	-0.9984087	-0.0046359235	0	-0.06283186	0	0.055015527	-0.9984087	-0.0046359235	4.3211382e-21	1
0	0.064950325	-0.99781	-0.0047375793	0	-0.050265484	0	0.064950325	-0.99781	-0.0047375793	9.330282e-21	1
0	0.079111725	-0.99678504	-0.004866505	0	-0.03769911	0	0.079111725	-0.99678504	-0.004866505	1.4335468e-20	1
0	0.10074481	-0.99482834	-0.0050408067	0	-0.025132742	0	0.10074481	-0.99482834	-0.0050408067	1.933351e-20	1
0	0.11639248	-0.993117	-0.0051551703	0	-0.018849555	0	0.11639248	-0.993117	-0.0051551703	2.1827786e-20	1
0	0.13742392	-0.9904226	-0.0052970443	0	-0.012566371	0	0.13742392	-0.9904226	-0.0052970443	2.4316659e-20	1
0	0.15089902	-0.9884572	-0.0053816605	0	-0.009424778	0	0.15089902	-0.9884572	-0.0053816605	2.5558092e-20	1
0	0.16710916	-0.98584354	-0.0054774364	0	-0.0062831854	0	0.16710916	-0.98584354	-0.0054774364	2.6796679e-20	1
0	0.1827351	-0.9830644	-0.0055636745	0	-0.0037699111	0	0.1827351	-0.9830644	-0.0055636745	2.778484e-20	1
0	0.19167522	-0.9813589	-0.0056103547	0	-0.002513274	0	0.19167522	-0.9813589	-0.0056103547	2.827777e-20	1
0	0.19648218	-0.9804069	-0.005634641	0	-0.0018849556	0	0.19648218	-0.9804069	-0.005634641	2.85239e-20	1
0	0.20153186	-0.9793805	-0.0056595514	0	-0.001256637	0	0.20153186	-0.9793805	-0.0056595514	2.876978e-20	1
0	0.20153186	-0.9793805	-0.0056595514	0	-0.0010053096	0	0.20153186	-0.9793805	-0.0056595514	2.886808e-20	1
0	0.20686449	-0.97826695	-0.00568517	0	-0.0006283185	0	0.20686449	-0.97826695	-0.00568517	2.9015396e-20	1
0	0.21019772	-0.97755563	-0.005700848	0	-0.0002513274	0	0.21019772	-0.97755563	-0.005700848	2.916262e-20	1
0	0.21019772	-0.97755563	-0.005700848	0	-0.0001256637	0	0.21019772	-0.97755563	-0.005700848	2.921168e-20	1
0	0.21019772	-0.97755563	-0.005700848	0	-6.283185e-05	0	0.21019772	-0.97755563	-0.005700848	2.923621e-20	1
0	0.21019772	-0.97755563	-0.005700848	0	-2.5132742e-05	0	0.21019772	-0.97755563	-0.005700848	2.925093e-20	1
0	0.21019772	-0.97755563	-0.005700848	0	-1.2566371e-05	0	0.21019772	-0.97755563	-0.005700848	2.9255834e-20	1
0	0.21019772	-0.97755563	-0.005700848	0	-6.2831855e-06	0	0.21019772	-0.97755563	-0.005700848	2.9258286e-20	1
0	0.21019772	-0.97755563	-0.005700848	0	-2.513274e-06	0	0.21019772	-0.97755563	-0.005700848	2.925976e-20	1
0	0.21019772	-0.97755563	-0.005700848	0	-1.256637e-06	0	0.21019772	-0.97755563	-0.005700848	2.9260248e-20	1
0	0.21019772	-0.97755563	-0.005700848	0	-6.283185e-07	0	0.21019772	-0.97755563	-0.005700848	2.9260493e-20	1
0	0.21019772	-0.97755563	-0.005700848	0	-2.513274e-07	0	0.21019772	-0.97755563	-0.005700848	2.9260642e-20	1
0	0.21019772	-0.97755563	-0.005700848	0	-1.256637e-07	0	0.21019772	-0.97755563	-0.005700848	2.926069e-20	1
0	0.21019772	-0.97755563	-0.005700848	0	0	0	0.21019772	-0.97755563	-0.005700848	2.926074e-20	1
0	0.21019772	-0.97755563	-0.005700848	0	1.256637e-07	0	0.21019772	-0.97755563	-0.005700848	2.9260787e-20	1
0	0.21019772	-0.97755563	-0.005700848	0	2.513274e-07	0	0.21019772	-0.97755563	-0.005700848	2.926084e-20	1
0	0.21019772	-0.97755563	-0.005700848	0	6.283185e-07	0	0.21019772	-0.97755563	-0.005700848	2.9260984e-20	1
0	0.21019772	-0.97755563	-0.005700848	0	1.256637e-06	0	0.21019772	-0.97755563	-0.005700848	2.926123e-20	1
0	0.21019772	-0.97755563	-0.005700848	0	2.513274e-06	0	0.21019772	-0.97755563	-0.005700848	2.926172e-20	1
0	0.21019772	-0.97755563	-0.005700848	0	6.2831855e-06	0	0.21019772	-0.97755563	-0.005700848	2.926319e-20	1
0	0.21019772	-0.97755563	-0.005700848	0	1.2566371e-05	0	0.21019772	-0.97755563	-0.005700848	2.9265647e-20	1
0	0.21019772	-0.97755563	-0.005700848	0	2.5132742e-05	0	0.21019772	-0.97755563	-0.005700848	2.9270552e-20	1
0	0.21019772	-0.97755563	-0.005700848	0	6.283185e-05	0	0.21019772	-0.97755563	-0.005700848	2.928527e-20	1
0	0.21368688	-0.9767982	-0.0057169367	0	0.0001256637	0	0.21368688	-0.9767982	-0.0057169367	2.930974e-20	1
0	0.21368688	-0.9767982	-0.0057169367	0	0.0002513274	0	0.21368688	-0.9767982	-0.0057169367	2.935876e-20	1
0	0.21844426	-0.97574437	-0.005738429	0	0.0006283185	0	0.21844426	-0.97574437	-0.005738429	2.9505723e-20	1
0	0.22219545	-0.9748963	-0.005754939	0	0.0010053096	0	0.22219545	-0.9748963	-0.005754939	2.9652564e-20	1
0	0.22219545	-0.9748963	-0.005754939	0	0.001256637	0	0.22219545	-0.9748963	-0.005754939	2.9750413e-20	1
0	0.23150268	-0.97272635	-0.0057944045	0	0.0018849556	0	0.23150268	-0.97272635	-0.0057944045	2.999466e-20	1
0	0.23870397	-0.9709829	-0.0058234176	0	0.002513274	0	0.23870397	-0.9709829	-0.0058234176	3.0238528e-20	1
0	0.25476134	-0.96689075	-0.0058832346	0	0.0037699111	0	0.25476134	-0.96689075	-0.0058832346	3.0724826e-20	1
0	0.2970419	-0.95474076	-0.006007285	0	0.0062831854	0	0.2970419	-0.95474076	-0.006007285	3.1689777e-20	1
0	0.9239371	0.3822277	0.0033520907	0	0.009424778	0	0.9239371	0.3822277	0.0033520907	2.651575e-20	1
0	0.8761089	0.48182184	0.0028140447	0	0.012566371	0	0.8761089	0.48182184	0.0028140447	2.597717e-20	1
0	-0.11640245	0.9931158	0.00515523	0	0.018849555	0	-0.11640245	0.9931158	0.00515523	2.1827787e-20	1
0	-0.10075632	0.99482715	0.005040874	0	0.025132742	0	-0.10075632	0.99482715	0.005040874	1.9333512e-20	1
0	-0.07911566	0.9967847	0.004866531	0	0.03769911	0	-0.07911566	0.9967847	0.004866531	1.4335473e-20	1
0	-0.064953044	0.99780977	0.0047375932	0	0.050265484	0	-0.064953044	0.99780977	0.0047375932	9.330279e-21	1
0	-0.05501239	0.99840885	0.0046358425	0	0.06283186	0	-0.05501239	0.99840885	0.0046358425	4.3211402e-21	1
