# t (s)	mx ()	my ()	mz ()	B_extx (T)	B_exty (T)	B_extz (T)	mx ()	my ()	mz ()	E_total (J)	branch ()
0	-0.025681388	0.9996041	-0.0014333895	0	0.06283186	0	-0.025681388	0.9996041	-0.0014333895	4.5651258e-21	-1
0	-0.03038222	0.99947137	-0.0014364806	0	0.050265484	0	-0.03038222	0.99947137	-0.0014364806	9.58134e-21	-1
0	-0.037151434	0.9992417	-0.0014356076	0	0.03769911	0	-0.037151434	0.9992417	-0.0014356076	1.4596673e-20	-1
0	-0.04773781	0.99879086	-0.0014270153	0	0.025132742	0	-0.04773781	0.99879086	-0.0014270153	1.961038e-20	-1
0	-0.055634536	0.9983815	-0.001417217	0	0.018849555	0	-0.055634536	0.9983815	-0.001417217	2.2116124e-20	-1
0	-0.066563085	0.99771154	-0.0014007466	0	0.012566371	0	-0.066563085	0.99771154	-0.0014007466	2.4620553e-20	-1
0	-0.07377617	0.99720347	-0.0013885361	0	0.009424778	0	-0.07377617	0.99720347	-0.0013885361	2.5872001e-20	-1
0	-0.082679845	0.9965041	-0.0013723734	0	0.0062831854	0	-0.082679845	0.9965041	-0.0013723734	2.712271e-20	-1
0	-0.09148671	0.9957335	-0.0013554159	0	0.0037699111	0	-0.09148671	0.9957335	-0.0013554159	2.812253e-20	-1
0	-0.09660846	0.99524915	-0.0013451829	0	0.002513274	0	-0.09660846	0.99524915	-0.0013451829	2.8622123e-20	-1
0	-0.099378705	0.99497616	-0.001339547	0	0.0018849556	0	-0.099378705	0.99497616	-0.001339547	2.887182e-20	-1
0	-0.10233388	0.99467623	-0.0013334475	0	0.001256637	0	-0.10233388	0.99467623	-0.0013334475	2.9121446e-20	-1
0	-0.10233388	0.99467623	-0.0013334475	0	0.0010053096	0	-0.10233388	0.99467623	-0.0013334475	2.922128e-20	-1
0	-0.10544501	0.99435097	-0.0013269667	0	0.0006283185	0	-0.10544501	0.99435097	-0.0013269667	2.9371e-20	-1
0	-0.10743824	0.9941374	-0.0013227616	0	0.0002513274	0	-0.10743824	0.9941374	-0.0013227616	2.9520687e-20	-1
0	-0.10743824	0.9941374	-0.0013227616	0	0.0001256637	0	-0.10743824	0.9941374	-0.0013227616	2.9570576e-20	-1
0	-0.10743824	0.9941374	-0.0013227616	0	6.283185e-05	0	-0.10743824	0.9941374	-0.0013227616	2.9595524e-20	-1
0	-0.10743824	0.9941374	-0.0013227616	0	2.5132742e-05	0	-0.10743824	0.9941374	-0.0013227616	2.961049e-20	-1
0	-0.10743824	0.9941374	-0.0013227616	0	1.2566371e-05	0	-0.10743824	0.9941374	-0.0013227616	2.961548e-20	-1
0	-0.10743824	0.9941374	-0.0013227616	0	6.2831855e-06	0	-0.10743824	0.9941374	-0.0013227616	2.9617974e-20	-1
0	-0.10743824	0.9941374	-0.0013227616	0	2.513274e-06	0	-0.10743824	0.9941374	-0.0013227616	2.961947e-20	-1
0	-0.10743824	0.9941374	-0.0013227616	0	1.256637e-06	0	-0.10743824	0.9941374	-0.0013227616	2.961997e-20	-1
0	-0.10743824	0.9941374	-0.0013227616	0	6.283185e-07	0	-0.10743824	0.9941374	-0.0013227616	2.962022e-20	-1
0	-0.10743824	0.9941374	-0.0013227616	0	2.513274e-07	0	-0.10743824	0.9941374	-0.0013227616	2.9620368e-20	-1
0	-0.10743824	0.9941374	-0.0013227616	0	1.256637e-07	0	-0.10743824	0.9941374	-0.0013227616	2.9620417e-20	-1
0	-0.10743824	0.9941374	-0.0013227616	0	0	0	-0.10743824	0.9941374	-0.0013227616	2.962047e-20	-1
0	-0.10743824	0.9941374	-0.0013227616	0	-1.256637e-07	0	-0.10743824	0.9941374	-0.0013227616	2.9620517e-20	-1
0	-0.10743824	0.9941374	-0.0013227616	0	-2.513274e-07	0	-0.10743824	0.9941374	-0.0013227616	2.962057e-20	-1
0	-0.10743824	0.9941374	-0.0013227616	0	-6.283185e-07	0	-0.10743824	0.9941374	-0.0013227616	2.9620717e-20	-1
0	-0.10743824	0.9941374	-0.0013227616	0	-1.256637e-06	0	-0.10743824	0.9941374	-0.0013227616	2.9620966e-20	-1
0	-0.10743824	0.9941374	-0.0013227616	0	-2.513274e-06	0	-0.10743824	0.9941374	-0.0013227616	2.9621467e-20	-1
0	-0.10743824	0.9941374	-0.0013227616	0	-6.2831855e-06	0	-0.10743824	0.9941374	-0.0013227616	2.9622963e-20	-1
0	-0.10743824	0.9941374	-0.0013227616	0	-1.2566371e-05	0	-0.10743824	0.9941374	-0.0013227616	2.9625457e-20	-1
0	-0.10743824	0.9941374	-0.0013227616	0	-2.5132742e-05	0	-0.10743824	0.9941374	-0.0013227616	2.9630446e-20	-1
0	-0.10912604	0.9939534	-0.0013191844	0	-6.283185e-05	0	-0.10912604	0.9939534	-0.0013191844	2.96454e-20	-1
0	-0.10912604	0.9939534	-0.0013191844	0	-0.0001256637	0	-0.10912604	0.9939534	-0.0013191844	2.9670342e-20	-1
0	-0.10912604	0.9939534	-0.0013191844	0	-0.0002513274	0	-0.10912604	0.9939534	-0.0013191844	2.9720225e-20	-1
0	-0.112299934	0.99359953	-0.0013123953	0	-0.0006283185	0	-0.112299934	0.99359953	-0.0013123953	2.9869828e-20	-1
0	-0.11454548	0.993343	-0.0013075483	0	-0.0010053096	0	-0.11454548	0.993343	-0.0013075483	3.0019402e-20	-1
0	-0.11454548	0.993343	-0.0013075483	0	-0.001256637	0	-0.11454548	0.993343	-0.0013075483	3.0119103e-20	-1
0	-0.12012788	0.99268275	-0.0012953324	0	-0.0018849556	0	-0.12012788	0.99268275	-0.0012953324	3.0368243e-20	-1
0	-0.12445265	0.9921495	-0.0012857425	0	-0.002513274	0	-0.12445265	0.9921495	-0.0012857425	3.0617263e-20	-1
0	-0.13418105	0.99087954	-0.0012637387	0	-0.0037699111	0	-0.13418105	0.99087954	-0.0012637387	3.111487e-20	-1
0	-0.15932095	0.9871464	-0.0012045898	0	-0.0062831854	0	-0.15932095	0.9871464	-0.0012045898	3.2107713e-20	-1
0	-0.21356346	0.97684026	-0.001068678	0	-0.009424778	0	-0.21356346	0.97684026	-0.001068678	3.3340878e-20	-1
0	-0.8997266	-0.4361609	-0.0008787939	0	-0.012566371	0	-0.8997266	-0.4361609	-0.0008787939	2.6064196e-20	-1
0	0.05564075	-0.9983811	0.0014172059	0	-0.018849555	0	0.05564075	-0.9983811	0.0014172059	2.2116128e-20	-1
0	0.047752485	-0.99879014	0.0014269857	0	-0.025132742	0	0.047752485	-0.99879014	0.0014269857	1.9610383e-20	-1
0	0.037163213	-0.9992413	0.0014355842	0	-0.03769911	0	0.037163213	-0.9992413	0.0014355842	1.4596673e-20	-1
0	0.0303807	-0.9994714	0.0014364847	0	-0.050265484	0	0.0303807	-0.9994714	0.0014364847	9.581343e-21	-1
0	0.025684278	-0.999604	0.0014333819	0	-0.06283186	0	0.025684278	-0.999604	0.0014333819	4.5651258e-21	-1
0	0.025684278	-0.999604	0.0014333819	0	-0.06283186	0	0.025684278	-0.999604	0.0014333819	4.5651258e-21	1
0	0.030379653	-0.9994714	0.0014364857	0	-0.050265484	0	0.030379653	-0.9994714	0.0014364857	9.581341e-21	1
0	0.037150577	-0.99924177	0.0014356091	0	-0.03769911	0	0.037150577	-0.99924177	0.0014356091	1.4596673e-20	1
0	0.04774782	-0.9987904	0.001426995	0	-0.025132742	0	0.04774782	-0.9987904	0.001426995	1.9610383e-20	1
0	0.05563037	-0.9983816	0.0014172202	0	-0.018849555	0	0.05563037	-0.9983816	0.0014172202	2.2116126e-20	1
0	0.06655982	-0.9977118	0.0014007506	0	-0.012566371	0	0.06655982	-0.9977118	0.0014007506	2.4620554e-20	1
0	0.073767945	-0.9972042	0.0013885509	0	-0.009424778	0	0.073767945	-0.9972042	0.0013885509	2.5872001e-20	1
0	0.08267483	-0.99650455	0.0013723827	0	-0.0062831854	0	0.08267483	-0.99650455	0.0013723827	2.712271e-20	1
0	0.0914785	-0.9957342	0.0013554348	0	-0.0037699111	0	0.0914785	-0.9957342	0.0013554348	2.812253e-20	1
0	0.09661469	-0.99524856	0.0013451694	0	-0.002513274	0	0.09661469	-0.99524856	0.0013451694	2.8622123e-20	1
0	0.09939018	-0.994975	0.0013395103	0	-0.0018849556	0	0.09939018	-0.994975	0.0013395103	2.8871822e-20	1
0	0.10233423	-0.99467623	0.0013334537	0	-0.001256637	0	0.10233423	-0.99467623	0.0013334537	2.912145e-20	1
0	0.10233423	-0.99467623	0.0013334537	0	-0.0010053096	0	0.10233423	-0.99467623	0.0013334537	2.9221283e-20	1
0	0.10545933	-0.9943495	0.0013269333	0	-0.0006283185	0	0.10545933	-0.9943495	0.0013269333	2.9370996e-20	1
0	0.10743636	-0.99413764	0.0013227651	0	-0.0002513274	0	0.10743636	-0.99413764	0.0013227651	2.9520687e-20	1
0	0.10743636	-0.99413764	0.0013227651	0	-0.0001256637	0	0.10743636	-0.99413764	0.0013227651	2.9570576e-20	1
0	0.10743636	-0.99413764	0.0013227651	0	-6.283185e-05	0	0.10743636	-0.99413764	0.0013227651	2.9595524e-20	1
0	0.10743636	-0.99413764	0.0013227651	0	-2.5132742e-05	0	0.10743636	-0.99413764	0.0013227651	2.961049e-20	1
0	0.10743636	-0.99413764	0.0013227651	0	-1.2566371e-05	0	0.10743636	-0.99413764	0.0013227651	2.961548e-20	1
0	0.10743636	-0.99413764	0.0013227651	0	-6.2831855e-06	0	0.10743636	-0.99413764	0.0013227651	2.9617974e-20	1
0	0.10743636	-0.99413764	0.0013227651	0	-2.513274e-06	0	0.10743636	-0.99413764	0.0013227651	2.961947e-20	1
0	0.10743636	-0.99413764	0.0013227651	0	-1.256637e-06	0	0.10743636	-0.99413764	0.0013227651	2.9619968e-20	1
0	0.10743636	-0.99413764	0.0013227651	0	-6.283185e-07	0	0.10743636	-0.99413764	0.0013227651	2.962022e-20	1
0	0.10743636	-0.99413764	0.0013227651	0	-2.513274e-07	0	0.10743636	-0.99413764	0.0013227651	2.9620368e-20	1
0	0.10743636	-0.99413764	0.0013227651	0	-1.256637e-07	0	0.10743636	-0.99413764	0.0013227651	2.9620417e-20	1
0	0.10743636	-0.99413764	0.0013227651	0	0	0	0.10743636	-0.99413764	0.0013227651	2.962047e-20	1
0	0.10743636	-0.99413764	0.0013227651	0	1.256637e-07	0	0.10743636	-0.99413764	0.0013227651	2.9620517e-20	1
0	0.10743636	-0.99413764	0.0013227651	0	2.513274e-07	0	0.10743636	-0.99413764	0.0013227651	2.962057e-20	1
0	0.10743636	-0.99413764	0.0013227651	0	6.283185e-07	0	0.10743636	-0.99413764	0.0013227651	2.9620717e-20	1
0	0.10743636	-0.99413764	0.0013227651	0	1.256637e-06	0	0.10743636	-0.99413764	0.0013227651	2.9620966e-20	1
0	0.10743636	-0.99413764	0.0013227651	0	2.513274e-06	0	0.10743636	-0.99413764	0.0013227651	2.9621467e-20	1
0	0.10743636	-0.99413764	0.0013227651	0	6.2831855e-06	0	0.10743636	-0.99413764	0.0013227651	2.9622963e-20	1
0	0.10743636	-0.99413764	0.0013227651	0	1.2566371e-05	0	0.10743636	-0.99413764	0.0013227651	2.9625457e-20	1
0	0.10743636	-0.99413764	0.0013227651	0	2.5132742e-05	0	0.10743636	-0.99413764	0.0013227651	2.9630446e-20	1
0	0.109118715	-0.9939542	0.0013191984	0	6.283185e-05	0	0.109118715	-0.9939542	0.0013191984	2.9645404e-20	1
0	0.109118715	-0.9939542	0.0013191984	0	0.0001256637	0	0.109118715	-0.9939542	0.0013191984	2.9670342e-20	1
0	0.109118715	-0.9939542	0.0013191984	0	0.0002513274	0	0.109118715	-0.9939542	0.0013191984	2.9720225e-20	1
0	0.112319395	-0.9935973	0.0013123495	0	0.0006283185	0	0.112319395	-0.9935973	0.0013123495	2.986983e-20	1
0	0.11456585	-0.9933406	0.0013074962	0	0.0010053096	0	0.11456585	-0.9933406	0.0013074962	3.0019402e-20	1
0	0.11456585	-0.9933406	0.0013074962	0	0.001256637	0	0.11456585	-0.9933406	0.0013074962	3.0119103e-20	1
0	0.12010361	-0.9926857	0.0012953941	0	0.0018849556	0	0.12010361	-0.9926857	0.0012953941	3.036824e-20	1
0	0.12445028	-0.9921497	0.0012857465	0	0.002513274	0	0.12445028	-0.9921497	0.0012857465	3.0617266e-20	1
0	0.1341434	-0.99088466	0.0012638271	0	0.0037699111	0	0.1341434	-0.99088466	0.0012638271	3.111487e-20	1
0	0.159275	-0.9871539	0.0012047047	0	0.0062831854	0	0.159275	-0.9871539	0.0012047047	3.2107717e-20	1
0	0.21354103	-0.97684515	0.0010687367	0	0.009424778	0	0.21354103	-0.97684515	0.0010687367	3.3340878e-20	1
0	-0.066562384	0.99771154	-0.0014007441	0	0.012566371	0	-0.066562384	0.99771154	-0.0014007441	2.4620551e-20	1
0	-0.05564133	0.9983811	-0.0014172042	0	0.018849555	0	-0.05564133	0.9983811	-0.0014172042	2.2116128e-20	1
0	-0.047755428	0.99879	-0.0014269858	0	0.025132742	0	-0.047755428	0.99879	-0.0014269858	1.9610378e-20	1
0	-0.03715346	0.99924165	-0.0014356032	0	0.03769911	0	-0.03715346	0.99924165	-0.0014356032	1.4596671e-20	1
0	-0.030380547	0.9994714	-0.0014364884	0	0.050265484	0	-0.030380547	0.9994714	-0.0014364884	9.581343e-21	1
0	-0.025687374	0.99960387	-0.001433376	0	0.06283186	0	-0.025687374	0.99960387	-0.001433376	4.5651238e-21	1
