# t (s)	mx ()	my ()	mz ()	B_extx (T)	B_exty (T)	B_extz (T)	mx ()	my ()	mz ()	E_total (J)	branch ()
0	-0.11766404	0.99298	1.592883e-05	0	0.06283186	0	-0.11766404	0.99298	1.592883e-05	5.0790016e-21	-1
0	-0.17716599	0.9840995	0.00069098925	0	0.050265484	0	-0.17716599	0.9840995	0.00069098925	1.0043958e-20	-1
0	-0.28547204	0.95828366	0.0020797825	0	0.03769911	0	-0.28547204	0.95828366	0.0020797825	1.4928356e-20	-1
0	-0.42791617	0.9036715	0.0040170625	0	0.025132742	0	-0.42791617	0.9036715	0.0040170625	1.9613063e-20	-1
0	-0.50101405	0.8652647	0.0049506268	0	0.018849555	0	-0.50101405	0.8652647	0.0049506268	2.1833978e-20	-1
0	-0.57377076	0.8188118	0.005757449	0	0.012566371	0	-0.57377076	0.8188118	0.005757449	2.3948695e-20	-1
0	-0.6102258	0.79200804	0.006091828	0	0.009424778	0	-0.6102258	0.79200804	0.006091828	2.4959466e-20	-1
0	-0.64710224	0.7621683	0.0063670604	0	0.0062831854	0	-0.64710224	0.7621683	0.0063670604	2.5934757e-20	-1
0	-0.67713356	0.73561275	0.0065347543	0	0.0037699111	0	-0.67713356	0.73561275	0.0065347543	2.6686637e-20	-1
0	-0.69241726	0.7212436	0.0065976433	0	0.002513274	0	-0.69241726	0.7212436	0.0065976433	2.705223e-20	-1
0	-0.7001442	0.71374476	0.0066231205	0	0.0018849556	0	-0.7001442	0.71374476	0.0066231205	2.7232262e-20	-1
0	-0.7079418	0.70601094	0.0066442955	0	0.001256637	0	-0.7079418	0.70601094	0.0066442955	2.7410394e-20	-1
0	-0.7079418	0.70601094	0.0066442955	0	0.0010053096	0	-0.7079418	0.70601094	0.0066442955	2.7481257e-20	-1
0	-0.715803	0.6980394	0.0066608414	0	0.0006283185	0	-0.715803	0.6980394	0.0066608414	2.758655e-20	-1
0	-0.72057056	0.6931168	0.0066684363	0	0.0002513274	0	-0.72057056	0.6931168	0.0066684363	2.7691273e-20	-1
0	-0.72057056	0.6931168	0.0066684363	0	0.0001256637	0	-0.72057056	0.6931168	0.0066684363	2.772606e-20	-1
0	-0.72057056	0.6931168	0.0066684363	0	6.283185e-05	0	-0.72057056	0.6931168	0.0066684363	2.774345e-20	-1
0	-0.72057056	0.6931168	0.0066684363	0	2.5132742e-05	0	-0.72057056	0.6931168	0.0066684363	2.7753887e-20	-1
0	-0.72057056	0.6931168	0.0066684363	0	1.2566371e-05	0	-0.72057056	0.6931168	0.0066684363	2.7757364e-20	-1
0	-0.72057056	0.6931168	0.0066684363	0	6.2831855e-06	0	-0.72057056	0.6931168	0.0066684363	2.7759102e-20	-1
0	-0.72057056	0.6931168	0.0066684363	0	2.513274e-06	0	-0.72057056	0.6931168	0.0066684363	2.7760146e-20	-1
0	-0.72057056	0.6931168	0.0066684363	0	1.256637e-06	0	-0.72057056	0.6931168	0.0066684363	2.7760495e-20	-1
0	-0.72057056	0.6931168	0.0066684363	0	6.283185e-07	0	-0.72057056	0.6931168	0.0066684363	2.776067e-20	-1
0	-0.72057056	0.6931168	0.0066684363	0	2.513274e-07	0	-0.72057056	0.6931168	0.0066684363	2.7760773e-20	-1
0	-0.72057056	0.6931168	0.0066684363	0	1.256637e-07	0	-0.72057056	0.6931168	0.0066684363	2.7760808e-20	-1
0	-0.72057056	0.6931168	0.0066684363	0	0	0	-0.72057056	0.6931168	0.0066684363	2.7760844e-20	-1
0	-0.72057056	0.6931168	0.0066684363	0	-1.256637e-07	0	-0.72057056	0.6931168	0.0066684363	2.776088e-20	-1
0	-0.72057056	0.6931168	0.0066684363	0	-2.513274e-07	0	-0.72057056	0.6931168	0.0066684363	2.776091e-20	-1
0	-0.72057056	0.6931168	0.0066684363	0	-6.283185e-07	0	-0.72057056	0.6931168	0.0066684363	2.7761018e-20	-1
0	-0.72057056	0.6931168	0.0066684363	0	-1.256637e-06	0	-0.72057056	0.6931168	0.0066684363	2.776119e-20	-1
0	-0.72057056	0.6931168	0.0066684363	0	-2.513274e-06	0	-0.72057056	0.6931168	0.0066684363	2.776154e-20	-1
0	-0.72057056	0.6931168	0.0066684363	0	-6.2831855e-06	0	-0.72057056	0.6931168	0.0066684363	2.7762582e-20	-1
0	-0.72057056	0.6931168	0.0066684363	0	-1.2566371e-05	0	-0.72057056	0.6931168	0.0066684363	2.776432e-20	-1
0	-0.72057056	0.6931168	0.0066684363	0	-2.5132742e-05	0	-0.72057056	0.6931168	0.0066684363	2.77678e-20	-1
0	-0.72057056	0.6931168	0.0066684363	0	-6.283185e-05	0	-0.72057056	0.6931168	0.0066684363	2.7778234e-20	-1
0	-0.72057056	0.6931168	0.0066684363	0	-0.0001256637	0	-0.72057056	0.6931168	0.0066684363	2.7795627e-20	-1
0	-0.72696877	0.6864033	0.0066756452	0	-0.0002513274	0	-0.72696877	0.6864033	0.0066756452	2.7829736e-20	-1
0	-0.72696877	0.6864033	0.0066756452	0	-0.0006283185	0	-0.72696877	0.6864033	0.0066756452	2.7933078e-20	-1
0	-0.73667693	0.6759739	0.0066797994	0	-0.0010053096	0	-0.73667693	0.6759739	0.0066797994	2.803486e-20	-1
0	-0.73667693	0.6759739	0.0066797994	0	-0.001256637	0	-0.73667693	0.6759739	0.0066797994	2.8102705e-20	-1
0	-0.74822205	0.6631732	0.006673551	0	-0.0018849556	0	-0.74822205	0.6631732	0.006673551	2.8270093e-20	-1
0	-0.7566353	0.65355885	0.0066609103	0	-0.002513274	0	-0.7566353	0.65355885	0.0066609103	2.84353e-20	-1
0	-0.77388644	0.63304	0.006612246	0	-0.0037699111	0	-0.77388644	0.63304	0.006612246	2.875822e-20	-1
0	-0.8111438	0.5845501	0.006389061	0	-0.0062831854	0	-0.8111438	0.5845501	0.006389061	2.937025e-20	-1
0	-0.86894774	0.4945907	0.0056365365	0	-0.009424778	0	-0.86894774	0.4945907	0.0056365365	3.0052745e-20	-1
0	0.57375693	-0.81882155	-0.0057573104	0	-0.012566371	0	0.57375693	-0.81882155	-0.0057573104	2.3948693e-20	-1
0	0.5010309	-0.86525494	-0.004950841	0	-0.018849555	0	0.5010309	-0.86525494	-0.004950841	2.1833977e-20	-1
0	0.4279108	-0.9036741	-0.004016991	0	-0.025132742	0	0.4279108	-0.9036741	-0.004016991	1.9613068e-20	-1
0	0.28546208	-0.95828664	-0.0020796466	0	-0.03769911	0	0.28546208	-0.95828664	-0.0020796466	1.4928358e-20	-1
0	0.17718276	-0.9840965	-0.00069119246	0	-0.050265484	0	0.17718276	-0.9840965	-0.00069119246	1.0043956e-20	-1
0	0.11768246	-0.99297786	-1.612856e-05	0	-0.06283186	0	0.11768246	-0.99297786	-1.612856e-05	5.0790004e-21	-1
0	0.11768039	-0.9929781	-1.6105798e-05	0	-0.06283186	0	0.11768039	-0.9929781	-1.6105798e-05	5.079002e-21	1
0	0.17716277	-0.9841001	-0.00069094996	0	-0.050265484	0	0.17716277	-0.9841001	-0.00069094996	1.0043955e-20	1
0	0.28544307	-0.95829225	-0.0020793898	0	-0.03769911	0	0.28544307	-0.95829225	-0.0020793898	1.4928353e-20	1
0	0.42789343	-0.90368235	-0.004016758	0	-0.025132742	0	0.42789343	-0.90368235	-0.004016758	1.9613068e-20	1
0	0.5010437	-0.8652475	-0.0049509867	0	-0.018849555	0	0.5010437	-0.8652475	-0.0049509867	2.1833978e-20	1
0	0.57375365	-0.8188238	-0.0057572797	0	-0.012566371	0	0.57375365	-0.8188238	-0.0057572797	2.3948696e-20	1
0	0.6102261	-0.7920078	-0.0060918294	0	-0.009424778	0	0.6102261	-0.7920078	-0.0060918294	2.4959464e-20	1
0	0.6470947	-0.7621747	-0.006367012	0	-0.0062831854	0	0.6470947	-0.7621747	-0.006367012	2.5934759e-20	1
0	0.67713577	-0.7356107	-0.0065347636	0	-0.0037699111	0	0.67713577	-0.7356107	-0.0065347636	2.6686633e-20	1
0	0.6924218	-0.7212393	-0.0065976586	0	-0.002513274	0	0.6924218	-0.7212393	-0.0065976586	2.7052226e-20	1
0	0.70014566	-0.7137433	-0.006623134	0	-0.0018849556	0	0.70014566	-0.7137433	-0.006623134	2.7232262e-20	1
0	0.7079413	-0.70601153	-0.0066442946	0	-0.001256637	0	0.7079413	-0.70601153	-0.0066442946	2.7410394e-20	1
0	0.7079413	-0.70601153	-0.0066442946	0	-0.0010053096	0	0.7079413	-0.70601153	-0.0066442946	2.7481257e-20	1
0	0.7158099	-0.69803226	-0.0066608516	0	-0.0006283185	0	0.7158099	-0.69803226	-0.0066608516	2.758655e-20	1
0	0.7158099	-0.69803226	-0.0066608516	0	-0.0002513274	0	0.7158099	-0.69803226	-0.0066608516	2.7691645e-20	1
0	0.72216284	-0.69145775	-0.0066705546	0	-0.0001256637	0	0.72216284	-0.69145775	-0.0066705546	2.7726015e-20	1
0	0.72216284	-0.69145775	-0.0066705546	0	-6.283185e-05	0	0.72216284	-0.69145775	-0.0066705546	2.7743366e-20	1
0	0.72216284	-0.69145775	-0.0066705546	0	-2.5132742e-05	0	0.72216284	-0.69145775	-0.0066705546	2.7753777e-20	1
0	0.72216284	-0.69145775	-0.0066705546	0	-1.2566371e-05	0	0.72216284	-0.69145775	-0.0066705546	2.7757247e-20	1
0	0.72216284	-0.69145775	-0.0066705546	0	-6.2831855e-06	0	0.72216284	-0.69145775	-0.0066705546	2.7758983e-20	1
0	0.72216284	-0.69145775	-0.0066705546	0	-2.513274e-06	0	0.72216284	-0.69145775	-0.0066705546	2.7760023e-20	1
0	0.72216284	-0.69145775	-0.0066705546	0	-1.256637e-06	0	0.72216284	-0.69145775	-0.0066705546	2.776037e-20	1
0	0.72216284	-0.69145775	-0.0066705546	0	-6.283185e-07	0	0.72216284	-0.69145775	-0.0066705546	2.7760543e-20	1
0	0.72216284	-0.69145775	-0.0066705546	0	-2.513274e-07	0	0.72216284	-0.69145775	-0.0066705546	2.7760647e-20	1
0	0.72216284	-0.69145775	-0.0066705546	0	-1.256637e-07	0	0.72216284	-0.69145775	-0.0066705546	2.7760682e-20	1
0	0.72216284	-0.69145775	-0.0066705546	0	0	0	0.72216284	-0.69145775	-0.0066705546	2.7760718e-20	1
0	0.72216284	-0.69145775	-0.0066705546	0	1.256637e-07	0	0.72216284	-0.69145775	-0.0066705546	2.7760753e-20	1
0	0.72216284	-0.69145775	-0.0066705546	0	2.513274e-07	0	0.72216284	-0.69145775	-0.0066705546	2.7760786e-20	1
0	0.72216284	-0.69145775	-0.0066705546	0	6.283185e-07	0	0.72216284	-0.69145775	-0.0066705546	2.776089e-20	1
0	0.72216284	-0.69145775	-0.0066705546	0	1.256637e-06	0	0.72216284	-0.69145775	-0.0066705546	2.7761063e-20	1
0	0.72216284	-0.69145775	-0.0066705546	0	2.513274e-06	0	0.72216284	-0.69145775	-0.0066705546	2.7761412e-20	1
0	0.72216284	-0.69145775	-0.0066705546	0	6.2831855e-06	0	0.72216284	-0.69145775	-0.0066705546	2.7762453e-20	1
0	0.72216284	-0.69145775	-0.0066705546	0	1.2566371e-05	0	0.72216284	-0.69145775	-0.0066705546	2.7764188e-20	1
0	0.72216284	-0.69145775	-0.0066705546	0	2.5132742e-05	0	0.72216284	-0.69145775	-0.0066705546	2.7767658e-20	1
0	0.72216284	-0.69145775	-0.0066705546	0	6.283185e-05	0	0.72216284	-0.69145775	-0.0066705546	2.7778066e-20	1
0	0.72216284	-0.69145775	-0.0066705546	0	0.0001256637	0	0.72216284	-0.69145775	-0.0066705546	2.7795417e-20	1
0	0.72216284	-0.69145775	-0.0066705546	0	0.0002513274	0	0.72216284	-0.69145775	-0.0066705546	2.783012e-20	1
0	0.73183423	-0.6812136	-0.0066787633	0	0.0006283185	0	0.73183423	-0.6812136	-0.0066787633	2.793269e-20	1
0	0.73183423	-0.6812136	-0.0066787633	0	0.0010053096	0	0.73183423	-0.6812136	-0.0066787633	2.803525e-20	1
0	0.73997545	-0.67236173	-0.006679278	0	0.001256637	0	0.73997545	-0.67236173	-0.006679278	2.8102524e-20	1
0	0.7482229	-0.66317225	-0.0066735502	0	0.0018849556	0	0.7482229	-0.66317225	-0.0066735502	2.8270096e-20	1
0	0.7566171	-0.65357983	-0.0066609615	0	0.002513274	0	0.7566171	-0.65357983	-0.0066609615	2.8435303e-20	1
0	0.77389026	-0.6330353	-0.00661223	0	0.0037699111	0	0.77389026	-0.6330353	-0.00661223	2.875822e-20	1
0	0.8111408	-0.5845543	-0.0063890885	0	0.0062831854	0	0.8111408	-0.5845543	-0.0063890885	2.9370243e-20	1
0	0.8689473	-0.49459133	-0.005636543	0	0.009424778	0	0.8689473	-0.49459133	-0.005636543	3.005274e-20	1
0	0.4316125	0.90191764	-0.00091792725	0	0.012566371	0	0.4316125	0.90191764	-0.00091792725	2.536212e-20	1
0	-0.50103915	0.86525023	0.0049509313	0	0.018849555	0	-0.50103915	0.86525023	0.0049509313	2.183398e-20	1
0	-0.42792115	0.90366924	0.0040171286	0	0.025132742	0	-0.42792115	0.90366924	0.0040171286	1.9613068e-20	1
0	-0.28547862	0.95828164	0.0020798715	0	0.03769911	0	-0.28547862	0.95828164	0.0020798715	1.4928353e-20	1
0	-0.17718546	0.98409605	0.0006912254	0	0.050265484	0	-0.17718546	0.98409605	0.0006912254	1.00439525e-20	1
0	-0.11768161	0.992978	1.6118953e-05	0	0.06283186	0	-0.11768161	0.992978	1.6118953e-05	5.079005e-21	1
