# t (s)	mx ()	my ()	mz ()	B_extx (T)	B_exty (T)	B_extz (T)	mx ()	my ()	mz ()	E_total (J)	branch ()
0	-0.031817768	0.9994284	0.00025716264	0	0.06283186	0	-0.031817768	0.9994284	0.00025716264	4.5985176e-21	-1
0	-0.03767787	0.9992237	0.00025795796	0	0.050265484	0	-0.03767787	0.9992237	0.00025795796	9.613687e-21	-1
0	-0.04614588	0.99886745	0.00025812438	0	0.03769911	0	-0.04614588	0.99886745	0.00025812438	1.4627492e-20	-1
0	-0.05938673	0.99816644	0.00025705004	0	0.025132742	0	-0.05938673	0.99816644	0.00025705004	1.963877e-20	-1
0	-0.0692426	0.99753034	0.00025560972	0	0.018849555	0	-0.0692426	0.99753034	0.00025560972	2.2142683e-20	-1
0	-0.082865514	0.99649	0.00025304157	0	0.012566371	0	-0.082865514	0.99649	0.00025304157	2.464455e-20	-1
0	-0.09181222	0.9957047	0.0002511026	0	0.009424778	0	-0.09181222	0.9957047	0.0002511026	2.5894303e-20	-1
0	-0.10285215	0.99462396	0.00024847235	0	0.0062831854	0	-0.10285215	0.99462396	0.00024847235	2.7142898e-20	-1
0	-0.11376533	0.99343383	0.00024566444	0	0.0037699111	0	-0.11376533	0.99343383	0.00024566444	2.8140633e-20	-1
0	-0.120093465	0.99268806	0.00024400582	0	0.002513274	0	-0.120093465	0.99268806	0.00024400582	2.863901e-20	-1
0	-0.12352799	0.9922662	0.00024300511	0	0.0018849556	0	-0.12352799	0.9922662	0.00024300511	2.8888042e-20	-1
0	-0.12715067	0.99180806	0.00024198582	0	0.001256637	0	-0.12715067	0.99180806	0.00024198582	2.9136972e-20	-1
0	-0.1286673	0.9916123	0.00024154401	0	0.0010053096	0	-0.1286673	0.9916123	0.00024154401	2.9236508e-20	-1
0	-0.13099808	0.99130684	0.00024088673	0	0.0006283185	0	-0.13099808	0.99130684	0.00024088673	2.9385782e-20	-1
0	-0.13341844	0.9909837	0.00024018518	0	0.0002513274	0	-0.13341844	0.9909837	0.00024018518	2.9535004e-20	-1
0	-0.13341844	0.9909837	0.00024018518	0	0.0001256637	0	-0.13341844	0.9909837	0.00024018518	2.9584735e-20	-1
0	-0.13341844	0.9909837	0.00024018518	0	6.283185e-05	0	-0.13341844	0.9909837	0.00024018518	2.9609602e-20	-1
0	-0.13341844	0.9909837	0.00024018518	0	2.5132742e-05	0	-0.13341844	0.9909837	0.00024018518	2.962452e-20	-1
0	-0.13341844	0.9909837	0.00024018518	0	1.2566371e-05	0	-0.13341844	0.9909837	0.00024018518	2.9629493e-20	-1
0	-0.13341844	0.9909837	0.00024018518	0	6.2831855e-06	0	-0.13341844	0.9909837	0.00024018518	2.963198e-20	-1
0	-0.13341844	0.9909837	0.00024018518	0	2.513274e-06	0	-0.13341844	0.9909837	0.00024018518	2.9633474e-20	-1
0	-0.13341844	0.9909837	0.00024018518	0	1.256637e-06	0	-0.13341844	0.9909837	0.00024018518	2.9633972e-20	-1
0	-0.13341844	0.9909837	0.00024018518	0	6.283185e-07	0	-0.13341844	0.9909837	0.00024018518	2.963422e-20	-1
0	-0.13341844	0.9909837	0.00024018518	0	2.513274e-07	0	-0.13341844	0.9909837	0.00024018518	2.963437e-20	-1
0	-0.13341844	0.9909837	0.00024018518	0	1.256637e-07	0	-0.13341844	0.9909837	0.00024018518	2.9634418e-20	-1
0	-0.13341844	0.9909837	0.00024018518	0	0	0	-0.13341844	0.9909837	0.00024018518	2.963447e-20	-1
0	-0.13341844	0.9909837	0.00024018518	0	-1.256637e-07	0	-0.13341844	0.9909837	0.00024018518	2.9634518e-20	-1
0	-0.13341844	0.9909837	0.00024018518	0	-2.513274e-07	0	-0.13341844	0.9909837	0.00024018518	2.9634566e-20	-1
0	-0.13341844	0.9909837	0.00024018518	0	-6.283185e-07	0	-0.13341844	0.9909837	0.00024018518	2.9634718e-20	-1
0	-0.13341844	0.9909837	0.00024018518	0	-1.256637e-06	0	-0.13341844	0.9909837	0.00024018518	2.9634967e-20	-1
0	-0.13341844	0.9909837	0.00024018518	0	-2.513274e-06	0	-0.13341844	0.9909837	0.00024018518	2.963546e-20	-1
0	-0.13341844	0.9909837	0.00024018518	0	-6.2831855e-06	0	-0.13341844	0.9909837	0.00024018518	2.9636954e-20	-1
0	-0.13341844	0.9909837	0.00024018518	0	-1.2566371e-05	0	-0.13341844	0.9909837	0.00024018518	2.9639442e-20	-1
0	-0.13341844	0.9909837	0.00024018518	0	-2.5132742e-05	0	-0.13341844	0.9909837	0.00024018518	2.9644415e-20	-1
0	-0.13552117	0.9906981	0.00023956798	0	-6.283185e-05	0	-0.13552117	0.9906981	0.00023956798	2.9659314e-20	-1
0	-0.13552117	0.9906981	0.00023956798	0	-0.0001256637	0	-0.13552117	0.9906981	0.00023956798	2.9684174e-20	-1
0	-0.13552117	0.9906981	0.00023956798	0	-0.0002513274	0	-0.13552117	0.9906981	0.00023956798	2.9733892e-20	-1
0	-0.13942775	0.99015546	0.0002384131	0	-0.0006283185	0	-0.13942775	0.99015546	0.0002384131	2.9882985e-20	-1
0	-0.14221075	0.98975927	0.00023757835	0	-0.0010053096	0	-0.14221075	0.98975927	0.00023757835	3.003203e-20	-1
0	-0.14410546	0.9894849	0.00023700643	0	-0.001256637	0	-0.14410546	0.9894849	0.00023700643	3.0131356e-20	-1
0	-0.14904778	0.9887519	0.000235496	0	-0.0018849556	0	-0.14904778	0.9887519	0.000235496	3.0379552e-20	-1
0	-0.15438028	0.98793274	0.00023383793	0	-0.002513274	0	-0.15438028	0.98793274	0.00023383793	3.0627554e-20	-1
0	-0.16633847	0.98598826	0.00023002159	0	-0.0037699111	0	-0.16633847	0.98598826	0.00023002159	3.1122884e-20	-1
0	-0.19766334	0.9801847	0.00021945123	0	-0.0062831854	0	-0.19766334	0.9801847	0.00021945123	3.2109878e-20	-1
0	-0.2722244	0.962134	0.00019179474	0	-0.009424778	0	-0.2722244	0.962134	0.00019179474	3.3330794e-20	-1
0	-0.89671814	-0.44231164	0.00011942064	0	-0.012566371	0	-0.89671814	-0.44231164	0.00011942064	2.5962506e-20	-1
0	0.06924039	-0.99753046	-0.00025562942	0	-0.018849555	0	0.06924039	-0.99753046	-0.00025562942	2.2142686e-20	-1
0	0.059397455	-0.9981658	-0.00025704742	0	-0.025132742	0	0.059397455	-0.9981658	-0.00025704742	1.9638769e-20	-1
0	0.04614698	-0.9988674	-0.0002581255	0	-0.03769911	0	0.04614698	-0.9988674	-0.0002581255	1.462749e-20	-1
0	0.03768905	-0.9992233	-0.0002579559	0	-0.050265484	0	0.03768905	-0.9992233	-0.0002579559	9.613685e-21	-1
0	0.031822033	-0.9994283	-0.00025716115	0	-0.06283186	0	0.031822033	-0.9994283	-0.00025716115	4.5985163e-21	-1
0	0.031822033	-0.9994283	-0.00025716115	0	-0.06283186	0	0.031822033	-0.9994283	-0.00025716115	4.5985163e-21	1
0	0.03768137	-0.9992236	-0.00025795965	0	-0.050265484	0	0.03768137	-0.9992236	-0.00025795965	9.613687e-21	1
0	0.046144858	-0.9988675	-0.0002581226	0	-0.03769911	0	0.046144858	-0.9988675	-0.0002581226	1.462749e-20	1
0	0.05938848	-0.9981663	-0.00025704945	0	-0.025132742	0	0.05938848	-0.9981663	-0.00025704945	1.963877e-20	1
0	0.06923822	-0.99753064	-0.00025561175	0	-0.018849555	0	0.06923822	-0.99753064	-0.00025561175	2.2142686e-20	1
0	0.08286666	-0.9964899	-0.00025305623	0	-0.012566371	0	0.08286666	-0.9964899	-0.00025305623	2.4644547e-20	1
0	0.09182372	-0.9957037	-0.0002511019	0	-0.009424778	0	0.09182372	-0.9957037	-0.0002511019	2.5894304e-20	1
0	0.102868184	-0.9946223	-0.00024846772	0	-0.0062831854	0	0.102868184	-0.9946223	-0.00024846772	2.714289e-20	1
0	0.11376032	-0.9934344	-0.0002456648	0	-0.0037699111	0	0.11376032	-0.9934344	-0.0002456648	2.8140633e-20	1
0	0.1200916	-0.9926883	-0.000243955	0	-0.002513274	0	0.1200916	-0.9926883	-0.000243955	2.8639006e-20	1
0	0.123523526	-0.99226665	-0.0002429981	0	-0.0018849556	0	0.123523526	-0.99226665	-0.0002429981	2.8888042e-20	1
0	0.12715422	-0.9918076	-0.0002419835	0	-0.001256637	0	0.12715422	-0.9918076	-0.0002419835	2.9136972e-20	1
0	0.12869789	-0.9916083	-0.0002415443	0	-0.0010053096	0	0.12869789	-0.9916083	-0.0002415443	2.9236508e-20	1
0	0.13100189	-0.9913063	-0.00024088433	0	-0.0006283185	0	0.13100189	-0.9913063	-0.00024088433	2.938578e-20	1
0	0.13342479	-0.9909829	-0.00024018208	0	-0.0002513274	0	0.13342479	-0.9909829	-0.00024018208	2.9535004e-20	1
0	0.13425227	-0.99087095	-0.00023994118	0	-0.0001256637	0	0.13425227	-0.99087095	-0.00023994118	2.958473e-20	1
0	0.13425227	-0.99087095	-0.00023994118	0	-6.283185e-05	0	0.13425227	-0.99087095	-0.00023994118	2.9609592e-20	1
0	0.13425227	-0.99087095	-0.00023994118	0	-2.5132742e-05	0	0.13425227	-0.99087095	-0.00023994118	2.962451e-20	1
0	0.13425227	-0.99087095	-0.00023994118	0	-1.2566371e-05	0	0.13425227	-0.99087095	-0.00023994118	2.9629484e-20	1
0	0.13425227	-0.99087095	-0.00023994118	0	-6.2831855e-06	0	0.13425227	-0.99087095	-0.00023994118	2.963197e-20	1
0	0.13425227	-0.99087095	-0.00023994118	0	-2.513274e-06	0	0.13425227	-0.99087095	-0.00023994118	2.963346e-20	1
0	0.13425227	-0.99087095	-0.00023994118	0	-1.256637e-06	0	0.13425227	-0.99087095	-0.00023994118	2.963396e-20	1
0	0.13425227	-0.99087095	-0.00023994118	0	-6.283185e-07	0	0.13425227	-0.99087095	-0.00023994118	2.9634208e-20	1
0	0.13425227	-0.99087095	-0.00023994118	0	-2.513274e-07	0	0.13425227	-0.99087095	-0.00023994118	2.9634356e-20	1
0	0.13425227	-0.99087095	-0.00023994118	0	-1.256637e-07	0	0.13425227	-0.99087095	-0.00023994118	2.9634408e-20	1
0	0.13425227	-0.99087095	-0.00023994118	0	0	0	0.13425227	-0.99087095	-0.00023994118	2.9634456e-20	1
0	0.13425227	-0.99087095	-0.00023994118	0	1.256637e-07	0	0.13425227	-0.99087095	-0.00023994118	2.9634508e-20	1
0	0.13425227	-0.99087095	-0.00023994118	0	2.513274e-07	0	0.13425227	-0.99087095	-0.00023994118	2.9634556e-20	1
0	0.13425227	-0.99087095	-0.00023994118	0	6.283185e-07	0	0.13425227	-0.99087095	-0.00023994118	2.9634705e-20	1
0	0.13425227	-0.99087095	-0.00023994118	0	1.256637e-06	0	0.13425227	-0.99087095	-0.00023994118	2.9634954e-20	1
0	0.13425227	-0.99087095	-0.00023994118	0	2.513274e-06	0	0.13425227	-0.99087095	-0.00023994118	2.963545e-20	1
0	0.13425227	-0.99087095	-0.00023994118	0	6.2831855e-06	0	0.13425227	-0.99087095	-0.00023994118	2.9636944e-20	1
0	0.13425227	-0.99087095	-0.00023994118	0	1.2566371e-05	0	0.13425227	-0.99087095	-0.00023994118	2.963943e-20	1
0	0.13425227	-0.99087095	-0.00023994118	0	2.5132742e-05	0	0.13425227	-0.99087095	-0.00023994118	2.9644402e-20	1
0	0.13425227	-0.99087095	-0.00023994118	0	6.283185e-05	0	0.13425227	-0.99087095	-0.00023994118	2.965932e-20	1
0	0.13425227	-0.99087095	-0.00023994118	0	0.0001256637	0	0.13425227	-0.99087095	-0.00023994118	2.9684184e-20	1
0	0.13679746	-0.9905225	-0.00023919364	0	0.0002513274	0	0.13679746	-0.9905225	-0.00023919364	2.9733886e-20	1
0	0.1394416	-0.99015355	-0.00023840173	0	0.0006283185	0	0.1394416	-0.99015355	-0.00023840173	2.9882985e-20	1
0	0.14220628	-0.9897598	-0.00023758068	0	0.0010053096	0	0.14220628	-0.9897598	-0.00023758068	3.0032026e-20	1
0	0.14220628	-0.9897598	-0.00023758068	0	0.001256637	0	0.14220628	-0.9897598	-0.00023758068	3.0131366e-20	1
0	0.14903226	-0.9887543	-0.00023550121	0	0.0018849556	0	0.14903226	-0.9887543	-0.00023550121	3.0379552e-20	1
0	0.15437841	-0.98793304	-0.00023383865	0	0.002513274	0	0.15437841	-0.98793304	-0.00023383865	3.0627558e-20	1
0	0.16631271	-0.98599267	-0.00023003049	0	0.0037699111	0	0.16631271	-0.98599267	-0.00023003049	3.1122884e-20	1
0	0.19766513	-0.9801843	-0.0002194511	0	0.0062831854	0	0.19766513	-0.9801843	-0.0002194511	3.2109878e-20	1
0	0.27223974	-0.96212965	-0.00019178922	0	0.009424778	0	0.27223974	-0.96212965	-0.00019178922	3.3330794e-20	1
0	-0.9572685	0.2888586	0.000120457036	0	0.012566371	0	-0.9572685	0.2888586	0.000120457036	2.712431e-20	1
0	-0.06925316	0.9975296	0.00025560748	0	0.018849555	0	-0.06925316	0.9975296	0.00025560748	2.2142685e-20	1
0	-0.05939756	0.9981658	0.00025705073	0	0.025132742	0	-0.05939756	0.9981658	0.00025705073	1.963877e-20	1
0	-0.046154518	0.99886703	0.000258124	0	0.03769911	0	-0.046154518	0.99886703	0.000258124	1.4627492e-20	1
0	-0.037683226	0.9992235	0.00025795738	0	0.050265484	0	-0.037683226	0.9992235	0.00025795738	9.613685e-21	1
0	-0.03182327	0.9994283	0.0002571609	0	0.06283186	0	-0.03182327	0.9994283	0.0002571609	4.5985184e-21	1
