# t (s)	mx ()	my ()	mz ()	B_extx (T)	B_exty (T)	B_extz (T)	mx ()	my ()	mz ()	E_total (J)	branch ()
0	0.14780962	0.9889281	0.0049688965	0	0.06283186	0	0.14780962	0.9889281	0.0049688965	4.0199847e-21	-1
0	0.18603127	0.98244846	0.0053434405	0	0.050265484	0	0.18603127	0.98244846	0.0053434405	8.968229e-21	-1
0	0.23939025	0.970816	0.005791531	0	0.03769911	0	0.23939025	0.970816	0.005791531	1.387229e-20	-1
0	0.31118184	0.95022416	0.0062565533	0	0.025132742	0	0.31118184	0.95022416	0.0062565533	1.8697424e-20	-1
0	0.35455933	0.9348948	0.006458027	0	0.018849555	0	0.35455933	0.9348948	0.006458027	2.106341e-20	-1
0	0.40327945	0.9149232	0.0066099656	0	0.012566371	0	0.40327945	0.9149232	0.0066099656	2.3385344e-20	-1
0	0.42987925	0.9027243	0.006658818	0	0.009424778	0	0.42987925	0.9027243	0.006658818	2.4525757e-20	-1
0	0.4581504	0.8887034	0.0066838367	0	0.0062831854	0	0.4581504	0.8887034	0.0066838367	2.5649748e-20	-1
0	0.48220056	0.87588155	0.0066830153	0	0.0037699111	0	0.48220056	0.87588155	0.0066830153	2.6535437e-20	-1
0	0.49474275	0.8688561	0.006674478	0	0.002513274	0	0.49474275	0.8688561	0.006674478	2.6973256e-20	-1
0	0.5011715	0.8651624	0.006667932	0	0.0018849556	0	0.5011715	0.8651624	0.006667932	2.719081e-20	-1
0	0.5077062	0.8613425	0.0066597713	0	0.001256637	0	0.5077062	0.8613425	0.0066597713	2.7407424e-20	-1
0	0.5077062	0.8613425	0.0066597713	0	0.0010053096	0	0.5077062	0.8613425	0.0066597713	2.7493878e-20	-1
0	0.5143573	0.85738593	0.006649902	0	0.0006283185	0	0.5143573	0.85738593	0.006649902	2.7623063e-20	-1
0	0.5183965	0.854949	0.006643141	0	0.0002513274	0	0.5183965	0.854949	0.006643141	2.7751958e-20	-1
0	0.5183965	0.854949	0.006643141	0	0.0001256637	0	0.5183965	0.854949	0.006643141	2.7794865e-20	-1
0	0.5183965	0.854949	0.006643141	0	6.283185e-05	0	0.5183965	0.854949	0.006643141	2.7816317e-20	-1
0	0.5183965	0.854949	0.006643141	0	2.5132742e-05	0	0.5183965	0.854949	0.006643141	2.782919e-20	-1
0	0.5183965	0.854949	0.006643141	0	1.2566371e-05	0	0.5183965	0.854949	0.006643141	2.783348e-20	-1
0	0.5183965	0.854949	0.006643141	0	6.2831855e-06	0	0.5183965	0.854949	0.006643141	2.7835626e-20	-1
0	0.5183965	0.854949	0.006643141	0	2.513274e-06	0	0.5183965	0.854949	0.006643141	2.7836912e-20	-1
0	0.5183965	0.854949	0.006643141	0	1.256637e-06	0	0.5183965	0.854949	0.006643141	2.7837342e-20	-1
0	0.5183965	0.854949	0.006643141	0	6.283185e-07	0	0.5183965	0.854949	0.006643141	2.7837555e-20	-1
0	0.5183965	0.854949	0.006643141	0	2.513274e-07	0	0.5183965	0.854949	0.006643141	2.7837684e-20	-1
0	0.5183965	0.854949	0.006643141	0	1.256637e-07	0	0.5183965	0.854949	0.006643141	2.7837726e-20	-1
0	0.5183965	0.854949	0.006643141	0	0	0	0.5183965	0.854949	0.006643141	2.783777e-20	-1
0	0.5183965	0.854949	0.006643141	0	-1.256637e-07	0	0.5183965	0.854949	0.006643141	2.7837814e-20	-1
0	0.5183965	0.854949	0.006643141	0	-2.513274e-07	0	0.5183965	0.854949	0.006643141	2.7837856e-20	-1
0	0.5183965	0.854949	0.006643141	0	-6.283185e-07	0	0.5183965	0.854949	0.006643141	2.7837985e-20	-1
0	0.5183965	0.854949	0.006643141	0	-1.256637e-06	0	0.5183965	0.854949	0.006643141	2.78382e-20	-1
0	0.5183965	0.854949	0.006643141	0	-2.513274e-06	0	0.5183965	0.854949	0.006643141	2.7838628e-20	-1
0	0.5183965	0.854949	0.006643141	0	-6.2831855e-06	0	0.5183965	0.854949	0.006643141	2.7839917e-20	-1
0	0.5183965	0.854949	0.006643141	0	-1.2566371e-05	0	0.5183965	0.854949	0.006643141	2.7842063e-20	-1
0	0.5183965	0.854949	0.006643141	0	-2.5132742e-05	0	0.5183965	0.854949	0.006643141	2.7846354e-20	-1
0	0.5183965	0.854949	0.006643141	0	-6.283185e-05	0	0.5183965	0.854949	0.006643141	2.7859223e-20	-1
0	0.5224906	0.8524523	0.006635691	0	-0.0001256637	0	0.5224906	0.8524523	0.006635691	2.7880488e-20	-1
0	0.5224906	0.8524523	0.006635691	0	-0.0002513274	0	0.5224906	0.8524523	0.006635691	2.792327e-20	-1
0	0.5280144	0.84904075	0.0066246944	0	-0.0006283185	0	0.5280144	0.84904075	0.0066246944	2.805127e-20	-1
0	0.5280144	0.84904075	0.0066246944	0	-0.0010053096	0	0.5280144	0.84904075	0.0066246944	2.81791e-20	-1
0	0.5350405	0.8446294	0.0066091325	0	-0.001256637	0	0.5350405	0.8446294	0.0066091325	2.826376e-20	-1
0	0.5422236	0.84003484	0.0065913945	0	-0.0018849556	0	0.5422236	0.84003484	0.0065913945	2.847513e-20	-1
0	0.5495434	0.83526325	0.006571436	0	-0.002513274	0	0.5495434	0.83526325	0.006571436	2.8685315e-20	-1
0	0.56475776	0.82504976	0.006523812	0	-0.0037699111	0	0.56475776	0.82504976	0.006523812	2.910197e-20	-1
0	0.59767926	0.80151725	0.006392642	0	-0.0062831854	0	0.59767926	0.80151725	0.006392642	2.991866e-20	-1
0	0.6464368	0.7627332	0.0061285365	0	-0.009424778	0	0.6464368	0.7627332	0.0061285365	3.0901367e-20	-1
0	0.71659005	0.69723755	0.0056087095	0	-0.012566371	0	0.71659005	0.69723755	0.0056087095	3.182238e-20	-1
0	-0.35454193	-0.9349015	-0.0064579668	0	-0.018849555	0	-0.35454193	-0.9349015	-0.0064579668	2.1063408e-20	-1
0	-0.31117952	-0.950225	-0.006256542	0	-0.025132742	0	-0.31117952	-0.950225	-0.006256542	1.8697427e-20	-1
0	-0.23939529	-0.9708147	-0.005791577	0	-0.03769911	0	-0.23939529	-0.9708147	-0.005791577	1.387229e-20	-1
0	-0.18603978	-0.9824468	-0.005343511	0	-0.050265484	0	-0.18603978	-0.9824468	-0.005343511	8.968231e-21	-1
0	-0.14781368	-0.9889275	-0.0049689347	0	-0.06283186	0	-0.14781368	-0.9889275	-0.0049689347	4.0199867e-21	-1
0	-0.14781368	-0.9889275	-0.0049689347	0	-0.06283186	0	-0.14781368	-0.9889275	-0.0049689347	4.0199867e-21	1
0	-0.18603542	-0.9824476	-0.0053434717	0	-0.050265484	0	-0.18603542	-0.9824476	-0.0053434717	8.968229e-21	1
0	-0.23938513	-0.97081727	-0.005791501	0	-0.03769911	0	-0.23938513	-0.97081727	-0.005791501	1.3872289e-20	1
0	-0.31116825	-0.9502287	-0.006256486	0	-0.025132742	0	-0.31116825	-0.9502287	-0.006256486	1.8697429e-20	1
0	-0.3545393	-0.9349024	-0.0064579565	0	-0.018849555	0	-0.3545393	-0.9349024	-0.0064579565	2.1063406e-20	1
0	-0.40329614	-0.9149159	-0.006609997	0	-0.012566371	0	-0.40329614	-0.9149159	-0.006609997	2.3385344e-20	1
0	-0.42986435	-0.9027314	-0.0066588046	0	-0.009424778	0	-0.42986435	-0.9027314	-0.0066588046	2.4525758e-20	1
0	-0.4581645	-0.8886961	-0.006683838	0	-0.0062831854	0	-0.4581645	-0.8886961	-0.006683838	2.5649748e-20	1
0	-0.4821843	-0.8758906	-0.0066830306	0	-0.0037699111	0	-0.4821843	-0.8758906	-0.0066830306	2.6535435e-20	1
0	-0.49474424	-0.86885524	-0.006674477	0	-0.002513274	0	-0.49474424	-0.86885524	-0.006674477	2.6973258e-20	1
0	-0.50117856	-0.8651583	-0.0066679213	0	-0.0018849556	0	-0.50117856	-0.8651583	-0.0066679213	2.719081e-20	1
0	-0.5077039	-0.86134386	-0.006659776	0	-0.001256637	0	-0.5077039	-0.86134386	-0.006659776	2.7407424e-20	1
0	-0.5077039	-0.86134386	-0.006659776	0	-0.0010053096	0	-0.5077039	-0.86134386	-0.006659776	2.7493878e-20	1
0	-0.5143526	-0.85738885	-0.0066499114	0	-0.0006283185	0	-0.5143526	-0.85738885	-0.0066499114	2.7623063e-20	1
0	-0.5183921	-0.85495174	-0.00664315	0	-0.0002513274	0	-0.5183921	-0.85495174	-0.00664315	2.775196e-20	1
0	-0.5183921	-0.85495174	-0.00664315	0	-0.0001256637	0	-0.5183921	-0.85495174	-0.00664315	2.7794868e-20	1
0	-0.5183921	-0.85495174	-0.00664315	0	-6.283185e-05	0	-0.5183921	-0.85495174	-0.00664315	2.781632e-20	1
0	-0.5183921	-0.85495174	-0.00664315	0	-2.5132742e-05	0	-0.5183921	-0.85495174	-0.00664315	2.7829193e-20	1
0	-0.5183921	-0.85495174	-0.00664315	0	-1.2566371e-05	0	-0.5183921	-0.85495174	-0.00664315	2.7833484e-20	1
0	-0.5183921	-0.85495174	-0.00664315	0	-6.2831855e-06	0	-0.5183921	-0.85495174	-0.00664315	2.783563e-20	1
0	-0.5183921	-0.85495174	-0.00664315	0	-2.513274e-06	0	-0.5183921	-0.85495174	-0.00664315	2.7836915e-20	1
0	-0.5183921	-0.85495174	-0.00664315	0	-1.256637e-06	0	-0.5183921	-0.85495174	-0.00664315	2.7837345e-20	1
0	-0.5183921	-0.85495174	-0.00664315	0	-6.283185e-07	0	-0.5183921	-0.85495174	-0.00664315	2.7837558e-20	1
0	-0.5183921	-0.85495174	-0.00664315	0	-2.513274e-07	0	-0.5183921	-0.85495174	-0.00664315	2.7837688e-20	1
0	-0.5183921	-0.85495174	-0.00664315	0	-1.256637e-07	0	-0.5183921	-0.85495174	-0.00664315	2.7837733e-20	1
0	-0.5183921	-0.85495174	-0.00664315	0	0	0	-0.5183921	-0.85495174	-0.00664315	2.7837775e-20	1
0	-0.5183921	-0.85495174	-0.00664315	0	1.256637e-07	0	-0.5183921	-0.85495174	-0.00664315	2.7837817e-20	1
0	-0.5183921	-0.85495174	-0.00664315	0	2.513274e-07	0	-0.5183921	-0.85495174	-0.00664315	2.783786e-20	1
0	-0.5183921	-0.85495174	-0.00664315	0	6.283185e-07	0	-0.5183921	-0.85495174	-0.00664315	2.7837988e-20	1
0	-0.5183921	-0.85495174	-0.00664315	0	1.256637e-06	0	-0.5183921	-0.85495174	-0.00664315	2.7838205e-20	1
0	-0.5183921	-0.85495174	-0.00664315	0	2.513274e-06	0	-0.5183921	-0.85495174	-0.00664315	2.783863e-20	1
0	-0.5183921	-0.85495174	-0.00664315	0	6.2831855e-06	0	-0.5183921	-0.85495174	-0.00664315	2.783992e-20	1
0	-0.5183921	-0.85495174	-0.00664315	0	1.2566371e-05	0	-0.5183921	-0.85495174	-0.00664315	2.7842066e-20	1
0	-0.5183921	-0.85495174	-0.00664315	0	2.5132742e-05	0	-0.5183921	-0.85495174	-0.00664315	2.7846357e-20	1
0	-0.5183921	-0.85495174	-0.00664315	0	6.283185e-05	0	-0.5183921	-0.85495174	-0.00664315	2.7859227e-20	1
0	-0.52249086	-0.85245216	-0.00663569	0	0.0001256637	0	-0.52249086	-0.85245216	-0.00663569	2.7880494e-20	1
0	-0.52249086	-0.85245216	-0.00663569	0	0.0002513274	0	-0.52249086	-0.85245216	-0.00663569	2.7923272e-20	1
0	-0.52802	-0.8490373	-0.006624681	0	0.0006283185	0	-0.52802	-0.8490373	-0.006624681	2.805127e-20	1
0	-0.52802	-0.8490373	-0.006624681	0	0.0010053096	0	-0.52802	-0.8490373	-0.006624681	2.81791e-20	1
0	-0.5350379	-0.8446311	-0.00660914	0	0.001256637	0	-0.5350379	-0.8446311	-0.00660914	2.8263766e-20	1
0	-0.54221845	-0.8400382	-0.006591414	0	0.0018849556	0	-0.54221845	-0.8400382	-0.006591414	2.847513e-20	1
0	-0.54955125	-0.8352581	-0.006571411	0	0.002513274	0	-0.54955125	-0.8352581	-0.006571411	2.8685315e-20	1
0	-0.56473184	-0.82506746	-0.006523911	0	0.0037699111	0	-0.56473184	-0.82506746	-0.006523911	2.9101975e-20	1
0	-0.597687	-0.8015114	-0.006392603	0	0.0062831854	0	-0.597687	-0.8015114	-0.006392603	2.991866e-20	1
0	-0.6464266	-0.7627418	-0.0061286027	0	0.009424778	0	-0.6464266	-0.7627418	-0.0061286027	3.0901367e-20	1
0	-0.71653175	-0.69729745	-0.005609216	0	0.012566371	0	-0.71653175	-0.69729745	-0.005609216	3.182238e-20	1
0	0.3545599	0.93489456	0.006458029	0	0.018849555	0	0.3545599	0.93489456	0.006458029	2.1063411e-20	1
0	0.31118032	0.9502247	0.0062565454	0	0.025132742	0	0.31118032	0.9502247	0.0062565454	1.8697429e-20	1
0	0.23939708	0.9708143	0.005791585	0	0.03769911	0	0.23939708	0.9708143	0.005791585	1.3872289e-20	1
0	0.18603864	0.982447	0.005343501	0	0.050265484	0	0.18603864	0.982447	0.005343501	8.96823e-21	1
0	0.14781451	0.98892736	0.004968942	0	0.06283186	0	0.14781451	0.98892736	0.004968942	4.0199883e-21	1
