# t (s)	mx ()	my ()	mz ()	B_extx (T)	B_exty (T)	B_extz (T)	mx ()	my ()	mz ()	E_total (J)	branch ()
0	0.004717683	0.99992347	0.0010946067	0	0.06283186	0	0.004717683	0.99992347	0.0010946067	4.5421073e-21	-1
0	0.005569434	0.99991834	0.0011061688	0	0.050265484	0	0.005569434	0.99991834	0.0011061688	9.56022e-21	-1
0	0.0067986334	0.99991	0.0011191019	0	0.03769911	0	0.0067986334	0.99991	0.0011191019	1.4578297e-20	-1
0	0.008719454	0.99989426	0.0011344287	0	0.025132742	0	0.008719454	0.99989426	0.0011344287	1.9596319e-20	-1
0	0.010152768	0.9998803	0.0011436809	0	0.018849555	0	0.010152768	0.9998803	0.0011436809	2.2105289e-20	-1
0	0.012156079	0.99985754	0.0011548081	0	0.012566371	0	0.012156079	0.99985754	0.0011548081	2.4614213e-20	-1
0	0.0134813	0.99984026	0.0011614296	0	0.009424778	0	0.0134813	0.99984026	0.0011614296	2.5868654e-20	-1
0	0.015137336	0.99981636	0.0011691207	0	0.0062831854	0	0.015137336	0.99981636	0.0011691207	2.7123062e-20	-1
0	0.016775373	0.9997901	0.0011762903	0	0.0037699111	0	0.016775373	0.9997901	0.0011762903	2.8126567e-20	-1
0	0.017744435	0.9997732	0.0011803121	0	0.002513274	0	0.017744435	0.9997732	0.0011803121	2.862831e-20	-1
0	0.01826871	0.9997637	0.0011825031	0	0.0018849556	0	0.01826871	0.9997637	0.0011825031	2.8879173e-20	-1
0	0.018824007	0.99975336	0.0011847655	0	0.001256637	0	0.018824007	0.99975336	0.0011847655	2.913004e-20	-1
0	0.018824007	0.99975336	0.0011847655	0	0.0010053096	0	0.018824007	0.99975336	0.0011847655	2.9230385e-20	-1
0	0.019421626	0.9997419	0.0011871556	0	0.0006283185	0	0.019421626	0.9997419	0.0011871556	2.9380903e-20	-1
0	0.019789873	0.99973464	0.0011886216	0	0.0002513274	0	0.019789873	0.99973464	0.0011886216	2.9531417e-20	-1
0	0.019789873	0.99973464	0.0011886216	0	0.0001256637	0	0.019789873	0.99973464	0.0011886216	2.958159e-20	-1
0	0.019789873	0.99973464	0.0011886216	0	6.283185e-05	0	0.019789873	0.99973464	0.0011886216	2.9606675e-20	-1
0	0.019789873	0.99973464	0.0011886216	0	2.5132742e-05	0	0.019789873	0.99973464	0.0011886216	2.962173e-20	-1
0	0.019789873	0.99973464	0.0011886216	0	1.2566371e-05	0	0.019789873	0.99973464	0.0011886216	2.9626743e-20	-1
0	0.019789873	0.99973464	0.0011886216	0	6.2831855e-06	0	0.019789873	0.99973464	0.0011886216	2.9629254e-20	-1
0	0.019789873	0.99973464	0.0011886216	0	2.513274e-06	0	0.019789873	0.99973464	0.0011886216	2.963076e-20	-1
0	0.019789873	0.99973464	0.0011886216	0	1.256637e-06	0	0.019789873	0.99973464	0.0011886216	2.963126e-20	-1
0	0.019789873	0.99973464	0.0011886216	0	6.283185e-07	0	0.019789873	0.99973464	0.0011886216	2.963151e-20	-1
0	0.019789873	0.99973464	0.0011886216	0	2.513274e-07	0	0.019789873	0.99973464	0.0011886216	2.963166e-20	-1
0	0.019789873	0.99973464	0.0011886216	0	1.256637e-07	0	0.019789873	0.99973464	0.0011886216	2.9631713e-20	-1
0	0.019789873	0.99973464	0.0011886216	0	0	0	0.019789873	0.99973464	0.0011886216	2.963176e-20	-1
0	0.019789873	0.99973464	0.0011886216	0	-1.256637e-07	0	0.019789873	0.99973464	0.0011886216	2.9631813e-20	-1
0	0.019789873	0.99973464	0.0011886216	0	-2.513274e-07	0	0.019789873	0.99973464	0.0011886216	2.9631862e-20	-1
0	0.019789873	0.99973464	0.0011886216	0	-6.283185e-07	0	0.019789873	0.99973464	0.0011886216	2.9632014e-20	-1
0	0.019789873	0.99973464	0.0011886216	0	-1.256637e-06	0	0.019789873	0.99973464	0.0011886216	2.9632262e-20	-1
0	0.019789873	0.99973464	0.0011886216	0	-2.513274e-06	0	0.019789873	0.99973464	0.0011886216	2.9632766e-20	-1
0	0.019789873	0.99973464	0.0011886216	0	-6.2831855e-06	0	0.019789873	0.99973464	0.0011886216	2.963427e-20	-1
0	0.019789873	0.99973464	0.0011886216	0	-1.2566371e-05	0	0.019789873	0.99973464	0.0011886216	2.963678e-20	-1
0	0.019789873	0.99973464	0.0011886216	0	-2.5132742e-05	0	0.019789873	0.99973464	0.0011886216	2.9641798e-20	-1
0	0.019789873	0.99973464	0.0011886216	0	-6.283185e-05	0	0.019789873	0.99973464	0.0011886216	2.9656848e-20	-1
0	0.02020289	0.9997264	0.0011902312	0	-0.0001256637	0	0.02020289	0.9997264	0.0011902312	2.9681932e-20	-1
0	0.020301417	0.9997244	0.001190642	0	-0.0002513274	0	0.020301417	0.9997244	0.001190642	2.9732106e-20	-1
0	0.020715531	0.9997158	0.0011922534	0	-0.0006283185	0	0.020715531	0.9997158	0.0011922534	2.9882617e-20	-1
0	0.021163173	0.9997064	0.0011939888	0	-0.0010053096	0	0.021163173	0.9997064	0.0011939888	3.0033128e-20	-1
0	0.021430865	0.99970067	0.001195022	0	-0.001256637	0	0.021430865	0.99970067	0.001195022	3.013347e-20	-1
0	0.02221448	0.9996835	0.0011980049	0	-0.0018849556	0	0.02221448	0.9996835	0.0011980049	3.0384318e-20	-1
0	0.023038128	0.9996648	0.001201112	0	-0.002513274	0	0.023038128	0.9996648	0.001201112	3.0635164e-20	-1
0	0.024885926	0.99962044	0.0012079675	0	-0.0037699111	0	0.024885926	0.99962044	0.0012079675	3.1136833e-20	-1
0	0.029710528	0.9994883	0.0012252546	0	-0.0062831854	0	0.029710528	0.9994883	0.0012252546	3.2140093e-20	-1
0	0.039172277	0.9991617	0.001257414	0	-0.009424778	0	0.039172277	0.9991617	0.001257414	3.33939e-20	-1
0	0.057954423	0.9982474	0.0013177502	0	-0.012566371	0	0.057954423	0.9982474	0.0013177502	3.4647012e-20	-1
0	-0.010159394	-0.9998802	-0.0011437014	0	-0.018849555	0	-0.010159394	-0.9998802	-0.0011437014	2.2105287e-20	-1
0	-0.008723669	-0.9998942	-0.0011344433	0	-0.025132742	0	-0.008723669	-0.9998942	-0.0011344433	1.9596317e-20	-1
0	-0.0068003964	-0.99991	-0.0011191074	0	-0.03769911	0	-0.0068003964	-0.99991	-0.0011191074	1.45783e-20	-1
0	-0.0055728992	-0.99991834	-0.00110618	0	-0.050265484	0	-0.0055728992	-0.99991834	-0.00110618	9.560221e-21	-1
0	-0.00472055	-0.9999235	-0.0010946153	0	-0.06283186	0	-0.00472055	-0.9999235	-0.0010946153	4.5421134e-21	-1
0	-0.00472055	-0.9999235	-0.0010946153	0	-0.06283186	0	-0.00472055	-0.9999235	-0.0010946153	4.5421134e-21	1
0	-0.0055698114	-0.99991834	-0.0011061691	0	-0.050265484	0	-0.0055698114	-0.99991834	-0.0011061691	9.5602215e-21	1
0	-0.0067962147	-0.99991	-0.0011190944	0	-0.03769911	0	-0.0067962147	-0.99991	-0.0011190944	1.4578294e-20	1
0	-0.008714254	-0.99989426	-0.0011344117	0	-0.025132742	0	-0.008714254	-0.99989426	-0.0011344117	1.9596314e-20	1
0	-0.010153826	-0.9998803	-0.0011436839	0	-0.018849555	0	-0.010153826	-0.9998803	-0.0011436839	2.2105287e-20	1
0	-0.012146549	-0.9998576	-0.0011547771	0	-0.012566371	0	-0.012146549	-0.9998576	-0.0011547771	2.4614215e-20	1
0	-0.013485452	-0.99984026	-0.0011614417	0	-0.009424778	0	-0.013485452	-0.99984026	-0.0011614417	2.586865e-20	1
0	-0.015130375	-0.9998165	-0.0011690969	0	-0.0062831854	0	-0.015130375	-0.9998165	-0.0011690969	2.7123065e-20	1
0	-0.016769193	-0.99979013	-0.0011762632	0	-0.0037699111	0	-0.016769193	-0.99979013	-0.0011762632	2.8126567e-20	1
0	-0.01775723	-0.999773	-0.0011803863	0	-0.002513274	0	-0.01775723	-0.999773	-0.0011803863	2.862831e-20	1
0	-0.018262913	-0.99976385	-0.0011824861	0	-0.0018849556	0	-0.018262913	-0.99976385	-0.0011824861	2.887918e-20	1
0	-0.018826	-0.99975336	-0.0011847547	0	-0.001256637	0	-0.018826	-0.99975336	-0.0011847547	2.9130038e-20	1
0	-0.018826	-0.99975336	-0.0011847547	0	-0.0010053096	0	-0.018826	-0.99975336	-0.0011847547	2.9230382e-20	1
0	-0.01942052	-0.9997419	-0.0011871518	0	-0.0006283185	0	-0.01942052	-0.9997419	-0.0011871518	2.93809e-20	1
0	-0.019797195	-0.9997345	-0.0011886447	0	-0.0002513274	0	-0.019797195	-0.9997345	-0.0011886447	2.9531417e-20	1
0	-0.019797195	-0.9997345	-0.0011886447	0	-0.0001256637	0	-0.019797195	-0.9997345	-0.0011886447	2.9581588e-20	1
0	-0.019797195	-0.9997345	-0.0011886447	0	-6.283185e-05	0	-0.019797195	-0.9997345	-0.0011886447	2.9606675e-20	1
0	-0.019797195	-0.9997345	-0.0011886447	0	-2.5132742e-05	0	-0.019797195	-0.9997345	-0.0011886447	2.9621725e-20	1
0	-0.019797195	-0.9997345	-0.0011886447	0	-1.2566371e-05	0	-0.019797195	-0.9997345	-0.0011886447	2.9626743e-20	1
0	-0.019797195	-0.9997345	-0.0011886447	0	-6.2831855e-06	0	-0.019797195	-0.9997345	-0.0011886447	2.962925e-20	1
0	-0.019797195	-0.9997345	-0.0011886447	0	-2.513274e-06	0	-0.019797195	-0.9997345	-0.0011886447	2.9630757e-20	1
0	-0.019797195	-0.9997345	-0.0011886447	0	-1.256637e-06	0	-0.019797195	-0.9997345	-0.0011886447	2.9631257e-20	1
0	-0.019797195	-0.9997345	-0.0011886447	0	-6.283185e-07	0	-0.019797195	-0.9997345	-0.0011886447	2.963151e-20	1
0	-0.019797195	-0.9997345	-0.0011886447	0	-2.513274e-07	0	-0.019797195	-0.9997345	-0.0011886447	2.963166e-20	1
0	-0.019797195	-0.9997345	-0.0011886447	0	-1.256637e-07	0	-0.019797195	-0.9997345	-0.0011886447	2.963171e-20	1
0	-0.019797195	-0.9997345	-0.0011886447	0	0	0	-0.019797195	-0.9997345	-0.0011886447	2.963176e-20	1
0	-0.019797195	-0.9997345	-0.0011886447	0	1.256637e-07	0	-0.019797195	-0.9997345	-0.0011886447	2.963181e-20	1
0	-0.019797195	-0.9997345	-0.0011886447	0	2.513274e-07	0	-0.019797195	-0.9997345	-0.0011886447	2.9631862e-20	1
0	-0.019797195	-0.9997345	-0.0011886447	0	6.283185e-07	0	-0.019797195	-0.9997345	-0.0011886447	2.963201e-20	1
0	-0.019797195	-0.9997345	-0.0011886447	0	1.256637e-06	0	-0.019797195	-0.9997345	-0.0011886447	2.9632262e-20	1
0	-0.019797195	-0.9997345	-0.0011886447	0	2.513274e-06	0	-0.019797195	-0.9997345	-0.0011886447	2.9632763e-20	1
0	-0.019797195	-0.9997345	-0.0011886447	0	6.2831855e-06	0	-0.019797195	-0.9997345	-0.0011886447	2.963427e-20	1
0	-0.019797195	-0.9997345	-0.0011886447	0	1.2566371e-05	0	-0.019797195	-0.9997345	-0.0011886447	2.9636776e-20	1
0	-0.019797195	-0.9997345	-0.0011886447	0	2.5132742e-05	0	-0.019797195	-0.9997345	-0.0011886447	2.9641794e-20	1
0	-0.019797195	-0.9997345	-0.0011886447	0	6.283185e-05	0	-0.019797195	-0.9997345	-0.0011886447	2.9656845e-20	1
0	-0.02016131	-0.9997272	-0.0011900978	0	0.0001256637	0	-0.02016131	-0.9997272	-0.0011900978	2.9681932e-20	1
0	-0.020300217	-0.9997244	-0.0011906379	0	0.0002513274	0	-0.020300217	-0.9997244	-0.0011906379	2.9732102e-20	1
0	-0.020725705	-0.99971557	-0.0011922875	0	0.0006283185	0	-0.020725705	-0.99971557	-0.0011922875	2.9882617e-20	1
0	-0.021152299	-0.9997066	-0.0011939486	0	0.0010053096	0	-0.021152299	-0.9997066	-0.0011939486	3.003313e-20	1
0	-0.021152299	-0.9997066	-0.0011939486	0	0.001256637	0	-0.021152299	-0.9997066	-0.0011939486	3.0133472e-20	1
0	-0.022204757	-0.99968374	-0.0011979735	0	0.0018849556	0	-0.022204757	-0.99968374	-0.0011979735	3.0384318e-20	1
0	-0.023050673	-0.99966455	-0.0012011536	0	0.002513274	0	-0.023050673	-0.99966455	-0.0012011536	3.0635164e-20	1
0	-0.024908703	-0.99961984	-0.0012080388	0	0.0037699111	0	-0.024908703	-0.99961984	-0.0012080388	3.113683e-20	1
0	-0.029692415	-0.99948883	-0.0012251602	0	0.0062831854	0	-0.029692415	-0.99948883	-0.0012251602	3.214009e-20	1
0	-0.03916026	-0.9991622	-0.0012573774	0	0.009424778	0	-0.03916026	-0.9991622	-0.0012573774	3.3393895e-20	1
0	-0.058004126	-0.9982445	-0.0013179018	0	0.012566371	0	-0.058004126	-0.9982445	-0.0013179018	3.464701e-20	1
0	0.010159408	0.9998802	0.0011436937	0	0.018849555	0	0.010159408	0.9998802	0.0011436937	2.2105285e-20	1
0	0.008721376	0.99989426	0.0011344352	0	0.025132742	0	0.008721376	0.99989426	0.0011344352	1.9596314e-20	1
0	0.0067996318	0.99990994	0.0011191056	0	0.03769911	0	0.0067996318	0.99990994	0.0011191056	1.4578297e-20	1
0	0.0055718385	0.99991834	0.0011061563	0	0.050265484	0	0.0055718385	0.99991834	0.0011061563	9.560223e-21	1
0	0.004718158	0.9999235	0.0010946076	0	0.06283186	0	0.004718158	0.9999235	0.0010946076	4.5421073e-21	1
