# t (s)	mx ()	my ()	mz ()	B_extx (T)	B_exty (T)	B_extz (T)	mx ()	my ()	mz ()	E_total (J)	branch ()
0	0.99906766	0.041655306	0.0006404453	0.06283186	0	0	0.99906766	0.041655306	0.0006404453	2.304034e-21	-1
0	0.9988121	0.047370613	0.0006461806	0.050265484	0	0	0.9988121	0.047370613	0.0006461806	7.317264e-21	-1
0	0.9984267	0.05487848	0.00065216376	0.03769911	0	0	0.9984267	0.05487848	0.00065216376	1.232891e-20	-1
0	0.99780625	0.065174125	0.00065840204	0.025132742	0	0	0.99780625	0.065174125	0.00065840204	1.7338098e-20	-1
0	0.9973438	0.07189521	0.0006615905	0.018849555	0	0	0.9973438	0.07189521	0.0006615905	1.9841292e-20	-1
0	0.9967139	0.080145456	0.00066477037	0.012566371	0	0	0.9967139	0.080145456	0.00066477037	2.2343127e-20	-1
0	0.9963102	0.08501138	0.0006663229	0.009424778	0	0	0.9963102	0.08501138	0.0006663229	2.3593388e-20	-1
0	0.9958273	0.090485744	0.0006678221	0.0062831854	0	0	0.9958273	0.090485744	0.0006678221	2.4843093e-20	-1
0	0.99536717	0.09540895	0.0006689568	0.0037699111	0	0	0.99536717	0.09540895	0.0006689568	2.584238e-20	-1
0	0.99510705	0.09808186	0.0006694924	0.002513274	0	0	0.99510705	0.09808186	0.0006694924	2.634184e-20	-1
0	0.9949695	0.09946695	0.0006697503	0.0018849556	0	0	0.9949695	0.09946695	0.0006697503	2.6591522e-20	-1
0	0.9948256	0.10089405	0.0006700006	0.001256637	0	0	0.9948256	0.10089405	0.0006700006	2.6841166e-20	-1
0	0.9948256	0.10089405	0.0006700006	0.0010053096	0	0	0.9948256	0.10089405	0.0006700006	2.6941016e-20	-1
0	0.9946748	0.10236798	0.0006702399	0.0006283185	0	0	0.9946748	0.10236798	0.0006702399	2.7090774e-20	-1
0	0.99458194	0.10326539	0.00067038403	0.0002513274	0	0	0.99458194	0.10326539	0.00067038403	2.7240518e-20	-1
0	0.99458194	0.10326539	0.00067038403	0.0001256637	0	0	0.99458194	0.10326539	0.00067038403	2.729043e-20	-1
0	0.99458194	0.10326539	0.00067038403	6.283185e-05	0	0	0.99458194	0.10326539	0.00067038403	2.7315388e-20	-1
0	0.99458194	0.10326539	0.00067038403	2.5132742e-05	0	0	0.99458194	0.10326539	0.00067038403	2.733036e-20	-1
0	0.99458194	0.10326539	0.00067038403	1.2566371e-05	0	0	0.99458194	0.10326539	0.00067038403	2.7335353e-20	-1
0	0.99458194	0.10326539	0.00067038403	6.2831855e-06	0	0	0.99458194	0.10326539	0.00067038403	2.7337847e-20	-1
0	0.99458194	0.10326539	0.00067038403	2.513274e-06	0	0	0.99458194	0.10326539	0.00067038403	2.7339347e-20	-1
0	0.99458194	0.10326539	0.00067038403	1.256637e-06	0	0	0.99458194	0.10326539	0.00067038403	2.7339844e-20	-1
0	0.99458194	0.10326539	0.00067038403	6.283185e-07	0	0	0.99458194	0.10326539	0.00067038403	2.7340093e-20	-1
0	0.99458194	0.10326539	0.00067038403	2.513274e-07	0	0	0.99458194	0.10326539	0.00067038403	2.7340245e-20	-1
0	0.99458194	0.10326539	0.00067038403	1.256637e-07	0	0	0.99458194	0.10326539	0.00067038403	2.7340293e-20	-1
0	0.99458194	0.10326539	0.00067038403	0	0	0	0.99458194	0.10326539	0.00067038403	2.7340345e-20	-1
0	0.99458194	0.10326539	0.00067038403	-1.256637e-07	0	0	0.99458194	0.10326539	0.00067038403	2.7340394e-20	-1
0	0.99458194	0.10326539	0.00067038403	-2.513274e-07	0	0	0.99458194	0.10326539	0.00067038403	2.7340445e-20	-1
0	0.99458194	0.10326539	0.00067038403	-6.283185e-07	0	0	0.99458194	0.10326539	0.00067038403	2.7340594e-20	-1
0	0.99458194	0.10326539	0.00067038403	-1.256637e-06	0	0	0.99458194	0.10326539	0.00067038403	2.7340843e-20	-1
0	0.99458194	0.10326539	0.00067038403	-2.513274e-06	0	0	0.99458194	0.10326539	0.00067038403	2.7341344e-20	-1
0	0.99458194	0.10326539	0.00067038403	-6.2831855e-06	0	0	0.99458194	0.10326539	0.00067038403	2.734284e-20	-1
0	0.99458194	0.10326539	0.00067038403	-1.2566371e-05	0	0	0.99458194	0.10326539	0.00067038403	2.7345334e-20	-1
0	0.99458194	0.10326539	0.00067038403	-2.5132742e-05	0	0	0.99458194	0.10326539	0.00067038403	2.7350326e-20	-1
0	0.99450195	0.10403238	0.0006704988	-6.283185e-05	0	0	0.99450195	0.10403238	0.0006704988	2.7365296e-20	-1
0	0.99450195	0.10403238	0.0006704988	-0.0001256637	0	0	0.99450195	0.10403238	0.0006704988	2.739025e-20	-1
0	0.99450195	0.10403238	0.0006704988	-0.0002513274	0	0	0.99450195	0.10403238	0.0006704988	2.744016e-20	-1
0	0.9943533	0.10544323	0.00067069876	-0.0006283185	0	0	0.9943533	0.10544323	0.00067069876	2.7589873e-20	-1
0	0.99425244	0.10638893	0.0006708277	-0.0010053096	0	0	0.99425244	0.10638893	0.0006708277	2.773957e-20	-1
0	0.99425244	0.10638893	0.0006708277	-0.001256637	0	0	0.99425244	0.10638893	0.0006708277	2.7839365e-20	-1
0	0.9940027	0.10869484	0.00067111023	-0.0018849556	0	0	0.9940027	0.10869484	0.00067111023	2.80888e-20	-1
0	0.9938154	0.110392176	0.0006712966	-0.002513274	0	0	0.9938154	0.110392176	0.0006712966	2.83382e-20	-1
0	0.99341017	0.11397824	0.0006716227	-0.0037699111	0	0	0.99341017	0.11397824	0.0006716227	2.8836844e-20	-1
0	0.99247116	0.12187745	0.00067203643	-0.0062831854	0	0	0.99247116	0.12187745	0.00067203643	2.9833477e-20	-1
0	0.9909777	0.133468	0.0006718975	-0.009424778	0	0	0.9909777	0.133468	0.0006718975	3.1077764e-20	-1
0	0.9889784	0.14754277	0.0006705434	-0.012566371	0	0	0.9889784	0.14754277	0.0006705434	3.2319882e-20	-1
0	0.9820496	0.18818834	0.00065901567	-0.018849555	0	0	0.9820496	0.18818834	0.00065901567	3.4793908e-20	-1
0	0.96071494	0.27718776	0.0005872797	-0.025132742	0	0	0.96071494	0.27718776	0.0005872797	3.7238133e-20	-1
0	-0.99842656	-0.054881036	-0.0006521641	-0.03769911	0	0	-0.99842656	-0.054881036	-0.0006521641	1.2328912e-20	-1
0	-0.99881196	-0.04737296	-0.0006461807	-0.050265484	0	0	-0.99881196	-0.04737296	-0.0006461807	7.317262e-21	-1
0	-0.99906754	-0.04165945	-0.0006404459	-0.06283186	0	0	-0.99906754	-0.04165945	-0.0006404459	2.3040363e-21	-1
0	-0.99906754	-0.04165945	-0.0006404459	-0.06283186	0	0	-0.99906754	-0.04165945	-0.0006404459	2.3040363e-21	1
0	-0.9988121	-0.047369424	-0.0006461792	-0.050265484	0	0	-0.9988121	-0.047369424	-0.0006461792	7.3172655e-21	1
0	-0.9984267	-0.05487789	-0.0006521632	-0.03769911	0	0	-0.9984267	-0.05487789	-0.0006521632	1.23289065e-20	1
0	-0.9978062	-0.06517433	-0.0006584012	-0.025132742	0	0	-0.9978062	-0.06517433	-0.0006584012	1.7338097e-20	1
0	-0.99734366	-0.071897164	-0.0006615898	-0.018849555	0	0	-0.99734366	-0.071897164	-0.0006615898	1.984129e-20	1
0	-0.996714	-0.08014417	-0.0006647686	-0.012566371	0	0	-0.996714	-0.08014417	-0.0006647686	2.2343129e-20	1
0	-0.99631023	-0.08500989	-0.00066632236	-0.009424778	0	0	-0.99631023	-0.08500989	-0.00066632236	2.3593387e-20	1
0	-0.99582636	-0.09049565	-0.0006678223	-0.0062831854	0	0	-0.99582636	-0.09049565	-0.0006678223	2.484309e-20	1
0	-0.9953666	-0.09541573	-0.0006689565	-0.0037699111	0	0	-0.9953666	-0.09541573	-0.0006689565	2.5842381e-20	1
0	-0.99510765	-0.09807623	-0.00066948985	-0.002513274	0	0	-0.99510765	-0.09807623	-0.00066948985	2.6341841e-20	1
0	-0.9949691	-0.09946996	-0.0006697504	-0.0018849556	0	0	-0.9949691	-0.09946996	-0.0006697504	2.6591519e-20	1
0	-0.99482644	-0.100886166	-0.00067000097	-0.001256637	0	0	-0.99482644	-0.100886166	-0.00067000097	2.6841166e-20	1
0	-0.9947672	-0.10146754	-0.00067009946	-0.0010053096	0	0	-0.9947672	-0.10146754	-0.00067009946	2.6941016e-20	1
0	-0.9946751	-0.10236591	-0.00067024527	-0.0006283185	0	0	-0.9946751	-0.10236591	-0.00067024527	2.7090773e-20	1
0	-0.9945817	-0.103268124	-0.0006703841	-0.0002513274	0	0	-0.9945817	-0.103268124	-0.0006703841	2.7240518e-20	1
0	-0.9945817	-0.103268124	-0.0006703841	-0.0001256637	0	0	-0.9945817	-0.103268124	-0.0006703841	2.7290433e-20	1
0	-0.9945817	-0.103268124	-0.0006703841	-6.283185e-05	0	0	-0.9945817	-0.103268124	-0.0006703841	2.7315388e-20	1
0	-0.9945817	-0.103268124	-0.0006703841	-2.5132742e-05	0	0	-0.9945817	-0.103268124	-0.0006703841	2.733036e-20	1
0	-0.9945817	-0.103268124	-0.0006703841	-1.2566371e-05	0	0	-0.9945817	-0.103268124	-0.0006703841	2.7335353e-20	1
0	-0.9945817	-0.103268124	-0.0006703841	-6.2831855e-06	0	0	-0.9945817	-0.103268124	-0.0006703841	2.733785e-20	1
0	-0.9945817	-0.103268124	-0.0006703841	-2.513274e-06	0	0	-0.9945817	-0.103268124	-0.0006703841	2.7339347e-20	1
0	-0.9945817	-0.103268124	-0.0006703841	-1.256637e-06	0	0	-0.9945817	-0.103268124	-0.0006703841	2.7339844e-20	1
0	-0.9945817	-0.103268124	-0.0006703841	-6.283185e-07	0	0	-0.9945817	-0.103268124	-0.0006703841	2.7340096e-20	1
0	-0.9945817	-0.103268124	-0.0006703841	-2.513274e-07	0	0	-0.9945817	-0.103268124	-0.0006703841	2.7340245e-20	1
0	-0.9945817	-0.103268124	-0.0006703841	-1.256637e-07	0	0	-0.9945817	-0.103268124	-0.0006703841	2.7340297e-20	1
0	-0.9945817	-0.103268124	-0.0006703841	0	0	0	-0.9945817	-0.103268124	-0.0006703841	2.7340345e-20	1
0	-0.9945817	-0.103268124	-0.0006703841	1.256637e-07	0	0	-0.9945817	-0.103268124	-0.0006703841	2.7340394e-20	1
0	-0.9945817	-0.103268124	-0.0006703841	2.513274e-07	0	0	-0.9945817	-0.103268124	-0.0006703841	2.7340445e-20	1
0	-0.9945817	-0.103268124	-0.0006703841	6.283185e-07	0	0	-0.9945817	-0.103268124	-0.0006703841	2.7340594e-20	1
0	-0.9945817	-0.103268124	-0.0006703841	1.256637e-06	0	0	-0.9945817	-0.103268124	-0.0006703841	2.7340843e-20	1
0	-0.9945817	-0.103268124	-0.0006703841	2.513274e-06	0	0	-0.9945817	-0.103268124	-0.0006703841	2.7341344e-20	1
0	-0.9945817	-0.103268124	-0.0006703841	6.2831855e-06	0	0	-0.9945817	-0.103268124	-0.0006703841	2.734284e-20	1
0	-0.9945817	-0.103268124	-0.0006703841	1.2566371e-05	0	0	-0.9945817	-0.103268124	-0.0006703841	2.7345337e-20	1
0	-0.9945817	-0.103268124	-0.0006703841	2.5132742e-05	0	0	-0.9945817	-0.103268124	-0.0006703841	2.7350326e-20	1
0	-0.9945041	-0.1040121	-0.0006704993	6.283185e-05	0	0	-0.9945041	-0.1040121	-0.0006704993	2.7365296e-20	1
0	-0.9945041	-0.1040121	-0.0006704993	0.0001256637	0	0	-0.9945041	-0.1040121	-0.0006704993	2.739025e-20	1
0	-0.9945041	-0.1040121	-0.0006704993	0.0002513274	0	0	-0.9945041	-0.1040121	-0.0006704993	2.744016e-20	1
0	-0.9943547	-0.10542914	-0.00067069917	0.0006283185	0	0	-0.9943547	-0.10542914	-0.00067069917	2.7589873e-20	1
0	-0.9942523	-0.10638982	-0.0006708277	0.0010053096	0	0	-0.9942523	-0.10638982	-0.0006708277	2.773957e-20	1
0	-0.9942523	-0.10638982	-0.0006708277	0.001256637	0	0	-0.9942523	-0.10638982	-0.0006708277	2.783936e-20	1
0	-0.9940027	-0.108694896	-0.00067111035	0.0018849556	0	0	-0.9940027	-0.108694896	-0.00067111035	2.8088805e-20	1
0	-0.9938146	-0.11039974	-0.0006712964	0.002513274	0	0	-0.9938146	-0.11039974	-0.0006712964	2.83382e-20	1
0	-0.9934096	-0.1139835	-0.0006716215	0.0037699111	0	0	-0.9934096	-0.1139835	-0.0006716215	2.883685e-20	1
0	-0.9924707	-0.12188119	-0.00067203457	0.0062831854	0	0	-0.9924707	-0.12188119	-0.00067203457	2.9833477e-20	1
0	-0.99097824	-0.1334634	-0.00067189836	0.009424778	0	0	-0.99097824	-0.1334634	-0.00067189836	3.1077764e-20	1
0	-0.98897636	-0.14755633	-0.0006705383	0.012566371	0	0	-0.98897636	-0.14755633	-0.0006705383	3.231988e-20	1
0	-0.98204994	-0.18818629	-0.0006590159	0.018849555	0	0	-0.98204994	-0.18818629	-0.0006590159	3.4793908e-20	1
0	-0.96071863	-0.277175	-0.0005872956	0.025132742	0	0	-0.96071863	-0.277175	-0.0005872956	3.7238133e-20	1
0	0.99842656	0.05487965	0.0006521639	0.03769911	0	0	0.99842656	0.05487965	0.0006521639	1.2328911e-20	1
0	0.9988121	0.047370937	0.0006461805	0.050265484	0	0	0.9988121	0.047370937	0.0006461805	7.317264e-21	1
0	0.9990674	0.04166049	0.000640446	0.06283186	0	0	0.9990674	0.04166049	0.000640446	2.3040353e-21	1
