# t (s)	mx ()	my ()	mz ()	B_extx (T)	B_exty (T)	B_extz (T)	mx ()	my ()	mz ()	E_total (J)	branch ()
0	0.1975679	0.98020184	-0.0033057095	0	0.06283186	0	0.1975679	0.98020184	-0.0033057095	4.1803733e-21	-1
0	0.24212945	0.9701476	-0.003540102	0	0.050265484	0	0.24212945	0.9701476	-0.003540102	9.076345e-21	-1
0	0.30024657	0.95375156	-0.0038489364	0	0.03769911	0	0.30024657	0.95375156	-0.0038489364	1.3907202e-20	-1
0	0.37376118	0.9273945	-0.004226415	0	0.025132742	0	0.37376118	0.9273945	-0.004226415	1.8632597e-20	-1
0	0.4167596	0.90887296	-0.0044282675	0	0.018849555	0	0.4167596	0.90887296	-0.0044282675	2.0937323e-20	-1
0	0.4644742	0.8854271	-0.0046241274	0	0.012566371	0	0.4644742	0.8854271	-0.0046241274	2.3189676e-20	-1
0	0.49034888	0.8713579	-0.00471377	0	0.009424778	0	0.49034888	0.8713579	-0.00471377	2.4291912e-20	-1
0	0.5178249	0.85530865	-0.004793088	0	0.0062831854	0	0.5178249	0.85530865	-0.004793088	2.5375292e-20	-1
0	0.54119444	0.84071124	-0.004845584	0	0.0037699111	0	0.54119444	0.84071124	-0.004845584	2.6226585e-20	-1
0	0.55337715	0.83274007	-0.004866831	0	0.002513274	0	0.55337715	0.83274007	-0.004866831	2.6646518e-20	-1
0	0.55962026	0.8285562	-0.0048759645	0	0.0018849556	0	0.55962026	0.8285562	-0.0048759645	2.6854953e-20	-1
0	0.56597424	0.8242277	-0.0048839888	0	0.001256637	0	0.56597424	0.8242277	-0.0048839888	2.7062316e-20	-1
0	0.56597424	0.8242277	-0.0048839888	0	0.0010053096	0	0.56597424	0.8242277	-0.0048839888	2.7145043e-20	-1
0	0.5724399	0.8197492	-0.00489079	0	0.0006283185	0	0.5724399	0.8197492	-0.00489079	2.7268578e-20	-1
0	0.5724399	0.8197492	-0.00489079	0	0.0002513274	0	0.5724399	0.8197492	-0.00489079	2.7391996e-20	-1
0	0.5724399	0.8197492	-0.00489079	0	0.0001256637	0	0.5724399	0.8197492	-0.00489079	2.7433135e-20	-1
0	0.57836294	0.8155799	-0.0048957756	0	6.283185e-05	0	0.57836294	0.8155799	-0.0048957756	2.7453236e-20	-1
0	0.57836294	0.8155799	-0.0048957756	0	2.5132742e-05	0	0.57836294	0.8155799	-0.0048957756	2.7465514e-20	-1
0	0.57836294	0.8155799	-0.0048957756	0	1.2566371e-05	0	0.57836294	0.8155799	-0.0048957756	2.7469605e-20	-1
0	0.57836294	0.8155799	-0.0048957756	0	6.2831855e-06	0	0.57836294	0.8155799	-0.0048957756	2.7471654e-20	-1
0	0.57836294	0.8155799	-0.0048957756	0	2.513274e-06	0	0.57836294	0.8155799	-0.0048957756	2.747288e-20	-1
0	0.57836294	0.8155799	-0.0048957756	0	1.256637e-06	0	0.57836294	0.8155799	-0.0048957756	2.7473292e-20	-1
0	0.57836294	0.8155799	-0.0048957756	0	6.283185e-07	0	0.57836294	0.8155799	-0.0048957756	2.7473495e-20	-1
0	0.57836294	0.8155799	-0.0048957756	0	2.513274e-07	0	0.57836294	0.8155799	-0.0048957756	2.7473618e-20	-1
0	0.57836294	0.8155799	-0.0048957756	0	1.256637e-07	0	0.57836294	0.8155799	-0.0048957756	2.747366e-20	-1
0	0.57836294	0.8155799	-0.0048957756	0	0	0	0.57836294	0.8155799	-0.0048957756	2.74737e-20	-1
0	0.57836294	0.8155799	-0.0048957756	0	-1.256637e-07	0	0.57836294	0.8155799	-0.0048957756	2.747374e-20	-1
0	0.57836294	0.8155799	-0.0048957756	0	-2.513274e-07	0	0.57836294	0.8155799	-0.0048957756	2.7473783e-20	-1
0	0.57836294	0.8155799	-0.0048957756	0	-6.283185e-07	0	0.57836294	0.8155799	-0.0048957756	2.7473906e-20	-1
0	0.57836294	0.8155799	-0.0048957756	0	-1.256637e-06	0	0.57836294	0.8155799	-0.0048957756	2.747411e-20	-1
0	0.57836294	0.8155799	-0.0048957756	0	-2.513274e-06	0	0.57836294	0.8155799	-0.0048957756	2.747452e-20	-1
0	0.57836294	0.8155799	-0.0048957756	0	-6.2831855e-06	0	0.57836294	0.8155799	-0.0048957756	2.7475748e-20	-1
0	0.57836294	0.8155799	-0.0048957756	0	-1.2566371e-05	0	0.57836294	0.8155799	-0.0048957756	2.7477793e-20	-1
0	0.57836294	0.8155799	-0.0048957756	0	-2.5132742e-05	0	0.57836294	0.8155799	-0.0048957756	2.7481887e-20	-1
0	0.57836294	0.8155799	-0.0048957756	0	-6.283185e-05	0	0.57836294	0.8155799	-0.0048957756	2.7494165e-20	-1
0	0.57836294	0.8155799	-0.0048957756	0	-0.0001256637	0	0.57836294	0.8155799	-0.0048957756	2.7514628e-20	-1
0	0.57836294	0.8155799	-0.0048957756	0	-0.0002513274	0	0.57836294	0.8155799	-0.0048957756	2.755556e-20	-1
0	0.5857484	0.8102906	-0.0049002683	0	-0.0006283185	0	0.5857484	0.8102906	-0.0049002683	2.767762e-20	-1
0	0.5857484	0.8102906	-0.0049002683	0	-0.0010053096	0	0.5857484	0.8102906	-0.0049002683	2.779961e-20	-1
0	0.5925971	0.80529416	-0.004902662	0	-0.001256637	0	0.5925971	0.80529416	-0.004902662	2.7880316e-20	-1
0	0.59959835	0.80009377	-0.0049032867	0	-0.0018849556	0	0.59959835	0.80009377	-0.0049032867	2.8081738e-20	-1
0	0.60674393	0.79468745	-0.0049019614	0	-0.002513274	0	0.60674393	0.79468745	-0.0049019614	2.828183e-20	-1
0	0.62160754	0.78311354	-0.0048925187	0	-0.0037699111	0	0.62160754	0.78311354	-0.0048925187	2.8677773e-20	-1
0	0.6540084	0.7562605	-0.0048377966	0	-0.0062831854	0	0.6540084	0.7562605	-0.0048377966	2.9450777e-20	-1
0	0.7028135	0.7111305	-0.0046521327	0	-0.009424778	0	0.7028135	0.7111305	-0.0046521327	3.037313e-20	-1
0	0.78019583	0.62526727	-0.0040274663	0	-0.012566371	0	0.78019583	0.62526727	-0.0040274663	3.1220637e-20	-1
0	-0.416757	-0.90887415	0.0044282563	0	-0.018849555	0	-0.416757	-0.90887415	0.0044282563	2.0937323e-20	-1
0	-0.37376088	-0.9273946	0.004226414	0	-0.025132742	0	-0.37376088	-0.9273946	0.004226414	1.8632599e-20	-1
0	-0.30025232	-0.9537498	0.0038489765	0	-0.03769911	0	-0.30025232	-0.9537498	0.0038489765	1.3907202e-20	-1
0	-0.2421341	-0.9701464	0.0035401254	0	-0.050265484	0	-0.2421341	-0.9701464	0.0035401254	9.076347e-21	-1
0	-0.19757932	-0.9801996	0.003305764	0	-0.06283186	0	-0.19757932	-0.9801996	0.003305764	4.180375e-21	-1
0	-0.19757932	-0.9801996	0.003305764	0	-0.06283186	0	-0.19757932	-0.9801996	0.003305764	4.180375e-21	1
0	-0.24212813	-0.97014797	0.0035400945	0	-0.050265484	0	-0.24212813	-0.97014797	0.0035400945	9.076345e-21	1
0	-0.30024418	-0.9537523	0.003848923	0	-0.03769911	0	-0.30024418	-0.9537523	0.003848923	1.39072e-20	1
0	-0.37375367	-0.9273975	0.004226378	0	-0.025132742	0	-0.37375367	-0.9273975	0.004226378	1.8632597e-20	1
0	-0.4167619	-0.9088719	0.0044282773	0	-0.018849555	0	-0.4167619	-0.9088719	0.0044282773	2.0937327e-20	1
0	-0.4644654	-0.88543177	0.0046241	0	-0.012566371	0	-0.4644654	-0.88543177	0.0046241	2.3189674e-20	1
0	-0.4903484	-0.87135816	0.004713769	0	-0.009424778	0	-0.4903484	-0.87135816	0.004713769	2.4291912e-20	1
0	-0.5178286	-0.85530645	0.0047930963	0	-0.0062831854	0	-0.5178286	-0.85530645	0.0047930963	2.5375294e-20	1
0	-0.54117167	-0.84072584	0.0048455456	0	-0.0037699111	0	-0.54117167	-0.84072584	0.0048455456	2.6226587e-20	1
0	-0.55337363	-0.83274245	0.0048668263	0	-0.002513274	0	-0.55337363	-0.83274245	0.0048668263	2.6646523e-20	1
0	-0.5596165	-0.8285588	0.0048759608	0	-0.0018849556	0	-0.5596165	-0.8285588	0.0048759608	2.6854955e-20	1
0	-0.565977	-0.8242258	0.0048839916	0	-0.001256637	0	-0.565977	-0.8242258	0.0048839916	2.7062319e-20	1
0	-0.565977	-0.8242258	0.0048839916	0	-0.0010053096	0	-0.565977	-0.8242258	0.0048839916	2.7145047e-20	1
0	-0.57244277	-0.8197471	0.004890793	0	-0.0006283185	0	-0.57244277	-0.8197471	0.004890793	2.7268574e-20	1
0	-0.57244277	-0.8197471	0.004890793	0	-0.0002513274	0	-0.57244277	-0.8197471	0.004890793	2.7391992e-20	1
0	-0.57244277	-0.8197471	0.004890793	0	-0.0001256637	0	-0.57244277	-0.8197471	0.004890793	2.743313e-20	1
0	-0.57835656	-0.8155844	0.004895772	0	-6.283185e-05	0	-0.57835656	-0.8155844	0.004895772	2.7453233e-20	1
0	-0.57835656	-0.8155844	0.004895772	0	-2.5132742e-05	0	-0.57835656	-0.8155844	0.004895772	2.746551e-20	1
0	-0.57835656	-0.8155844	0.004895772	0	-1.2566371e-05	0	-0.57835656	-0.8155844	0.004895772	2.7469605e-20	1
0	-0.57835656	-0.8155844	0.004895772	0	-6.2831855e-06	0	-0.57835656	-0.8155844	0.004895772	2.747165e-20	1
0	-0.57835656	-0.8155844	0.004895772	0	-2.513274e-06	0	-0.57835656	-0.8155844	0.004895772	2.7472878e-20	1
0	-0.57835656	-0.8155844	0.004895772	0	-1.256637e-06	0	-0.57835656	-0.8155844	0.004895772	2.747329e-20	1
0	-0.57835656	-0.8155844	0.004895772	0	-6.283185e-07	0	-0.57835656	-0.8155844	0.004895772	2.7473492e-20	1
0	-0.57835656	-0.8155844	0.004895772	0	-2.513274e-07	0	-0.57835656	-0.8155844	0.004895772	2.7473615e-20	1
0	-0.57835656	-0.8155844	0.004895772	0	-1.256637e-07	0	-0.57835656	-0.8155844	0.004895772	2.7473657e-20	1
0	-0.57835656	-0.8155844	0.004895772	0	0	0	-0.57835656	-0.8155844	0.004895772	2.74737e-20	1
0	-0.57835656	-0.8155844	0.004895772	0	1.256637e-07	0	-0.57835656	-0.8155844	0.004895772	2.7473738e-20	1
0	-0.57835656	-0.8155844	0.004895772	0	2.513274e-07	0	-0.57835656	-0.8155844	0.004895772	2.747378e-20	1
0	-0.57835656	-0.8155844	0.004895772	0	6.283185e-07	0	-0.57835656	-0.8155844	0.004895772	2.7473903e-20	1
0	-0.57835656	-0.8155844	0.004895772	0	1.256637e-06	0	-0.57835656	-0.8155844	0.004895772	2.7474106e-20	1
0	-0.57835656	-0.8155844	0.004895772	0	2.513274e-06	0	-0.57835656	-0.8155844	0.004895772	2.7474516e-20	1
0	-0.57835656	-0.8155844	0.004895772	0	6.2831855e-06	0	-0.57835656	-0.8155844	0.004895772	2.7475744e-20	1
0	-0.57835656	-0.8155844	0.004895772	0	1.2566371e-05	0	-0.57835656	-0.8155844	0.004895772	2.7477793e-20	1
0	-0.57835656	-0.8155844	0.004895772	0	2.5132742e-05	0	-0.57835656	-0.8155844	0.004895772	2.7481884e-20	1
0	-0.57835656	-0.8155844	0.004895772	0	6.283185e-05	0	-0.57835656	-0.8155844	0.004895772	2.7494162e-20	1
0	-0.57835656	-0.8155844	0.004895772	0	0.0001256637	0	-0.57835656	-0.8155844	0.004895772	2.7514628e-20	1
0	-0.57835656	-0.8155844	0.004895772	0	0.0002513274	0	-0.57835656	-0.8155844	0.004895772	2.7555558e-20	1
0	-0.5857457	-0.81029254	0.0049002646	0	0.0006283185	0	-0.5857457	-0.81029254	0.0049002646	2.7677622e-20	1
0	-0.5857457	-0.81029254	0.0049002646	0	0.0010053096	0	-0.5857457	-0.81029254	0.0049002646	2.7799615e-20	1
0	-0.5925932	-0.805297	0.0049026613	0	0.001256637	0	-0.5925932	-0.805297	0.0049026613	2.788032e-20	1
0	-0.59959424	-0.8000968	0.0049032876	0	0.0018849556	0	-0.59959424	-0.8000968	0.0049032876	2.8081738e-20	1
0	-0.6067537	-0.79467994	0.004901956	0	0.002513274	0	-0.6067537	-0.79467994	0.004901956	2.8281825e-20	1
0	-0.6215939	-0.7831244	0.0048925346	0	0.0037699111	0	-0.6215939	-0.7831244	0.0048925346	2.8677777e-20	1
0	-0.6540187	-0.7562516	0.004837768	0	0.0062831854	0	-0.6540187	-0.7562516	0.004837768	2.9450774e-20	1
0	-0.70278484	-0.7111589	0.0046522897	0	0.009424778	0	-0.70278484	-0.7111589	0.0046522897	3.037313e-20	1
0	-0.7802848	-0.6251562	0.0040264493	0	0.012566371	0	-0.7802848	-0.6251562	0.0040264493	3.1220633e-20	1
0	0.41675878	0.9088733	-0.0044282638	0	0.018849555	0	0.41675878	0.9088733	-0.0044282638	2.0937323e-20	1
0	0.37376463	0.9273931	-0.0042264313	0	0.025132742	0	0.37376463	0.9273931	-0.0042264313	1.8632597e-20	1
0	0.30025357	0.9537493	-0.0038489709	0	0.03769911	0	0.30025357	0.9537493	-0.0038489709	1.3907202e-20	1
0	0.24213526	0.9701461	-0.003540129	0	0.050265484	0	0.24213526	0.9701461	-0.003540129	9.076349e-21	1
0	0.19757494	0.9802004	-0.003305743	0	0.06283186	0	0.19757494	0.9802004	-0.003305743	4.180375e-21	1
