# t (s)	mx ()	my ()	mz ()	B_extx (T)	B_exty (T)	B_extz (T)	mx ()	my ()	mz ()	E_total (J)	branch ()
0	0.9972329	0.07345186	-0.00051957625	0.06283186	0	0	0.9972329	0.07345186	-0.00051957625	2.404141e-21	-1
0	0.9964292	0.083635464	-0.000526357	0.050265484	0	0	0.9964292	0.083635464	-0.000526357	7.406873e-21	-1
0	0.9952176	0.09697728	-0.0005336582	0.03769911	0	0	0.9952176	0.09697728	-0.0005336582	1.2404645e-20	-1
0	0.993276	0.11515762	-0.0005414018	0.025132742	0	0	0.993276	0.11515762	-0.0005414018	1.7394684e-20	-1
0	0.9918381	0.12693608	-0.00054533634	0.018849555	0	0	0.9918381	0.12693608	-0.00054533634	1.9885344e-20	-1
0	0.9898958	0.14127356	-0.000549061	0.012566371	0	0	0.9898958	0.14127356	-0.000549061	2.2371807e-20	-1
0	0.98866045	0.14966741	-0.00055072777	0.009424778	0	0	0.98866045	0.14966741	-0.00055072777	2.3613003e-20	-1
0	0.9871869	0.15908888	-0.0005522969	0.0062831854	0	0	0.9871869	0.15908888	-0.0005522969	2.4852509e-20	-1
0	0.98579824	0.1674721	-0.00055333565	0.0037699111	0	0	0.98579824	0.1674721	-0.00055333565	2.5842667e-20	-1
0	0.98501647	0.1720064	-0.00055375905	0.002513274	0	0	0.98501647	0.1720064	-0.00055375905	2.6337196e-20	-1
0	0.984604	0.17435017	-0.00055394345	0.0018849556	0	0	0.984604	0.17435017	-0.00055394345	2.658431e-20	-1
0	0.9841722	0.1767694	-0.00055410765	0.001256637	0	0	0.9841722	0.1767694	-0.00055410765	2.683132e-20	-1
0	0.9841722	0.1767694	-0.00055410765	0.0010053096	0	0	0.9841722	0.1767694	-0.00055410765	2.6930102e-20	-1
0	0.98372245	0.17925346	-0.00055425	0.0006283185	0	0	0.98372245	0.17925346	-0.00055425	2.7078216e-20	-1
0	0.98372245	0.17925346	-0.00055425	0.0002513274	0	0	0.98372245	0.17925346	-0.00055425	2.722632e-20	-1
0	0.9833503	0.18128243	-0.0005543472	0.0001256637	0	0	0.9833503	0.18128243	-0.0005543472	2.7275654e-20	-1
0	0.9833503	0.18128243	-0.0005543472	6.283185e-05	0	0	0.9833503	0.18128243	-0.0005543472	2.730033e-20	-1
0	0.9833503	0.18128243	-0.0005543472	2.5132742e-05	0	0	0.9833503	0.18128243	-0.0005543472	2.7315132e-20	-1
0	0.9833503	0.18128243	-0.0005543472	1.2566371e-05	0	0	0.9833503	0.18128243	-0.0005543472	2.732007e-20	-1
0	0.9833503	0.18128243	-0.0005543472	6.2831855e-06	0	0	0.9833503	0.18128243	-0.0005543472	2.7322535e-20	-1
0	0.9833503	0.18128243	-0.0005543472	2.513274e-06	0	0	0.9833503	0.18128243	-0.0005543472	2.7324018e-20	-1
0	0.9833503	0.18128243	-0.0005543472	1.256637e-06	0	0	0.9833503	0.18128243	-0.0005543472	2.732451e-20	-1
0	0.9833503	0.18128243	-0.0005543472	6.283185e-07	0	0	0.9833503	0.18128243	-0.0005543472	2.7324758e-20	-1
0	0.9833503	0.18128243	-0.0005543472	2.513274e-07	0	0	0.9833503	0.18128243	-0.0005543472	2.7324903e-20	-1
0	0.9833503	0.18128243	-0.0005543472	1.256637e-07	0	0	0.9833503	0.18128243	-0.0005543472	2.7324955e-20	-1
0	0.9833503	0.18128243	-0.0005543472	0	0	0	0.9833503	0.18128243	-0.0005543472	2.7325004e-20	-1
0	0.9833503	0.18128243	-0.0005543472	-1.256637e-07	0	0	0.9833503	0.18128243	-0.0005543472	2.7325052e-20	-1
0	0.9833503	0.18128243	-0.0005543472	-2.513274e-07	0	0	0.9833503	0.18128243	-0.0005543472	2.7325104e-20	-1
0	0.9833503	0.18128243	-0.0005543472	-6.283185e-07	0	0	0.9833503	0.18128243	-0.0005543472	2.732525e-20	-1
0	0.9833503	0.18128243	-0.0005543472	-1.256637e-06	0	0	0.9833503	0.18128243	-0.0005543472	2.7325498e-20	-1
0	0.9833503	0.18128243	-0.0005543472	-2.513274e-06	0	0	0.9833503	0.18128243	-0.0005543472	2.732599e-20	-1
0	0.9833503	0.18128243	-0.0005543472	-6.2831855e-06	0	0	0.9833503	0.18128243	-0.0005543472	2.7327472e-20	-1
0	0.9833503	0.18128243	-0.0005543472	-1.2566371e-05	0	0	0.9833503	0.18128243	-0.0005543472	2.7329938e-20	-1
0	0.9833503	0.18128243	-0.0005543472	-2.5132742e-05	0	0	0.9833503	0.18128243	-0.0005543472	2.7334875e-20	-1
0	0.9833503	0.18128243	-0.0005543472	-6.283185e-05	0	0	0.9833503	0.18128243	-0.0005543472	2.7349677e-20	-1
0	0.9833503	0.18128243	-0.0005543472	-0.0001256637	0	0	0.9833503	0.18128243	-0.0005543472	2.7374353e-20	-1
0	0.9830611	0.18284303	-0.0005544092	-0.0002513274	0	0	0.9830611	0.18284303	-0.0005544092	2.7423684e-20	-1
0	0.98276407	0.18443155	-0.00055446126	-0.0006283185	0	0	0.98276407	0.18443155	-0.00055446126	2.7571662e-20	-1
0	0.9824611	0.18603721	-0.0005545025	-0.0010053096	0	0	0.9824611	0.18603721	-0.0005545025	2.7719598e-20	-1
0	0.9824611	0.18603721	-0.0005545025	-0.001256637	0	0	0.9824611	0.18603721	-0.0005545025	2.7818207e-20	-1
0	0.9817201	0.1899057	-0.0005545606	-0.0018849556	0	0	0.9817201	0.1899057	-0.0005545606	2.8064603e-20	-1
0	0.98115826	0.19278508	-0.00055456045	-0.002513274	0	0	0.98115826	0.19278508	-0.00055456045	2.8310877e-20	-1
0	0.97996646	0.1987502	-0.0005544531	-0.0037699111	0	0	0.97996646	0.1987502	-0.0005544531	2.8802972e-20	-1
0	0.9772016	0.21191692	-0.00055368536	-0.0062831854	0	0	0.9772016	0.21191692	-0.00055368536	2.9785223e-20	-1
0	0.97283626	0.23111716	-0.0005512773	-0.009424778	0	0	0.97283626	0.23111716	-0.0005512773	3.100863e-20	-1
0	0.96700215	0.2544095	-0.0005463194	-0.012566371	0	0	0.96700215	0.2544095	-0.0005463194	3.2225706e-20	-1
0	0.94604695	0.32370627	-0.0005182931	-0.018849555	0	0	0.94604695	0.32370627	-0.0005182931	3.462968e-20	-1
0	0.0025102224	4.884663e-06	2.6375055e-06	-0.025132742	0	0	0.0025102224	4.884663e-06	2.6375055e-06	2.2196283e-18	-1
0	0.0037660166	6.624039e-06	3.941357e-06	-0.03769911	0	0	0.0037660166	6.624039e-06	3.941357e-06	2.2196443e-18	-1
0	0.0050218003	8.3609775e-06	5.297363e-06	-0.050265484	0	0	0.0050218003	8.3609775e-06	5.297363e-06	2.2196662e-18	-1
0	0.006277567	1.00985635e-05	6.6012144e-06	-0.06283186	0	0	0.006277567	1.00985635e-05	6.6012144e-06	2.2196945e-18	-1
0	0.006277567	1.00985635e-05	6.6012144e-06	-0.06283186	0	0	0.006277567	1.00985635e-05	6.6012144e-06	2.2196945e-18	1
0	0.0050218096	8.369752e-06	5.3048134e-06	-0.050265484	0	0	0.0050218096	8.369752e-06	5.3048134e-06	2.2196662e-18	1
0	0.0037660147	6.6209977e-06	3.9562583e-06	-0.03769911	0	0	0.0037660147	6.6209977e-06	3.9562583e-06	2.2196443e-18	1
0	0.0025102198	4.899739e-06	2.6375055e-06	-0.025132742	0	0	0.0025102198	4.899739e-06	2.6375055e-06	2.2196283e-18	1
0	0.0018823219	4.0147424e-06	1.9744039e-06	-0.018849555	0	0	0.0018823219	4.0147424e-06	1.9744039e-06	2.2196227e-18	1
0	0.0012544187	3.1447853e-06	1.3113022e-06	-0.012566371	0	0	0.0012544187	3.1447853e-06	1.3113022e-06	2.219619e-18	1
0	0.00094046735	2.709654e-06	9.909272e-07	-0.009424778	0	0	0.00094046735	2.709654e-06	9.909272e-07	2.2196174e-18	1
0	0.00062651635	2.2747117e-06	6.556511e-07	-0.0062831854	0	0	0.00062651635	2.2747117e-06	6.556511e-07	2.2196165e-18	1
0	0.000375355	1.9266154e-06	4.0233135e-07	-0.0037699111	0	0	0.000375355	1.9266154e-06	4.0233135e-07	2.2196161e-18	1
0	0.00024977518	1.7525308e-06	2.7567148e-07	-0.002513274	0	0	0.00024977518	1.7525308e-06	2.7567148e-07	2.219616e-18	1
0	0.00018698501	1.6654521e-06	1.7881393e-07	-0.0018849556	0	0	0.00018698501	1.6654521e-06	1.7881393e-07	2.219616e-18	1
0	0.00012419501	1.578388e-06	1.1920929e-07	-0.001256637	0	0	0.00012419501	1.578388e-06	1.1920929e-07	2.219616e-18	1
0	9.9078854e-05	1.5436235e-06	1.1175871e-07	-0.0010053096	0	0	9.9078854e-05	1.5436235e-06	1.1175871e-07	2.2196157e-18	1
0	6.140464e-05	1.4913385e-06	7.4505806e-08	-0.0006283185	0	0	6.140464e-05	1.4913385e-06	7.4505806e-08	2.2196157e-18	1
0	2.3730317e-05	1.4391262e-06	1.4901161e-08	-0.0002513274	0	0	2.3730317e-05	1.4391262e-06	1.4901161e-08	2.2196157e-18	1
0	1.1172131e-05	1.4218822e-06	1.4901161e-08	-0.0001256637	0	0	1.1172131e-05	1.4218822e-06	1.4901161e-08	2.2196157e-18	1
0	4.893227e-06	1.4130928e-06	1.4901161e-08	-6.283185e-05	0	0	4.893227e-06	1.4130928e-06	1.4901161e-08	2.2196157e-18	1
0	1.1265947e-06	1.4080579e-06	1.4901161e-08	-2.5132742e-05	0	0	1.1265947e-06	1.4080579e-06	1.4901161e-08	2.2196157e-18	1
0	-1.3058889e-07	1.4055549e-06	0	-1.2566371e-05	0	0	-1.3058889e-07	1.4055549e-06	0	2.2196157e-18	1
0	-7.5761636e-07	1.4051329e-06	0	-6.2831855e-06	0	0	-7.5761636e-07	1.4051329e-06	0	2.2196157e-18	1
0	-1.1344673e-06	1.4047982e-06	0	-2.513274e-06	0	0	-1.1344673e-06	1.4047982e-06	0	2.2196157e-18	1
0	-1.260094e-06	1.4044781e-06	0	-1.256637e-06	0	0	-1.260094e-06	1.4044781e-06	0	2.2196157e-18	1
0	-1.3229001e-06	1.4044635e-06	0	-6.283185e-07	0	0	-1.3229001e-06	1.4044635e-06	0	2.2196157e-18	1
0	-1.3229001e-06	1.4044635e-06	0	-2.513274e-07	0	0	-1.3229001e-06	1.4044635e-06	0	2.2196157e-18	1
0	-1.3229001e-06	1.4044635e-06	0	-1.256637e-07	0	0	-1.3229001e-06	1.4044635e-06	0	2.2196157e-18	1
0	-1.3857061e-06	1.4044053e-06	0	0	0	0	-1.3857061e-06	1.4044053e-06	0	2.2196157e-18	1
0	-1.3857061e-06	1.4044053e-06	0	1.256637e-07	0	0	-1.3857061e-06	1.4044053e-06	0	2.2196157e-18	1
0	-1.3857061e-06	1.4044053e-06	0	2.513274e-07	0	0	-1.3857061e-06	1.4044053e-06	0	2.2196157e-18	1
0	-1.4485122e-06	1.404318e-06	0	6.283185e-07	0	0	-1.4485122e-06	1.404318e-06	0	2.2196157e-18	1
0	-1.5112892e-06	1.4041871e-06	0	1.256637e-06	0	0	-1.5112892e-06	1.4041871e-06	0	2.2196157e-18	1
0	-1.6368722e-06	1.4039542e-06	0	2.513274e-06	0	0	-1.6368722e-06	1.4039542e-06	0	2.2196157e-18	1
0	-2.0136067e-06	1.4035613e-06	0	6.2831855e-06	0	0	-2.0136067e-06	1.4035613e-06	0	2.2196157e-18	1
0	-2.6414345e-06	1.40263e-06	0	1.2566371e-05	0	0	-2.6414345e-06	1.40263e-06	0	2.2196157e-18	1
0	-3.8974686e-06	1.4010293e-06	0	2.5132742e-05	0	0	-3.8974686e-06	1.4010293e-06	0	2.2196157e-18	1
0	-7.673603e-06	1.3983081e-06	0	6.283185e-05	0	0	-7.673603e-06	1.3983081e-06	0	2.2196157e-18	1
0	-1.394366e-05	1.387074e-06	-2.9802322e-08	0.0001256637	0	0	-1.394366e-05	1.387074e-06	-2.9802322e-08	2.2196157e-18	1
0	-2.6502486e-05	1.3678364e-06	-2.9802322e-08	0.0002513274	0	0	-2.6502486e-05	1.3678364e-06	-2.9802322e-08	2.2196157e-18	1
0	-6.4175954e-05	1.3173994e-06	-4.4703484e-08	0.0006283185	0	0	-6.4175954e-05	1.3173994e-06	-4.4703484e-08	2.2196157e-18	1
0	-0.00010185021	1.2652163e-06	-1.4901161e-07	0.0010053096	0	0	-0.00010185021	1.2652163e-06	-1.4901161e-07	2.2196157e-18	1
0	-0.0001269663	1.2308155e-06	-1.4901161e-07	0.001256637	0	0	-0.0001269663	1.2308155e-06	-1.4901161e-07	2.219616e-18	1
0	-0.0001897566	1.1435623e-06	-1.937151e-07	0.0018849556	0	0	-0.0001897566	1.1435623e-06	-1.937151e-07	2.219616e-18	1
0	-0.00025254718	1.0563817e-06	-2.9802322e-07	0.002513274	0	0	-0.00025254718	1.0563817e-06	-2.9802322e-07	2.219616e-18	1
0	-0.00037812756	8.8245724e-07	-4.0233135e-07	0.0037699111	0	0	-0.00037812756	8.8245724e-07	-4.0233135e-07	2.2196161e-18	1
0	-0.00062929	5.3406984e-07	-6.7055225e-07	0.0062831854	0	0	-0.00062929	5.3406984e-07	-6.7055225e-07	2.2196168e-18	1
0	-0.00094324036	9.898213e-08	-9.983778e-07	0.009424778	0	0	-0.00094324036	9.898213e-08	-9.983778e-07	2.2196176e-18	1
0	-0.001257192	-3.3623655e-07	-1.3187528e-06	0.012566371	0	0	-0.001257192	-3.3623655e-07	-1.3187528e-06	2.2196188e-18	1
0	-0.0018850949	-1.2066303e-06	-1.9669533e-06	0.018849555	0	0	-0.0018850949	-1.2066303e-06	-1.9669533e-06	2.219623e-18	1
0	-0.0025129952	-2.0768202e-06	-2.6375055e-06	0.025132742	0	0	-0.0025129952	-2.0768202e-06	-2.6375055e-06	2.2196283e-18	1
0	-0.0037687884	-3.8173603e-06	-3.941357e-06	0.03769911	0	0	-0.0037687884	-3.8173603e-06	-3.941357e-06	2.219644e-18	1
0	-0.005024571	-5.5550045e-06	-5.26011e-06	0.050265484	0	0	-0.005024571	-5.5550045e-06	-5.26011e-06	2.2196662e-18	1
0	-0.006280338	-7.296854e-06	-6.556511e-06	0.06283186	0	0	-0.006280338	-7.296854e-06	-6.556511e-06	2.2196947e-18	1
