# t (s)	mx ()	my ()	mz ()	B_extx (T)	B_exty (T)	B_extz (T)	mx ()	my ()	mz ()	E_total (J)	branch ()
0	-0.045393128	0.99890065	0.0023037503	0	0.06283186	0	-0.045393128	0.99890065	0.0023037503	4.627847e-21	-1
0	-0.054239985	0.99845827	0.0022802723	0	0.050265484	0	-0.054239985	0.99845827	0.0022802723	9.639819e-21	-1
0	-0.06719808	0.99766874	0.0022346734	0	0.03769911	0	-0.06719808	0.99766874	0.0022346734	1.4648816e-20	-1
0	-0.087789714	0.9960662	0.0021455465	0	0.025132742	0	-0.087789714	0.9960662	0.0021455465	1.965212e-20	-1
0	-0.103266485	0.99457955	0.00206975	0	0.018849555	0	-0.103266485	0.99457955	0.00206975	2.2149782e-20	-1
0	-0.12469195	0.9921192	0.0019560917	0	0.012566371	0	-0.12469195	0.9921192	0.0019560917	2.4642623e-20	-1
0	-0.13880184	0.99024224	0.0018768209	0	0.009424778	0	-0.13880184	0.99024224	0.0018768209	2.5886241e-20	-1
0	-0.15612991	0.9876565	0.0017755677	0	0.0062831854	0	-0.15612991	0.9876565	0.0017755677	2.712709e-20	-1
0	-0.17314318	0.9848144	0.0016725803	0	0.0037699111	0	-0.17314318	0.9848144	0.0016725803	2.8117052e-20	-1
0	-0.1829626	0.98303616	0.0016117555	0	0.002513274	0	-0.1829626	0.98303616	0.0016117555	2.8610846e-20	-1
0	-0.18832715	0.98202187	0.0015781301	0	0.0018849556	0	-0.18832715	0.98202187	0.0015781301	2.8857388e-20	-1
0	-0.19392502	0.98093104	0.0015427873	0	0.001256637	0	-0.19392502	0.98093104	0.0015427873	2.9103668e-20	-1
0	-0.19392502	0.98093104	0.0015427873	0	0.0010053096	0	-0.19392502	0.98093104	0.0015427873	2.9202122e-20	-1
0	-0.19991484	0.9797269	0.0015046686	0	0.0006283185	0	-0.19991484	0.9797269	0.0015046686	2.934966e-20	-1
0	-0.20362726	0.9789616	0.0014809123	0	0.0002513274	0	-0.20362726	0.9789616	0.0014809123	2.9497106e-20	-1
0	-0.20362726	0.9789616	0.0014809123	0	0.0001256637	0	-0.20362726	0.9789616	0.0014809123	2.9546232e-20	-1
0	-0.20362726	0.9789616	0.0014809123	0	6.283185e-05	0	-0.20362726	0.9789616	0.0014809123	2.95708e-20	-1
0	-0.20362726	0.9789616	0.0014809123	0	2.5132742e-05	0	-0.20362726	0.9789616	0.0014809123	2.9585536e-20	-1
0	-0.20362726	0.9789616	0.0014809123	0	1.2566371e-05	0	-0.20362726	0.9789616	0.0014809123	2.959045e-20	-1
0	-0.20362726	0.9789616	0.0014809123	0	6.2831855e-06	0	-0.20362726	0.9789616	0.0014809123	2.9592907e-20	-1
0	-0.20362726	0.9789616	0.0014809123	0	2.513274e-06	0	-0.20362726	0.9789616	0.0014809123	2.959438e-20	-1
0	-0.20362726	0.9789616	0.0014809123	0	1.256637e-06	0	-0.20362726	0.9789616	0.0014809123	2.959487e-20	-1
0	-0.20362726	0.9789616	0.0014809123	0	6.283185e-07	0	-0.20362726	0.9789616	0.0014809123	2.9595117e-20	-1
0	-0.20362726	0.9789616	0.0014809123	0	2.513274e-07	0	-0.20362726	0.9789616	0.0014809123	2.9595265e-20	-1
0	-0.20362726	0.9789616	0.0014809123	0	1.256637e-07	0	-0.20362726	0.9789616	0.0014809123	2.9595314e-20	-1
0	-0.20362726	0.9789616	0.0014809123	0	0	0	-0.20362726	0.9789616	0.0014809123	2.9595362e-20	-1
0	-0.20362726	0.9789616	0.0014809123	0	-1.256637e-07	0	-0.20362726	0.9789616	0.0014809123	2.959541e-20	-1
0	-0.20362726	0.9789616	0.0014809123	0	-2.513274e-07	0	-0.20362726	0.9789616	0.0014809123	2.9595462e-20	-1
0	-0.20362726	0.9789616	0.0014809123	0	-6.283185e-07	0	-0.20362726	0.9789616	0.0014809123	2.9595608e-20	-1
0	-0.20362726	0.9789616	0.0014809123	0	-1.256637e-06	0	-0.20362726	0.9789616	0.0014809123	2.9595853e-20	-1
0	-0.20362726	0.9789616	0.0014809123	0	-2.513274e-06	0	-0.20362726	0.9789616	0.0014809123	2.9596345e-20	-1
0	-0.20362726	0.9789616	0.0014809123	0	-6.2831855e-06	0	-0.20362726	0.9789616	0.0014809123	2.9597818e-20	-1
0	-0.20362726	0.9789616	0.0014809123	0	-1.2566371e-05	0	-0.20362726	0.9789616	0.0014809123	2.9600277e-20	-1
0	-0.20362726	0.9789616	0.0014809123	0	-2.5132742e-05	0	-0.20362726	0.9789616	0.0014809123	2.9605188e-20	-1
0	-0.20362726	0.9789616	0.0014809123	0	-6.283185e-05	0	-0.20362726	0.9789616	0.0014809123	2.961993e-20	-1
0	-0.20751405	0.9781445	0.0014558302	0	-0.0001256637	0	-0.20751405	0.9781445	0.0014558302	2.9644434e-20	-1
0	-0.20751405	0.9781445	0.0014558302	0	-0.0002513274	0	-0.20751405	0.9781445	0.0014558302	2.9693522e-20	-1
0	-0.21292429	0.9769802	0.0014209637	0	-0.0006283185	0	-0.21292429	0.9769802	0.0014209637	2.984067e-20	-1
0	-0.21715516	0.976048	0.0013934902	0	-0.0010053096	0	-0.21715516	0.976048	0.0013934902	2.998769e-20	-1
0	-0.21715516	0.976048	0.0013934902	0	-0.001256637	0	-0.21715516	0.976048	0.0013934902	3.0085657e-20	-1
0	-0.22777298	0.9736233	0.0013240536	0	-0.0018849556	0	-0.22777298	0.9736233	0.0013240536	3.0330154e-20	-1
0	-0.23604605	0.9716493	0.0012695226	0	-0.002513274	0	-0.23604605	0.9716493	0.0012695226	3.057421e-20	-1
0	-0.25464845	0.96693754	0.0011458003	0	-0.0037699111	0	-0.25464845	0.96693754	0.0011458003	3.10607e-20	-1
0	-0.30528903	0.9521525	0.0008048486	0	-0.0062831854	0	-0.30528903	0.9521525	0.0008048486	3.2024614e-20	-1
0	-0.90253437	-0.43031472	0.0032053469	0	-0.009424778	0	-0.90253437	-0.43031472	0.0032053469	2.629537e-20	-1
0	-0.85200334	-0.5232549	0.0025139134	0	-0.012566371	0	-0.85200334	-0.5232549	0.0025139134	2.5699917e-20	-1
0	0.10325688	-0.9945805	-0.0020698071	0	-0.018849555	0	0.10325688	-0.9945805	-0.0020698071	2.214978e-20	-1
0	0.08779673	-0.9960656	-0.002145507	0	-0.025132742	0	0.08779673	-0.9960656	-0.002145507	1.9652118e-20	-1
0	0.067204416	-0.99766827	-0.0022346461	0	-0.03769911	0	0.067204416	-0.99766827	-0.0022346461	1.4648816e-20	-1
0	0.05424338	-0.99845815	-0.002280255	0	-0.050265484	0	0.05424338	-0.99845815	-0.002280255	9.639822e-21	-1
0	0.045395195	-0.99890053	-0.0023037386	0	-0.06283186	0	0.045395195	-0.99890053	-0.0023037386	4.627845e-21	-1
0	0.045395195	-0.99890053	-0.0023037386	0	-0.06283186	0	0.045395195	-0.99890053	-0.0023037386	4.627845e-21	1
0	0.0542358	-0.9984585	-0.002280293	0	-0.050265484	0	0.0542358	-0.9984585	-0.002280293	9.63982e-21	1
0	0.067195125	-0.997669	-0.0022346904	0	-0.03769911	0	0.067195125	-0.997669	-0.0022346904	1.4648816e-20	1
0	0.087785184	-0.9960667	-0.0021455707	0	-0.025132742	0	0.087785184	-0.9960667	-0.0021455707	1.9652118e-20	1
0	0.103254065	-0.9945808	-0.002069822	0	-0.018849555	0	0.103254065	-0.9945808	-0.002069822	2.2149782e-20	1
0	0.12471085	-0.99211675	-0.0019559786	0	-0.012566371	0	0.12471085	-0.99211675	-0.0019559786	2.4642622e-20	1
0	0.13879833	-0.9902427	-0.0018768439	0	-0.009424778	0	0.13879833	-0.9902427	-0.0018768439	2.588624e-20	1
0	0.15612304	-0.98765755	-0.0017756099	0	-0.0062831854	0	0.15612304	-0.98765755	-0.0017756099	2.7127094e-20	1
0	0.173123	-0.9848179	-0.0016727066	0	-0.0037699111	0	0.173123	-0.9848179	-0.0016727066	2.8117052e-20	1
0	0.18296775	-0.9830352	-0.0016117264	0	-0.002513274	0	0.18296775	-0.9830352	-0.0016117264	2.8610846e-20	1
0	0.18828711	-0.98202956	-0.0015783906	0	-0.0018849556	0	0.18828711	-0.98202956	-0.0015783906	2.8857388e-20	1
0	0.19391486	-0.980933	-0.0015428537	0	-0.001256637	0	0.19391486	-0.980933	-0.0015428537	2.9103665e-20	1
0	0.19391486	-0.980933	-0.0015428537	0	-0.0010053096	0	0.19391486	-0.980933	-0.0015428537	2.9202122e-20	1
0	0.19988205	-0.9797337	-0.0015048825	0	-0.0006283185	0	0.19988205	-0.9797337	-0.0015048825	2.934966e-20	1
0	0.20362404	-0.9789623	-0.001480934	0	-0.0002513274	0	0.20362404	-0.9789623	-0.001480934	2.949711e-20	1
0	0.20362404	-0.9789623	-0.001480934	0	-0.0001256637	0	0.20362404	-0.9789623	-0.001480934	2.954624e-20	1
0	0.20362404	-0.9789623	-0.001480934	0	-6.283185e-05	0	0.20362404	-0.9789623	-0.001480934	2.9570802e-20	1
0	0.20362404	-0.9789623	-0.001480934	0	-2.5132742e-05	0	0.20362404	-0.9789623	-0.001480934	2.9585543e-20	1
0	0.20362404	-0.9789623	-0.001480934	0	-1.2566371e-05	0	0.20362404	-0.9789623	-0.001480934	2.9590454e-20	1
0	0.20362404	-0.9789623	-0.001480934	0	-6.2831855e-06	0	0.20362404	-0.9789623	-0.001480934	2.959291e-20	1
0	0.20362404	-0.9789623	-0.001480934	0	-2.513274e-06	0	0.20362404	-0.9789623	-0.001480934	2.9594387e-20	1
0	0.20362404	-0.9789623	-0.001480934	0	-1.256637e-06	0	0.20362404	-0.9789623	-0.001480934	2.9594878e-20	1
0	0.20362404	-0.9789623	-0.001480934	0	-6.283185e-07	0	0.20362404	-0.9789623	-0.001480934	2.9595123e-20	1
0	0.20362404	-0.9789623	-0.001480934	0	-2.513274e-07	0	0.20362404	-0.9789623	-0.001480934	2.959527e-20	1
0	0.20362404	-0.9789623	-0.001480934	0	-1.256637e-07	0	0.20362404	-0.9789623	-0.001480934	2.9595317e-20	1
0	0.20362404	-0.9789623	-0.001480934	0	0	0	0.20362404	-0.9789623	-0.001480934	2.959537e-20	1
0	0.20362404	-0.9789623	-0.001480934	0	1.256637e-07	0	0.20362404	-0.9789623	-0.001480934	2.9595417e-20	1
0	0.20362404	-0.9789623	-0.001480934	0	2.513274e-07	0	0.20362404	-0.9789623	-0.001480934	2.9595466e-20	1
0	0.20362404	-0.9789623	-0.001480934	0	6.283185e-07	0	0.20362404	-0.9789623	-0.001480934	2.9595614e-20	1
0	0.20362404	-0.9789623	-0.001480934	0	1.256637e-06	0	0.20362404	-0.9789623	-0.001480934	2.959586e-20	1
0	0.20362404	-0.9789623	-0.001480934	0	2.513274e-06	0	0.20362404	-0.9789623	-0.001480934	2.959635e-20	1
0	0.20362404	-0.9789623	-0.001480934	0	6.2831855e-06	0	0.20362404	-0.9789623	-0.001480934	2.9597824e-20	1
0	0.20362404	-0.9789623	-0.001480934	0	1.2566371e-05	0	0.20362404	-0.9789623	-0.001480934	2.960028e-20	1
0	0.20362404	-0.9789623	-0.001480934	0	2.5132742e-05	0	0.20362404	-0.9789623	-0.001480934	2.9605195e-20	1
0	0.20362404	-0.9789623	-0.001480934	0	6.283185e-05	0	0.20362404	-0.9789623	-0.001480934	2.9619932e-20	1
0	0.2075165	-0.97814405	-0.0014559085	0	0.0001256637	0	0.2075165	-0.97814405	-0.0014559085	2.9644428e-20	1
0	0.2075165	-0.97814405	-0.0014559085	0	0.0002513274	0	0.2075165	-0.97814405	-0.0014559085	2.9693516e-20	1
0	0.21291599	-0.9769821	-0.0014210193	0	0.0006283185	0	0.21291599	-0.9769821	-0.0014210193	2.984067e-20	1
0	0.2171738	-0.97604376	-0.0013933659	0	0.0010053096	0	0.2171738	-0.97604376	-0.0013933659	2.998769e-20	1
0	0.2171738	-0.97604376	-0.0013933659	0	0.001256637	0	0.2171738	-0.97604376	-0.0013933659	3.0085654e-20	1
0	0.22777739	-0.9736222	-0.0013240243	0	0.0018849556	0	0.22777739	-0.9736222	-0.0013240243	3.033015e-20	1
0	0.23603785	-0.9716513	-0.0012695779	0	0.002513274	0	0.23603785	-0.9716513	-0.0012695779	3.0574214e-20	1
0	0.25461972	-0.9669452	-0.0011459965	0	0.0037699111	0	0.25461972	-0.9669452	-0.0011459965	3.1060703e-20	1
0	0.30525017	-0.952165	-0.00080511323	0	0.0062831854	0	0.30525017	-0.952165	-0.00080511323	3.2024614e-20	1
0	0.9025395	0.43030393	-0.0032054144	0	0.009424778	0	0.9025395	0.43030393	-0.0032054144	2.6295367e-20	1
0	0.85200346	0.5232547	-0.0025139158	0	0.012566371	0	0.85200346	0.5232547	-0.0025139158	2.5699915e-20	1
0	-0.103256494	0.9945806	0.0020698076	0	0.018849555	0	-0.103256494	0.9945806	0.0020698076	2.214978e-20	1
0	-0.0877949	0.9960658	0.0021455153	0	0.025132742	0	-0.0877949	0.9960658	0.0021455153	1.9652117e-20	1
0	-0.06720242	0.9976684	0.002234649	0	0.03769911	0	-0.06720242	0.9976684	0.002234649	1.4648816e-20	1
0	-0.05424343	0.99845815	0.0022802532	0	0.050265484	0	-0.05424343	0.99845815	0.0022802532	9.639822e-21	1
0	-0.04539581	0.99890053	0.0023037372	0	0.06283186	0	-0.04539581	0.99890053	0.0023037372	4.627846e-21	1
