# t (s)	mx ()	my ()	mz ()	B_extx (T)	B_exty (T)	B_extz (T)	mx ()	my ()	mz ()	E_total (J)	branch ()
0	0.013652992	0.9998374	-0.0029936442	0	0.06283186	0	0.013652992	0.9998374	-0.0029936442	4.452403e-21	-1
0	0.01612983	0.99979967	-0.0030340424	0	0.050265484	0	0.01612983	0.99979967	-0.0030340424	9.470007e-21	-1
0	0.019713838	0.99973446	-0.0030822596	0	0.03769911	0	0.019713838	0.99973446	-0.0030822596	1.4487359e-20	-1
0	0.025331154	0.99960685	-0.003144397	0	0.025132742	0	0.025331154	0.99960685	-0.003144397	1.950425e-20	-1
0	0.029529069	0.999491	-0.003184754	0	0.018849555	0	0.029529069	0.999491	-0.003184754	2.2012383e-20	-1
0	0.0353849	0.9993001	-0.0032359688	0	0.012566371	0	0.0353849	0.9993001	-0.0032359688	2.4520142e-20	-1
0	0.039297093	0.9991535	-0.00326792	0	0.009424778	0	0.039297093	0.9991535	-0.00326792	2.5773802e-20	-1
0	0.0441657	0.99894965	-0.0033059327	0	0.0062831854	0	0.0441657	0.99894965	-0.0033059327	2.7027246e-20	-1
0	0.049027972	0.9987223	-0.0033423742	0	0.0037699111	0	0.049027972	0.9987223	-0.0033423742	2.8029787e-20	-1
0	0.05186716	0.99857867	-0.003363118	0	0.002513274	0	0.05186716	0.99857867	-0.003363118	2.8530955e-20	-1
0	0.053431176	0.99849606	-0.0033743696	0	0.0018849556	0	0.053431176	0.99849606	-0.0033743696	2.8781514e-20	-1
0	0.055101264	0.9984051	-0.0033862651	0	0.001256637	0	0.055101264	0.9984051	-0.0033862651	2.903205e-20	-1
0	0.055101264	0.9984051	-0.0033862651	0	0.0010053096	0	0.055101264	0.9984051	-0.0033862651	2.913226e-20	-1
0	0.056853518	0.99830675	-0.0033986473	0	0.0006283185	0	0.056853518	0.99830675	-0.0033986473	2.9282565e-20	-1
0	0.057987835	0.99824136	-0.0034065815	0	0.0002513274	0	0.057987835	0.99824136	-0.0034065815	2.943286e-20	-1
0	0.057987835	0.99824136	-0.0034065815	0	0.0001256637	0	0.057987835	0.99824136	-0.0034065815	2.9482956e-20	-1
0	0.057987835	0.99824136	-0.0034065815	0	6.283185e-05	0	0.057987835	0.99824136	-0.0034065815	2.9508008e-20	-1
0	0.057987835	0.99824136	-0.0034065815	0	2.5132742e-05	0	0.057987835	0.99824136	-0.0034065815	2.9523036e-20	-1
0	0.057987835	0.99824136	-0.0034065815	0	1.2566371e-05	0	0.057987835	0.99824136	-0.0034065815	2.9528044e-20	-1
0	0.057987835	0.99824136	-0.0034065815	0	6.2831855e-06	0	0.057987835	0.99824136	-0.0034065815	2.9530548e-20	-1
0	0.057987835	0.99824136	-0.0034065815	0	2.513274e-06	0	0.057987835	0.99824136	-0.0034065815	2.9532054e-20	-1
0	0.057987835	0.99824136	-0.0034065815	0	1.256637e-06	0	0.057987835	0.99824136	-0.0034065815	2.9532555e-20	-1
0	0.057987835	0.99824136	-0.0034065815	0	6.283185e-07	0	0.057987835	0.99824136	-0.0034065815	2.9532804e-20	-1
0	0.057987835	0.99824136	-0.0034065815	0	2.513274e-07	0	0.057987835	0.99824136	-0.0034065815	2.9532955e-20	-1
0	0.057987835	0.99824136	-0.0034065815	0	1.256637e-07	0	0.057987835	0.99824136	-0.0034065815	2.9533004e-20	-1
0	0.057987835	0.99824136	-0.0034065815	0	0	0	0.057987835	0.99824136	-0.0034065815	2.9533056e-20	-1
0	0.057987835	0.99824136	-0.0034065815	0	-1.256637e-07	0	0.057987835	0.99824136	-0.0034065815	2.9533104e-20	-1
0	0.057987835	0.99824136	-0.0034065815	0	-2.513274e-07	0	0.057987835	0.99824136	-0.0034065815	2.9533156e-20	-1
0	0.057987835	0.99824136	-0.0034065815	0	-6.283185e-07	0	0.057987835	0.99824136	-0.0034065815	2.9533304e-20	-1
0	0.057987835	0.99824136	-0.0034065815	0	-1.256637e-06	0	0.057987835	0.99824136	-0.0034065815	2.9533556e-20	-1
0	0.057987835	0.99824136	-0.0034065815	0	-2.513274e-06	0	0.057987835	0.99824136	-0.0034065815	2.9534057e-20	-1
0	0.057987835	0.99824136	-0.0034065815	0	-6.2831855e-06	0	0.057987835	0.99824136	-0.0034065815	2.953556e-20	-1
0	0.057987835	0.99824136	-0.0034065815	0	-1.2566371e-05	0	0.057987835	0.99824136	-0.0034065815	2.9538064e-20	-1
0	0.057987835	0.99824136	-0.0034065815	0	-2.5132742e-05	0	0.057987835	0.99824136	-0.0034065815	2.9543075e-20	-1
0	0.05892574	0.99818635	-0.0034131347	0	-6.283185e-05	0	0.05892574	0.99818635	-0.0034131347	2.95581e-20	-1
0	0.05892574	0.99818635	-0.0034131347	0	-0.0001256637	0	0.05892574	0.99818635	-0.0034131347	2.958315e-20	-1
0	0.05892574	0.99818635	-0.0034131347	0	-0.0002513274	0	0.05892574	0.99818635	-0.0034131347	2.963324e-20	-1
0	0.060742028	0.9980773	-0.0034257052	0	-0.0006283185	0	0.060742028	0.9980773	-0.0034257052	2.9783507e-20	-1
0	0.062012702	0.9979991	-0.0034344397	0	-0.0010053096	0	0.062012702	0.9979991	-0.0034344397	2.993377e-20	-1
0	0.062012702	0.9979991	-0.0034344397	0	-0.001256637	0	0.062012702	0.9979991	-0.0034344397	3.0033936e-20	-1
0	0.065215796	0.9977946	-0.003456207	0	-0.0018849556	0	0.065215796	0.9977946	-0.003456207	3.0284326e-20	-1
0	0.06773611	0.9976264	-0.003473123	0	-0.002513274	0	0.06773611	0.9976264	-0.003473123	3.053468e-20	-1
0	0.073338106	0.9972297	-0.003510112	0	-0.0037699111	0	0.073338106	0.9972297	-0.003510112	3.103524e-20	-1
0	0.08815026	0.9960283	-0.003604127	0	-0.0062831854	0	0.08815026	0.9960283	-0.003604127	3.2035613e-20	-1
0	0.119711995	0.99272597	-0.0037886207	0	-0.009424778	0	0.119711995	0.99272597	-0.0037886207	3.328353e-20	-1
0	-0.03539122	-0.9992999	0.0032360088	0	-0.012566371	0	-0.03539122	-0.9992999	0.0032360088	2.452014e-20	-1
0	-0.029547632	-0.99949044	0.0031848778	0	-0.018849555	0	-0.029547632	-0.99949044	0.0031848778	2.2012383e-20	-1
0	-0.0253338	-0.9996067	0.0031444137	0	-0.025132742	0	-0.0253338	-0.9996067	0.0031444137	1.950425e-20	-1
0	-0.019717466	-0.9997344	0.0030822845	0	-0.03769911	0	-0.019717466	-0.9997344	0.0030822845	1.4487359e-20	-1
0	-0.016137334	-0.9997995	0.0030340892	0	-0.050265484	0	-0.016137334	-0.9997995	0.0030340892	9.470005e-21	-1
0	-0.0136576295	-0.9998374	0.0029936715	0	-0.06283186	0	-0.0136576295	-0.9998374	0.0029936715	4.452404e-21	-1
0	-0.0136576295	-0.9998374	0.0029936715	0	-0.06283186	0	-0.0136576295	-0.9998374	0.0029936715	4.452404e-21	1
0	-0.016135339	-0.9997996	0.0030340813	0	-0.050265484	0	-0.016135339	-0.9997996	0.0030340813	9.4700055e-21	1
0	-0.019715503	-0.9997344	0.0030822707	0	-0.03769911	0	-0.019715503	-0.9997344	0.0030822707	1.448736e-20	1
0	-0.02532604	-0.99960697	0.003144362	0	-0.025132742	0	-0.02532604	-0.99960697	0.003144362	1.950425e-20	1
0	-0.029530067	-0.999491	0.003184759	0	-0.018849555	0	-0.029530067	-0.999491	0.003184759	2.2012386e-20	1
0	-0.035390988	-0.9992999	0.0032360093	0	-0.012566371	0	-0.035390988	-0.9992999	0.0032360093	2.4520142e-20	1
0	-0.03929679	-0.99915355	0.0032679082	0	-0.009424778	0	-0.03929679	-0.99915355	0.0032679082	2.5773802e-20	1
0	-0.04416465	-0.99894965	0.0033059255	0	-0.0062831854	0	-0.04416465	-0.99894965	0.0033059255	2.7027246e-20	1
0	-0.049037807	-0.9987219	0.0033424501	0	-0.0037699111	0	-0.049037807	-0.9987219	0.0033424501	2.802978e-20	1
0	-0.0518808	-0.99857795	0.0033632051	0	-0.002513274	0	-0.0518808	-0.99857795	0.0033632051	2.853096e-20	1
0	-0.05343456	-0.99849594	0.0033743926	0	-0.0018849556	0	-0.05343456	-0.99849594	0.0033743926	2.8781517e-20	1
0	-0.055108514	-0.99840474	0.0033863098	0	-0.001256637	0	-0.055108514	-0.99840474	0.0033863098	2.9032052e-20	1
0	-0.055108514	-0.99840474	0.0033863098	0	-0.0010053096	0	-0.055108514	-0.99840474	0.0033863098	2.9132264e-20	1
0	-0.056851238	-0.9983069	0.0033986312	0	-0.0006283185	0	-0.056851238	-0.9983069	0.0033986312	2.9282565e-20	1
0	-0.05796785	-0.9982425	0.0034064515	0	-0.0002513274	0	-0.05796785	-0.9982425	0.0034064515	2.943286e-20	1
0	-0.05796785	-0.9982425	0.0034064515	0	-0.0001256637	0	-0.05796785	-0.9982425	0.0034064515	2.9482956e-20	1
0	-0.05796785	-0.9982425	0.0034064515	0	-6.283185e-05	0	-0.05796785	-0.9982425	0.0034064515	2.9508004e-20	1
0	-0.05796785	-0.9982425	0.0034064515	0	-2.5132742e-05	0	-0.05796785	-0.9982425	0.0034064515	2.9523036e-20	1
0	-0.05796785	-0.9982425	0.0034064515	0	-1.2566371e-05	0	-0.05796785	-0.9982425	0.0034064515	2.9528044e-20	1
0	-0.05796785	-0.9982425	0.0034064515	0	-6.2831855e-06	0	-0.05796785	-0.9982425	0.0034064515	2.9530548e-20	1
0	-0.05796785	-0.9982425	0.0034064515	0	-2.513274e-06	0	-0.05796785	-0.9982425	0.0034064515	2.953205e-20	1
0	-0.05796785	-0.9982425	0.0034064515	0	-1.256637e-06	0	-0.05796785	-0.9982425	0.0034064515	2.953255e-20	1
0	-0.05796785	-0.9982425	0.0034064515	0	-6.283185e-07	0	-0.05796785	-0.9982425	0.0034064515	2.9532804e-20	1
0	-0.05796785	-0.9982425	0.0034064515	0	-2.513274e-07	0	-0.05796785	-0.9982425	0.0034064515	2.9532952e-20	1
0	-0.05796785	-0.9982425	0.0034064515	0	-1.256637e-07	0	-0.05796785	-0.9982425	0.0034064515	2.9533004e-20	1
0	-0.05796785	-0.9982425	0.0034064515	0	0	0	-0.05796785	-0.9982425	0.0034064515	2.9533052e-20	1
0	-0.05796785	-0.9982425	0.0034064515	0	1.256637e-07	0	-0.05796785	-0.9982425	0.0034064515	2.9533104e-20	1
0	-0.05796785	-0.9982425	0.0034064515	0	2.513274e-07	0	-0.05796785	-0.9982425	0.0034064515	2.9533153e-20	1
0	-0.05796785	-0.9982425	0.0034064515	0	6.283185e-07	0	-0.05796785	-0.9982425	0.0034064515	2.9533304e-20	1
0	-0.05796785	-0.9982425	0.0034064515	0	1.256637e-06	0	-0.05796785	-0.9982425	0.0034064515	2.9533553e-20	1
0	-0.05796785	-0.9982425	0.0034064515	0	2.513274e-06	0	-0.05796785	-0.9982425	0.0034064515	2.9534054e-20	1
0	-0.05796785	-0.9982425	0.0034064515	0	6.2831855e-06	0	-0.05796785	-0.9982425	0.0034064515	2.953556e-20	1
0	-0.05796785	-0.9982425	0.0034064515	0	1.2566371e-05	0	-0.05796785	-0.9982425	0.0034064515	2.9538064e-20	1
0	-0.05796785	-0.9982425	0.0034064515	0	2.5132742e-05	0	-0.05796785	-0.9982425	0.0034064515	2.9543072e-20	1
0	-0.05895438	-0.9981847	0.0034133147	0	6.283185e-05	0	-0.05895438	-0.9981847	0.0034133147	2.95581e-20	1
0	-0.05895438	-0.9981847	0.0034133147	0	0.0001256637	0	-0.05895438	-0.9981847	0.0034133147	2.958315e-20	1
0	-0.05895438	-0.9981847	0.0034133147	0	0.0002513274	0	-0.05895438	-0.9981847	0.0034133147	2.963324e-20	1
0	-0.060743485	-0.9980772	0.003425706	0	0.0006283185	0	-0.060743485	-0.9980772	0.003425706	2.9783507e-20	1
0	-0.061999317	-0.9979999	0.003434355	0	0.0010053096	0	-0.061999317	-0.9979999	0.003434355	2.9933773e-20	1
0	-0.06282844	-0.99794793	0.0034400527	0	0.001256637	0	-0.06282844	-0.99794793	0.0034400527	3.0033936e-20	1
0	-0.06521042	-0.9977949	0.003456179	0	0.0018849556	0	-0.06521042	-0.9977949	0.003456179	3.0284326e-20	1
0	-0.06770666	-0.99762845	0.0034729405	0	0.002513274	0	-0.06770666	-0.99762845	0.0034729405	3.0534678e-20	1
0	-0.07333264	-0.9972302	0.0035100784	0	0.0037699111	0	-0.07333264	-0.9972302	0.0035100784	3.1035245e-20	1
0	-0.08817406	-0.99602616	0.003604264	0	0.0062831854	0	-0.08817406	-0.99602616	0.003604264	3.2035616e-20	1
0	-0.11968079	-0.9927298	0.0037884633	0	0.009424778	0	-0.11968079	-0.9927298	0.0037884633	3.3283528e-20	1
0	-0.89717805	0.44136962	-0.0023068548	0	0.012566371	0	-0.89717805	0.44136962	-0.0023068548	2.6580022e-20	1
0	0.029537976	0.99949074	-0.003184813	0	0.018849555	0	0.029537976	0.99949074	-0.003184813	2.2012381e-20	1
0	0.02533283	0.9996068	-0.00314441	0	0.025132742	0	0.02533283	0.9996068	-0.00314441	1.9504253e-20	1
0	0.019721353	0.99973434	-0.0030823108	0	0.03769911	0	0.019721353	0.99973434	-0.0030823108	1.4487358e-20	1
0	0.0161389	0.9997995	-0.0030340985	0	0.050265484	0	0.0161389	0.9997995	-0.0030340985	9.470006e-21	1
0	0.013655094	0.9998374	-0.0029936605	0	0.06283186	0	0.013655094	0.9998374	-0.0029936605	4.4524026e-21	1
