# t (s)	mx ()	my ()	mz ()	B_extx (T)	B_exty (T)	B_extz (T)	mx ()	my ()	mz ()	E_total (J)	branch ()
0	-0.009545287	0.99988854	0.0014063341	0	0.06283186	0	-0.009545287	0.99988854	0.0014063341	4.5444943e-21	-1
0	-0.011314632	0.99986935	0.001404887	0	0.050265484	0	-0.011314632	0.99986935	0.001404887	9.5623985e-21	-1
0	-0.013895158	0.99983597	0.0013974349	0	0.03769911	0	-0.013895158	0.99983597	0.0013974349	1.4580176e-20	-1
0	-0.017995229	0.9997698	0.0013785	0	0.025132742	0	-0.017995229	0.9997698	0.0013785	1.959771e-20	-1
0	-0.021107044	0.99970853	0.0013609144	0	0.018849555	0	-0.021107044	0.99970853	0.0013609144	2.2106318e-20	-1
0	-0.025501024	0.99960566	0.0013334397	0	0.012566371	0	-0.025501024	0.99960566	0.0013334397	2.461472e-20	-1
0	-0.028479632	0.99952495	0.00131364	0	0.009424778	0	-0.028479632	0.99952495	0.00131364	2.5868804e-20	-1
0	-0.032217078	0.9994112	0.0012879214	0	0.0062831854	0	-0.032217078	0.9994112	0.0012879214	2.7122768e-20	-1
0	-0.035998005	0.999282	0.001261155	0	0.0037699111	0	-0.035998005	0.999282	0.001261155	2.8125818e-20	-1
0	-0.038252763	0.9991981	0.0012449115	0	0.002513274	0	-0.038252763	0.9991981	0.0012449115	2.8627283e-20	-1
0	-0.039489653	0.9991499	0.0012359312	0	0.0018849556	0	-0.039489653	0.9991499	0.0012359312	2.8878003e-20	-1
0	-0.040774655	0.99909824	0.0012265616	0	0.001256637	0	-0.040774655	0.99909824	0.0012265616	2.912871e-20	-1
0	-0.040774655	0.99909824	0.0012265616	0	0.0010053096	0	-0.040774655	0.99909824	0.0012265616	2.922899e-20	-1
0	-0.04221289	0.99903846	0.0012159925	0	0.0006283185	0	-0.04221289	0.99903846	0.0012159925	2.93794e-20	-1
0	-0.043073058	0.9990016	0.0012096686	0	0.0002513274	0	-0.043073058	0.9990016	0.0012096686	2.9529805e-20	-1
0	-0.043073058	0.9990016	0.0012096686	0	0.0001256637	0	-0.043073058	0.9990016	0.0012096686	2.957994e-20	-1
0	-0.043073058	0.9990016	0.0012096686	0	6.283185e-05	0	-0.043073058	0.9990016	0.0012096686	2.9605007e-20	-1
0	-0.043073058	0.9990016	0.0012096686	0	2.5132742e-05	0	-0.043073058	0.9990016	0.0012096686	2.962005e-20	-1
0	-0.043073058	0.9990016	0.0012096686	0	1.2566371e-05	0	-0.043073058	0.9990016	0.0012096686	2.9625063e-20	-1
0	-0.043073058	0.9990016	0.0012096686	0	6.2831855e-06	0	-0.043073058	0.9990016	0.0012096686	2.962757e-20	-1
0	-0.043073058	0.9990016	0.0012096686	0	2.513274e-06	0	-0.043073058	0.9990016	0.0012096686	2.9629073e-20	-1
0	-0.043697324	0.9989745	0.0012050518	0	1.256637e-06	0	-0.043697324	0.9989745	0.0012050518	2.9629574e-20	-1
0	-0.043697324	0.9989745	0.0012050518	0	6.283185e-07	0	-0.043697324	0.9989745	0.0012050518	2.9629823e-20	-1
0	-0.043697324	0.9989745	0.0012050518	0	2.513274e-07	0	-0.043697324	0.9989745	0.0012050518	2.9629975e-20	-1
0	-0.043697324	0.9989745	0.0012050518	0	1.256637e-07	0	-0.043697324	0.9989745	0.0012050518	2.9630026e-20	-1
0	-0.043697324	0.9989745	0.0012050518	0	0	0	-0.043697324	0.9989745	0.0012050518	2.9630075e-20	-1
0	-0.043697324	0.9989745	0.0012050518	0	-1.256637e-07	0	-0.043697324	0.9989745	0.0012050518	2.9630127e-20	-1
0	-0.043697324	0.9989745	0.0012050518	0	-2.513274e-07	0	-0.043697324	0.9989745	0.0012050518	2.9630175e-20	-1
0	-0.043697324	0.9989745	0.0012050518	0	-6.283185e-07	0	-0.043697324	0.9989745	0.0012050518	2.9630327e-20	-1
0	-0.043697324	0.9989745	0.0012050518	0	-1.256637e-06	0	-0.043697324	0.9989745	0.0012050518	2.9630576e-20	-1
0	-0.043697324	0.9989745	0.0012050518	0	-2.513274e-06	0	-0.043697324	0.9989745	0.0012050518	2.9631076e-20	-1
0	-0.043697324	0.9989745	0.0012050518	0	-6.2831855e-06	0	-0.043697324	0.9989745	0.0012050518	2.9632582e-20	-1
0	-0.043697324	0.9989745	0.0012050518	0	-1.2566371e-05	0	-0.043697324	0.9989745	0.0012050518	2.963509e-20	-1
0	-0.043697324	0.9989745	0.0012050518	0	-2.5132742e-05	0	-0.043697324	0.9989745	0.0012050518	2.96401e-20	-1
0	-0.043697324	0.9989745	0.0012050518	0	-6.283185e-05	0	-0.043697324	0.9989745	0.0012050518	2.9655142e-20	-1
0	-0.043697324	0.9989745	0.0012050518	0	-0.0001256637	0	-0.043697324	0.9989745	0.0012050518	2.968021e-20	-1
0	-0.043697324	0.9989745	0.0012050518	0	-0.0002513274	0	-0.043697324	0.9989745	0.0012050518	2.973034e-20	-1
0	-0.045313314	0.9989024	0.0011930742	0	-0.0006283185	0	-0.045313314	0.9989024	0.0011930742	2.9880733e-20	-1
0	-0.046325378	0.99885595	0.0011855499	0	-0.0010053096	0	-0.046325378	0.99885595	0.0011855499	3.003112e-20	-1
0	-0.04704547	0.9988222	0.0011801764	0	-0.001256637	0	-0.04704547	0.9988222	0.0011801764	3.0131375e-20	-1
0	-0.048910573	0.99873257	0.0011662457	0	-0.0018849556	0	-0.048910573	0.99873257	0.0011662457	3.0381992e-20	-1
0	-0.050918296	0.9986321	0.001151138	0	-0.002513274	0	-0.050918296	0.9986321	0.001151138	3.063259e-20	-1
0	-0.055530384	0.998386	0.0011162289	0	-0.0037699111	0	-0.055530384	0.998386	0.0011162289	3.1133692e-20	-1
0	-0.06779301	0.99762774	0.0010221866	0	-0.0062831854	0	-0.06779301	0.99762774	0.0010221866	3.213543e-20	-1
0	-0.0941574	0.9954839	0.0008164098	0	-0.009424778	0	-0.0941574	0.9954839	0.0008164098	3.3385963e-20	-1
0	-0.17312616	0.9848173	0.00019662372	0	-0.012566371	0	-0.17312616	0.9848173	0.00019662372	3.4630737e-20	-1
0	0.021117497	-0.9997083	-0.0013608341	0	-0.018849555	0	0.021117497	-0.9997083	-0.0013608341	2.2106316e-20	-1
0	0.017999254	-0.9997697	-0.0013784671	0	-0.025132742	0	0.017999254	-0.9997697	-0.0013784671	1.9597712e-20	-1
0	0.013903719	-0.99983585	-0.0013973664	0	-0.03769911	0	0.013903719	-0.99983585	-0.0013973664	1.4580175e-20	-1
0	0.011320885	-0.9998692	-0.0014048441	0	-0.050265484	0	0.011320885	-0.9998692	-0.0014048441	9.562399e-21	-1
0	0.009547489	-0.99988854	-0.0014063147	0	-0.06283186	0	0.009547489	-0.99988854	-0.0014063147	4.5444976e-21	-1
0	0.009547489	-0.99988854	-0.0014063147	0	-0.06283186	0	0.009547489	-0.99988854	-0.0014063147	4.5444976e-21	1
0	0.0113119455	-0.99986935	-0.001404909	0	-0.050265484	0	0.0113119455	-0.99986935	-0.001404909	9.562399e-21	1
0	0.013896915	-0.99983597	-0.0013974186	0	-0.03769911	0	0.013896915	-0.99983597	-0.0013974186	1.4580173e-20	1
0	0.017991733	-0.9997699	-0.0013785246	0	-0.025132742	0	0.017991733	-0.9997699	-0.0013785246	1.9597712e-20	1
0	0.021110542	-0.9997084	-0.0013608726	0	-0.018849555	0	0.021110542	-0.9997084	-0.0013608726	2.2106315e-20	1
0	0.025509145	-0.9996054	-0.0013333777	0	-0.012566371	0	0.025509145	-0.9996054	-0.0013333777	2.4614719e-20	1
0	0.028479028	-0.99952495	-0.001313643	0	-0.009424778	0	0.028479028	-0.99952495	-0.001313643	2.5868804e-20	1
0	0.03222896	-0.99941087	-0.0012878295	0	-0.0062831854	0	0.03222896	-0.99941087	-0.0012878295	2.7122764e-20	1
0	0.03600719	-0.99928164	-0.0012610838	0	-0.0037699111	0	0.03600719	-0.99928164	-0.0012610838	2.8125815e-20	1
0	0.038251646	-0.9991981	-0.0012449193	0	-0.002513274	0	0.038251646	-0.9991981	-0.0012449193	2.8627283e-20	1
0	0.039490014	-0.9991499	-0.0012359251	0	-0.0018849556	0	0.039490014	-0.9991499	-0.0012359251	2.8878e-20	1
0	0.040795412	-0.99909735	-0.0012264003	0	-0.001256637	0	0.040795412	-0.99909735	-0.0012264003	2.9128706e-20	1
0	0.040795412	-0.99909735	-0.0012264003	0	-0.0010053096	0	0.040795412	-0.99909735	-0.0012264003	2.9228986e-20	1
0	0.042193346	-0.9990392	-0.0012161452	0	-0.0006283185	0	0.042193346	-0.9990392	-0.0012161452	2.9379397e-20	1
0	0.04307501	-0.9990015	-0.0012096525	0	-0.0002513274	0	0.04307501	-0.9990015	-0.0012096525	2.9529805e-20	1
0	0.04307501	-0.9990015	-0.0012096525	0	-0.0001256637	0	0.04307501	-0.9990015	-0.0012096525	2.957994e-20	1
0	0.04307501	-0.9990015	-0.0012096525	0	-6.283185e-05	0	0.04307501	-0.9990015	-0.0012096525	2.9605007e-20	1
0	0.04307501	-0.9990015	-0.0012096525	0	-2.5132742e-05	0	0.04307501	-0.9990015	-0.0012096525	2.962005e-20	1
0	0.04307501	-0.9990015	-0.0012096525	0	-1.2566371e-05	0	0.04307501	-0.9990015	-0.0012096525	2.962506e-20	1
0	0.04307501	-0.9990015	-0.0012096525	0	-6.2831855e-06	0	0.04307501	-0.9990015	-0.0012096525	2.9627567e-20	1
0	0.04307501	-0.9990015	-0.0012096525	0	-2.513274e-06	0	0.04307501	-0.9990015	-0.0012096525	2.9629073e-20	1
0	0.04307501	-0.9990015	-0.0012096525	0	-1.256637e-06	0	0.04307501	-0.9990015	-0.0012096525	2.9629574e-20	1
0	0.04307501	-0.9990015	-0.0012096525	0	-6.283185e-07	0	0.04307501	-0.9990015	-0.0012096525	2.9629823e-20	1
0	0.04307501	-0.9990015	-0.0012096525	0	-2.513274e-07	0	0.04307501	-0.9990015	-0.0012096525	2.9629975e-20	1
0	0.04307501	-0.9990015	-0.0012096525	0	-1.256637e-07	0	0.04307501	-0.9990015	-0.0012096525	2.9630023e-20	1
0	0.04307501	-0.9990015	-0.0012096525	0	0	0	0.04307501	-0.9990015	-0.0012096525	2.9630075e-20	1
0	0.04307501	-0.9990015	-0.0012096525	0	1.256637e-07	0	0.04307501	-0.9990015	-0.0012096525	2.9630123e-20	1
0	0.04307501	-0.9990015	-0.0012096525	0	2.513274e-07	0	0.04307501	-0.9990015	-0.0012096525	2.9630175e-20	1
0	0.04307501	-0.9990015	-0.0012096525	0	6.283185e-07	0	0.04307501	-0.9990015	-0.0012096525	2.9630324e-20	1
0	0.04307501	-0.9990015	-0.0012096525	0	1.256637e-06	0	0.04307501	-0.9990015	-0.0012096525	2.9630576e-20	1
0	0.04307501	-0.9990015	-0.0012096525	0	2.513274e-06	0	0.04307501	-0.9990015	-0.0012096525	2.9631076e-20	1
0	0.04307501	-0.9990015	-0.0012096525	0	6.2831855e-06	0	0.04307501	-0.9990015	-0.0012096525	2.9632582e-20	1
0	0.04307501	-0.9990015	-0.0012096525	0	1.2566371e-05	0	0.04307501	-0.9990015	-0.0012096525	2.963509e-20	1
0	0.04307501	-0.9990015	-0.0012096525	0	2.5132742e-05	0	0.04307501	-0.9990015	-0.0012096525	2.96401e-20	1
0	0.04307501	-0.9990015	-0.0012096525	0	6.283185e-05	0	0.04307501	-0.9990015	-0.0012096525	2.9655142e-20	1
0	0.044006635	-0.9989609	-0.0012027661	0	0.0001256637	0	0.044006635	-0.9989609	-0.0012027661	2.9680213e-20	1
0	0.044006635	-0.9989609	-0.0012027661	0	0.0002513274	0	0.044006635	-0.9989609	-0.0012027661	2.9730345e-20	1
0	0.045312554	-0.99890244	-0.0011930799	0	0.0006283185	0	0.045312554	-0.99890244	-0.0011930799	2.9880736e-20	1
0	0.046322737	-0.99885607	-0.0011855707	0	0.0010053096	0	0.046322737	-0.99885607	-0.0011855707	3.0031122e-20	1
0	0.046322737	-0.99885607	-0.0011855707	0	0.001256637	0	0.046322737	-0.99885607	-0.0011855707	3.013138e-20	1
0	0.048909843	-0.99873257	-0.001166229	0	0.0018849556	0	0.048909843	-0.99873257	-0.001166229	3.038199e-20	1
0	0.050932996	-0.99863136	-0.0011510213	0	0.002513274	0	0.050932996	-0.99863136	-0.0011510213	3.0632585e-20	1
0	0.055500768	-0.9983877	-0.0011164616	0	0.0037699111	0	0.055500768	-0.9983877	-0.0011164616	3.1133692e-20	1
0	0.06779437	-0.9976276	-0.0010221761	0	0.0062831854	0	0.06779437	-0.9976276	-0.0010221761	3.213543e-20	1
0	0.09408478	-0.99549073	-0.0008169871	0	0.009424778	0	0.09408478	-0.99549073	-0.0008169871	3.3385963e-20	1
0	0.17367595	-0.9847204	-0.00019236648	0	0.012566371	0	0.17367595	-0.9847204	-0.00019236648	3.4630734e-20	1
0	-0.021093432	0.99970883	0.0013610185	0	0.018849555	0	-0.021093432	0.99970883	0.0013610185	2.2106318e-20	1
0	-0.01800786	0.99976957	0.0013784012	0	0.025132742	0	-0.01800786	0.99976957	0.0013784012	1.9597712e-20	1
0	-0.013897269	0.99983597	0.0013974155	0	0.03769911	0	-0.013897269	0.99983597	0.0013974155	1.4580171e-20	1
0	-0.011328282	0.9998691	0.0014047859	0	0.050265484	0	-0.011328282	0.9998691	0.0014047859	9.562398e-21	1
0	-0.009546252	0.99988854	0.0014063239	0	0.06283186	0	-0.009546252	0.99988854	0.0014063239	4.5444964e-21	1
