# t (s)	mx ()	my ()	mz ()	B_extx (T)	B_exty (T)	B_extz (T)	mx ()	my ()	mz ()	E_total (J)	branch ()
0	0.022396913	0.999684	0.00061383634	0	0.06283186	0	0.022396913	0.999684	0.00061383634	4.5695376e-21	-1
0	0.026489854	0.999583	0.00063337036	0	0.050265484	0	0.026489854	0.999583	0.00063337036	9.5862236e-21	-1
0	0.03240779	0.99940777	0.00065974734	0	0.03769911	0	0.03240779	0.99940777	0.00065974734	1.4602244e-20	-1
0	0.04167451	0.99906313	0.00069859216	0	0.025132742	0	0.04167451	0.99906313	0.00069859216	1.961702e-20	-1
0	0.048603237	0.99874943	0.0007265063	0	0.018849555	0	0.048603237	0.99874943	0.0007265063	2.2123556e-20	-1
0	0.058249958	0.9982325	0.0007644002	0	0.012566371	0	0.058249958	0.9982325	0.0007644002	2.4629083e-20	-1
0	0.06461108	0.9978404	0.00078895193	0	0.009424778	0	0.06461108	0.9978404	0.00078895193	2.5881254e-20	-1
0	0.07255003	0.99729395	0.0008192091	0	0.0062831854	0	0.07255003	0.99729395	0.0008192091	2.713285e-20	-1
0	0.08042002	0.99668956	0.00084884703	0	0.0037699111	0	0.08042002	0.99668956	0.00084884703	2.8133544e-20	-1
0	0.08503336	0.9963062	0.0008660728	0	0.002513274	0	0.08503336	0.9963062	0.0008660728	2.8633642e-20	-1
0	0.08752827	0.9960899	0.00087534805	0	0.0018849556	0	0.08752827	0.9960899	0.00087534805	2.8883612e-20	-1
0	0.090180635	0.99585307	0.0008851739	0	0.001256637	0	0.090180635	0.99585307	0.0008851739	2.9133524e-20	-1
0	0.090180635	0.99585307	0.0008851739	0	0.0010053096	0	0.090180635	0.99585307	0.0008851739	2.923348e-20	-1
0	0.09300138	0.9955933	0.0008955868	0	0.0006283185	0	0.09300138	0.9955933	0.0008955868	2.938338e-20	-1
0	0.09478153	0.9954252	0.0009021389	0	0.0002513274	0	0.09478153	0.9954252	0.0009021389	2.9533256e-20	-1
0	0.09478153	0.9954252	0.0009021389	0	0.0001256637	0	0.09478153	0.9954252	0.0009021389	2.9583213e-20	-1
0	0.09478153	0.9954252	0.0009021389	0	6.283185e-05	0	0.09478153	0.9954252	0.0009021389	2.960819e-20	-1
0	0.09478153	0.9954252	0.0009021389	0	2.5132742e-05	0	0.09478153	0.9954252	0.0009021389	2.9623176e-20	-1
0	0.09478153	0.9954252	0.0009021389	0	1.2566371e-05	0	0.09478153	0.9954252	0.0009021389	2.9628172e-20	-1
0	0.09478153	0.9954252	0.0009021389	0	6.2831855e-06	0	0.09478153	0.9954252	0.0009021389	2.963067e-20	-1
0	0.09478153	0.9954252	0.0009021389	0	2.513274e-06	0	0.09478153	0.9954252	0.0009021389	2.963217e-20	-1
0	0.09478153	0.9954252	0.0009021389	0	1.256637e-06	0	0.09478153	0.9954252	0.0009021389	2.963267e-20	-1
0	0.09478153	0.9954252	0.0009021389	0	6.283185e-07	0	0.09478153	0.9954252	0.0009021389	2.9632918e-20	-1
0	0.09478153	0.9954252	0.0009021389	0	2.513274e-07	0	0.09478153	0.9954252	0.0009021389	2.963307e-20	-1
0	0.09478153	0.9954252	0.0009021389	0	1.256637e-07	0	0.09478153	0.9954252	0.0009021389	2.963312e-20	-1
0	0.09478153	0.9954252	0.0009021389	0	0	0	0.09478153	0.9954252	0.0009021389	2.9633167e-20	-1
0	0.09478153	0.9954252	0.0009021389	0	-1.256637e-07	0	0.09478153	0.9954252	0.0009021389	2.963322e-20	-1
0	0.09478153	0.9954252	0.0009021389	0	-2.513274e-07	0	0.09478153	0.9954252	0.0009021389	2.9633267e-20	-1
0	0.09478153	0.9954252	0.0009021389	0	-6.283185e-07	0	0.09478153	0.9954252	0.0009021389	2.963342e-20	-1
0	0.09478153	0.9954252	0.0009021389	0	-1.256637e-06	0	0.09478153	0.9954252	0.0009021389	2.9633668e-20	-1
0	0.09478153	0.9954252	0.0009021389	0	-2.513274e-06	0	0.09478153	0.9954252	0.0009021389	2.963417e-20	-1
0	0.09478153	0.9954252	0.0009021389	0	-6.2831855e-06	0	0.09478153	0.9954252	0.0009021389	2.9635665e-20	-1
0	0.09478153	0.9954252	0.0009021389	0	-1.2566371e-05	0	0.09478153	0.9954252	0.0009021389	2.9638162e-20	-1
0	0.09478153	0.9954252	0.0009021389	0	-2.5132742e-05	0	0.09478153	0.9954252	0.0009021389	2.964316e-20	-1
0	0.09631225	0.9952781	0.00090776786	0	-6.283185e-05	0	0.09631225	0.9952781	0.00090776786	2.9658138e-20	-1
0	0.09631225	0.9952781	0.00090776786	0	-0.0001256637	0	0.09631225	0.9952781	0.00090776786	2.968311e-20	-1
0	0.09631225	0.9952781	0.00090776786	0	-0.0002513274	0	0.09631225	0.9952781	0.00090776786	2.973306e-20	-1
0	0.09920573	0.9949937	0.0009183617	0	-0.0006283185	0	0.09920573	0.9949937	0.0009183617	2.9882872e-20	-1
0	0.10122965	0.9947896	0.00092575286	0	-0.0010053096	0	0.10122965	0.9947896	0.00092575286	3.003266e-20	-1
0	0.10263834	0.9946451	0.00093088474	0	-0.001256637	0	0.10263834	0.9946451	0.00093088474	3.0132497e-20	-1
0	0.10631871	0.9942581	0.0009442525	0	-0.0018849556	0	0.10631871	0.9942581	0.0009442525	3.038203e-20	-1
0	0.11022963	0.99383175	0.00095839245	0	-0.002513274	0	0.11022963	0.99383175	0.00095839245	3.0631464e-20	-1
0	0.1191445	0.99280155	0.0009903403	0	-0.0037699111	0	0.1191445	0.99280155	0.0009903403	3.1129967e-20	-1
0	0.14247705	0.98971987	0.0010721036	0	-0.0062831854	0	0.14247705	0.98971987	0.0010721036	3.2125042e-20	-1
0	0.19345772	0.98102283	0.0012399026	0	-0.009424778	0	0.19345772	0.98102283	0.0012399026	3.3362298e-20	-1
0	-0.93495935	-0.35443753	0.0010650742	0	-0.012566371	0	-0.93495935	-0.35443753	0.0010650742	2.6949958e-20	-1
0	-0.048608445	-0.99874914	-0.00072652346	0	-0.018849555	0	-0.048608445	-0.99874914	-0.00072652346	2.2123556e-20	-1
0	-0.041684166	-0.9990628	-0.00069862953	0	-0.025132742	0	-0.041684166	-0.9990628	-0.00069862953	1.961702e-20	-1
0	-0.03240951	-0.99940765	-0.0006597538	0	-0.03769911	0	-0.03240951	-0.99940765	-0.0006597538	1.460224e-20	-1
0	-0.026494514	-0.9995829	-0.0006333918	0	-0.050265484	0	-0.026494514	-0.9995829	-0.0006333918	9.5862236e-21	-1
0	-0.022399217	-0.9996839	-0.0006138446	0	-0.06283186	0	-0.022399217	-0.9996839	-0.0006138446	4.5695367e-21	-1
0	-0.022399217	-0.9996839	-0.0006138446	0	-0.06283186	0	-0.022399217	-0.9996839	-0.0006138446	4.5695367e-21	1
0	-0.026492061	-0.999583	-0.0006333786	0	-0.050265484	0	-0.026492061	-0.999583	-0.0006333786	9.586223e-21	1
0	-0.032407857	-0.99940777	-0.0006597473	0	-0.03769911	0	-0.032407857	-0.99940777	-0.0006597473	1.4602244e-20	1
0	-0.04167878	-0.999063	-0.00069860904	0	-0.025132742	0	-0.04167878	-0.999063	-0.00069860904	1.961702e-20	1
0	-0.0486032	-0.9987494	-0.000726506	0	-0.018849555	0	-0.0486032	-0.9987494	-0.000726506	2.2123555e-20	1
0	-0.0582354	-0.9982333	-0.0007643469	0	-0.012566371	0	-0.0582354	-0.9982333	-0.0007643469	2.4629085e-20	1
0	-0.06462112	-0.99783975	-0.00078899093	0	-0.009424778	0	-0.06462112	-0.99783975	-0.00078899093	2.5881254e-20	1
0	-0.072558045	-0.99729335	-0.0008192353	0	-0.0062831854	0	-0.072558045	-0.99729335	-0.0008192353	2.713285e-20	1
0	-0.08042815	-0.9966889	-0.00084887736	0	-0.0037699111	0	-0.08042815	-0.9966889	-0.00084887736	2.8133547e-20	1
0	-0.08501339	-0.99630785	-0.0008660011	0	-0.002513274	0	-0.08501339	-0.99630785	-0.0008660011	2.863364e-20	1
0	-0.08752346	-0.9960903	-0.0008753296	0	-0.0018849556	0	-0.08752346	-0.9960903	-0.0008753296	2.8883612e-20	1
0	-0.09018551	-0.9958526	-0.0008851915	0	-0.001256637	0	-0.09018551	-0.9958526	-0.0008851915	2.9133524e-20	1
0	-0.09018551	-0.9958526	-0.0008851915	0	-0.0010053096	0	-0.09018551	-0.9958526	-0.0008851915	2.9233477e-20	1
0	-0.09299755	-0.99559367	-0.0008955749	0	-0.0006283185	0	-0.09299755	-0.99559367	-0.0008955749	2.9383375e-20	1
0	-0.094775856	-0.9954258	-0.00090212486	0	-0.0002513274	0	-0.094775856	-0.9954258	-0.00090212486	2.9533256e-20	1
0	-0.094775856	-0.9954258	-0.00090212486	0	-0.0001256637	0	-0.094775856	-0.9954258	-0.00090212486	2.9583213e-20	1
0	-0.094775856	-0.9954258	-0.00090212486	0	-6.283185e-05	0	-0.094775856	-0.9954258	-0.00090212486	2.960819e-20	1
0	-0.094775856	-0.9954258	-0.00090212486	0	-2.5132742e-05	0	-0.094775856	-0.9954258	-0.00090212486	2.9623176e-20	1
0	-0.094775856	-0.9954258	-0.00090212486	0	-1.2566371e-05	0	-0.094775856	-0.9954258	-0.00090212486	2.9628172e-20	1
0	-0.094775856	-0.9954258	-0.00090212486	0	-6.2831855e-06	0	-0.094775856	-0.9954258	-0.00090212486	2.963067e-20	1
0	-0.094775856	-0.9954258	-0.00090212486	0	-2.513274e-06	0	-0.094775856	-0.9954258	-0.00090212486	2.963217e-20	1
0	-0.094775856	-0.9954258	-0.00090212486	0	-1.256637e-06	0	-0.094775856	-0.9954258	-0.00090212486	2.9632666e-20	1
0	-0.094775856	-0.9954258	-0.00090212486	0	-6.283185e-07	0	-0.094775856	-0.9954258	-0.00090212486	2.9632918e-20	1
0	-0.094775856	-0.9954258	-0.00090212486	0	-2.513274e-07	0	-0.094775856	-0.9954258	-0.00090212486	2.9633067e-20	1
0	-0.094775856	-0.9954258	-0.00090212486	0	-1.256637e-07	0	-0.094775856	-0.9954258	-0.00090212486	2.963312e-20	1
0	-0.094775856	-0.9954258	-0.00090212486	0	0	0	-0.094775856	-0.9954258	-0.00090212486	2.9633167e-20	1
0	-0.094775856	-0.9954258	-0.00090212486	0	1.256637e-07	0	-0.094775856	-0.9954258	-0.00090212486	2.963322e-20	1
0	-0.094775856	-0.9954258	-0.00090212486	0	2.513274e-07	0	-0.094775856	-0.9954258	-0.00090212486	2.9633267e-20	1
0	-0.094775856	-0.9954258	-0.00090212486	0	6.283185e-07	0	-0.094775856	-0.9954258	-0.00090212486	2.9633416e-20	1
0	-0.094775856	-0.9954258	-0.00090212486	0	1.256637e-06	0	-0.094775856	-0.9954258	-0.00090212486	2.9633668e-20	1
0	-0.094775856	-0.9954258	-0.00090212486	0	2.513274e-06	0	-0.094775856	-0.9954258	-0.00090212486	2.9634165e-20	1
0	-0.094775856	-0.9954258	-0.00090212486	0	6.2831855e-06	0	-0.094775856	-0.9954258	-0.00090212486	2.9635665e-20	1
0	-0.094775856	-0.9954258	-0.00090212486	0	1.2566371e-05	0	-0.094775856	-0.9954258	-0.00090212486	2.9638162e-20	1
0	-0.094775856	-0.9954258	-0.00090212486	0	2.5132742e-05	0	-0.094775856	-0.9954258	-0.00090212486	2.9643158e-20	1
0	-0.09631018	-0.99527836	-0.0009077557	0	6.283185e-05	0	-0.09631018	-0.99527836	-0.0009077557	2.9658134e-20	1
0	-0.09631018	-0.99527836	-0.0009077557	0	0.0001256637	0	-0.09631018	-0.99527836	-0.0009077557	2.9683108e-20	1
0	-0.09631018	-0.99527836	-0.0009077557	0	0.0002513274	0	-0.09631018	-0.99527836	-0.0009077557	2.9733056e-20	1
0	-0.099205896	-0.9949937	-0.0009183645	0	0.0006283185	0	-0.099205896	-0.9949937	-0.0009183645	2.988287e-20	1
0	-0.101233274	-0.99478924	-0.00092576613	0	0.0010053096	0	-0.101233274	-0.99478924	-0.00092576613	3.003266e-20	1
0	-0.101233274	-0.99478924	-0.00092576613	0	0.001256637	0	-0.101233274	-0.99478924	-0.00092576613	3.0132506e-20	1
0	-0.10631076	-0.994259	-0.00094422407	0	0.0018849556	0	-0.10631076	-0.994259	-0.00094422407	3.038203e-20	1
0	-0.11026114	-0.9938283	-0.000958506	0	0.002513274	0	-0.11026114	-0.9938283	-0.000958506	3.0631464e-20	1
0	-0.11915419	-0.99280035	-0.0009903728	0	0.0037699111	0	-0.11915419	-0.99280035	-0.0009903728	3.112997e-20	1
0	-0.14243925	-0.98972535	-0.001071975	0	0.0062831854	0	-0.14243925	-0.98972535	-0.001071975	3.2125042e-20	1
0	-0.1934271	-0.9810289	-0.0012398073	0	0.009424778	0	-0.1934271	-0.9810289	-0.0012398073	3.3362294e-20	1
0	0.9349606	0.35443428	-0.001065091	0	0.012566371	0	0.9349606	0.35443428	-0.001065091	2.694996e-20	1
0	0.04860491	0.9987493	0.0007265124	0	0.018849555	0	0.04860491	0.9987493	0.0007265124	2.2123553e-20	1
0	0.04168102	0.9990629	0.00069861696	0	0.025132742	0	0.04168102	0.9990629	0.00069861696	1.9617016e-20	1
0	0.032410804	0.99940765	0.0006597588	0	0.03769911	0	0.032410804	0.99940765	0.0006597588	1.4602245e-20	1
0	0.026495002	0.9995829	0.00063339015	0	0.050265484	0	0.026495002	0.9995829	0.00063339015	9.5862236e-21	1
0	0.022400439	0.99968386	0.0006138489	0	0.06283186	0	0.022400439	0.99968386	0.0006138489	4.5695376e-21	1
