# t (s)	mx ()	my ()	mz ()	B_extx (T)	B_exty (T)	B_extz (T)	mx ()	my ()	mz ()	E_total (J)	branch ()
0	0.07627742	0.9970114	0.0042669736	0	0.06283186	0	0.07627742	0.9970114	0.0042669736	2.6648324e-21	-1
0	0.08719045	0.99611473	0.0043220324	0	0.050265484	0	0.08719045	0.99611473	0.0043220324	7.666237e-21	-1
0	0.10159978	0.9947463	0.0043827333	0	0.03769911	0	0.10159978	0.9947463	0.0043827333	1.2662067e-20	-1
0	0.121433385	0.9925177	0.0044499803	0	0.025132742	0	0.121433385	0.9925177	0.0044499803	1.7649099e-20	-1
0	0.13440698	0.9908424	0.0044859727	0	0.018849555	0	0.13440698	0.9908424	0.0044859727	2.0137581e-20	-1
0	0.1503287	0.9885498	0.004522894	0	0.012566371	0	0.1503287	0.9885498	0.004522894	2.2621136e-20	-1
0	0.15972424	0.987074	0.0045412616	0	0.009424778	0	0.15972424	0.987074	0.0045412616	2.3860497e-20	-1
0	0.17033622	0.9852966	0.004559127	0	0.0062831854	0	0.17033622	0.9852966	0.004559127	2.5097825e-20	-1
0	0.17987259	0.98359895	0.004572667	0	0.0037699111	0	0.17987259	0.98359895	0.004572667	2.6085937e-20	-1
0	0.18503109	0.98264074	0.004579029	0	0.002513274	0	0.18503109	0.98264074	0.004579029	2.6579323e-20	-1
0	0.18772787	0.9821287	0.00458208	0	0.0018849556	0	0.18772787	0.9821287	0.00458208	2.6825829e-20	-1
0	0.1904996	0.98159444	0.004585033	0	0.001256637	0	0.1904996	0.98159444	0.004585033	2.7072203e-20	-1
0	0.1904996	0.98159444	0.004585033	0	0.0010053096	0	0.1904996	0.98159444	0.004585033	2.7170728e-20	-1
0	0.19335476	0.98103553	0.0045878673	0	0.0006283185	0	0.19335476	0.98103553	0.0045878673	2.731844e-20	-1
0	0.19511354	0.98068696	0.004589511	0	0.0002513274	0	0.19511354	0.98068696	0.004589511	2.7466115e-20	-1
0	0.19511354	0.98068696	0.004589511	0	0.0001256637	0	0.19511354	0.98068696	0.004589511	2.751533e-20	-1
0	0.19511354	0.98068696	0.004589511	0	6.283185e-05	0	0.19511354	0.98068696	0.004589511	2.7539938e-20	-1
0	0.19511354	0.98068696	0.004589511	0	2.5132742e-05	0	0.19511354	0.98068696	0.004589511	2.75547e-20	-1
0	0.19511354	0.98068696	0.004589511	0	1.2566371e-05	0	0.19511354	0.98068696	0.004589511	2.7559626e-20	-1
0	0.19511354	0.98068696	0.004589511	0	6.2831855e-06	0	0.19511354	0.98068696	0.004589511	2.7562085e-20	-1
0	0.19511354	0.98068696	0.004589511	0	2.513274e-06	0	0.19511354	0.98068696	0.004589511	2.756356e-20	-1
0	0.19511354	0.98068696	0.004589511	0	1.256637e-06	0	0.19511354	0.98068696	0.004589511	2.7564052e-20	-1
0	0.19511354	0.98068696	0.004589511	0	6.283185e-07	0	0.19511354	0.98068696	0.004589511	2.75643e-20	-1
0	0.19511354	0.98068696	0.004589511	0	2.513274e-07	0	0.19511354	0.98068696	0.004589511	2.7564447e-20	-1
0	0.19511354	0.98068696	0.004589511	0	1.256637e-07	0	0.19511354	0.98068696	0.004589511	2.7564495e-20	-1
0	0.19511354	0.98068696	0.004589511	0	0	0	0.19511354	0.98068696	0.004589511	2.7564547e-20	-1
0	0.19511354	0.98068696	0.004589511	0	-1.256637e-07	0	0.19511354	0.98068696	0.004589511	2.7564595e-20	-1
0	0.19511354	0.98068696	0.004589511	0	-2.513274e-07	0	0.19511354	0.98068696	0.004589511	2.7564644e-20	-1
0	0.19511354	0.98068696	0.004589511	0	-6.283185e-07	0	0.19511354	0.98068696	0.004589511	2.7564792e-20	-1
0	0.19511354	0.98068696	0.004589511	0	-1.256637e-06	0	0.19511354	0.98068696	0.004589511	2.7565038e-20	-1
0	0.19511354	0.98068696	0.004589511	0	-2.513274e-06	0	0.19511354	0.98068696	0.004589511	2.756553e-20	-1
0	0.19511354	0.98068696	0.004589511	0	-6.2831855e-06	0	0.19511354	0.98068696	0.004589511	2.7567006e-20	-1
0	0.19511354	0.98068696	0.004589511	0	-1.2566371e-05	0	0.19511354	0.98068696	0.004589511	2.7569468e-20	-1
0	0.19511354	0.98068696	0.004589511	0	-2.5132742e-05	0	0.19511354	0.98068696	0.004589511	2.757439e-20	-1
0	0.19511354	0.98068696	0.004589511	0	-6.283185e-05	0	0.19511354	0.98068696	0.004589511	2.7589152e-20	-1
0	0.19689882	0.9803299	0.0045911055	0	-0.0001256637	0	0.19689882	0.9803299	0.0045911055	2.7613738e-20	-1
0	0.19689882	0.9803299	0.0045911055	0	-0.0002513274	0	0.19689882	0.9803299	0.0045911055	2.7662936e-20	-1
0	0.19933704	0.9798366	0.004593148	0	-0.0006283185	0	0.19933704	0.9798366	0.004593148	2.7810478e-20	-1
0	0.20120281	0.9794548	0.0045946124	0	-0.0010053096	0	0.20120281	0.9794548	0.0045946124	2.7957965e-20	-1
0	0.20120281	0.9794548	0.0045946124	0	-0.001256637	0	0.20120281	0.9794548	0.0045946124	2.8056273e-20	-1
0	0.20570257	0.97851896	0.0045977887	0	-0.0018849556	0	0.20570257	0.97851896	0.0045977887	2.830188e-20	-1
0	0.20903808	0.9778113	0.004599817	0	-0.002513274	0	0.20903808	0.9778113	0.004599817	2.8547328e-20	-1
0	0.21606752	0.9762808	0.0046031857	0	-0.0037699111	0	0.21606752	0.9762808	0.0046031857	2.9037665e-20	-1
0	0.23172307	0.97268116	0.00460627	0	-0.0062831854	0	0.23172307	0.97268116	0.00460627	3.001582e-20	-1
0	0.25516593	0.9667918	0.0045993915	0	-0.009424778	0	0.25516593	0.9667918	0.0045993915	3.123267e-20	-1
0	0.28503186	0.958406	0.0045701927	0	-0.012566371	0	0.28503186	0.958406	0.0045701927	3.2440705e-20	-1
0	0.40852636	0.9126023	0.0041847024	0	-0.018849555	0	0.40852636	0.9126023	0.0041847024	3.4805395e-20	-1
0	-0.12143095	-0.992518	-0.0044499775	0	-0.025132742	0	-0.12143095	-0.992518	-0.0044499775	1.7649102e-20	-1
0	-0.10160778	-0.9947455	-0.004382747	0	-0.03769911	0	-0.10160778	-0.9947455	-0.004382747	1.2662069e-20	-1
0	-0.08719702	-0.99611413	-0.0043220464	0	-0.050265484	0	-0.08719702	-0.99611413	-0.0043220464	7.666237e-21	-1
0	-0.07627868	-0.9970113	-0.004266968	0	-0.06283186	0	-0.07627868	-0.9970113	-0.004266968	2.6648282e-21	-1
0	-0.07627868	-0.9970113	-0.004266968	0	-0.06283186	0	-0.07627868	-0.9970113	-0.004266968	2.6648282e-21	1
0	-0.08718811	-0.99611497	-0.004322028	0	-0.050265484	0	-0.08718811	-0.99611497	-0.004322028	7.6662364e-21	1
0	-0.10159951	-0.9947463	-0.004382707	0	-0.03769911	0	-0.10159951	-0.9947463	-0.004382707	1.2662065e-20	1
0	-0.12143326	-0.9925177	-0.0044499803	0	-0.025132742	0	-0.12143326	-0.9925177	-0.0044499803	1.7649102e-20	1
0	-0.13440034	-0.9908433	-0.004485966	0	-0.018849555	0	-0.13440034	-0.9908433	-0.004485966	2.0137583e-20	1
0	-0.15033093	-0.9885495	-0.0045228987	0	-0.012566371	0	-0.15033093	-0.9885495	-0.0045228987	2.2621134e-20	1
0	-0.15973192	-0.9870727	-0.0045412695	0	-0.009424778	0	-0.15973192	-0.9870727	-0.0045412695	2.3860498e-20	1
0	-0.17033726	-0.98529637	-0.004559124	0	-0.0062831854	0	-0.17033726	-0.98529637	-0.004559124	2.5097828e-20	1
0	-0.17987753	-0.983598	-0.004572669	0	-0.0037699111	0	-0.17987753	-0.983598	-0.004572669	2.608594e-20	1
0	-0.1850313	-0.98264074	-0.004579029	0	-0.002513274	0	-0.1850313	-0.98264074	-0.004579029	2.6579323e-20	1
0	-0.18772756	-0.98212874	-0.004582082	0	-0.0018849556	0	-0.18772756	-0.98212874	-0.004582082	2.682583e-20	1
0	-0.19050893	-0.9815926	-0.004585036	0	-0.001256637	0	-0.19050893	-0.9815926	-0.004585036	2.7072198e-20	1
0	-0.19050893	-0.9815926	-0.004585036	0	-0.0010053096	0	-0.19050893	-0.9815926	-0.004585036	2.717072e-20	1
0	-0.19335833	-0.9810348	-0.0045878617	0	-0.0006283185	0	-0.19335833	-0.9810348	-0.0045878617	2.731844e-20	1
0	-0.1951167	-0.9806863	-0.004589514	0	-0.0002513274	0	-0.1951167	-0.9806863	-0.004589514	2.7466112e-20	1
0	-0.1951167	-0.9806863	-0.004589514	0	-0.0001256637	0	-0.1951167	-0.9806863	-0.004589514	2.7515326e-20	1
0	-0.1951167	-0.9806863	-0.004589514	0	-6.283185e-05	0	-0.1951167	-0.9806863	-0.004589514	2.7539935e-20	1
0	-0.1951167	-0.9806863	-0.004589514	0	-2.5132742e-05	0	-0.1951167	-0.9806863	-0.004589514	2.75547e-20	1
0	-0.1951167	-0.9806863	-0.004589514	0	-1.2566371e-05	0	-0.1951167	-0.9806863	-0.004589514	2.7559622e-20	1
0	-0.1951167	-0.9806863	-0.004589514	0	-6.2831855e-06	0	-0.1951167	-0.9806863	-0.004589514	2.756208e-20	1
0	-0.1951167	-0.9806863	-0.004589514	0	-2.513274e-06	0	-0.1951167	-0.9806863	-0.004589514	2.7563558e-20	1
0	-0.1951167	-0.9806863	-0.004589514	0	-1.256637e-06	0	-0.1951167	-0.9806863	-0.004589514	2.7564052e-20	1
0	-0.1951167	-0.9806863	-0.004589514	0	-6.283185e-07	0	-0.1951167	-0.9806863	-0.004589514	2.7564298e-20	1
0	-0.1951167	-0.9806863	-0.004589514	0	-2.513274e-07	0	-0.1951167	-0.9806863	-0.004589514	2.7564443e-20	1
0	-0.1951167	-0.9806863	-0.004589514	0	-1.256637e-07	0	-0.1951167	-0.9806863	-0.004589514	2.7564495e-20	1
0	-0.1951167	-0.9806863	-0.004589514	0	0	0	-0.1951167	-0.9806863	-0.004589514	2.7564543e-20	1
0	-0.1951167	-0.9806863	-0.004589514	0	1.256637e-07	0	-0.1951167	-0.9806863	-0.004589514	2.7564592e-20	1
0	-0.1951167	-0.9806863	-0.004589514	0	2.513274e-07	0	-0.1951167	-0.9806863	-0.004589514	2.756464e-20	1
0	-0.1951167	-0.9806863	-0.004589514	0	6.283185e-07	0	-0.1951167	-0.9806863	-0.004589514	2.756479e-20	1
0	-0.1951167	-0.9806863	-0.004589514	0	1.256637e-06	0	-0.1951167	-0.9806863	-0.004589514	2.7565035e-20	1
0	-0.1951167	-0.9806863	-0.004589514	0	2.513274e-06	0	-0.1951167	-0.9806863	-0.004589514	2.756553e-20	1
0	-0.1951167	-0.9806863	-0.004589514	0	6.2831855e-06	0	-0.1951167	-0.9806863	-0.004589514	2.7567006e-20	1
0	-0.1951167	-0.9806863	-0.004589514	0	1.2566371e-05	0	-0.1951167	-0.9806863	-0.004589514	2.7569465e-20	1
0	-0.1951167	-0.9806863	-0.004589514	0	2.5132742e-05	0	-0.1951167	-0.9806863	-0.004589514	2.7574386e-20	1
0	-0.1951167	-0.9806863	-0.004589514	0	6.283185e-05	0	-0.1951167	-0.9806863	-0.004589514	2.7589152e-20	1
0	-0.19690041	-0.9803295	-0.0045911055	0	0.0001256637	0	-0.19690041	-0.9803295	-0.0045911055	2.7613735e-20	1
0	-0.19690041	-0.9803295	-0.0045911055	0	0.0002513274	0	-0.19690041	-0.9803295	-0.0045911055	2.7662933e-20	1
0	-0.19933614	-0.9798367	-0.004593147	0	0.0006283185	0	-0.19933614	-0.9798367	-0.004593147	2.7810478e-20	1
0	-0.20120451	-0.9794545	-0.0045946166	0	0.0010053096	0	-0.20120451	-0.9794545	-0.0045946166	2.7957968e-20	1
0	-0.20120451	-0.9794545	-0.0045946166	0	0.001256637	0	-0.20120451	-0.9794545	-0.0045946166	2.8056276e-20	1
0	-0.20570531	-0.97851837	-0.004597787	0	0.0018849556	0	-0.20570531	-0.97851837	-0.004597787	2.8301884e-20	1
0	-0.20904	-0.97781086	-0.0045997943	0	0.002513274	0	-0.20904	-0.97781086	-0.0045997943	2.854733e-20	1
0	-0.21606755	-0.9762808	-0.0046031773	0	0.0037699111	0	-0.21606755	-0.9762808	-0.0046031773	2.9037662e-20	1
0	-0.2317199	-0.97268194	-0.004606272	0	0.0062831854	0	-0.2317199	-0.97268194	-0.004606272	3.0015816e-20	1
0	-0.25515682	-0.96679425	-0.004599396	0	0.009424778	0	-0.25515682	-0.96679425	-0.004599396	3.1232666e-20	1
0	-0.28503513	-0.958405	-0.004570186	0	0.012566371	0	-0.28503513	-0.958405	-0.004570186	3.2440705e-20	1
0	-0.4085483	-0.91259253	-0.0041845916	0	0.018849555	0	-0.4085483	-0.91259253	-0.0041845916	3.4805398e-20	1
0	0.12143591	0.99251735	0.004449988	0	0.025132742	0	0.12143591	0.99251735	0.004449988	1.76491e-20	1
0	0.10160324	0.99474597	0.00438274	0	0.03769911	0	0.10160324	0.99474597	0.00438274	1.2662069e-20	1
0	0.087192595	0.9961145	0.0043220366	0	0.050265484	0	0.087192595	0.9961145	0.0043220366	7.666236e-21	1
0	0.076278895	0.9970113	0.0042669745	0	0.06283186	0	0.076278895	0.9970113	0.0042669745	2.6648338e-21	1
