# t (s)	mx ()	my ()	mz ()	B_extx (T)	B_exty (T)	B_extz (T)	mx ()	my ()	mz ()	E_total (J)	branch ()
0	-0.033057526	0.99938387	-0.0029004253	0	0.06283186	0	-0.033057526	0.99938387	-0.0029004253	4.52777e-21	-1
0	-0.039163366	0.9991623	-0.0029067458	0	0.050265484	0	-0.039163366	0.9991623	-0.0029067458	9.542678e-21	-1
0	-0.047992907	0.9987762	-0.002904656	0	0.03769911	0	-0.047992907	0.9987762	-0.002904656	1.455611e-20	-1
0	-0.061810598	0.99801505	-0.0028859405	0	0.025132742	0	-0.061810598	0.99801505	-0.0028859405	1.9566799e-20	-1
0	-0.07207267	0.99732566	-0.0028646397	0	0.018849555	0	-0.07207267	0.99732566	-0.0028646397	2.2070268e-20	-1
0	-0.08623579	0.9961997	-0.002828532	0	0.012566371	0	-0.08623579	0.9961997	-0.002828532	2.4571518e-20	-1
0	-0.09553677	0.9953501	-0.0028016518	0	0.009424778	0	-0.09553677	0.9953501	-0.0028016518	2.582087e-20	-1
0	-0.10696049	0.9941864	-0.002765935	0	0.0062831854	0	-0.10696049	0.9941864	-0.002765935	2.706897e-20	-1
0	-0.11819983	0.9929119	-0.0027283202	0	0.0037699111	0	-0.11819983	0.9929119	-0.0027283202	2.8066232e-20	-1
0	-0.12470111	0.9921157	-0.0027055915	0	0.002513274	0	-0.12470111	0.9921157	-0.0027055915	2.8564324e-20	-1
0	-0.1282241	0.9916662	-0.0026929989	0	0.0018849556	0	-0.1282241	0.9916662	-0.0026929989	2.8813218e-20	-1
0	-0.13195881	0.9911758	-0.002679444	0	0.001256637	0	-0.13195881	0.9911758	-0.002679444	2.906199e-20	-1
0	-0.13195881	0.9911758	-0.002679444	0	0.0010053096	0	-0.13195881	0.9911758	-0.002679444	2.9161474e-20	-1
0	-0.13587871	0.99064565	-0.0026650142	0	0.0006283185	0	-0.13587871	0.99064565	-0.0026650142	2.9310638e-20	-1
0	-0.13835096	0.9903031	-0.0026558014	0	0.0002513274	0	-0.13835096	0.9903031	-0.0026558014	2.9459756e-20	-1
0	-0.13835096	0.9903031	-0.0026558014	0	0.0001256637	0	-0.13835096	0.9903031	-0.0026558014	2.9509455e-20	-1
0	-0.13835096	0.9903031	-0.0026558014	0	6.283185e-05	0	-0.13835096	0.9903031	-0.0026558014	2.9534303e-20	-1
0	-0.13835096	0.9903031	-0.0026558014	0	2.5132742e-05	0	-0.13835096	0.9903031	-0.0026558014	2.9549215e-20	-1
0	-0.13835096	0.9903031	-0.0026558014	0	1.2566371e-05	0	-0.13835096	0.9903031	-0.0026558014	2.9554184e-20	-1
0	-0.13835096	0.9903031	-0.0026558014	0	6.2831855e-06	0	-0.13835096	0.9903031	-0.0026558014	2.955667e-20	-1
0	-0.13835096	0.9903031	-0.0026558014	0	2.513274e-06	0	-0.13835096	0.9903031	-0.0026558014	2.955816e-20	-1
0	-0.13835096	0.9903031	-0.0026558014	0	1.256637e-06	0	-0.13835096	0.9903031	-0.0026558014	2.9558656e-20	-1
0	-0.13835096	0.9903031	-0.0026558014	0	6.283185e-07	0	-0.13835096	0.9903031	-0.0026558014	2.9558905e-20	-1
0	-0.13835096	0.9903031	-0.0026558014	0	2.513274e-07	0	-0.13835096	0.9903031	-0.0026558014	2.9559054e-20	-1
0	-0.13835096	0.9903031	-0.0026558014	0	1.256637e-07	0	-0.13835096	0.9903031	-0.0026558014	2.9559102e-20	-1
0	-0.13835096	0.9903031	-0.0026558014	0	0	0	-0.13835096	0.9903031	-0.0026558014	2.9559154e-20	-1
0	-0.13835096	0.9903031	-0.0026558014	0	-1.256637e-07	0	-0.13835096	0.9903031	-0.0026558014	2.9559202e-20	-1
0	-0.13835096	0.9903031	-0.0026558014	0	-2.513274e-07	0	-0.13835096	0.9903031	-0.0026558014	2.9559254e-20	-1
0	-0.13835096	0.9903031	-0.0026558014	0	-6.283185e-07	0	-0.13835096	0.9903031	-0.0026558014	2.9559403e-20	-1
0	-0.13835096	0.9903031	-0.0026558014	0	-1.256637e-06	0	-0.13835096	0.9903031	-0.0026558014	2.955965e-20	-1
0	-0.13835096	0.9903031	-0.0026558014	0	-2.513274e-06	0	-0.13835096	0.9903031	-0.0026558014	2.9560146e-20	-1
0	-0.13835096	0.9903031	-0.0026558014	0	-6.2831855e-06	0	-0.13835096	0.9903031	-0.0026558014	2.956164e-20	-1
0	-0.13835096	0.9903031	-0.0026558014	0	-1.2566371e-05	0	-0.13835096	0.9903031	-0.0026558014	2.9564123e-20	-1
0	-0.13835096	0.9903031	-0.0026558014	0	-2.5132742e-05	0	-0.13835096	0.9903031	-0.0026558014	2.9569093e-20	-1
0	-0.14049633	0.9900008	-0.0026477366	0	-6.283185e-05	0	-0.14049633	0.9900008	-0.0026477366	2.9583985e-20	-1
0	-0.14049633	0.9900008	-0.0026477366	0	-0.0001256637	0	-0.14049633	0.9900008	-0.0026477366	2.9608827e-20	-1
0	-0.1417673	0.98981947	-0.002642943	0	-0.0002513274	0	-0.1417673	0.98981947	-0.002642943	2.9658503e-20	-1
0	-0.14447667	0.9894273	-0.002632627	0	-0.0006283185	0	-0.14447667	0.9894273	-0.002632627	2.98075e-20	-1
0	-0.1472746	0.9890144	-0.00262189	0	-0.0010053096	0	-0.1472746	0.9890144	-0.00262189	2.995643e-20	-1
0	-0.1472746	0.9890144	-0.00262189	0	-0.001256637	0	-0.1472746	0.9890144	-0.00262189	3.0055698e-20	-1
0	-0.154232	0.9879526	-0.00259475	0	-0.0018849556	0	-0.154232	0.9879526	-0.00259475	3.0303684e-20	-1
0	-0.15962806	0.9870945	-0.0025733132	0	-0.002513274	0	-0.15962806	0.9870945	-0.0025733132	3.055148e-20	-1
0	-0.1716564	0.9850725	-0.0025243866	0	-0.0037699111	0	-0.1716564	0.9850725	-0.0025243866	3.1046363e-20	-1
0	-0.20273657	0.9791443	-0.0023914876	0	-0.0062831854	0	-0.20273657	0.9791443	-0.0023914876	3.203237e-20	-1
0	-0.27162433	0.96230155	-0.0020719895	0	-0.009424778	0	-0.27162433	0.96230155	-0.0020719895	3.3252263e-20	-1
0	0.086240366	-0.99619937	0.0028285158	0	-0.012566371	0	0.086240366	-0.99619937	0.0028285158	2.4571521e-20	-1
0	0.072090626	-0.99732435	0.0028645732	0	-0.018849555	0	0.072090626	-0.99732435	0.0028645732	2.2070264e-20	-1
0	0.06181364	-0.9980148	0.0028859247	0	-0.025132742	0	0.06181364	-0.9980148	0.0028859247	1.9566799e-20	-1
0	0.04800342	-0.9987756	0.0029046377	0	-0.03769911	0	0.04800342	-0.9987756	0.0029046377	1.4556109e-20	-1
0	0.03917142	-0.9991621	0.0029067234	0	-0.050265484	0	0.03917142	-0.9991621	0.0029067234	9.542676e-21	-1
0	0.03305901	-0.99938387	0.0029004044	0	-0.06283186	0	0.03305901	-0.99938387	0.0029004044	4.5277734e-21	-1
0	0.03305901	-0.99938387	0.0029004044	0	-0.06283186	0	0.03305901	-0.99938387	0.0029004044	4.5277734e-21	1
0	0.039168205	-0.9991622	0.0029067318	0	-0.050265484	0	0.039168205	-0.9991622	0.0029067318	9.542679e-21	1
0	0.047997706	-0.9987759	0.002904638	0	-0.03769911	0	0.047997706	-0.9987759	0.002904638	1.4556106e-20	1
0	0.061810274	-0.99801505	0.0028859372	0	-0.025132742	0	0.061810274	-0.99801505	0.0028859372	1.9566797e-20	1
0	0.07207424	-0.99732554	0.0028646295	0	-0.018849555	0	0.07207424	-0.99732554	0.0028646295	2.2070266e-20	1
0	0.0862442	-0.996199	0.002828502	0	-0.012566371	0	0.0862442	-0.996199	0.002828502	2.4571518e-20	1
0	0.09552814	-0.9953509	0.0028016833	0	-0.009424778	0	0.09552814	-0.9953509	0.0028016833	2.582087e-20	1
0	0.10697411	-0.994185	0.0027658846	0	-0.0062831854	0	0.10697411	-0.994185	0.0027658846	2.7068972e-20	1
0	0.11818613	-0.9929135	0.0027283728	0	-0.0037699111	0	0.11818613	-0.9929135	0.0027283728	2.8066225e-20	1
0	0.12469971	-0.99211586	0.0027055964	0	-0.002513274	0	0.12469971	-0.99211586	0.0027055964	2.8564327e-20	1
0	0.12822118	-0.99166656	0.00269301	0	-0.0018849556	0	0.12822118	-0.99166656	0.00269301	2.8813218e-20	1
0	0.13191944	-0.991181	0.0026796013	0	-0.001256637	0	0.13191944	-0.991181	0.0026796013	2.9061992e-20	1
0	0.13191944	-0.991181	0.0026796013	0	-0.0010053096	0	0.13191944	-0.991181	0.0026796013	2.9161477e-20	1
0	0.13587734	-0.99064577	0.002665014	0	-0.0006283185	0	0.13587734	-0.99064577	0.002665014	2.9310634e-20	1
0	0.13834608	-0.99030375	0.0026558219	0	-0.0002513274	0	0.13834608	-0.99030375	0.0026558219	2.945976e-20	1
0	0.13834608	-0.99030375	0.0026558219	0	-0.0001256637	0	0.13834608	-0.99030375	0.0026558219	2.9509458e-20	1
0	0.13834608	-0.99030375	0.0026558219	0	-6.283185e-05	0	0.13834608	-0.99030375	0.0026558219	2.953431e-20	1
0	0.13834608	-0.99030375	0.0026558219	0	-2.5132742e-05	0	0.13834608	-0.99030375	0.0026558219	2.9549218e-20	1
0	0.13834608	-0.99030375	0.0026558219	0	-1.2566371e-05	0	0.13834608	-0.99030375	0.0026558219	2.9554187e-20	1
0	0.13834608	-0.99030375	0.0026558219	0	-6.2831855e-06	0	0.13834608	-0.99030375	0.0026558219	2.9556672e-20	1
0	0.13834608	-0.99030375	0.0026558219	0	-2.513274e-06	0	0.13834608	-0.99030375	0.0026558219	2.9558162e-20	1
0	0.13834608	-0.99030375	0.0026558219	0	-1.256637e-06	0	0.13834608	-0.99030375	0.0026558219	2.955866e-20	1
0	0.13834608	-0.99030375	0.0026558219	0	-6.283185e-07	0	0.13834608	-0.99030375	0.0026558219	2.9558908e-20	1
0	0.13834608	-0.99030375	0.0026558219	0	-2.513274e-07	0	0.13834608	-0.99030375	0.0026558219	2.9559057e-20	1
0	0.13834608	-0.99030375	0.0026558219	0	-1.256637e-07	0	0.13834608	-0.99030375	0.0026558219	2.955911e-20	1
0	0.13834608	-0.99030375	0.0026558219	0	0	0	0.13834608	-0.99030375	0.0026558219	2.9559157e-20	1
0	0.13834608	-0.99030375	0.0026558219	0	1.256637e-07	0	0.13834608	-0.99030375	0.0026558219	2.9559205e-20	1
0	0.13834608	-0.99030375	0.0026558219	0	2.513274e-07	0	0.13834608	-0.99030375	0.0026558219	2.9559257e-20	1
0	0.13834608	-0.99030375	0.0026558219	0	6.283185e-07	0	0.13834608	-0.99030375	0.0026558219	2.9559406e-20	1
0	0.13834608	-0.99030375	0.0026558219	0	1.256637e-06	0	0.13834608	-0.99030375	0.0026558219	2.9559655e-20	1
0	0.13834608	-0.99030375	0.0026558219	0	2.513274e-06	0	0.13834608	-0.99030375	0.0026558219	2.9560152e-20	1
0	0.13834608	-0.99030375	0.0026558219	0	6.2831855e-06	0	0.13834608	-0.99030375	0.0026558219	2.9561642e-20	1
0	0.13834608	-0.99030375	0.0026558219	0	1.2566371e-05	0	0.13834608	-0.99030375	0.0026558219	2.9564127e-20	1
0	0.13834608	-0.99030375	0.0026558219	0	2.5132742e-05	0	0.13834608	-0.99030375	0.0026558219	2.9569096e-20	1
0	0.14046982	-0.99000454	0.0026478441	0	6.283185e-05	0	0.14046982	-0.99000454	0.0026478441	2.9583985e-20	1
0	0.14046982	-0.99000454	0.0026478441	0	0.0001256637	0	0.14046982	-0.99000454	0.0026478441	2.960883e-20	1
0	0.14046982	-0.99000454	0.0026478441	0	0.0002513274	0	0.14046982	-0.99000454	0.0026478441	2.9658512e-20	1
0	0.14447927	-0.989427	0.0026326056	0	0.0006283185	0	0.14447927	-0.989427	0.0026326056	2.98075e-20	1
0	0.14727494	-0.9890144	0.0026218793	0	0.0010053096	0	0.14727494	-0.9890144	0.0026218793	2.995643e-20	1
0	0.14727494	-0.9890144	0.0026218793	0	0.001256637	0	0.14727494	-0.9890144	0.0026218793	3.0055698e-20	1
0	0.15422451	-0.9879538	0.002594779	0	0.0018849556	0	0.15422451	-0.9879538	0.002594779	3.030368e-20	1
0	0.15962484	-0.987095	0.0025733255	0	0.002513274	0	0.15962484	-0.987095	0.0025733255	3.0551476e-20	1
0	0.17162515	-0.985078	0.0025245221	0	0.0037699111	0	0.17162515	-0.985078	0.0025245221	3.104636e-20	1
0	0.20278259	-0.9791348	0.0023912787	0	0.0062831854	0	0.20278259	-0.9791348	0.0023912787	3.2032366e-20	1
0	0.27164772	-0.96229494	0.0020718751	0	0.009424778	0	0.27164772	-0.96229494	0.0020718751	3.325226e-20	1
0	0.88063264	0.47351226	0.0015822494	0	0.012566371	0	0.88063264	0.47351226	0.0015822494	2.5902915e-20	1
0	-0.07207267	0.99732566	-0.0028646344	0	0.018849555	0	-0.07207267	0.99732566	-0.0028646344	2.2070268e-20	1
0	-0.061819006	0.99801445	-0.0028859084	0	0.025132742	0	-0.061819006	0.99801445	-0.0028859084	1.9566794e-20	1
0	-0.048000425	0.9987758	-0.0029046328	0	0.03769911	0	-0.048000425	0.9987758	-0.0029046328	1.4556109e-20	1
0	-0.039171256	0.999162	-0.0029067206	0	0.050265484	0	-0.039171256	0.999162	-0.0029067206	9.542676e-21	1
0	-0.03305973	0.99938387	-0.0029004035	0	0.06283186	0	-0.03305973	0.99938387	-0.0029004035	4.527773e-21	1
