# t (s)	mx ()	my ()	mz ()	B_extx (T)	B_exty (T)	B_extz (T)	mx ()	my ()	mz ()	E_total (J)	branch ()
0	0.021773156	0.99969757	0.0008171237	0	0.06283186	0	0.021773156	0.99969757	0.0008171237	4.5465106e-21	-1
0	0.025781792	0.99960136	0.00080865284	0	0.050265484	0	0.025781792	0.99960136	0.00080865284	9.563276e-21	-1
0	0.03159237	0.99943376	0.0007930629	0	0.03769911	0	0.03159237	0.99943376	0.0007930629	1.45794e-20	-1
0	0.040734477	0.9991019	0.0007640806	0	0.025132742	0	0.040734477	0.9991019	0.0007640806	1.959434e-20	-1
0	0.047582738	0.99879855	0.0007403021	0	0.018849555	0	0.047582738	0.99879855	0.0007403021	2.2100985e-20	-1
0	0.057179302	0.99829435	0.0007051735	0	0.012566371	0	0.057179302	0.99829435	0.0007051735	2.4606644e-20	-1
0	0.06355214	0.9979085	0.0006810465	0	0.009424778	0	0.06355214	0.9979085	0.0006810465	2.5858905e-20	-1
0	0.0715054	0.9973695	0.00065028283	0	0.0062831854	0	0.0715054	0.9973695	0.00065028283	2.711059e-20	-1
0	0.07939823	0.9967717	0.0006192068	0	0.0037699111	0	0.07939823	0.9967717	0.0006192068	2.8111365e-20	-1
0	0.08403005	0.99639153	0.0006007622	0	0.002513274	0	0.08403005	0.99639153	0.0006007622	2.8611505e-20	-1
0	0.08656513	0.99617434	0.0005906083	0	0.0018849556	0	0.08656513	0.99617434	0.0005906083	2.8861495e-20	-1
0	0.08923946	0.99593806	0.00057984644	0	0.001256637	0	0.08923946	0.99593806	0.00057984644	2.9111433e-20	-1
0	0.08923946	0.99593806	0.00057984644	0	0.0010053096	0	0.08923946	0.99593806	0.00057984644	2.9211395e-20	-1
0	0.09208724	0.99567854	0.0005683749	0	0.0006283185	0	0.09208724	0.99567854	0.0005683749	2.9361306e-20	-1
0	0.09388965	0.9955101	0.00056108634	0	0.0002513274	0	0.09388965	0.9955101	0.00056108634	2.9511197e-20	-1
0	0.09388965	0.9955101	0.00056108634	0	0.0001256637	0	0.09388965	0.9955101	0.00056108634	2.9561157e-20	-1
0	0.09388965	0.9955101	0.00056108634	0	6.283185e-05	0	0.09388965	0.9955101	0.00056108634	2.9586137e-20	-1
0	0.09388965	0.9955101	0.00056108634	0	2.5132742e-05	0	0.09388965	0.9955101	0.00056108634	2.9601124e-20	-1
0	0.09388965	0.9955101	0.00056108634	0	1.2566371e-05	0	0.09388965	0.9955101	0.00056108634	2.9606122e-20	-1
0	0.09388965	0.9955101	0.00056108634	0	6.2831855e-06	0	0.09388965	0.9955101	0.00056108634	2.960862e-20	-1
0	0.09388965	0.9955101	0.00056108634	0	2.513274e-06	0	0.09388965	0.9955101	0.00056108634	2.961012e-20	-1
0	0.09388965	0.9955101	0.00056108634	0	1.256637e-06	0	0.09388965	0.9955101	0.00056108634	2.9610617e-20	-1
0	0.09388965	0.9955101	0.00056108634	0	6.283185e-07	0	0.09388965	0.9955101	0.00056108634	2.961087e-20	-1
0	0.09388965	0.9955101	0.00056108634	0	2.513274e-07	0	0.09388965	0.9955101	0.00056108634	2.9611017e-20	-1
0	0.09388965	0.9955101	0.00056108634	0	1.256637e-07	0	0.09388965	0.9955101	0.00056108634	2.9611066e-20	-1
0	0.09388965	0.9955101	0.00056108634	0	0	0	0.09388965	0.9955101	0.00056108634	2.9611118e-20	-1
0	0.09388965	0.9955101	0.00056108634	0	-1.256637e-07	0	0.09388965	0.9955101	0.00056108634	2.9611166e-20	-1
0	0.09388965	0.9955101	0.00056108634	0	-2.513274e-07	0	0.09388965	0.9955101	0.00056108634	2.9611218e-20	-1
0	0.09388965	0.9955101	0.00056108634	0	-6.283185e-07	0	0.09388965	0.9955101	0.00056108634	2.9611366e-20	-1
0	0.09388965	0.9955101	0.00056108634	0	-1.256637e-06	0	0.09388965	0.9955101	0.00056108634	2.9611615e-20	-1
0	0.09388965	0.9955101	0.00056108634	0	-2.513274e-06	0	0.09388965	0.9955101	0.00056108634	2.9612116e-20	-1
0	0.09388965	0.9955101	0.00056108634	0	-6.2831855e-06	0	0.09388965	0.9955101	0.00056108634	2.9613615e-20	-1
0	0.09388965	0.9955101	0.00056108634	0	-1.2566371e-05	0	0.09388965	0.9955101	0.00056108634	2.9616113e-20	-1
0	0.09388965	0.9955101	0.00056108634	0	-2.5132742e-05	0	0.09388965	0.9955101	0.00056108634	2.9621108e-20	-1
0	0.09388965	0.9955101	0.00056108634	0	-6.283185e-05	0	0.09388965	0.9955101	0.00056108634	2.9636098e-20	-1
0	0.09575845	0.9953319	0.00055351027	0	-0.0001256637	0	0.09575845	0.9953319	0.00055351027	2.9661065e-20	-1
0	0.09575845	0.9953319	0.00055351027	0	-0.0002513274	0	0.09575845	0.9953319	0.00055351027	2.9711016e-20	-1
0	0.098372206	0.9950768	0.0005428925	0	-0.0006283185	0	0.098372206	0.9950768	0.0005428925	2.9860842e-20	-1
0	0.10042051	0.994872	0.0005345531	0	-0.0010053096	0	0.10042051	0.994872	0.0005345531	3.0010643e-20	-1
0	0.10042051	0.994872	0.0005345531	0	-0.001256637	0	0.10042051	0.994872	0.0005345531	3.0110496e-20	-1
0	0.10557383	0.9943378	0.0005134932	0	-0.0018849556	0	0.10557383	0.9943378	0.0005134932	3.0360042e-20	-1
0	0.10957778	0.99390423	0.0004970812	0	-0.002513274	0	0.10957778	0.99390423	0.0004970812	3.0609492e-20	-1
0	0.11862672	0.992864	0.0004598098	0	-0.0037699111	0	0.11862672	0.992864	0.0004598098	3.110803e-20	-1
0	0.14242056	0.98972857	0.00036109076	0	-0.0062831854	0	0.14242056	0.98972857	0.00036109076	3.210314e-20	-1
0	0.1951662	0.9806849	0.00014215877	0	-0.009424778	0	0.1951662	0.9806849	0.00014215877	3.334025e-20	-1
0	-0.057181675	-0.99829423	-0.00070516695	0	-0.012566371	0	-0.057181675	-0.99829423	-0.00070516695	2.4606649e-20	-1
0	-0.0476012	-0.99879766	-0.00074022496	0	-0.018849555	0	-0.0476012	-0.99879766	-0.00074022496	2.2100985e-20	-1
0	-0.04073991	-0.99910164	-0.0007640578	0	-0.025132742	0	-0.04073991	-0.99910164	-0.0007640578	1.9594337e-20	-1
0	-0.03159546	-0.99943364	-0.00079305563	0	-0.03769911	0	-0.03159546	-0.99943364	-0.00079305563	1.4579402e-20	-1
0	-0.025786364	-0.9996013	-0.0008086347	0	-0.050265484	0	-0.025786364	-0.9996013	-0.0008086347	9.563278e-21	-1
0	-0.021775406	-0.9996975	-0.00081711536	0	-0.06283186	0	-0.021775406	-0.9996975	-0.00081711536	4.546511e-21	-1
0	-0.021775406	-0.9996975	-0.00081711536	0	-0.06283186	0	-0.021775406	-0.9996975	-0.00081711536	4.546511e-21	1
0	-0.025783	-0.99960136	-0.00080864807	0	-0.050265484	0	-0.025783	-0.99960136	-0.00080864807	9.56328e-21	1
0	-0.03159132	-0.99943376	-0.00079306646	0	-0.03769911	0	-0.03159132	-0.99943376	-0.00079306646	1.4579404e-20	1
0	-0.04073742	-0.99910176	-0.00076406787	0	-0.025132742	0	-0.04073742	-0.99910176	-0.00076406787	1.959434e-20	1
0	-0.047592454	-0.9987981	-0.00074026186	0	-0.018849555	0	-0.047592454	-0.9987981	-0.00074026186	2.2100988e-20	1
0	-0.05719357	-0.9982936	-0.0007051154	0	-0.012566371	0	-0.05719357	-0.9982936	-0.0007051154	2.4606647e-20	1
0	-0.063553885	-0.99790835	-0.0006810399	0	-0.009424778	0	-0.063553885	-0.99790835	-0.0006810399	2.5858908e-20	1
0	-0.071489155	-0.9973707	-0.0006503415	0	-0.0062831854	0	-0.071489155	-0.9973707	-0.0006503415	2.711059e-20	1
0	-0.07939326	-0.99677205	-0.0006192779	0	-0.0037699111	0	-0.07939326	-0.99677205	-0.0006192779	2.811136e-20	1
0	-0.084025025	-0.996392	-0.0006007827	0	-0.002513274	0	-0.084025025	-0.996392	-0.0006007827	2.8611502e-20	1
0	-0.08656254	-0.9961746	-0.00059061917	0	-0.0018849556	0	-0.08656254	-0.9961746	-0.00059061917	2.8861495e-20	1
0	-0.089237064	-0.9959383	-0.0005798694	0	-0.001256637	0	-0.089237064	-0.9959383	-0.0005798694	2.911143e-20	1
0	-0.089237064	-0.9959383	-0.0005798694	0	-0.0010053096	0	-0.089237064	-0.9959383	-0.0005798694	2.9211392e-20	1
0	-0.092088506	-0.9956784	-0.00056837127	0	-0.0006283185	0	-0.092088506	-0.9956784	-0.00056837127	2.9361306e-20	1
0	-0.093883574	-0.9955106	-0.0005611114	0	-0.0002513274	0	-0.093883574	-0.9955106	-0.0005611114	2.9511193e-20	1
0	-0.093883574	-0.9955106	-0.0005611114	0	-0.0001256637	0	-0.093883574	-0.9955106	-0.0005611114	2.9561154e-20	1
0	-0.093883574	-0.9955106	-0.0005611114	0	-6.283185e-05	0	-0.093883574	-0.9955106	-0.0005611114	2.9586134e-20	1
0	-0.093883574	-0.9955106	-0.0005611114	0	-2.5132742e-05	0	-0.093883574	-0.9955106	-0.0005611114	2.960112e-20	1
0	-0.093883574	-0.9955106	-0.0005611114	0	-1.2566371e-05	0	-0.093883574	-0.9955106	-0.0005611114	2.9606116e-20	1
0	-0.093883574	-0.9955106	-0.0005611114	0	-6.2831855e-06	0	-0.093883574	-0.9955106	-0.0005611114	2.9608617e-20	1
0	-0.093883574	-0.9955106	-0.0005611114	0	-2.513274e-06	0	-0.093883574	-0.9955106	-0.0005611114	2.9610113e-20	1
0	-0.093883574	-0.9955106	-0.0005611114	0	-1.256637e-06	0	-0.093883574	-0.9955106	-0.0005611114	2.9610613e-20	1
0	-0.093883574	-0.9955106	-0.0005611114	0	-6.283185e-07	0	-0.093883574	-0.9955106	-0.0005611114	2.9610862e-20	1
0	-0.093883574	-0.9955106	-0.0005611114	0	-2.513274e-07	0	-0.093883574	-0.9955106	-0.0005611114	2.9611014e-20	1
0	-0.093883574	-0.9955106	-0.0005611114	0	-1.256637e-07	0	-0.093883574	-0.9955106	-0.0005611114	2.9611063e-20	1
0	-0.093883574	-0.9955106	-0.0005611114	0	0	0	-0.093883574	-0.9955106	-0.0005611114	2.9611114e-20	1
0	-0.093883574	-0.9955106	-0.0005611114	0	1.256637e-07	0	-0.093883574	-0.9955106	-0.0005611114	2.9611163e-20	1
0	-0.093883574	-0.9955106	-0.0005611114	0	2.513274e-07	0	-0.093883574	-0.9955106	-0.0005611114	2.9611214e-20	1
0	-0.093883574	-0.9955106	-0.0005611114	0	6.283185e-07	0	-0.093883574	-0.9955106	-0.0005611114	2.9611363e-20	1
0	-0.093883574	-0.9955106	-0.0005611114	0	1.256637e-06	0	-0.093883574	-0.9955106	-0.0005611114	2.9611612e-20	1
0	-0.093883574	-0.9955106	-0.0005611114	0	2.513274e-06	0	-0.093883574	-0.9955106	-0.0005611114	2.9612113e-20	1
0	-0.093883574	-0.9955106	-0.0005611114	0	6.2831855e-06	0	-0.093883574	-0.9955106	-0.0005611114	2.9613612e-20	1
0	-0.093883574	-0.9955106	-0.0005611114	0	1.2566371e-05	0	-0.093883574	-0.9955106	-0.0005611114	2.961611e-20	1
0	-0.093883574	-0.9955106	-0.0005611114	0	2.5132742e-05	0	-0.093883574	-0.9955106	-0.0005611114	2.9621105e-20	1
0	-0.093883574	-0.9955106	-0.0005611114	0	6.283185e-05	0	-0.093883574	-0.9955106	-0.0005611114	2.9636095e-20	1
0	-0.09575296	-0.99533236	-0.00055352645	0	0.0001256637	0	-0.09575296	-0.99533236	-0.00055352645	2.9661062e-20	1
0	-0.09575296	-0.99533236	-0.00055352645	0	0.0002513274	0	-0.09575296	-0.99533236	-0.00055352645	2.9711013e-20	1
0	-0.09836437	-0.9950775	-0.0005429084	0	0.0006283185	0	-0.09836437	-0.9950775	-0.0005429084	2.986084e-20	1
0	-0.100402474	-0.99487376	-0.00053462863	0	0.0010053096	0	-0.100402474	-0.99487376	-0.00053462863	3.001064e-20	1
0	-0.10184112	-0.9947274	-0.00052875956	0	0.001256637	0	-0.10184112	-0.9947274	-0.00052875956	3.011049e-20	1
0	-0.10556652	-0.99433863	-0.0005135294	0	0.0018849556	0	-0.10556652	-0.99433863	-0.0005135294	3.0360042e-20	1
0	-0.10956894	-0.9939052	-0.00049711834	0	0.002513274	0	-0.10956894	-0.9939052	-0.00049711834	3.0609492e-20	1
0	-0.11866726	-0.9928591	-0.0004596386	0	0.0037699111	0	-0.11866726	-0.9928591	-0.0004596386	3.1108027e-20	1
0	-0.142438	-0.98972607	-0.00036101736	0	0.0062831854	0	-0.142438	-0.98972607	-0.00036101736	3.2103145e-20	1
0	-0.1951453	-0.98068905	-0.00014224072	0	0.009424778	0	-0.1951453	-0.98068905	-0.00014224072	3.334025e-20	1
0	-0.894518	0.4467386	-0.001541439	0	0.012566371	0	-0.894518	0.4467386	-0.001541439	2.6145585e-20	1
0	0.047594376	0.998798	0.0007402543	0	0.018849555	0	0.047594376	0.998798	0.0007402543	2.2100988e-20	1
0	0.0407486	0.9991013	0.0007640227	0	0.025132742	0	0.0407486	0.9991013	0.0007640227	1.9594337e-20	1
0	0.031598035	0.9994336	0.0007930399	0	0.03769911	0	0.031598035	0.9994336	0.0007930399	1.4579404e-20	1
0	0.02578864	0.99960124	0.00080862915	0	0.050265484	0	0.02578864	0.99960124	0.00080862915	9.563275e-21	1
0	0.021776931	0.9996975	0.0008171094	0	0.06283186	0	0.021776931	0.9996975	0.0008171094	4.5465086e-21	1
