# t (s)	mx ()	my ()	mz ()	B_extx (T)	B_exty (T)	B_extz (T)	mx ()	my ()	mz ()	E_total (J)	branch ()
0	-0.02868647	0.9995233	0.00017877031	0	0.06283186	0	-0.02868647	0.9995233	0.00017877031	4.590164e-21	-1
0	-0.03394492	0.9993577	0.0001824616	0	0.050265484	0	-0.03394492	0.9993577	0.0001824616	9.605899e-21	-1
0	-0.041537344	0.9990699	0.00018719645	0	0.03769911	0	-0.041537344	0.9990699	0.00018719645	1.4620529e-20	-1
0	-0.053410828	0.99850434	0.00019380989	0	0.025132742	0	-0.053410828	0.99850434	0.00019380989	1.9633122e-20	-1
0	-0.062239587	0.99799216	0.00019836146	0	0.018849555	0	-0.062239587	0.99799216	0.00019836146	2.213803e-20	-1
0	-0.07448499	0.997152	0.00020434616	0	0.012566371	0	-0.07448499	0.997152	0.00020434616	2.4641279e-20	-1
0	-0.08253804	0.996517	0.00020813067	0	0.009424778	0	-0.08253804	0.996517	0.00020813067	2.5891954e-20	-1
0	-0.0924645	0.9956441	0.00021266537	0	0.0062831854	0	-0.0924645	0.9956441	0.00021266537	2.7141696e-20	-1
0	-0.10230719	0.99468005	0.0002170375	0	0.0037699111	0	-0.10230719	0.99468005	0.0002170375	2.814056e-20	-1
0	-0.108031064	0.9940741	0.00021952813	0	0.002513274	0	-0.108031064	0.9940741	0.00021952813	2.863959e-20	-1
0	-0.111139484	0.99373114	0.00022086747	0	0.0018849556	0	-0.111139484	0.99373114	0.00022086747	2.8888986e-20	-1
0	-0.11442281	0.99335814	0.00022226857	0	0.001256637	0	-0.11442281	0.99335814	0.00022226857	2.9138293e-20	-1
0	-0.11578405	0.9932002	0.00022284756	0	0.0010053096	0	-0.11578405	0.9932002	0.00022284756	2.9237988e-20	-1
0	-0.11789681	0.99295145	0.0002237283	0	0.0006283185	0	-0.11789681	0.99295145	0.0002237283	2.93875e-20	-1
0	-0.12009193	0.99268806	0.00022466293	0	0.0002513274	0	-0.12009193	0.99268806	0.00022466293	2.9536975e-20	-1
0	-0.12086548	0.9925941	0.00022499303	0	0.0001256637	0	-0.12086548	0.9925941	0.00022499303	2.9586793e-20	-1
0	-0.12086548	0.9925941	0.00022499303	0	6.283185e-05	0	-0.12086548	0.9925941	0.00022499303	2.96117e-20	-1
0	-0.12086548	0.9925941	0.00022499303	0	2.5132742e-05	0	-0.12086548	0.9925941	0.00022499303	2.9626643e-20	-1
0	-0.12086548	0.9925941	0.00022499303	0	1.2566371e-05	0	-0.12086548	0.9925941	0.00022499303	2.9631623e-20	-1
0	-0.12086548	0.9925941	0.00022499303	0	6.2831855e-06	0	-0.12086548	0.9925941	0.00022499303	2.9634114e-20	-1
0	-0.12086548	0.9925941	0.00022499303	0	2.513274e-06	0	-0.12086548	0.9925941	0.00022499303	2.963561e-20	-1
0	-0.12086548	0.9925941	0.00022499303	0	1.256637e-06	0	-0.12086548	0.9925941	0.00022499303	2.9636107e-20	-1
0	-0.12086548	0.9925941	0.00022499303	0	6.283185e-07	0	-0.12086548	0.9925941	0.00022499303	2.9636356e-20	-1
0	-0.12086548	0.9925941	0.00022499303	0	2.513274e-07	0	-0.12086548	0.9925941	0.00022499303	2.9636505e-20	-1
0	-0.12086548	0.9925941	0.00022499303	0	1.256637e-07	0	-0.12086548	0.9925941	0.00022499303	2.9636557e-20	-1
0	-0.12086548	0.9925941	0.00022499303	0	0	0	-0.12086548	0.9925941	0.00022499303	2.9636605e-20	-1
0	-0.12086548	0.9925941	0.00022499303	0	-1.256637e-07	0	-0.12086548	0.9925941	0.00022499303	2.9636654e-20	-1
0	-0.12086548	0.9925941	0.00022499303	0	-2.513274e-07	0	-0.12086548	0.9925941	0.00022499303	2.9636705e-20	-1
0	-0.12086548	0.9925941	0.00022499303	0	-6.283185e-07	0	-0.12086548	0.9925941	0.00022499303	2.9636854e-20	-1
0	-0.12086548	0.9925941	0.00022499303	0	-1.256637e-06	0	-0.12086548	0.9925941	0.00022499303	2.9637103e-20	-1
0	-0.12086548	0.9925941	0.00022499303	0	-2.513274e-06	0	-0.12086548	0.9925941	0.00022499303	2.96376e-20	-1
0	-0.12086548	0.9925941	0.00022499303	0	-6.2831855e-06	0	-0.12086548	0.9925941	0.00022499303	2.9639096e-20	-1
0	-0.12086548	0.9925941	0.00022499303	0	-1.2566371e-05	0	-0.12086548	0.9925941	0.00022499303	2.9641588e-20	-1
0	-0.12086548	0.9925941	0.00022499303	0	-2.5132742e-05	0	-0.12086548	0.9925941	0.00022499303	2.9646567e-20	-1
0	-0.12086548	0.9925941	0.00022499303	0	-6.283185e-05	0	-0.12086548	0.9925941	0.00022499303	2.966151e-20	-1
0	-0.12086548	0.9925941	0.00022499303	0	-0.0001256637	0	-0.12086548	0.9925941	0.00022499303	2.968642e-20	-1
0	-0.12314472	0.9923137	0.00022593973	0	-0.0002513274	0	-0.12314472	0.9923137	0.00022593973	2.9736212e-20	-1
0	-0.12554392	0.99201274	0.00022694314	0	-0.0006283185	0	-0.12554392	0.99201274	0.00022694314	2.9885586e-20	-1
0	-0.12802255	0.99169564	0.00022795625	0	-0.0010053096	0	-0.12802255	0.99169564	0.00022795625	3.0034915e-20	-1
0	-0.12976855	0.99146855	0.00022867313	0	-0.001256637	0	-0.12976855	0.99146855	0.00022867313	3.013444e-20	-1
0	-0.13425077	0.9908711	0.00023049931	0	-0.0018849556	0	-0.13425077	0.9908711	0.00023049931	3.038315e-20	-1
0	-0.13907707	0.9902047	0.00023244048	0	-0.002513274	0	-0.13907707	0.9902047	0.00023244048	3.06317e-20	-1
0	-0.14991796	0.98862016	0.00023671734	0	-0.0037699111	0	-0.14991796	0.98862016	0.00023671734	3.1128254e-20	-1
0	-0.17821133	0.9839099	0.0002473071	0	-0.0062831854	0	-0.17821133	0.9839099	0.0002473071	3.2118386e-20	-1
0	-0.2422795	0.97011286	0.00026793877	0	-0.009424778	0	-0.2422795	0.97011286	0.00026793877	3.3345867e-20	-1
0	-0.90047467	-0.4346165	-0.00017903771	0	-0.012566371	0	-0.90047467	-0.4346165	-0.00017903771	2.602115e-20	-1
0	0.062254168	-0.9979912	-0.00019836804	0	-0.018849555	0	0.062254168	-0.9979912	-0.00019836804	2.2138029e-20	-1
0	0.053424694	-0.99850357	-0.00019381891	0	-0.025132742	0	0.053424694	-0.99850357	-0.00019381891	1.9633122e-20	-1
0	0.041541047	-0.9990697	-0.00018719956	0	-0.03769911	0	0.041541047	-0.9990697	-0.00018719956	1.4620524e-20	-1
0	0.03394966	-0.99935746	-0.0001824646	0	-0.050265484	0	0.03394966	-0.99935746	-0.0001824646	9.605897e-21	-1
0	0.02868839	-0.9995232	-0.00017877162	0	-0.06283186	0	0.02868839	-0.9995232	-0.00017877162	4.5901646e-21	-1
0	0.02868839	-0.9995232	-0.00017877162	0	-0.06283186	0	0.02868839	-0.9995232	-0.00017877162	4.5901646e-21	1
0	0.033947773	-0.9993576	-0.00018246379	0	-0.050265484	0	0.033947773	-0.9993576	-0.00018246379	9.6058966e-21	1
0	0.041531783	-0.99907017	-0.00018719514	0	-0.03769911	0	0.041531783	-0.99907017	-0.00018719514	1.462053e-20	1
0	0.05341185	-0.9985043	-0.00019381198	0	-0.025132742	0	0.05341185	-0.9985043	-0.00019381198	1.9633124e-20	1
0	0.062247407	-0.9979917	-0.00019836483	0	-0.018849555	0	0.062247407	-0.9979917	-0.00019836483	2.213803e-20	1
0	0.07448023	-0.9971523	-0.00020433725	0	-0.012566371	0	0.07448023	-0.9971523	-0.00020433725	2.4641282e-20	1
0	0.0825325	-0.9965174	-0.00020812856	0	-0.009424778	0	0.0825325	-0.9965174	-0.00020812856	2.5891954e-20	1
0	0.09249769	-0.99564105	-0.0002126793	0	-0.0062831854	0	0.09249769	-0.99564105	-0.0002126793	2.7141693e-20	1
0	0.10231737	-0.994679	-0.00021704112	0	-0.0037699111	0	0.10231737	-0.994679	-0.00021704112	2.8140562e-20	1
0	0.108031824	-0.9940741	-0.00021952024	0	-0.002513274	0	0.108031824	-0.9940741	-0.00021952024	2.863959e-20	1
0	0.11113405	-0.99373174	-0.00022086433	0	-0.0018849556	0	0.11113405	-0.99373174	-0.00022086433	2.888899e-20	1
0	0.11441851	-0.9933586	-0.00022226595	0	-0.001256637	0	0.11441851	-0.9933586	-0.00022226595	2.9138293e-20	1
0	0.11441851	-0.9933586	-0.00022226595	0	-0.0010053096	0	0.11441851	-0.9933586	-0.00022226595	2.9237994e-20	1
0	0.11789784	-0.9929513	-0.00022374006	0	-0.0006283185	0	0.11789784	-0.9929513	-0.00022374006	2.93875e-20	1
0	0.12010386	-0.9926866	-0.0002246669	0	-0.0002513274	0	0.12010386	-0.9926866	-0.0002246669	2.9536975e-20	1
0	0.12010386	-0.9926866	-0.0002246669	0	-0.0001256637	0	0.12010386	-0.9926866	-0.0002246669	2.958679e-20	1
0	0.12010386	-0.9926866	-0.0002246669	0	-6.283185e-05	0	0.12010386	-0.9926866	-0.0002246669	2.96117e-20	1
0	0.12010386	-0.9926866	-0.0002246669	0	-2.5132742e-05	0	0.12010386	-0.9926866	-0.0002246669	2.9626647e-20	1
0	0.12010386	-0.9926866	-0.0002246669	0	-1.2566371e-05	0	0.12010386	-0.9926866	-0.0002246669	2.963163e-20	1
0	0.12010386	-0.9926866	-0.0002246669	0	-6.2831855e-06	0	0.12010386	-0.9926866	-0.0002246669	2.963412e-20	1
0	0.12010386	-0.9926866	-0.0002246669	0	-2.513274e-06	0	0.12010386	-0.9926866	-0.0002246669	2.9635613e-20	1
0	0.12010386	-0.9926866	-0.0002246669	0	-1.256637e-06	0	0.12010386	-0.9926866	-0.0002246669	2.963611e-20	1
0	0.12010386	-0.9926866	-0.0002246669	0	-6.283185e-07	0	0.12010386	-0.9926866	-0.0002246669	2.963636e-20	1
0	0.12010386	-0.9926866	-0.0002246669	0	-2.513274e-07	0	0.12010386	-0.9926866	-0.0002246669	2.963651e-20	1
0	0.12010386	-0.9926866	-0.0002246669	0	-1.256637e-07	0	0.12010386	-0.9926866	-0.0002246669	2.963656e-20	1
0	0.12010386	-0.9926866	-0.0002246669	0	0	0	0.12010386	-0.9926866	-0.0002246669	2.9636608e-20	1
0	0.12010386	-0.9926866	-0.0002246669	0	1.256637e-07	0	0.12010386	-0.9926866	-0.0002246669	2.963666e-20	1
0	0.12010386	-0.9926866	-0.0002246669	0	2.513274e-07	0	0.12010386	-0.9926866	-0.0002246669	2.963671e-20	1
0	0.12010386	-0.9926866	-0.0002246669	0	6.283185e-07	0	0.12010386	-0.9926866	-0.0002246669	2.963686e-20	1
0	0.12010386	-0.9926866	-0.0002246669	0	1.256637e-06	0	0.12010386	-0.9926866	-0.0002246669	2.963711e-20	1
0	0.12010386	-0.9926866	-0.0002246669	0	2.513274e-06	0	0.12010386	-0.9926866	-0.0002246669	2.9637607e-20	1
0	0.12010386	-0.9926866	-0.0002246669	0	6.2831855e-06	0	0.12010386	-0.9926866	-0.0002246669	2.96391e-20	1
0	0.12010386	-0.9926866	-0.0002246669	0	1.2566371e-05	0	0.12010386	-0.9926866	-0.0002246669	2.964159e-20	1
0	0.12010386	-0.9926866	-0.0002246669	0	2.5132742e-05	0	0.12010386	-0.9926866	-0.0002246669	2.9646573e-20	1
0	0.12198655	-0.99245685	-0.00022545859	0	6.283185e-05	0	0.12198655	-0.99245685	-0.00022545859	2.9661508e-20	1
0	0.12198655	-0.99245685	-0.00022545859	0	0.0001256637	0	0.12198655	-0.99245685	-0.00022545859	2.968641e-20	1
0	0.12198655	-0.99245685	-0.00022545859	0	0.0002513274	0	0.12198655	-0.99245685	-0.00022545859	2.973622e-20	1
0	0.1255512	-0.99201185	-0.00022693675	0	0.0006283185	0	0.1255512	-0.99201185	-0.00022693675	2.9885586e-20	1
0	0.12804163	-0.99169326	-0.00022796304	0	0.0010053096	0	0.12804163	-0.99169326	-0.00022796304	3.0034915e-20	1
0	0.12804163	-0.99169326	-0.00022796304	0	0.001256637	0	0.12804163	-0.99169326	-0.00022796304	3.013445e-20	1
0	0.1342271	-0.9908743	-0.00023048816	0	0.0018849556	0	0.1342271	-0.9908743	-0.00023048816	3.038315e-20	1
0	0.13908055	-0.9902042	-0.00023244144	0	0.002513274	0	0.13908055	-0.9902042	-0.00023244144	3.0631703e-20	1
0	0.14990607	-0.98862195	-0.00023671273	0	0.0037699111	0	0.14990607	-0.98862195	-0.00023671273	3.1128254e-20	1
0	0.1781661	-0.9839181	-0.000247291	0	0.0062831854	0	0.1781661	-0.9839181	-0.000247291	3.2118386e-20	1
0	0.24228108	-0.97011244	-0.00026793827	0	0.009424778	0	0.24228108	-0.97011244	-0.00026793827	3.3345864e-20	1
0	0.9004673	0.4346316	0.00017903157	0	0.012566371	0	0.9004673	0.4346316	0.00017903157	2.6021147e-20	1
0	-0.06224002	0.9979921	0.00019836206	0	0.018849555	0	-0.06224002	0.9979921	0.00019836206	2.2138027e-20	1
0	-0.05341857	0.99850386	0.00019381149	0	0.025132742	0	-0.05341857	0.99850386	0.00019381149	1.963312e-20	1
0	-0.041539982	0.9990698	0.00018719894	0	0.03769911	0	-0.041539982	0.9990698	0.00018719894	1.4620527e-20	1
0	-0.03394921	0.9993575	0.00018246446	0	0.050265484	0	-0.03394921	0.9993575	0.00018246446	9.605898e-21	1
0	-0.028689459	0.99952316	0.00017877202	0	0.06283186	0	-0.028689459	0.99952316	0.00017877202	4.5901638e-21	1
