# t (s)	mx ()	my ()	mz ()	B_extx (T)	B_exty (T)	B_extz (T)	mx ()	my ()	mz ()	E_total (J)	branch ()
0	0.05160442	0.9985978	0.0016076079	0	0.06283186	0	0.05160442	0.9985978	0.0016076079	5.2048074e-21	-1
0	0.07543334	0.99707925	0.0014516218	0	0.050265484	0	0.07543334	0.99707925	0.0014516218	1.0213162e-20	-1
0	0.13149783	0.99124	0.0009627559	0	0.03769911	0	0.13149783	0.99124	0.0009627559	1.5205967e-20	-1
0	0.2711929	0.96242595	-0.00082337164	0	0.025132742	0	0.2711929	0.96242595	-0.00082337164	2.0125551e-20	-1
0	0.370304	0.92878485	-0.0024489067	0	0.018849555	0	0.370304	0.92878485	-0.0024489067	2.2501416e-20	-1
0	0.47495013	0.8798489	-0.004317333	0	0.012566371	0	0.47495013	0.8798489	-0.004317333	2.4773998e-20	-1
0	0.5286826	0.8486328	-0.0052699703	0	0.009424778	0	0.5286826	0.8486328	-0.0052699703	2.585882e-20	-1
0	0.584027	0.81152165	-0.006195984	0	0.0062831854	0	0.584027	0.81152165	-0.006195984	2.6900962e-20	-1
0	0.6302435	0.7761624	-0.0068908725	0	0.0037699111	0	0.6302435	0.7761624	-0.0068908725	2.7698246e-20	-1
0	0.6544757	0.75583583	-0.0072143106	0	0.002513274	0	0.6544757	0.75583583	-0.0072143106	2.808275e-20	-1
0	0.66692054	0.74487543	-0.0073669534	0	0.0018849556	0	0.66692054	0.74487543	-0.0073669534	2.8271046e-20	-1
0	0.6796886	0.73324096	-0.0075128833	0	0.001256637	0	0.6796886	0.73324096	-0.0075128833	2.8456516e-20	-1
0	0.6848247	0.72844553	-0.007568313	0	0.0010053096	0	0.6848247	0.72844553	-0.007568313	2.8529873e-20	-1
0	0.6927303	0.72093046	-0.00764974	0	0.0006283185	0	0.6927303	0.72093046	-0.00764974	2.863898e-20	-1
0	0.6927303	0.72093046	-0.00764974	0	0.0002513274	0	0.6927303	0.72093046	-0.00764974	2.8747518e-20	-1
0	0.70351195	0.7104118	-0.0077527617	0	0.0001256637	0	0.70351195	0.7104118	-0.0077527617	2.8782648e-20	-1
0	0.70351195	0.7104118	-0.0077527617	0	6.283185e-05	0	0.70351195	0.7104118	-0.0077527617	2.8800474e-20	-1
0	0.70351195	0.7104118	-0.0077527617	0	2.5132742e-05	0	0.70351195	0.7104118	-0.0077527617	2.881117e-20	-1
0	0.70351195	0.7104118	-0.0077527617	0	1.2566371e-05	0	0.70351195	0.7104118	-0.0077527617	2.8814733e-20	-1
0	0.70351195	0.7104118	-0.0077527617	0	6.2831855e-06	0	0.70351195	0.7104118	-0.0077527617	2.8816517e-20	-1
0	0.70351195	0.7104118	-0.0077527617	0	2.513274e-06	0	0.70351195	0.7104118	-0.0077527617	2.8817586e-20	-1
0	0.70351195	0.7104118	-0.0077527617	0	1.256637e-06	0	0.70351195	0.7104118	-0.0077527617	2.8817942e-20	-1
0	0.70351195	0.7104118	-0.0077527617	0	6.283185e-07	0	0.70351195	0.7104118	-0.0077527617	2.881812e-20	-1
0	0.70351195	0.7104118	-0.0077527617	0	2.513274e-07	0	0.70351195	0.7104118	-0.0077527617	2.8818226e-20	-1
0	0.70351195	0.7104118	-0.0077527617	0	1.256637e-07	0	0.70351195	0.7104118	-0.0077527617	2.8818262e-20	-1
0	0.70351195	0.7104118	-0.0077527617	0	0	0	0.70351195	0.7104118	-0.0077527617	2.8818297e-20	-1
0	0.70351195	0.7104118	-0.0077527617	0	-1.256637e-07	0	0.70351195	0.7104118	-0.0077527617	2.8818333e-20	-1
0	0.70351195	0.7104118	-0.0077527617	0	-2.513274e-07	0	0.70351195	0.7104118	-0.0077527617	2.8818368e-20	-1
0	0.70351195	0.7104118	-0.0077527617	0	-6.283185e-07	0	0.70351195	0.7104118	-0.0077527617	2.8818478e-20	-1
0	0.70351195	0.7104118	-0.0077527617	0	-1.256637e-06	0	0.70351195	0.7104118	-0.0077527617	2.8818656e-20	-1
0	0.70351195	0.7104118	-0.0077527617	0	-2.513274e-06	0	0.70351195	0.7104118	-0.0077527617	2.881901e-20	-1
0	0.70351195	0.7104118	-0.0077527617	0	-6.2831855e-06	0	0.70351195	0.7104118	-0.0077527617	2.882008e-20	-1
0	0.70351195	0.7104118	-0.0077527617	0	-1.2566371e-05	0	0.70351195	0.7104118	-0.0077527617	2.8821864e-20	-1
0	0.70351195	0.7104118	-0.0077527617	0	-2.5132742e-05	0	0.70351195	0.7104118	-0.0077527617	2.882543e-20	-1
0	0.70351195	0.7104118	-0.0077527617	0	-6.283185e-05	0	0.70351195	0.7104118	-0.0077527617	2.8836124e-20	-1
0	0.70351195	0.7104118	-0.0077527617	0	-0.0001256637	0	0.70351195	0.7104118	-0.0077527617	2.885395e-20	-1
0	0.70351195	0.7104118	-0.0077527617	0	-0.0002513274	0	0.70351195	0.7104118	-0.0077527617	2.8889603e-20	-1
0	0.7202821	0.69340146	-0.007893074	0	-0.0006283185	0	0.7202821	0.69340146	-0.007893074	2.8994034e-20	-1
0	0.7202821	0.69340146	-0.007893074	0	-0.0010053096	0	0.7202821	0.69340146	-0.007893074	2.909843e-20	-1
0	0.7349261	0.6778604	-0.007993806	0	-0.001256637	0	0.7349261	0.6778604	-0.007993806	2.91661e-20	-1
0	0.75037	0.6607238	-0.0080756415	0	-0.0018849556	0	0.75037	0.6607238	-0.0080756415	2.9334073e-20	-1
0	0.7668816	0.6414869	-0.008132428	0	-0.002513274	0	0.7668816	0.6414869	-0.008132428	2.9497497e-20	-1
0	0.8052113	0.5926699	-0.008120764	0	-0.0037699111	0	0.8052113	0.5926699	-0.008120764	2.9807915e-20	-1
0	0.6884798	-0.7250078	0.005852013	0	-0.0062831854	0	0.6884798	-0.7250078	0.005852013	2.7089824e-20	-1
0	0.6242736	-0.7809895	0.0045829937	0	-0.009424778	0	0.6242736	-0.7809895	0.0045829937	2.6144536e-20	-1
0	0.55232334	-0.83344495	0.0031458936	0	-0.012566371	0	0.55232334	-0.83344495	0.0031458936	2.513158e-20	-1
0	-0.37028462	-0.92879254	0.0024485665	0	-0.018849555	0	-0.37028462	-0.92879254	0.0024485665	2.2501418e-20	-1
0	-0.27120075	-0.96242374	0.0008234915	0	-0.025132742	0	-0.27120075	-0.96242374	0.0008234915	2.012555e-20	-1
0	-0.13152102	-0.9912369	-0.0009625181	0	-0.03769911	0	-0.13152102	-0.9912369	-0.0009625181	1.5205967e-20	-1
0	-0.075445965	-0.9970783	-0.0014515232	0	-0.050265484	0	-0.075445965	-0.9970783	-0.0014515232	1.02131594e-20	-1
0	-0.051611245	-0.99859744	-0.0016075613	0	-0.06283186	0	-0.051611245	-0.99859744	-0.0016075613	5.2048094e-21	-1
0	-0.051611245	-0.99859744	-0.0016075613	0	-0.06283186	0	-0.051611245	-0.99859744	-0.0016075613	5.2048094e-21	1
0	-0.0754426	-0.99707854	-0.0014515502	0	-0.050265484	0	-0.0754426	-0.99707854	-0.0014515502	1.0213158e-20	1
0	-0.1314772	-0.99124277	-0.00096296694	0	-0.03769911	0	-0.1314772	-0.99124277	-0.00096296694	1.5205969e-20	1
0	-0.27119708	-0.96242476	0.0008234389	0	-0.025132742	0	-0.27119708	-0.96242476	0.0008234389	2.012555e-20	1
0	-0.37022132	-0.9288178	0.0024474561	0	-0.018849555	0	-0.37022132	-0.9288178	0.0024474561	2.2501418e-20	1
0	-0.47498918	-0.87982786	0.004318039	0	-0.012566371	0	-0.47498918	-0.87982786	0.004318039	2.4774e-20	1
0	-0.5286648	-0.8486439	0.00526966	0	-0.009424778	0	-0.5286648	-0.8486439	0.00526966	2.585882e-20	1
0	-0.5840347	-0.81151617	0.0061961072	0	-0.0062831854	0	-0.5840347	-0.81151617	0.0061961072	2.6900964e-20	1
0	-0.6302457	-0.77616066	0.0068909037	0	-0.0037699111	0	-0.6302457	-0.77616066	0.0068909037	2.7698246e-20	1
0	-0.6544609	-0.75584865	0.0072141225	0	-0.002513274	0	-0.6544609	-0.75584865	0.0072141225	2.8082746e-20	1
0	-0.66687554	-0.7449157	0.00736642	0	-0.0018849556	0	-0.66687554	-0.7449157	0.00736642	2.827105e-20	1
0	-0.679633	-0.7332925	0.007512274	0	-0.001256637	0	-0.679633	-0.7332925	0.007512274	2.8456516e-20	1
0	-0.679633	-0.7332925	0.007512274	0	-0.0010053096	0	-0.679633	-0.7332925	0.007512274	2.8530115e-20	1
0	-0.69277954	-0.72088313	0.007650232	0	-0.0006283185	0	-0.69277954	-0.72088313	0.007650232	2.8638977e-20	1
0	-0.69277954	-0.72088313	0.007650232	0	-0.0002513274	0	-0.69277954	-0.72088313	0.007650232	2.874751e-20	1
0	-0.7035191	-0.7104047	0.0077528274	0	-0.0001256637	0	-0.7035191	-0.7104047	0.0077528274	2.8782648e-20	1
0	-0.7035191	-0.7104047	0.0077528274	0	-6.283185e-05	0	-0.7035191	-0.7104047	0.0077528274	2.8800474e-20	1
0	-0.7035191	-0.7104047	0.0077528274	0	-2.5132742e-05	0	-0.7035191	-0.7104047	0.0077528274	2.881117e-20	1
0	-0.7035191	-0.7104047	0.0077528274	0	-1.2566371e-05	0	-0.7035191	-0.7104047	0.0077528274	2.8814733e-20	1
0	-0.7035191	-0.7104047	0.0077528274	0	-6.2831855e-06	0	-0.7035191	-0.7104047	0.0077528274	2.8816517e-20	1
0	-0.7035191	-0.7104047	0.0077528274	0	-2.513274e-06	0	-0.7035191	-0.7104047	0.0077528274	2.8817586e-20	1
0	-0.7035191	-0.7104047	0.0077528274	0	-1.256637e-06	0	-0.7035191	-0.7104047	0.0077528274	2.8817942e-20	1
0	-0.7035191	-0.7104047	0.0077528274	0	-6.283185e-07	0	-0.7035191	-0.7104047	0.0077528274	2.881812e-20	1
0	-0.7035191	-0.7104047	0.0077528274	0	-2.513274e-07	0	-0.7035191	-0.7104047	0.0077528274	2.8818226e-20	1
0	-0.7035191	-0.7104047	0.0077528274	0	-1.256637e-07	0	-0.7035191	-0.7104047	0.0077528274	2.8818262e-20	1
0	-0.7035191	-0.7104047	0.0077528274	0	0	0	-0.7035191	-0.7104047	0.0077528274	2.8818297e-20	1
0	-0.7035191	-0.7104047	0.0077528274	0	1.256637e-07	0	-0.7035191	-0.7104047	0.0077528274	2.8818333e-20	1
0	-0.7035191	-0.7104047	0.0077528274	0	2.513274e-07	0	-0.7035191	-0.7104047	0.0077528274	2.8818368e-20	1
0	-0.7035191	-0.7104047	0.0077528274	0	6.283185e-07	0	-0.7035191	-0.7104047	0.0077528274	2.8818478e-20	1
0	-0.7035191	-0.7104047	0.0077528274	0	1.256637e-06	0	-0.7035191	-0.7104047	0.0077528274	2.8818656e-20	1
0	-0.7035191	-0.7104047	0.0077528274	0	2.513274e-06	0	-0.7035191	-0.7104047	0.0077528274	2.881901e-20	1
0	-0.7035191	-0.7104047	0.0077528274	0	6.2831855e-06	0	-0.7035191	-0.7104047	0.0077528274	2.882008e-20	1
0	-0.7035191	-0.7104047	0.0077528274	0	1.2566371e-05	0	-0.7035191	-0.7104047	0.0077528274	2.8821864e-20	1
0	-0.7035191	-0.7104047	0.0077528274	0	2.5132742e-05	0	-0.7035191	-0.7104047	0.0077528274	2.882543e-20	1
0	-0.7035191	-0.7104047	0.0077528274	0	6.283185e-05	0	-0.7035191	-0.7104047	0.0077528274	2.8836124e-20	1
0	-0.7035191	-0.7104047	0.0077528274	0	0.0001256637	0	-0.7035191	-0.7104047	0.0077528274	2.885395e-20	1
0	-0.7035191	-0.7104047	0.0077528274	0	0.0002513274	0	-0.7035191	-0.7104047	0.0077528274	2.8889603e-20	1
0	-0.7202714	-0.69341254	0.007892994	0	0.0006283185	0	-0.7202714	-0.69341254	0.007892994	2.8994038e-20	1
0	-0.7202714	-0.69341254	0.007892994	0	0.0010053096	0	-0.7202714	-0.69341254	0.007892994	2.9098434e-20	1
0	-0.73492825	-0.677858	0.007993819	0	0.001256637	0	-0.73492825	-0.677858	0.007993819	2.91661e-20	1
0	-0.7503713	-0.6607225	0.008075647	0	0.0018849556	0	-0.7503713	-0.6607225	0.008075647	2.9334077e-20	1
0	-0.76693356	-0.6414248	0.008132547	0	0.002513274	0	-0.76693356	-0.6414248	0.008132547	2.9497497e-20	1
0	-0.8052145	-0.59266543	0.008120753	0	0.0037699111	0	-0.8052145	-0.59266543	0.008120753	2.9807912e-20	1
0	-0.68848854	0.72499955	-0.005852181	0	0.0062831854	0	-0.68848854	0.72499955	-0.005852181	2.7089824e-20	1
0	-0.6242306	0.78102386	-0.004582121	0	0.009424778	0	-0.6242306	0.78102386	-0.004582121	2.6144534e-20	1
0	-0.552397	0.83339614	-0.0031473527	0	0.012566371	0	-0.552397	0.83339614	-0.0031473527	2.5131582e-20	1
0	0.37028244	0.92879343	-0.002448528	0	0.018849555	0	0.37028244	0.92879343	-0.002448528	2.250142e-20	1
0	0.2711972	0.96242476	-0.00082343805	0	0.025132742	0	0.2711972	0.96242476	-0.00082343805	2.0125548e-20	1
0	0.13152331	0.9912367	0.0009624951	0	0.03769911	0	0.13152331	0.9912367	0.0009624951	1.5205969e-20	1
0	0.07544537	0.99707836	0.0014515282	0	0.050265484	0	0.07544537	0.99707836	0.0014515282	1.0213158e-20	1
0	0.051618572	0.998597	0.0016075126	0	0.06283186	0	0.051618572	0.998597	0.0016075126	5.204811e-21	1
