# t (s)	mx ()	my ()	mz ()	B_extx (T)	B_exty (T)	B_extz (T)	mx ()	my ()	mz ()	E_total (J)	branch ()
0	-0.051002704	0.9986263	0.0035408284	0	0.06283186	0	-0.051002704	0.9986263	0.0035408284	4.478365e-21	-1
0	-0.060414765	0.9980997	0.003609883	0	0.050265484	0	-0.060414765	0.9980997	0.003609883	9.488766e-21	-1
0	-0.07391763	0.9971889	0.0036964319	0	0.03769911	0	-0.07391763	0.9971889	0.0036964319	1.4495676e-20	-1
0	-0.09475149	0.9954229	0.0038124912	0	0.025132742	0	-0.09475149	0.9954229	0.0038124912	1.9496172e-20	-1
0	-0.10997766	0.99385405	0.0038884568	0	0.018849555	0	-0.10997766	0.99385405	0.0038884568	2.199211e-20	-1
0	-0.13057983	0.99135494	0.0039825086	0	0.012566371	0	-0.13057983	0.99135494	0.0039825086	2.4483065e-20	-1
0	-0.1438623	0.9895129	0.0040386342	0	0.009424778	0	-0.1438623	0.9895129	0.0040386342	2.5725744e-20	-1
0	-0.15991047	0.9870442	0.0041021695	0	0.0062831854	0	-0.15991047	0.9870442	0.0041021695	2.6965739e-20	-1
0	-0.17541984	0.9844039	0.004159312	0	0.0037699111	0	-0.17541984	0.9844039	0.004159312	2.795517e-20	-1
0	-0.18432578	0.9827738	0.004190269	0	0.002513274	0	-0.18432578	0.9827738	0.004190269	2.8448793e-20	-1
0	-0.18912381	0.981861	0.0042063864	0	0.0018849556	0	-0.18912381	0.981861	0.0042063864	2.8695283e-20	-1
0	-0.1941655	0.9808756	0.004222908	0	0.001256637	0	-0.1941655	0.9808756	0.004222908	2.8941537e-20	-1
0	-0.1941655	0.9808756	0.004222908	0	0.0010053096	0	-0.1941655	0.9808756	0.004222908	2.9039988e-20	-1
0	-0.19947895	0.97980803	0.004239853	0	0.0006283185	0	-0.19947895	0.97980803	0.004239853	2.9187533e-20	-1
0	-0.20281206	0.979123	0.0042502373	0	0.0002513274	0	-0.20281206	0.979123	0.0042502373	2.9334994e-20	-1
0	-0.20281206	0.979123	0.0042502373	0	0.0001256637	0	-0.20281206	0.979123	0.0042502373	2.938413e-20	-1
0	-0.20281206	0.979123	0.0042502373	0	6.283185e-05	0	-0.20281206	0.979123	0.0042502373	2.94087e-20	-1
0	-0.20281206	0.979123	0.0042502373	0	2.5132742e-05	0	-0.20281206	0.979123	0.0042502373	2.942344e-20	-1
0	-0.20281206	0.979123	0.0042502373	0	1.2566371e-05	0	-0.20281206	0.979123	0.0042502373	2.9428353e-20	-1
0	-0.20281206	0.979123	0.0042502373	0	6.2831855e-06	0	-0.20281206	0.979123	0.0042502373	2.943081e-20	-1
0	-0.20281206	0.979123	0.0042502373	0	2.513274e-06	0	-0.20281206	0.979123	0.0042502373	2.9432285e-20	-1
0	-0.20281206	0.979123	0.0042502373	0	1.256637e-06	0	-0.20281206	0.979123	0.0042502373	2.9432776e-20	-1
0	-0.20281206	0.979123	0.0042502373	0	6.283185e-07	0	-0.20281206	0.979123	0.0042502373	2.9433022e-20	-1
0	-0.20281206	0.979123	0.0042502373	0	2.513274e-07	0	-0.20281206	0.979123	0.0042502373	2.943317e-20	-1
0	-0.20281206	0.979123	0.0042502373	0	1.256637e-07	0	-0.20281206	0.979123	0.0042502373	2.943322e-20	-1
0	-0.20281206	0.979123	0.0042502373	0	0	0	-0.20281206	0.979123	0.0042502373	2.9433267e-20	-1
0	-0.20281206	0.979123	0.0042502373	0	-1.256637e-07	0	-0.20281206	0.979123	0.0042502373	2.9433316e-20	-1
0	-0.20281206	0.979123	0.0042502373	0	-2.513274e-07	0	-0.20281206	0.979123	0.0042502373	2.9433367e-20	-1
0	-0.20281206	0.979123	0.0042502373	0	-6.283185e-07	0	-0.20281206	0.979123	0.0042502373	2.9433513e-20	-1
0	-0.20281206	0.979123	0.0042502373	0	-1.256637e-06	0	-0.20281206	0.979123	0.0042502373	2.9433758e-20	-1
0	-0.20281206	0.979123	0.0042502373	0	-2.513274e-06	0	-0.20281206	0.979123	0.0042502373	2.943425e-20	-1
0	-0.20281206	0.979123	0.0042502373	0	-6.2831855e-06	0	-0.20281206	0.979123	0.0042502373	2.9435726e-20	-1
0	-0.20281206	0.979123	0.0042502373	0	-1.2566371e-05	0	-0.20281206	0.979123	0.0042502373	2.9438182e-20	-1
0	-0.20281206	0.979123	0.0042502373	0	-2.5132742e-05	0	-0.20281206	0.979123	0.0042502373	2.9443096e-20	-1
0	-0.20281206	0.979123	0.0042502373	0	-6.283185e-05	0	-0.20281206	0.979123	0.0042502373	2.9457837e-20	-1
0	-0.20625849	0.97840214	0.004260776	0	-0.0001256637	0	-0.20625849	0.97840214	0.004260776	2.948235e-20	-1
0	-0.20625849	0.97840214	0.004260776	0	-0.0002513274	0	-0.20625849	0.97840214	0.004260776	2.953145e-20	-1
0	-0.21104652	0.9773797	0.0042750775	0	-0.0006283185	0	-0.21104652	0.9773797	0.0042750775	2.9678656e-20	-1
0	-0.21478966	0.97656333	0.0042859856	0	-0.0010053096	0	-0.21478966	0.97656333	0.0042859856	2.9825742e-20	-1
0	-0.21478966	0.97656333	0.0042859856	0	-0.001256637	0	-0.21478966	0.97656333	0.0042859856	2.992376e-20	-1
0	-0.2240958	0.97446823	0.0043120533	0	-0.0018849556	0	-0.2240958	0.97446823	0.0043120533	3.0168443e-20	-1
0	-0.23128945	0.97278464	0.0043311752	0	-0.002513274	0	-0.23128945	0.97278464	0.0043311752	3.041276e-20	-1
0	-0.2473523	0.9688219	0.0043705646	0	-0.0037699111	0	-0.2473523	0.9688219	0.0043705646	3.089999e-20	-1
0	-0.28964156	0.9570217	0.004451677	0	-0.0062831854	0	-0.28964156	0.9570217	0.004451677	3.1867046e-20	-1
0	0.99597	-0.0888686	0.0018500616	0	-0.009424778	0	0.99597	-0.0888686	0.0018500616	2.7576166e-20	-1
0	0.1305863	-0.9913541	-0.0039825393	0	-0.012566371	0	0.1305863	-0.9913541	-0.0039825393	2.4483063e-20	-1
0	0.109988704	-0.99385285	-0.0038884906	0	-0.018849555	0	0.109988704	-0.99385285	-0.0038884906	2.1992112e-20	-1
0	0.09476532	-0.9954215	-0.003812549	0	-0.025132742	0	0.09476532	-0.9954215	-0.003812549	1.9496172e-20	-1
0	0.07392566	-0.9971883	-0.0036964682	0	-0.03769911	0	0.07392566	-0.9971883	-0.0036964682	1.4495673e-20	-1
0	0.06042008	-0.99809945	-0.0036098873	0	-0.050265484	0	0.06042008	-0.99809945	-0.0036098873	9.488766e-21	-1
0	0.05100742	-0.9986261	-0.0035408493	0	-0.06283186	0	0.05100742	-0.9986261	-0.0035408493	4.478364e-21	-1
0	0.05100742	-0.9986261	-0.0035408493	0	-0.06283186	0	0.05100742	-0.9986261	-0.0035408493	4.478364e-21	1
0	0.06041562	-0.9980997	-0.0036098668	0	-0.050265484	0	0.06041562	-0.9980997	-0.0036098668	9.488765e-21	1
0	0.07391858	-0.9971888	-0.0036964347	0	-0.03769911	0	0.07391858	-0.9971888	-0.0036964347	1.4495675e-20	1
0	0.09475401	-0.9954226	-0.0038125017	0	-0.025132742	0	0.09475401	-0.9954226	-0.0038125017	1.9496172e-20	1
0	0.10997969	-0.9938538	-0.0038884552	0	-0.018849555	0	0.10997969	-0.9938538	-0.0038884552	2.1992107e-20	1
0	0.13058475	-0.99135435	-0.0039825337	0	-0.012566371	0	0.13058475	-0.99135435	-0.0039825337	2.4483065e-20	1
0	0.1438646	-0.98951256	-0.0040386417	0	-0.009424778	0	0.1438646	-0.98951256	-0.0040386417	2.5725747e-20	1
0	0.1599112	-0.9870441	-0.00410217	0	-0.0062831854	0	0.1599112	-0.9870441	-0.00410217	2.6965744e-20	1
0	0.1754376	-0.98440075	-0.0041593695	0	-0.0037699111	0	0.1754376	-0.98440075	-0.0041593695	2.7955173e-20	1
0	0.1843367	-0.9827718	-0.0041903034	0	-0.002513274	0	0.1843367	-0.9827718	-0.0041903034	2.8448796e-20	1
0	0.18912065	-0.9818617	-0.004206379	0	-0.0018849556	0	0.18912065	-0.9818617	-0.004206379	2.8695286e-20	1
0	0.19418535	-0.98087174	-0.0042229667	0	-0.001256637	0	0.19418535	-0.98087174	-0.0042229667	2.8941534e-20	1
0	0.19418535	-0.98087174	-0.0042229667	0	-0.0010053096	0	0.19418535	-0.98087174	-0.0042229667	2.9039985e-20	1
0	0.1994799	-0.97980785	-0.0042398553	0	-0.0006283185	0	0.1994799	-0.97980785	-0.0042398553	2.918753e-20	1
0	0.2028076	-0.97912395	-0.0042502247	0	-0.0002513274	0	0.2028076	-0.97912395	-0.0042502247	2.9334994e-20	1
0	0.2028076	-0.97912395	-0.0042502247	0	-0.0001256637	0	0.2028076	-0.97912395	-0.0042502247	2.938413e-20	1
0	0.2028076	-0.97912395	-0.0042502247	0	-6.283185e-05	0	0.2028076	-0.97912395	-0.0042502247	2.9408697e-20	1
0	0.2028076	-0.97912395	-0.0042502247	0	-2.5132742e-05	0	0.2028076	-0.97912395	-0.0042502247	2.942344e-20	1
0	0.2028076	-0.97912395	-0.0042502247	0	-1.2566371e-05	0	0.2028076	-0.97912395	-0.0042502247	2.9428353e-20	1
0	0.2028076	-0.97912395	-0.0042502247	0	-6.2831855e-06	0	0.2028076	-0.97912395	-0.0042502247	2.943081e-20	1
0	0.2028076	-0.97912395	-0.0042502247	0	-2.513274e-06	0	0.2028076	-0.97912395	-0.0042502247	2.9432285e-20	1
0	0.2028076	-0.97912395	-0.0042502247	0	-1.256637e-06	0	0.2028076	-0.97912395	-0.0042502247	2.9432776e-20	1
0	0.2028076	-0.97912395	-0.0042502247	0	-6.283185e-07	0	0.2028076	-0.97912395	-0.0042502247	2.9433022e-20	1
0	0.2028076	-0.97912395	-0.0042502247	0	-2.513274e-07	0	0.2028076	-0.97912395	-0.0042502247	2.943317e-20	1
0	0.2028076	-0.97912395	-0.0042502247	0	-1.256637e-07	0	0.2028076	-0.97912395	-0.0042502247	2.943322e-20	1
0	0.2028076	-0.97912395	-0.0042502247	0	0	0	0.2028076	-0.97912395	-0.0042502247	2.9433267e-20	1
0	0.2028076	-0.97912395	-0.0042502247	0	1.256637e-07	0	0.2028076	-0.97912395	-0.0042502247	2.9433316e-20	1
0	0.2028076	-0.97912395	-0.0042502247	0	2.513274e-07	0	0.2028076	-0.97912395	-0.0042502247	2.9433367e-20	1
0	0.2028076	-0.97912395	-0.0042502247	0	6.283185e-07	0	0.2028076	-0.97912395	-0.0042502247	2.9433513e-20	1
0	0.2028076	-0.97912395	-0.0042502247	0	1.256637e-06	0	0.2028076	-0.97912395	-0.0042502247	2.9433758e-20	1
0	0.2028076	-0.97912395	-0.0042502247	0	2.513274e-06	0	0.2028076	-0.97912395	-0.0042502247	2.943425e-20	1
0	0.2028076	-0.97912395	-0.0042502247	0	6.2831855e-06	0	0.2028076	-0.97912395	-0.0042502247	2.9435723e-20	1
0	0.2028076	-0.97912395	-0.0042502247	0	1.2566371e-05	0	0.2028076	-0.97912395	-0.0042502247	2.9438182e-20	1
0	0.2028076	-0.97912395	-0.0042502247	0	2.5132742e-05	0	0.2028076	-0.97912395	-0.0042502247	2.9443096e-20	1
0	0.2028076	-0.97912395	-0.0042502247	0	6.283185e-05	0	0.2028076	-0.97912395	-0.0042502247	2.9457837e-20	1
0	0.20626721	-0.97840035	-0.0042608	0	0.0001256637	0	0.20626721	-0.97840035	-0.0042608	2.9482352e-20	1
0	0.20626721	-0.97840035	-0.0042608	0	0.0002513274	0	0.20626721	-0.97840035	-0.0042608	2.9531456e-20	1
0	0.21106952	-0.9773748	-0.0042751394	0	0.0006283185	0	0.21106952	-0.9773748	-0.0042751394	2.9678656e-20	1
0	0.21479279	-0.9765626	-0.004285994	0	0.0010053096	0	0.21479279	-0.9765626	-0.004285994	2.9825745e-20	1
0	0.21479279	-0.9765626	-0.004285994	0	0.001256637	0	0.21479279	-0.9765626	-0.004285994	2.9923763e-20	1
0	0.2240994	-0.9744674	-0.0043120645	0	0.0018849556	0	0.2240994	-0.9744674	-0.0043120645	3.0168443e-20	1
0	0.23132172	-0.972777	-0.0043312525	0	0.002513274	0	0.23132172	-0.972777	-0.0043312525	3.0412756e-20	1
0	0.24735485	-0.9688212	-0.00437057	0	0.0037699111	0	0.24735485	-0.9688212	-0.00437057	3.0899988e-20	1
0	0.2896303	-0.9570252	-0.0044516632	0	0.0062831854	0	0.2896303	-0.9570252	-0.0044516632	3.1867046e-20	1
0	0.9216527	0.3877108	0.0019529653	0	0.009424778	0	0.9216527	0.3877108	0.0019529653	2.6335002e-20	1
0	0.8792647	0.47604668	0.0017137562	0	0.012566371	0	0.8792647	0.47604668	0.0017137562	2.5795451e-20	1
0	-0.10996972	0.9938549	0.0038884152	0	0.018849555	0	-0.10996972	0.9938549	0.0038884152	2.199211e-20	1
0	-0.09475911	0.9954221	0.003812523	0	0.025132742	0	-0.09475911	0.9954221	0.003812523	1.9496172e-20	1
0	-0.07392558	0.9971883	0.0036964663	0	0.03769911	0	-0.07392558	0.9971883	0.0036964663	1.4495675e-20	1
0	-0.06042178	0.9980993	0.0036098938	0	0.050265484	0	-0.06042178	0.9980993	0.0036098938	9.488766e-21	1
0	-0.051009197	0.998626	0.0035408565	0	0.06283186	0	-0.051009197	0.998626	0.0035408565	4.4783655e-21	1
