# t (s)	mx ()	my ()	mz ()	B_extx (T)	B_exty (T)	B_extz (T)	mx ()	my ()	mz ()	E_total (J)	branch ()
0	0.99974984	0.019296212	-0.00092509924	0.06283186	0	0	0.99974984	0.019296212	-0.00092509924	2.2715006e-21	-1
0	0.99969506	0.02191454	-0.00093253807	0.050265484	0	0	0.99969506	0.02191454	-0.00093253807	7.288621e-21	-1
0	0.9996129	0.025353968	-0.0009401241	0.03769911	0	0	0.9996129	0.025353968	-0.0009401241	1.2305405e-20	-1
0	0.99948126	0.030072171	-0.000947885	0.025132742	0	0	0.99948126	0.030072171	-0.000947885	1.7321666e-20	-1
0	0.9993832	0.03315716	-0.0009517978	0.018849555	0	0	0.9993832	0.03315716	-0.0009517978	1.98295e-20	-1
0	0.99925005	0.03693995	-0.0009557178	0.012566371	0	0	0.99925005	0.03693995	-0.0009557178	2.233705e-20	-1
0	0.9991647	0.039174918	-0.00095766713	0.009424778	0	0	0.9991647	0.039174918	-0.00095766713	2.3590682e-20	-1
0	0.9990624	0.041695427	-0.000959599	0.0062831854	0	0	0.9990624	0.041695427	-0.000959599	2.4844198e-20	-1
0	0.99896514	0.04395695	-0.0009611229	0.0037699111	0	0	0.99896514	0.04395695	-0.0009611229	2.5846911e-20	-1
0	0.9989103	0.04518546	-0.0009618761	0.002513274	0	0	0.9989103	0.04518546	-0.0009618761	2.634823e-20	-1
0	0.9988811	0.045823358	-0.000962249	0.0018849556	0	0	0.9988811	0.045823358	-0.000962249	2.6598871e-20	-1
0	0.99885076	0.04648014	-0.0009626199	0.001256637	0	0	0.99885076	0.04648014	-0.0009626199	2.6849517e-20	-1
0	0.99885076	0.04648014	-0.0009626199	0.0010053096	0	0	0.99885076	0.04648014	-0.0009626199	2.6949772e-20	-1
0	0.998819	0.047155574	-0.00096298824	0.0006283185	0	0	0.998819	0.047155574	-0.00096298824	2.710015e-20	-1
0	0.998799	0.047575742	-0.0009632042	0.0002513274	0	0	0.998799	0.047575742	-0.0009632042	2.7250525e-20	-1
0	0.998799	0.047575742	-0.0009632042	0.0001256637	0	0	0.998799	0.047575742	-0.0009632042	2.730065e-20	-1
0	0.998799	0.047575742	-0.0009632042	6.283185e-05	0	0	0.998799	0.047575742	-0.0009632042	2.732571e-20	-1
0	0.99878716	0.047825214	-0.0009633391	2.5132742e-05	0	0	0.99878716	0.047825214	-0.0009633391	2.7340752e-20	-1
0	0.99878716	0.047825214	-0.0009633391	1.2566371e-05	0	0	0.99878716	0.047825214	-0.0009633391	2.7345764e-20	-1
0	0.99878716	0.047825214	-0.0009633391	6.2831855e-06	0	0	0.99878716	0.047825214	-0.0009633391	2.7348268e-20	-1
0	0.99878716	0.047825214	-0.0009633391	2.513274e-06	0	0	0.99878716	0.047825214	-0.0009633391	2.7349774e-20	-1
0	0.99878716	0.047825214	-0.0009633391	1.256637e-06	0	0	0.99878716	0.047825214	-0.0009633391	2.7350275e-20	-1
0	0.99878716	0.047825214	-0.0009633391	6.283185e-07	0	0	0.99878716	0.047825214	-0.0009633391	2.7350523e-20	-1
0	0.99878716	0.047825214	-0.0009633391	2.513274e-07	0	0	0.99878716	0.047825214	-0.0009633391	2.7350675e-20	-1
0	0.99878716	0.047825214	-0.0009633391	1.256637e-07	0	0	0.99878716	0.047825214	-0.0009633391	2.7350727e-20	-1
0	0.99878716	0.047825214	-0.0009633391	0	0	0	0.99878716	0.047825214	-0.0009633391	2.7350775e-20	-1
0	0.99878716	0.047825214	-0.0009633391	-1.256637e-07	0	0	0.99878716	0.047825214	-0.0009633391	2.7350827e-20	-1
0	0.99878716	0.047825214	-0.0009633391	-2.513274e-07	0	0	0.99878716	0.047825214	-0.0009633391	2.7350876e-20	-1
0	0.99878716	0.047825214	-0.0009633391	-6.283185e-07	0	0	0.99878716	0.047825214	-0.0009633391	2.7351027e-20	-1
0	0.99878716	0.047825214	-0.0009633391	-1.256637e-06	0	0	0.99878716	0.047825214	-0.0009633391	2.7351276e-20	-1
0	0.99878716	0.047825214	-0.0009633391	-2.513274e-06	0	0	0.99878716	0.047825214	-0.0009633391	2.7351777e-20	-1
0	0.99878716	0.047825214	-0.0009633391	-6.2831855e-06	0	0	0.99878716	0.047825214	-0.0009633391	2.7353283e-20	-1
0	0.99878716	0.047825214	-0.0009633391	-1.2566371e-05	0	0	0.99878716	0.047825214	-0.0009633391	2.7355787e-20	-1
0	0.99878716	0.047825214	-0.0009633391	-2.5132742e-05	0	0	0.99878716	0.047825214	-0.0009633391	2.7360802e-20	-1
0	0.99878716	0.047825214	-0.0009633391	-6.283185e-05	0	0	0.99878716	0.047825214	-0.0009633391	2.7375836e-20	-1
0	0.99878716	0.047825214	-0.0009633391	-0.0001256637	0	0	0.99878716	0.047825214	-0.0009633391	2.74009e-20	-1
0	0.99878716	0.047825214	-0.0009633391	-0.0002513274	0	0	0.99878716	0.047825214	-0.0009633391	2.7451023e-20	-1
0	0.99875116	0.048567746	-0.00096371653	-0.0006283185	0	0	0.99875116	0.048567746	-0.00096371653	2.7601392e-20	-1
0	0.99872935	0.049014676	-0.00096393086	-0.0010053096	0	0	0.99872935	0.049014676	-0.00096393086	2.7751758e-20	-1
0	0.99872935	0.049014676	-0.00096393086	-0.001256637	0	0	0.99872935	0.049014676	-0.00096393086	2.7852002e-20	-1
0	0.9986768	0.05007166	-0.000964431	-0.0018849556	0	0	0.9986768	0.05007166	-0.000964431	2.81026e-20	-1
0	0.9986371	0.050856784	-0.00096478267	-0.002513274	0	0	0.9986371	0.050856784	-0.00096478267	2.8353183e-20	-1
0	0.9985524	0.052489787	-0.0009654733	-0.0037699111	0	0	0.9985524	0.052489787	-0.0009654733	2.8854328e-20	-1
0	0.9983536	0.056137566	-0.00096678664	-0.0062831854	0	0	0.9983536	0.056137566	-0.00096678664	2.985648e-20	-1
0	0.99803984	0.061457902	-0.0009682551	-0.009424778	0	0	0.99803984	0.061457902	-0.0009682551	3.1108857e-20	-1
0	0.9976216	0.067901984	-0.0009694229	-0.012566371	0	0	0.9976216	0.067901984	-0.0009694229	3.2360773e-20	-1
0	0.99622333	0.08599813	-0.00096993917	-0.018849555	0	0	0.99622333	0.08599813	-0.00096993917	3.4862512e-20	-1
0	0.99292755	0.118091226	-0.00096353976	-0.025132742	0	0	0.99292755	0.118091226	-0.00096353976	3.7358827e-20	-1
0	-0.9996129	-0.02535665	0.00094013405	-0.03769911	0	0	-0.9996129	-0.02535665	0.00094013405	1.2305407e-20	-1
0	-0.99969506	-0.021916512	0.00093253725	-0.050265484	0	0	-0.99969506	-0.021916512	0.00093253725	7.2886244e-21	-1
0	-0.9997498	-0.019296486	0.0009250999	-0.06283186	0	0	-0.9997498	-0.019296486	0.0009250999	2.2715004e-21	-1
0	-0.9997498	-0.019296486	0.0009250999	-0.06283186	0	0	-0.9997498	-0.019296486	0.0009250999	2.2715004e-21	1
0	-0.99969506	-0.021915548	0.00093253714	-0.050265484	0	0	-0.99969506	-0.021915548	0.00093253714	7.288621e-21	1
0	-0.9996129	-0.025355082	0.00094012835	-0.03769911	0	0	-0.9996129	-0.025355082	0.00094012835	1.23054086e-20	1
0	-0.9994812	-0.030073311	0.000947883	-0.025132742	0	0	-0.9994812	-0.030073311	0.000947883	1.732167e-20	1
0	-0.99938333	-0.03315578	0.0009517879	-0.018849555	0	0	-0.99938333	-0.03315578	0.0009517879	1.9829503e-20	1
0	-0.99925005	-0.036940888	0.00095571624	-0.012566371	0	0	-0.99925005	-0.036940888	0.00095571624	2.2337048e-20	1
0	-0.9991647	-0.039174404	0.00095766713	-0.009424778	0	0	-0.9991647	-0.039174404	0.00095766713	2.3590682e-20	1
0	-0.9990624	-0.041693613	0.00095960253	-0.0062831854	0	0	-0.9990624	-0.041693613	0.00095960253	2.4844197e-20	1
0	-0.9989651	-0.043959472	0.0009611235	-0.0037699111	0	0	-0.9989651	-0.043959472	0.0009611235	2.5846911e-20	1
0	-0.99890995	-0.045192115	0.0009618724	-0.002513274	0	0	-0.99890995	-0.045192115	0.0009618724	2.6348226e-20	1
0	-0.9988811	-0.045825027	0.0009622489	-0.0018849556	0	0	-0.9988811	-0.045825027	0.0009622489	2.6598875e-20	1
0	-0.9988507	-0.046480373	0.0009626292	-0.001256637	0	0	-0.9988507	-0.046480373	0.0009626292	2.6849517e-20	1
0	-0.9988507	-0.046480373	0.0009626292	-0.0010053096	0	0	-0.9988507	-0.046480373	0.0009626292	2.6949772e-20	1
0	-0.998819	-0.047155842	0.0009629879	-0.0006283185	0	0	-0.998819	-0.047155842	0.0009629879	2.710015e-20	1
0	-0.99879897	-0.047578625	0.00096320803	-0.0002513274	0	0	-0.99879897	-0.047578625	0.00096320803	2.7250525e-20	1
0	-0.99879897	-0.047578625	0.00096320803	-0.0001256637	0	0	-0.99879897	-0.047578625	0.00096320803	2.730065e-20	1
0	-0.99879897	-0.047578625	0.00096320803	-6.283185e-05	0	0	-0.99879897	-0.047578625	0.00096320803	2.732571e-20	1
0	-0.99879897	-0.047578625	0.00096320803	-2.5132742e-05	0	0	-0.99879897	-0.047578625	0.00096320803	2.734075e-20	1
0	-0.99879897	-0.047578625	0.00096320803	-1.2566371e-05	0	0	-0.99879897	-0.047578625	0.00096320803	2.7345764e-20	1
0	-0.99879897	-0.047578625	0.00096320803	-6.2831855e-06	0	0	-0.99879897	-0.047578625	0.00096320803	2.7348268e-20	1
0	-0.99879897	-0.047578625	0.00096320803	-2.513274e-06	0	0	-0.99879897	-0.047578625	0.00096320803	2.7349774e-20	1
0	-0.99879897	-0.047578625	0.00096320803	-1.256637e-06	0	0	-0.99879897	-0.047578625	0.00096320803	2.7350275e-20	1
0	-0.99879897	-0.047578625	0.00096320803	-6.283185e-07	0	0	-0.99879897	-0.047578625	0.00096320803	2.7350523e-20	1
0	-0.99879897	-0.047578625	0.00096320803	-2.513274e-07	0	0	-0.99879897	-0.047578625	0.00096320803	2.7350675e-20	1
0	-0.99879897	-0.047578625	0.00096320803	-1.256637e-07	0	0	-0.99879897	-0.047578625	0.00096320803	2.7350724e-20	1
0	-0.99879897	-0.047578625	0.00096320803	0	0	0	-0.99879897	-0.047578625	0.00096320803	2.7350775e-20	1
0	-0.99879897	-0.047578625	0.00096320803	1.256637e-07	0	0	-0.99879897	-0.047578625	0.00096320803	2.7350824e-20	1
0	-0.99879897	-0.047578625	0.00096320803	2.513274e-07	0	0	-0.99879897	-0.047578625	0.00096320803	2.7350876e-20	1
0	-0.99879897	-0.047578625	0.00096320803	6.283185e-07	0	0	-0.99879897	-0.047578625	0.00096320803	2.7351024e-20	1
0	-0.99879897	-0.047578625	0.00096320803	1.256637e-06	0	0	-0.99879897	-0.047578625	0.00096320803	2.7351276e-20	1
0	-0.99879897	-0.047578625	0.00096320803	2.513274e-06	0	0	-0.99879897	-0.047578625	0.00096320803	2.7351777e-20	1
0	-0.99879897	-0.047578625	0.00096320803	6.2831855e-06	0	0	-0.99879897	-0.047578625	0.00096320803	2.735328e-20	1
0	-0.99879897	-0.047578625	0.00096320803	1.2566371e-05	0	0	-0.99879897	-0.047578625	0.00096320803	2.7355787e-20	1
0	-0.99879897	-0.047578625	0.00096320803	2.5132742e-05	0	0	-0.99879897	-0.047578625	0.00096320803	2.73608e-20	1
0	-0.99878275	-0.047915906	0.00096339046	6.283185e-05	0	0	-0.99878275	-0.047915906	0.00096339046	2.737584e-20	1
0	-0.99878275	-0.047915906	0.00096339046	0.0001256637	0	0	-0.99878275	-0.047915906	0.00096339046	2.74009e-20	1
0	-0.99877214	-0.048135363	0.0009634993	0.0002513274	0	0	-0.99877214	-0.048135363	0.0009634993	2.7451023e-20	1
0	-0.99875116	-0.04856935	0.0009637163	0.0006283185	0	0	-0.99875116	-0.04856935	0.0009637163	2.7601392e-20	1
0	-0.9987296	-0.049009167	0.00096393237	0.0010053096	0	0	-0.9987296	-0.049009167	0.00096393237	2.775176e-20	1
0	-0.9987151	-0.049303368	0.0009640757	0.001256637	0	0	-0.9987151	-0.049303368	0.0009640757	2.7852e-20	1
0	-0.9986772	-0.050064184	0.0009644311	0.0018849556	0	0	-0.9986772	-0.050064184	0.0009644311	2.8102595e-20	1
0	-0.99863726	-0.050852574	0.0009647828	0.002513274	0	0	-0.99863726	-0.050852574	0.0009647828	2.8353186e-20	1
0	-0.9985522	-0.052493863	0.00096547324	0.0037699111	0	0	-0.9985522	-0.052493863	0.00096547324	2.885433e-20	1
0	-0.9983537	-0.056136534	0.0009667828	0.0062831854	0	0	-0.9983537	-0.056136534	0.0009667828	2.985648e-20	1
0	-0.99803925	-0.061467953	0.0009682539	0.009424778	0	0	-0.99803925	-0.061467953	0.0009682539	3.1108857e-20	1
0	-0.9976225	-0.06788958	0.0009694246	0.012566371	0	0	-0.9976225	-0.06788958	0.0009694246	3.2360776e-20	1
0	-0.9962231	-0.08600083	0.0009699388	0.018849555	0	0	-0.9962231	-0.08600083	0.0009699388	3.4862512e-20	1
0	-0.9929296	-0.11807406	0.000963568	0.025132742	0	0	-0.9929296	-0.11807406	0.000963568	3.7358827e-20	1
0	0.99961305	0.025351275	-0.0009401345	0.03769911	0	0	0.99961305	0.025351275	-0.0009401345	1.2305407e-20	1
0	0.99969506	0.021917097	-0.0009325368	0.050265484	0	0	0.99969506	0.021917097	-0.0009325368	7.288623e-21	1
0	0.9997498	0.019297132	-0.0009250932	0.06283186	0	0	0.9997498	0.019297132	-0.0009250932	2.2715002e-21	1
