# t (s)	mx ()	my ()	mz ()	B_extx (T)	B_exty (T)	B_extz (T)	mx ()	my ()	mz ()	E_total (J)	branch ()
0	-0.064615026	0.99784243	-0.001225556	0	0.06283186	0	-0.064615026	0.99784243	-0.001225556	4.765155e-21	-1
0	-0.07797007	0.99688643	-0.0012007579	0	0.050265484	0	-0.07797007	0.99688643	-0.0012007579	9.770653e-21	-1
0	-0.09769567	0.99514496	-0.0011558548	0	0.03769911	0	-0.09769567	0.99514496	-0.0011558548	1.4769633e-20	-1
0	-0.12901214	0.9915682	-0.0010709001	0	0.025132742	0	-0.12901214	0.9915682	-0.0010709001	1.975596e-20	-1
0	-0.152206	0.98827106	-0.0010000349	0	0.018849555	0	-0.152206	0.98827106	-0.0010000349	2.2240229e-20	-1
0	-0.18363687	0.98291194	-0.0008958172	0	0.012566371	0	-0.18363687	0.98291194	-0.0008958172	2.4713898e-20	-1
0	-0.20373279	0.978941	-0.0008250298	0	0.009424778	0	-0.20373279	0.978941	-0.0008250298	2.5944709e-20	-1
0	-0.2278395	0.9736089	-0.0007365954	0	0.0062831854	0	-0.2278395	0.9736089	-0.0007365954	2.716974e-20	-1
0	-0.25087595	0.96792495	-0.00064910966	0	0.0037699111	0	-0.25087595	0.96792495	-0.00064910966	2.8144223e-20	-1
0	-0.26398247	0.96443045	-0.0005982616	0	0.002513274	0	-0.26398247	0.96443045	-0.0005982616	2.862912e-20	-1
0	-0.27100384	0.9624798	-0.0005707507	0	0.0018849556	0	-0.27100384	0.9624798	-0.0005707507	2.8870878e-20	-1
0	-0.27835608	0.96037793	-0.00054176233	0	0.001256637	0	-0.27835608	0.96037793	-0.00054176233	2.9112124e-20	-1
0	-0.27835608	0.96037793	-0.00054176233	0	0.0010053096	0	-0.27835608	0.96037793	-0.00054176233	2.920852e-20	-1
0	-0.28610778	0.95809567	-0.0005110174	0	0.0006283185	0	-0.28610778	0.95809567	-0.0005110174	2.9352827e-20	-1
0	-0.2910063	0.9566182	-0.00049149606	0	0.0002513274	0	-0.2910063	0.9566182	-0.00049149606	2.949696e-20	-1
0	-0.2910063	0.9566182	-0.00049149606	0	0.0001256637	0	-0.2910063	0.9566182	-0.00049149606	2.954497e-20	-1
0	-0.2910063	0.9566182	-0.00049149606	0	6.283185e-05	0	-0.2910063	0.9566182	-0.00049149606	2.9568973e-20	-1
0	-0.2939688	0.9557114	-0.00047967053	0	2.5132742e-05	0	-0.2939688	0.9557114	-0.00047967053	2.9583333e-20	-1
0	-0.2939688	0.9557114	-0.00047967053	0	1.2566371e-05	0	-0.2939688	0.9557114	-0.00047967053	2.9588128e-20	-1
0	-0.2939688	0.9557114	-0.00047967053	0	6.2831855e-06	0	-0.2939688	0.9557114	-0.00047967053	2.9590525e-20	-1
0	-0.2939688	0.9557114	-0.00047967053	0	2.513274e-06	0	-0.2939688	0.9557114	-0.00047967053	2.9591966e-20	-1
0	-0.2939688	0.9557114	-0.00047967053	0	1.256637e-06	0	-0.2939688	0.9557114	-0.00047967053	2.9592445e-20	-1
0	-0.2939688	0.9557114	-0.00047967053	0	6.283185e-07	0	-0.2939688	0.9557114	-0.00047967053	2.9592684e-20	-1
0	-0.2939688	0.9557114	-0.00047967053	0	2.513274e-07	0	-0.2939688	0.9557114	-0.00047967053	2.959283e-20	-1
0	-0.2939688	0.9557114	-0.00047967053	0	1.256637e-07	0	-0.2939688	0.9557114	-0.00047967053	2.9592878e-20	-1
0	-0.2939688	0.9557114	-0.00047967053	0	0	0	-0.2939688	0.9557114	-0.00047967053	2.9592926e-20	-1
0	-0.2939688	0.9557114	-0.00047967053	0	-1.256637e-07	0	-0.2939688	0.9557114	-0.00047967053	2.959297e-20	-1
0	-0.2939688	0.9557114	-0.00047967053	0	-2.513274e-07	0	-0.2939688	0.9557114	-0.00047967053	2.959302e-20	-1
0	-0.2939688	0.9557114	-0.00047967053	0	-6.283185e-07	0	-0.2939688	0.9557114	-0.00047967053	2.9593165e-20	-1
0	-0.2939688	0.9557114	-0.00047967053	0	-1.256637e-06	0	-0.2939688	0.9557114	-0.00047967053	2.9593404e-20	-1
0	-0.2939688	0.9557114	-0.00047967053	0	-2.513274e-06	0	-0.2939688	0.9557114	-0.00047967053	2.9593882e-20	-1
0	-0.2939688	0.9557114	-0.00047967053	0	-6.2831855e-06	0	-0.2939688	0.9557114	-0.00047967053	2.9595324e-20	-1
0	-0.2939688	0.9557114	-0.00047967053	0	-1.2566371e-05	0	-0.2939688	0.9557114	-0.00047967053	2.959772e-20	-1
0	-0.2939688	0.9557114	-0.00047967053	0	-2.5132742e-05	0	-0.2939688	0.9557114	-0.00047967053	2.9602516e-20	-1
0	-0.2939688	0.9557114	-0.00047967053	0	-6.283185e-05	0	-0.2939688	0.9557114	-0.00047967053	2.9616905e-20	-1
0	-0.29599908	0.9550842	-0.00047155013	0	-0.0001256637	0	-0.29599908	0.9550842	-0.00047155013	2.9640867e-20	-1
0	-0.29599908	0.9550842	-0.00047155013	0	-0.0002513274	0	-0.29599908	0.9550842	-0.00047155013	2.9688798e-20	-1
0	-0.30295724	0.9528985	-0.000443652	0	-0.0006283185	0	-0.30295724	0.9528985	-0.000443652	2.9832375e-20	-1
0	-0.30842203	0.95114267	-0.00042167417	0	-0.0010053096	0	-0.30842203	0.95114267	-0.00042167417	2.9975704e-20	-1
0	-0.30842203	0.95114267	-0.00042167417	0	-0.001256637	0	-0.30842203	0.95114267	-0.00042167417	3.0071172e-20	-1
0	-0.3219317	0.94665253	-0.0003671492	0	-0.0018849556	0	-0.3219317	0.94665253	-0.0003671492	3.0309064e-20	-1
0	-0.3324123	0.9430212	-0.0003247161	0	-0.002513274	0	-0.3324123	0.9430212	-0.0003247161	3.0546158e-20	-1
0	-0.35605037	0.9343476	-0.00022889723	0	-0.0037699111	0	-0.35605037	0.9343476	-0.00022889723	3.1017318e-20	-1
0	-0.4227149	0.90612423	3.6998375e-05	0	-0.0062831854	0	-0.4227149	0.90612423	3.6998375e-05	3.1942762e-20	-1
0	-0.88089347	-0.4730283	-0.0020172417	0	-0.009424778	0	-0.88089347	-0.4730283	-0.0020172417	2.5938852e-20	-1
0	-0.839408	-0.54322886	-0.0017314956	0	-0.012566371	0	-0.839408	-0.54322886	-0.0017314956	2.5302238e-20	-1
0	0.15222201	-0.9882686	0.0010000202	0	-0.018849555	0	0.15222201	-0.9882686	0.0010000202	2.224023e-20	-1
0	0.12904307	-0.99156415	0.0010708002	0	-0.025132742	0	0.12904307	-0.99156415	0.0010708002	1.9755957e-20	-1
0	0.09770228	-0.99514437	0.0011558351	0	-0.03769911	0	0.09770228	-0.99514437	0.0011558351	1.4769636e-20	-1
0	0.07797362	-0.99688613	0.001200747	0	-0.050265484	0	0.07797362	-0.99688613	0.001200747	9.770655e-21	-1
0	0.06461264	-0.99784255	0.0012255735	0	-0.06283186	0	0.06461264	-0.99784255	0.0012255735	4.765154e-21	-1
0	0.06461264	-0.99784255	0.0012255735	0	-0.06283186	0	0.06461264	-0.99784255	0.0012255735	4.765154e-21	1
0	0.077969946	-0.99688643	0.0012007605	0	-0.050265484	0	0.077969946	-0.99688643	0.0012007605	9.770654e-21	1
0	0.09769182	-0.9951454	0.0011558789	0	-0.03769911	0	0.09769182	-0.9951454	0.0011558789	1.4769633e-20	1
0	0.12901548	-0.99156773	0.0010708884	0	-0.025132742	0	0.12901548	-0.99156773	0.0010708884	1.9755957e-20	1
0	0.15220046	-0.9882719	0.0010000948	0	-0.018849555	0	0.15220046	-0.9882719	0.0010000948	2.2240229e-20	1
0	0.18364842	-0.9829097	0.00089577434	0	-0.012566371	0	0.18364842	-0.9829097	0.00089577434	2.4713896e-20	1
0	0.20372632	-0.9789424	0.0008250504	0	-0.009424778	0	0.20372632	-0.9789424	0.0008250504	2.594471e-20	1
0	0.22784278	-0.97360814	0.00073658256	0	-0.0062831854	0	0.22784278	-0.97360814	0.00073658256	2.716974e-20	1
0	0.25088215	-0.9679234	0.00064908585	0	-0.0037699111	0	0.25088215	-0.9679234	0.00064908585	2.8144223e-20	1
0	0.26398075	-0.9644309	0.0005982708	0	-0.002513274	0	0.26398075	-0.9644309	0.0005982708	2.862912e-20	1
0	0.2709986	-0.9624813	0.00057077233	0	-0.0018849556	0	0.2709986	-0.9624813	0.00057077233	2.8870875e-20	1
0	0.27835816	-0.9603773	0.0005417545	0	-0.001256637	0	0.27835816	-0.9603773	0.0005417545	2.911212e-20	1
0	0.27835816	-0.9603773	0.0005417545	0	-0.0010053096	0	0.27835816	-0.9603773	0.0005417545	2.9208516e-20	1
0	0.2861657	-0.9580784	0.00051078165	0	-0.0006283185	0	0.2861657	-0.9580784	0.00051078165	2.935282e-20	1
0	0.2909798	-0.9566263	0.0004916047	0	-0.0002513274	0	0.2909798	-0.9566263	0.0004916047	2.9496957e-20	1
0	0.2909798	-0.9566263	0.0004916047	0	-0.0001256637	0	0.2909798	-0.9566263	0.0004916047	2.9544966e-20	1
0	0.29346237	-0.9558672	0.00048169453	0	-6.283185e-05	0	0.29346237	-0.9558672	0.00048169453	2.956894e-20	1
0	0.29346237	-0.9558672	0.00048169453	0	-2.5132742e-05	0	0.29346237	-0.9558672	0.00048169453	2.9583333e-20	1
0	0.29346237	-0.9558672	0.00048169453	0	-1.2566371e-05	0	0.29346237	-0.9558672	0.00048169453	2.9588128e-20	1
0	0.29346237	-0.9558672	0.00048169453	0	-6.2831855e-06	0	0.29346237	-0.9558672	0.00048169453	2.959053e-20	1
0	0.29346237	-0.9558672	0.00048169453	0	-2.513274e-06	0	0.29346237	-0.9558672	0.00048169453	2.9591966e-20	1
0	0.29346237	-0.9558672	0.00048169453	0	-1.256637e-06	0	0.29346237	-0.9558672	0.00048169453	2.9592448e-20	1
0	0.29346237	-0.9558672	0.00048169453	0	-6.283185e-07	0	0.29346237	-0.9558672	0.00048169453	2.9592687e-20	1
0	0.29346237	-0.9558672	0.00048169453	0	-2.513274e-07	0	0.29346237	-0.9558672	0.00048169453	2.959283e-20	1
0	0.29346237	-0.9558672	0.00048169453	0	-1.256637e-07	0	0.29346237	-0.9558672	0.00048169453	2.9592878e-20	1
0	0.29346237	-0.9558672	0.00048169453	0	0	0	0.29346237	-0.9558672	0.00048169453	2.9592926e-20	1
0	0.29346237	-0.9558672	0.00048169453	0	1.256637e-07	0	0.29346237	-0.9558672	0.00048169453	2.9592974e-20	1
0	0.29346237	-0.9558672	0.00048169453	0	2.513274e-07	0	0.29346237	-0.9558672	0.00048169453	2.9593023e-20	1
0	0.29346237	-0.9558672	0.00048169453	0	6.283185e-07	0	0.29346237	-0.9558672	0.00048169453	2.9593165e-20	1
0	0.29346237	-0.9558672	0.00048169453	0	1.256637e-06	0	0.29346237	-0.9558672	0.00048169453	2.9593404e-20	1
0	0.29346237	-0.9558672	0.00048169453	0	2.513274e-06	0	0.29346237	-0.9558672	0.00048169453	2.9593886e-20	1
0	0.29346237	-0.9558672	0.00048169453	0	6.2831855e-06	0	0.29346237	-0.9558672	0.00048169453	2.9595324e-20	1
0	0.29346237	-0.9558672	0.00048169453	0	1.2566371e-05	0	0.29346237	-0.9558672	0.00048169453	2.9597724e-20	1
0	0.29346237	-0.9558672	0.00048169453	0	2.5132742e-05	0	0.29346237	-0.9558672	0.00048169453	2.960252e-20	1
0	0.29346237	-0.9558672	0.00048169453	0	6.283185e-05	0	0.29346237	-0.9558672	0.00048169453	2.961691e-20	1
0	0.29346237	-0.9558672	0.00048169453	0	0.0001256637	0	0.29346237	-0.9558672	0.00048169453	2.9640896e-20	1
0	0.29770458	-0.9545536	0.00046472164	0	0.0002513274	0	0.29770458	-0.9545536	0.00046472164	2.9688785e-20	1
0	0.3029538	-0.9528996	0.000443666	0	0.0006283185	0	0.3029538	-0.9528996	0.000443666	2.9832372e-20	1
0	0.3084253	-0.9511416	0.00042167393	0	0.0010053096	0	0.3084253	-0.9511416	0.00042167393	2.9975707e-20	1
0	0.3084253	-0.9511416	0.00042167393	0	0.001256637	0	0.3084253	-0.9511416	0.00042167393	3.0071172e-20	1
0	0.3219155	-0.94665813	0.000367216	0	0.0018849556	0	0.3219155	-0.94665813	0.000367216	3.0309067e-20	1
0	0.33241177	-0.94302136	0.00032471842	0	0.002513274	0	0.33241177	-0.94302136	0.00032471842	3.054615e-20	1
0	0.3560449	-0.9343497	0.00022891941	0	0.0037699111	0	0.3560449	-0.9343497	0.00022891941	3.101732e-20	1
0	0.4227234	-0.9061203	-3.7032198e-05	0	0.0062831854	0	0.4227234	-0.9061203	-3.7032198e-05	3.1942765e-20	1
0	0.88089466	0.47302622	0.0020172484	0	0.009424778	0	0.88089466	0.47302622	0.0020172484	2.5938851e-20	1
0	0.8394135	0.5432203	0.0017315366	0	0.012566371	0	0.8394135	0.5432203	0.0017315366	2.5302237e-20	1
0	-0.15221894	0.9882691	-0.0010000363	0	0.018849555	0	-0.15221894	0.9882691	-0.0010000363	2.2240232e-20	1
0	-0.12902418	0.99156666	-0.0010708614	0	0.025132742	0	-0.12902418	0.99156666	-0.0010708614	1.975596e-20	1
0	-0.097708315	0.9951438	-0.001155817	0	0.03769911	0	-0.097708315	0.9951438	-0.001155817	1.4769633e-20	1
0	-0.07797404	0.99688613	-0.0012007474	0	0.050265484	0	-0.07797404	0.99688613	-0.0012007474	9.7706566e-21	1
0	-0.06461209	0.99784267	-0.001225563	0	0.06283186	0	-0.06461209	0.99784267	-0.001225563	4.7651573e-21	1
