# t (s)	mx ()	my ()	mz ()	B_extx (T)	B_exty (T)	B_extz (T)	mx ()	my ()	mz ()	E_total (J)	branch ()
0	-0.11034504	0.9938079	0.005440769	0	0.06283186	0	-0.11034504	0.9938079	0.005440769	4.463464e-21	-1
0	-0.13383383	0.99091434	0.0056230845	0	0.050265484	0	-0.13383383	0.99091434	0.0056230845	9.444284e-21	-1
0	-0.16736516	0.98579943	0.0058579594	0	0.03769911	0	-0.16736516	0.98579943	0.0058579594	1.4405631e-20	-1
0	-0.21671104	0.97613007	0.0061611095	0	0.025132742	0	-0.21671104	0.97613007	0.0061611095	1.9331292e-20	-1
0	-0.25004023	0.968122	0.006339495	0	0.018849555	0	-0.25004023	0.968122	0.006339495	2.1771203e-20	-1
0	-0.29132938	0.9564989	0.006530269	0	0.012566371	0	-0.29132938	0.9564989	0.006530269	2.4186811e-20	-1
0	-0.31569523	0.9487301	0.0066263005	0	0.009424778	0	-0.31569523	0.9487301	0.0066263005	2.5382153e-20	-1
0	-0.3432318	0.93911237	0.00671903	0	0.0062831854	0	-0.3432318	0.93911237	0.00671903	2.6566639e-20	-1
0	-0.3680122	0.9296752	0.006787344	0	0.0037699111	0	-0.3680122	0.9296752	0.006787344	2.7504634e-20	-1
0	-0.38151735	0.92421174	0.0068182326	0	0.002513274	0	-0.38151735	0.92421174	0.0068182326	2.7969843e-20	-1
0	-0.3885818	0.92126215	0.006832554	0	0.0018849556	0	-0.3885818	0.92126215	0.006832554	2.8201382e-20	-1
0	-0.3959089	0.9181354	0.0068460302	0	0.001256637	0	-0.3959089	0.9181354	0.0068460302	2.8432156e-20	-1
0	-0.3959089	0.9181354	0.0068460302	0	0.0010053096	0	-0.3959089	0.9181354	0.0068460302	2.8524312e-20	-1
0	-0.40346217	0.9148395	0.0068584546	0	0.0006283185	0	-0.40346217	0.9148395	0.0068584546	2.866213e-20	-1
0	-0.40812343	0.9127685	0.006865361	0	0.0002513274	0	-0.40812343	0.9127685	0.006865361	2.879971e-20	-1
0	-0.40812343	0.9127685	0.006865361	0	0.0001256637	0	-0.40812343	0.9127685	0.006865361	2.8845517e-20	-1
0	-0.40812343	0.9127685	0.006865361	0	6.283185e-05	0	-0.40812343	0.9127685	0.006865361	2.8868422e-20	-1
0	-0.40812343	0.9127685	0.006865361	0	2.5132742e-05	0	-0.40812343	0.9127685	0.006865361	2.8882165e-20	-1
0	-0.40812343	0.9127685	0.006865361	0	1.2566371e-05	0	-0.40812343	0.9127685	0.006865361	2.8886743e-20	-1
0	-0.40812343	0.9127685	0.006865361	0	6.2831855e-06	0	-0.40812343	0.9127685	0.006865361	2.8889034e-20	-1
0	-0.40812343	0.9127685	0.006865361	0	2.513274e-06	0	-0.40812343	0.9127685	0.006865361	2.889041e-20	-1
0	-0.40812343	0.9127685	0.006865361	0	1.256637e-06	0	-0.40812343	0.9127685	0.006865361	2.8890866e-20	-1
0	-0.40812343	0.9127685	0.006865361	0	6.283185e-07	0	-0.40812343	0.9127685	0.006865361	2.8891096e-20	-1
0	-0.40812343	0.9127685	0.006865361	0	2.513274e-07	0	-0.40812343	0.9127685	0.006865361	2.8891235e-20	-1
0	-0.40812343	0.9127685	0.006865361	0	1.256637e-07	0	-0.40812343	0.9127685	0.006865361	2.889128e-20	-1
0	-0.40812343	0.9127685	0.006865361	0	0	0	-0.40812343	0.9127685	0.006865361	2.8891325e-20	-1
0	-0.40812343	0.9127685	0.006865361	0	-1.256637e-07	0	-0.40812343	0.9127685	0.006865361	2.889137e-20	-1
0	-0.40812343	0.9127685	0.006865361	0	-2.513274e-07	0	-0.40812343	0.9127685	0.006865361	2.8891415e-20	-1
0	-0.40812343	0.9127685	0.006865361	0	-6.283185e-07	0	-0.40812343	0.9127685	0.006865361	2.8891554e-20	-1
0	-0.40812343	0.9127685	0.006865361	0	-1.256637e-06	0	-0.40812343	0.9127685	0.006865361	2.8891784e-20	-1
0	-0.40812343	0.9127685	0.006865361	0	-2.513274e-06	0	-0.40812343	0.9127685	0.006865361	2.8892243e-20	-1
0	-0.40812343	0.9127685	0.006865361	0	-6.2831855e-06	0	-0.40812343	0.9127685	0.006865361	2.8893616e-20	-1
0	-0.40812343	0.9127685	0.006865361	0	-1.2566371e-05	0	-0.40812343	0.9127685	0.006865361	2.8895907e-20	-1
0	-0.40812343	0.9127685	0.006865361	0	-2.5132742e-05	0	-0.40812343	0.9127685	0.006865361	2.8900485e-20	-1
0	-0.40812343	0.9127685	0.006865361	0	-6.283185e-05	0	-0.40812343	0.9127685	0.006865361	2.8914228e-20	-1
0	-0.4128976	0.9106176	0.006871823	0	-0.0001256637	0	-0.4128976	0.9106176	0.006871823	2.8936972e-20	-1
0	-0.4128976	0.9106176	0.006871823	0	-0.0002513274	0	-0.4128976	0.9106176	0.006871823	2.898267e-20	-1
0	-0.41946572	0.9076092	0.006879688	0	-0.0006283185	0	-0.41946572	0.9076092	0.006879688	2.911947e-20	-1
0	-0.42447174	0.9052776	0.0068848953	0	-0.0010053096	0	-0.42447174	0.9052776	0.0068848953	2.925594e-20	-1
0	-0.42447174	0.9052776	0.0068848953	0	-0.001256637	0	-0.42447174	0.9052776	0.0068848953	2.93468e-20	-1
0	-0.43673876	0.89942074	0.006894652	0	-0.0018849556	0	-0.43673876	0.89942074	0.006894652	2.957294e-20	-1
0	-0.44597405	0.8948753	0.006899151	0	-0.002513274	0	-0.44597405	0.8948753	0.006899151	2.9798064e-20	-1
0	-0.46594483	0.8846365	0.00690025	0	-0.0037699111	0	-0.46594483	0.8846365	0.00690025	3.0244654e-20	-1
0	-0.51458716	0.85724425	0.0068508275	0	-0.0062831854	0	-0.51458716	0.85724425	0.0068508275	3.1119814e-20	-1
0	-0.8380029	-0.5453954	-0.0016759945	0	-0.009424778	0	-0.8380029	-0.5453954	-0.0016759945	2.5547971e-20	-1
0	-0.79959774	-0.60027635	-0.0016059149	0	-0.012566371	0	-0.79959774	-0.60027635	-0.0016059149	2.4829564e-20	-1
0	-0.6725375	-0.7398412	-0.001520182	0	-0.018849555	0	-0.6725375	-0.7398412	-0.001520182	2.3165413e-20	-1
0	0.21672428	-0.97612715	-0.0061611757	0	-0.025132742	0	0.21672428	-0.97612715	-0.0061611757	1.9331297e-20	-1
0	0.16736767	-0.98579895	-0.0058579734	0	-0.03769911	0	0.16736767	-0.98579895	-0.0058579734	1.4405635e-20	-1
0	0.1338348	-0.9909142	-0.005623099	0	-0.050265484	0	0.1338348	-0.9909142	-0.005623099	9.444282e-21	-1
0	0.110348165	-0.99380755	-0.0054407874	0	-0.06283186	0	0.110348165	-0.99380755	-0.0054407874	4.463467e-21	-1
0	0.110348165	-0.99380755	-0.0054407874	0	-0.06283186	0	0.110348165	-0.99380755	-0.0054407874	4.463467e-21	1
0	0.13383105	-0.9909147	-0.005623076	0	-0.050265484	0	0.13383105	-0.9909147	-0.005623076	9.4442805e-21	1
0	0.16736123	-0.9858001	-0.005857937	0	-0.03769911	0	0.16736123	-0.9858001	-0.005857937	1.4405631e-20	1
0	0.21671182	-0.9761299	-0.0061611133	0	-0.025132742	0	0.21671182	-0.9761299	-0.0061611133	1.9331292e-20	1
0	0.25004363	-0.9681212	-0.006339508	0	-0.018849555	0	0.25004363	-0.9681212	-0.006339508	2.1771198e-20	1
0	0.29131016	-0.9565048	-0.0065302	0	-0.012566371	0	0.29131016	-0.9565048	-0.0065302	2.4186813e-20	1
0	0.31569934	-0.9487288	-0.0066263145	0	-0.009424778	0	0.31569934	-0.9487288	-0.0066263145	2.5382155e-20	1
0	0.34322774	-0.93911386	-0.006719019	0	-0.0062831854	0	0.34322774	-0.93911386	-0.006719019	2.6566639e-20	1
0	0.36801565	-0.9296738	-0.006787352	0	-0.0037699111	0	0.36801565	-0.9296738	-0.006787352	2.7504637e-20	1
0	0.3815184	-0.9242113	-0.006818237	0	-0.002513274	0	0.3815184	-0.9242113	-0.006818237	2.796984e-20	1
0	0.38862023	-0.92124593	-0.0068326113	0	-0.0018849556	0	0.38862023	-0.92124593	-0.0068326113	2.8201385e-20	1
0	0.39590383	-0.91813755	-0.0068460237	0	-0.001256637	0	0.39590383	-0.91813755	-0.0068460237	2.8432162e-20	1
0	0.39590383	-0.91813755	-0.0068460237	0	-0.0010053096	0	0.39590383	-0.91813755	-0.0068460237	2.8524315e-20	1
0	0.40347102	-0.91483563	-0.0068584653	0	-0.0006283185	0	0.40347102	-0.91483563	-0.0068584653	2.8662135e-20	1
0	0.40811622	-0.9127717	-0.006865352	0	-0.0002513274	0	0.40811622	-0.9127717	-0.006865352	2.8799708e-20	1
0	0.40811622	-0.9127717	-0.006865352	0	-0.0001256637	0	0.40811622	-0.9127717	-0.006865352	2.8845517e-20	1
0	0.40811622	-0.9127717	-0.006865352	0	-6.283185e-05	0	0.40811622	-0.9127717	-0.006865352	2.886842e-20	1
0	0.40811622	-0.9127717	-0.006865352	0	-2.5132742e-05	0	0.40811622	-0.9127717	-0.006865352	2.888216e-20	1
0	0.40811622	-0.9127717	-0.006865352	0	-1.2566371e-05	0	0.40811622	-0.9127717	-0.006865352	2.8886743e-20	1
0	0.40811622	-0.9127717	-0.006865352	0	-6.2831855e-06	0	0.40811622	-0.9127717	-0.006865352	2.8889034e-20	1
0	0.40811622	-0.9127717	-0.006865352	0	-2.513274e-06	0	0.40811622	-0.9127717	-0.006865352	2.8890407e-20	1
0	0.40811622	-0.9127717	-0.006865352	0	-1.256637e-06	0	0.40811622	-0.9127717	-0.006865352	2.8890866e-20	1
0	0.40811622	-0.9127717	-0.006865352	0	-6.283185e-07	0	0.40811622	-0.9127717	-0.006865352	2.8891096e-20	1
0	0.40811622	-0.9127717	-0.006865352	0	-2.513274e-07	0	0.40811622	-0.9127717	-0.006865352	2.889123e-20	1
0	0.40811622	-0.9127717	-0.006865352	0	-1.256637e-07	0	0.40811622	-0.9127717	-0.006865352	2.889128e-20	1
0	0.40811622	-0.9127717	-0.006865352	0	0	0	0.40811622	-0.9127717	-0.006865352	2.8891325e-20	1
0	0.40811622	-0.9127717	-0.006865352	0	1.256637e-07	0	0.40811622	-0.9127717	-0.006865352	2.889137e-20	1
0	0.40811622	-0.9127717	-0.006865352	0	2.513274e-07	0	0.40811622	-0.9127717	-0.006865352	2.8891415e-20	1
0	0.40811622	-0.9127717	-0.006865352	0	6.283185e-07	0	0.40811622	-0.9127717	-0.006865352	2.8891554e-20	1
0	0.40811622	-0.9127717	-0.006865352	0	1.256637e-06	0	0.40811622	-0.9127717	-0.006865352	2.8891784e-20	1
0	0.40811622	-0.9127717	-0.006865352	0	2.513274e-06	0	0.40811622	-0.9127717	-0.006865352	2.889224e-20	1
0	0.40811622	-0.9127717	-0.006865352	0	6.2831855e-06	0	0.40811622	-0.9127717	-0.006865352	2.8893616e-20	1
0	0.40811622	-0.9127717	-0.006865352	0	1.2566371e-05	0	0.40811622	-0.9127717	-0.006865352	2.8895904e-20	1
0	0.40811622	-0.9127717	-0.006865352	0	2.5132742e-05	0	0.40811622	-0.9127717	-0.006865352	2.8900485e-20	1
0	0.41209632	-0.9109807	-0.006870782	0	6.283185e-05	0	0.41209632	-0.9109807	-0.006870782	2.8914114e-20	1
0	0.41209632	-0.9109807	-0.006870782	0	0.0001256637	0	0.41209632	-0.9109807	-0.006870782	2.8936975e-20	1
0	0.41209632	-0.9109807	-0.006870782	0	0.0002513274	0	0.41209632	-0.9109807	-0.006870782	2.8982693e-20	1
0	0.4194317	-0.90762496	-0.0068796594	0	0.0006283185	0	0.4194317	-0.90762496	-0.0068796594	2.911947e-20	1
0	0.4244771	-0.9052751	-0.0068849	0	0.0010053096	0	0.4244771	-0.9052751	-0.0068849	2.925594e-20	1
0	0.4244771	-0.9052751	-0.0068849	0	0.001256637	0	0.4244771	-0.9052751	-0.0068849	2.9346804e-20	1
0	0.43677124	-0.89940506	-0.0068946634	0	0.0018849556	0	0.43677124	-0.89940506	-0.0068946634	2.9572948e-20	1
0	0.44598448	-0.89487004	-0.006899167	0	0.002513274	0	0.44598448	-0.89487004	-0.006899167	2.9798064e-20	1
0	0.4659714	-0.88462245	-0.006900236	0	0.0037699111	0	0.4659714	-0.88462245	-0.006900236	3.0244654e-20	1
0	0.51459575	-0.857239	-0.00685081	0	0.0062831854	0	0.51459575	-0.857239	-0.00685081	3.111981e-20	1
0	-0.9881979	-0.15267088	-0.0015668273	0	0.009424778	0	-0.9881979	-0.15267088	-0.0015668273	2.834582e-20	1
0	-0.2913302	0.9564986	0.006530274	0	0.012566371	0	-0.2913302	0.9564986	0.006530274	2.4186814e-20	1
0	-0.25005275	0.9681188	0.006339548	0	0.018849555	0	-0.25005275	0.9681188	0.006339548	2.1771201e-20	1
0	-0.2167221	0.9761276	0.0061611547	0	0.025132742	0	-0.2167221	0.9761276	0.0061611547	1.9331297e-20	1
0	-0.16737062	0.9857985	0.005857989	0	0.03769911	0	-0.16737062	0.9857985	0.005857989	1.4405636e-20	1
0	-0.13383842	0.99091375	0.0056231013	0	0.050265484	0	-0.13383842	0.99091375	0.0056231013	9.444279e-21	1
0	-0.110346675	0.9938078	0.005440782	0	0.06283186	0	-0.110346675	0.9938078	0.005440782	4.4634646e-21	1
