# t (s)	mx ()	my ()	mz ()	B_extx (T)	B_exty (T)	B_extz (T)	mx ()	my ()	mz ()	E_total (J)	branch ()
0	0.9957137	0.09175505	0.0012680877	0.06283186	0	0	0.9957137	0.09175505	0.0012680877	2.5084236e-21	-1
0	0.99443376	0.104704	0.0012890889	0.050265484	0	0	0.99443376	0.104704	0.0012890889	7.502411e-21	-1
0	0.9925	0.121659115	0.0013121201	0.03769911	0	0	0.9925	0.121659115	0.0013121201	1.2488486e-20	-1
0	0.9893991	0.14470914	0.0013368214	0.025132742	0	0	0.9893991	0.14470914	0.0013368214	1.746222e-20	-1
0	0.9871059	0.15959026	0.0013493462	0.018849555	0	0	0.9871059	0.15959026	0.0013493462	1.9942127e-20	-1
0	0.9840201	0.17761338	0.0013611587	0.012566371	0	0	0.9840201	0.17761338	0.0013611587	2.2415352e-20	-1
0	0.98206186	0.18813124	0.0013664477	0.009424778	0	0	0.98206186	0.18813124	0.0013664477	2.3648733e-20	-1
0	0.9797348	0.19988766	0.0013709689	0.0062831854	0	0	0.9797348	0.19988766	0.0013709689	2.487944e-20	-1
0	0.97754514	0.21032688	0.0013738575	0.0037699111	0	0	0.97754514	0.21032688	0.0013738575	2.5861728e-20	-1
0	0.9763187	0.21594444	0.001374939	0.002513274	0	0	0.9763187	0.21594444	0.001374939	2.6352007e-20	-1
0	0.9756676	0.2188654	0.001375377	0.0018849556	0	0	0.9756676	0.2188654	0.001375377	2.6596909e-20	-1
0	0.97499037	0.22186044	0.0013757357	0.001256637	0	0	0.97499037	0.22186044	0.0013757357	2.6841644e-20	-1
0	0.97499037	0.22186044	0.0013757357	0.0010053096	0	0	0.97499037	0.22186044	0.0013757357	2.6939503e-20	-1
0	0.97428507	0.22493501	0.0013760081	0.0006283185	0	0	0.97428507	0.22493501	0.0013760081	2.7086204e-20	-1
0	0.9738466	0.22682452	0.001376129	0.0002513274	0	0	0.9738466	0.22682452	0.001376129	2.7232857e-20	-1
0	0.9738466	0.22682452	0.001376129	0.0001256637	0	0	0.9738466	0.22682452	0.001376129	2.728173e-20	-1
0	0.9738466	0.22682452	0.001376129	6.283185e-05	0	0	0.9738466	0.22682452	0.001376129	2.7306166e-20	-1
0	0.9738466	0.22682452	0.001376129	2.5132742e-05	0	0	0.9738466	0.22682452	0.001376129	2.7320826e-20	-1
0	0.9738466	0.22682452	0.001376129	1.2566371e-05	0	0	0.9738466	0.22682452	0.001376129	2.7325714e-20	-1
0	0.9738466	0.22682452	0.001376129	6.2831855e-06	0	0	0.9738466	0.22682452	0.001376129	2.7328157e-20	-1
0	0.9738466	0.22682452	0.001376129	2.513274e-06	0	0	0.9738466	0.22682452	0.001376129	2.7329624e-20	-1
0	0.9738466	0.22682452	0.001376129	1.256637e-06	0	0	0.9738466	0.22682452	0.001376129	2.7330112e-20	-1
0	0.9738466	0.22682452	0.001376129	6.283185e-07	0	0	0.9738466	0.22682452	0.001376129	2.7330358e-20	-1
0	0.9738466	0.22682452	0.001376129	2.513274e-07	0	0	0.9738466	0.22682452	0.001376129	2.7330503e-20	-1
0	0.9738466	0.22682452	0.001376129	1.256637e-07	0	0	0.9738466	0.22682452	0.001376129	2.733055e-20	-1
0	0.9738466	0.22682452	0.001376129	0	0	0	0.9738466	0.22682452	0.001376129	2.73306e-20	-1
0	0.9738466	0.22682452	0.001376129	-1.256637e-07	0	0	0.9738466	0.22682452	0.001376129	2.733065e-20	-1
0	0.9738466	0.22682452	0.001376129	-2.513274e-07	0	0	0.9738466	0.22682452	0.001376129	2.73307e-20	-1
0	0.9738466	0.22682452	0.001376129	-6.283185e-07	0	0	0.9738466	0.22682452	0.001376129	2.7330846e-20	-1
0	0.9738466	0.22682452	0.001376129	-1.256637e-06	0	0	0.9738466	0.22682452	0.001376129	2.733109e-20	-1
0	0.9738466	0.22682452	0.001376129	-2.513274e-06	0	0	0.9738466	0.22682452	0.001376129	2.733158e-20	-1
0	0.9738466	0.22682452	0.001376129	-6.2831855e-06	0	0	0.9738466	0.22682452	0.001376129	2.7333046e-20	-1
0	0.9738466	0.22682452	0.001376129	-1.2566371e-05	0	0	0.9738466	0.22682452	0.001376129	2.733549e-20	-1
0	0.9738466	0.22682452	0.001376129	-2.5132742e-05	0	0	0.9738466	0.22682452	0.001376129	2.7340374e-20	-1
0	0.97347414	0.22841634	0.0013762047	-6.283185e-05	0	0	0.97347414	0.22841634	0.0013762047	2.735501e-20	-1
0	0.97347414	0.22841634	0.0013762047	-0.0001256637	0	0	0.97347414	0.22841634	0.0013762047	2.737944e-20	-1
0	0.97347414	0.22841634	0.0013762047	-0.0002513274	0	0	0.97347414	0.22841634	0.0013762047	2.742829e-20	-1
0	0.9727814	0.23134682	0.0013762744	-0.0006283185	0	0	0.9727814	0.23134682	0.0013762744	2.757478e-20	-1
0	0.9723067	0.23333237	0.0013762743	-0.0010053096	0	0	0.9723067	0.23333237	0.0013762743	2.7721197e-20	-1
0	0.9723067	0.23333237	0.0013762743	-0.001256637	0	0	0.9723067	0.23333237	0.0013762743	2.781879e-20	-1
0	0.97114456	0.2381196	0.0013761092	-0.0018849556	0	0	0.97114456	0.2381196	0.0013761092	2.8062564e-20	-1
0	0.97027326	0.24164277	0.0013758446	-0.002513274	0	0	0.97027326	0.24164277	0.0013758446	2.8306143e-20	-1
0	0.9684	0.24903886	0.001374878	-0.0037699111	0	0	0.9684	0.24903886	0.001374878	2.879261e-20	-1
0	0.9640866	0.26523572	0.0013708617	-0.0062831854	0	0	0.9640866	0.26523572	0.0013708617	2.9762498e-20	-1
0	0.957258	0.28889638	0.0013602627	-0.009424778	0	0	0.957258	0.28889638	0.0013602627	3.0967975e-20	-1
0	0.94808805	0.3176817	0.0013397587	-0.012566371	0	0	0.94808805	0.3176817	0.0013397587	3.2163535e-20	-1
0	0.9128027	0.40810043	0.0012198343	-0.018849555	0	0	0.9128027	0.40810043	0.0012198343	3.4505833e-20	-1
0	-0.9893986	-0.14471191	-0.0013368572	-0.025132742	0	0	-0.9893986	-0.14471191	-0.0013368572	1.7462217e-20	-1
0	-0.99249876	-0.12166895	-0.0013121273	-0.03769911	0	0	-0.99249876	-0.12166895	-0.0013121273	1.24884845e-20	-1
0	-0.9944335	-0.10470645	-0.0012890912	-0.050265484	0	0	-0.9944335	-0.10470645	-0.0012890912	7.50241e-21	-1
0	-0.99571323	-0.09176029	-0.001268097	-0.06283186	0	0	-0.99571323	-0.09176029	-0.001268097	2.5084246e-21	-1
0	-0.99571323	-0.09176029	-0.001268097	-0.06283186	0	0	-0.99571323	-0.09176029	-0.001268097	2.5084246e-21	1
0	-0.99443376	-0.10470453	-0.0012890876	-0.050265484	0	0	-0.99443376	-0.10470453	-0.0012890876	7.502414e-21	1
0	-0.99249977	-0.12166107	-0.001312121	-0.03769911	0	0	-0.99249977	-0.12166107	-0.001312121	1.2488487e-20	1
0	-0.9893985	-0.1447129	-0.0013368558	-0.025132742	0	0	-0.9893985	-0.1447129	-0.0013368558	1.7462217e-20	1
0	-0.9871061	-0.15958911	-0.0013493455	-0.018849555	0	0	-0.9871061	-0.15958911	-0.0013493455	1.9942127e-20	1
0	-0.9840195	-0.17761622	-0.0013611608	-0.012566371	0	0	-0.9840195	-0.17761622	-0.0013611608	2.2415354e-20	1
0	-0.98206174	-0.18813182	-0.001366448	-0.009424778	0	0	-0.98206174	-0.18813182	-0.001366448	2.3648737e-20	1
0	-0.97973317	-0.19989552	-0.0013709995	-0.0062831854	0	0	-0.97973317	-0.19989552	-0.0013709995	2.4879442e-20	1
0	-0.97754514	-0.21032706	-0.0013738574	-0.0037699111	0	0	-0.97754514	-0.21032706	-0.0013738574	2.5861729e-20	1
0	-0.9763154	-0.2159594	-0.0013749386	-0.002513274	0	0	-0.9763154	-0.2159594	-0.0013749386	2.6352007e-20	1
0	-0.9756676	-0.21886496	-0.001375376	-0.0018849556	0	0	-0.9756676	-0.21886496	-0.001375376	2.6596909e-20	1
0	-0.97498834	-0.22186932	-0.0013757208	-0.001256637	0	0	-0.97498834	-0.22186932	-0.0013757208	2.6841643e-20	1
0	-0.97498834	-0.22186932	-0.0013757208	-0.0010053096	0	0	-0.97498834	-0.22186932	-0.0013757208	2.6939502e-20	1
0	-0.97428477	-0.22493646	-0.0013760081	-0.0006283185	0	0	-0.97428477	-0.22493646	-0.0013760081	2.7086205e-20	1
0	-0.9738471	-0.22682256	-0.0013761286	-0.0002513274	0	0	-0.9738471	-0.22682256	-0.0013761286	2.7232854e-20	1
0	-0.9738471	-0.22682256	-0.0013761286	-0.0001256637	0	0	-0.9738471	-0.22682256	-0.0013761286	2.728173e-20	1
0	-0.9738471	-0.22682256	-0.0013761286	-6.283185e-05	0	0	-0.9738471	-0.22682256	-0.0013761286	2.7306163e-20	1
0	-0.9738471	-0.22682256	-0.0013761286	-2.5132742e-05	0	0	-0.9738471	-0.22682256	-0.0013761286	2.7320826e-20	1
0	-0.9738471	-0.22682256	-0.0013761286	-1.2566371e-05	0	0	-0.9738471	-0.22682256	-0.0013761286	2.732571e-20	1
0	-0.9738471	-0.22682256	-0.0013761286	-6.2831855e-06	0	0	-0.9738471	-0.22682256	-0.0013761286	2.7328157e-20	1
0	-0.9738471	-0.22682256	-0.0013761286	-2.513274e-06	0	0	-0.9738471	-0.22682256	-0.0013761286	2.732962e-20	1
0	-0.9738471	-0.22682256	-0.0013761286	-1.256637e-06	0	0	-0.9738471	-0.22682256	-0.0013761286	2.7330112e-20	1
0	-0.9738471	-0.22682256	-0.0013761286	-6.283185e-07	0	0	-0.9738471	-0.22682256	-0.0013761286	2.7330354e-20	1
0	-0.9738471	-0.22682256	-0.0013761286	-2.513274e-07	0	0	-0.9738471	-0.22682256	-0.0013761286	2.7330503e-20	1
0	-0.9738471	-0.22682256	-0.0013761286	-1.256637e-07	0	0	-0.9738471	-0.22682256	-0.0013761286	2.733055e-20	1
0	-0.9738471	-0.22682256	-0.0013761286	0	0	0	-0.9738471	-0.22682256	-0.0013761286	2.73306e-20	1
0	-0.9738471	-0.22682256	-0.0013761286	1.256637e-07	0	0	-0.9738471	-0.22682256	-0.0013761286	2.733065e-20	1
0	-0.9738471	-0.22682256	-0.0013761286	2.513274e-07	0	0	-0.9738471	-0.22682256	-0.0013761286	2.7330697e-20	1
0	-0.9738471	-0.22682256	-0.0013761286	6.283185e-07	0	0	-0.9738471	-0.22682256	-0.0013761286	2.7330846e-20	1
0	-0.9738471	-0.22682256	-0.0013761286	1.256637e-06	0	0	-0.9738471	-0.22682256	-0.0013761286	2.7331088e-20	1
0	-0.9738471	-0.22682256	-0.0013761286	2.513274e-06	0	0	-0.9738471	-0.22682256	-0.0013761286	2.7331576e-20	1
0	-0.9738471	-0.22682256	-0.0013761286	6.2831855e-06	0	0	-0.9738471	-0.22682256	-0.0013761286	2.7333043e-20	1
0	-0.9738471	-0.22682256	-0.0013761286	1.2566371e-05	0	0	-0.9738471	-0.22682256	-0.0013761286	2.733549e-20	1
0	-0.9738471	-0.22682256	-0.0013761286	2.5132742e-05	0	0	-0.9738471	-0.22682256	-0.0013761286	2.7340374e-20	1
0	-0.97347426	-0.2284159	-0.0013762402	6.283185e-05	0	0	-0.97347426	-0.2284159	-0.0013762402	2.735501e-20	1
0	-0.97347426	-0.2284159	-0.0013762402	0.0001256637	0	0	-0.97347426	-0.2284159	-0.0013762402	2.737944e-20	1
0	-0.97347426	-0.2284159	-0.0013762402	0.0002513274	0	0	-0.97347426	-0.2284159	-0.0013762402	2.7428295e-20	1
0	-0.97278005	-0.23135266	-0.0013762729	0.0006283185	0	0	-0.97278005	-0.23135266	-0.0013762729	2.7574777e-20	1
0	-0.97230434	-0.23334238	-0.0013762732	0.0010053096	0	0	-0.97230434	-0.23334238	-0.0013762732	2.7721197e-20	1
0	-0.97230434	-0.23334238	-0.0013762732	0.001256637	0	0	-0.97230434	-0.23334238	-0.0013762732	2.781879e-20	1
0	-0.97114813	-0.23810482	-0.0013761125	0.0018849556	0	0	-0.97114813	-0.23810482	-0.0013761125	2.806256e-20	1
0	-0.9702732	-0.2416431	-0.0013758435	0.002513274	0	0	-0.9702732	-0.2416431	-0.0013758435	2.830614e-20	1
0	-0.96840286	-0.24902754	-0.0013748823	0.0037699111	0	0	-0.96840286	-0.24902754	-0.0013748823	2.879261e-20	1
0	-0.9640868	-0.26523522	-0.0013708618	0.0062831854	0	0	-0.9640868	-0.26523522	-0.0013708618	2.9762498e-20	1
0	-0.9572662	-0.28886932	-0.0013602811	0.009424778	0	0	-0.9572662	-0.28886932	-0.0013602811	3.0967978e-20	1
0	-0.9480883	-0.31768125	-0.0013397596	0.012566371	0	0	-0.9480883	-0.31768125	-0.0013397596	3.2163535e-20	1
0	-0.9127809	-0.40814918	-0.0012197436	0.018849555	0	0	-0.9127809	-0.40814918	-0.0012197436	3.4505833e-20	1
0	-0.002513193	-9.632058e-07	6.3180923e-06	0.025132742	0	0	-0.002513193	-9.632058e-07	6.3180923e-06	2.219634e-18	1
0	-0.0037687279	-3.1338568e-06	9.49949e-06	0.03769911	0	0	-0.0037687279	-3.1338568e-06	9.49949e-06	2.2196496e-18	1
0	-0.005024259	-5.307098e-06	1.2643635e-05	0.050265484	0	0	-0.005024259	-5.307098e-06	1.2643635e-05	2.2196716e-18	1
0	-0.006279799	-7.477778e-06	1.579523e-05	0.06283186	0	0	-0.006279799	-7.477778e-06	1.579523e-05	2.2196999e-18	1
