# t (s)	mx ()	my ()	mz ()	B_extx (T)	B_exty (T)	B_extz (T)	mx ()	my ()	mz ()	E_total (J)	branch ()
0	-0.031145792	0.9994495	0.00046492624	0	0.06283186	0	-0.031145792	0.9994495	0.00046492624	4.593406e-21	-1
0	-0.036877736	0.9992535	0.00047819153	0	0.050265484	0	-0.036877736	0.9992535	0.00047819153	9.6087e-21	-1
0	-0.045156114	0.9989127	0.0004958943	0	0.03769911	0	-0.045156114	0.9989127	0.0004958943	1.4622687e-20	-1
0	-0.05811833	0.99824107	0.0005216619	0	0.025132742	0	-0.05811833	0.99824107	0.0005216619	1.963426e-20	-1
0	-0.06775607	0.9976324	0.00053991994	0	0.018849555	0	-0.06775607	0.9976324	0.00053991994	2.2138394e-20	-1
0	-0.081100084	0.9966352	0.00056438765	0	0.012566371	0	-0.081100084	0.9966352	0.00056438765	2.4640562e-20	-1
0	-0.08987591	0.9958813	0.00058009295	0	0.009424778	0	-0.08987591	0.9958813	0.00058009295	2.5890512e-20	-1
0	-0.10072643	0.99484146	0.0005991641	0	0.0062831854	0	-0.10072643	0.99484146	0.0005991641	2.713936e-20	-1
0	-0.11142097	0.99369955	0.0006176118	0	0.0037699111	0	-0.11142097	0.99369955	0.0006176118	2.8137337e-20	-1
0	-0.11762324	0.9929838	0.0006281654	0	0.002513274	0	-0.11762324	0.9929838	0.0006281654	2.8635855e-20	-1
0	-0.121009275	0.99257654	0.00063388085	0	0.0018849556	0	-0.121009275	0.99257654	0.00063388085	2.8884966e-20	-1
0	-0.12457467	0.99213505	0.0006398661	0	0.001256637	0	-0.12457467	0.99213505	0.0006398661	2.9133973e-20	-1
0	-0.12457467	0.99213505	0.0006398661	0	0.0010053096	0	-0.12457467	0.99213505	0.0006398661	2.9233555e-20	-1
0	-0.12836362	0.9916515	0.00064618787	0	0.0006283185	0	-0.12836362	0.9916515	0.00064618787	2.9382864e-20	-1
0	-0.13077036	0.9913367	0.0006501861	0	0.0002513274	0	-0.13077036	0.9913367	0.0006501861	2.953214e-20	-1
0	-0.13077036	0.9913367	0.0006501861	0	0.0001256637	0	-0.13077036	0.9913367	0.0006501861	2.958189e-20	-1
0	-0.13077036	0.9913367	0.0006501861	0	6.283185e-05	0	-0.13077036	0.9913367	0.0006501861	2.9606768e-20	-1
0	-0.13077036	0.9913367	0.0006501861	0	2.5132742e-05	0	-0.13077036	0.9913367	0.0006501861	2.9621693e-20	-1
0	-0.13077036	0.9913367	0.0006501861	0	1.2566371e-05	0	-0.13077036	0.9913367	0.0006501861	2.962667e-20	-1
0	-0.13077036	0.9913367	0.0006501861	0	6.2831855e-06	0	-0.13077036	0.9913367	0.0006501861	2.9629157e-20	-1
0	-0.13077036	0.9913367	0.0006501861	0	2.513274e-06	0	-0.13077036	0.9913367	0.0006501861	2.9630647e-20	-1
0	-0.13077036	0.9913367	0.0006501861	0	1.256637e-06	0	-0.13077036	0.9913367	0.0006501861	2.9631144e-20	-1
0	-0.13077036	0.9913367	0.0006501861	0	6.283185e-07	0	-0.13077036	0.9913367	0.0006501861	2.9631393e-20	-1
0	-0.13077036	0.9913367	0.0006501861	0	2.513274e-07	0	-0.13077036	0.9913367	0.0006501861	2.9631545e-20	-1
0	-0.13077036	0.9913367	0.0006501861	0	1.256637e-07	0	-0.13077036	0.9913367	0.0006501861	2.9631593e-20	-1
0	-0.13077036	0.9913367	0.0006501861	0	0	0	-0.13077036	0.9913367	0.0006501861	2.9631642e-20	-1
0	-0.13077036	0.9913367	0.0006501861	0	-1.256637e-07	0	-0.13077036	0.9913367	0.0006501861	2.9631694e-20	-1
0	-0.13077036	0.9913367	0.0006501861	0	-2.513274e-07	0	-0.13077036	0.9913367	0.0006501861	2.9631742e-20	-1
0	-0.13077036	0.9913367	0.0006501861	0	-6.283185e-07	0	-0.13077036	0.9913367	0.0006501861	2.963189e-20	-1
0	-0.13077036	0.9913367	0.0006501861	0	-1.256637e-06	0	-0.13077036	0.9913367	0.0006501861	2.963214e-20	-1
0	-0.13077036	0.9913367	0.0006501861	0	-2.513274e-06	0	-0.13077036	0.9913367	0.0006501861	2.9632637e-20	-1
0	-0.13077036	0.9913367	0.0006501861	0	-6.2831855e-06	0	-0.13077036	0.9913367	0.0006501861	2.963413e-20	-1
0	-0.13077036	0.9913367	0.0006501861	0	-1.2566371e-05	0	-0.13077036	0.9913367	0.0006501861	2.9636618e-20	-1
0	-0.13077036	0.9913367	0.0006501861	0	-2.5132742e-05	0	-0.13077036	0.9913367	0.0006501861	2.9641594e-20	-1
0	-0.13077036	0.9913367	0.0006501861	0	-6.283185e-05	0	-0.13077036	0.9913367	0.0006501861	2.965652e-20	-1
0	-0.13322008	0.9910102	0.0006542327	0	-0.0001256637	0	-0.13322008	0.9910102	0.0006542327	2.9681366e-20	-1
0	-0.13406225	0.9908966	0.00065562106	0	-0.0002513274	0	-0.13406225	0.9908966	0.00065562106	2.9731097e-20	-1
0	-0.13665691	0.9905417	0.0006598842	0	-0.0006283185	0	-0.13665691	0.9905417	0.0006598842	2.9880255e-20	-1
0	-0.13936388	0.99016416	0.000664317	0	-0.0010053096	0	-0.13936388	0.99016416	0.000664317	3.0029354e-20	-1
0	-0.13936388	0.99016416	0.000664317	0	-0.001256637	0	-0.13936388	0.99016416	0.000664317	3.012874e-20	-1
0	-0.14613338	0.989187	0.00067530427	0	-0.0018849556	0	-0.14613338	0.989187	0.00067530427	3.037703e-20	-1
0	-0.15137985	0.98839706	0.0006837285	0	-0.002513274	0	-0.15137985	0.98839706	0.0006837285	3.0625144e-20	-1
0	-0.1631754	0.98651683	0.0007023759	0	-0.0037699111	0	-0.1631754	0.98651683	0.0007023759	3.1120716e-20	-1
0	-0.19408241	0.98090017	0.0007491604	0	-0.0062831854	0	-0.19408241	0.98090017	0.0007491604	3.210833e-20	-1
0	-0.2677487	0.9633895	0.0008462955	0	-0.009424778	0	-0.2677487	0.9633895	0.0008462955	3.3330396e-20	-1
0	0.95378375	-0.3001569	0.00051560963	0	-0.012566371	0	0.95378375	-0.3001569	0.00051560963	2.7108276e-20	-1
0	0.06776253	-0.9976319	-0.0005399308	0	-0.018849555	0	0.06776253	-0.9976319	-0.0005399308	2.2138394e-20	-1
0	0.058117013	-0.99824107	-0.00052166	0	-0.025132742	0	0.058117013	-0.99824107	-0.00052166	1.963426e-20	-1
0	0.045159664	-0.9989125	-0.00049590034	0	-0.03769911	0	0.045159664	-0.9989125	-0.00049590034	1.4622689e-20	-1
0	0.036884643	-0.9992533	-0.0004782033	0	-0.050265484	0	0.036884643	-0.9992533	-0.0004782033	9.608697e-21	-1
0	0.031155217	-0.99944925	-0.00046494263	0	-0.06283186	0	0.031155217	-0.99944925	-0.00046494263	4.5934054e-21	-1
0	0.031155217	-0.99944925	-0.00046494263	0	-0.06283186	0	0.031155217	-0.99944925	-0.00046494263	4.5934054e-21	1
0	0.036875434	-0.99925363	-0.00047818793	0	-0.050265484	0	0.036875434	-0.99925363	-0.00047818793	9.608696e-21	1
0	0.04515445	-0.9989127	-0.0004958834	0	-0.03769911	0	0.04515445	-0.9989127	-0.0004958834	1.4622686e-20	1
0	0.05811595	-0.9982412	-0.00052164425	0	-0.025132742	0	0.05811595	-0.9982412	-0.00052164425	1.9634263e-20	1
0	0.06775759	-0.99763227	-0.0005399395	0	-0.018849555	0	0.06775759	-0.99763227	-0.0005399395	2.2138394e-20	1
0	0.08109	-0.99663603	-0.0005643703	0	-0.012566371	0	0.08109	-0.99663603	-0.0005643703	2.4640563e-20	1
0	0.08988434	-0.9958806	-0.0005801087	0	-0.009424778	0	0.08988434	-0.9958806	-0.0005801087	2.5890516e-20	1
0	0.10072475	-0.99484164	-0.00059915695	0	-0.0062831854	0	0.10072475	-0.99484164	-0.00059915695	2.713936e-20	1
0	0.111431494	-0.99369836	-0.00061762775	0	-0.0037699111	0	0.111431494	-0.99369836	-0.00061762775	2.8137337e-20	1
0	0.11763412	-0.99298257	-0.00062819046	0	-0.002513274	0	0.11763412	-0.99298257	-0.00062819046	2.863585e-20	1
0	0.12101089	-0.99257636	-0.0006338832	0	-0.0018849556	0	0.12101089	-0.99257636	-0.0006338832	2.8884963e-20	1
0	0.12458511	-0.99213374	-0.000639883	0	-0.001256637	0	0.12458511	-0.99213374	-0.000639883	2.9133973e-20	1
0	0.12458511	-0.99213374	-0.000639883	0	-0.0010053096	0	0.12458511	-0.99213374	-0.000639883	2.9233555e-20	1
0	0.12835523	-0.99165255	-0.0006461739	0	-0.0006283185	0	0.12835523	-0.99165255	-0.0006461739	2.9382864e-20	1
0	0.13073826	-0.991341	-0.0006501327	0	-0.0002513274	0	0.13073826	-0.991341	-0.0006501327	2.9532138e-20	1
0	0.13073826	-0.991341	-0.0006501327	0	-0.0001256637	0	0.13073826	-0.991341	-0.0006501327	2.9581888e-20	1
0	0.13073826	-0.991341	-0.0006501327	0	-6.283185e-05	0	0.13073826	-0.991341	-0.0006501327	2.9606765e-20	1
0	0.13073826	-0.991341	-0.0006501327	0	-2.5132742e-05	0	0.13073826	-0.991341	-0.0006501327	2.962169e-20	1
0	0.13073826	-0.991341	-0.0006501327	0	-1.2566371e-05	0	0.13073826	-0.991341	-0.0006501327	2.9626663e-20	1
0	0.13073826	-0.991341	-0.0006501327	0	-6.2831855e-06	0	0.13073826	-0.991341	-0.0006501327	2.962915e-20	1
0	0.13073826	-0.991341	-0.0006501327	0	-2.513274e-06	0	0.13073826	-0.991341	-0.0006501327	2.9630644e-20	1
0	0.13073826	-0.991341	-0.0006501327	0	-1.256637e-06	0	0.13073826	-0.991341	-0.0006501327	2.963114e-20	1
0	0.13073826	-0.991341	-0.0006501327	0	-6.283185e-07	0	0.13073826	-0.991341	-0.0006501327	2.963139e-20	1
0	0.13073826	-0.991341	-0.0006501327	0	-2.513274e-07	0	0.13073826	-0.991341	-0.0006501327	2.963154e-20	1
0	0.13073826	-0.991341	-0.0006501327	0	-1.256637e-07	0	0.13073826	-0.991341	-0.0006501327	2.963159e-20	1
0	0.13073826	-0.991341	-0.0006501327	0	0	0	0.13073826	-0.991341	-0.0006501327	2.963164e-20	1
0	0.13073826	-0.991341	-0.0006501327	0	1.256637e-07	0	0.13073826	-0.991341	-0.0006501327	2.9631687e-20	1
0	0.13073826	-0.991341	-0.0006501327	0	2.513274e-07	0	0.13073826	-0.991341	-0.0006501327	2.963174e-20	1
0	0.13073826	-0.991341	-0.0006501327	0	6.283185e-07	0	0.13073826	-0.991341	-0.0006501327	2.9631888e-20	1
0	0.13073826	-0.991341	-0.0006501327	0	1.256637e-06	0	0.13073826	-0.991341	-0.0006501327	2.9632136e-20	1
0	0.13073826	-0.991341	-0.0006501327	0	2.513274e-06	0	0.13073826	-0.991341	-0.0006501327	2.9632634e-20	1
0	0.13073826	-0.991341	-0.0006501327	0	6.2831855e-06	0	0.13073826	-0.991341	-0.0006501327	2.9634127e-20	1
0	0.13073826	-0.991341	-0.0006501327	0	1.2566371e-05	0	0.13073826	-0.991341	-0.0006501327	2.9636615e-20	1
0	0.13073826	-0.991341	-0.0006501327	0	2.5132742e-05	0	0.13073826	-0.991341	-0.0006501327	2.9641588e-20	1
0	0.13073826	-0.991341	-0.0006501327	0	6.283185e-05	0	0.13073826	-0.991341	-0.0006501327	2.9656516e-20	1
0	0.1332143	-0.991011	-0.00065422355	0	0.0001256637	0	0.1332143	-0.991011	-0.00065422355	2.9681366e-20	1
0	0.1332143	-0.991011	-0.00065422355	0	0.0002513274	0	0.1332143	-0.991011	-0.00065422355	2.97311e-20	1
0	0.1366669	-0.9905404	-0.0006598969	0	0.0006283185	0	0.1366669	-0.9905404	-0.0006598969	2.9880255e-20	1
0	0.13936931	-0.99016345	-0.00066431786	0	0.0010053096	0	0.13936931	-0.99016345	-0.00066431786	3.0029357e-20	1
0	0.13936931	-0.99016345	-0.00066431786	0	0.001256637	0	0.13936931	-0.99016345	-0.00066431786	3.012874e-20	1
0	0.14614895	-0.98918474	-0.00067532784	0	0.0018849556	0	0.14614895	-0.98918474	-0.00067532784	3.037703e-20	1
0	0.15137738	-0.9883975	-0.000683726	0	0.002513274	0	0.15137738	-0.9883975	-0.000683726	3.062514e-20	1
0	0.16316958	-0.9865178	-0.0007023673	0	0.0037699111	0	0.16316958	-0.9865178	-0.0007023673	3.112072e-20	1
0	0.19409966	-0.9808968	-0.0007491845	0	0.0062831854	0	0.19409966	-0.9808968	-0.0007491845	3.2108327e-20	1
0	0.26783866	-0.9633645	-0.00084639905	0	0.009424778	0	0.26783866	-0.9633645	-0.00084639905	3.3330393e-20	1
0	-0.9537846	0.3001541	-0.00051561627	0	0.012566371	0	-0.9537846	0.3001541	-0.00051561627	2.7108276e-20	1
0	-0.067757264	0.99763227	0.00053992146	0	0.018849555	0	-0.067757264	0.99763227	0.00053992146	2.2138394e-20	1
0	-0.058135238	0.9982401	0.00052169233	0	0.025132742	0	-0.058135238	0.9982401	0.00052169233	1.9634261e-20	1
0	-0.045162458	0.99891233	0.0004959037	0	0.03769911	0	-0.045162458	0.99891233	0.0004959037	1.4622687e-20	1
0	-0.03688231	0.9992534	0.00047819954	0	0.050265484	0	-0.03688231	0.9992534	0.00047819954	9.608699e-21	1
0	-0.031148015	0.99944943	0.00046492988	0	0.06283186	0	-0.031148015	0.99944943	0.00046492988	4.5934046e-21	1
