# t (s)	mx ()	my ()	mz ()	B_extx (T)	B_exty (T)	B_extz (T)	mx ()	my ()	mz ()	E_total (J)	branch ()
0	0.041897736	0.99903405	-0.006738133	0	0.06283186	0	0.041897736	0.99903405	-0.006738133	3.760474e-21	-1
0	0.04890909	0.9987136	-0.006839781	0	0.050265484	0	0.04890909	0.9987136	-0.006839781	8.773396e-21	-1
0	0.058706664	0.9981836	-0.0069601983	0	0.03769911	0	0.058706664	0.9981836	-0.0069601983	1.3784235e-20	-1
0	0.073338695	0.99721277	-0.007110417	0	0.025132742	0	0.073338695	0.99721277	-0.007110417	1.8791456e-20	-1
0	0.08373279	0.99639213	-0.0072027184	0	0.018849555	0	0.08373279	0.99639213	-0.0072027184	2.1292752e-20	-1
0	0.09752312	0.99513495	-0.0073117763	0	0.012566371	0	0.09752312	0.99513495	-0.0073117763	2.379149e-20	-1
0	0.1062685	0.9942377	-0.007374431	0	0.009424778	0	0.1062685	0.9942377	-0.007374431	2.5039478e-20	-1
0	0.116718605	0.99306357	-0.007443588	0	0.0062831854	0	0.116718605	0.99306357	-0.007443588	2.6286167e-20	-1
0	0.12674461	0.9918322	-0.0075045256	0	0.0037699111	0	0.12674461	0.9918322	-0.0075045256	2.7282317e-20	-1
0	0.1324372	0.99108726	-0.0075369375	0	0.002513274	0	0.1324372	0.99108726	-0.0075369375	2.7779882e-20	-1
0	0.13547218	0.9906765	-0.0075536	0	0.0018849556	0	0.13547218	0.9906765	-0.0075536	2.8028524e-20	-1
0	0.1386812	0.9902319	-0.0075707217	0	0.001256637	0	0.1386812	0.9902319	-0.0075707217	2.8277056e-20	-1
0	0.1386812	0.9902319	-0.0075707217	0	0.0010053096	0	0.1386812	0.9902319	-0.0075707217	2.8376444e-20	-1
0	0.14202015	0.989758	-0.0075880727	0	0.0006283185	0	0.14202015	0.989758	-0.0075880727	2.8525466e-20	-1
0	0.14411712	0.9894545	-0.0075986898	0	0.0002513274	0	0.14411712	0.9894545	-0.0075986898	2.8674458e-20	-1
0	0.14411712	0.9894545	-0.0075986898	0	0.0001256637	0	0.14411712	0.9894545	-0.0075986898	2.8724115e-20	-1
0	0.14411712	0.9894545	-0.0075986898	0	6.283185e-05	0	0.14411712	0.9894545	-0.0075986898	2.874894e-20	-1
0	0.14411712	0.9894545	-0.0075986898	0	2.5132742e-05	0	0.14411712	0.9894545	-0.0075986898	2.876384e-20	-1
0	0.14411712	0.9894545	-0.0075986898	0	1.2566371e-05	0	0.14411712	0.9894545	-0.0075986898	2.8768805e-20	-1
0	0.14411712	0.9894545	-0.0075986898	0	6.2831855e-06	0	0.14411712	0.9894545	-0.0075986898	2.8771287e-20	-1
0	0.14411712	0.9894545	-0.0075986898	0	2.513274e-06	0	0.14411712	0.9894545	-0.0075986898	2.8772776e-20	-1
0	0.14411712	0.9894545	-0.0075986898	0	1.256637e-06	0	0.14411712	0.9894545	-0.0075986898	2.8773274e-20	-1
0	0.14411712	0.9894545	-0.0075986898	0	6.283185e-07	0	0.14411712	0.9894545	-0.0075986898	2.877352e-20	-1
0	0.14411712	0.9894545	-0.0075986898	0	2.513274e-07	0	0.14411712	0.9894545	-0.0075986898	2.877367e-20	-1
0	0.14411712	0.9894545	-0.0075986898	0	1.256637e-07	0	0.14411712	0.9894545	-0.0075986898	2.877372e-20	-1
0	0.14411712	0.9894545	-0.0075986898	0	0	0	0.14411712	0.9894545	-0.0075986898	2.877377e-20	-1
0	0.14411712	0.9894545	-0.0075986898	0	-1.256637e-07	0	0.14411712	0.9894545	-0.0075986898	2.877382e-20	-1
0	0.14411712	0.9894545	-0.0075986898	0	-2.513274e-07	0	0.14411712	0.9894545	-0.0075986898	2.877387e-20	-1
0	0.14411712	0.9894545	-0.0075986898	0	-6.283185e-07	0	0.14411712	0.9894545	-0.0075986898	2.8774017e-20	-1
0	0.14411712	0.9894545	-0.0075986898	0	-1.256637e-06	0	0.14411712	0.9894545	-0.0075986898	2.8774266e-20	-1
0	0.14411712	0.9894545	-0.0075986898	0	-2.513274e-06	0	0.14411712	0.9894545	-0.0075986898	2.8774764e-20	-1
0	0.14411712	0.9894545	-0.0075986898	0	-6.2831855e-06	0	0.14411712	0.9894545	-0.0075986898	2.8776253e-20	-1
0	0.14411712	0.9894545	-0.0075986898	0	-1.2566371e-05	0	0.14411712	0.9894545	-0.0075986898	2.8778735e-20	-1
0	0.14411712	0.9894545	-0.0075986898	0	-2.5132742e-05	0	0.14411712	0.9894545	-0.0075986898	2.87837e-20	-1
0	0.14591464	0.9891907	-0.007607626	0	-6.283185e-05	0	0.14591464	0.9891907	-0.007607626	2.879858e-20	-1
0	0.14591464	0.9891907	-0.007607626	0	-0.0001256637	0	0.14591464	0.9891907	-0.007607626	2.8823402e-20	-1
0	0.14591464	0.9891907	-0.007607626	0	-0.0002513274	0	0.14591464	0.9891907	-0.007607626	2.8873043e-20	-1
0	0.14927685	0.98868835	-0.007623963	0	-0.0006283185	0	0.14927685	0.98868835	-0.007623963	2.9021916e-20	-1
0	0.1516048	0.9883337	-0.0076349806	0	-0.0010053096	0	0.1516048	0.9883337	-0.0076349806	2.917074e-20	-1
0	0.1516048	0.9883337	-0.0076349806	0	-0.001256637	0	0.1516048	0.9883337	-0.0076349806	2.9269938e-20	-1
0	0.15735316	0.9874339	-0.0076611564	0	-0.0018849556	0	0.15735316	0.9874339	-0.0076611564	2.9517785e-20	-1
0	0.16175652	0.9867214	-0.0076802215	0	-0.002513274	0	0.16175652	0.9867214	-0.0076802215	2.9765467e-20	-1
0	0.17145112	0.98508155	-0.00771919	0	-0.0037699111	0	0.17145112	0.98508155	-0.00771919	3.0260248e-20	-1
0	0.19547743	0.9805925	-0.007798256	0	-0.0062831854	0	0.19547743	0.9805925	-0.007798256	3.124689e-20	-1
0	0.24180332	0.97020006	-0.007879867	0	-0.009424778	0	0.24180332	0.97020006	-0.007879867	3.2471515e-20	-1
0	-0.097536035	-0.99513364	0.007311849	0	-0.012566371	0	-0.097536035	-0.99513364	0.007311849	2.3791493e-20	-1
0	-0.08373915	-0.99639165	0.0072027585	0	-0.018849555	0	-0.08373915	-0.99639165	0.0072027585	2.1292753e-20	-1
0	-0.07334531	-0.9972123	0.007110472	0	-0.025132742	0	-0.07334531	-0.9972123	0.007110472	1.8791453e-20	-1
0	-0.058714096	-0.9981832	0.006960249	0	-0.03769911	0	-0.058714096	-0.9981832	0.006960249	1.3784233e-20	-1
0	-0.048911057	-0.9987135	0.0068397936	0	-0.050265484	0	-0.048911057	-0.9987135	0.0068397936	8.773394e-21	-1
0	-0.0418991	-0.9990339	0.0067381356	0	-0.06283186	0	-0.0418991	-0.9990339	0.0067381356	3.7604766e-21	-1
0	-0.0418991	-0.9990339	0.0067381356	0	-0.06283186	0	-0.0418991	-0.9990339	0.0067381356	3.7604766e-21	1
0	-0.048908852	-0.9987136	0.006839779	0	-0.050265484	0	-0.048908852	-0.9987136	0.006839779	8.773393e-21	1
0	-0.058704045	-0.9981838	0.0069601806	0	-0.03769911	0	-0.058704045	-0.9981838	0.0069601806	1.3784235e-20	1
0	-0.07333627	-0.99721295	0.007110415	0	-0.025132742	0	-0.07333627	-0.99721295	0.007110415	1.8791455e-20	1
0	-0.08374031	-0.99639153	0.007202764	0	-0.018849555	0	-0.08374031	-0.99639153	0.007202764	2.1292755e-20	1
0	-0.097524345	-0.99513483	0.0073117865	0	-0.012566371	0	-0.097524345	-0.99513483	0.0073117865	2.3791492e-20	1
0	-0.10625678	-0.994239	0.0073743677	0	-0.009424778	0	-0.10625678	-0.994239	0.0073743677	2.5039476e-20	1
0	-0.116723076	-0.993063	0.0074436115	0	-0.0062831854	0	-0.116723076	-0.993063	0.0074436115	2.628617e-20	1
0	-0.12675512	-0.9918308	0.007504573	0	-0.0037699111	0	-0.12675512	-0.9918308	0.007504573	2.7282313e-20	1
0	-0.13241924	-0.9910897	0.0075368546	0	-0.002513274	0	-0.13241924	-0.9910897	0.0075368546	2.7779885e-20	1
0	-0.13547295	-0.9906764	0.0075535476	0	-0.0018849556	0	-0.13547295	-0.9906764	0.0075535476	2.8028524e-20	1
0	-0.13866249	-0.9902345	0.0075706397	0	-0.001256637	0	-0.13866249	-0.9902345	0.0075706397	2.8277053e-20	1
0	-0.13866249	-0.9902345	0.0075706397	0	-0.0010053096	0	-0.13866249	-0.9902345	0.0075706397	2.8376444e-20	1
0	-0.14202484	-0.9897573	0.007588081	0	-0.0006283185	0	-0.14202484	-0.9897573	0.007588081	2.852547e-20	1
0	-0.144126	-0.9894532	0.007598717	0	-0.0002513274	0	-0.144126	-0.9894532	0.007598717	2.867446e-20	1
0	-0.144126	-0.9894532	0.007598717	0	-0.0001256637	0	-0.144126	-0.9894532	0.007598717	2.8724118e-20	1
0	-0.144126	-0.9894532	0.007598717	0	-6.283185e-05	0	-0.144126	-0.9894532	0.007598717	2.8748943e-20	1
0	-0.144126	-0.9894532	0.007598717	0	-2.5132742e-05	0	-0.144126	-0.9894532	0.007598717	2.8763842e-20	1
0	-0.144126	-0.9894532	0.007598717	0	-1.2566371e-05	0	-0.144126	-0.9894532	0.007598717	2.8768805e-20	1
0	-0.144126	-0.9894532	0.007598717	0	-6.2831855e-06	0	-0.144126	-0.9894532	0.007598717	2.877129e-20	1
0	-0.144126	-0.9894532	0.007598717	0	-2.513274e-06	0	-0.144126	-0.9894532	0.007598717	2.877278e-20	1
0	-0.144126	-0.9894532	0.007598717	0	-1.256637e-06	0	-0.144126	-0.9894532	0.007598717	2.8773277e-20	1
0	-0.144126	-0.9894532	0.007598717	0	-6.283185e-07	0	-0.144126	-0.9894532	0.007598717	2.8773523e-20	1
0	-0.144126	-0.9894532	0.007598717	0	-2.513274e-07	0	-0.144126	-0.9894532	0.007598717	2.8773675e-20	1
0	-0.144126	-0.9894532	0.007598717	0	-1.256637e-07	0	-0.144126	-0.9894532	0.007598717	2.8773723e-20	1
0	-0.144126	-0.9894532	0.007598717	0	0	0	-0.144126	-0.9894532	0.007598717	2.8773772e-20	1
0	-0.144126	-0.9894532	0.007598717	0	1.256637e-07	0	-0.144126	-0.9894532	0.007598717	2.8773823e-20	1
0	-0.144126	-0.9894532	0.007598717	0	2.513274e-07	0	-0.144126	-0.9894532	0.007598717	2.8773872e-20	1
0	-0.144126	-0.9894532	0.007598717	0	6.283185e-07	0	-0.144126	-0.9894532	0.007598717	2.877402e-20	1
0	-0.144126	-0.9894532	0.007598717	0	1.256637e-06	0	-0.144126	-0.9894532	0.007598717	2.877427e-20	1
0	-0.144126	-0.9894532	0.007598717	0	2.513274e-06	0	-0.144126	-0.9894532	0.007598717	2.8774767e-20	1
0	-0.144126	-0.9894532	0.007598717	0	6.2831855e-06	0	-0.144126	-0.9894532	0.007598717	2.8776256e-20	1
0	-0.144126	-0.9894532	0.007598717	0	1.2566371e-05	0	-0.144126	-0.9894532	0.007598717	2.8778738e-20	1
0	-0.144126	-0.9894532	0.007598717	0	2.5132742e-05	0	-0.144126	-0.9894532	0.007598717	2.8783704e-20	1
0	-0.1459242	-0.98918927	0.0076076738	0	6.283185e-05	0	-0.1459242	-0.98918927	0.0076076738	2.879858e-20	1
0	-0.1459242	-0.98918927	0.0076076738	0	0.0001256637	0	-0.1459242	-0.98918927	0.0076076738	2.88234e-20	1
0	-0.1459242	-0.98918927	0.0076076738	0	0.0002513274	0	-0.1459242	-0.98918927	0.0076076738	2.8873043e-20	1
0	-0.14927506	-0.9886886	0.007623952	0	0.0006283185	0	-0.14927506	-0.9886886	0.007623952	2.9021913e-20	1
0	-0.151584	-0.9883369	0.0076348986	0	0.0010053096	0	-0.151584	-0.9883369	0.0076348986	2.9170744e-20	1
0	-0.151584	-0.9883369	0.0076348986	0	0.001256637	0	-0.151584	-0.9883369	0.0076348986	2.9269944e-20	1
0	-0.1573564	-0.9874333	0.0076611675	0	0.0018849556	0	-0.1573564	-0.9874333	0.0076611675	2.9517782e-20	1
0	-0.16179137	-0.9867157	0.0076803463	0	0.002513274	0	-0.16179137	-0.9867157	0.0076803463	2.9765464e-20	1
0	-0.17144339	-0.98508286	0.007719172	0	0.0037699111	0	-0.17144339	-0.98508286	0.007719172	3.0260248e-20	1
0	-0.1954385	-0.98060024	0.0077981623	0	0.0062831854	0	-0.1954385	-0.98060024	0.0077981623	3.124689e-20	1
0	-0.24177396	-0.97020733	0.007879851	0	0.009424778	0	-0.24177396	-0.97020733	0.007879851	3.2471515e-20	1
0	0.09752461	0.99513483	-0.0073117847	0	0.012566371	0	0.09752461	0.99513483	-0.0073117847	2.3791492e-20	1
0	0.08373976	0.99639165	-0.0072027612	0	0.018849555	0	0.08373976	0.99639165	-0.0072027612	2.1292752e-20	1
0	0.07333904	0.99721277	-0.007110432	0	0.025132742	0	0.07333904	0.99721277	-0.007110432	1.8791456e-20	1
0	0.05871114	0.99818337	-0.006960229	0	0.03769911	0	0.05871114	0.99818337	-0.006960229	1.3784236e-20	1
0	0.04891096	0.9987135	-0.006839794	0	0.050265484	0	0.04891096	0.9987135	-0.006839794	8.773392e-21	1
0	0.041898727	0.999034	-0.0067381347	0	0.06283186	0	0.041898727	0.999034	-0.0067381347	3.7604733e-21	1
