# t (s)	mx ()	my ()	mz ()	B_extx (T)	B_exty (T)	B_extz (T)	mx ()	my ()	mz ()	E_total (J)	branch ()
0	-0.041438974	0.99907243	-0.0024730498	0	0.06283186	0	-0.041438974	0.99907243	-0.0024730498	4.5239978e-21	-1
0	-0.049146727	0.99872166	-0.0025432878	0	0.050265484	0	-0.049146727	0.99872166	-0.0025432878	9.53704e-21	-1
0	-0.060281284	0.99811006	-0.0026366976	0	0.03769911	0	-0.060281284	0.99811006	-0.0026366976	1.4547751e-20	-1
0	-0.07772216	0.9969015	-0.0027718134	0	0.025132742	0	-0.07772216	0.9969015	-0.0027718134	1.955411e-20	-1
0	-0.09068273	0.9958048	-0.0028666744	0	0.018849555	0	-0.09068273	0.9958048	-0.0028666744	2.2054319e-20	-1
0	-0.10856697	0.9940119	-0.0029921415	0	0.012566371	0	-0.10856697	0.9940119	-0.0029921415	2.4550989e-20	-1
0	-0.12030701	0.9926579	-0.0030716332	0	0.009424778	0	-0.12030701	0.9926579	-0.0030716332	2.5797296e-20	-1
0	-0.13476793	0.9907963	-0.0031667456	0	0.0062831854	0	-0.13476793	0.9907963	-0.0031667456	2.7041607e-20	-1
0	-0.14901479	0.98875195	-0.0032574716	0	0.0037699111	0	-0.14901479	0.98875195	-0.0032574716	2.803509e-20	-1
0	-0.15732315	0.9874629	-0.0033090424	0	0.002513274	0	-0.15732315	0.9874629	-0.0033090424	2.8530984e-20	-1
0	-0.1617943	0.98673946	-0.0033363895	0	0.0018849556	0	-0.1617943	0.98673946	-0.0033363895	2.8778673e-20	-1
0	-0.16656092	0.98594534	-0.0033652233	0	0.001256637	0	-0.16656092	0.98594534	-0.0033652233	2.9026175e-20	-1
0	-0.16656092	0.98594534	-0.0033652233	0	0.0010053096	0	-0.16656092	0.98594534	-0.0033652233	2.9125133e-20	-1
0	-0.17160983	0.9850783	-0.0033953798	0	0.0006283185	0	-0.17160983	0.9850783	-0.0033953798	2.9273463e-20	-1
0	-0.1747992	0.98451686	-0.0034142402	0	0.0002513274	0	-0.1747992	0.98451686	-0.0034142402	2.942173e-20	-1
0	-0.1747992	0.98451686	-0.0034142402	0	0.0001256637	0	-0.1747992	0.98451686	-0.0034142402	2.9471137e-20	-1
0	-0.1747992	0.98451686	-0.0034142402	0	6.283185e-05	0	-0.1747992	0.98451686	-0.0034142402	2.9495842e-20	-1
0	-0.1747992	0.98451686	-0.0034142402	0	2.5132742e-05	0	-0.1747992	0.98451686	-0.0034142402	2.9510664e-20	-1
0	-0.1747992	0.98451686	-0.0034142402	0	1.2566371e-05	0	-0.1747992	0.98451686	-0.0034142402	2.9515604e-20	-1
0	-0.1747992	0.98451686	-0.0034142402	0	6.2831855e-06	0	-0.1747992	0.98451686	-0.0034142402	2.9518076e-20	-1
0	-0.1747992	0.98451686	-0.0034142402	0	2.513274e-06	0	-0.1747992	0.98451686	-0.0034142402	2.951956e-20	-1
0	-0.1747992	0.98451686	-0.0034142402	0	1.256637e-06	0	-0.1747992	0.98451686	-0.0034142402	2.9520053e-20	-1
0	-0.1747992	0.98451686	-0.0034142402	0	6.283185e-07	0	-0.1747992	0.98451686	-0.0034142402	2.95203e-20	-1
0	-0.1747992	0.98451686	-0.0034142402	0	2.513274e-07	0	-0.1747992	0.98451686	-0.0034142402	2.9520448e-20	-1
0	-0.1747992	0.98451686	-0.0034142402	0	1.256637e-07	0	-0.1747992	0.98451686	-0.0034142402	2.9520496e-20	-1
0	-0.1747992	0.98451686	-0.0034142402	0	0	0	-0.1747992	0.98451686	-0.0034142402	2.9520548e-20	-1
0	-0.1747992	0.98451686	-0.0034142402	0	-1.256637e-07	0	-0.1747992	0.98451686	-0.0034142402	2.9520596e-20	-1
0	-0.1747992	0.98451686	-0.0034142402	0	-2.513274e-07	0	-0.1747992	0.98451686	-0.0034142402	2.9520645e-20	-1
0	-0.1747992	0.98451686	-0.0034142402	0	-6.283185e-07	0	-0.1747992	0.98451686	-0.0034142402	2.9520793e-20	-1
0	-0.1747992	0.98451686	-0.0034142402	0	-1.256637e-06	0	-0.1747992	0.98451686	-0.0034142402	2.952104e-20	-1
0	-0.1747992	0.98451686	-0.0034142402	0	-2.513274e-06	0	-0.1747992	0.98451686	-0.0034142402	2.9521533e-20	-1
0	-0.1747992	0.98451686	-0.0034142402	0	-6.2831855e-06	0	-0.1747992	0.98451686	-0.0034142402	2.9523016e-20	-1
0	-0.1747992	0.98451686	-0.0034142402	0	-1.2566371e-05	0	-0.1747992	0.98451686	-0.0034142402	2.9525488e-20	-1
0	-0.1747992	0.98451686	-0.0034142402	0	-2.5132742e-05	0	-0.1747992	0.98451686	-0.0034142402	2.953043e-20	-1
0	-0.1747992	0.98451686	-0.0034142402	0	-6.283185e-05	0	-0.1747992	0.98451686	-0.0034142402	2.954525e-20	-1
0	-0.17812043	0.9839208	-0.0034337153	0	-0.0001256637	0	-0.17812043	0.9839208	-0.0034337153	2.956991e-20	-1
0	-0.17812043	0.9839208	-0.0034337153	0	-0.0002513274	0	-0.17812043	0.9839208	-0.0034337153	2.961929e-20	-1
0	-0.18272047	0.9830762	-0.0034604156	0	-0.0006283185	0	-0.18272047	0.9830762	-0.0034604156	2.9767338e-20	-1
0	-0.18639466	0.98238564	-0.0034815017	0	-0.0010053096	0	-0.18639466	0.98238564	-0.0034815017	2.991529e-20	-1
0	-0.18639466	0.98238564	-0.0034815017	0	-0.001256637	0	-0.18639466	0.98238564	-0.0034815017	3.0013893e-20	-1
0	-0.19546565	0.9806196	-0.003532664	0	-0.0018849556	0	-0.19546565	0.9806196	-0.003532664	3.02601e-20	-1
0	-0.20258941	0.9791714	-0.0035719215	0	-0.002513274	0	-0.20258941	0.9791714	-0.0035719215	3.050598e-20	-1
0	-0.21873659	0.97568846	-0.0036577831	0	-0.0037699111	0	-0.21873659	0.97568846	-0.0036577831	3.099654e-20	-1
0	-0.26323032	0.96462774	-0.0038702148	0	-0.0062831854	0	-0.26323032	0.96462774	-0.0038702148	3.197091e-20	-1
0	-0.92922044	-0.36920583	0.003243322	0	-0.009424778	0	-0.92922044	-0.36920583	0.003243322	2.6575504e-20	-1
0	-0.87977785	-0.47509313	0.0025838418	0	-0.012566371	0	-0.87977785	-0.47509313	0.0025838418	2.605002e-20	-1
0	0.090680435	-0.995805	0.0028666607	0	-0.018849555	0	0.090680435	-0.995805	0.0028666607	2.2054319e-20	-1
0	0.07773204	-0.9969008	0.0027718795	0	-0.025132742	0	0.07773204	-0.9969008	0.0027718795	1.9554115e-20	-1
0	0.060291767	-0.99810946	0.0026367684	0	-0.03769911	0	0.060291767	-0.99810946	0.0026367684	1.454775e-20	-1
0	0.049149275	-0.9987216	0.0025433032	0	-0.050265484	0	0.049149275	-0.9987216	0.0025433032	9.5370395e-21	-1
0	0.04144014	-0.9990723	0.0024730572	0	-0.06283186	0	0.04144014	-0.9990723	0.0024730572	4.523995e-21	-1
0	0.04144014	-0.9990723	0.0024730572	0	-0.06283186	0	0.04144014	-0.9990723	0.0024730572	4.523995e-21	1
0	0.049145915	-0.9987217	0.0025432804	0	-0.050265484	0	0.049145915	-0.9987217	0.0025432804	9.537039e-21	1
0	0.06028592	-0.99810976	0.0026367288	0	-0.03769911	0	0.06028592	-0.99810976	0.0026367288	1.454775e-20	1
0	0.077728614	-0.99690104	0.002771856	0	-0.025132742	0	0.077728614	-0.99690104	0.002771856	1.955411e-20	1
0	0.09068413	-0.99580467	0.0028666887	0	-0.018849555	0	0.09068413	-0.99580467	0.0028666887	2.2054315e-20	1
0	0.10855478	-0.9940132	0.0029920586	0	-0.012566371	0	0.10855478	-0.9940132	0.0029920586	2.4550992e-20	1
0	0.12031033	-0.9926575	0.0030716537	0	-0.009424778	0	0.12031033	-0.9926575	0.0030716537	2.5797293e-20	1
0	0.13476834	-0.99079627	0.0031667326	0	-0.0062831854	0	0.13476834	-0.99079627	0.0031667326	2.7041605e-20	1
0	0.14901523	-0.9887519	0.0032574758	0	-0.0037699111	0	0.14901523	-0.9887519	0.0032574758	2.8035093e-20	1
0	0.15732735	-0.98746216	0.0033090692	0	-0.002513274	0	0.15732735	-0.98746216	0.0033090692	2.853098e-20	1
0	0.16180652	-0.9867375	0.0033364606	0	-0.0018849556	0	0.16180652	-0.9867375	0.0033364606	2.877867e-20	1
0	0.16659111	-0.9859402	0.0033653895	0	-0.001256637	0	0.16659111	-0.9859402	0.0033653895	2.9026175e-20	1
0	0.16659111	-0.9859402	0.0033653895	0	-0.0010053096	0	0.16659111	-0.9859402	0.0033653895	2.9125133e-20	1
0	0.17161664	-0.98507714	0.0033954226	0	-0.0006283185	0	0.17161664	-0.98507714	0.0033954226	2.9273463e-20	1
0	0.17480323	-0.98451614	0.0034142577	0	-0.0002513274	0	0.17480323	-0.98451614	0.0034142577	2.942173e-20	1
0	0.17480323	-0.98451614	0.0034142577	0	-0.0001256637	0	0.17480323	-0.98451614	0.0034142577	2.9471137e-20	1
0	0.17480323	-0.98451614	0.0034142577	0	-6.283185e-05	0	0.17480323	-0.98451614	0.0034142577	2.9495842e-20	1
0	0.17480323	-0.98451614	0.0034142577	0	-2.5132742e-05	0	0.17480323	-0.98451614	0.0034142577	2.9510664e-20	1
0	0.17480323	-0.98451614	0.0034142577	0	-1.2566371e-05	0	0.17480323	-0.98451614	0.0034142577	2.9515604e-20	1
0	0.17480323	-0.98451614	0.0034142577	0	-6.2831855e-06	0	0.17480323	-0.98451614	0.0034142577	2.9518076e-20	1
0	0.17480323	-0.98451614	0.0034142577	0	-2.513274e-06	0	0.17480323	-0.98451614	0.0034142577	2.951956e-20	1
0	0.17480323	-0.98451614	0.0034142577	0	-1.256637e-06	0	0.17480323	-0.98451614	0.0034142577	2.9520053e-20	1
0	0.17480323	-0.98451614	0.0034142577	0	-6.283185e-07	0	0.17480323	-0.98451614	0.0034142577	2.95203e-20	1
0	0.17480323	-0.98451614	0.0034142577	0	-2.513274e-07	0	0.17480323	-0.98451614	0.0034142577	2.9520448e-20	1
0	0.17480323	-0.98451614	0.0034142577	0	-1.256637e-07	0	0.17480323	-0.98451614	0.0034142577	2.9520496e-20	1
0	0.17480323	-0.98451614	0.0034142577	0	0	0	0.17480323	-0.98451614	0.0034142577	2.9520548e-20	1
0	0.17480323	-0.98451614	0.0034142577	0	1.256637e-07	0	0.17480323	-0.98451614	0.0034142577	2.9520596e-20	1
0	0.17480323	-0.98451614	0.0034142577	0	2.513274e-07	0	0.17480323	-0.98451614	0.0034142577	2.9520645e-20	1
0	0.17480323	-0.98451614	0.0034142577	0	6.283185e-07	0	0.17480323	-0.98451614	0.0034142577	2.9520793e-20	1
0	0.17480323	-0.98451614	0.0034142577	0	1.256637e-06	0	0.17480323	-0.98451614	0.0034142577	2.952104e-20	1
0	0.17480323	-0.98451614	0.0034142577	0	2.513274e-06	0	0.17480323	-0.98451614	0.0034142577	2.9521533e-20	1
0	0.17480323	-0.98451614	0.0034142577	0	6.2831855e-06	0	0.17480323	-0.98451614	0.0034142577	2.9523016e-20	1
0	0.17480323	-0.98451614	0.0034142577	0	1.2566371e-05	0	0.17480323	-0.98451614	0.0034142577	2.9525488e-20	1
0	0.17480323	-0.98451614	0.0034142577	0	2.5132742e-05	0	0.17480323	-0.98451614	0.0034142577	2.953043e-20	1
0	0.17480323	-0.98451614	0.0034142577	0	6.283185e-05	0	0.17480323	-0.98451614	0.0034142577	2.954525e-20	1
0	0.17810912	-0.98392296	0.0034336513	0	0.0001256637	0	0.17810912	-0.98392296	0.0034336513	2.956991e-20	1
0	0.17923328	-0.98371863	0.0034401987	0	0.0002513274	0	0.17923328	-0.98371863	0.0034401987	2.9619283e-20	1
0	0.18273008	-0.98307455	0.0034604697	0	0.0006283185	0	0.18273008	-0.98307455	0.0034604697	2.9767338e-20	1
0	0.18637052	-0.9823902	0.0034813662	0	0.0010053096	0	0.18637052	-0.9823902	0.0034813662	2.9915294e-20	1
0	0.18637052	-0.9823902	0.0034813662	0	0.001256637	0	0.18637052	-0.9823902	0.0034813662	3.0013896e-20	1
0	0.19548798	-0.98061514	0.0035327855	0	0.0018849556	0	0.19548798	-0.98061514	0.0035327855	3.0260102e-20	1
0	0.20258945	-0.9791714	0.0035719206	0	0.002513274	0	0.20258945	-0.9791714	0.0035719206	3.050598e-20	1
0	0.21874788	-0.97568583	0.0036578379	0	0.0037699111	0	0.21874788	-0.97568583	0.0036578379	3.099654e-20	1
0	0.2632512	-0.964622	0.0038703037	0	0.0062831854	0	0.2632512	-0.964622	0.0038703037	3.1970912e-20	1
0	-0.120317265	0.99265665	-0.003071694	0	0.009424778	0	-0.120317265	0.99265665	-0.003071694	2.5797295e-20	1
0	-0.10858449	0.99401	-0.0029922503	0	0.012566371	0	-0.10858449	0.99401	-0.0029922503	2.4550992e-20	1
0	-0.09069559	0.9958036	-0.0028667678	0	0.018849555	0	-0.09069559	0.9958036	-0.0028667678	2.2054319e-20	1
0	-0.077735156	0.99690056	-0.0027719203	0	0.025132742	0	-0.077735156	0.99690056	-0.0027719203	1.9554112e-20	1
0	-0.06029545	0.9981092	-0.0026367917	0	0.03769911	0	-0.06029545	0.9981092	-0.0026367917	1.4547751e-20	1
0	-0.049151003	0.9987215	-0.0025433153	0	0.050265484	0	-0.049151003	0.9987215	-0.0025433153	9.537039e-21	1
0	-0.04144032	0.9990723	-0.0024730586	0	0.06283186	0	-0.04144032	0.9990723	-0.0024730586	4.523995e-21	1
