# t (s)	mx ()	my ()	mz ()	B_extx (T)	B_exty (T)	B_extz (T)	mx ()	my ()	mz ()	E_total (J)	branch ()
0	-0.0019379435	0.99993235	0.0014050615	0	0.06283186	0	-0.0019379435	0.99993235	0.0014050615	4.533503e-21	-1
0	-0.0022874898	0.99993086	0.0014180841	0	0.050265484	0	-0.0022874898	0.99993086	0.0014180841	9.551665e-21	-1
0	-0.00279793	0.9999287	0.0014320279	0	0.03769911	0	-0.00279793	0.9999287	0.0014320279	1.4569825e-20	-1
0	-0.0035966076	0.9999254	0.0014475374	0	0.025132742	0	-0.0035966076	0.9999254	0.0014475374	1.9587962e-20	-1
0	-0.0041937493	0.99992263	0.001456269	0	0.018849555	0	-0.0041937493	0.99992263	0.001456269	2.2097027e-20	-1
0	-0.005018898	0.99991846	0.0014661837	0	0.012566371	0	-0.005018898	0.99991846	0.0014661837	2.4606077e-20	-1
0	-0.0055817985	0.99991524	0.0014718543	0	0.009424778	0	-0.0055817985	0.99991524	0.0014718543	2.5860598e-20	-1
0	-0.0062903943	0.99991083	0.0014782227	0	0.0062831854	0	-0.0062903943	0.99991083	0.0014782227	2.7115116e-20	-1
0	-0.006975585	0.99990606	0.0014838767	0	0.0037699111	0	-0.006975585	0.99990606	0.0014838767	2.8118725e-20	-1
0	-0.007378466	0.9999031	0.001486984	0	0.002513274	0	-0.007378466	0.9999031	0.001486984	2.8620527e-20	-1
0	-0.007587576	0.99990153	0.0014885904	0	0.0018849556	0	-0.007587576	0.99990153	0.0014885904	2.887143e-20	-1
0	-0.007845602	0.99989945	0.0014904162	0	0.001256637	0	-0.007845602	0.99989945	0.0014904162	2.912233e-20	-1
0	-0.00793271	0.9998988	0.0014910712	0	0.0010053096	0	-0.00793271	0.9998988	0.0014910712	2.922269e-20	-1
0	-0.008092396	0.9998975	0.0014921839	0	0.0006283185	0	-0.008092396	0.9998975	0.0014921839	2.9373232e-20	-1
0	-0.00824379	0.99989617	0.0014932633	0	0.0002513274	0	-0.00824379	0.99989617	0.0014932633	2.952377e-20	-1
0	-0.00824379	0.99989617	0.0014932633	0	0.0001256637	0	-0.00824379	0.99989617	0.0014932633	2.957395e-20	-1
0	-0.00824379	0.99989617	0.0014932633	0	6.283185e-05	0	-0.00824379	0.99989617	0.0014932633	2.959904e-20	-1
0	-0.008341458	0.99989533	0.0014939471	0	2.5132742e-05	0	-0.008341458	0.99989533	0.0014939471	2.961409e-20	-1
0	-0.008341458	0.99989533	0.0014939471	0	1.2566371e-05	0	-0.008341458	0.99989533	0.0014939471	2.9619108e-20	-1
0	-0.008341458	0.99989533	0.0014939471	0	6.2831855e-06	0	-0.008341458	0.99989533	0.0014939471	2.962162e-20	-1
0	-0.008341458	0.99989533	0.0014939471	0	2.513274e-06	0	-0.008341458	0.99989533	0.0014939471	2.9623125e-20	-1
0	-0.008341458	0.99989533	0.0014939471	0	1.256637e-06	0	-0.008341458	0.99989533	0.0014939471	2.9623625e-20	-1
0	-0.008341458	0.99989533	0.0014939471	0	6.283185e-07	0	-0.008341458	0.99989533	0.0014939471	2.9623877e-20	-1
0	-0.008341458	0.99989533	0.0014939471	0	2.513274e-07	0	-0.008341458	0.99989533	0.0014939471	2.9624026e-20	-1
0	-0.008341458	0.99989533	0.0014939471	0	1.256637e-07	0	-0.008341458	0.99989533	0.0014939471	2.9624078e-20	-1
0	-0.008341458	0.99989533	0.0014939471	0	0	0	-0.008341458	0.99989533	0.0014939471	2.9624126e-20	-1
0	-0.008341458	0.99989533	0.0014939471	0	-1.256637e-07	0	-0.008341458	0.99989533	0.0014939471	2.9624178e-20	-1
0	-0.008341458	0.99989533	0.0014939471	0	-2.513274e-07	0	-0.008341458	0.99989533	0.0014939471	2.962423e-20	-1
0	-0.008341458	0.99989533	0.0014939471	0	-6.283185e-07	0	-0.008341458	0.99989533	0.0014939471	2.9624378e-20	-1
0	-0.008341458	0.99989533	0.0014939471	0	-1.256637e-06	0	-0.008341458	0.99989533	0.0014939471	2.962463e-20	-1
0	-0.008341458	0.99989533	0.0014939471	0	-2.513274e-06	0	-0.008341458	0.99989533	0.0014939471	2.962513e-20	-1
0	-0.008341458	0.99989533	0.0014939471	0	-6.2831855e-06	0	-0.008341458	0.99989533	0.0014939471	2.9626637e-20	-1
0	-0.008341458	0.99989533	0.0014939471	0	-1.2566371e-05	0	-0.008341458	0.99989533	0.0014939471	2.9629144e-20	-1
0	-0.008341458	0.99989533	0.0014939471	0	-2.5132742e-05	0	-0.008341458	0.99989533	0.0014939471	2.9634162e-20	-1
0	-0.008341458	0.99989533	0.0014939471	0	-6.283185e-05	0	-0.008341458	0.99989533	0.0014939471	2.9649216e-20	-1
0	-0.008341458	0.99989533	0.0014939471	0	-0.0001256637	0	-0.008341458	0.99989533	0.0014939471	2.9674306e-20	-1
0	-0.008492432	0.999894	0.0014949278	0	-0.0002513274	0	-0.008492432	0.999894	0.0014949278	2.972449e-20	-1
0	-0.008650054	0.9998927	0.001496036	0	-0.0006283185	0	-0.008650054	0.9998927	0.001496036	2.987503e-20	-1
0	-0.008790201	0.9998914	0.0014970629	0	-0.0010053096	0	-0.008790201	0.9998914	0.0014970629	3.0025567e-20	-1
0	-0.008948777	0.99988997	0.0014980673	0	-0.001256637	0	-0.008948777	0.99988997	0.0014980673	3.0125928e-20	-1
0	-0.009266791	0.99988705	0.0015001617	0	-0.0018849556	0	-0.009266791	0.99988705	0.0015001617	3.0376822e-20	-1
0	-0.0096339295	0.99988353	0.0015025004	0	-0.002513274	0	-0.0096339295	0.99988353	0.0015025004	3.062772e-20	-1
0	-0.010429796	0.9998755	0.001507466	0	-0.0037699111	0	-0.010429796	0.9998755	0.001507466	3.1129508e-20	-1
0	-0.012497608	0.9998516	0.0015196245	0	-0.0062831854	0	-0.012497608	0.9998516	0.0015196245	3.2133072e-20	-1
0	-0.01660852	0.99979144	0.0015419223	0	-0.009424778	0	-0.01660852	0.99979144	0.0015419223	3.338748e-20	-1
0	-0.024835147	0.9996205	0.0015831772	0	-0.012566371	0	-0.024835147	0.9996205	0.0015831772	3.464176e-20	-1
0	0.0042009805	-0.99992263	-0.0014563282	0	-0.018849555	0	0.0042009805	-0.99992263	-0.0014563282	2.2097025e-20	-1
0	0.0036028423	-0.9999254	-0.0014475664	0	-0.025132742	0	0.0036028423	-0.9999254	-0.0014475664	1.958796e-20	-1
0	0.002802982	-0.9999287	-0.0014320653	0	-0.03769911	0	0.002802982	-0.9999287	-0.0014320653	1.4569824e-20	-1
0	0.0022945509	-0.99993086	-0.0014181033	0	-0.050265484	0	0.0022945509	-0.99993086	-0.0014181033	9.551669e-21	-1
0	0.0019400676	-0.9999324	-0.0014050719	0	-0.06283186	0	0.0019400676	-0.9999324	-0.0014050719	4.533507e-21	-1
0	0.0019400676	-0.9999324	-0.0014050719	0	-0.06283186	0	0.0019400676	-0.9999324	-0.0014050719	4.533507e-21	1
0	0.002289012	-0.99993086	-0.0014180773	0	-0.050265484	0	0.002289012	-0.99993086	-0.0014180773	9.5516646e-21	1
0	0.0027983035	-0.9999287	-0.0014320288	0	-0.03769911	0	0.0027983035	-0.9999287	-0.0014320288	1.4569824e-20	1
0	0.0035979515	-0.9999254	-0.001447543	0	-0.025132742	0	0.0035979515	-0.9999254	-0.001447543	1.9587962e-20	1
0	0.004196615	-0.99992263	-0.0014563065	0	-0.018849555	0	0.004196615	-0.99992263	-0.0014563065	2.2097027e-20	1
0	0.0050325044	-0.9999184	-0.0014662514	0	-0.012566371	0	0.0050325044	-0.9999184	-0.0014662514	2.4606079e-20	1
0	0.0055880444	-0.99991524	-0.001471884	0	-0.009424778	0	0.0055880444	-0.99991524	-0.001471884	2.58606e-20	1
0	0.0062791905	-0.9999109	-0.0014781726	0	-0.0062831854	0	0.0062791905	-0.9999109	-0.0014781726	2.7115116e-20	1
0	0.00697125	-0.9999062	-0.0014838648	0	-0.0037699111	0	0.00697125	-0.9999062	-0.0014838648	2.811873e-20	1
0	0.0073698033	-0.9999032	-0.0014869566	0	-0.002513274	0	0.0073698033	-0.9999032	-0.0014869566	2.862053e-20	1
0	0.0076063653	-0.9999014	-0.0014886812	0	-0.0018849556	0	0.0076063653	-0.9999014	-0.0014886812	2.8871427e-20	1
0	0.007817293	-0.99989974	-0.0014902842	0	-0.001256637	0	0.007817293	-0.99989974	-0.0014902842	2.9122328e-20	1
0	0.007938671	-0.9998987	-0.0014911147	0	-0.0010053096	0	0.007938671	-0.9998987	-0.0014911147	2.922269e-20	1
0	0.00809588	-0.9998974	-0.0014922079	0	-0.0006283185	0	0.00809588	-0.9998974	-0.0014922079	2.9373232e-20	1
0	0.008282965	-0.9998959	-0.0014934526	0	-0.0002513274	0	0.008282965	-0.9998959	-0.0014934526	2.952377e-20	1
0	0.008305136	-0.9998957	-0.0014936803	0	-0.0001256637	0	0.008305136	-0.9998957	-0.0014936803	2.957395e-20	1
0	0.008305136	-0.9998957	-0.0014936803	0	-6.283185e-05	0	0.008305136	-0.9998957	-0.0014936803	2.959904e-20	1
0	0.008305136	-0.9998957	-0.0014936803	0	-2.5132742e-05	0	0.008305136	-0.9998957	-0.0014936803	2.9614093e-20	1
0	0.008305136	-0.9998957	-0.0014936803	0	-1.2566371e-05	0	0.008305136	-0.9998957	-0.0014936803	2.961911e-20	1
0	0.008305136	-0.9998957	-0.0014936803	0	-6.2831855e-06	0	0.008305136	-0.9998957	-0.0014936803	2.9621622e-20	1
0	0.008305136	-0.9998957	-0.0014936803	0	-2.513274e-06	0	0.008305136	-0.9998957	-0.0014936803	2.9623125e-20	1
0	0.008305136	-0.9998957	-0.0014936803	0	-1.256637e-06	0	0.008305136	-0.9998957	-0.0014936803	2.962363e-20	1
0	0.008305136	-0.9998957	-0.0014936803	0	-6.283185e-07	0	0.008305136	-0.9998957	-0.0014936803	2.9623877e-20	1
0	0.008305136	-0.9998957	-0.0014936803	0	-2.513274e-07	0	0.008305136	-0.9998957	-0.0014936803	2.962403e-20	1
0	0.008305136	-0.9998957	-0.0014936803	0	-1.256637e-07	0	0.008305136	-0.9998957	-0.0014936803	2.9624078e-20	1
0	0.008305136	-0.9998957	-0.0014936803	0	0	0	0.008305136	-0.9998957	-0.0014936803	2.962413e-20	1
0	0.008305136	-0.9998957	-0.0014936803	0	1.256637e-07	0	0.008305136	-0.9998957	-0.0014936803	2.962418e-20	1
0	0.008305136	-0.9998957	-0.0014936803	0	2.513274e-07	0	0.008305136	-0.9998957	-0.0014936803	2.962423e-20	1
0	0.008305136	-0.9998957	-0.0014936803	0	6.283185e-07	0	0.008305136	-0.9998957	-0.0014936803	2.962438e-20	1
0	0.008305136	-0.9998957	-0.0014936803	0	1.256637e-06	0	0.008305136	-0.9998957	-0.0014936803	2.962463e-20	1
0	0.008305136	-0.9998957	-0.0014936803	0	2.513274e-06	0	0.008305136	-0.9998957	-0.0014936803	2.9625134e-20	1
0	0.008305136	-0.9998957	-0.0014936803	0	6.2831855e-06	0	0.008305136	-0.9998957	-0.0014936803	2.962664e-20	1
0	0.008305136	-0.9998957	-0.0014936803	0	1.2566371e-05	0	0.008305136	-0.9998957	-0.0014936803	2.9629147e-20	1
0	0.008305136	-0.9998957	-0.0014936803	0	2.5132742e-05	0	0.008305136	-0.9998957	-0.0014936803	2.9634165e-20	1
0	0.008305136	-0.9998957	-0.0014936803	0	6.283185e-05	0	0.008305136	-0.9998957	-0.0014936803	2.964922e-20	1
0	0.008305136	-0.9998957	-0.0014936803	0	0.0001256637	0	0.008305136	-0.9998957	-0.0014936803	2.967431e-20	1
0	0.008466449	-0.99989426	-0.0014948081	0	0.0002513274	0	0.008466449	-0.99989426	-0.0014948081	2.9724493e-20	1
0	0.0086594485	-0.9998926	-0.0014960815	0	0.0006283185	0	0.0086594485	-0.9998926	-0.0014960815	2.9875033e-20	1
0	0.008827435	-0.9998911	-0.0014972368	0	0.0010053096	0	0.008827435	-0.9998911	-0.0014972368	3.0025564e-20	1
0	0.008941688	-0.9998901	-0.0014980205	0	0.001256637	0	0.008941688	-0.9998901	-0.0014980205	3.0125928e-20	1
0	0.009275665	-0.999887	-0.0015001951	0	0.0018849556	0	0.009275665	-0.999887	-0.0015001951	3.0376822e-20	1
0	0.009634454	-0.99988353	-0.0015025027	0	0.002513274	0	0.009634454	-0.99988353	-0.0015025027	3.062772e-20	1
0	0.0104330685	-0.9998754	-0.0015074846	0	0.0037699111	0	0.0104330685	-0.9998754	-0.0015074846	3.112951e-20	1
0	0.012480469	-0.9998518	-0.0015195447	0	0.0062831854	0	0.012480469	-0.9998518	-0.0015195447	3.2133075e-20	1
0	0.016629074	-0.9997911	-0.0015420177	0	0.009424778	0	0.016629074	-0.9997911	-0.0015420177	3.3387485e-20	1
0	0.024849303	-0.9996202	-0.0015832433	0	0.012566371	0	0.024849303	-0.9996202	-0.0015832433	3.4641765e-20	1
0	-0.00419428	0.99992263	0.0014563004	0	0.018849555	0	-0.00419428	0.99992263	0.0014563004	2.2097027e-20	1
0	-0.0035963363	0.9999254	0.0014475347	0	0.025132742	0	-0.0035963363	0.9999254	0.0014475347	1.958796e-20	1
0	-0.002802557	0.9999287	0.0014320496	0	0.03769911	0	-0.002802557	0.9999287	0.0014320496	1.456982e-20	1
0	-0.002292661	0.99993086	0.0014180967	0	0.050265484	0	-0.002292661	0.99993086	0.0014180967	9.551667e-21	1
0	-0.0019394537	0.9999324	0.0014050412	0	0.06283186	0	-0.0019394537	0.9999324	0.0014050412	4.533505e-21	1
