# t (s)	mx ()	my ()	mz ()	B_extx (T)	B_exty (T)	B_extz (T)	mx ()	my ()	mz ()	E_total (J)	branch ()
0	0.05900969	0.99819016	0.0011859746	0	0.06283186	0	0.05900969	0.99819016	0.0011859746	4.705742e-21	-1
0	0.070663005	0.99743164	0.0011983546	0	0.050265484	0	0.070663005	0.99743164	0.0011983546	9.713431e-21	-1
0	0.08767871	0.9960784	0.0012112377	0	0.03769911	0	0.08767871	0.9960784	0.0012112377	1.4716005e-20	-1
0	0.11441393	0.9933597	0.0012237133	0	0.025132742	0	0.11441393	0.9933597	0.0012237133	1.9708862e-20	-1
0	0.1341357	0.99088717	0.0012287551	0	0.018849555	0	0.1341357	0.99088717	0.0012287551	2.2198582e-20	-1
0	0.16092184	0.9868878	0.0012312774	0	0.012566371	0	0.16092184	0.9868878	0.0012312774	2.4680376e-20	-1
0	0.17813711	0.9839237	0.0012306266	0	0.009424778	0	0.17813711	0.9839237	0.0012306266	2.5916775e-20	-1
0	0.19890955	0.97993255	0.0012276958	0	0.0062831854	0	0.19890955	0.97993255	0.0012276958	2.7148856e-20	-1
0	0.2188932	0.97566	0.0012227949	0	0.0037699111	0	0.2188932	0.97566	0.0012227949	2.8130367e-20	-1
0	0.23031873	0.97302437	0.0012191127	0	0.002513274	0	0.23031873	0.97302437	0.0012191127	2.8619357e-20	-1
0	0.23643532	0.9715551	0.001216888	0	0.0018849556	0	0.23643532	0.9715551	0.001216888	2.886333e-20	-1
0	0.24285999	0.96996796	0.0012143613	0	0.001256637	0	0.24285999	0.96996796	0.0012143613	2.9106925e-20	-1
0	0.24285999	0.96996796	0.0012143613	0	0.0010053096	0	0.24285999	0.96996796	0.0012143613	2.920428e-20	-1
0	0.24964043	0.96824384	0.0012114851	0	0.0006283185	0	0.24964043	0.96824384	0.0012114851	2.9350097e-20	-1
0	0.2539073	0.9671329	0.0012095652	0	0.0002513274	0	0.2539073	0.9671329	0.0012095652	2.9495784e-20	-1
0	0.2539073	0.9671329	0.0012095652	0	0.0001256637	0	0.2539073	0.9671329	0.0012095652	2.954432e-20	-1
0	0.2539073	0.9671329	0.0012095652	0	6.283185e-05	0	0.2539073	0.9671329	0.0012095652	2.9568586e-20	-1
0	0.2539073	0.9671329	0.0012095652	0	2.5132742e-05	0	0.2539073	0.9671329	0.0012095652	2.958315e-20	-1
0	0.2539073	0.9671329	0.0012095652	0	1.2566371e-05	0	0.2539073	0.9671329	0.0012095652	2.9588002e-20	-1
0	0.2539073	0.9671329	0.0012095652	0	6.2831855e-06	0	0.2539073	0.9671329	0.0012095652	2.9590428e-20	-1
0	0.2539073	0.9671329	0.0012095652	0	2.513274e-06	0	0.2539073	0.9671329	0.0012095652	2.9591886e-20	-1
0	0.2539073	0.9671329	0.0012095652	0	1.256637e-06	0	0.2539073	0.9671329	0.0012095652	2.959237e-20	-1
0	0.2539073	0.9671329	0.0012095652	0	6.283185e-07	0	0.2539073	0.9671329	0.0012095652	2.9592613e-20	-1
0	0.2539073	0.9671329	0.0012095652	0	2.513274e-07	0	0.2539073	0.9671329	0.0012095652	2.9592758e-20	-1
0	0.2539073	0.9671329	0.0012095652	0	1.256637e-07	0	0.2539073	0.9671329	0.0012095652	2.9592806e-20	-1
0	0.2539073	0.9671329	0.0012095652	0	0	0	0.2539073	0.9671329	0.0012095652	2.9592855e-20	-1
0	0.2539073	0.9671329	0.0012095652	0	-1.256637e-07	0	0.2539073	0.9671329	0.0012095652	2.9592903e-20	-1
0	0.2539073	0.9671329	0.0012095652	0	-2.513274e-07	0	0.2539073	0.9671329	0.0012095652	2.9592952e-20	-1
0	0.2539073	0.9671329	0.0012095652	0	-6.283185e-07	0	0.2539073	0.9671329	0.0012095652	2.9593097e-20	-1
0	0.2539073	0.9671329	0.0012095652	0	-1.256637e-06	0	0.2539073	0.9671329	0.0012095652	2.959334e-20	-1
0	0.2539073	0.9671329	0.0012095652	0	-2.513274e-06	0	0.2539073	0.9671329	0.0012095652	2.9593824e-20	-1
0	0.2539073	0.9671329	0.0012095652	0	-6.2831855e-06	0	0.2539073	0.9671329	0.0012095652	2.959528e-20	-1
0	0.2539073	0.9671329	0.0012095652	0	-1.2566371e-05	0	0.2539073	0.9671329	0.0012095652	2.9597708e-20	-1
0	0.2539073	0.9671329	0.0012095652	0	-2.5132742e-05	0	0.2539073	0.9671329	0.0012095652	2.960256e-20	-1
0	0.25756556	0.96616447	0.0012078529	0	-6.283185e-05	0	0.25756556	0.96616447	0.0012078529	2.9617066e-20	-1
0	0.25756556	0.96616447	0.0012078529	0	-0.0001256637	0	0.25756556	0.96616447	0.0012078529	2.964131e-20	-1
0	0.25756556	0.96616447	0.0012078529	0	-0.0002513274	0	0.25756556	0.96616447	0.0012078529	2.9689797e-20	-1
0	0.2644046	0.964314	0.0012044902	0	-0.0006283185	0	0.2644046	0.964314	0.0012044902	2.9835048e-20	-1
0	0.26917386	0.9629928	0.0012020201	0	-0.0010053096	0	0.26917386	0.9629928	0.0012020201	2.998013e-20	-1
0	0.26917386	0.9629928	0.0012020201	0	-0.001256637	0	0.26917386	0.9629928	0.0012020201	3.0076788e-20	-1
0	0.2810587	0.95958906	0.0011954212	0	-0.0018849556	0	0.2810587	0.95958906	0.0011954212	3.031784e-20	-1
0	0.29024243	0.9568496	0.001189897	0	-0.002513274	0	0.29024243	0.9568496	0.001189897	3.0558285e-20	-1
0	0.3108687	0.95034444	0.0011761526	0	-0.0037699111	0	0.3108687	0.95034444	0.0011761526	3.103691e-20	-1
0	0.36711556	0.93005216	0.0011296324	0	-0.0062831854	0	0.36711556	0.93005216	0.0011296324	3.1981717e-20	-1
0	0.89847326	-0.43873978	0.0002044864	0	-0.009424778	0	0.89847326	-0.43873978	0.0002044864	2.6029522e-20	-1
0	0.85849965	-0.5125381	0.00015407451	0	-0.012566371	0	0.85849965	-0.5125381	0.00015407451	2.543392e-20	-1
0	-0.13413602	-0.99088717	-0.0012287566	0	-0.018849555	0	-0.13413602	-0.99088717	-0.0012287566	2.2198586e-20	-1
0	-0.11442522	-0.99335843	-0.0012237171	0	-0.025132742	0	-0.11442522	-0.99335843	-0.0012237171	1.9708864e-20	-1
0	-0.087683216	-0.9960779	-0.0012112359	0	-0.03769911	0	-0.087683216	-0.9960779	-0.0012112359	1.4716002e-20	-1
0	-0.07066691	-0.99743134	-0.0011983562	0	-0.050265484	0	-0.07066691	-0.99743134	-0.0011983562	9.713431e-21	-1
0	-0.059010357	-0.99819005	-0.0011859708	0	-0.06283186	0	-0.059010357	-0.99819005	-0.0011859708	4.705743e-21	-1
0	-0.059010357	-0.99819005	-0.0011859708	0	-0.06283186	0	-0.059010357	-0.99819005	-0.0011859708	4.705743e-21	1
0	-0.07066427	-0.9974315	-0.0011983558	0	-0.050265484	0	-0.07066427	-0.9974315	-0.0011983558	9.713428e-21	1
0	-0.08767903	-0.99607825	-0.0012112317	0	-0.03769911	0	-0.08767903	-0.99607825	-0.0012112317	1.4716e-20	1
0	-0.114414185	-0.9933597	-0.0012237168	0	-0.025132742	0	-0.114414185	-0.9933597	-0.0012237168	1.9708864e-20	1
0	-0.13413355	-0.9908875	-0.0012287594	0	-0.018849555	0	-0.13413355	-0.9908875	-0.0012287594	2.2198582e-20	1
0	-0.16092232	-0.9868877	-0.0012312781	0	-0.012566371	0	-0.16092232	-0.9868877	-0.0012312781	2.4680376e-20	1
0	-0.17813444	-0.98392427	-0.0012306272	0	-0.009424778	0	-0.17813444	-0.98392427	-0.0012306272	2.5916777e-20	1
0	-0.19891278	-0.97993195	-0.0012276949	0	-0.0062831854	0	-0.19891278	-0.97993195	-0.0012276949	2.714886e-20	1
0	-0.21888569	-0.97566175	-0.0012227979	0	-0.0037699111	0	-0.21888569	-0.97566175	-0.0012227979	2.813037e-20	1
0	-0.23029722	-0.97302943	-0.0012191236	0	-0.002513274	0	-0.23029722	-0.97302943	-0.0012191236	2.8619357e-20	1
0	-0.23642406	-0.97155786	-0.0012168961	0	-0.0018849556	0	-0.23642406	-0.97155786	-0.0012168961	2.886333e-20	1
0	-0.24287647	-0.9699639	-0.0012143534	0	-0.001256637	0	-0.24287647	-0.9699639	-0.0012143534	2.9106922e-20	1
0	-0.24287647	-0.9699639	-0.0012143534	0	-0.0010053096	0	-0.24287647	-0.9699639	-0.0012143534	2.9204277e-20	1
0	-0.24966589	-0.9682373	-0.001211472	0	-0.0006283185	0	-0.24966589	-0.9682373	-0.001211472	2.9350094e-20	1
0	-0.25390542	-0.9671335	-0.0012095659	0	-0.0002513274	0	-0.25390542	-0.9671335	-0.0012095659	2.949579e-20	1
0	-0.25535426	-0.96675164	-0.0012088958	0	-0.0001256637	0	-0.25535426	-0.96675164	-0.0012088958	2.9544313e-20	1
0	-0.25535426	-0.96675164	-0.0012088958	0	-6.283185e-05	0	-0.25535426	-0.96675164	-0.0012088958	2.9568573e-20	1
0	-0.25535426	-0.96675164	-0.0012088958	0	-2.5132742e-05	0	-0.25535426	-0.96675164	-0.0012088958	2.9583126e-20	1
0	-0.25535426	-0.96675164	-0.0012088958	0	-1.2566371e-05	0	-0.25535426	-0.96675164	-0.0012088958	2.958798e-20	1
0	-0.25535426	-0.96675164	-0.0012088958	0	-6.2831855e-06	0	-0.25535426	-0.96675164	-0.0012088958	2.9590406e-20	1
0	-0.25535426	-0.96675164	-0.0012088958	0	-2.513274e-06	0	-0.25535426	-0.96675164	-0.0012088958	2.959186e-20	1
0	-0.25535426	-0.96675164	-0.0012088958	0	-1.256637e-06	0	-0.25535426	-0.96675164	-0.0012088958	2.9592344e-20	1
0	-0.25535426	-0.96675164	-0.0012088958	0	-6.283185e-07	0	-0.25535426	-0.96675164	-0.0012088958	2.9592587e-20	1
0	-0.25535426	-0.96675164	-0.0012088958	0	-2.513274e-07	0	-0.25535426	-0.96675164	-0.0012088958	2.9592732e-20	1
0	-0.25535426	-0.96675164	-0.0012088958	0	-1.256637e-07	0	-0.25535426	-0.96675164	-0.0012088958	2.959278e-20	1
0	-0.25535426	-0.96675164	-0.0012088958	0	0	0	-0.25535426	-0.96675164	-0.0012088958	2.959283e-20	1
0	-0.25535426	-0.96675164	-0.0012088958	0	1.256637e-07	0	-0.25535426	-0.96675164	-0.0012088958	2.9592878e-20	1
0	-0.25535426	-0.96675164	-0.0012088958	0	2.513274e-07	0	-0.25535426	-0.96675164	-0.0012088958	2.9592926e-20	1
0	-0.25535426	-0.96675164	-0.0012088958	0	6.283185e-07	0	-0.25535426	-0.96675164	-0.0012088958	2.9593075e-20	1
0	-0.25535426	-0.96675164	-0.0012088958	0	1.256637e-06	0	-0.25535426	-0.96675164	-0.0012088958	2.9593317e-20	1
0	-0.25535426	-0.96675164	-0.0012088958	0	2.513274e-06	0	-0.25535426	-0.96675164	-0.0012088958	2.9593802e-20	1
0	-0.25535426	-0.96675164	-0.0012088958	0	6.2831855e-06	0	-0.25535426	-0.96675164	-0.0012088958	2.9595256e-20	1
0	-0.25535426	-0.96675164	-0.0012088958	0	1.2566371e-05	0	-0.25535426	-0.96675164	-0.0012088958	2.9597682e-20	1
0	-0.25535426	-0.96675164	-0.0012088958	0	2.5132742e-05	0	-0.25535426	-0.96675164	-0.0012088958	2.9602532e-20	1
0	-0.25535426	-0.96675164	-0.0012088958	0	6.283185e-05	0	-0.25535426	-0.96675164	-0.0012088958	2.961709e-20	1
0	-0.25535426	-0.96675164	-0.0012088958	0	0.0001256637	0	-0.25535426	-0.96675164	-0.0012088958	2.964135e-20	1
0	-0.2598048	-0.96556437	-0.0012067754	0	0.0002513274	0	-0.2598048	-0.96556437	-0.0012067754	2.9689777e-20	1
0	-0.26444393	-0.96430326	-0.0012044676	0	0.0006283185	0	-0.26444393	-0.96430326	-0.0012044676	2.983505e-20	1
0	-0.26918977	-0.9629883	-0.001202011	0	0.0010053096	0	-0.26918977	-0.9629883	-0.001202011	2.9980134e-20	1
0	-0.26918977	-0.9629883	-0.001202011	0	0.001256637	0	-0.26918977	-0.9629883	-0.001202011	3.0076788e-20	1
0	-0.28105336	-0.9595907	-0.0011954245	0	0.0018849556	0	-0.28105336	-0.9595907	-0.0011954245	3.031784e-20	1
0	-0.29023933	-0.95685047	-0.0011898982	0	0.002513274	0	-0.29023933	-0.95685047	-0.0011898982	3.0558278e-20	1
0	-0.3109007	-0.9503339	-0.0011761289	0	0.0037699111	0	-0.3109007	-0.9503339	-0.0011761289	3.103691e-20	1
0	-0.36712968	-0.93004656	-0.0011296193	0	0.0062831854	0	-0.36712968	-0.93004656	-0.0011296193	3.198172e-20	1
0	0.9999305	0.001678735	0.00023106243	0	0.009424778	0	0.9999305	0.001678735	0.00023106243	2.779581e-20	1
0	0.1609241	0.98688745	0.0012312757	0	0.012566371	0	0.1609241	0.98688745	0.0012312757	2.4680376e-20	1
0	0.13414738	0.9908856	0.0012287563	0	0.018849555	0	0.13414738	0.9908856	0.0012287563	2.2198581e-20	1
0	0.11442228	0.99335873	0.0012237169	0	0.025132742	0	0.11442228	0.99335873	0.0012237169	1.9708864e-20	1
0	0.087689705	0.99607736	0.0012112374	0	0.03769911	0	0.087689705	0.99607736	0.0012112374	1.4716005e-20	1
0	0.07066701	0.9974313	0.0011983628	0	0.050265484	0	0.07066701	0.9974313	0.0011983628	9.71343e-21	1
0	0.059011072	0.99819005	0.0011859697	0	0.06283186	0	0.059011072	0.99819005	0.0011859697	4.705744e-21	1
