# t (s)	mx ()	my ()	mz ()	B_extx (T)	B_exty (T)	B_extz (T)	mx ()	my ()	mz ()	E_total (J)	branch ()
0	-0.04963114	0.9987016	-0.00014003468	0	0.06283186	0	-0.04963114	0.9987016	-0.00014003468	4.668189e-21	-1
0	-0.05914031	0.9981824	-0.00012991796	0	0.050265484	0	-0.05914031	0.9981824	-0.00012991796	9.678986e-21	-1
0	-0.072987184	0.99726415	-0.0001141692	0	0.03769911	0	-0.072987184	0.99726415	-0.0001141692	1.4686303e-20	-1
0	-0.09471078	0.9954339	-8.789669e-05	0	0.025132742	0	-0.09471078	0.9954339	-8.789669e-05	1.9687059e-20	-1
0	-0.11081928	0.993768	-6.757048e-05	0	0.018849555	0	-0.11081928	0.993768	-6.757048e-05	2.2182924e-20	-1
0	-0.13289866	0.9910544	-3.8889648e-05	0	0.012566371	0	-0.13289866	0.9910544	-3.8889648e-05	2.4673426e-20	-1
0	-0.14723259	0.9890248	-1.9892052e-05	0	0.009424778	0	-0.14723259	0.9890248	-1.9892052e-05	2.5915617e-20	-1
0	-0.16473162	0.986259	3.5948897e-06	0	0.0062831854	0	-0.16473162	0.986259	3.5948897e-06	2.7154827e-20	-1
0	-0.18174607	0.9832635	2.664889e-05	0	0.0037699111	0	-0.18174607	0.9832635	2.664889e-05	2.8143305e-20	-1
0	-0.19153889	0.98140144	3.9978295e-05	0	0.002513274	0	-0.19153889	0.98140144	3.9978295e-05	2.8636298e-20	-1
0	-0.19681972	0.98035514	4.717936e-05	0	0.0018849556	0	-0.19681972	0.98035514	4.717936e-05	2.8882426e-20	-1
0	-0.20242195	0.979213	5.4834672e-05	0	0.001256637	0	-0.20242195	0.979213	5.4834672e-05	2.9128283e-20	-1
0	-0.20471334	0.97873616	5.7941652e-05	0	0.0010053096	0	-0.20471334	0.97873616	5.7941652e-05	2.922654e-20	-1
0	-0.20828149	0.97798246	6.2818704e-05	0	0.0006283185	0	-0.20828149	0.97798246	6.2818704e-05	2.937384e-20	-1
0	-0.21198612	0.9771856	6.7874855e-05	0	0.0002513274	0	-0.21198612	0.9771856	6.7874855e-05	2.952102e-20	-1
0	-0.21324566	0.9769113	6.959369e-05	0	0.0001256637	0	-0.21324566	0.9769113	6.959369e-05	2.9570053e-20	-1
0	-0.21390584	0.9767668	7.049637e-05	0	6.283185e-05	0	-0.21390584	0.9767668	7.049637e-05	2.9594564e-20	-1
0	-0.214259	0.9766894	7.0976166e-05	0	2.5132742e-05	0	-0.214259	0.9766894	7.0976166e-05	2.9609266e-20	-1
0	-0.21439543	0.9766594	7.1162496e-05	0	1.2566371e-05	0	-0.21439543	0.9766594	7.1162496e-05	2.9614168e-20	-1
0	-0.21443747	0.9766501	7.121971e-05	0	6.2831855e-06	0	-0.21443747	0.9766501	7.121971e-05	2.9616623e-20	-1
0	-0.21443747	0.9766501	7.121971e-05	0	2.513274e-06	0	-0.21443747	0.9766501	7.121971e-05	2.9618094e-20	-1
0	-0.21443747	0.9766501	7.121971e-05	0	1.256637e-06	0	-0.21443747	0.9766501	7.121971e-05	2.9618585e-20	-1
0	-0.21443747	0.9766501	7.121971e-05	0	6.283185e-07	0	-0.21443747	0.9766501	7.121971e-05	2.961883e-20	-1
0	-0.21443747	0.9766501	7.121971e-05	0	2.513274e-07	0	-0.21443747	0.9766501	7.121971e-05	2.9618976e-20	-1
0	-0.21443747	0.9766501	7.121971e-05	0	1.256637e-07	0	-0.21443747	0.9766501	7.121971e-05	2.9619024e-20	-1
0	-0.21443747	0.9766501	7.121971e-05	0	0	0	-0.21443747	0.9766501	7.121971e-05	2.9619076e-20	-1
0	-0.21443747	0.9766501	7.121971e-05	0	-1.256637e-07	0	-0.21443747	0.9766501	7.121971e-05	2.9619124e-20	-1
0	-0.21443747	0.9766501	7.121971e-05	0	-2.513274e-07	0	-0.21443747	0.9766501	7.121971e-05	2.9619173e-20	-1
0	-0.21443747	0.9766501	7.121971e-05	0	-6.283185e-07	0	-0.21443747	0.9766501	7.121971e-05	2.9619318e-20	-1
0	-0.21443747	0.9766501	7.121971e-05	0	-1.256637e-06	0	-0.21443747	0.9766501	7.121971e-05	2.9619564e-20	-1
0	-0.21443747	0.9766501	7.121971e-05	0	-2.513274e-06	0	-0.21443747	0.9766501	7.121971e-05	2.9620055e-20	-1
0	-0.21443747	0.9766501	7.121971e-05	0	-6.2831855e-06	0	-0.21443747	0.9766501	7.121971e-05	2.9621525e-20	-1
0	-0.21443747	0.9766501	7.121971e-05	0	-1.2566371e-05	0	-0.21443747	0.9766501	7.121971e-05	2.9623978e-20	-1
0	-0.21443747	0.9766501	7.121971e-05	0	-2.5132742e-05	0	-0.21443747	0.9766501	7.121971e-05	2.9628876e-20	-1
0	-0.21443747	0.9766501	7.121971e-05	0	-6.283185e-05	0	-0.21443747	0.9766501	7.121971e-05	2.964358e-20	-1
0	-0.21443747	0.9766501	7.121971e-05	0	-0.0001256637	0	-0.21443747	0.9766501	7.121971e-05	2.966809e-20	-1
0	-0.21443747	0.9766501	7.121971e-05	0	-0.0002513274	0	-0.21443747	0.9766501	7.121971e-05	2.97171e-20	-1
0	-0.22113308	0.9751549	8.0350015e-05	0	-0.0006283185	0	-0.22113308	0.9751549	8.0350015e-05	2.986395e-20	-1
0	-0.22531122	0.97419727	8.604217e-05	0	-0.0010053096	0	-0.22531122	0.97419727	8.604217e-05	3.001069e-20	-1
0	-0.22818607	0.97352743	8.995716e-05	0	-0.001256637	0	-0.22818607	0.97352743	8.995716e-05	3.0108434e-20	-1
0	-0.2357398	0.9717246	0.00010022594	0	-0.0018849556	0	-0.2357398	0.9717246	0.00010022594	3.03525e-20	-1
0	-0.24379145	0.96973455	0.00011113817	0	-0.002513274	0	-0.24379145	0.96973455	0.00011113817	3.0596086e-20	-1
0	-0.26193163	0.96498954	0.0001355676	0	-0.0037699111	0	-0.26193163	0.96498954	0.0001355676	3.10816e-20	-1
0	-0.31103578	0.95029	0.00019990158	0	-0.0062831854	0	-0.31103578	0.95029	0.00019990158	3.2043584e-20	-1
0	0.99877274	-0.048108667	0.0007080838	0	-0.009424778	0	0.99877274	-0.048108667	0.0007080838	2.764644e-20	-1
0	0.96669376	-0.25557005	0.0004085775	0	-0.012566371	0	0.96669376	-0.25557005	0.0004085775	2.7493555e-20	-1
0	0.11082197	-0.9937677	6.7573026e-05	0	-0.018849555	0	0.11082197	-0.9937677	6.7573026e-05	2.2182923e-20	-1
0	0.09471832	-0.9954332	8.7930945e-05	0	-0.025132742	0	0.09471832	-0.9954332	8.7930945e-05	1.968706e-20	-1
0	0.07299198	-0.9972638	0.000114162074	0	-0.03769911	0	0.07299198	-0.9972638	0.000114162074	1.4686303e-20	-1
0	0.059151024	-0.9981818	0.00012990356	0	-0.050265484	0	0.059151024	-0.9981818	0.00012990356	9.6789866e-21	-1
0	0.0496316	-0.9987016	0.00014004018	0	-0.06283186	0	0.0496316	-0.9987016	0.00014004018	4.66819e-21	-1
0	0.04963126	-0.9987016	0.00014003407	0	-0.06283186	0	0.04963126	-0.9987016	0.00014003407	4.6681885e-21	1
0	0.059150297	-0.9981819	0.00012990441	0	-0.050265484	0	0.059150297	-0.9981819	0.00012990441	9.678989e-21	1
0	0.07298346	-0.9972645	0.0001141596	0	-0.03769911	0	0.07298346	-0.9972645	0.0001141596	1.4686301e-20	1
0	0.0947147	-0.99543357	8.7892266e-05	0	-0.025132742	0	0.0947147	-0.99543357	8.7892266e-05	1.9687062e-20	1
0	0.11081831	-0.99376804	6.7573106e-05	0	-0.018849555	0	0.11081831	-0.99376804	6.7573106e-05	2.2182921e-20	1
0	0.1329015	-0.99105406	3.888636e-05	0	-0.012566371	0	0.1329015	-0.99105406	3.888636e-05	2.4673424e-20	1
0	0.14724138	-0.98902357	1.9879288e-05	0	-0.009424778	0	0.14724138	-0.98902357	1.9879288e-05	2.5915612e-20	1
0	0.16472855	-0.98625946	-3.591208e-06	0	-0.0062831854	0	0.16472855	-0.98625946	-3.591208e-06	2.715483e-20	1
0	0.18175314	-0.9832622	-2.6656668e-05	0	-0.0037699111	0	0.18175314	-0.9832622	-2.6656668e-05	2.8143302e-20	1
0	0.19154102	-0.981401	-3.9983966e-05	0	-0.002513274	0	0.19154102	-0.981401	-3.9983966e-05	2.8636298e-20	1
0	0.19682913	-0.98035336	-4.7191144e-05	0	-0.0018849556	0	0.19682913	-0.98035336	-4.7191144e-05	2.8882423e-20	1
0	0.20239848	-0.9792178	-5.478994e-05	0	-0.001256637	0	0.20239848	-0.9792178	-5.478994e-05	2.9128283e-20	1
0	0.20471428	-0.9787359	-5.795045e-05	0	-0.0010053096	0	0.20471428	-0.9787359	-5.795045e-05	2.922654e-20	1
0	0.20827422	-0.9779841	-6.2809304e-05	0	-0.0006283185	0	0.20827422	-0.9779841	-6.2809304e-05	2.9373843e-20	1
0	0.21198334	-0.9771862	-6.786843e-05	0	-0.0002513274	0	0.21198334	-0.9771862	-6.786843e-05	2.9521023e-20	1
0	0.21198334	-0.9771862	-6.786843e-05	0	-0.0001256637	0	0.21198334	-0.9771862	-6.786843e-05	2.9570062e-20	1
0	0.21198334	-0.9771862	-6.786843e-05	0	-6.283185e-05	0	0.21198334	-0.9771862	-6.786843e-05	2.959458e-20	1
0	0.2142616	-0.9766888	-7.0979004e-05	0	-2.5132742e-05	0	0.2142616	-0.9766888	-7.0979004e-05	2.9609266e-20	1
0	0.21439101	-0.9766604	-7.115004e-05	0	-1.2566371e-05	0	0.21439101	-0.9766604	-7.115004e-05	2.9614168e-20	1
0	0.21439101	-0.9766604	-7.115004e-05	0	-6.2831855e-06	0	0.21439101	-0.9766604	-7.115004e-05	2.961662e-20	1
0	0.21439101	-0.9766604	-7.115004e-05	0	-2.513274e-06	0	0.21439101	-0.9766604	-7.115004e-05	2.961809e-20	1
0	0.21439101	-0.9766604	-7.115004e-05	0	-1.256637e-06	0	0.21439101	-0.9766604	-7.115004e-05	2.9618578e-20	1
0	0.21439101	-0.9766604	-7.115004e-05	0	-6.283185e-07	0	0.21439101	-0.9766604	-7.115004e-05	2.9618824e-20	1
0	0.21439101	-0.9766604	-7.115004e-05	0	-2.513274e-07	0	0.21439101	-0.9766604	-7.115004e-05	2.9618973e-20	1
0	0.21439101	-0.9766604	-7.115004e-05	0	-1.256637e-07	0	0.21439101	-0.9766604	-7.115004e-05	2.961902e-20	1
0	0.21439101	-0.9766604	-7.115004e-05	0	0	0	0.21439101	-0.9766604	-7.115004e-05	2.961907e-20	1
0	0.21439101	-0.9766604	-7.115004e-05	0	1.256637e-07	0	0.21439101	-0.9766604	-7.115004e-05	2.9619118e-20	1
0	0.21439101	-0.9766604	-7.115004e-05	0	2.513274e-07	0	0.21439101	-0.9766604	-7.115004e-05	2.9619166e-20	1
0	0.21439101	-0.9766604	-7.115004e-05	0	6.283185e-07	0	0.21439101	-0.9766604	-7.115004e-05	2.9619315e-20	1
0	0.21439101	-0.9766604	-7.115004e-05	0	1.256637e-06	0	0.21439101	-0.9766604	-7.115004e-05	2.961956e-20	1
0	0.21439101	-0.9766604	-7.115004e-05	0	2.513274e-06	0	0.21439101	-0.9766604	-7.115004e-05	2.962005e-20	1
0	0.21439101	-0.9766604	-7.115004e-05	0	6.2831855e-06	0	0.21439101	-0.9766604	-7.115004e-05	2.962152e-20	1
0	0.21439101	-0.9766604	-7.115004e-05	0	1.2566371e-05	0	0.21439101	-0.9766604	-7.115004e-05	2.962397e-20	1
0	0.21439101	-0.9766604	-7.115004e-05	0	2.5132742e-05	0	0.21439101	-0.9766604	-7.115004e-05	2.9628873e-20	1
0	0.21439101	-0.9766604	-7.115004e-05	0	6.283185e-05	0	0.21439101	-0.9766604	-7.115004e-05	2.9643578e-20	1
0	0.2158152	-0.97634643	-7.309872e-05	0	0.0001256637	0	0.2158152	-0.97634643	-7.309872e-05	2.9668077e-20	1
0	0.21714583	-0.97605115	-7.491384e-05	0	0.0002513274	0	0.21714583	-0.97605115	-7.491384e-05	2.9717068e-20	1
0	0.2211315	-0.97515523	-8.0348465e-05	0	0.0006283185	0	0.2211315	-0.97515523	-8.0348465e-05	2.986395e-20	1
0	0.22529334	-0.97420144	-8.6018495e-05	0	0.0010053096	0	0.22529334	-0.97420144	-8.6018495e-05	3.0010694e-20	1
0	0.22818601	-0.9735275	-8.9956346e-05	0	0.001256637	0	0.22818601	-0.9735275	-8.9956346e-05	3.0108437e-20	1
0	0.2357316	-0.9717267	-0.0001002151	0	0.0018849556	0	0.2357316	-0.9717267	-0.0001002151	3.03525e-20	1
0	0.24378416	-0.9697364	-0.00011113052	0	0.002513274	0	0.24378416	-0.9697364	-0.00011113052	3.0596086e-20	1
0	0.261903	-0.9649973	-0.00013553308	0	0.0037699111	0	0.261903	-0.9649973	-0.00013553308	3.1081602e-20	1
0	0.31094533	-0.95031965	-0.00019978601	0	0.0062831854	0	0.31094533	-0.95031965	-0.00019978601	3.2043584e-20	1
0	-0.9987732	0.048099604	-0.000708094	0	0.009424778	0	-0.9987732	0.048099604	-0.000708094	2.764644e-20	1
0	-0.9666616	0.2556917	-0.00040836522	0	0.012566371	0	-0.9666616	0.2556917	-0.00040836522	2.749355e-20	1
0	-0.110835984	0.99376607	-6.754826e-05	0	0.018849555	0	-0.110835984	0.99376607	-6.754826e-05	2.2182923e-20	1
0	-0.09471963	0.9954331	-8.788523e-05	0	0.025132742	0	-0.09471963	0.9954331	-8.788523e-05	1.9687059e-20	1
0	-0.072992384	0.9972638	-0.00011419176	0	0.03769911	0	-0.072992384	0.9972638	-0.00011419176	1.4686301e-20	1
0	-0.059161775	0.9981812	-0.00012989104	0	0.050265484	0	-0.059161775	0.9981812	-0.00012989104	9.678985e-21	1
0	-0.049632937	0.9987015	-0.0001400324	0	0.06283186	0	-0.049632937	0.9987015	-0.0001400324	4.668187e-21	1
