# t (s)	mx ()	my ()	mz ()	B_extx (T)	B_exty (T)	B_extz (T)	mx ()	my ()	mz ()	E_total (J)	branch ()
0	-0.027722774	0.9995505	-6.548567e-05	0	0.06283186	0	-0.027722774	0.9995505	-6.548567e-05	4.5881814e-21	-1
0	-0.032800525	0.9993959	-6.597895e-05	0	0.050265484	0	-0.032800525	0.9993959	-6.597895e-05	9.60408e-21	-1
0	-0.040124483	0.9991276	-6.645285e-05	0	0.03769911	0	-0.040124483	0.9991276	-6.645285e-05	1.4618947e-20	-1
0	-0.051575236	0.99860096	-6.6872795e-05	0	0.025132742	0	-0.051575236	0.99860096	-6.6872795e-05	1.963191e-20	-1
0	-0.060108274	0.99812293	-6.7035435e-05	0	0.018849555	0	-0.060108274	0.99812293	-6.7035435e-05	2.2137103e-20	-1
0	-0.07191673	0.9973406	-6.7128625e-05	0	0.012566371	0	-0.07191673	0.9973406	-6.7128625e-05	2.4640746e-20	-1
0	-0.079701155	0.9967481	-6.71188e-05	0	0.009424778	0	-0.079701155	0.9967481	-6.71188e-05	2.5891684e-20	-1
0	-0.089316815	0.9959317	-6.708011e-05	0	0.0062831854	0	-0.089316815	0.9959317	-6.708011e-05	2.7141748e-20	-1
0	-0.09880539	0.9950343	-6.6987355e-05	0	0.0037699111	0	-0.09880539	0.9950343	-6.6987355e-05	2.8140933e-20	-1
0	-0.10432775	0.99447	-6.691266e-05	0	0.002513274	0	-0.10432775	0.99447	-6.691266e-05	2.8640156e-20	-1
0	-0.107363924	0.99414647	-6.6866705e-05	0	0.0018849556	0	-0.107363924	0.99414647	-6.6866705e-05	2.8889648e-20	-1
0	-0.11052964	0.9937991	-6.6814755e-05	0	0.001256637	0	-0.11052964	0.9937991	-6.6814755e-05	2.9139066e-20	-1
0	-0.11052964	0.9937991	-6.6814755e-05	0	0.0010053096	0	-0.11052964	0.9937991	-6.6814755e-05	2.9238812e-20	-1
0	-0.11388846	0.9934195	-6.6757915e-05	0	0.0006283185	0	-0.11388846	0.9934195	-6.6757915e-05	2.9388386e-20	-1
0	-0.115994215	0.9931756	-6.67194e-05	0	0.0002513274	0	-0.115994215	0.9931756	-6.67194e-05	2.9537935e-20	-1
0	-0.11671825	0.99309075	-6.670607e-05	0	0.0001256637	0	-0.11671825	0.99309075	-6.670607e-05	2.9587772e-20	-1
0	-0.117099345	0.9930458	-6.66986e-05	0	6.283185e-05	0	-0.117099345	0.9930458	-6.66986e-05	2.9612694e-20	-1
0	-0.117099345	0.9930458	-6.66986e-05	0	2.5132742e-05	0	-0.117099345	0.9930458	-6.66986e-05	2.9627645e-20	-1
0	-0.117099345	0.9930458	-6.66986e-05	0	1.2566371e-05	0	-0.117099345	0.9930458	-6.66986e-05	2.9632627e-20	-1
0	-0.117099345	0.9930458	-6.66986e-05	0	6.2831855e-06	0	-0.117099345	0.9930458	-6.66986e-05	2.963512e-20	-1
0	-0.117099345	0.9930458	-6.66986e-05	0	2.513274e-06	0	-0.117099345	0.9930458	-6.66986e-05	2.9636615e-20	-1
0	-0.117099345	0.9930458	-6.66986e-05	0	1.256637e-06	0	-0.117099345	0.9930458	-6.66986e-05	2.9637112e-20	-1
0	-0.117099345	0.9930458	-6.66986e-05	0	6.283185e-07	0	-0.117099345	0.9930458	-6.66986e-05	2.963736e-20	-1
0	-0.117099345	0.9930458	-6.66986e-05	0	2.513274e-07	0	-0.117099345	0.9930458	-6.66986e-05	2.9637513e-20	-1
0	-0.117099345	0.9930458	-6.66986e-05	0	1.256637e-07	0	-0.117099345	0.9930458	-6.66986e-05	2.963756e-20	-1
0	-0.117099345	0.9930458	-6.66986e-05	0	0	0	-0.117099345	0.9930458	-6.66986e-05	2.963761e-20	-1
0	-0.117099345	0.9930458	-6.66986e-05	0	-1.256637e-07	0	-0.117099345	0.9930458	-6.66986e-05	2.9637662e-20	-1
0	-0.117099345	0.9930458	-6.66986e-05	0	-2.513274e-07	0	-0.117099345	0.9930458	-6.66986e-05	2.963771e-20	-1
0	-0.117099345	0.9930458	-6.66986e-05	0	-6.283185e-07	0	-0.117099345	0.9930458	-6.66986e-05	2.9637862e-20	-1
0	-0.117099345	0.9930458	-6.66986e-05	0	-1.256637e-06	0	-0.117099345	0.9930458	-6.66986e-05	2.963811e-20	-1
0	-0.117099345	0.9930458	-6.66986e-05	0	-2.513274e-06	0	-0.117099345	0.9930458	-6.66986e-05	2.9638608e-20	-1
0	-0.117099345	0.9930458	-6.66986e-05	0	-6.2831855e-06	0	-0.117099345	0.9930458	-6.66986e-05	2.9640104e-20	-1
0	-0.117099345	0.9930458	-6.66986e-05	0	-1.2566371e-05	0	-0.117099345	0.9930458	-6.66986e-05	2.9642596e-20	-1
0	-0.117099345	0.9930458	-6.66986e-05	0	-2.5132742e-05	0	-0.117099345	0.9930458	-6.66986e-05	2.9647578e-20	-1
0	-0.117099345	0.9930458	-6.66986e-05	0	-6.283185e-05	0	-0.117099345	0.9930458	-6.66986e-05	2.966253e-20	-1
0	-0.117099345	0.9930458	-6.66986e-05	0	-0.0001256637	0	-0.117099345	0.9930458	-6.66986e-05	2.9687448e-20	-1
0	-0.11895418	0.99282515	-6.6662746e-05	0	-0.0002513274	0	-0.11895418	0.99282515	-6.6662746e-05	2.973727e-20	-1
0	-0.12127568	0.99254405	-6.66159e-05	0	-0.0006283185	0	-0.12127568	0.99254405	-6.66159e-05	2.988672e-20	-1
0	-0.123688355	0.99224603	-6.6565706e-05	0	-0.0010053096	0	-0.123688355	0.99224603	-6.6565706e-05	3.0036133e-20	-1
0	-0.1253572	0.99203634	-6.6530985e-05	0	-0.001256637	0	-0.1253572	0.99203634	-6.6530985e-05	3.0135715e-20	-1
0	-0.12969747	0.99147785	-6.643227e-05	0	-0.0018849556	0	-0.12969747	0.99147785	-6.643227e-05	3.0384573e-20	-1
0	-0.13436699	0.9908553	-6.632169e-05	0	-0.002513274	0	-0.13436699	0.9908553	-6.632169e-05	3.063328e-20	-1
0	-0.14482883	0.98937905	-6.604951e-05	0	-0.0037699111	0	-0.14482883	0.98937905	-6.604951e-05	3.1130183e-20	-1
0	-0.172184	0.9849833	-6.519808e-05	0	-0.0062831854	0	-0.172184	0.9849833	-6.519808e-05	3.2121216e-20	-1
0	-0.23341328	0.9722857	-6.26519e-05	0	-0.009424778	0	-0.23341328	0.9722857	-6.26519e-05	3.3350562e-20	-1
0	-0.90158707	-0.4323051	-7.210586e-06	0	-0.012566371	0	-0.90158707	-0.4323051	-7.210586e-06	2.6037562e-20	-1
0	1.7904538e-06	0.0018686842	3.1292439e-07	0	-0.018849555	0	1.7904538e-06	0.0018686842	3.1292439e-07	2.2196227e-18	-1
0	2.3103482e-06	0.002491595	4.3958426e-07	0	-0.025132742	0	2.3103482e-06	0.002491595	4.3958426e-07	2.2196283e-18	-1
0	3.349955e-06	0.003737412	6.4074993e-07	0	-0.03769911	0	3.349955e-06	0.003737412	6.4074993e-07	2.219644e-18	-1
0	4.389449e-06	0.0049832207	8.493662e-07	0	-0.050265484	0	4.389449e-06	0.0049832207	8.493662e-07	2.219666e-18	-1
0	5.428813e-06	0.0062290193	1.0728836e-06	0	-0.06283186	0	5.428813e-06	0.0062290193	1.0728836e-06	2.2196939e-18	-1
0	5.428813e-06	0.0062290193	1.0728836e-06	0	-0.06283186	0	5.428813e-06	0.0062290193	1.0728836e-06	2.2196939e-18	1
0	4.389466e-06	0.004983221	8.5681677e-07	0	-0.050265484	0	4.389466e-06	0.004983221	8.5681677e-07	2.219666e-18	1
0	3.3500041e-06	0.0037374124	6.482005e-07	0	-0.03769911	0	3.3500041e-06	0.0037374124	6.482005e-07	2.219644e-18	1
0	2.3102339e-06	0.0024915938	4.246831e-07	0	-0.025132742	0	2.3102339e-06	0.0024915938	4.246831e-07	2.2196283e-18	1
0	1.79052e-06	0.0018686841	3.2782555e-07	0	-0.018849555	0	1.79052e-06	0.0018686841	3.2782555e-07	2.2196227e-18	1
0	1.2706633e-06	0.0012457725	2.0116568e-07	0	-0.012566371	0	1.2706633e-06	0.0012457725	2.0116568e-07	2.219619e-18	1
0	1.0107332e-06	0.00093431596	1.5646219e-07	0	-0.009424778	0	1.0107332e-06	0.00093431596	1.5646219e-07	2.2196178e-18	1
0	7.507831e-07	0.00062286004	1.0430813e-07	0	-0.0062831854	0	7.507831e-07	0.00062286004	1.0430813e-07	2.2196165e-18	1
0	5.428228e-07	0.00037369487	5.2154064e-08	0	-0.0037699111	0	5.428228e-07	0.00037369487	5.2154064e-08	2.2196161e-18	1
0	4.3568707e-07	0.00024912728	2.2351742e-08	0	-0.002513274	0	4.3568707e-07	0.00024912728	2.2351742e-08	2.2196161e-18	1
0	3.8685857e-07	0.00018682136	1.4901161e-08	0	-0.0018849556	0	3.8685857e-07	0.00018682136	1.4901161e-08	2.219616e-18	1
0	3.3493006e-07	0.0001245299	0	0	-0.001256637	0	3.3493006e-07	0.0001245299	0	2.219616e-18	1
0	3.1405852e-07	9.9613506e-05	0	0	-0.0010053096	0	3.1405852e-07	9.9613506e-05	0	2.2196157e-18	1
0	2.828633e-07	6.223874e-05	0	0	-0.0006283185	0	2.828633e-07	6.223874e-05	0	2.2196157e-18	1
0	2.5169084e-07	2.4863733e-05	0	0	-0.0002513274	0	2.5169084e-07	2.4863733e-05	0	2.2196157e-18	1
0	2.4105248e-07	1.2400022e-05	0	0	-0.0001256637	0	2.4105248e-07	1.2400022e-05	0	2.2196157e-18	1
0	2.3570146e-07	6.1753435e-06	0	0	-6.283185e-05	0	2.3570146e-07	6.1753435e-06	0	2.2196157e-18	1
0	2.3293387e-07	2.439061e-06	0	0	-2.5132742e-05	0	2.3293387e-07	2.439061e-06	0	2.2196157e-18	1
0	2.3190341e-07	1.1940738e-06	0	0	-1.2566371e-05	0	2.3190341e-07	1.1940738e-06	0	2.2196157e-18	1
0	2.3142638e-07	5.702186e-07	0	0	-6.2831855e-06	0	2.3142638e-07	5.702186e-07	0	2.2196157e-18	1
0	2.3110988e-07	1.9642903e-07	0	0	-2.513274e-06	0	2.3110988e-07	1.9642903e-07	0	2.2196157e-18	1
0	2.3100165e-07	7.180461e-08	0	0	-1.256637e-06	0	2.3100165e-07	7.180461e-08	0	2.2196157e-18	1
0	2.3095481e-07	9.471478e-09	0	0	-6.283185e-07	0	2.3095481e-07	9.471478e-09	0	2.2196157e-18	1
0	2.309198e-07	-2.7886927e-08	0	0	-2.513274e-07	0	2.309198e-07	-2.7886927e-08	0	2.2196157e-18	1
0	2.3090979e-07	-4.033791e-08	0	0	-1.256637e-07	0	2.3090979e-07	-4.033791e-08	0	2.2196157e-18	1
0	2.3089615e-07	-5.2781616e-08	0	0	0	0	2.3089615e-07	-5.2781616e-08	0	2.2196157e-18	1
0	2.3088114e-07	-6.522896e-08	0	0	1.256637e-07	0	2.3088114e-07	-6.522896e-08	0	2.2196157e-18	1
0	2.3087387e-07	-7.768358e-08	0	0	2.513274e-07	0	2.3087387e-07	-7.768358e-08	0	2.2196157e-18	1
0	2.3084613e-07	-1.151202e-07	0	0	6.283185e-07	0	2.3084613e-07	-1.151202e-07	0	2.2196157e-18	1
0	2.3079065e-07	-1.7737148e-07	0	0	1.256637e-06	0	2.3079065e-07	-1.7737148e-07	0	2.2196157e-18	1
0	2.3068924e-07	-3.0193223e-07	0	0	2.513274e-06	0	2.3068924e-07	-3.0193223e-07	0	2.2196157e-18	1
0	2.3038228e-07	-6.7570727e-07	0	0	6.2831855e-06	0	2.3038228e-07	-6.7570727e-07	0	2.2196157e-18	1
0	2.2986069e-07	-1.2984601e-06	0	0	1.2566371e-05	0	2.2986069e-07	-1.2984601e-06	0	2.2196157e-18	1
0	2.2882477e-07	-2.544457e-06	0	0	2.5132742e-05	0	2.2882477e-07	-2.544457e-06	0	2.2196157e-18	1
0	2.2666245e-07	-6.2887393e-06	0	0	6.283185e-05	0	2.2666245e-07	-6.2887393e-06	0	2.2196157e-18	1
0	2.2045106e-07	-1.2508723e-05	0	0	0.0001256637	0	2.2045106e-07	-1.2508723e-05	0	2.2196157e-18	1
0	2.1018786e-07	-2.4971994e-05	0	0	0.0002513274	0	2.1018786e-07	-2.4971994e-05	0	2.2196157e-18	1
0	1.8040646e-07	-6.236072e-05	0	0	0.0006283185	0	1.8040646e-07	-6.236072e-05	0	2.2196157e-18	1
0	1.4773286e-07	-9.971877e-05	0	0	0.0010053096	0	1.4773286e-07	-9.971877e-05	0	2.219616e-18	1
0	1.2692408e-07	-0.0001246352	0	0	0.001256637	0	1.2692408e-07	-0.0001246352	0	2.219616e-18	1
0	7.4876425e-08	-0.00018692575	-1.4901161e-08	0	0.0018849556	0	7.4876425e-08	-0.00018692575	-1.4901161e-08	2.219616e-18	1
0	2.296747e-08	-0.00024921814	-1.4901161e-08	0	0.002513274	0	2.296747e-08	-0.00024921814	-1.4901161e-08	2.2196161e-18	1
0	-8.101142e-08	-0.0003737991	-5.9604645e-08	0	0.0037699111	0	-8.101142e-08	-0.0003737991	-5.9604645e-08	2.2196161e-18	1
0	-2.890015e-07	-0.0006229655	-8.940697e-08	0	0.0062831854	0	-2.890015e-07	-0.0006229655	-8.940697e-08	2.2196165e-18	1
0	-5.304955e-07	-0.00093440234	-1.3411045e-07	0	0.009424778	0	-5.304955e-07	-0.00093440234	-1.3411045e-07	2.2196178e-18	1
0	-8.088173e-07	-0.0012458793	-2.0861626e-07	0	0.012566371	0	-8.088173e-07	-0.0012458793	-2.0861626e-07	2.2196188e-18	1
0	-1.3284025e-06	-0.0018687835	-2.9802322e-07	0	0.018849555	0	-1.3284025e-06	-0.0018687835	-2.9802322e-07	2.2196227e-18	1
0	-1.8406463e-06	-0.0024917088	-4.172325e-07	0	0.025132742	0	-1.8406463e-06	-0.0024917088	-4.172325e-07	2.2196283e-18	1
0	-2.8876311e-06	-0.003737804	-6.109476e-07	0	0.03769911	0	-2.8876311e-06	-0.003737804	-6.109476e-07	2.2196438e-18	1
0	-3.9282204e-06	-0.0049833274	-8.34465e-07	0	0.050265484	0	-3.9282204e-06	-0.0049833274	-8.34465e-07	2.219666e-18	1
0	-4.9678492e-06	-0.006229125	-9.983778e-07	0	0.06283186	0	-4.9678492e-06	-0.006229125	-9.983778e-07	2.219694e-18	1
