# t (s)	mx ()	my ()	mz ()	B_extx (T)	B_exty (T)	B_extz (T)	mx ()	my ()	mz ()	E_total (J)	branch ()
0	0.9971472	0.074605	0.0005467712	0.06283186	0	0	0.9971472	0.074605	0.0005467712	2.4093818e-21	-1
0	0.99631715	0.08495836	0.0005543822	0.050265484	0	0	0.99631715	0.08495836	0.0005543822	7.411622e-21	-1
0	0.9950657	0.09852264	0.0005625625	0.03769911	0	0	0.9950657	0.09852264	0.0005625625	1.24087375e-20	-1
0	0.99305975	0.11700624	0.0005711772	0.025132742	0	0	0.99305975	0.11700624	0.0005711772	1.7397864e-20	-1
0	0.9915743	0.12897891	0.00057548436	0.018849555	0	0	0.9915743	0.12897891	0.00057548436	1.9887928e-20	-1
0	0.9895692	0.14354186	0.00057956425	0.012566371	0	0	0.9895692	0.14354186	0.00057956425	2.2373647e-20	-1
0	0.9882937	0.15206839	0.00058141444	0.009424778	0	0	0.9882937	0.15206839	0.00058141444	2.361441e-20	-1
0	0.9867729	0.16163498	0.0005830474	0.0062831854	0	0	0.9867729	0.16163498	0.0005830474	2.4853423e-20	-1
0	0.98533845	0.1701541	0.00058412954	0.0037699111	0	0	0.98533845	0.1701541	0.00058412954	2.5843147e-20	-1
0	0.9845331	0.17475067	0.0005845713	0.002513274	0	0	0.9845331	0.17475067	0.0005845713	2.6337439e-20	-1
0	0.98410594	0.17713788	0.0005847631	0.0018849556	0	0	0.98410594	0.17713788	0.0005847631	2.658443e-20	-1
0	0.98366046	0.17959319	0.000584933	0.001256637	0	0	0.98366046	0.17959319	0.000584933	2.683131e-20	-1
0	0.98366046	0.17959319	0.000584933	0.0010053096	0	0	0.98366046	0.17959319	0.000584933	2.693004e-20	-1
0	0.9831967	0.18211326	0.0005850797	0.0006283185	0	0	0.9831967	0.18211326	0.0005850797	2.7078077e-20	-1
0	0.9829117	0.18364385	0.0005851564	0.0002513274	0	0	0.9829117	0.18364385	0.0005851564	2.722608e-20	-1
0	0.9829117	0.18364385	0.0005851564	0.0001256637	0	0	0.9829117	0.18364385	0.0005851564	2.7275408e-20	-1
0	0.9829117	0.18364385	0.0005851564	6.283185e-05	0	0	0.9829117	0.18364385	0.0005851564	2.7300072e-20	-1
0	0.9829117	0.18364385	0.0005851564	2.5132742e-05	0	0	0.9829117	0.18364385	0.0005851564	2.731487e-20	-1
0	0.9829117	0.18364385	0.0005851564	1.2566371e-05	0	0	0.9829117	0.18364385	0.0005851564	2.73198e-20	-1
0	0.9829117	0.18364385	0.0005851564	6.2831855e-06	0	0	0.9829117	0.18364385	0.0005851564	2.732227e-20	-1
0	0.9829117	0.18364385	0.0005851564	2.513274e-06	0	0	0.9829117	0.18364385	0.0005851564	2.732375e-20	-1
0	0.9829117	0.18364385	0.0005851564	1.256637e-06	0	0	0.9829117	0.18364385	0.0005851564	2.732424e-20	-1
0	0.9829117	0.18364385	0.0005851564	6.283185e-07	0	0	0.9829117	0.18364385	0.0005851564	2.732449e-20	-1
0	0.9829117	0.18364385	0.0005851564	2.513274e-07	0	0	0.9829117	0.18364385	0.0005851564	2.7324635e-20	-1
0	0.9829117	0.18364385	0.0005851564	1.256637e-07	0	0	0.9829117	0.18364385	0.0005851564	2.7324687e-20	-1
0	0.9829117	0.18364385	0.0005851564	0	0	0	0.9829117	0.18364385	0.0005851564	2.7324735e-20	-1
0	0.9829117	0.18364385	0.0005851564	-1.256637e-07	0	0	0.9829117	0.18364385	0.0005851564	2.7324784e-20	-1
0	0.9829117	0.18364385	0.0005851564	-2.513274e-07	0	0	0.9829117	0.18364385	0.0005851564	2.7324832e-20	-1
0	0.9829117	0.18364385	0.0005851564	-6.283185e-07	0	0	0.9829117	0.18364385	0.0005851564	2.732498e-20	-1
0	0.9829117	0.18364385	0.0005851564	-1.256637e-06	0	0	0.9829117	0.18364385	0.0005851564	2.732523e-20	-1
0	0.9829117	0.18364385	0.0005851564	-2.513274e-06	0	0	0.9829117	0.18364385	0.0005851564	2.732572e-20	-1
0	0.9829117	0.18364385	0.0005851564	-6.2831855e-06	0	0	0.9829117	0.18364385	0.0005851564	2.73272e-20	-1
0	0.9829117	0.18364385	0.0005851564	-1.2566371e-05	0	0	0.9829117	0.18364385	0.0005851564	2.7329666e-20	-1
0	0.9829117	0.18364385	0.0005851564	-2.5132742e-05	0	0	0.9829117	0.18364385	0.0005851564	2.73346e-20	-1
0	0.9829117	0.18364385	0.0005851564	-6.283185e-05	0	0	0.9829117	0.18364385	0.0005851564	2.73494e-20	-1
0	0.9826143	0.1852274	0.00058522815	-0.0001256637	0	0	0.9826143	0.1852274	0.00058522815	2.737404e-20	-1
0	0.9826143	0.1852274	0.00058522815	-0.0002513274	0	0	0.9826143	0.1852274	0.00058522815	2.7423354e-20	-1
0	0.9822087	0.18736422	0.0005852955	-0.0006283185	0	0	0.9822087	0.18736422	0.0005852955	2.7571248e-20	-1
0	0.9818952	0.18899916	0.00058533787	-0.0010053096	0	0	0.9818952	0.18899916	0.00058533787	2.77191e-20	-1
0	0.9816816	0.19010504	0.00058535987	-0.001256637	0	0	0.9816816	0.19010504	0.00058535987	2.7817648e-20	-1
0	0.9811313	0.1929222	0.0005853941	-0.0018849556	0	0	0.9811313	0.1929222	0.0005853941	2.8063905e-20	-1
0	0.9805559	0.19582409	0.00058539363	-0.002513274	0	0	0.9805559	0.19582409	0.00058539363	2.8310024e-20	-1
0	0.9793222	0.20189837	0.0005852771	-0.0037699111	0	0	0.9793222	0.20189837	0.0005852771	2.8801812e-20	-1
0	0.9764725	0.21524923	0.0005844928	-0.0062831854	0	0	0.9764725	0.21524923	0.0005844928	2.9783375e-20	-1
0	0.9719733	0.23471704	0.0005820954	-0.009424778	0	0	0.9719733	0.23471704	0.0005820954	3.1005786e-20	-1
0	0.9659587	0.2583404	0.0005772995	-0.012566371	0	0	0.9659587	0.2583404	0.0005772995	3.2221667e-20	-1
0	0.94431335	0.32872593	0.0005520105	-0.018849555	0	0	0.94431335	0.32872593	0.0005520105	3.4622313e-20	-1
0	-0.9930589	-0.117013186	-0.0005711786	-0.025132742	0	0	-0.9930589	-0.117013186	-0.0005711786	1.7397865e-20	-1
0	-0.99506545	-0.09852572	-0.0005625611	-0.03769911	0	0	-0.99506545	-0.09852572	-0.0005625611	1.24087335e-20	-1
0	-0.996317	-0.084960185	-0.00055438234	-0.050265484	0	0	-0.996317	-0.084960185	-0.00055438234	7.4116215e-21	-1
0	-0.9971472	-0.07460551	-0.0005467717	-0.06283186	0	0	-0.9971472	-0.07460551	-0.0005467717	2.409383e-21	-1
0	-0.9971472	-0.07460551	-0.0005467717	-0.06283186	0	0	-0.9971472	-0.07460551	-0.0005467717	2.409383e-21	1
0	-0.99631715	-0.084958196	-0.00055438234	-0.050265484	0	0	-0.99631715	-0.084958196	-0.00055438234	7.411624e-21	1
0	-0.99506557	-0.098524556	-0.000562563	-0.03769911	0	0	-0.99506557	-0.098524556	-0.000562563	1.24087335e-20	1
0	-0.99305964	-0.11700714	-0.0005711772	-0.025132742	0	0	-0.99305964	-0.11700714	-0.0005711772	1.7397865e-20	1
0	-0.99157417	-0.12897992	-0.0005754838	-0.018849555	0	0	-0.99157417	-0.12897992	-0.0005754838	1.9887924e-20	1
0	-0.9895696	-0.14353913	-0.0005795639	-0.012566371	0	0	-0.9895696	-0.14353913	-0.0005795639	2.2373646e-20	1
0	-0.98829114	-0.15208477	-0.00058141554	-0.009424778	0	0	-0.98829114	-0.15208477	-0.00058141554	2.361441e-20	1
0	-0.9867728	-0.16163597	-0.00058304786	-0.0062831854	0	0	-0.9867728	-0.16163597	-0.00058304786	2.485342e-20	1
0	-0.98533845	-0.17015433	-0.00058412924	-0.0037699111	0	0	-0.98533845	-0.17015433	-0.00058412924	2.5843143e-20	1
0	-0.98453295	-0.17475078	-0.0005845713	-0.002513274	0	0	-0.98453295	-0.17475078	-0.0005845713	2.6337436e-20	1
0	-0.9841058	-0.17713884	-0.000584763	-0.0018849556	0	0	-0.9841058	-0.17713884	-0.000584763	2.658443e-20	1
0	-0.9836608	-0.17959124	-0.00058493315	-0.001256637	0	0	-0.9836608	-0.17959124	-0.00058493315	2.683131e-20	1
0	-0.9834783	-0.1805875	-0.0005849948	-0.0010053096	0	0	-0.9834783	-0.1805875	-0.0005849948	2.6930031e-20	1
0	-0.98319674	-0.1821129	-0.00058507954	-0.0006283185	0	0	-0.98319674	-0.1821129	-0.00058507954	2.7078076e-20	1
0	-0.9829099	-0.18365312	-0.0005851564	-0.0002513274	0	0	-0.9829099	-0.18365312	-0.0005851564	2.722608e-20	1
0	-0.9829099	-0.18365312	-0.0005851564	-0.0001256637	0	0	-0.9829099	-0.18365312	-0.0005851564	2.7275408e-20	1
0	-0.9829099	-0.18365312	-0.0005851564	-6.283185e-05	0	0	-0.9829099	-0.18365312	-0.0005851564	2.7300072e-20	1
0	-0.9829099	-0.18365312	-0.0005851564	-2.5132742e-05	0	0	-0.9829099	-0.18365312	-0.0005851564	2.731487e-20	1
0	-0.9829099	-0.18365312	-0.0005851564	-1.2566371e-05	0	0	-0.9829099	-0.18365312	-0.0005851564	2.73198e-20	1
0	-0.9829099	-0.18365312	-0.0005851564	-6.2831855e-06	0	0	-0.9829099	-0.18365312	-0.0005851564	2.732227e-20	1
0	-0.9829099	-0.18365312	-0.0005851564	-2.513274e-06	0	0	-0.9829099	-0.18365312	-0.0005851564	2.732375e-20	1
0	-0.9829099	-0.18365312	-0.0005851564	-1.256637e-06	0	0	-0.9829099	-0.18365312	-0.0005851564	2.732424e-20	1
0	-0.9829099	-0.18365312	-0.0005851564	-6.283185e-07	0	0	-0.9829099	-0.18365312	-0.0005851564	2.732449e-20	1
0	-0.9829099	-0.18365312	-0.0005851564	-2.513274e-07	0	0	-0.9829099	-0.18365312	-0.0005851564	2.7324635e-20	1
0	-0.9829099	-0.18365312	-0.0005851564	-1.256637e-07	0	0	-0.9829099	-0.18365312	-0.0005851564	2.7324687e-20	1
0	-0.9829099	-0.18365312	-0.0005851564	0	0	0	-0.9829099	-0.18365312	-0.0005851564	2.7324735e-20	1
0	-0.9829099	-0.18365312	-0.0005851564	1.256637e-07	0	0	-0.9829099	-0.18365312	-0.0005851564	2.7324784e-20	1
0	-0.9829099	-0.18365312	-0.0005851564	2.513274e-07	0	0	-0.9829099	-0.18365312	-0.0005851564	2.7324832e-20	1
0	-0.9829099	-0.18365312	-0.0005851564	6.283185e-07	0	0	-0.9829099	-0.18365312	-0.0005851564	2.732498e-20	1
0	-0.9829099	-0.18365312	-0.0005851564	1.256637e-06	0	0	-0.9829099	-0.18365312	-0.0005851564	2.732523e-20	1
0	-0.9829099	-0.18365312	-0.0005851564	2.513274e-06	0	0	-0.9829099	-0.18365312	-0.0005851564	2.732572e-20	1
0	-0.9829099	-0.18365312	-0.0005851564	6.2831855e-06	0	0	-0.9829099	-0.18365312	-0.0005851564	2.73272e-20	1
0	-0.9829099	-0.18365312	-0.0005851564	1.2566371e-05	0	0	-0.9829099	-0.18365312	-0.0005851564	2.732967e-20	1
0	-0.9829099	-0.18365312	-0.0005851564	2.5132742e-05	0	0	-0.9829099	-0.18365312	-0.0005851564	2.73346e-20	1
0	-0.9829099	-0.18365312	-0.0005851564	6.283185e-05	0	0	-0.9829099	-0.18365312	-0.0005851564	2.73494e-20	1
0	-0.98261416	-0.18522783	-0.00058522116	0.0001256637	0	0	-0.98261416	-0.18522783	-0.00058522116	2.737404e-20	1
0	-0.98261416	-0.18522783	-0.00058522116	0.0002513274	0	0	-0.98261416	-0.18522783	-0.00058522116	2.7423354e-20	1
0	-0.9822066	-0.18737555	-0.00058529497	0.0006283185	0	0	-0.9822066	-0.18737555	-0.00058529497	2.757125e-20	1
0	-0.98189473	-0.18900166	-0.00058534415	0.0010053096	0	0	-0.98189473	-0.18900166	-0.00058534415	2.7719103e-20	1
0	-0.98189473	-0.18900166	-0.00058534415	0.001256637	0	0	-0.98189473	-0.18900166	-0.00058534415	2.7817657e-20	1
0	-0.9811288	-0.19293487	-0.00058539433	0.0018849556	0	0	-0.9811288	-0.19293487	-0.00058539433	2.8063905e-20	1
0	-0.98055565	-0.19582474	-0.0005853938	0.002513274	0	0	-0.98055565	-0.19582474	-0.0005853938	2.8310024e-20	1
0	-0.97932196	-0.20189929	-0.0005852771	0.0037699111	0	0	-0.97932196	-0.20189929	-0.0005852771	2.880181e-20	1
0	-0.9764719	-0.21525171	-0.00058447337	0.0062831854	0	0	-0.9764719	-0.21525171	-0.00058447337	2.978337e-20	1
0	-0.9719733	-0.2347171	-0.00058209745	0.009424778	0	0	-0.9719733	-0.2347171	-0.00058209745	3.1005786e-20	1
0	-0.9659604	-0.25833392	-0.0005773061	0.012566371	0	0	-0.9659604	-0.25833392	-0.0005773061	3.222167e-20	1
0	-0.9443226	-0.32869938	-0.00055202364	0.018849555	0	0	-0.9443226	-0.32869938	-0.00055202364	3.4622317e-20	1
0	0.99305964	0.11700669	0.00057117734	0.025132742	0	0	0.99305964	0.11700669	0.00057117734	1.7397864e-20	1
0	0.995065	0.09852992	0.00056256447	0.03769911	0	0	0.995065	0.09852992	0.00056256447	1.2408733e-20	1
0	0.996317	0.08495948	0.000554378	0.050265484	0	0	0.996317	0.08495948	0.000554378	7.411622e-21	1
0	0.9971469	0.07460884	0.00054677296	0.06283186	0	0	0.9971469	0.07460884	0.00054677296	2.4093774e-21	1
