# t (s)	mx ()	my ()	mz ()	B_extx (T)	B_exty (T)	B_extz (T)	mx ()	my ()	mz ()	E_total (J)	branch ()
0	-0.06822179	0.99760187	0.0014408632	0	0.06283186	0	-0.06822179	0.99760187	0.0014408632	4.756796e-21	-1
0	-0.08223758	0.9965429	0.0014742739	0	0.050265484	0	-0.08223758	0.9965429	0.0014742739	9.7608476e-21	-1
0	-0.102825984	0.9946271	0.0015173976	0	0.03769911	0	-0.102825984	0.9946271	0.0015173976	1.4757703e-20	-1
0	-0.13522682	0.9907385	0.0015763049	0	0.025132742	0	-0.13522682	0.9907385	0.0015763049	1.9740725e-20	-1
0	-0.15899295	0.9872004	0.0016145199	0	0.018849555	0	-0.15899295	0.9872004	0.0016145199	2.222263e-20	-1
0	-0.19090033	0.98152506	0.0016602905	0	0.012566371	0	-0.19090033	0.98152506	0.0016602905	2.4693228e-20	-1
0	-0.21116105	0.97736347	0.0016862466	0	0.009424778	0	-0.21116105	0.97736347	0.0016862466	2.592219e-20	-1
0	-0.23528805	0.97183335	0.0017140328	0	0.0062831854	0	-0.23528805	0.97183335	0.0017140328	2.7145114e-20	-1
0	-0.2582077	0.96599245	0.00173724	0	0.0037699111	0	-0.2582077	0.96599245	0.00173724	2.811774e-20	-1
0	-0.27117938	0.96242905	0.0017489628	0	0.002513274	0	-0.27117938	0.96242905	0.0017489628	2.8601647e-20	-1
0	-0.27814564	0.96043754	0.0017548257	0	0.0018849556	0	-0.27814564	0.96043754	0.0017548257	2.884289e-20	-1
0	-0.28542572	0.95829785	0.0017606288	0	0.001256637	0	-0.28542572	0.95829785	0.0017606288	2.9083622e-20	-1
0	-0.28542572	0.95829785	0.0017606288	0	0.0010053096	0	-0.28542572	0.95829785	0.0017606288	2.9179807e-20	-1
0	-0.29312176	0.9559703	0.001766394	0	0.0006283185	0	-0.29312176	0.9559703	0.001766394	2.9323798e-20	-1
0	-0.29784638	0.95450795	0.0017697517	0	0.0002513274	0	-0.29784638	0.95450795	0.0017697517	2.9467615e-20	-1
0	-0.29784638	0.95450795	0.0017697517	0	0.0001256637	0	-0.29784638	0.95450795	0.0017697517	2.9515517e-20	-1
0	-0.29784638	0.95450795	0.0017697517	0	6.283185e-05	0	-0.29784638	0.95450795	0.0017697517	2.9539466e-20	-1
0	-0.29784638	0.95450795	0.0017697517	0	2.5132742e-05	0	-0.29784638	0.95450795	0.0017697517	2.955384e-20	-1
0	-0.29784638	0.95450795	0.0017697517	0	1.2566371e-05	0	-0.29784638	0.95450795	0.0017697517	2.9558627e-20	-1
0	-0.29784638	0.95450795	0.0017697517	0	6.2831855e-06	0	-0.29784638	0.95450795	0.0017697517	2.956102e-20	-1
0	-0.29784638	0.95450795	0.0017697517	0	2.513274e-06	0	-0.29784638	0.95450795	0.0017697517	2.956246e-20	-1
0	-0.29784638	0.95450795	0.0017697517	0	1.256637e-06	0	-0.29784638	0.95450795	0.0017697517	2.9562937e-20	-1
0	-0.29784638	0.95450795	0.0017697517	0	6.283185e-07	0	-0.29784638	0.95450795	0.0017697517	2.956318e-20	-1
0	-0.29784638	0.95450795	0.0017697517	0	2.513274e-07	0	-0.29784638	0.95450795	0.0017697517	2.9563322e-20	-1
0	-0.29784638	0.95450795	0.0017697517	0	1.256637e-07	0	-0.29784638	0.95450795	0.0017697517	2.956337e-20	-1
0	-0.29784638	0.95450795	0.0017697517	0	0	0	-0.29784638	0.95450795	0.0017697517	2.956342e-20	-1
0	-0.29784638	0.95450795	0.0017697517	0	-1.256637e-07	0	-0.29784638	0.95450795	0.0017697517	2.9563464e-20	-1
0	-0.29784638	0.95450795	0.0017697517	0	-2.513274e-07	0	-0.29784638	0.95450795	0.0017697517	2.9563513e-20	-1
0	-0.29784638	0.95450795	0.0017697517	0	-6.283185e-07	0	-0.29784638	0.95450795	0.0017697517	2.9563658e-20	-1
0	-0.29784638	0.95450795	0.0017697517	0	-1.256637e-06	0	-0.29784638	0.95450795	0.0017697517	2.9563897e-20	-1
0	-0.29784638	0.95450795	0.0017697517	0	-2.513274e-06	0	-0.29784638	0.95450795	0.0017697517	2.9564375e-20	-1
0	-0.29784638	0.95450795	0.0017697517	0	-6.2831855e-06	0	-0.29784638	0.95450795	0.0017697517	2.9565813e-20	-1
0	-0.29784638	0.95450795	0.0017697517	0	-1.2566371e-05	0	-0.29784638	0.95450795	0.0017697517	2.9568208e-20	-1
0	-0.29784638	0.95450795	0.0017697517	0	-2.5132742e-05	0	-0.29784638	0.95450795	0.0017697517	2.9573e-20	-1
0	-0.29784638	0.95450795	0.0017697517	0	-6.283185e-05	0	-0.29784638	0.95450795	0.0017697517	2.958737e-20	-1
0	-0.30279845	0.9529475	0.0017731098	0	-0.0001256637	0	-0.30279845	0.9529475	0.0017731098	2.96112e-20	-1
0	-0.30279845	0.9529475	0.0017731098	0	-0.0002513274	0	-0.30279845	0.9529475	0.0017731098	2.9659026e-20	-1
0	-0.30965114	0.95074147	0.0017774919	0	-0.0006283185	0	-0.30965114	0.95074147	0.0017774919	2.9802277e-20	-1
0	-0.31496125	0.9489944	0.0017806776	0	-0.0010053096	0	-0.31496125	0.9489944	0.0017806776	2.9945282e-20	-1
0	-0.31496125	0.9489944	0.0017806776	0	-0.001256637	0	-0.31496125	0.9489944	0.0017806776	3.004053e-20	-1
0	-0.32822514	0.9444861	0.0017878006	0	-0.0018849556	0	-0.32822514	0.9444861	0.0017878006	3.0277883e-20	-1
0	-0.33846134	0.9408642	0.0017924781	0	-0.002513274	0	-0.33846134	0.9408642	0.0017924781	3.0514428e-20	-1
0	-0.36144954	0.93226945	0.0018003016	0	-0.0037699111	0	-0.36144954	0.93226945	0.0018003016	3.0984525e-20	-1
0	-0.42515135	0.9049814	0.001801491	0	-0.0062831854	0	-0.42515135	0.9049814	0.001801491	3.190819e-20	-1
0	-0.8826257	-0.46979398	-0.000438286	0	-0.009424778	0	-0.8826257	-0.46979398	-0.000438286	2.5881459e-20	-1
0	-0.8433351	-0.5371169	-0.0004103665	0	-0.012566371	0	-0.8433351	-0.5371169	-0.0004103665	2.5250553e-20	-1
0	0.15900111	-0.98719907	-0.0016145217	0	-0.018849555	0	0.15900111	-0.98719907	-0.0016145217	2.2222629e-20	-1
0	0.13523543	-0.9907374	-0.0015763191	0	-0.025132742	0	0.13523543	-0.9907374	-0.0015763191	1.9740727e-20	-1
0	0.102831185	-0.99462664	-0.0015174057	0	-0.03769911	0	0.102831185	-0.99462664	-0.0015174057	1.4757703e-20	-1
0	0.082242146	-0.99654245	-0.0014742749	0	-0.050265484	0	0.082242146	-0.99654245	-0.0014742749	9.7608476e-21	-1
0	0.06822619	-0.9976016	-0.0014408707	0	-0.06283186	0	0.06822619	-0.9976016	-0.0014408707	4.756797e-21	-1
0	0.06822619	-0.9976016	-0.0014408707	0	-0.06283186	0	0.06822619	-0.9976016	-0.0014408707	4.756797e-21	1
0	0.08223353	-0.9965432	-0.0014742648	0	-0.050265484	0	0.08223353	-0.9965432	-0.0014742648	9.760846e-21	1
0	0.102826625	-0.9946271	-0.0015173943	0	-0.03769911	0	0.102826625	-0.9946271	-0.0015173943	1.4757705e-20	1
0	0.13521269	-0.9907405	-0.0015762865	0	-0.025132742	0	0.13521269	-0.9907405	-0.0015762865	1.9740727e-20	1
0	0.15899101	-0.9872006	-0.0016145168	0	-0.018849555	0	0.15899101	-0.9872006	-0.0016145168	2.2222632e-20	1
0	0.19089758	-0.98152566	-0.0016602871	0	-0.012566371	0	0.19089758	-0.98152566	-0.0016602871	2.4693233e-20	1
0	0.21116129	-0.97736347	-0.0016862436	0	-0.009424778	0	0.21116129	-0.97736347	-0.0016862436	2.5922186e-20	1
0	0.23530377	-0.97182953	-0.0017140496	0	-0.0062831854	0	0.23530377	-0.97182953	-0.0017140496	2.714511e-20	1
0	0.25821888	-0.9659895	-0.0017372494	0	-0.0037699111	0	0.25821888	-0.9659895	-0.0017372494	2.8117737e-20	1
0	0.2712037	-0.96242213	-0.0017489817	0	-0.002513274	0	0.2712037	-0.96242213	-0.0017489817	2.8601647e-20	1
0	0.27814293	-0.9604384	-0.0017548236	0	-0.0018849556	0	0.27814293	-0.9604384	-0.0017548236	2.8842886e-20	1
0	0.28542912	-0.9582968	-0.0017606316	0	-0.001256637	0	0.28542912	-0.9582968	-0.0017606316	2.9083622e-20	1
0	0.28542912	-0.9582968	-0.0017606316	0	-0.0010053096	0	0.28542912	-0.9582968	-0.0017606316	2.9179807e-20	1
0	0.29307663	-0.9559841	-0.0017663655	0	-0.0006283185	0	0.29307663	-0.9559841	-0.0017663655	2.9323792e-20	1
0	0.2978515	-0.9545063	-0.0017697557	0	-0.0002513274	0	0.2978515	-0.9545063	-0.0017697557	2.946761e-20	1
0	0.2978515	-0.9545063	-0.0017697557	0	-0.0001256637	0	0.2978515	-0.9545063	-0.0017697557	2.9515514e-20	1
0	0.2978515	-0.9545063	-0.0017697557	0	-6.283185e-05	0	0.2978515	-0.9545063	-0.0017697557	2.9539463e-20	1
0	0.2978515	-0.9545063	-0.0017697557	0	-2.5132742e-05	0	0.2978515	-0.9545063	-0.0017697557	2.9553835e-20	1
0	0.2978515	-0.9545063	-0.0017697557	0	-1.2566371e-05	0	0.2978515	-0.9545063	-0.0017697557	2.9558624e-20	1
0	0.2978515	-0.9545063	-0.0017697557	0	-6.2831855e-06	0	0.2978515	-0.9545063	-0.0017697557	2.956102e-20	1
0	0.2978515	-0.9545063	-0.0017697557	0	-2.513274e-06	0	0.2978515	-0.9545063	-0.0017697557	2.9562456e-20	1
0	0.2978515	-0.9545063	-0.0017697557	0	-1.256637e-06	0	0.2978515	-0.9545063	-0.0017697557	2.9562937e-20	1
0	0.2978515	-0.9545063	-0.0017697557	0	-6.283185e-07	0	0.2978515	-0.9545063	-0.0017697557	2.9563177e-20	1
0	0.2978515	-0.9545063	-0.0017697557	0	-2.513274e-07	0	0.2978515	-0.9545063	-0.0017697557	2.956332e-20	1
0	0.2978515	-0.9545063	-0.0017697557	0	-1.256637e-07	0	0.2978515	-0.9545063	-0.0017697557	2.9563367e-20	1
0	0.2978515	-0.9545063	-0.0017697557	0	0	0	0.2978515	-0.9545063	-0.0017697557	2.9563416e-20	1
0	0.2978515	-0.9545063	-0.0017697557	0	1.256637e-07	0	0.2978515	-0.9545063	-0.0017697557	2.9563464e-20	1
0	0.2978515	-0.9545063	-0.0017697557	0	2.513274e-07	0	0.2978515	-0.9545063	-0.0017697557	2.956351e-20	1
0	0.2978515	-0.9545063	-0.0017697557	0	6.283185e-07	0	0.2978515	-0.9545063	-0.0017697557	2.9563655e-20	1
0	0.2978515	-0.9545063	-0.0017697557	0	1.256637e-06	0	0.2978515	-0.9545063	-0.0017697557	2.9563894e-20	1
0	0.2978515	-0.9545063	-0.0017697557	0	2.513274e-06	0	0.2978515	-0.9545063	-0.0017697557	2.9564372e-20	1
0	0.2978515	-0.9545063	-0.0017697557	0	6.2831855e-06	0	0.2978515	-0.9545063	-0.0017697557	2.956581e-20	1
0	0.2978515	-0.9545063	-0.0017697557	0	1.2566371e-05	0	0.2978515	-0.9545063	-0.0017697557	2.9568204e-20	1
0	0.2978515	-0.9545063	-0.0017697557	0	2.5132742e-05	0	0.2978515	-0.9545063	-0.0017697557	2.9572996e-20	1
0	0.2978515	-0.9545063	-0.0017697557	0	6.283185e-05	0	0.2978515	-0.9545063	-0.0017697557	2.9587365e-20	1
0	0.3028016	-0.95294654	-0.0017731116	0	0.0001256637	0	0.3028016	-0.95294654	-0.0017731116	2.9611205e-20	1
0	0.3028016	-0.95294654	-0.0017731116	0	0.0002513274	0	0.3028016	-0.95294654	-0.0017731116	2.9659026e-20	1
0	0.30963898	-0.95074546	-0.0017774855	0	0.0006283185	0	0.30963898	-0.95074546	-0.0017774855	2.9802277e-20	1
0	0.31497705	-0.9489892	-0.0017806856	0	0.0010053096	0	0.31497705	-0.9489892	-0.0017806856	2.9945282e-20	1
0	0.31497705	-0.9489892	-0.0017806856	0	0.001256637	0	0.31497705	-0.9489892	-0.0017806856	3.004053e-20	1
0	0.3282851	-0.9444653	-0.0017878263	0	0.0018849556	0	0.3282851	-0.9444653	-0.0017878263	3.0277883e-20	1
0	0.33849478	-0.94085217	-0.0017924898	0	0.002513274	0	0.33849478	-0.94085217	-0.0017924898	3.051443e-20	1
0	0.36143494	-0.93227506	-0.0018002989	0	0.0037699111	0	0.36143494	-0.93227506	-0.0018002989	3.0984525e-20	1
0	0.425254	-0.9049331	-0.001801464	0	0.0062831854	0	0.425254	-0.9049331	-0.001801464	3.1908192e-20	1
0	0.88262725	0.46979117	0.000438287	0	0.009424778	0	0.88262725	0.46979117	0.000438287	2.588146e-20	1
0	0.8433322	0.53712136	0.00041036465	0	0.012566371	0	0.8433322	0.53712136	0.00041036465	2.5250553e-20	1
0	-0.15899116	0.9872006	0.001614518	0	0.018849555	0	-0.15899116	0.9872006	0.001614518	2.2222632e-20	1
0	-0.13523749	0.9907371	0.0015763197	0	0.025132742	0	-0.13523749	0.9907371	0.0015763197	1.9740727e-20	1
0	-0.10283743	0.994626	0.0015174153	0	0.03769911	0	-0.10283743	0.994626	0.0015174153	1.4757707e-20	1
0	-0.082245246	0.9965422	0.0014742835	0	0.050265484	0	-0.082245246	0.9965422	0.0014742835	9.760847e-21	1
0	-0.068226926	0.99760157	0.0014408741	0	0.06283186	0	-0.068226926	0.99760157	0.0014408741	4.7567938e-21	1
