# t (s)	mx ()	my ()	mz ()	B_extx (T)	B_exty (T)	B_extz (T)	mx ()	my ()	mz ()	E_total (J)	branch ()
0	-0.028410204	0.9995312	-9.501439e-06	0	0.06283186	0	-0.028410204	0.9995312	-9.501439e-06	4.589937e-21	-1
0	-0.03361737	0.9993687	-9.020539e-06	0	0.050265484	0	-0.03361737	0.9993687	-9.020539e-06	9.6057165e-21	-1
0	-0.041134372	0.9990866	-8.275931e-06	0	0.03769911	0	-0.041134372	0.9990866	-8.275931e-06	1.4620419e-20	-1
0	-0.05288589	0.9985323	-7.0449296e-06	0	0.025132742	0	-0.05288589	0.9985323	-7.0449296e-06	1.9633124e-20	-1
0	-0.061639406	0.9980294	-6.095047e-06	0	0.018849555	0	-0.061639406	0.9980294	-6.095047e-06	2.2138108e-20	-1
0	-0.07375242	0.99720645	-4.7535154e-06	0	0.012566371	0	-0.07375242	0.99720645	-4.7535154e-06	2.4641473e-20	-1
0	-0.0817191	0.99658453	-3.8607423e-06	0	0.009424778	0	-0.0817191	0.99658453	-3.8607423e-06	2.5892227e-20	-1
0	-0.09158999	0.99572504	-2.7377062e-06	0	0.0062831854	0	-0.09158999	0.99572504	-2.7377062e-06	2.7142054e-20	-1
0	-0.10131194	0.994782	-1.6264435e-06	0	0.0037699111	0	-0.10131194	0.994782	-1.6264435e-06	2.8141017e-20	-1
0	-0.10698941	0.9941869	-9.743741e-07	0	0.002513274	0	-0.10698941	0.9941869	-9.743741e-07	2.8640104e-20	-1
0	-0.110035226	0.99385405	-6.248914e-07	0	0.0018849556	0	-0.110035226	0.99385405	-6.248914e-07	2.888953e-20	-1
0	-0.113303706	0.99348646	-2.510091e-07	0	0.001256637	0	-0.113303706	0.99348646	-2.510091e-07	2.9138865e-20	-1
0	-0.11465464	0.9933313	-9.3111026e-08	0	0.0010053096	0	-0.11465464	0.9933313	-9.3111026e-08	2.923857e-20	-1
0	-0.11675532	0.9930864	1.6670356e-07	0	0.0006283185	0	-0.11675532	0.9930864	1.6670356e-07	2.9388105e-20	-1
0	-0.11892796	0.99282837	3.9799227e-07	0	0.0002513274	0	-0.11892796	0.99282837	3.9799227e-07	2.9537602e-20	-1
0	-0.11966971	0.99273914	4.826061e-07	0	0.0001256637	0	-0.11966971	0.99273914	4.826061e-07	2.9587423e-20	-1
0	-0.120039925	0.9926944	5.3037047e-07	0	6.283185e-05	0	-0.120039925	0.9926944	5.3037047e-07	2.9612332e-20	-1
0	-0.12027174	0.9926663	5.534273e-07	0	2.5132742e-05	0	-0.12027174	0.9926663	5.534273e-07	2.962728e-20	-1
0	-0.12036462	0.99265504	5.6414035e-07	0	1.2566371e-05	0	-0.12036462	0.99265504	5.6414035e-07	2.9632266e-20	-1
0	-0.1203931	0.9926516	5.6825706e-07	0	6.2831855e-06	0	-0.1203931	0.9926516	5.6825706e-07	2.963475e-20	-1
0	-0.12040894	0.9926497	5.6990433e-07	0	2.513274e-06	0	-0.12040894	0.9926497	5.6990433e-07	2.9636246e-20	-1
0	-0.12041029	0.9926495	5.703727e-07	0	1.256637e-06	0	-0.12041029	0.9926495	5.703727e-07	2.9636744e-20	-1
0	-0.1204193	0.99264836	5.708323e-07	0	6.283185e-07	0	-0.1204193	0.99264836	5.708323e-07	2.9636996e-20	-1
0	-0.12042031	0.99264824	5.720765e-07	0	2.513274e-07	0	-0.12042031	0.99264824	5.720765e-07	2.9637145e-20	-1
0	-0.1204212	0.9926482	5.7129887e-07	0	1.256637e-07	0	-0.1204212	0.9926482	5.7129887e-07	2.963719e-20	-1
0	-0.120425016	0.9926477	5.7242346e-07	0	0	0	-0.120425016	0.9926477	5.7242346e-07	2.963724e-20	-1
0	-0.12042611	0.9926476	5.7208115e-07	0	-1.256637e-07	0	-0.12042611	0.9926476	5.7208115e-07	2.9637293e-20	-1
0	-0.120426476	0.9926475	5.7179614e-07	0	-2.513274e-07	0	-0.120426476	0.9926475	5.7179614e-07	2.9637342e-20	-1
0	-0.12042713	0.99264747	5.7199236e-07	0	-6.283185e-07	0	-0.12042713	0.99264747	5.7199236e-07	2.963749e-20	-1
0	-0.1204296	0.9926472	5.722522e-07	0	-1.256637e-06	0	-0.1204296	0.9926472	5.722522e-07	2.963774e-20	-1
0	-0.120434895	0.99264646	5.724203e-07	0	-2.513274e-06	0	-0.120434895	0.99264646	5.724203e-07	2.963824e-20	-1
0	-0.1204554	0.9926441	5.7482225e-07	0	-6.2831855e-06	0	-0.1204554	0.9926441	5.7482225e-07	2.963973e-20	-1
0	-0.12049505	0.9926392	5.794412e-07	0	-1.2566371e-05	0	-0.12049505	0.9926392	5.794412e-07	2.9642224e-20	-1
0	-0.12057173	0.9926299	5.8904817e-07	0	-2.5132742e-05	0	-0.12057173	0.9926299	5.8904817e-07	2.9647207e-20	-1
0	-0.120785765	0.99260384	6.1342223e-07	0	-6.283185e-05	0	-0.120785765	0.99260384	6.1342223e-07	2.9662147e-20	-1
0	-0.121183485	0.9925554	6.440898e-07	0	-0.0001256637	0	-0.121183485	0.9925554	6.440898e-07	2.9687053e-20	-1
0	-0.121949665	0.99246144	7.547904e-07	0	-0.0002513274	0	-0.121949665	0.99246144	7.547904e-07	2.9736868e-20	-1
0	-0.12434335	0.99216413	1.0236454e-06	0	-0.0006283185	0	-0.12434335	0.99216413	1.0236454e-06	2.9886265e-20	-1
0	-0.12678994	0.9918542	1.3063413e-06	0	-0.0010053096	0	-0.12678994	0.9918542	1.3063413e-06	3.0035616e-20	-1
0	-0.12848681	0.99163556	1.502044e-06	0	-0.001256637	0	-0.12848681	0.99163556	1.502044e-06	3.013516e-20	-1
0	-0.13295516	0.99104583	2.0177363e-06	0	-0.0018849556	0	-0.13295516	0.99104583	2.0177363e-06	3.038391e-20	-1
0	-0.13772649	0.9903935	2.5686263e-06	0	-0.002513274	0	-0.13772649	0.9903935	2.5686263e-06	3.0632508e-20	-1
0	-0.14846258	0.98884	3.8069438e-06	0	-0.0037699111	0	-0.14846258	0.98884	3.8069438e-06	3.1129165e-20	-1
0	-0.17647818	0.98422253	7.0191145e-06	0	-0.0062831854	0	-0.17647818	0.98422253	7.0191145e-06	3.2119556e-20	-1
0	-0.23965845	0.97076416	1.4025447e-05	0	-0.009424778	0	-0.23965845	0.97076416	1.4025447e-05	3.3347576e-20	-1
0	0.073762804	-0.99720573	4.7525004e-06	0	-0.012566371	0	0.073762804	-0.99720573	4.7525004e-06	2.4641476e-20	-1
0	0.061642013	-0.99802923	6.1114506e-06	0	-0.018849555	0	0.061642013	-0.99802923	6.1114506e-06	2.213811e-20	-1
0	0.052905336	-0.9985313	7.042674e-06	0	-0.025132742	0	0.052905336	-0.9985313	7.042674e-06	1.9633124e-20	-1
0	0.04113913	-0.9990864	8.274736e-06	0	-0.03769911	0	0.04113913	-0.9990864	8.274736e-06	1.4620419e-20	-1
0	0.03362087	-0.9993686	9.020225e-06	0	-0.050265484	0	0.03362087	-0.9993686	9.020225e-06	9.605721e-21	-1
0	0.02841055	-0.99953115	9.50281e-06	0	-0.06283186	0	0.02841055	-0.99953115	9.50281e-06	4.5899388e-21	-1
0	0.02841055	-0.99953115	9.50281e-06	0	-0.06283186	0	0.02841055	-0.99953115	9.50281e-06	4.5899388e-21	1
0	0.033616118	-0.9993688	9.020589e-06	0	-0.050265484	0	0.033616118	-0.9993688	9.020589e-06	9.605722e-21	1
0	0.04113049	-0.99908674	8.276417e-06	0	-0.03769911	0	0.04113049	-0.99908674	8.276417e-06	1.462042e-20	1
0	0.052891273	-0.99853206	7.0443202e-06	0	-0.025132742	0	0.052891273	-0.99853206	7.0443202e-06	1.9633122e-20	1
0	0.061629497	-0.99803007	6.097092e-06	0	-0.018849555	0	0.061629497	-0.99803007	6.097092e-06	2.2138111e-20	1
0	0.07374877	-0.9972067	4.7530457e-06	0	-0.012566371	0	0.07374877	-0.9972067	4.7530457e-06	2.4641475e-20	1
0	0.08172887	-0.99658376	3.854822e-06	0	-0.009424778	0	0.08172887	-0.99658376	3.854822e-06	2.5892228e-20	1
0	0.09158716	-0.9957253	2.7416468e-06	0	-0.0062831854	0	0.09158716	-0.9957253	2.7416468e-06	2.714205e-20	1
0	0.10131865	-0.9947813	1.6251022e-06	0	-0.0037699111	0	0.10131865	-0.9947813	1.6251022e-06	2.8141017e-20	1
0	0.10696353	-0.9941897	9.780589e-07	0	-0.002513274	0	0.10696353	-0.9941897	9.780589e-07	2.86401e-20	1
0	0.11006752	-0.9938505	6.210435e-07	0	-0.0018849556	0	0.11006752	-0.9938505	6.210435e-07	2.888953e-20	1
0	0.11326563	-0.9934908	2.5342035e-07	0	-0.001256637	0	0.11326563	-0.9934908	2.5342035e-07	2.9138865e-20	1
0	0.114659816	-0.9933307	9.118197e-08	0	-0.0010053096	0	0.114659816	-0.9933307	9.118197e-08	2.9238573e-20	1
0	0.11675656	-0.9930862	-1.4640413e-07	0	-0.0006283185	0	0.11675656	-0.9930862	-1.4640413e-07	2.9388105e-20	1
0	0.11892931	-0.99282813	-3.972467e-07	0	-0.0002513274	0	0.11892931	-0.99282813	-3.972467e-07	2.9537602e-20	1
0	0.11965169	-0.99274135	-4.8249535e-07	0	-0.0001256637	0	0.11965169	-0.99274135	-4.8249535e-07	2.9587427e-20	1
0	0.120002575	-0.9926989	-5.2341306e-07	0	-6.283185e-05	0	0.120002575	-0.9926989	-5.2341306e-07	2.9612336e-20	1
0	0.12026957	-0.9926666	-5.530901e-07	0	-2.5132742e-05	0	0.12026957	-0.9926666	-5.530901e-07	2.9627283e-20	1
0	0.12034175	-0.99265784	-5.6301946e-07	0	-1.2566371e-05	0	0.12034175	-0.99265784	-5.6301946e-07	2.9632262e-20	1
0	0.12038463	-0.99265265	-5.666185e-07	0	-6.2831855e-06	0	0.12038463	-0.99265265	-5.666185e-07	2.9634754e-20	1
0	0.12040104	-0.9926506	-5.69066e-07	0	-2.513274e-06	0	0.12040104	-0.9926506	-5.69066e-07	2.9636243e-20	1
0	0.120436385	-0.99264634	-5.73265e-07	0	-1.256637e-06	0	0.120436385	-0.99264634	-5.73265e-07	2.9636747e-20	1
0	0.12043445	-0.9926466	-5.722394e-07	0	-6.283185e-07	0	0.12043445	-0.9926466	-5.722394e-07	2.9636996e-20	1
0	0.120434254	-0.9926466	-5.726046e-07	0	-2.513274e-07	0	0.120434254	-0.9926466	-5.726046e-07	2.963714e-20	1
0	0.120434135	-0.9926466	-5.7260036e-07	0	-1.256637e-07	0	0.120434135	-0.9926466	-5.7260036e-07	2.9637196e-20	1
0	0.12043406	-0.99264663	-5.725172e-07	0	0	0	0.12043406	-0.99264663	-5.725172e-07	2.9637245e-20	1
0	0.12043403	-0.99264663	-5.724188e-07	0	1.256637e-07	0	0.12043403	-0.99264663	-5.724188e-07	2.9637293e-20	1
0	0.12043403	-0.99264663	-5.723909e-07	0	2.513274e-07	0	0.12043403	-0.99264663	-5.723909e-07	2.9637342e-20	1
0	0.120433524	-0.9926467	-5.7300895e-07	0	6.283185e-07	0	0.120433524	-0.9926467	-5.7300895e-07	2.963749e-20	1
0	0.12043409	-0.99264663	-5.725491e-07	0	1.256637e-06	0	0.12043409	-0.99264663	-5.725491e-07	2.9637742e-20	1
0	0.12043991	-0.99264586	-5.718628e-07	0	2.513274e-06	0	0.12043991	-0.99264586	-5.718628e-07	2.963824e-20	1
0	0.12046208	-0.99264324	-5.781359e-07	0	6.2831855e-06	0	0.12046208	-0.99264324	-5.781359e-07	2.9639733e-20	1
0	0.12049839	-0.9926388	-5.7967657e-07	0	1.2566371e-05	0	0.12049839	-0.9926388	-5.7967657e-07	2.9642224e-20	1
0	0.1205471	-0.99263287	-5.8585454e-07	0	2.5132742e-05	0	0.1205471	-0.99263287	-5.8585454e-07	2.9647203e-20	1
0	0.12081	-0.9926009	-6.164821e-07	0	6.283185e-05	0	0.12081	-0.9926009	-6.164821e-07	2.966215e-20	1
0	0.12117882	-0.99255586	-6.397941e-07	0	0.0001256637	0	0.12117882	-0.99255586	-6.397941e-07	2.9687053e-20	1
0	0.12193884	-0.99246275	-7.460313e-07	0	0.0002513274	0	0.12193884	-0.99246275	-7.460313e-07	2.9736865e-20	1
0	0.12432077	-0.99216694	-1.0209928e-06	0	0.0006283185	0	0.12432077	-0.99216694	-1.0209928e-06	2.9886262e-20	1
0	0.12677261	-0.99185634	-1.3036343e-06	0	0.0010053096	0	0.12677261	-0.99185634	-1.3036343e-06	3.0035616e-20	1
0	0.12848753	-0.99163544	-1.501626e-06	0	0.001256637	0	0.12848753	-0.99163544	-1.501626e-06	3.0135156e-20	1
0	0.13294838	-0.99104685	-2.0167372e-06	0	0.0018849556	0	0.13294838	-0.99104685	-2.0167372e-06	3.038391e-20	1
0	0.13774264	-0.9903913	-2.5726004e-06	0	0.002513274	0	0.13774264	-0.9903913	-2.5726004e-06	3.0632508e-20	1
0	0.14846915	-0.988839	-3.8072792e-06	0	0.0037699111	0	0.14846915	-0.988839	-3.8072792e-06	3.112916e-20	1
0	0.17648435	-0.9842214	-7.0201677e-06	0	0.0062831854	0	0.17648435	-0.9842214	-7.0201677e-06	3.2119556e-20	1
0	0.23964186	-0.9707682	-1.4023773e-05	0	0.009424778	0	0.23964186	-0.9707682	-1.4023773e-05	3.3347576e-20	1
0	0.9008015	0.43393892	4.8502974e-05	0	0.012566371	0	0.9008015	0.43393892	4.8502974e-05	2.6025091e-20	1
0	-0.0616427	0.99802923	-6.0927414e-06	0	0.018849555	0	-0.0616427	0.99802923	-6.0927414e-06	2.2138108e-20	1
0	-0.052904792	0.99853134	-7.042774e-06	0	0.025132742	0	-0.052904792	0.99853134	-7.042774e-06	1.9633124e-20	1
0	-0.04113594	0.9990865	-8.275832e-06	0	0.03769911	0	-0.04113594	0.9990865	-8.275832e-06	1.4620419e-20	1
0	-0.033619896	0.99936867	-9.020299e-06	0	0.050265484	0	-0.033619896	0.99936867	-9.020299e-06	9.60572e-21	1
0	-0.028411802	0.99953115	-9.502358e-06	0	0.06283186	0	-0.028411802	0.99953115	-9.502358e-06	4.58994e-21	1
