# t (s)	mx ()	my ()	mz ()	B_extx (T)	B_exty (T)	B_extz (T)	mx ()	my ()	mz ()	E_total (J)	branch ()
0	-0.14577377	0.9892267	-0.005663311	0	0.06283186	0	-0.14577377	0.9892267	-0.005663311	4.30247e-21	-1
0	-0.18350077	0.982921	-0.005961824	0	0.050265484	0	-0.18350077	0.982921	-0.005961824	9.252602e-21	-1
0	-0.2361686	0.97160184	-0.006333139	0	0.03769911	0	-0.2361686	0.97160184	-0.006333139	1.4159749e-20	-1
0	-0.30729258	0.95148647	-0.0067522298	0	0.025132742	0	-0.30729258	0.95148647	-0.0067522298	1.8989968e-20	-1
0	-0.35058564	0.93638945	-0.0069571603	0	0.018849555	0	-0.35058564	0.93638945	-0.0069571603	2.1359408e-20	-1
0	-0.3996392	0.91651595	-0.0071384786	0	0.012566371	0	-0.3996392	0.91651595	-0.0071384786	2.3685255e-20	-1
0	-0.42664015	0.904256	-0.007213252	0	0.009424778	0	-0.42664015	0.904256	-0.007213252	2.4827627e-20	-1
0	-0.4555772	0.8900211	-0.0072722035	0	0.0062831854	0	-0.4555772	0.8900211	-0.0072722035	2.5953425e-20	-1
0	-0.48040545	0.87686276	-0.007304332	0	0.0037699111	0	-0.48040545	0.87686276	-0.007304332	2.6840279e-20	-1
0	-0.49346614	0.8695767	-0.0073140925	0	0.002513274	0	-0.49346614	0.8695767	-0.0073140925	2.7278526e-20	-1
0	-0.5001742	0.8657341	-0.007317137	0	0.0018849556	0	-0.5001742	0.8657341	-0.007317137	2.7496246e-20	-1
0	-0.5070244	0.8617387	-0.007318838	0	0.001256637	0	-0.5070244	0.8617387	-0.007318838	2.7712984e-20	-1
0	-0.5070244	0.8617387	-0.007318838	0	0.0010053096	0	-0.5070244	0.8617387	-0.007318838	2.779948e-20	-1
0	-0.51401985	0.85758275	-0.007319089	0	0.0006283185	0	-0.51401985	0.85758275	-0.007319089	2.7928694e-20	-1
0	-0.51827943	0.85501426	-0.007318503	0	0.0002513274	0	-0.51827943	0.85501426	-0.007318503	2.8057614e-20	-1
0	-0.51827943	0.85501426	-0.007318503	0	0.0001256637	0	-0.51827943	0.85501426	-0.007318503	2.810052e-20	-1
0	-0.51827943	0.85501426	-0.007318503	0	6.283185e-05	0	-0.51827943	0.85501426	-0.007318503	2.8121976e-20	-1
0	-0.51827943	0.85501426	-0.007318503	0	2.5132742e-05	0	-0.51827943	0.85501426	-0.007318503	2.813485e-20	-1
0	-0.51827943	0.85501426	-0.007318503	0	1.2566371e-05	0	-0.51827943	0.85501426	-0.007318503	2.813914e-20	-1
0	-0.51827943	0.85501426	-0.007318503	0	6.2831855e-06	0	-0.51827943	0.85501426	-0.007318503	2.8141285e-20	-1
0	-0.51827943	0.85501426	-0.007318503	0	2.513274e-06	0	-0.51827943	0.85501426	-0.007318503	2.8142575e-20	-1
0	-0.51827943	0.85501426	-0.007318503	0	1.256637e-06	0	-0.51827943	0.85501426	-0.007318503	2.8143e-20	-1
0	-0.51827943	0.85501426	-0.007318503	0	6.283185e-07	0	-0.51827943	0.85501426	-0.007318503	2.8143218e-20	-1
0	-0.51827943	0.85501426	-0.007318503	0	2.513274e-07	0	-0.51827943	0.85501426	-0.007318503	2.8143347e-20	-1
0	-0.51827943	0.85501426	-0.007318503	0	1.256637e-07	0	-0.51827943	0.85501426	-0.007318503	2.814339e-20	-1
0	-0.51827943	0.85501426	-0.007318503	0	0	0	-0.51827943	0.85501426	-0.007318503	2.814343e-20	-1
0	-0.51827943	0.85501426	-0.007318503	0	-1.256637e-07	0	-0.51827943	0.85501426	-0.007318503	2.8143473e-20	-1
0	-0.51827943	0.85501426	-0.007318503	0	-2.513274e-07	0	-0.51827943	0.85501426	-0.007318503	2.8143518e-20	-1
0	-0.51827943	0.85501426	-0.007318503	0	-6.283185e-07	0	-0.51827943	0.85501426	-0.007318503	2.8143647e-20	-1
0	-0.51827943	0.85501426	-0.007318503	0	-1.256637e-06	0	-0.51827943	0.85501426	-0.007318503	2.814386e-20	-1
0	-0.51827943	0.85501426	-0.007318503	0	-2.513274e-06	0	-0.51827943	0.85501426	-0.007318503	2.814429e-20	-1
0	-0.51827943	0.85501426	-0.007318503	0	-6.2831855e-06	0	-0.51827943	0.85501426	-0.007318503	2.8145576e-20	-1
0	-0.51827943	0.85501426	-0.007318503	0	-1.2566371e-05	0	-0.51827943	0.85501426	-0.007318503	2.8147722e-20	-1
0	-0.51827943	0.85501426	-0.007318503	0	-2.5132742e-05	0	-0.51827943	0.85501426	-0.007318503	2.8152013e-20	-1
0	-0.51827943	0.85501426	-0.007318503	0	-6.283185e-05	0	-0.51827943	0.85501426	-0.007318503	2.8164886e-20	-1
0	-0.52260125	0.85237867	-0.007317327	0	-0.0001256637	0	-0.52260125	0.85237867	-0.007317327	2.8186144e-20	-1
0	-0.52260125	0.85237867	-0.007317327	0	-0.0002513274	0	-0.52260125	0.85237867	-0.007317327	2.8228918e-20	-1
0	-0.5284631	0.84875554	-0.007314786	0	-0.0006283185	0	-0.5284631	0.84875554	-0.007314786	2.835689e-20	-1
0	-0.53293383	0.84595466	-0.007312108	0	-0.0010053096	0	-0.53293383	0.84595466	-0.007312108	2.8484462e-20	-1
0	-0.53293383	0.84595466	-0.007312108	0	-0.001256637	0	-0.53293383	0.84595466	-0.007312108	2.856937e-20	-1
0	-0.5436213	0.83912456	-0.0073030954	0	-0.0018849556	0	-0.5436213	0.83912456	-0.0073030954	2.878045e-20	-1
0	-0.5515043	0.83396316	-0.0072940458	0	-0.002513274	0	-0.5515043	0.83396316	-0.0072940458	2.8990364e-20	-1
0	-0.56799865	0.82281476	-0.0072683627	0	-0.0037699111	0	-0.56799865	0.82281476	-0.0072683627	2.9406135e-20	-1
0	-0.6047786	0.7961658	-0.0071769254	0	-0.0062831854	0	-0.6047786	0.7961658	-0.0071769254	3.02192e-20	-1
0	-0.66386175	0.7476069	-0.0069239605	0	-0.009424778	0	-0.66386175	0.7476069	-0.0069239605	3.1190296e-20	-1
0	-0.72422564	-0.6893295	-0.00020651001	0	-0.012566371	0	-0.72422564	-0.6893295	-0.00020651001	2.4159737e-20	-1
0	-0.63547885	-0.7719122	4.0076822e-05	0	-0.018849555	0	-0.63547885	-0.7719122	4.0076822e-05	2.2328343e-20	-1
0	0.30730742	-0.9514816	0.0067522395	0	-0.025132742	0	0.30730742	-0.9514816	0.0067522395	1.8989968e-20	-1
0	0.23617634	-0.9716	0.0063331593	0	-0.03769911	0	0.23617634	-0.9716	0.0063331593	1.415975e-20	-1
0	0.18350613	-0.98292	0.005961866	0	-0.050265484	0	0.18350613	-0.98292	0.005961866	9.252603e-21	-1
0	0.14577404	-0.9892267	0.005663313	0	-0.06283186	0	0.14577404	-0.9892267	0.005663313	4.3024673e-21	-1
0	0.14577404	-0.9892267	0.005663313	0	-0.06283186	0	0.14577404	-0.9892267	0.005663313	4.3024673e-21	1
0	0.1834996	-0.98292124	0.0059618177	0	-0.050265484	0	0.1834996	-0.98292124	0.0059618177	9.252605e-21	1
0	0.23616268	-0.9716033	0.0063331034	0	-0.03769911	0	0.23616268	-0.9716033	0.0063331034	1.4159752e-20	1
0	0.30728707	-0.95148826	0.0067521445	0	-0.025132742	0	0.30728707	-0.95148826	0.0067521445	1.898997e-20	1
0	0.3505906	-0.93638754	0.0069571584	0	-0.018849555	0	0.3505906	-0.93638754	0.0069571584	2.1359406e-20	1
0	0.39963734	-0.9165168	0.007138473	0	-0.012566371	0	0.39963734	-0.9165168	0.007138473	2.3685254e-20	1
0	0.42663252	-0.9042597	0.007213237	0	-0.009424778	0	0.42663252	-0.9042597	0.007213237	2.482763e-20	1
0	0.45559442	-0.89001226	0.007272225	0	-0.0062831854	0	0.45559442	-0.89001226	0.007272225	2.5953425e-20	1
0	0.4803968	-0.87686753	0.0073043285	0	-0.0037699111	0	0.4803968	-0.87686753	0.0073043285	2.6840282e-20	1
0	0.49346715	-0.8695761	0.0073140925	0	-0.002513274	0	0.49346715	-0.8695761	0.0073140925	2.7278526e-20	1
0	0.5001695	-0.86573684	0.007317137	0	-0.0018849556	0	0.5001695	-0.86573684	0.007317137	2.749625e-20	1
0	0.50702286	-0.8617395	0.007318838	0	-0.001256637	0	0.50702286	-0.8617395	0.007318838	2.771298e-20	1
0	0.50702286	-0.8617395	0.007318838	0	-0.0010053096	0	0.50702286	-0.8617395	0.007318838	2.7799476e-20	1
0	0.514016	-0.8575851	0.007319091	0	-0.0006283185	0	0.514016	-0.8575851	0.007319091	2.7928697e-20	1
0	0.5182806	-0.85501355	0.007318503	0	-0.0002513274	0	0.5182806	-0.85501355	0.007318503	2.805761e-20	1
0	0.5182806	-0.85501355	0.007318503	0	-0.0001256637	0	0.5182806	-0.85501355	0.007318503	2.810052e-20	1
0	0.5182806	-0.85501355	0.007318503	0	-6.283185e-05	0	0.5182806	-0.85501355	0.007318503	2.8121976e-20	1
0	0.5182806	-0.85501355	0.007318503	0	-2.5132742e-05	0	0.5182806	-0.85501355	0.007318503	2.813485e-20	1
0	0.5182806	-0.85501355	0.007318503	0	-1.2566371e-05	0	0.5182806	-0.85501355	0.007318503	2.813914e-20	1
0	0.5182806	-0.85501355	0.007318503	0	-6.2831855e-06	0	0.5182806	-0.85501355	0.007318503	2.8141285e-20	1
0	0.5182806	-0.85501355	0.007318503	0	-2.513274e-06	0	0.5182806	-0.85501355	0.007318503	2.814257e-20	1
0	0.5182806	-0.85501355	0.007318503	0	-1.256637e-06	0	0.5182806	-0.85501355	0.007318503	2.8143e-20	1
0	0.5182806	-0.85501355	0.007318503	0	-6.283185e-07	0	0.5182806	-0.85501355	0.007318503	2.8143214e-20	1
0	0.5182806	-0.85501355	0.007318503	0	-2.513274e-07	0	0.5182806	-0.85501355	0.007318503	2.8143344e-20	1
0	0.5182806	-0.85501355	0.007318503	0	-1.256637e-07	0	0.5182806	-0.85501355	0.007318503	2.814339e-20	1
0	0.5182806	-0.85501355	0.007318503	0	0	0	0.5182806	-0.85501355	0.007318503	2.814343e-20	1
0	0.5182806	-0.85501355	0.007318503	0	1.256637e-07	0	0.5182806	-0.85501355	0.007318503	2.8143473e-20	1
0	0.5182806	-0.85501355	0.007318503	0	2.513274e-07	0	0.5182806	-0.85501355	0.007318503	2.8143515e-20	1
0	0.5182806	-0.85501355	0.007318503	0	6.283185e-07	0	0.5182806	-0.85501355	0.007318503	2.8143644e-20	1
0	0.5182806	-0.85501355	0.007318503	0	1.256637e-06	0	0.5182806	-0.85501355	0.007318503	2.814386e-20	1
0	0.5182806	-0.85501355	0.007318503	0	2.513274e-06	0	0.5182806	-0.85501355	0.007318503	2.8144287e-20	1
0	0.5182806	-0.85501355	0.007318503	0	6.2831855e-06	0	0.5182806	-0.85501355	0.007318503	2.8145576e-20	1
0	0.5182806	-0.85501355	0.007318503	0	1.2566371e-05	0	0.5182806	-0.85501355	0.007318503	2.8147722e-20	1
0	0.5182806	-0.85501355	0.007318503	0	2.5132742e-05	0	0.5182806	-0.85501355	0.007318503	2.8152013e-20	1
0	0.5182806	-0.85501355	0.007318503	0	6.283185e-05	0	0.5182806	-0.85501355	0.007318503	2.8164886e-20	1
0	0.52260303	-0.85237753	0.0073173256	0	0.0001256637	0	0.52260303	-0.85237753	0.0073173256	2.8186144e-20	1
0	0.52260303	-0.85237753	0.0073173256	0	0.0002513274	0	0.52260303	-0.85237753	0.0073173256	2.822892e-20	1
0	0.528457	-0.8487594	0.00731479	0	0.0006283185	0	0.528457	-0.8487594	0.00731479	2.835689e-20	1
0	0.53293204	-0.84595585	0.0073121097	0	0.0010053096	0	0.53293204	-0.84595585	0.0073121097	2.848446e-20	1
0	0.53293204	-0.84595585	0.0073121097	0	0.001256637	0	0.53293204	-0.84595585	0.0073121097	2.8569368e-20	1
0	0.5436218	-0.83912426	0.007303095	0	0.0018849556	0	0.5436218	-0.83912426	0.007303095	2.8780454e-20	1
0	0.5515014	-0.83396506	0.0072940504	0	0.002513274	0	0.5515014	-0.83396506	0.0072940504	2.8990364e-20	1
0	0.5679935	-0.8228183	0.007268375	0	0.0037699111	0	0.5679935	-0.8228183	0.007268375	2.9406138e-20	1
0	0.6047468	-0.79619	0.0071770344	0	0.0062831854	0	0.6047468	-0.79619	0.0071770344	3.02192e-20	1
0	0.6638608	-0.7476077	0.006923966	0	0.009424778	0	0.6638608	-0.7476077	0.006923966	3.1190296e-20	1
0	0.72422206	0.6893333	0.000206503	0	0.012566371	0	0.72422206	0.6893333	0.000206503	2.4159737e-20	1
0	0.63548183	0.77190983	-4.0066014e-05	0	0.018849555	0	0.63548183	0.77190983	-4.0066014e-05	2.2328345e-20	1
0	-0.30730814	0.9514814	-0.0067522423	0	0.025132742	0	-0.30730814	0.9514814	-0.0067522423	1.8989968e-20	1
0	-0.23617712	0.9715998	-0.0063331877	0	0.03769911	0	-0.23617712	0.9715998	-0.0063331877	1.4159752e-20	1
0	-0.18349901	0.98292136	-0.005961816	0	0.050265484	0	-0.18349901	0.98292136	-0.005961816	9.252603e-21	1
0	-0.14578035	0.98922575	-0.0056633577	0	0.06283186	0	-0.14578035	0.98922575	-0.0056633577	4.302468e-21	1
