# t (s)	mx ()	my ()	mz ()	B_extx (T)	B_exty (T)	B_extz (T)	mx ()	my ()	mz ()	E_total (J)	branch ()
0	0.9971132	0.07505277	-0.0009984187	0.06283186	0	0	0.9971132	0.07505277	-0.0009984187	2.4200146e-21	-1
0	0.99627185	0.085483834	-0.0010117497	0.050265484	0	0	0.99627185	0.085483834	-0.0010117497	7.422052e-21	-1
0	0.99500215	0.099158466	-0.001026147	0.03769911	0	0	0.99500215	0.099158466	-0.001026147	1.24188915e-20	-1
0	0.9929656	0.11779907	-0.0010414519	0.025132742	0	0	0.9929656	0.11779907	-0.0010414519	1.7407638e-20	-1
0	0.99145675	0.12987557	-0.0010491882	0.018849555	0	0	0.99145675	0.12987557	-0.0010491882	1.9897432e-20	-1
0	0.98941815	0.14457548	-0.0010565888	0.012566371	0	0	0.98941815	0.14457548	-0.0010565888	2.2382824e-20	-1
0	0.9881195	0.1531932	-0.0010599957	0.009424778	0	0	0.9881195	0.1531932	-0.0010599957	2.3623386e-20	-1
0	0.9865744	0.16283926	-0.0010630119	0.0062831854	0	0	0.9865744	0.16283926	-0.0010630119	2.4862167e-20	-1
0	0.9851139	0.17144631	-0.0010650214	0.0037699111	0	0	0.9851139	0.17144631	-0.0010650214	2.5851677e-20	-1
0	0.9842948	0.1760843	-0.0010658466	0.002513274	0	0	0.9842948	0.1760843	-0.0010658466	2.6345853e-20	-1
0	0.9838606	0.1784926	-0.0010662063	0.0018849556	0	0	0.9838606	0.1784926	-0.0010662063	2.6592786e-20	-1
0	0.983407	0.18097281	-0.0010665213	0.001256637	0	0	0.983407	0.18097281	-0.0010665213	2.68396e-20	-1
0	0.9832194	0.18198836	-0.0010666396	0.0010053096	0	0	0.9832194	0.18198836	-0.0010666396	2.6938297e-20	-1
0	0.98293257	0.18353021	-0.0010667932	0.0006283185	0	0	0.98293257	0.18353021	-0.0010667932	2.7086305e-20	-1
0	0.9826407	0.18508537	-0.0010669378	0.0002513274	0	0	0.9826407	0.18508537	-0.0010669378	2.7234266e-20	-1
0	0.9825412	0.18561205	-0.0010669763	0.0001256637	0	0	0.9825412	0.18561205	-0.0010669763	2.7283577e-20	-1
0	0.9825412	0.18561205	-0.0010669763	6.283185e-05	0	0	0.9825412	0.18561205	-0.0010669763	2.730823e-20	-1
0	0.9825412	0.18561205	-0.0010669763	2.5132742e-05	0	0	0.9825412	0.18561205	-0.0010669763	2.7323023e-20	-1
0	0.9825412	0.18561205	-0.0010669763	1.2566371e-05	0	0	0.9825412	0.18561205	-0.0010669763	2.7327954e-20	-1
0	0.9825412	0.18561205	-0.0010669763	6.2831855e-06	0	0	0.9825412	0.18561205	-0.0010669763	2.733042e-20	-1
0	0.9825412	0.18561205	-0.0010669763	2.513274e-06	0	0	0.9825412	0.18561205	-0.0010669763	2.73319e-20	-1
0	0.9825412	0.18561205	-0.0010669763	1.256637e-06	0	0	0.9825412	0.18561205	-0.0010669763	2.7332393e-20	-1
0	0.9825412	0.18561205	-0.0010669763	6.283185e-07	0	0	0.9825412	0.18561205	-0.0010669763	2.733264e-20	-1
0	0.9825412	0.18561205	-0.0010669763	2.513274e-07	0	0	0.9825412	0.18561205	-0.0010669763	2.7332787e-20	-1
0	0.9825412	0.18561205	-0.0010669763	1.256637e-07	0	0	0.9825412	0.18561205	-0.0010669763	2.7332836e-20	-1
0	0.9825412	0.18561205	-0.0010669763	0	0	0	0.9825412	0.18561205	-0.0010669763	2.7332884e-20	-1
0	0.9825412	0.18561205	-0.0010669763	-1.256637e-07	0	0	0.9825412	0.18561205	-0.0010669763	2.7332936e-20	-1
0	0.9825412	0.18561205	-0.0010669763	-2.513274e-07	0	0	0.9825412	0.18561205	-0.0010669763	2.7332985e-20	-1
0	0.9825412	0.18561205	-0.0010669763	-6.283185e-07	0	0	0.9825412	0.18561205	-0.0010669763	2.7333133e-20	-1
0	0.9825412	0.18561205	-0.0010669763	-1.256637e-06	0	0	0.9825412	0.18561205	-0.0010669763	2.733338e-20	-1
0	0.9825412	0.18561205	-0.0010669763	-2.513274e-06	0	0	0.9825412	0.18561205	-0.0010669763	2.7333873e-20	-1
0	0.9825412	0.18561205	-0.0010669763	-6.2831855e-06	0	0	0.9825412	0.18561205	-0.0010669763	2.733535e-20	-1
0	0.9825412	0.18561205	-0.0010669763	-1.2566371e-05	0	0	0.9825412	0.18561205	-0.0010669763	2.7337815e-20	-1
0	0.9825412	0.18561205	-0.0010669763	-2.5132742e-05	0	0	0.9825412	0.18561205	-0.0010669763	2.7342746e-20	-1
0	0.9825412	0.18561205	-0.0010669763	-6.283185e-05	0	0	0.9825412	0.18561205	-0.0010669763	2.735754e-20	-1
0	0.9825412	0.18561205	-0.0010669763	-0.0001256637	0	0	0.9825412	0.18561205	-0.0010669763	2.7382195e-20	-1
0	0.98223734	0.18721238	-0.0010670942	-0.0002513274	0	0	0.98223734	0.18721238	-0.0010670942	2.7431487e-20	-1
0	0.9819262	0.18883608	-0.001067191	-0.0006283185	0	0	0.9819262	0.18883608	-0.001067191	2.7579342e-20	-1
0	0.98160684	0.19048801	-0.001067268	-0.0010053096	0	0	0.98160684	0.19048801	-0.001067268	2.772715e-20	-1
0	0.98160684	0.19048801	-0.001067268	-0.001256637	0	0	0.98160684	0.19048801	-0.001067268	2.782567e-20	-1
0	0.98082614	0.19446474	-0.0010673602	-0.0018849556	0	0	0.98082614	0.19446474	-0.0010673602	2.8071848e-20	-1
0	0.980241	0.19739082	-0.0010673489	-0.002513274	0	0	0.980241	0.19739082	-0.0010673489	2.831789e-20	-1
0	0.978984	0.20352909	-0.0010670985	-0.0037699111	0	0	0.978984	0.20352909	-0.0010670985	2.880951e-20	-1
0	0.976073	0.21705046	-0.0010655073	-0.0062831854	0	0	0.976073	0.21705046	-0.0010655073	2.9790706e-20	-1
0	0.9714749	0.23676832	-0.0010605224	-0.009424778	0	0	0.9714749	0.23676832	-0.0010605224	3.101256e-20	-1
0	0.9653139	0.260736	-0.0010503588	-0.012566371	0	0	0.9653139	0.260736	-0.0010503588	3.222774e-20	-1
0	0.9429778	0.3325345	-0.0009926026	-0.018849555	0	0	0.9429778	0.3325345	-0.0009926026	3.4626107e-20	-1
0	-0.9929653	-0.11780111	0.0010414505	-0.025132742	0	0	-0.9929653	-0.11780111	0.0010414505	1.7407638e-20	-1
0	-0.9950019	-0.09916115	0.0010261496	-0.03769911	0	0	-0.9950019	-0.09916115	0.0010261496	1.2418896e-20	-1
0	-0.9962715	-0.08548741	0.0010117465	-0.050265484	0	0	-0.9962715	-0.08548741	0.0010117465	7.422061e-21	-1
0	-0.9971131	-0.07505454	0.0009984192	-0.06283186	0	0	-0.9971131	-0.07505454	0.0009984192	2.4200138e-21	-1
0	-0.9971131	-0.07505454	0.0009984192	-0.06283186	0	0	-0.9971131	-0.07505454	0.0009984192	2.4200138e-21	1
0	-0.9962716	-0.08548534	0.0010117507	-0.050265484	0	0	-0.9962716	-0.08548534	0.0010117507	7.422057e-21	1
0	-0.99500215	-0.099157795	0.0010261466	-0.03769911	0	0	-0.99500215	-0.099157795	0.0010261466	1.2418895e-20	1
0	-0.99296594	-0.11779548	0.0010414491	-0.025132742	0	0	-0.99296594	-0.11779548	0.0010414491	1.7407638e-20	1
0	-0.99145734	-0.12987065	0.0010491861	-0.018849555	0	0	-0.99145734	-0.12987065	0.0010491861	1.9897437e-20	1
0	-0.9894177	-0.14457935	0.0010565994	-0.012566371	0	0	-0.9894177	-0.14457935	0.0010565994	2.2382827e-20	1
0	-0.98812056	-0.15318602	0.0010599939	-0.009424778	0	0	-0.98812056	-0.15318602	0.0010599939	2.3623383e-20	1
0	-0.98657465	-0.16283742	0.0010630114	-0.0062831854	0	0	-0.98657465	-0.16283742	0.0010630114	2.4862162e-20	1
0	-0.9851141	-0.17144504	0.0010650208	-0.0037699111	0	0	-0.9851141	-0.17144504	0.0010650208	2.5851682e-20	1
0	-0.9842944	-0.17608628	0.0010658465	-0.002513274	0	0	-0.9842944	-0.17608628	0.0010658465	2.6345851e-20	1
0	-0.9838606	-0.1784923	0.0010662045	-0.0018849556	0	0	-0.9838606	-0.1784923	0.0010662045	2.659278e-20	1
0	-0.9834062	-0.18097764	0.0010665212	-0.001256637	0	0	-0.9834062	-0.18097764	0.0010665212	2.6839602e-20	1
0	-0.9834062	-0.18097764	0.0010665212	-0.0010053096	0	0	-0.9834062	-0.18097764	0.0010665212	2.6938308e-20	1
0	-0.9829335	-0.18352506	0.0010667939	-0.0006283185	0	0	-0.9829335	-0.18352506	0.0010667939	2.7086302e-20	1
0	-0.98264086	-0.18508436	0.001066935	-0.0002513274	0	0	-0.98264086	-0.18508436	0.001066935	2.7234266e-20	1
0	-0.9825413	-0.18561149	0.0010669774	-0.0001256637	0	0	-0.9825413	-0.18561149	0.0010669774	2.728358e-20	1
0	-0.9825413	-0.18561149	0.0010669774	-6.283185e-05	0	0	-0.9825413	-0.18561149	0.0010669774	2.7308234e-20	1
0	-0.9825413	-0.18561149	0.0010669774	-2.5132742e-05	0	0	-0.9825413	-0.18561149	0.0010669774	2.7323026e-20	1
0	-0.9825413	-0.18561149	0.0010669774	-1.2566371e-05	0	0	-0.9825413	-0.18561149	0.0010669774	2.7327957e-20	1
0	-0.9825413	-0.18561149	0.0010669774	-6.2831855e-06	0	0	-0.9825413	-0.18561149	0.0010669774	2.7330422e-20	1
0	-0.9825413	-0.18561149	0.0010669774	-2.513274e-06	0	0	-0.9825413	-0.18561149	0.0010669774	2.7331902e-20	1
0	-0.9825413	-0.18561149	0.0010669774	-1.256637e-06	0	0	-0.9825413	-0.18561149	0.0010669774	2.7332393e-20	1
0	-0.9825413	-0.18561149	0.0010669774	-6.283185e-07	0	0	-0.9825413	-0.18561149	0.0010669774	2.7332642e-20	1
0	-0.9825413	-0.18561149	0.0010669774	-2.513274e-07	0	0	-0.9825413	-0.18561149	0.0010669774	2.7332787e-20	1
0	-0.9825413	-0.18561149	0.0010669774	-1.256637e-07	0	0	-0.9825413	-0.18561149	0.0010669774	2.733284e-20	1
0	-0.9825413	-0.18561149	0.0010669774	0	0	0	-0.9825413	-0.18561149	0.0010669774	2.7332888e-20	1
0	-0.9825413	-0.18561149	0.0010669774	1.256637e-07	0	0	-0.9825413	-0.18561149	0.0010669774	2.7332936e-20	1
0	-0.9825413	-0.18561149	0.0010669774	2.513274e-07	0	0	-0.9825413	-0.18561149	0.0010669774	2.7332985e-20	1
0	-0.9825413	-0.18561149	0.0010669774	6.283185e-07	0	0	-0.9825413	-0.18561149	0.0010669774	2.7333133e-20	1
0	-0.9825413	-0.18561149	0.0010669774	1.256637e-06	0	0	-0.9825413	-0.18561149	0.0010669774	2.733338e-20	1
0	-0.9825413	-0.18561149	0.0010669774	2.513274e-06	0	0	-0.9825413	-0.18561149	0.0010669774	2.7333873e-20	1
0	-0.9825413	-0.18561149	0.0010669774	6.2831855e-06	0	0	-0.9825413	-0.18561149	0.0010669774	2.7335353e-20	1
0	-0.9825413	-0.18561149	0.0010669774	1.2566371e-05	0	0	-0.9825413	-0.18561149	0.0010669774	2.733782e-20	1
0	-0.9825413	-0.18561149	0.0010669774	2.5132742e-05	0	0	-0.9825413	-0.18561149	0.0010669774	2.734275e-20	1
0	-0.9825413	-0.18561149	0.0010669774	6.283185e-05	0	0	-0.9825413	-0.18561149	0.0010669774	2.735754e-20	1
0	-0.9825413	-0.18561149	0.0010669774	0.0001256637	0	0	-0.9825413	-0.18561149	0.0010669774	2.7382195e-20	1
0	-0.982237	-0.1872142	0.0010670908	0.0002513274	0	0	-0.982237	-0.1872142	0.0010670908	2.7431484e-20	1
0	-0.9819263	-0.18883552	0.0010671911	0.0006283185	0	0	-0.9819263	-0.18883552	0.0010671911	2.7579342e-20	1
0	-0.98160696	-0.19048747	0.0010672677	0.0010053096	0	0	-0.98160696	-0.19048747	0.0010672677	2.7727152e-20	1
0	-0.98160696	-0.19048747	0.0010672677	0.001256637	0	0	-0.98160696	-0.19048747	0.0010672677	2.7825677e-20	1
0	-0.98082817	-0.19445442	0.0010673618	0.0018849556	0	0	-0.98082817	-0.19445442	0.0010673618	2.8071848e-20	1
0	-0.9802432	-0.19737989	0.0010673504	0.002513274	0	0	-0.9802432	-0.19737989	0.0010673504	2.831789e-20	1
0	-0.9789833	-0.2035326	0.0010670994	0.0037699111	0	0	-0.9789833	-0.2035326	0.0010670994	2.8809515e-20	1
0	-0.97607446	-0.21704403	0.0010654829	0.0062831854	0	0	-0.97607446	-0.21704403	0.0010654829	2.9790706e-20	1
0	-0.9714791	-0.23675108	0.0010605301	0.009424778	0	0	-0.9714791	-0.23675108	0.0010605301	3.101256e-20	1
0	-0.96532047	-0.2607117	0.0010503733	0.012566371	0	0	-0.96532047	-0.2607117	0.0010503733	3.222774e-20	1
0	-0.94297755	-0.33253503	0.000992602	0.018849555	0	0	-0.94297755	-0.33253503	0.000992602	3.4626104e-20	1
0	0.99296683	0.11778801	-0.0010414465	0.025132742	0	0	0.99296683	0.11778801	-0.0010414465	1.7407635e-20	1
0	0.9950019	0.09916052	-0.0010261477	0.03769911	0	0	0.9950019	0.09916052	-0.0010261477	1.2418897e-20	1
0	0.99627125	0.08549072	-0.0010117536	0.050265484	0	0	0.99627125	0.08549072	-0.0010117536	7.422052e-21	1
0	0.997113	0.07505573	-0.0009984195	0.06283186	0	0	0.997113	0.07505573	-0.0009984195	2.4200138e-21	1
