# t (s)	mx ()	my ()	mz ()	B_extx (T)	B_exty (T)	B_extz (T)	mx ()	my ()	mz ()	E_total (J)	branch ()
0	-0.041854307	0.9990567	0.0016689642	0	0.06283186	0	-0.041854307	0.9990567	0.0016689642	4.59657e-21	-1
0	-0.049655575	0.99869835	0.0016937521	0	0.050265484	0	-0.049655575	0.99869835	0.0016937521	9.609521e-21	-1
0	-0.060927123	0.99807286	0.0017235159	0	0.03769911	0	-0.060927123	0.99807286	0.0017235159	1.4620081e-20	-1
0	-0.07852931	0.9968406	0.0017616125	0	0.025132742	0	-0.07852931	0.9968406	0.0017616125	1.9626204e-20	-1
0	-0.09155837	0.9957272	0.0017857067	0	0.018849555	0	-0.09155837	0.9957272	0.0017857067	2.2126233e-20	-1
0	-0.10943487	0.9939195	0.0018149046	0	0.012566371	0	-0.10943487	0.9939195	0.0018149046	2.462269e-20	-1
0	-0.12111285	0.9925629	0.0018320483	0	0.009424778	0	-0.12111285	0.9925629	0.0018320483	2.586888e-20	-1
0	-0.13537024	0.99071753	0.0018512309	0	0.0062831854	0	-0.13537024	0.99071753	0.0018512309	2.711308e-20	-1
0	-0.14933854	0.9887067	0.0018683088	0	0.0037699111	0	-0.14933854	0.9887067	0.0018683088	2.8106502e-20	-1
0	-0.15739173	0.9874557	0.0018774372	0	0.002513274	0	-0.15739173	0.9874557	0.0018774372	2.8602374e-20	-1
0	-0.16174163	0.98675203	0.0018821534	0	0.0018849556	0	-0.16174163	0.98675203	0.0018821534	2.8850066e-20	-1
0	-0.16634011	0.9859866	0.0018869778	0	0.001256637	0	-0.16634011	0.9859866	0.0018869778	2.9097574e-20	-1
0	-0.16634011	0.9859866	0.0018869778	0	0.0010053096	0	-0.16634011	0.9859866	0.0018869778	2.919654e-20	-1
0	-0.17120454	0.98515296	0.0018919015	0	0.0006283185	0	-0.17120454	0.98515296	0.0018919015	2.934488e-20	-1
0	-0.17426288	0.98461616	0.0018949118	0	0.0002513274	0	-0.17426288	0.98461616	0.0018949118	2.9493157e-20	-1
0	-0.17426288	0.98461616	0.0018949118	0	0.0001256637	0	-0.17426288	0.98461616	0.0018949118	2.954257e-20	-1
0	-0.17426288	0.98461616	0.0018949118	0	6.283185e-05	0	-0.17426288	0.98461616	0.0018949118	2.9567277e-20	-1
0	-0.17426288	0.98461616	0.0018949118	0	2.5132742e-05	0	-0.17426288	0.98461616	0.0018949118	2.95821e-20	-1
0	-0.17426288	0.98461616	0.0018949118	0	1.2566371e-05	0	-0.17426288	0.98461616	0.0018949118	2.9587042e-20	-1
0	-0.17426288	0.98461616	0.0018949118	0	6.2831855e-06	0	-0.17426288	0.98461616	0.0018949118	2.9589514e-20	-1
0	-0.17426288	0.98461616	0.0018949118	0	2.513274e-06	0	-0.17426288	0.98461616	0.0018949118	2.9590997e-20	-1
0	-0.17426288	0.98461616	0.0018949118	0	1.256637e-06	0	-0.17426288	0.98461616	0.0018949118	2.959149e-20	-1
0	-0.17426288	0.98461616	0.0018949118	0	6.283185e-07	0	-0.17426288	0.98461616	0.0018949118	2.9591737e-20	-1
0	-0.17426288	0.98461616	0.0018949118	0	2.513274e-07	0	-0.17426288	0.98461616	0.0018949118	2.9591886e-20	-1
0	-0.17426288	0.98461616	0.0018949118	0	1.256637e-07	0	-0.17426288	0.98461616	0.0018949118	2.9591934e-20	-1
0	-0.17426288	0.98461616	0.0018949118	0	0	0	-0.17426288	0.98461616	0.0018949118	2.9591986e-20	-1
0	-0.17426288	0.98461616	0.0018949118	0	-1.256637e-07	0	-0.17426288	0.98461616	0.0018949118	2.9592034e-20	-1
0	-0.17426288	0.98461616	0.0018949118	0	-2.513274e-07	0	-0.17426288	0.98461616	0.0018949118	2.9592083e-20	-1
0	-0.17426288	0.98461616	0.0018949118	0	-6.283185e-07	0	-0.17426288	0.98461616	0.0018949118	2.959223e-20	-1
0	-0.17426288	0.98461616	0.0018949118	0	-1.256637e-06	0	-0.17426288	0.98461616	0.0018949118	2.959248e-20	-1
0	-0.17426288	0.98461616	0.0018949118	0	-2.513274e-06	0	-0.17426288	0.98461616	0.0018949118	2.959297e-20	-1
0	-0.17426288	0.98461616	0.0018949118	0	-6.2831855e-06	0	-0.17426288	0.98461616	0.0018949118	2.9594454e-20	-1
0	-0.17426288	0.98461616	0.0018949118	0	-1.2566371e-05	0	-0.17426288	0.98461616	0.0018949118	2.9596926e-20	-1
0	-0.17426288	0.98461616	0.0018949118	0	-2.5132742e-05	0	-0.17426288	0.98461616	0.0018949118	2.9601867e-20	-1
0	-0.17688754	0.98414767	0.0018974288	0	-6.283185e-05	0	-0.17688754	0.98414767	0.0018974288	2.9616662e-20	-1
0	-0.17688754	0.98414767	0.0018974288	0	-0.0001256637	0	-0.17688754	0.98414767	0.0018974288	2.9641358e-20	-1
0	-0.17688754	0.98414767	0.0018974288	0	-0.0002513274	0	-0.17688754	0.98414767	0.0018974288	2.9690747e-20	-1
0	-0.18182313	0.98324704	0.0019020292	0	-0.0006283185	0	-0.18182313	0.98324704	0.0019020292	2.9838812e-20	-1
0	-0.18529361	0.9825984	0.00190515	0	-0.0010053096	0	-0.18529361	0.9825984	0.00190515	2.99868e-20	-1
0	-0.18529361	0.9825984	0.00190515	0	-0.001256637	0	-0.18529361	0.9825984	0.00190515	3.008542e-20	-1
0	-0.19389072	0.980937	0.001912497	0	-0.0018849556	0	-0.19389072	0.980937	0.001912497	3.0331692e-20	-1
0	-0.20056579	0.9795929	0.00191782	0	-0.002513274	0	-0.20056579	0.9795929	0.00191782	3.057767e-20	-1
0	-0.21553025	0.9764073	0.0019285309	0	-0.0037699111	0	-0.21553025	0.9764073	0.0019285309	3.1068513e-20	-1
0	-0.25494254	0.96685857	0.0019486495	0	-0.0062831854	0	-0.25494254	0.96685857	0.0019486495	3.204421e-20	-1
0	0.99600065	-0.0885445	0.0004891077	0	-0.009424778	0	0.99600065	-0.0885445	0.0004891077	2.7501112e-20	-1
0	0.9603673	-0.27838817	0.00018508662	0	-0.012566371	0	0.9603673	-0.27838817	0.00018508662	2.7299422e-20	-1
0	0.09156567	-0.99572647	-0.0017857128	0	-0.018849555	0	0.09156567	-0.99572647	-0.0017857128	2.2126232e-20	-1
0	0.07853547	-0.9968401	-0.0017616365	0	-0.025132742	0	0.07853547	-0.9968401	-0.0017616365	1.9626203e-20	-1
0	0.060931504	-0.9980725	-0.0017235237	0	-0.03769911	0	0.060931504	-0.9980725	-0.0017235237	1.4620081e-20	-1
0	0.04965788	-0.99869823	-0.0016937541	0	-0.050265484	0	0.04965788	-0.99869823	-0.0016937541	9.609521e-21	-1
0	0.041856304	-0.9990566	-0.001668967	0	-0.06283186	0	0.041856304	-0.9990566	-0.001668967	4.59657e-21	-1
0	0.041856304	-0.9990566	-0.001668967	0	-0.06283186	0	0.041856304	-0.9990566	-0.001668967	4.59657e-21	1
0	0.049654473	-0.99869835	-0.0016937526	0	-0.050265484	0	0.049654473	-0.99869835	-0.0016937526	9.60952e-21	1
0	0.060927562	-0.99807274	-0.001723517	0	-0.03769911	0	0.060927562	-0.99807274	-0.001723517	1.4620081e-20	1
0	0.078517675	-0.99684143	-0.001761597	0	-0.025132742	0	0.078517675	-0.99684143	-0.001761597	1.9626203e-20	1
0	0.09154467	-0.9957284	-0.0017856909	0	-0.018849555	0	0.09154467	-0.9957284	-0.0017856909	2.2126232e-20	1
0	0.10944192	-0.99391866	-0.0018149021	0	-0.012566371	0	0.10944192	-0.99391866	-0.0018149021	2.4622692e-20	1
0	0.12110839	-0.9925635	-0.0018320475	0	-0.009424778	0	0.12110839	-0.9925635	-0.0018320475	2.586888e-20	1
0	0.13538498	-0.9907155	-0.0018512462	0	-0.0062831854	0	0.13538498	-0.9907155	-0.0018512462	2.7113077e-20	1
0	0.14935437	-0.9887043	-0.0018683118	0	-0.0037699111	0	0.14935437	-0.9887043	-0.0018683118	2.81065e-20	1
0	0.1573932	-0.9874555	-0.0018774355	0	-0.002513274	0	0.1573932	-0.9874555	-0.0018774355	2.8602377e-20	1
0	0.16174997	-0.9867506	-0.0018821612	0	-0.0018849556	0	0.16174997	-0.9867506	-0.0018821612	2.8850066e-20	1
0	0.16633329	-0.9859878	-0.0018869743	0	-0.001256637	0	0.16633329	-0.9859878	-0.0018869743	2.9097574e-20	1
0	0.16633329	-0.9859878	-0.0018869743	0	-0.0010053096	0	0.16633329	-0.9859878	-0.0018869743	2.919654e-20	1
0	0.17120223	-0.9851533	-0.0018918978	0	-0.0006283185	0	0.17120223	-0.9851533	-0.0018918978	2.934488e-20	1
0	0.1742562	-0.98461735	-0.0018949013	0	-0.0002513274	0	0.1742562	-0.98461735	-0.0018949013	2.949316e-20	1
0	0.1742562	-0.98461735	-0.0018949013	0	-0.0001256637	0	0.1742562	-0.98461735	-0.0018949013	2.954257e-20	1
0	0.1742562	-0.98461735	-0.0018949013	0	-6.283185e-05	0	0.1742562	-0.98461735	-0.0018949013	2.956728e-20	1
0	0.1742562	-0.98461735	-0.0018949013	0	-2.5132742e-05	0	0.1742562	-0.98461735	-0.0018949013	2.95821e-20	1
0	0.1742562	-0.98461735	-0.0018949013	0	-1.2566371e-05	0	0.1742562	-0.98461735	-0.0018949013	2.9587045e-20	1
0	0.1742562	-0.98461735	-0.0018949013	0	-6.2831855e-06	0	0.1742562	-0.98461735	-0.0018949013	2.9589514e-20	1
0	0.1742562	-0.98461735	-0.0018949013	0	-2.513274e-06	0	0.1742562	-0.98461735	-0.0018949013	2.9590997e-20	1
0	0.1742562	-0.98461735	-0.0018949013	0	-1.256637e-06	0	0.1742562	-0.98461735	-0.0018949013	2.959149e-20	1
0	0.1742562	-0.98461735	-0.0018949013	0	-6.283185e-07	0	0.1742562	-0.98461735	-0.0018949013	2.9591737e-20	1
0	0.1742562	-0.98461735	-0.0018949013	0	-2.513274e-07	0	0.1742562	-0.98461735	-0.0018949013	2.9591886e-20	1
0	0.1742562	-0.98461735	-0.0018949013	0	-1.256637e-07	0	0.1742562	-0.98461735	-0.0018949013	2.9591937e-20	1
0	0.1742562	-0.98461735	-0.0018949013	0	0	0	0.1742562	-0.98461735	-0.0018949013	2.9591986e-20	1
0	0.1742562	-0.98461735	-0.0018949013	0	1.256637e-07	0	0.1742562	-0.98461735	-0.0018949013	2.9592034e-20	1
0	0.1742562	-0.98461735	-0.0018949013	0	2.513274e-07	0	0.1742562	-0.98461735	-0.0018949013	2.9592086e-20	1
0	0.1742562	-0.98461735	-0.0018949013	0	6.283185e-07	0	0.1742562	-0.98461735	-0.0018949013	2.959223e-20	1
0	0.1742562	-0.98461735	-0.0018949013	0	1.256637e-06	0	0.1742562	-0.98461735	-0.0018949013	2.959248e-20	1
0	0.1742562	-0.98461735	-0.0018949013	0	2.513274e-06	0	0.1742562	-0.98461735	-0.0018949013	2.9592974e-20	1
0	0.1742562	-0.98461735	-0.0018949013	0	6.2831855e-06	0	0.1742562	-0.98461735	-0.0018949013	2.9594458e-20	1
0	0.1742562	-0.98461735	-0.0018949013	0	1.2566371e-05	0	0.1742562	-0.98461735	-0.0018949013	2.9596926e-20	1
0	0.17657736	-0.98420334	-0.0018971323	0	2.5132742e-05	0	0.17657736	-0.98420334	-0.0018971323	2.960184e-20	1
0	0.17657736	-0.98420334	-0.0018971323	0	6.283185e-05	0	0.17657736	-0.98420334	-0.0018971323	2.961666e-20	1
0	0.17657736	-0.98420334	-0.0018971323	0	0.0001256637	0	0.17657736	-0.98420334	-0.0018971323	2.9641355e-20	1
0	0.17657736	-0.98420334	-0.0018971323	0	0.0002513274	0	0.17657736	-0.98420334	-0.0018971323	2.9690747e-20	1
0	0.18186396	-0.98323953	-0.001902061	0	0.0006283185	0	0.18186396	-0.98323953	-0.001902061	2.9838812e-20	1
0	0.18526867	-0.9826032	-0.0019051312	0	0.0010053096	0	0.18526867	-0.9826032	-0.0019051312	2.9986796e-20	1
0	0.18526867	-0.9826032	-0.0019051312	0	0.001256637	0	0.18526867	-0.9826032	-0.0019051312	3.0085418e-20	1
0	0.19390884	-0.9809334	-0.0019125174	0	0.0018849556	0	0.19390884	-0.9809334	-0.0019125174	3.0331695e-20	1
0	0.2005859	-0.97958887	-0.0019178323	0	0.002513274	0	0.2005859	-0.97958887	-0.0019178323	3.0577668e-20	1
0	0.21557279	-0.9763978	-0.001928555	0	0.0037699111	0	0.21557279	-0.9763978	-0.001928555	3.106851e-20	1
0	0.25494617	-0.96685755	-0.0019486514	0	0.0062831854	0	0.25494617	-0.96685755	-0.0019486514	3.204421e-20	1
0	0.9263545	0.37634933	0.0005361176	0	0.009424778	0	0.9263545	0.37634933	0.0005361176	2.6325971e-20	1
0	0.8854686	0.46441317	0.0004877741	0	0.012566371	0	0.8854686	0.46441317	0.0004877741	2.5800775e-20	1
0	-0.09156596	0.99572647	0.0017857203	0	0.018849555	0	-0.09156596	0.99572647	0.0017857203	2.2126235e-20	1
0	-0.078544006	0.9968394	0.001761632	0	0.025132742	0	-0.078544006	0.9968394	0.001761632	1.96262e-20	1
0	-0.06093163	0.9980725	0.0017235237	0	0.03769911	0	-0.06093163	0.9980725	0.0017235237	1.4620083e-20	1
0	-0.04966089	0.998698	0.0016937613	0	0.050265484	0	-0.04966089	0.998698	0.0016937613	9.609519e-21	1
0	-0.041858777	0.9990565	0.0016689703	0	0.06283186	0	-0.041858777	0.9990565	0.0016689703	4.596572e-21	1
