# t (s)	mx ()	my ()	mz ()	B_extx (T)	B_exty (T)	B_extz (T)	mx ()	my ()	mz ()	E_total (J)	branch ()
0	-0.042105578	0.9990462	-0.001617867	0	0.06283186	0	-0.042105578	0.9990462	-0.001617867	4.6121026e-21	-1
0	-0.050021127	0.9986801	-0.0016202559	0	0.050265484	0	-0.050021127	0.9986801	-0.0016202559	9.62498e-21	-1
0	-0.061483614	0.9980388	-0.0016170716	0	0.03769911	0	-0.061483614	0.9980388	-0.0016170716	1.4635415e-20	-1
0	-0.07944025	0.9967686	-0.0016026364	0	0.025132742	0	-0.07944025	0.9967686	-0.0016026364	1.9641286e-20	-1
0	-0.092770524	0.9956151	-0.0015873134	0	0.018849555	0	-0.092770524	0.9956151	-0.0015873134	2.2141092e-20	-1
0	-0.11111173	0.9937337	-0.0015617167	0	0.012566371	0	-0.11111173	0.9937337	-0.0015617167	2.4637188e-20	-1
0	-0.12307651	0.9923216	-0.0015428516	0	0.009424778	0	-0.12307651	0.9923216	-0.0015428516	2.588311e-20	-1
0	-0.13774726	0.99039006	-0.0015177927	0	0.0062831854	0	-0.13774726	0.99039006	-0.0015177927	2.712696e-20	-1
0	-0.15207936	0.9882891	-0.0014915429	0	0.0037699111	0	-0.15207936	0.9882891	-0.0014915429	2.8120005e-20	-1
0	-0.16036953	0.98697674	-0.0014756047	0	0.002513274	0	-0.16036953	0.98697674	-0.0014756047	2.861566e-20	-1
0	-0.16483542	0.98624027	-0.001466858	0	0.0018849556	0	-0.16483542	0.98624027	-0.001466858	2.8863227e-20	-1
0	-0.16956702	0.9854371	-0.0014574154	0	0.001256637	0	-0.16956702	0.9854371	-0.0014574154	2.91106e-20	-1
0	-0.16956702	0.9854371	-0.0014574154	0	0.0010053096	0	-0.16956702	0.9854371	-0.0014574154	2.920951e-20	-1
0	-0.17456576	0.98456323	-0.0014472804	0	0.0006283185	0	-0.17456576	0.98456323	-0.0014472804	2.935776e-20	-1
0	-0.17456576	0.98456323	-0.0014472804	0	0.0002513274	0	-0.17456576	0.98456323	-0.0014472804	2.950599e-20	-1
0	-0.17878345	0.98380554	-0.001438605	0	0.0001256637	0	-0.17878345	0.98380554	-0.001438605	2.9555328e-20	-1
0	-0.17878345	0.98380554	-0.001438605	0	6.283185e-05	0	-0.17878345	0.98380554	-0.001438605	2.9580014e-20	-1
0	-0.17878345	0.98380554	-0.001438605	0	2.5132742e-05	0	-0.17878345	0.98380554	-0.001438605	2.9594826e-20	-1
0	-0.17878345	0.98380554	-0.001438605	0	1.2566371e-05	0	-0.17878345	0.98380554	-0.001438605	2.9599763e-20	-1
0	-0.17878345	0.98380554	-0.001438605	0	6.2831855e-06	0	-0.17878345	0.98380554	-0.001438605	2.9602232e-20	-1
0	-0.17878345	0.98380554	-0.001438605	0	2.513274e-06	0	-0.17878345	0.98380554	-0.001438605	2.9603712e-20	-1
0	-0.17878345	0.98380554	-0.001438605	0	1.256637e-06	0	-0.17878345	0.98380554	-0.001438605	2.9604206e-20	-1
0	-0.17878345	0.98380554	-0.001438605	0	6.283185e-07	0	-0.17878345	0.98380554	-0.001438605	2.9604455e-20	-1
0	-0.17878345	0.98380554	-0.001438605	0	2.513274e-07	0	-0.17878345	0.98380554	-0.001438605	2.96046e-20	-1
0	-0.17878345	0.98380554	-0.001438605	0	1.256637e-07	0	-0.17878345	0.98380554	-0.001438605	2.9604652e-20	-1
0	-0.17878345	0.98380554	-0.001438605	0	0	0	-0.17878345	0.98380554	-0.001438605	2.96047e-20	-1
0	-0.17878345	0.98380554	-0.001438605	0	-1.256637e-07	0	-0.17878345	0.98380554	-0.001438605	2.960475e-20	-1
0	-0.17878345	0.98380554	-0.001438605	0	-2.513274e-07	0	-0.17878345	0.98380554	-0.001438605	2.96048e-20	-1
0	-0.17878345	0.98380554	-0.001438605	0	-6.283185e-07	0	-0.17878345	0.98380554	-0.001438605	2.9604946e-20	-1
0	-0.17878345	0.98380554	-0.001438605	0	-1.256637e-06	0	-0.17878345	0.98380554	-0.001438605	2.9605195e-20	-1
0	-0.17878345	0.98380554	-0.001438605	0	-2.513274e-06	0	-0.17878345	0.98380554	-0.001438605	2.960569e-20	-1
0	-0.17878345	0.98380554	-0.001438605	0	-6.2831855e-06	0	-0.17878345	0.98380554	-0.001438605	2.960717e-20	-1
0	-0.17878345	0.98380554	-0.001438605	0	-1.2566371e-05	0	-0.17878345	0.98380554	-0.001438605	2.9609638e-20	-1
0	-0.17878345	0.98380554	-0.001438605	0	-2.5132742e-05	0	-0.17878345	0.98380554	-0.001438605	2.9614575e-20	-1
0	-0.17878345	0.98380554	-0.001438605	0	-6.283185e-05	0	-0.17878345	0.98380554	-0.001438605	2.9629387e-20	-1
0	-0.17878345	0.98380554	-0.001438605	0	-0.0001256637	0	-0.17878345	0.98380554	-0.001438605	2.9654073e-20	-1
0	-0.17878345	0.98380554	-0.001438605	0	-0.0002513274	0	-0.17878345	0.98380554	-0.001438605	2.9703445e-20	-1
0	-0.18548545	0.9825631	-0.0014245948	0	-0.0006283185	0	-0.18548545	0.9825631	-0.0014245948	2.9851375e-20	-1
0	-0.18903589	0.9818857	-0.0014170682	0	-0.0010053096	0	-0.18903589	0.9818857	-0.0014170682	2.9999256e-20	-1
0	-0.18903589	0.9818857	-0.0014170682	0	-0.001256637	0	-0.18903589	0.9818857	-0.0014170682	3.009781e-20	-1
0	-0.1979017	0.9801359	-0.0013979493	0	-0.0018849556	0	-0.1979017	0.9801359	-0.0013979493	3.034389e-20	-1
0	-0.20471373	0.97873485	-0.0013829742	0	-0.002513274	0	-0.20471373	0.97873485	-0.0013829742	3.0589656e-20	-1
0	-0.2200939	0.9753889	-0.0013482836	0	-0.0037699111	0	-0.2200939	0.9753889	-0.0013482836	3.1080026e-20	-1
0	-0.26067877	0.96532786	-0.0012517278	0	-0.0062831854	0	-0.26067877	0.96532786	-0.0012517278	3.2054467e-20	-1
0	-0.9221034	-0.38664162	-0.0010798485	0	-0.009424778	0	-0.9221034	-0.38664162	-0.0010798485	2.6298416e-20	-1
0	-0.88015544	-0.47440094	-0.00085961795	0	-0.012566371	0	-0.88015544	-0.47440094	-0.00085961795	2.5760472e-20	-1
0	0.09278477	-0.9956138	0.0015872875	0	-0.018849555	0	0.09278477	-0.9956138	0.0015872875	2.2141093e-20	-1
0	0.07945095	-0.99676776	0.0016025808	0	-0.025132742	0	0.07945095	-0.99676776	0.0016025808	1.9641284e-20	-1
0	0.06148725	-0.9980386	0.0016170691	0	-0.03769911	0	0.06148725	-0.9980386	0.0016170691	1.4635415e-20	-1
0	0.05002027	-0.9986802	0.0016202573	0	-0.050265484	0	0.05002027	-0.9986802	0.0016202573	9.624983e-21	-1
0	0.04211118	-0.99904597	0.0016178588	0	-0.06283186	0	0.04211118	-0.99904597	0.0016178588	4.612099e-21	-1
0	0.04211118	-0.99904597	0.0016178588	0	-0.06283186	0	0.04211118	-0.99904597	0.0016178588	4.612099e-21	1
0	0.050017267	-0.99868035	0.0016202617	0	-0.050265484	0	0.050017267	-0.99868035	0.0016202617	9.624979e-21	1
0	0.061481662	-0.99803895	0.0016170745	0	-0.03769911	0	0.061481662	-0.99803895	0.0016170745	1.4635415e-20	1
0	0.07944392	-0.9967683	0.0016026776	0	-0.025132742	0	0.07944392	-0.9967683	0.0016026776	1.9641287e-20	1
0	0.09276125	-0.9956161	0.0015873283	0	-0.018849555	0	0.09276125	-0.9956161	0.0015873283	2.2141092e-20	1
0	0.11110212	-0.9937347	0.0015617339	0	-0.012566371	0	0.11110212	-0.9937347	0.0015617339	2.4637187e-20	1
0	0.12307669	-0.9923216	0.0015428601	0	-0.009424778	0	0.12307669	-0.9923216	0.0015428601	2.5883111e-20	1
0	0.13773486	-0.99039185	0.0015178174	0	-0.0062831854	0	0.13773486	-0.99039185	0.0015178174	2.712696e-20	1
0	0.1520792	-0.98828924	0.0014915358	0	-0.0037699111	0	0.1520792	-0.98828924	0.0014915358	2.8120008e-20	1
0	0.16036323	-0.9869778	0.0014756415	0	-0.002513274	0	0.16036323	-0.9869778	0.0014756415	2.861566e-20	1
0	0.16484082	-0.9862393	0.0014668463	0	-0.0018849556	0	0.16484082	-0.9862393	0.0014668463	2.886323e-20	1
0	0.1695677	-0.98543704	0.0014574146	0	-0.001256637	0	0.1695677	-0.98543704	0.0014574146	2.91106e-20	1
0	0.1695677	-0.98543704	0.0014574146	0	-0.0010053096	0	0.1695677	-0.98543704	0.0014574146	2.920951e-20	1
0	0.1745727	-0.98456204	0.0014472606	0	-0.0006283185	0	0.1745727	-0.98456204	0.0014472606	2.935776e-20	1
0	0.17770287	-0.9840014	0.0014408228	0	-0.0002513274	0	0.17770287	-0.9840014	0.0014408228	2.950595e-20	1
0	0.17770287	-0.9840014	0.0014408228	0	-0.0001256637	0	0.17770287	-0.9840014	0.0014408228	2.955533e-20	1
0	0.17770287	-0.9840014	0.0014408228	0	-6.283185e-05	0	0.17770287	-0.9840014	0.0014408228	2.9580024e-20	1
0	0.17770287	-0.9840014	0.0014408228	0	-2.5132742e-05	0	0.17770287	-0.9840014	0.0014408228	2.959484e-20	1
0	0.17770287	-0.9840014	0.0014408228	0	-1.2566371e-05	0	0.17770287	-0.9840014	0.0014408228	2.9599776e-20	1
0	0.17770287	-0.9840014	0.0014408228	0	-6.2831855e-06	0	0.17770287	-0.9840014	0.0014408228	2.9602245e-20	1
0	0.17770287	-0.9840014	0.0014408228	0	-2.513274e-06	0	0.17770287	-0.9840014	0.0014408228	2.9603725e-20	1
0	0.17770287	-0.9840014	0.0014408228	0	-1.256637e-06	0	0.17770287	-0.9840014	0.0014408228	2.960422e-20	1
0	0.17770287	-0.9840014	0.0014408228	0	-6.283185e-07	0	0.17770287	-0.9840014	0.0014408228	2.9604468e-20	1
0	0.17770287	-0.9840014	0.0014408228	0	-2.513274e-07	0	0.17770287	-0.9840014	0.0014408228	2.9604616e-20	1
0	0.17770287	-0.9840014	0.0014408228	0	-1.256637e-07	0	0.17770287	-0.9840014	0.0014408228	2.9604665e-20	1
0	0.17770287	-0.9840014	0.0014408228	0	0	0	0.17770287	-0.9840014	0.0014408228	2.9604713e-20	1
0	0.17770287	-0.9840014	0.0014408228	0	1.256637e-07	0	0.17770287	-0.9840014	0.0014408228	2.9604762e-20	1
0	0.17770287	-0.9840014	0.0014408228	0	2.513274e-07	0	0.17770287	-0.9840014	0.0014408228	2.9604814e-20	1
0	0.17770287	-0.9840014	0.0014408228	0	6.283185e-07	0	0.17770287	-0.9840014	0.0014408228	2.9604962e-20	1
0	0.17770287	-0.9840014	0.0014408228	0	1.256637e-06	0	0.17770287	-0.9840014	0.0014408228	2.9605208e-20	1
0	0.17770287	-0.9840014	0.0014408228	0	2.513274e-06	0	0.17770287	-0.9840014	0.0014408228	2.9605702e-20	1
0	0.17770287	-0.9840014	0.0014408228	0	6.2831855e-06	0	0.17770287	-0.9840014	0.0014408228	2.9607182e-20	1
0	0.17770287	-0.9840014	0.0014408228	0	1.2566371e-05	0	0.17770287	-0.9840014	0.0014408228	2.960965e-20	1
0	0.17770287	-0.9840014	0.0014408228	0	2.5132742e-05	0	0.17770287	-0.9840014	0.0014408228	2.961459e-20	1
0	0.17770287	-0.9840014	0.0014408228	0	6.283185e-05	0	0.17770287	-0.9840014	0.0014408228	2.9629406e-20	1
0	0.18095608	-0.9834079	0.0014340945	0	0.0001256637	0	0.18095608	-0.9834079	0.0014340945	2.9654053e-20	1
0	0.18095608	-0.9834079	0.0014340945	0	0.0002513274	0	0.18095608	-0.9834079	0.0014340945	2.9703403e-20	1
0	0.18548298	-0.9825635	0.0014246025	0	0.0006283185	0	0.18548298	-0.9825635	0.0014246025	2.9851375e-20	1
0	0.18904924	-0.9818831	0.0014170357	0	0.0010053096	0	0.18904924	-0.9818831	0.0014170357	2.9999256e-20	1
0	0.18904924	-0.9818831	0.0014170357	0	0.001256637	0	0.18904924	-0.9818831	0.0014170357	3.009781e-20	1
0	0.19788207	-0.98013985	0.0013979939	0	0.0018849556	0	0.19788207	-0.98013985	0.0013979939	3.034389e-20	1
0	0.20472622	-0.9787322	0.0013829448	0	0.002513274	0	0.20472622	-0.9787322	0.0013829448	3.0589656e-20	1
0	0.22010654	-0.9753861	0.0013482539	0	0.0037699111	0	0.22010654	-0.9753861	0.0013482539	3.1080026e-20	1
0	0.26069963	-0.96532226	0.001251675	0	0.0062831854	0	0.26069963	-0.96532226	0.001251675	3.2054467e-20	1
0	0.92209256	0.3866675	0.0010797943	0	0.009424778	0	0.92209256	0.3866675	0.0010797943	2.6298419e-20	1
0	0.880157	0.47439808	0.00085962657	0	0.012566371	0	0.880157	0.47439808	0.00085962657	2.5760477e-20	1
0	-0.09276758	0.9956155	-0.0015873166	0	0.018849555	0	-0.09276758	0.9956155	-0.0015873166	2.2141093e-20	1
0	-0.079451	0.99676776	-0.0016026666	0	0.025132742	0	-0.079451	0.99676776	-0.0016026666	1.9641286e-20	1
0	-0.061484307	0.99803877	-0.0016170712	0	0.03769911	0	-0.061484307	0.99803877	-0.0016170712	1.4635415e-20	1
0	-0.05002688	0.9986799	-0.001620248	0	0.050265484	0	-0.05002688	0.9986799	-0.001620248	9.624979e-21	1
0	-0.042107806	0.9990461	-0.0016178638	0	0.06283186	0	-0.042107806	0.9990461	-0.0016178638	4.6121022e-21	1
