# t (s)	mx ()	my ()	mz ()	B_extx (T)	B_exty (T)	B_extz (T)	mx ()	my ()	mz ()	E_total (J)	branch ()
0	0.9996191	0.025022205	-0.0028195768	0.06283186	0	0	0.9996191	0.025022205	-0.0028195768	2.363477e-21	-1
0	0.9995258	0.028477833	-0.002843094	0.050265484	0	0	0.9995258	0.028477833	-0.002843094	7.379856e-21	-1
0	0.99938464	0.03303626	-0.002867207	0.03769911	0	0	0.99938464	0.03303626	-0.002867207	1.23956545e-20	-1
0	0.9991561	0.03932078	-0.0028919424	0.025132742	0	0	0.9991561	0.03932078	-0.0028919424	1.7410546e-20	-1
0	0.99898446	0.04345148	-0.0029044487	0.018849555	0	0	0.99898446	0.04345148	-0.0029044487	1.9917475e-20	-1
0	0.99874926	0.04854486	-0.0029169165	0.012566371	0	0	0.99874926	0.04854486	-0.0029169165	2.2423904e-20	-1
0	0.9985979	0.051558305	-0.0029230753	0.009424778	0	0	0.9985979	0.051558305	-0.0029230753	2.3676869e-20	-1
0	0.9984151	0.054977544	-0.0029291124	0.0062831854	0	0	0.9984151	0.054977544	-0.0029291124	2.492962e-20	-1
0	0.9982406	0.058055617	-0.0029338254	0.0037699111	0	0	0.9982406	0.058055617	-0.0029338254	2.5931647e-20	-1
0	0.998142	0.059723727	-0.0029361164	0.002513274	0	0	0.998142	0.059723727	-0.0029361164	2.643259e-20	-1
0	0.99808925	0.060597777	-0.002937249	0.0018849556	0	0	0.99808925	0.060597777	-0.002937249	2.6683047e-20	-1
0	0.9980347	0.061488774	-0.0029383586	0.001256637	0	0	0.9980347	0.061488774	-0.0029383586	2.693348e-20	-1
0	0.9980347	0.061488774	-0.0029383586	0.0010053096	0	0	0.9980347	0.061488774	-0.0029383586	2.7033653e-20	-1
0	0.9979769	0.06241817	-0.0029394561	0.0006283185	0	0	0.9979769	0.06241817	-0.0029394561	2.7183908e-20	-1
0	0.99794114	0.06298677	-0.0029401071	0.0002513274	0	0	0.99794114	0.06298677	-0.0029401071	2.7334157e-20	-1
0	0.99794114	0.06298677	-0.0029401071	0.0001256637	0	0	0.99794114	0.06298677	-0.0029401071	2.738424e-20	-1
0	0.99794114	0.06298677	-0.0029401071	6.283185e-05	0	0	0.99794114	0.06298677	-0.0029401071	2.7409282e-20	-1
0	0.99794114	0.06298677	-0.0029401071	2.5132742e-05	0	0	0.99794114	0.06298677	-0.0029401071	2.7424304e-20	-1
0	0.99794114	0.06298677	-0.0029401071	1.2566371e-05	0	0	0.99794114	0.06298677	-0.0029401071	2.7429312e-20	-1
0	0.99794114	0.06298677	-0.0029401071	6.2831855e-06	0	0	0.99794114	0.06298677	-0.0029401071	2.7431817e-20	-1
0	0.99794114	0.06298677	-0.0029401071	2.513274e-06	0	0	0.99794114	0.06298677	-0.0029401071	2.743332e-20	-1
0	0.99794114	0.06298677	-0.0029401071	1.256637e-06	0	0	0.99794114	0.06298677	-0.0029401071	2.743382e-20	-1
0	0.99794114	0.06298677	-0.0029401071	6.283185e-07	0	0	0.99794114	0.06298677	-0.0029401071	2.7434072e-20	-1
0	0.99794114	0.06298677	-0.0029401071	2.513274e-07	0	0	0.99794114	0.06298677	-0.0029401071	2.743422e-20	-1
0	0.99794114	0.06298677	-0.0029401071	1.256637e-07	0	0	0.99794114	0.06298677	-0.0029401071	2.7434272e-20	-1
0	0.99794114	0.06298677	-0.0029401071	0	0	0	0.99794114	0.06298677	-0.0029401071	2.743432e-20	-1
0	0.99794114	0.06298677	-0.0029401071	-1.256637e-07	0	0	0.99794114	0.06298677	-0.0029401071	2.7434372e-20	-1
0	0.99794114	0.06298677	-0.0029401071	-2.513274e-07	0	0	0.99794114	0.06298677	-0.0029401071	2.743442e-20	-1
0	0.99794114	0.06298677	-0.0029401071	-6.283185e-07	0	0	0.99794114	0.06298677	-0.0029401071	2.7434573e-20	-1
0	0.99794114	0.06298677	-0.0029401071	-1.256637e-06	0	0	0.99794114	0.06298677	-0.0029401071	2.743482e-20	-1
0	0.99794114	0.06298677	-0.0029401071	-2.513274e-06	0	0	0.99794114	0.06298677	-0.0029401071	2.7435322e-20	-1
0	0.99794114	0.06298677	-0.0029401071	-6.2831855e-06	0	0	0.99794114	0.06298677	-0.0029401071	2.7436825e-20	-1
0	0.99794114	0.06298677	-0.0029401071	-1.2566371e-05	0	0	0.99794114	0.06298677	-0.0029401071	2.743933e-20	-1
0	0.99794114	0.06298677	-0.0029401071	-2.5132742e-05	0	0	0.99794114	0.06298677	-0.0029401071	2.7444337e-20	-1
0	0.9979106	0.06346774	-0.0029406375	-6.283185e-05	0	0	0.9979106	0.06346774	-0.0029406375	2.745936e-20	-1
0	0.9979106	0.06346774	-0.0029406375	-0.0001256637	0	0	0.9979106	0.06346774	-0.0029406375	2.7484397e-20	-1
0	0.9979106	0.06346774	-0.0029406375	-0.0002513274	0	0	0.9979106	0.06346774	-0.0029406375	2.7534477e-20	-1
0	0.99785376	0.064354375	-0.0029416005	-0.0006283185	0	0	0.99785376	0.064354375	-0.0029416005	2.7684714e-20	-1
0	0.99781525	0.06494732	-0.00294223	-0.0010053096	0	0	0.99781525	0.06494732	-0.00294223	2.7834938e-20	-1
0	0.99781525	0.06494732	-0.00294223	-0.001256637	0	0	0.99781525	0.06494732	-0.00294223	2.7935088e-20	-1
0	0.99771893	0.06640921	-0.0029436653	-0.0018849556	0	0	0.99771893	0.06640921	-0.0029436653	2.818545e-20	-1
0	0.9976462	0.06749035	-0.0029446618	-0.002513274	0	0	0.9976462	0.06749035	-0.0029446618	2.8435794e-20	-1
0	0.99749005	0.06975779	-0.0029465756	-0.0037699111	0	0	0.99749005	0.06975779	-0.0029465756	2.8936426e-20	-1
0	0.9971261	0.07477385	-0.0029499996	-0.0062831854	0	0	0.9971261	0.07477385	-0.0029499996	2.993743e-20	-1
0	0.99654216	0.08218308	-0.0029532001	-0.009424778	0	0	0.99654216	0.08218308	-0.0029532001	3.1188105e-20	-1
0	0.9957552	0.09121531	-0.002954522	-0.012566371	0	0	0.9957552	0.09121531	-0.002954522	3.2437926e-20	-1
0	0.9930297	0.11720007	-0.0029451363	-0.018849555	0	0	0.9930297	0.11720007	-0.0029451363	3.493354e-20	-1
0	0.9858533	0.16711003	-0.0028826997	-0.025132742	0	0	0.9858533	0.16711003	-0.0028826997	3.7418035e-20	-1
0	-0.99938464	-0.033035707	0.0028672162	-0.03769911	0	0	-0.99938464	-0.033035707	0.0028672162	1.239565e-20	-1
0	-0.9995258	-0.028478468	0.0028430792	-0.050265484	0	0	-0.9995258	-0.028478468	0.0028430792	7.379855e-21	-1
0	-0.9996191	-0.025024198	0.0028195782	-0.06283186	0	0	-0.9996191	-0.025024198	0.0028195782	2.3634778e-21	-1
0	-0.9996191	-0.025024198	0.0028195782	-0.06283186	0	0	-0.9996191	-0.025024198	0.0028195782	2.3634778e-21	1
0	-0.99952585	-0.028476842	0.0028430785	-0.050265484	0	0	-0.99952585	-0.028476842	0.0028430785	7.379858e-21	1
0	-0.99938464	-0.033036355	0.0028672183	-0.03769911	0	0	-0.99938464	-0.033036355	0.0028672183	1.2395652e-20	1
0	-0.999156	-0.039323024	0.0028919433	-0.025132742	0	0	-0.999156	-0.039323024	0.0028919433	1.7410548e-20	1
0	-0.99898434	-0.04345321	0.002904444	-0.018849555	0	0	-0.99898434	-0.04345321	0.002904444	1.9917475e-20	1
0	-0.99874926	-0.04854481	0.0029169195	-0.012566371	0	0	-0.99874926	-0.04854481	0.0029169195	2.2423907e-20	1
0	-0.9985978	-0.051560022	0.0029230728	-0.009424778	0	0	-0.9985978	-0.051560022	0.0029230728	2.3676866e-20	1
0	-0.99841475	-0.05498454	0.0029291199	-0.0062831854	0	0	-0.99841475	-0.05498454	0.0029291199	2.4929623e-20	1
0	-0.9982405	-0.05805806	0.002933825	-0.0037699111	0	0	-0.9982405	-0.05805806	0.002933825	2.593165e-20	1
0	-0.99814177	-0.059727132	0.0029361183	-0.002513274	0	0	-0.99814177	-0.059727132	0.0029361183	2.6432589e-20	1
0	-0.998089	-0.06060154	0.0029372443	-0.0018849556	0	0	-0.998089	-0.06060154	0.0029372443	2.6683042e-20	1
0	-0.99803424	-0.061495684	0.0029383576	-0.001256637	0	0	-0.99803424	-0.061495684	0.0029383576	2.6933482e-20	1
0	-0.99803424	-0.061495684	0.0029383576	-0.0010053096	0	0	-0.99803424	-0.061495684	0.0029383576	2.7033655e-20	1
0	-0.9979771	-0.06241518	0.0029394552	-0.0006283185	0	0	-0.9979771	-0.06241518	0.0029394552	2.7183908e-20	1
0	-0.99794114	-0.062986575	0.0029401071	-0.0002513274	0	0	-0.99794114	-0.062986575	0.0029401071	2.7334157e-20	1
0	-0.99794114	-0.062986575	0.0029401071	-0.0001256637	0	0	-0.99794114	-0.062986575	0.0029401071	2.738424e-20	1
0	-0.99794114	-0.062986575	0.0029401071	-6.283185e-05	0	0	-0.99794114	-0.062986575	0.0029401071	2.740928e-20	1
0	-0.99794114	-0.062986575	0.0029401071	-2.5132742e-05	0	0	-0.99794114	-0.062986575	0.0029401071	2.7424304e-20	1
0	-0.99794114	-0.062986575	0.0029401071	-1.2566371e-05	0	0	-0.99794114	-0.062986575	0.0029401071	2.7429312e-20	1
0	-0.99794114	-0.062986575	0.0029401071	-6.2831855e-06	0	0	-0.99794114	-0.062986575	0.0029401071	2.7431817e-20	1
0	-0.99794114	-0.062986575	0.0029401071	-2.513274e-06	0	0	-0.99794114	-0.062986575	0.0029401071	2.743332e-20	1
0	-0.99794114	-0.062986575	0.0029401071	-1.256637e-06	0	0	-0.99794114	-0.062986575	0.0029401071	2.743382e-20	1
0	-0.99794114	-0.062986575	0.0029401071	-6.283185e-07	0	0	-0.99794114	-0.062986575	0.0029401071	2.7434072e-20	1
0	-0.99794114	-0.062986575	0.0029401071	-2.513274e-07	0	0	-0.99794114	-0.062986575	0.0029401071	2.743422e-20	1
0	-0.99794114	-0.062986575	0.0029401071	-1.256637e-07	0	0	-0.99794114	-0.062986575	0.0029401071	2.7434272e-20	1
0	-0.99794114	-0.062986575	0.0029401071	0	0	0	-0.99794114	-0.062986575	0.0029401071	2.743432e-20	1
0	-0.99794114	-0.062986575	0.0029401071	1.256637e-07	0	0	-0.99794114	-0.062986575	0.0029401071	2.7434372e-20	1
0	-0.99794114	-0.062986575	0.0029401071	2.513274e-07	0	0	-0.99794114	-0.062986575	0.0029401071	2.743442e-20	1
0	-0.99794114	-0.062986575	0.0029401071	6.283185e-07	0	0	-0.99794114	-0.062986575	0.0029401071	2.7434573e-20	1
0	-0.99794114	-0.062986575	0.0029401071	1.256637e-06	0	0	-0.99794114	-0.062986575	0.0029401071	2.743482e-20	1
0	-0.99794114	-0.062986575	0.0029401071	2.513274e-06	0	0	-0.99794114	-0.062986575	0.0029401071	2.7435322e-20	1
0	-0.99794114	-0.062986575	0.0029401071	6.2831855e-06	0	0	-0.99794114	-0.062986575	0.0029401071	2.7436825e-20	1
0	-0.99794114	-0.062986575	0.0029401071	1.2566371e-05	0	0	-0.99794114	-0.062986575	0.0029401071	2.743933e-20	1
0	-0.99794114	-0.062986575	0.0029401071	2.5132742e-05	0	0	-0.99794114	-0.062986575	0.0029401071	2.7444337e-20	1
0	-0.9979109	-0.063462764	0.0029406454	6.283185e-05	0	0	-0.9979109	-0.063462764	0.0029406454	2.7459356e-20	1
0	-0.9979109	-0.063462764	0.0029406454	0.0001256637	0	0	-0.9979109	-0.063462764	0.0029406454	2.7484394e-20	1
0	-0.9979109	-0.063462764	0.0029406454	0.0002513274	0	0	-0.9979109	-0.063462764	0.0029406454	2.7534474e-20	1
0	-0.997854	-0.06435023	0.002941601	0.0006283185	0	0	-0.997854	-0.06435023	0.002941601	2.7684714e-20	1
0	-0.99781513	-0.064948834	0.00294223	0.0010053096	0	0	-0.99781513	-0.064948834	0.00294223	2.783494e-20	1
0	-0.9977876	-0.06537001	0.0029426445	0.001256637	0	0	-0.9977876	-0.06537001	0.0029426445	2.793509e-20	1
0	-0.99771845	-0.06641632	0.002943669	0.0018849556	0	0	-0.99771845	-0.06641632	0.002943669	2.8185452e-20	1
0	-0.997646	-0.06749444	0.0029446622	0.002513274	0	0	-0.997646	-0.06749444	0.0029446622	2.8435797e-20	1
0	-0.99749035	-0.06975376	0.0029465766	0.0037699111	0	0	-0.99749035	-0.06975376	0.0029465766	2.8936426e-20	1
0	-0.9971256	-0.07478047	0.0029499978	0.0062831854	0	0	-0.9971256	-0.07478047	0.0029499978	2.9937434e-20	1
0	-0.99654204	-0.08218463	0.0029531997	0.009424778	0	0	-0.99654204	-0.08218463	0.0029531997	3.1188105e-20	1
0	-0.99575436	-0.09122548	0.002954516	0.012566371	0	0	-0.99575436	-0.09122548	0.002954516	3.2437923e-20	1
0	-0.99302995	-0.11719751	0.0029451388	0.018849555	0	0	-0.99302995	-0.11719751	0.0029451388	3.4933543e-20	1
0	-0.98585975	-0.16707224	0.0028827747	0.025132742	0	0	-0.98585975	-0.16707224	0.0028827747	3.7418035e-20	1
0	0.9993845	0.033037804	-0.0028672158	0.03769911	0	0	0.9993845	0.033037804	-0.0028672158	1.23956504e-20	1
0	0.9995258	0.02847957	-0.0028430615	0.050265484	0	0	0.9995258	0.02847957	-0.0028430615	7.379855e-21	1
0	0.9996191	0.025023438	-0.0028195775	0.06283186	0	0	0.9996191	0.025023438	-0.0028195775	2.3634822e-21	1
