# t (s)	mx ()	my ()	mz ()	B_extx (T)	B_exty (T)	B_extz (T)	mx ()	my ()	mz ()	E_total (J)	branch ()
0	-0.038422495	0.99919546	0.0011249455	0	0.06283186	0	-0.038422495	0.99919546	0.0011249455	4.6150943e-21	-1
0	-0.045646433	0.9988905	0.0011116401	0	0.050265484	0	-0.045646433	0.9988905	0.0011116401	9.628859e-21	-1
0	-0.05612555	0.9983554	0.0010873172	0	0.03769911	0	-0.05612555	0.9983554	0.0010873172	1.4640591e-20	-1
0	-0.072606176	0.99729073	0.001041922	0	0.025132742	0	-0.072606176	0.99729073	0.001041922	1.9648504e-20	-1
0	-0.08489534	0.9963188	0.0010045186	0	0.018849555	0	-0.08489534	0.9963188	0.0010045186	2.2149832e-20	-1
0	-0.10187891	0.9947241	0.0009494984	0	0.012566371	0	-0.10187891	0.9947241	0.0009494984	2.4648023e-20	-1
0	-0.113059014	0.9935144	0.0009116761	0	0.009424778	0	-0.113059014	0.9935144	0.0009116761	2.5895308e-20	-1
0	-0.1268461	0.99184704	0.0008636598	0	0.0062831854	0	-0.1268461	0.99184704	0.0008636598	2.7140807e-20	-1
0	-0.14037347	0.99002165	0.00081534183	0	0.0037699111	0	-0.14037347	0.99002165	0.00081534183	2.813545e-20	-1
0	-0.14821091	0.98887783	0.00078688667	0	0.002513274	0	-0.14821091	0.98887783	0.00078688667	2.8632014e-20	-1
0	-0.15250003	0.988225	0.0007711871	0	0.0018849556	0	-0.15250003	0.988225	0.0007711871	2.8880068e-20	-1
0	-0.15699199	0.9875208	0.0007546518	0	0.001256637	0	-0.15699199	0.9875208	0.0007546518	2.9127954e-20	-1
0	-0.15699199	0.9875208	0.0007546518	0	0.0010053096	0	-0.15699199	0.9875208	0.0007546518	2.922707e-20	-1
0	-0.16175868	0.9867506	0.0007370174	0	0.0006283185	0	-0.16175868	0.9867506	0.0007370174	2.9375652e-20	-1
0	-0.16476202	0.98625314	0.0007258577	0	0.0002513274	0	-0.16476202	0.98625314	0.0007258577	2.9524173e-20	-1
0	-0.16578887	0.98608094	0.0007220331	0	0.0001256637	0	-0.16578887	0.98608094	0.0007220331	2.9573662e-20	-1
0	-0.16578887	0.98608094	0.0007220331	0	6.283185e-05	0	-0.16578887	0.98608094	0.0007220331	2.9598406e-20	-1
0	-0.16578887	0.98608094	0.0007220331	0	2.5132742e-05	0	-0.16578887	0.98608094	0.0007220331	2.9613253e-20	-1
0	-0.16578887	0.98608094	0.0007220331	0	1.2566371e-05	0	-0.16578887	0.98608094	0.0007220331	2.96182e-20	-1
0	-0.16578887	0.98608094	0.0007220331	0	6.2831855e-06	0	-0.16578887	0.98608094	0.0007220331	2.9620675e-20	-1
0	-0.16578887	0.98608094	0.0007220331	0	2.513274e-06	0	-0.16578887	0.98608094	0.0007220331	2.962216e-20	-1
0	-0.16578887	0.98608094	0.0007220331	0	1.256637e-06	0	-0.16578887	0.98608094	0.0007220331	2.9622656e-20	-1
0	-0.16578887	0.98608094	0.0007220331	0	6.283185e-07	0	-0.16578887	0.98608094	0.0007220331	2.9622902e-20	-1
0	-0.16578887	0.98608094	0.0007220331	0	2.513274e-07	0	-0.16578887	0.98608094	0.0007220331	2.962305e-20	-1
0	-0.16578887	0.98608094	0.0007220331	0	1.256637e-07	0	-0.16578887	0.98608094	0.0007220331	2.96231e-20	-1
0	-0.16578887	0.98608094	0.0007220331	0	0	0	-0.16578887	0.98608094	0.0007220331	2.962315e-20	-1
0	-0.16578887	0.98608094	0.0007220331	0	-1.256637e-07	0	-0.16578887	0.98608094	0.0007220331	2.96232e-20	-1
0	-0.16578887	0.98608094	0.0007220331	0	-2.513274e-07	0	-0.16578887	0.98608094	0.0007220331	2.9623247e-20	-1
0	-0.16578887	0.98608094	0.0007220331	0	-6.283185e-07	0	-0.16578887	0.98608094	0.0007220331	2.9623396e-20	-1
0	-0.16578887	0.98608094	0.0007220331	0	-1.256637e-06	0	-0.16578887	0.98608094	0.0007220331	2.9623645e-20	-1
0	-0.16578887	0.98608094	0.0007220331	0	-2.513274e-06	0	-0.16578887	0.98608094	0.0007220331	2.962414e-20	-1
0	-0.16578887	0.98608094	0.0007220331	0	-6.2831855e-06	0	-0.16578887	0.98608094	0.0007220331	2.9625626e-20	-1
0	-0.16578887	0.98608094	0.0007220331	0	-1.2566371e-05	0	-0.16578887	0.98608094	0.0007220331	2.9628097e-20	-1
0	-0.16578887	0.98608094	0.0007220331	0	-2.5132742e-05	0	-0.16578887	0.98608094	0.0007220331	2.9633048e-20	-1
0	-0.16578887	0.98608094	0.0007220331	0	-6.283185e-05	0	-0.16578887	0.98608094	0.0007220331	2.964789e-20	-1
0	-0.16578887	0.98608094	0.0007220331	0	-0.0001256637	0	-0.16578887	0.98608094	0.0007220331	2.9672636e-20	-1
0	-0.16893917	0.98554564	0.00071029563	0	-0.0002513274	0	-0.16893917	0.98554564	0.00071029563	2.9722083e-20	-1
0	-0.16893917	0.98554564	0.00071029563	0	-0.0006283185	0	-0.16893917	0.98554564	0.00071029563	2.987046e-20	-1
0	-0.17562178	0.98437595	0.00068524503	0	-0.0010053096	0	-0.17562178	0.98437595	0.00068524503	3.0018672e-20	-1
0	-0.17562178	0.98437595	0.00068524503	0	-0.001256637	0	-0.17562178	0.98437595	0.00068524503	3.0117472e-20	-1
0	-0.18410356	0.98282385	0.0006532677	0	-0.0018849556	0	-0.18410356	0.98282385	0.0006532677	3.0364207e-20	-1
0	-0.19073844	0.9815568	0.0006281168	0	-0.002513274	0	-0.19073844	0.9815568	0.0006281168	3.0610662e-20	-1
0	-0.20560896	0.97854763	0.0005714097	0	-0.0037699111	0	-0.20560896	0.97854763	0.0005714097	3.110253e-20	-1
0	-0.2452113	0.9693757	0.00041918253	0	-0.0062831854	0	-0.2452113	0.9693757	0.00041918253	3.2080562e-20	-1
0	0.1130867	-0.9935113	-0.0009115834	0	-0.009424778	0	0.1130867	-0.9935113	-0.0009115834	2.5895308e-20	-1
0	0.10191138	-0.9947208	-0.0009493815	0	-0.012566371	0	0.10191138	-0.9947208	-0.0009493815	2.4648027e-20	-1
0	0.08489772	-0.9963186	-0.0010045108	0	-0.018849555	0	0.08489772	-0.9963186	-0.0010045108	2.2149837e-20	-1
0	0.07260768	-0.99729073	-0.0010419178	0	-0.025132742	0	0.07260768	-0.99729073	-0.0010419178	1.9648507e-20	-1
0	0.056131482	-0.99835503	-0.0010872982	0	-0.03769911	0	0.056131482	-0.99835503	-0.0010872982	1.4640588e-20	-1
0	0.045649424	-0.9988904	-0.0011116301	0	-0.050265484	0	0.045649424	-0.9988904	-0.0011116301	9.628856e-21	-1
0	0.038424313	-0.99919534	-0.0011249394	0	-0.06283186	0	0.038424313	-0.99919534	-0.0011249394	4.6150927e-21	-1
0	0.038424313	-0.99919534	-0.0011249394	0	-0.06283186	0	0.038424313	-0.99919534	-0.0011249394	4.6150927e-21	1
0	0.045642316	-0.99889064	-0.0011116537	0	-0.050265484	0	0.045642316	-0.99889064	-0.0011116537	9.628856e-21	1
0	0.056118086	-0.9983558	-0.0010873429	0	-0.03769911	0	0.056118086	-0.9983558	-0.0010873429	1.464059e-20	1
0	0.0725998	-0.99729127	-0.0010419451	0	-0.025132742	0	0.0725998	-0.99729127	-0.0010419451	1.9648507e-20	1
0	0.0848916	-0.9963192	-0.0010045331	0	-0.018849555	0	0.0848916	-0.9963192	-0.0010045331	2.2149835e-20	1
0	0.101888776	-0.9947231	-0.0009494627	0	-0.012566371	0	0.101888776	-0.9947231	-0.0009494627	2.4648024e-20	1
0	0.11307475	-0.99351263	-0.0009116181	0	-0.009424778	0	0.11307475	-0.99351263	-0.0009116181	2.5895308e-20	1
0	0.12682942	-0.9918492	-0.0008637215	0	-0.0062831854	0	0.12682942	-0.9918492	-0.0008637215	2.7140807e-20	1
0	0.14037046	-0.99002206	-0.00081535324	0	-0.0037699111	0	0.14037046	-0.99002206	-0.00081535324	2.8135453e-20	1
0	0.14824805	-0.9888723	-0.0007867682	0	-0.002513274	0	0.14824805	-0.9888723	-0.0007867682	2.8632017e-20	1
0	0.15248138	-0.98822784	-0.0007712528	0	-0.0018849556	0	0.15248138	-0.98822784	-0.0007712528	2.8880068e-20	1
0	0.1570062	-0.98751855	-0.0007545892	0	-0.001256637	0	0.1570062	-0.98751855	-0.0007545892	2.912795e-20	1
0	0.1570062	-0.98751855	-0.0007545892	0	-0.0010053096	0	0.1570062	-0.98751855	-0.0007545892	2.922707e-20	1
0	0.16176274	-0.9867499	-0.00073700043	0	-0.0006283185	0	0.16176274	-0.9867499	-0.00073700043	2.9375652e-20	1
0	0.1647646	-0.9862528	-0.0007258471	0	-0.0002513274	0	0.1647646	-0.9862528	-0.0007258471	2.9524173e-20	1
0	0.1647646	-0.9862528	-0.0007258471	0	-0.0001256637	0	0.1647646	-0.9862528	-0.0007258471	2.9573668e-20	1
0	0.1647646	-0.9862528	-0.0007258471	0	-6.283185e-05	0	0.1647646	-0.9862528	-0.0007258471	2.9598416e-20	1
0	0.1647646	-0.9862528	-0.0007258471	0	-2.5132742e-05	0	0.1647646	-0.9862528	-0.0007258471	2.9613263e-20	1
0	0.1647646	-0.9862528	-0.0007258471	0	-1.2566371e-05	0	0.1647646	-0.9862528	-0.0007258471	2.9618213e-20	1
0	0.1647646	-0.9862528	-0.0007258471	0	-6.2831855e-06	0	0.1647646	-0.9862528	-0.0007258471	2.9620688e-20	1
0	0.1647646	-0.9862528	-0.0007258471	0	-2.513274e-06	0	0.1647646	-0.9862528	-0.0007258471	2.9622175e-20	1
0	0.1647646	-0.9862528	-0.0007258471	0	-1.256637e-06	0	0.1647646	-0.9862528	-0.0007258471	2.962267e-20	1
0	0.1647646	-0.9862528	-0.0007258471	0	-6.283185e-07	0	0.1647646	-0.9862528	-0.0007258471	2.9622915e-20	1
0	0.1647646	-0.9862528	-0.0007258471	0	-2.513274e-07	0	0.1647646	-0.9862528	-0.0007258471	2.9623063e-20	1
0	0.1647646	-0.9862528	-0.0007258471	0	-1.256637e-07	0	0.1647646	-0.9862528	-0.0007258471	2.9623115e-20	1
0	0.1647646	-0.9862528	-0.0007258471	0	0	0	0.1647646	-0.9862528	-0.0007258471	2.9623163e-20	1
0	0.1647646	-0.9862528	-0.0007258471	0	1.256637e-07	0	0.1647646	-0.9862528	-0.0007258471	2.9623212e-20	1
0	0.1647646	-0.9862528	-0.0007258471	0	2.513274e-07	0	0.1647646	-0.9862528	-0.0007258471	2.9623264e-20	1
0	0.1647646	-0.9862528	-0.0007258471	0	6.283185e-07	0	0.1647646	-0.9862528	-0.0007258471	2.962341e-20	1
0	0.1647646	-0.9862528	-0.0007258471	0	1.256637e-06	0	0.1647646	-0.9862528	-0.0007258471	2.9623658e-20	1
0	0.1647646	-0.9862528	-0.0007258471	0	2.513274e-06	0	0.1647646	-0.9862528	-0.0007258471	2.9624152e-20	1
0	0.1647646	-0.9862528	-0.0007258471	0	6.2831855e-06	0	0.1647646	-0.9862528	-0.0007258471	2.962564e-20	1
0	0.1647646	-0.9862528	-0.0007258471	0	1.2566371e-05	0	0.1647646	-0.9862528	-0.0007258471	2.9628114e-20	1
0	0.1647646	-0.9862528	-0.0007258471	0	2.5132742e-05	0	0.1647646	-0.9862528	-0.0007258471	2.9633064e-20	1
0	0.1647646	-0.9862528	-0.0007258471	0	6.283185e-05	0	0.1647646	-0.9862528	-0.0007258471	2.964791e-20	1
0	0.16787803	-0.98572713	-0.00071424566	0	0.0001256637	0	0.16787803	-0.98572713	-0.00071424566	2.967262e-20	1
0	0.16787803	-0.98572713	-0.00071424566	0	0.0002513274	0	0.16787803	-0.98572713	-0.00071424566	2.972209e-20	1
0	0.17222723	-0.98497605	-0.00069798104	0	0.0006283185	0	0.17222723	-0.98497605	-0.00069798104	2.9870422e-20	1
0	0.17222723	-0.98497605	-0.00069798104	0	0.0010053096	0	0.17222723	-0.98497605	-0.00069798104	3.0018714e-20	1
0	0.17796096	-0.98395544	-0.00067644566	0	0.001256637	0	0.17796096	-0.98395544	-0.00067644566	3.011745e-20	1
0	0.1841214	-0.98282045	-0.0006531988	0	0.0018849556	0	0.1841214	-0.98282045	-0.0006531988	3.036421e-20	1
0	0.190724	-0.98155963	-0.000628173	0	0.002513274	0	0.190724	-0.98155963	-0.000628173	3.0610665e-20	1
0	0.20559028	-0.9785516	-0.00057148247	0	0.0037699111	0	0.20559028	-0.9785516	-0.00057148247	3.1102534e-20	1
0	0.24520764	-0.9693767	-0.00041919612	0	0.0062831854	0	0.24520764	-0.9693767	-0.00041919612	3.2080562e-20	1
0	0.924665	0.38047457	-0.0019124085	0	0.009424778	0	0.924665	0.38047457	-0.0019124085	2.6377541e-20	1
0	0.8805591	0.47364938	-0.0015292487	0	0.012566371	0	0.8805591	0.47364938	-0.0015292487	2.5844488e-20	1
0	-0.084888965	0.99631935	0.0010045397	0	0.018849555	0	-0.084888965	0.99631935	0.0010045397	2.2149835e-20	1
0	-0.07260852	0.9972906	0.001041906	0	0.025132742	0	-0.07260852	0.9972906	0.001041906	1.9648506e-20	1
0	-0.056130543	0.99835515	0.0010873013	0	0.03769911	0	-0.056130543	0.99835515	0.0010873013	1.464059e-20	1
0	-0.045653243	0.99889016	0.001111615	0	0.050265484	0	-0.045653243	0.99889016	0.001111615	9.628858e-21	1
0	-0.0384262	0.9991952	0.0011249334	0	0.06283186	0	-0.0384262	0.9991952	0.0011249334	4.6150906e-21	1
