# t (s)	mx ()	my ()	mz ()	B_extx (T)	B_exty (T)	B_extz (T)	mx ()	my ()	mz ()	E_total (J)	branch ()
0	-0.041588973	0.9990691	-0.00034468772	0	0.06283186	0	-0.041588973	0.9990691	-0.00034468772	4.632685e-21	-1
0	-0.049420126	0.99871135	-0.00033070793	0	0.050265484	0	-0.049420126	0.99871135	-0.00033070793	9.6456966e-21	-1
0	-0.060773663	0.9980836	-0.00030854932	0	0.03769911	0	-0.060773663	0.9980836	-0.00030854932	1.465632e-20	-1
0	-0.078598484	0.99683666	-0.00027099813	0	0.025132742	0	-0.078598484	0.99683666	-0.00027099813	1.9662471e-20	-1
0	-0.09185334	0.99570155	-0.00024166243	0	0.018849555	0	-0.09185334	0.99570155	-0.00024166243	2.2162474e-20	-1
0	-0.11013716	0.99384344	-0.00019986051	0	0.012566371	0	-0.11013716	0.99384344	-0.00019986051	2.4658811e-20	-1
0	-0.12210618	0.9924428	-0.00017186729	0	0.009424778	0	-0.12210618	0.9924428	-0.00017186729	2.5904877e-20	-1
0	-0.13679618	0.99052316	-0.00013701091	0	0.0062831854	0	-0.13679618	0.99052316	-0.00013701091	2.7148882e-20	-1
0	-0.15119404	0.9884262	-0.00010243106	0	0.0037699111	0	-0.15119404	0.9884262	-0.00010243106	2.8142067e-20	-1
0	-0.1595634	0.9871086	-8.21882e-05	0	0.002513274	0	-0.1595634	0.9871086	-8.21882e-05	2.8637784e-20	-1
0	-0.16402759	0.98637605	-7.136056e-05	0	0.0018849556	0	-0.16402759	0.98637605	-7.136056e-05	2.8885386e-20	-1
0	-0.16882184	0.98556626	-5.9707912e-05	0	0.001256637	0	-0.16882184	0.98556626	-5.9707912e-05	2.9132797e-20	-1
0	-0.17080711	0.98522377	-5.4878925e-05	0	0.0010053096	0	-0.17080711	0.98522377	-5.4878925e-05	2.9231697e-20	-1
0	-0.17387405	0.9846868	-4.741073e-05	0	0.0006283185	0	-0.17387405	0.9846868	-4.741073e-05	2.9379985e-20	-1
0	-0.17703652	0.98412263	-3.9704548e-05	0	0.0002513274	0	-0.17703652	0.98412263	-3.9704548e-05	2.9528193e-20	-1
0	-0.17815703	0.98392034	-3.696845e-05	0	0.0001256637	0	-0.17815703	0.98392034	-3.696845e-05	2.9577575e-20	-1
0	-0.17867923	0.98382556	-3.5700275e-05	0	6.283185e-05	0	-0.17867923	0.98382556	-3.5700275e-05	2.960226e-20	-1
0	-0.17867923	0.98382556	-3.5700275e-05	0	2.5132742e-05	0	-0.17867923	0.98382556	-3.5700275e-05	2.9617073e-20	-1
0	-0.17867923	0.98382556	-3.5700275e-05	0	1.2566371e-05	0	-0.17867923	0.98382556	-3.5700275e-05	2.962201e-20	-1
0	-0.17867923	0.98382556	-3.5700275e-05	0	6.2831855e-06	0	-0.17867923	0.98382556	-3.5700275e-05	2.962448e-20	-1
0	-0.17867923	0.98382556	-3.5700275e-05	0	2.513274e-06	0	-0.17867923	0.98382556	-3.5700275e-05	2.962596e-20	-1
0	-0.17867923	0.98382556	-3.5700275e-05	0	1.256637e-06	0	-0.17867923	0.98382556	-3.5700275e-05	2.9626453e-20	-1
0	-0.17867923	0.98382556	-3.5700275e-05	0	6.283185e-07	0	-0.17867923	0.98382556	-3.5700275e-05	2.96267e-20	-1
0	-0.17867923	0.98382556	-3.5700275e-05	0	2.513274e-07	0	-0.17867923	0.98382556	-3.5700275e-05	2.962685e-20	-1
0	-0.17867923	0.98382556	-3.5700275e-05	0	1.256637e-07	0	-0.17867923	0.98382556	-3.5700275e-05	2.96269e-20	-1
0	-0.17867923	0.98382556	-3.5700275e-05	0	0	0	-0.17867923	0.98382556	-3.5700275e-05	2.9626947e-20	-1
0	-0.17867923	0.98382556	-3.5700275e-05	0	-1.256637e-07	0	-0.17867923	0.98382556	-3.5700275e-05	2.9627e-20	-1
0	-0.17867923	0.98382556	-3.5700275e-05	0	-2.513274e-07	0	-0.17867923	0.98382556	-3.5700275e-05	2.9627047e-20	-1
0	-0.17867923	0.98382556	-3.5700275e-05	0	-6.283185e-07	0	-0.17867923	0.98382556	-3.5700275e-05	2.9627196e-20	-1
0	-0.17867923	0.98382556	-3.5700275e-05	0	-1.256637e-06	0	-0.17867923	0.98382556	-3.5700275e-05	2.962744e-20	-1
0	-0.17867923	0.98382556	-3.5700275e-05	0	-2.513274e-06	0	-0.17867923	0.98382556	-3.5700275e-05	2.9627936e-20	-1
0	-0.17867923	0.98382556	-3.5700275e-05	0	-6.2831855e-06	0	-0.17867923	0.98382556	-3.5700275e-05	2.9629416e-20	-1
0	-0.1793741	0.98369896	-3.4003406e-05	0	-1.2566371e-05	0	-0.1793741	0.98369896	-3.4003406e-05	2.9631884e-20	-1
0	-0.17942277	0.98369	-3.3887503e-05	0	-2.5132742e-05	0	-0.17942277	0.98369	-3.3887503e-05	2.963682e-20	-1
0	-0.17942277	0.98369	-3.3887503e-05	0	-6.283185e-05	0	-0.17942277	0.98369	-3.3887503e-05	2.965163e-20	-1
0	-0.17942277	0.98369	-3.3887503e-05	0	-0.0001256637	0	-0.17942277	0.98369	-3.3887503e-05	2.9676313e-20	-1
0	-0.17942277	0.98369	-3.3887503e-05	0	-0.0002513274	0	-0.17942277	0.98369	-3.3887503e-05	2.9725682e-20	-1
0	-0.18491045	0.9826725	-2.0498192e-05	0	-0.0006283185	0	-0.18491045	0.9826725	-2.0498192e-05	2.987366e-20	-1
0	-0.18852253	0.98198545	-1.1680318e-05	0	-0.0010053096	0	-0.18852253	0.98198545	-1.1680318e-05	3.0021554e-20	-1
0	-0.19099739	0.9815067	-5.637984e-06	0	-0.001256637	0	-0.19099739	0.9815067	-5.637984e-06	3.0120095e-20	-1
0	-0.19750138	0.9802177	1.0242182e-05	0	-0.0018849556	0	-0.19750138	0.9802177	1.0242182e-05	3.0366217e-20	-1
0	-0.2045075	0.97877884	2.7328604e-05	0	-0.002513274	0	-0.2045075	0.97877884	2.7328604e-05	3.0612e-20	-1
0	-0.22015792	0.97537535	6.546231e-05	0	-0.0037699111	0	-0.22015792	0.97537535	6.546231e-05	3.1102382e-20	-1
0	-0.26206106	0.96495414	0.000166225	0	-0.0062831854	0	-0.26206106	0.96495414	0.000166225	3.2076668e-20	-1
0	-0.92377543	-0.38263124	-0.0012610478	0	-0.009424778	0	-0.92377543	-0.38263124	-0.0012610478	2.632316e-20	-1
0	-0.8819101	-0.47113204	-0.0010375173	0	-0.012566371	0	-0.8819101	-0.47113204	-0.0010375173	2.5789824e-20	-1
0	0.09186067	-0.9957008	0.0002416454	0	-0.018849555	0	0.09186067	-0.9957008	0.0002416454	2.216247e-20	-1
0	0.07860747	-0.9968358	0.0002709767	0	-0.025132742	0	0.07860747	-0.9968358	0.0002709767	1.966247e-20	-1
0	0.060779657	-0.99808323	0.00030853797	0	-0.03769911	0	0.060779657	-0.99808323	0.00030853797	1.4656324e-20	-1
0	0.04942635	-0.99871105	0.00033069373	0	-0.050265484	0	0.04942635	-0.99871105	0.00033069373	9.6456966e-21	-1
0	0.041590266	-0.999069	0.00034468662	0	-0.06283186	0	0.041590266	-0.999069	0.00034468662	4.6326876e-21	-1
0	0.041590266	-0.999069	0.00034468662	0	-0.06283186	0	0.041590266	-0.999069	0.00034468662	4.6326876e-21	1
0	0.049421318	-0.9987113	0.00033070357	0	-0.050265484	0	0.049421318	-0.9987113	0.00033070357	9.645699e-21	1
0	0.060775787	-0.9980834	0.0003085441	0	-0.03769911	0	0.060775787	-0.9980834	0.0003085441	1.4656319e-20	1
0	0.07860203	-0.9968363	0.0002709909	0	-0.025132742	0	0.07860203	-0.9968363	0.0002709909	1.966247e-20	1
0	0.09185299	-0.99570155	0.00024166354	0	-0.018849555	0	0.09185299	-0.99570155	0.00024166354	2.216247e-20	1
0	0.11014354	-0.9938427	0.00019984593	0	-0.012566371	0	0.11014354	-0.9938427	0.00019984593	2.4658807e-20	1
0	0.12209313	-0.9924444	0.00017190285	0	-0.009424778	0	0.12209313	-0.9924444	0.00017190285	2.5904877e-20	1
0	0.13682593	-0.99051905	0.00013693777	0	-0.0062831854	0	0.13682593	-0.99051905	0.00013693777	2.7148882e-20	1
0	0.1511969	-0.98842573	0.000102423684	0	-0.0037699111	0	0.1511969	-0.98842573	0.000102423684	2.8142067e-20	1
0	0.15954755	-0.9871112	8.222679e-05	0	-0.002513274	0	0.15954755	-0.9871112	8.222679e-05	2.8637788e-20	1
0	0.16406336	-0.9863701	7.1273455e-05	0	-0.0018849556	0	0.16406336	-0.9863701	7.1273455e-05	2.8885386e-20	1
0	0.16880961	-0.9855683	5.971497e-05	0	-0.001256637	0	0.16880961	-0.9855683	5.971497e-05	2.9132794e-20	1
0	0.17080471	-0.98522425	5.488403e-05	0	-0.0010053096	0	0.17080471	-0.98522425	5.488403e-05	2.9231697e-20	1
0	0.17388639	-0.9846846	4.7379785e-05	0	-0.0006283185	0	0.17388639	-0.9846846	4.7379785e-05	2.9379985e-20	1
0	0.17702565	-0.98412466	3.9731836e-05	0	-0.0002513274	0	0.17702565	-0.98412466	3.9731836e-05	2.9528193e-20	1
0	0.17813465	-0.9839243	3.7028774e-05	0	-0.0001256637	0	0.17813465	-0.9839243	3.7028774e-05	2.9577578e-20	1
0	0.17870033	-0.9838217	3.566011e-05	0	-6.283185e-05	0	0.17870033	-0.9838217	3.566011e-05	2.960226e-20	1
0	0.1790359	-0.9837606	3.4828932e-05	0	-2.5132742e-05	0	0.1790359	-0.9837606	3.4828932e-05	2.9617076e-20	1
0	0.17911184	-0.98374677	3.4644632e-05	0	-1.2566371e-05	0	0.17911184	-0.98374677	3.4644632e-05	2.9622013e-20	1
0	0.17917135	-0.9837359	3.449951e-05	0	-6.2831855e-06	0	0.17917135	-0.9837359	3.449951e-05	2.9624482e-20	1
0	0.17920473	-0.98372984	3.441595e-05	0	-2.513274e-06	0	0.17920473	-0.98372984	3.441595e-05	2.962596e-20	1
0	0.17920795	-0.98372924	3.44102e-05	0	-1.256637e-06	0	0.17920795	-0.98372924	3.44102e-05	2.9626456e-20	1
0	0.1792202	-0.983727	3.4380137e-05	0	-6.283185e-07	0	0.1792202	-0.983727	3.4380137e-05	2.96267e-20	1
0	0.17922759	-0.98372567	3.4362463e-05	0	-2.513274e-07	0	0.17922759	-0.98372567	3.4362463e-05	2.9626847e-20	1
0	0.17923078	-0.9837251	3.435601e-05	0	-1.256637e-07	0	0.17923078	-0.9837251	3.435601e-05	2.9626895e-20	1
0	0.17923144	-0.98372495	3.4353034e-05	0	0	0	0.17923144	-0.98372495	3.4353034e-05	2.9626947e-20	1
0	0.17923206	-0.98372483	3.4351382e-05	0	1.256637e-07	0	0.17923206	-0.98372483	3.4351382e-05	2.9627e-20	1
0	0.17923206	-0.98372483	3.4351382e-05	0	2.513274e-07	0	0.17923206	-0.98372483	3.4351382e-05	2.9627047e-20	1
0	0.17923206	-0.98372483	3.4351382e-05	0	6.283185e-07	0	0.17923206	-0.98372483	3.4351382e-05	2.9627196e-20	1
0	0.17923206	-0.98372483	3.4351382e-05	0	1.256637e-06	0	0.17923206	-0.98372483	3.4351382e-05	2.962744e-20	1
0	0.17923206	-0.98372483	3.4351382e-05	0	2.513274e-06	0	0.17923206	-0.98372483	3.4351382e-05	2.9627936e-20	1
0	0.17923206	-0.98372483	3.4351382e-05	0	6.2831855e-06	0	0.17923206	-0.98372483	3.4351382e-05	2.962942e-20	1
0	0.17923206	-0.98372483	3.4351382e-05	0	1.2566371e-05	0	0.17923206	-0.98372483	3.4351382e-05	2.9631884e-20	1
0	0.17923206	-0.98372483	3.4351382e-05	0	2.5132742e-05	0	0.17923206	-0.98372483	3.4351382e-05	2.963682e-20	1
0	0.17923206	-0.98372483	3.4351382e-05	0	6.283185e-05	0	0.17923206	-0.98372483	3.4351382e-05	2.9651633e-20	1
0	0.17923206	-0.98372483	3.4351382e-05	0	0.0001256637	0	0.17923206	-0.98372483	3.4351382e-05	2.9676316e-20	1
0	0.17923206	-0.98372483	3.4351382e-05	0	0.0002513274	0	0.17923206	-0.98372483	3.4351382e-05	2.9725685e-20	1
0	0.18490961	-0.9826727	2.0500222e-05	0	0.0006283185	0	0.18490961	-0.9826727	2.0500222e-05	2.987366e-20	1
0	0.18851787	-0.9819863	1.1692513e-05	0	0.0010053096	0	0.18851787	-0.9819863	1.1692513e-05	3.002155e-20	1
0	0.19100915	-0.98150444	5.609234e-06	0	0.001256637	0	0.19100915	-0.98150444	5.609234e-06	3.0120092e-20	1
0	0.19747064	-0.9802239	-1.0166319e-05	0	0.0018849556	0	0.19747064	-0.9802239	-1.0166319e-05	3.0366217e-20	1
0	0.20445418	-0.97879004	-2.7211305e-05	0	0.002513274	0	0.20445418	-0.97879004	-2.7211305e-05	3.0612003e-20	1
0	0.22018528	-0.9753692	-6.553002e-05	0	0.0037699111	0	0.22018528	-0.9753692	-6.553002e-05	3.1102382e-20	1
0	0.26212054	-0.9649379	-0.00016636665	0	0.0062831854	0	0.26212054	-0.9649379	-0.00016636665	3.2076665e-20	1
0	0.923774	0.38263464	0.0012610345	0	0.009424778	0	0.923774	0.38263464	0.0012610345	2.6323163e-20	1
0	0.88190913	0.47113383	0.0010375119	0	0.012566371	0	0.88190913	0.47113383	0.0010375119	2.5789824e-20	1
0	-0.09185793	0.9957011	-0.00024165174	0	0.018849555	0	-0.09185793	0.9957011	-0.00024165174	2.2162468e-20	1
0	-0.07860552	0.99683607	-0.00027098227	0	0.025132742	0	-0.07860552	0.99683607	-0.00027098227	1.9662468e-20	1
0	-0.060778737	0.9980833	-0.00030853716	0	0.03769911	0	-0.060778737	0.9980833	-0.00030853716	1.465632e-20	1
0	-0.049427837	0.998711	-0.00033069105	0	0.050265484	0	-0.049427837	0.998711	-0.00033069105	9.645698e-21	1
0	-0.04159086	0.999069	-0.00034468548	0	0.06283186	0	-0.04159086	0.999069	-0.00034468548	4.6326876e-21	1
