# t (s)	mx ()	my ()	mz ()	B_extx (T)	B_exty (T)	B_extz (T)	mx ()	my ()	mz ()	E_total (J)	branch ()
0	-0.026708461	0.99957085	0.004128058	0	0.06283186	0	-0.026708461	0.99957085	0.004128058	2.487201e-21	-1
0	-0.0304312	0.9994635	0.0041637635	0	0.050265484	0	-0.0304312	0.9994635	0.0041637635	7.503303e-21	-1
0	-0.035354294	0.9993005	0.0042009437	0	0.03769911	0	-0.035354294	0.9993005	0.0042009437	1.2518736e-20	-1
0	-0.042171143	0.9990349	0.0042399187	0	0.025132742	0	-0.042171143	0.9990349	0.0042399187	1.7533125e-20	-1
0	-0.046664625	0.9988345	0.004260189	0	0.018849555	0	-0.046664625	0.9988345	0.004260189	2.0039719e-20	-1
0	-0.052233998	0.9985579	0.004281015	0	0.012566371	0	-0.052233998	0.9985579	0.004281015	2.2545717e-20	-1
0	-0.05554572	0.9983789	0.004291619	0	0.009424778	0	-0.05554572	0.9983789	0.004291619	2.3798426e-20	-1
0	-0.059304282	0.99816227	0.004302334	0	0.0062831854	0	-0.059304282	0.99816227	0.004302334	2.5050887e-20	-1
0	-0.062694475	0.99795467	0.0043109525	0	0.0037699111	0	-0.062694475	0.99795467	0.0043109525	2.6052643e-20	-1
0	-0.06455122	0.9978361	0.0043152617	0	0.002513274	0	-0.06455122	0.9978361	0.0043152617	2.6553435e-20	-1
0	-0.065515466	0.9977732	0.004317427	0	0.0018849556	0	-0.065515466	0.9977732	0.004317427	2.6803812e-20	-1
0	-0.066510215	0.99770725	0.004319581	0	0.001256637	0	-0.066510215	0.99770725	0.004319581	2.7054171e-20	-1
0	-0.066510215	0.99770725	0.004319581	0	0.0010053096	0	-0.066510215	0.99770725	0.004319581	2.715431e-20	-1
0	-0.06753689	0.9976382	0.0043217354	0	0.0006283185	0	-0.06753689	0.9976382	0.0043217354	2.7304508e-20	-1
0	-0.06816284	0.99759555	0.00432302	0	0.0002513274	0	-0.06816284	0.99759555	0.00432302	2.745471e-20	-1
0	-0.06816284	0.99759555	0.00432302	0	0.0001256637	0	-0.06816284	0.99759555	0.00432302	2.7504773e-20	-1
0	-0.06816284	0.99759555	0.00432302	0	6.283185e-05	0	-0.06816284	0.99759555	0.00432302	2.7529805e-20	-1
0	-0.06816284	0.99759555	0.00432302	0	2.5132742e-05	0	-0.06816284	0.99759555	0.00432302	2.7544827e-20	-1
0	-0.06816284	0.99759555	0.00432302	0	1.2566371e-05	0	-0.06816284	0.99759555	0.00432302	2.7549832e-20	-1
0	-0.06816284	0.99759555	0.00432302	0	6.2831855e-06	0	-0.06816284	0.99759555	0.00432302	2.7552336e-20	-1
0	-0.06816284	0.99759555	0.00432302	0	2.513274e-06	0	-0.06816284	0.99759555	0.00432302	2.7553835e-20	-1
0	-0.06816284	0.99759555	0.00432302	0	1.256637e-06	0	-0.06816284	0.99759555	0.00432302	2.7554336e-20	-1
0	-0.06816284	0.99759555	0.00432302	0	6.283185e-07	0	-0.06816284	0.99759555	0.00432302	2.7554588e-20	-1
0	-0.06816284	0.99759555	0.00432302	0	2.513274e-07	0	-0.06816284	0.99759555	0.00432302	2.7554737e-20	-1
0	-0.06816284	0.99759555	0.00432302	0	1.256637e-07	0	-0.06816284	0.99759555	0.00432302	2.755479e-20	-1
0	-0.06816284	0.99759555	0.00432302	0	0	0	-0.06816284	0.99759555	0.00432302	2.7554837e-20	-1
0	-0.06816284	0.99759555	0.00432302	0	-1.256637e-07	0	-0.06816284	0.99759555	0.00432302	2.755489e-20	-1
0	-0.06816284	0.99759555	0.00432302	0	-2.513274e-07	0	-0.06816284	0.99759555	0.00432302	2.7554937e-20	-1
0	-0.06816284	0.99759555	0.00432302	0	-6.283185e-07	0	-0.06816284	0.99759555	0.00432302	2.755509e-20	-1
0	-0.06816284	0.99759555	0.00432302	0	-1.256637e-06	0	-0.06816284	0.99759555	0.00432302	2.7555338e-20	-1
0	-0.06816284	0.99759555	0.00432302	0	-2.513274e-06	0	-0.06816284	0.99759555	0.00432302	2.755584e-20	-1
0	-0.06816284	0.99759555	0.00432302	0	-6.2831855e-06	0	-0.06816284	0.99759555	0.00432302	2.755734e-20	-1
0	-0.06816284	0.99759555	0.00432302	0	-1.2566371e-05	0	-0.06816284	0.99759555	0.00432302	2.7559845e-20	-1
0	-0.06816284	0.99759555	0.00432302	0	-2.5132742e-05	0	-0.06816284	0.99759555	0.00432302	2.756485e-20	-1
0	-0.06816284	0.99759555	0.00432302	0	-6.283185e-05	0	-0.06816284	0.99759555	0.00432302	2.757987e-20	-1
0	-0.068810634	0.997551	0.0043242993	0	-0.0001256637	0	-0.068810634	0.997551	0.0043242993	2.7604894e-20	-1
0	-0.068810634	0.997551	0.0043242993	0	-0.0002513274	0	-0.068810634	0.997551	0.0043242993	2.7654958e-20	-1
0	-0.069695905	0.99748945	0.004326027	0	-0.0006283185	0	-0.069695905	0.99748945	0.004326027	2.7805137e-20	-1
0	-0.070360035	0.9974428	0.0043273047	0	-0.0010053096	0	-0.070360035	0.9974428	0.0043273047	2.795531e-20	-1
0	-0.070360035	0.9974428	0.0043273047	0	-0.001256637	0	-0.070360035	0.9974428	0.0043273047	2.8055423e-20	-1
0	-0.07197911	0.9973271	0.004330284	0	-0.0018849556	0	-0.07197911	0.9973271	0.004330284	2.830569e-20	-1
0	-0.0731816	0.9972395	0.0043324	0	-0.002513274	0	-0.0731816	0.9972395	0.0043324	2.8555932e-20	-1
0	-0.07571955	0.9970497	0.0043365965	0	-0.0037699111	0	-0.07571955	0.9970497	0.0043365965	2.9056348e-20	-1
0	-0.08137001	0.99660397	0.004344753	0	-0.0062831854	0	-0.08137001	0.99660397	0.004344753	3.0056877e-20	-1
0	-0.089751646	0.99588335	0.0043541905	0	-0.009424778	0	-0.089751646	0.99588335	0.0043541905	3.130681e-20	-1
0	-0.100151405	0.9948902	0.0043620095	0	-0.012566371	0	-0.100151405	0.9948902	0.0043620095	3.255568e-20	-1
0	-0.13122344	0.9912673	0.004364151	0	-0.018849555	0	-0.13122344	0.9912673	0.004364151	3.5048208e-20	-1
0	-0.20387626	0.9789008	0.004264731	0	-0.025132742	0	-0.20387626	0.9789008	0.004264731	3.7524247e-20	-1
0	-2.0162901e-05	0.003743551	-4.4845045e-05	0	-0.03769911	0	-2.0162901e-05	0.003743551	-4.4845045e-05	2.218391e-18	-1
0	-2.1429034e-05	0.0050002174	-5.9977174e-05	0	-0.050265484	0	-2.1429034e-05	0.0050002174	-5.9977174e-05	2.218413e-18	-1
0	-2.2691675e-05	0.00625687	-7.508695e-05	0	-0.06283186	0	-2.2691675e-05	0.00625687	-7.508695e-05	2.2184411e-18	-1
0	-2.2691675e-05	0.00625687	-7.508695e-05	0	-0.06283186	0	-2.2691675e-05	0.00625687	-7.508695e-05	2.2184411e-18	1
0	-2.14295e-05	0.0050002174	-5.9984624e-05	0	-0.050265484	0	-2.14295e-05	0.0050002174	-5.9984624e-05	2.218413e-18	1
0	-2.0160573e-05	0.0037435526	-4.4837594e-05	0	-0.03769911	0	-2.0160573e-05	0.0037435526	-4.4837594e-05	2.218391e-18	1
0	-1.889444e-05	0.0024868753	-2.9698014e-05	0	-0.025132742	0	-1.889444e-05	0.0024868753	-2.9698014e-05	2.2183752e-18	1
0	-1.8259743e-05	0.0018585348	-2.2120774e-05	0	-0.018849555	0	-1.8259743e-05	0.0018585348	-2.2120774e-05	2.2183698e-18	1
0	-1.7622719e-05	0.0012301926	-1.4528632e-05	0	-0.012566371	0	-1.7622719e-05	0.0012301926	-1.4528632e-05	2.2183658e-18	1
0	-1.7304206e-05	0.00091602025	-1.0758638e-05	0	-0.009424778	0	-1.7304206e-05	0.00091602025	-1.0758638e-05	2.2183648e-18	1
0	-1.6986392e-05	0.0006018485	-6.966293e-06	0	-0.0062831854	0	-1.6986392e-05	0.0006018485	-6.966293e-06	2.2183638e-18	1
0	-1.6731676e-05	0.00035051454	-3.941357e-06	0	-0.0037699111	0	-1.6731676e-05	0.00035051454	-3.941357e-06	2.2183634e-18	1
0	-1.6603852e-05	0.00022484572	-2.4214387e-06	0	-0.002513274	0	-1.6603852e-05	0.00022484572	-2.4214387e-06	2.2183634e-18	1
0	-1.6539358e-05	0.0001620123	-1.6540289e-06	0	-0.0018849556	0	-1.6539358e-05	0.0001620123	-1.6540289e-06	2.2183632e-18	1
0	-1.6474864e-05	9.917421e-05	-9.0152025e-07	0	-0.001256637	0	-1.6474864e-05	9.917421e-05	-9.0152025e-07	2.2183632e-18	1
0	-1.6448786e-05	7.404527e-05	-5.9604645e-07	0	-0.0010053096	0	-1.6448786e-05	7.404527e-05	-5.9604645e-07	2.218363e-18	1
0	-1.6412698e-05	3.6343117e-05	-1.4901161e-07	0	-0.0006283185	0	-1.6412698e-05	3.6343117e-05	-1.4901161e-07	2.218363e-18	1
0	-1.637335e-05	-1.3563549e-06	3.2782555e-07	0	-0.0002513274	0	-1.637335e-05	-1.3563549e-06	3.2782555e-07	2.218363e-18	1
0	-1.6361475e-05	-1.3924786e-05	4.4703484e-07	0	-0.0001256637	0	-1.6361475e-05	-1.3924786e-05	4.4703484e-07	2.2183632e-18	1
0	-1.6353093e-05	-2.0206324e-05	5.662441e-07	0	-6.283185e-05	0	-1.6353093e-05	-2.0206324e-05	5.662441e-07	2.218363e-18	1
0	-1.6351463e-05	-2.3977016e-05	5.736947e-07	0	-2.5132742e-05	0	-1.6351463e-05	-2.3977016e-05	5.736947e-07	2.2183632e-18	1
0	-1.6349833e-05	-2.5234302e-05	6.03497e-07	0	-1.2566371e-05	0	-1.6349833e-05	-2.5234302e-05	6.03497e-07	2.2183632e-18	1
0	-1.6349833e-05	-2.5861547e-05	6.4074993e-07	0	-6.2831855e-06	0	-1.6349833e-05	-2.5861547e-05	6.4074993e-07	2.2183632e-18	1
0	-1.6349833e-05	-2.5861547e-05	6.4074993e-07	0	-2.513274e-06	0	-1.6349833e-05	-2.5861547e-05	6.4074993e-07	2.2183632e-18	1
0	-1.634867e-05	-2.636516e-05	6.4074993e-07	0	-1.256637e-06	0	-1.634867e-05	-2.636516e-05	6.4074993e-07	2.2183632e-18	1
0	-1.634867e-05	-2.636516e-05	6.4074993e-07	0	-6.283185e-07	0	-1.634867e-05	-2.636516e-05	6.4074993e-07	2.2183632e-18	1
0	-1.634867e-05	-2.636516e-05	6.4074993e-07	0	-2.513274e-07	0	-1.634867e-05	-2.636516e-05	6.4074993e-07	2.2183632e-18	1
0	-1.634867e-05	-2.636516e-05	6.4074993e-07	0	-1.256637e-07	0	-1.634867e-05	-2.636516e-05	6.4074993e-07	2.2183632e-18	1
0	-1.634867e-05	-2.636516e-05	6.4074993e-07	0	0	0	-1.634867e-05	-2.636516e-05	6.4074993e-07	2.2183632e-18	1
0	-1.634867e-05	-2.636516e-05	6.4074993e-07	0	1.256637e-07	0	-1.634867e-05	-2.636516e-05	6.4074993e-07	2.2183632e-18	1
0	-1.634867e-05	-2.636516e-05	6.4074993e-07	0	2.513274e-07	0	-1.634867e-05	-2.636516e-05	6.4074993e-07	2.2183632e-18	1
0	-1.634867e-05	-2.636516e-05	6.4074993e-07	0	6.283185e-07	0	-1.634867e-05	-2.636516e-05	6.4074993e-07	2.2183632e-18	1
0	-1.634867e-05	-2.636516e-05	6.4074993e-07	0	1.256637e-06	0	-1.634867e-05	-2.636516e-05	6.4074993e-07	2.2183632e-18	1
0	-1.634867e-05	-2.636516e-05	6.4074993e-07	0	2.513274e-06	0	-1.634867e-05	-2.636516e-05	6.4074993e-07	2.2183632e-18	1
0	-1.634704e-05	-2.711895e-05	6.631017e-07	0	6.2831855e-06	0	-1.634704e-05	-2.711895e-05	6.631017e-07	2.2183627e-18	1
0	-1.6347505e-05	-2.774736e-05	6.482005e-07	0	1.2566371e-05	0	-1.6347505e-05	-2.774736e-05	6.482005e-07	2.218363e-18	1
0	-1.6345643e-05	-2.9004179e-05	6.631017e-07	0	2.5132742e-05	0	-1.6345643e-05	-2.9004179e-05	6.631017e-07	2.2183627e-18	1
0	-1.6344944e-05	-3.2775453e-05	6.7800283e-07	0	6.283185e-05	0	-1.6344944e-05	-3.2775453e-05	6.7800283e-07	2.218363e-18	1
0	-1.6335398e-05	-3.9057457e-05	7.8976154e-07	0	0.0001256637	0	-1.6335398e-05	-3.9057457e-05	7.8976154e-07	2.218363e-18	1
0	-1.632818e-05	-5.16288e-05	9.313226e-07	0	0.0002513274	0	-1.632818e-05	-5.16288e-05	9.313226e-07	2.218363e-18	1
0	-1.6256003e-05	-8.933607e-05	1.385808e-06	0	0.0006283185	0	-1.6256003e-05	-8.933607e-05	1.385808e-06	2.218363e-18	1
0	-1.6247155e-05	-0.00012702518	1.847744e-06	0	0.0010053096	0	-1.6247155e-05	-0.00012702518	1.847744e-06	2.218363e-18	1
0	-1.6224803e-05	-0.00015217299	2.1532178e-06	0	0.001256637	0	-1.6224803e-05	-0.00015217299	2.1532178e-06	2.218363e-18	1
0	-1.6148668e-05	-0.00021500245	2.8982759e-06	0	0.0018849556	0	-1.6148668e-05	-0.00021500245	2.8982759e-06	2.218363e-18	1
0	-1.6097212e-05	-0.00027782912	3.658235e-06	0	0.002513274	0	-1.6097212e-05	-0.00027782912	3.658235e-06	2.218363e-18	1
0	-1.5965896e-05	-0.00040349632	5.13345e-06	0	0.0037699111	0	-1.5965896e-05	-0.00040349632	5.13345e-06	2.2183632e-18	1
0	-1.5717233e-05	-0.0006548434	8.195639e-06	0	0.0062831854	0	-1.5717233e-05	-0.0006548434	8.195639e-06	2.2183638e-18	1
0	-1.53929e-05	-0.00096900214	1.1987984e-05	0	0.009424778	0	-1.53929e-05	-0.00096900214	1.1987984e-05	2.218365e-18	1
0	-1.5142374e-05	-0.0012831946	1.577288e-05	0	0.012566371	0	-1.5142374e-05	-0.0012831946	1.577288e-05	2.218366e-18	1
0	-1.4435034e-05	-0.0019115173	2.335012e-05	0	0.018849555	0	-1.4435034e-05	-0.0019115173	2.335012e-05	2.2183702e-18	1
0	-1.3792422e-05	-0.0025398536	3.093481e-05	0	0.025132742	0	-1.3792422e-05	-0.0025398536	3.093481e-05	2.2183758e-18	1
0	-1.2512552e-05	-0.0037965267	4.6037138e-05	0	0.03769911	0	-1.2512552e-05	-0.0037965267	4.6037138e-05	2.2183917e-18	1
0	-1.1228956e-05	-0.005053189	6.117672e-05	0	0.050265484	0	-1.1228956e-05	-0.005053189	6.117672e-05	2.2184138e-18	1
0	-9.943731e-06	-0.0063098352	7.6301396e-05	0	0.06283186	0	-9.943731e-06	-0.0063098352	7.6301396e-05	2.2184426e-18	1
