# t (s)	mx ()	my ()	mz ()	B_extx (T)	B_exty (T)	B_extz (T)	mx ()	my ()	mz ()	E_total (J)	branch ()
0	-0.02954378	0.99949825	-3.5894736e-05	0	0.06283186	0	-0.02954378	0.99949825	-3.5894736e-05	4.5928937e-21	-1
0	-0.034970812	0.9993223	-3.0096171e-05	0	0.050265484	0	-0.034970812	0.9993223	-3.0096171e-05	9.608472e-21	-1
0	-0.04280656	0.9990163	-2.1434771e-05	0	0.03769911	0	-0.04280656	0.9990163	-2.1434771e-05	1.462289e-20	-1
0	-0.055067576	0.9984143	-7.4716336e-06	0	0.025132742	0	-0.055067576	0.9984143	-7.4716336e-06	1.9635132e-20	-1
0	-0.06420097	0.9978678	3.1327804e-06	0	0.018849555	0	-0.06420097	0.9978678	3.1327804e-06	2.2139772e-20	-1
0	-0.0768379	0.9969733	1.7965442e-05	0	0.012566371	0	-0.0768379	0.9969733	1.7965442e-05	2.4642652e-20	-1
0	-0.08516841	0.99629545	2.7853632e-05	0	0.009424778	0	-0.08516841	0.99629545	2.7853632e-05	2.5893073e-20	-1
0	-0.09544399	0.99536276	4.008639e-05	0	0.0062831854	0	-0.09544399	0.99536276	4.008639e-05	2.71425e-20	-1
0	-0.105599254	0.99433565	5.221456e-05	0	0.0037699111	0	-0.105599254	0.99433565	5.221456e-05	2.8141056e-20	-1
0	-0.11151337	0.9936892	5.9288945e-05	0	0.002513274	0	-0.11151337	0.9936892	5.9288945e-05	2.8639904e-20	-1
0	-0.114708215	0.99332523	6.311145e-05	0	0.0018849556	0	-0.114708215	0.99332523	6.311145e-05	2.8889202e-20	-1
0	-0.11809902	0.99292743	6.716908e-05	0	0.001256637	0	-0.11809902	0.99292743	6.716908e-05	2.9138406e-20	-1
0	-0.11953671	0.9927552	6.888939e-05	0	0.0010053096	0	-0.11953671	0.9927552	6.888939e-05	2.923806e-20	-1
0	-0.12168192	0.99249434	7.1455244e-05	0	0.0006283185	0	-0.12168192	0.99249434	7.1455244e-05	2.9387498e-20	-1
0	-0.123969875	0.99221087	7.419339e-05	0	0.0002513274	0	-0.123969875	0.99221087	7.419339e-05	2.9536907e-20	-1
0	-0.123969875	0.99221087	7.419339e-05	0	0.0001256637	0	-0.123969875	0.99221087	7.419339e-05	2.95867e-20	-1
0	-0.123969875	0.99221087	7.419339e-05	0	6.283185e-05	0	-0.123969875	0.99221087	7.419339e-05	2.9611596e-20	-1
0	-0.123969875	0.99221087	7.419339e-05	0	2.5132742e-05	0	-0.123969875	0.99221087	7.419339e-05	2.9626537e-20	-1
0	-0.123969875	0.99221087	7.419339e-05	0	1.2566371e-05	0	-0.123969875	0.99221087	7.419339e-05	2.9631516e-20	-1
0	-0.123969875	0.99221087	7.419339e-05	0	6.2831855e-06	0	-0.123969875	0.99221087	7.419339e-05	2.9634004e-20	-1
0	-0.123969875	0.99221087	7.419339e-05	0	2.513274e-06	0	-0.123969875	0.99221087	7.419339e-05	2.96355e-20	-1
0	-0.123969875	0.99221087	7.419339e-05	0	1.256637e-06	0	-0.123969875	0.99221087	7.419339e-05	2.9635998e-20	-1
0	-0.123969875	0.99221087	7.419339e-05	0	6.283185e-07	0	-0.123969875	0.99221087	7.419339e-05	2.9636246e-20	-1
0	-0.123969875	0.99221087	7.419339e-05	0	2.513274e-07	0	-0.123969875	0.99221087	7.419339e-05	2.9636395e-20	-1
0	-0.123969875	0.99221087	7.419339e-05	0	1.256637e-07	0	-0.123969875	0.99221087	7.419339e-05	2.9636443e-20	-1
0	-0.123969875	0.99221087	7.419339e-05	0	0	0	-0.123969875	0.99221087	7.419339e-05	2.9636495e-20	-1
0	-0.123969875	0.99221087	7.419339e-05	0	-1.256637e-07	0	-0.123969875	0.99221087	7.419339e-05	2.9636544e-20	-1
0	-0.123969875	0.99221087	7.419339e-05	0	-2.513274e-07	0	-0.123969875	0.99221087	7.419339e-05	2.9636595e-20	-1
0	-0.123969875	0.99221087	7.419339e-05	0	-6.283185e-07	0	-0.123969875	0.99221087	7.419339e-05	2.9636744e-20	-1
0	-0.123969875	0.99221087	7.419339e-05	0	-1.256637e-06	0	-0.123969875	0.99221087	7.419339e-05	2.9636993e-20	-1
0	-0.123969875	0.99221087	7.419339e-05	0	-2.513274e-06	0	-0.123969875	0.99221087	7.419339e-05	2.963749e-20	-1
0	-0.123969875	0.99221087	7.419339e-05	0	-6.2831855e-06	0	-0.123969875	0.99221087	7.419339e-05	2.9638983e-20	-1
0	-0.123969875	0.99221087	7.419339e-05	0	-1.2566371e-05	0	-0.123969875	0.99221087	7.419339e-05	2.9641474e-20	-1
0	-0.123969875	0.99221087	7.419339e-05	0	-2.5132742e-05	0	-0.123969875	0.99221087	7.419339e-05	2.9646454e-20	-1
0	-0.12593213	0.99196357	7.654244e-05	0	-6.283185e-05	0	-0.12593213	0.99196357	7.654244e-05	2.9661375e-20	-1
0	-0.12593213	0.99196357	7.654244e-05	0	-0.0001256637	0	-0.12593213	0.99196357	7.654244e-05	2.9686265e-20	-1
0	-0.12593213	0.99196357	7.654244e-05	0	-0.0002513274	0	-0.12593213	0.99196357	7.654244e-05	2.9736048e-20	-1
0	-0.12958911	0.99149203	8.091252e-05	0	-0.0006283185	0	-0.12958911	0.99149203	8.091252e-05	2.988534e-20	-1
0	-0.13215885	0.9911525	8.398344e-05	0	-0.0010053096	0	-0.13215885	0.9911525	8.398344e-05	3.003459e-20	-1
0	-0.13393044	0.99091446	8.6096086e-05	0	-0.001256637	0	-0.13393044	0.99091446	8.6096086e-05	3.0134057e-20	-1
0	-0.1385803	0.9902744	9.1648486e-05	0	-0.0018849556	0	-0.1385803	0.9902744	9.1648486e-05	3.0382625e-20	-1
0	-0.1436409	0.9895525	9.7680764e-05	0	-0.002513274	0	-0.1436409	0.9895525	9.7680764e-05	3.0631025e-20	-1
0	-0.15477046	0.9878715	0.00011090956	0	-0.0037699111	0	-0.15477046	0.9878715	0.00011090956	3.1127223e-20	-1
0	-0.18407634	0.98282874	0.00014533082	0	-0.0062831854	0	-0.18407634	0.98282874	0.00014533082	3.2116457e-20	-1
0	-0.2518032	0.96768296	0.00022104468	0	-0.009424778	0	-0.2518032	0.96768296	0.00022104468	3.3341993e-20	-1
0	0.07684478	-0.9969727	-1.7992657e-05	0	-0.012566371	0	0.07684478	-0.9969727	-1.7992657e-05	2.4642649e-20	-1
0	0.0642093	-0.9978673	-3.1423888e-06	0	-0.018849555	0	0.0642093	-0.9978673	-3.1423888e-06	2.2139773e-20	-1
0	0.05507505	-0.99841386	7.4626623e-06	0	-0.025132742	0	0.05507505	-0.99841386	7.4626623e-06	1.9635132e-20	-1
0	0.042812515	-0.99901605	2.1427872e-05	0	-0.03769911	0	0.042812515	-0.99901605	2.1427872e-05	1.462289e-20	-1
0	0.034973245	-0.9993222	3.0092891e-05	0	-0.050265484	0	0.034973245	-0.9993222	3.0092891e-05	9.608474e-21	-1
0	0.029545397	-0.99949825	3.589304e-05	0	-0.06283186	0	0.029545397	-0.99949825	3.589304e-05	4.5928905e-21	-1
0	0.029545397	-0.99949825	3.589304e-05	0	-0.06283186	0	0.029545397	-0.99949825	3.589304e-05	4.5928905e-21	1
0	0.03497071	-0.9993223	3.0095956e-05	0	-0.050265484	0	0.03497071	-0.9993223	3.0095956e-05	9.608477e-21	1
0	0.042807788	-0.9990163	2.1433585e-05	0	-0.03769911	0	0.042807788	-0.9990163	2.1433585e-05	1.4622889e-20	1
0	0.055068143	-0.9984143	7.4707596e-06	0	-0.025132742	0	0.055068143	-0.9984143	7.4707596e-06	1.9635135e-20	1
0	0.06419605	-0.99786806	-3.1264935e-06	0	-0.018849555	0	0.06419605	-0.99786806	-3.1264935e-06	2.213977e-20	1
0	0.07684745	-0.99697256	-1.7995404e-05	0	-0.012566371	0	0.07684745	-0.99697256	-1.7995404e-05	2.4642647e-20	1
0	0.08517722	-0.99629474	-2.7862185e-05	0	-0.009424778	0	0.08517722	-0.99629474	-2.7862185e-05	2.5893073e-20	1
0	0.09544886	-0.9953623	-4.0090516e-05	0	-0.0062831854	0	0.09544886	-0.9953623	-4.0090516e-05	2.71425e-20	1
0	0.10561022	-0.9943345	-5.2227173e-05	0	-0.0037699111	0	0.10561022	-0.9943345	-5.2227173e-05	2.8141056e-20	1
0	0.11154027	-0.9936862	-5.9321042e-05	0	-0.002513274	0	0.11154027	-0.9936862	-5.9321042e-05	2.8639907e-20	1
0	0.114708684	-0.9933251	-6.311182e-05	0	-0.0018849556	0	0.114708684	-0.9933251	-6.311182e-05	2.8889202e-20	1
0	0.11810247	-0.9929271	-6.717075e-05	0	-0.001256637	0	0.11810247	-0.9929271	-6.717075e-05	2.9138406e-20	1
0	0.11951928	-0.9927573	-6.886857e-05	0	-0.0010053096	0	0.11951928	-0.9927573	-6.886857e-05	2.9238056e-20	1
0	0.12166777	-0.9924961	-7.1438626e-05	0	-0.0006283185	0	0.12166777	-0.9924961	-7.1438626e-05	2.93875e-20	1
0	0.12395418	-0.9922129	-7.4174444e-05	0	-0.0002513274	0	0.12395418	-0.9922129	-7.4174444e-05	2.9536904e-20	1
0	0.12474334	-0.99211395	-7.511828e-05	0	-0.0001256637	0	0.12474334	-0.99211395	-7.511828e-05	2.9586696e-20	1
0	0.12474334	-0.99211395	-7.511828e-05	0	-6.283185e-05	0	0.12474334	-0.99211395	-7.511828e-05	2.961159e-20	1
0	0.12474334	-0.99211395	-7.511828e-05	0	-2.5132742e-05	0	0.12474334	-0.99211395	-7.511828e-05	2.9626527e-20	1
0	0.12474334	-0.99211395	-7.511828e-05	0	-1.2566371e-05	0	0.12474334	-0.99211395	-7.511828e-05	2.9631506e-20	1
0	0.12474334	-0.99211395	-7.511828e-05	0	-6.2831855e-06	0	0.12474334	-0.99211395	-7.511828e-05	2.9633994e-20	1
0	0.12474334	-0.99211395	-7.511828e-05	0	-2.513274e-06	0	0.12474334	-0.99211395	-7.511828e-05	2.963549e-20	1
0	0.12474334	-0.99211395	-7.511828e-05	0	-1.256637e-06	0	0.12474334	-0.99211395	-7.511828e-05	2.9635988e-20	1
0	0.12474334	-0.99211395	-7.511828e-05	0	-6.283185e-07	0	0.12474334	-0.99211395	-7.511828e-05	2.9636237e-20	1
0	0.12474334	-0.99211395	-7.511828e-05	0	-2.513274e-07	0	0.12474334	-0.99211395	-7.511828e-05	2.9636385e-20	1
0	0.12474334	-0.99211395	-7.511828e-05	0	-1.256637e-07	0	0.12474334	-0.99211395	-7.511828e-05	2.9636434e-20	1
0	0.12474334	-0.99211395	-7.511828e-05	0	0	0	0.12474334	-0.99211395	-7.511828e-05	2.9636485e-20	1
0	0.12474334	-0.99211395	-7.511828e-05	0	1.256637e-07	0	0.12474334	-0.99211395	-7.511828e-05	2.9636534e-20	1
0	0.12474334	-0.99211395	-7.511828e-05	0	2.513274e-07	0	0.12474334	-0.99211395	-7.511828e-05	2.9636586e-20	1
0	0.12474334	-0.99211395	-7.511828e-05	0	6.283185e-07	0	0.12474334	-0.99211395	-7.511828e-05	2.9636734e-20	1
0	0.12474334	-0.99211395	-7.511828e-05	0	1.256637e-06	0	0.12474334	-0.99211395	-7.511828e-05	2.9636983e-20	1
0	0.12474334	-0.99211395	-7.511828e-05	0	2.513274e-06	0	0.12474334	-0.99211395	-7.511828e-05	2.963748e-20	1
0	0.12474334	-0.99211395	-7.511828e-05	0	6.2831855e-06	0	0.12474334	-0.99211395	-7.511828e-05	2.9638973e-20	1
0	0.12474334	-0.99211395	-7.511828e-05	0	1.2566371e-05	0	0.12474334	-0.99211395	-7.511828e-05	2.9641465e-20	1
0	0.12474334	-0.99211395	-7.511828e-05	0	2.5132742e-05	0	0.12474334	-0.99211395	-7.511828e-05	2.9646444e-20	1
0	0.12474334	-0.99211395	-7.511828e-05	0	6.283185e-05	0	0.12474334	-0.99211395	-7.511828e-05	2.966138e-20	1
0	0.12474334	-0.99211395	-7.511828e-05	0	0.0001256637	0	0.12474334	-0.99211395	-7.511828e-05	2.9686275e-20	1
0	0.1271133	-0.99181277	-7.7953155e-05	0	0.0002513274	0	0.1271133	-0.99181277	-7.7953155e-05	2.973604e-20	1
0	0.12960652	-0.9914898	-8.0933074e-05	0	0.0006283185	0	0.12960652	-0.9914898	-8.0933074e-05	2.9885338e-20	1
0	0.13215648	-0.9911529	-8.398039e-05	0	0.0010053096	0	0.13215648	-0.9911529	-8.398039e-05	3.0034586e-20	1
0	0.13393456	-0.990914	-8.6104454e-05	0	0.001256637	0	0.13393456	-0.990914	-8.6104454e-05	3.013406e-20	1
0	0.13861644	-0.9902693	-9.169288e-05	0	0.0018849556	0	0.13861644	-0.9902693	-9.169288e-05	3.0382625e-20	1
0	0.14359951	-0.98955846	-9.7630465e-05	0	0.002513274	0	0.14359951	-0.98955846	-9.7630465e-05	3.0631025e-20	1
0	0.15477593	-0.9878707	-0.00011091067	0	0.0037699111	0	0.15477593	-0.9878707	-0.00011091067	3.1127223e-20	1
0	0.18407393	-0.9828292	-0.00014532784	0	0.0062831854	0	0.18407393	-0.9828292	-0.00014532784	3.2116457e-20	1
0	0.25178868	-0.9676867	-0.00022102919	0	0.009424778	0	0.25178868	-0.9676867	-0.00022102919	3.334199e-20	1
0	0.8989322	0.43779606	0.00050332706	0	0.012566371	0	0.8989322	0.43779606	0.00050332706	2.600785e-20	1
0	-0.064197235	0.99786806	3.1244292e-06	0	0.018849555	0	-0.064197235	0.99786806	3.1244292e-06	2.2139772e-20	1
0	-0.055076525	0.9984138	-7.4633376e-06	0	0.025132742	0	-0.055076525	0.9984138	-7.4633376e-06	1.9635132e-20	1
0	-0.04281068	0.99901605	-2.142903e-05	0	0.03769911	0	-0.04281068	0.99901605	-2.142903e-05	1.4622888e-20	1
0	-0.03497401	0.9993222	-3.0092284e-05	0	0.050265484	0	-0.03497401	0.9993222	-3.0092284e-05	9.608476e-21	1
0	-0.029545259	0.99949825	-3.5892983e-05	0	0.06283186	0	-0.029545259	0.99949825	-3.5892983e-05	4.5928905e-21	1
