# t (s)	mx ()	my ()	mz ()	B_extx (T)	B_exty (T)	B_extz (T)	mx ()	my ()	mz ()	E_total (J)	branch ()
0	-0.044272885	0.9989536	-0.0003607543	0	0.06283186	0	-0.044272885	0.9989536	-0.0003607543	4.643287e-21	-1
0	-0.052650537	0.99854606	-0.00035086984	0	0.050265484	0	-0.052650537	0.99854606	-0.00035086984	9.655609e-21	-1
0	-0.06480324	0.9978298	-0.00033465415	0	0.03769911	0	-0.06480324	0.9978298	-0.00033465415	1.4665205e-20	-1
0	-0.08387229	0.9964064	-0.00030647172	0	0.025132742	0	-0.08387229	0.9964064	-0.00030647172	1.966969e-20	-1
0	-0.098029405	0.99511194	-0.00028414707	0	0.018849555	0	-0.098029405	0.99511194	-0.00028414707	2.2168421e-20	-1
0	-0.117515296	0.9929974	-0.0002520471	0	0.012566371	0	-0.117515296	0.9929974	-0.0002520471	2.4662988e-20	-1
0	-0.1302467	0.99140644	-0.00023044494	0	0.009424778	0	-0.1302467	0.99140644	-0.00023044494	2.590788e-20	-1
0	-0.14584093	0.98923093	-0.00020344308	0	0.0062831854	0	-0.14584093	0.98923093	-0.00020344308	2.7150433e-20	-1
0	-0.16105504	0.98686624	-0.00017665143	0	0.0037699111	0	-0.16105504	0.98686624	-0.00017665143	2.8142197e-20	-1
0	-0.1698543	0.98538876	-0.00016099263	0	0.002513274	0	-0.1698543	0.98538876	-0.00016099263	2.8637093e-20	-1
0	-0.17461944	0.9845549	-0.00015247276	0	0.0018849556	0	-0.17461944	0.9845549	-0.00015247276	2.8884252e-20	-1
0	-0.17962566	0.9836532	-0.00014349582	0	0.001256637	0	-0.17962566	0.9836532	-0.00014349582	2.9131185e-20	-1
0	-0.17962566	0.9836532	-0.00014349582	0	0.0010053096	0	-0.17962566	0.9836532	-0.00014349582	2.9229917e-20	-1
0	-0.18496871	0.9826617	-0.00013388501	0	0.0006283185	0	-0.18496871	0.9826617	-0.00013388501	2.937789e-20	-1
0	-0.1882908	0.98203003	-0.00012789934	0	0.0002513274	0	-0.1882908	0.98203003	-0.00012789934	2.9525785e-20	-1
0	-0.18942901	0.9818109	-0.0001258465	0	0.0001256637	0	-0.18942901	0.9818109	-0.0001258465	2.957506e-20	-1
0	-0.18942901	0.9818109	-0.0001258465	0	6.283185e-05	0	-0.18942901	0.9818109	-0.0001258465	2.95997e-20	-1
0	-0.18942901	0.9818109	-0.0001258465	0	2.5132742e-05	0	-0.18942901	0.9818109	-0.0001258465	2.9614478e-20	-1
0	-0.18942901	0.9818109	-0.0001258465	0	1.2566371e-05	0	-0.18942901	0.9818109	-0.0001258465	2.9619405e-20	-1
0	-0.18942901	0.9818109	-0.0001258465	0	6.2831855e-06	0	-0.18942901	0.9818109	-0.0001258465	2.962187e-20	-1
0	-0.18942901	0.9818109	-0.0001258465	0	2.513274e-06	0	-0.18942901	0.9818109	-0.0001258465	2.9623348e-20	-1
0	-0.18942901	0.9818109	-0.0001258465	0	1.256637e-06	0	-0.18942901	0.9818109	-0.0001258465	2.9623842e-20	-1
0	-0.18942901	0.9818109	-0.0001258465	0	6.283185e-07	0	-0.18942901	0.9818109	-0.0001258465	2.9624087e-20	-1
0	-0.18942901	0.9818109	-0.0001258465	0	2.513274e-07	0	-0.18942901	0.9818109	-0.0001258465	2.9624236e-20	-1
0	-0.18942901	0.9818109	-0.0001258465	0	1.256637e-07	0	-0.18942901	0.9818109	-0.0001258465	2.9624285e-20	-1
0	-0.18942901	0.9818109	-0.0001258465	0	0	0	-0.18942901	0.9818109	-0.0001258465	2.9624333e-20	-1
0	-0.18942901	0.9818109	-0.0001258465	0	-1.256637e-07	0	-0.18942901	0.9818109	-0.0001258465	2.962438e-20	-1
0	-0.18942901	0.9818109	-0.0001258465	0	-2.513274e-07	0	-0.18942901	0.9818109	-0.0001258465	2.9624433e-20	-1
0	-0.18942901	0.9818109	-0.0001258465	0	-6.283185e-07	0	-0.18942901	0.9818109	-0.0001258465	2.962458e-20	-1
0	-0.18942901	0.9818109	-0.0001258465	0	-1.256637e-06	0	-0.18942901	0.9818109	-0.0001258465	2.9624827e-20	-1
0	-0.18942901	0.9818109	-0.0001258465	0	-2.513274e-06	0	-0.18942901	0.9818109	-0.0001258465	2.962532e-20	-1
0	-0.18942901	0.9818109	-0.0001258465	0	-6.2831855e-06	0	-0.18942901	0.9818109	-0.0001258465	2.96268e-20	-1
0	-0.18942901	0.9818109	-0.0001258465	0	-1.2566371e-05	0	-0.18942901	0.9818109	-0.0001258465	2.962926e-20	-1
0	-0.18942901	0.9818109	-0.0001258465	0	-2.5132742e-05	0	-0.18942901	0.9818109	-0.0001258465	2.9634188e-20	-1
0	-0.18942901	0.9818109	-0.0001258465	0	-6.283185e-05	0	-0.18942901	0.9818109	-0.0001258465	2.964897e-20	-1
0	-0.19174159	0.9813616	-0.000121672056	0	-0.0001256637	0	-0.19174159	0.9813616	-0.000121672056	2.9673583e-20	-1
0	-0.19295889	0.9811228	-0.000119472345	0	-0.0002513274	0	-0.19295889	0.9811228	-0.000119472345	2.9722826e-20	-1
0	-0.19657642	0.98040384	-0.00011293486	0	-0.0006283185	0	-0.19657642	0.98040384	-0.00011293486	2.9870484e-20	-1
0	-0.20034012	0.97964114	-0.00010612163	0	-0.0010053096	0	-0.20034012	0.97964114	-0.00010612163	3.0018035e-20	-1
0	-0.20294572	0.9791043	-0.00010136706	0	-0.001256637	0	-0.20294572	0.9791043	-0.00010136706	3.011633e-20	-1
0	-0.20974985	0.97766817	-8.90654e-05	0	-0.0018849556	0	-0.20974985	0.97766817	-8.90654e-05	3.0361836e-20	-1
0	-0.21712196	0.9760562	-7.568414e-05	0	-0.002513274	0	-0.21712196	0.9760562	-7.568414e-05	3.0606962e-20	-1
0	-0.23352987	0.9722583	-4.590227e-05	0	-0.0037699111	0	-0.23352987	0.9722583	-4.590227e-05	3.109588e-20	-1
0	-0.2775262	0.96061754	3.329725e-05	0	-0.0062831854	0	-0.2775262	0.96061754	3.329725e-05	3.2066487e-20	-1
0	-0.92060834	-0.39018673	-0.0009346654	0	-0.009424778	0	-0.92060834	-0.39018673	-0.0009346654	2.6274195e-20	-1
0	-0.8793913	-0.47581553	-0.00077396026	0	-0.012566371	0	-0.8793913	-0.47581553	-0.00077396026	2.5732938e-20	-1
0	0.09804112	-0.99511075	0.00028411933	0	-0.018849555	0	0.09804112	-0.99511075	0.00028411933	2.2168423e-20	-1
0	0.083879136	-0.99640584	0.000306466	0	-0.025132742	0	0.083879136	-0.99640584	0.000306466	1.9669691e-20	-1
0	0.06481366	-0.9978292	0.00033463739	0	-0.03769911	0	0.06481366	-0.9978292	0.00033463739	1.4665201e-20	-1
0	0.05265334	-0.99854594	0.00035086574	0	-0.050265484	0	0.05265334	-0.99854594	0.00035086574	9.6556066e-21	-1
0	0.04427857	-0.9989534	0.00036075062	0	-0.06283186	0	0.04427857	-0.9989534	0.00036075062	4.6432895e-21	-1
0	0.04427857	-0.9989534	0.00036075062	0	-0.06283186	0	0.04427857	-0.9989534	0.00036075062	4.6432895e-21	1
0	0.05265089	-0.99854606	0.00035086906	0	-0.050265484	0	0.05265089	-0.99854606	0.00035086906	9.655609e-21	1
0	0.064804755	-0.99782974	0.0003346518	0	-0.03769911	0	0.064804755	-0.99782974	0.0003346518	1.4665203e-20	1
0	0.08387305	-0.9964063	0.00030647015	0	-0.025132742	0	0.08387305	-0.9964063	0.00030647015	1.9669691e-20	1
0	0.09803136	-0.9951118	0.0002841369	0	-0.018849555	0	0.09803136	-0.9951118	0.0002841369	2.2168424e-20	1
0	0.11751641	-0.9929973	0.0002520514	0	-0.012566371	0	0.11751641	-0.9929973	0.0002520514	2.4662986e-20	1
0	0.13024208	-0.99140704	0.00023045298	0	-0.009424778	0	0.13024208	-0.99140704	0.00023045298	2.5907878e-20	1
0	0.14581627	-0.98923457	0.00020348794	0	-0.0062831854	0	0.14581627	-0.98923457	0.00020348794	2.7150436e-20	1
0	0.16105188	-0.98686683	0.00017659736	0	-0.0037699111	0	0.16105188	-0.98686683	0.00017659736	2.81422e-20	1
0	0.16985607	-0.9853885	0.00016098973	0	-0.002513274	0	0.16985607	-0.9853885	0.00016098973	2.8637093e-20	1
0	0.17461422	-0.9845557	0.00015248117	0	-0.0018849556	0	0.17461422	-0.9845557	0.00015248117	2.8884252e-20	1
0	0.1796264	-0.98365295	0.00014349417	0	-0.001256637	0	0.1796264	-0.98365295	0.00014349417	2.913119e-20	1
0	0.1796264	-0.98365295	0.00014349417	0	-0.0010053096	0	0.1796264	-0.98365295	0.00014349417	2.922992e-20	1
0	0.1849814	-0.9826593	0.00013386318	0	-0.0006283185	0	0.1849814	-0.9826593	0.00013386318	2.9377885e-20	1
0	0.18827581	-0.9820329	0.00012792787	0	-0.0002513274	0	0.18827581	-0.9820329	0.00012792787	2.9525785e-20	1
0	0.18827581	-0.9820329	0.00012792787	0	-0.0001256637	0	0.18827581	-0.9820329	0.00012792787	2.9575067e-20	1
0	0.19000249	-0.98170006	0.00012481153	0	-6.283185e-05	0	0.19000249	-0.98170006	0.00012481153	2.95997e-20	1
0	0.19000249	-0.98170006	0.00012481153	0	-2.5132742e-05	0	0.19000249	-0.98170006	0.00012481153	2.9614478e-20	1
0	0.19000249	-0.98170006	0.00012481153	0	-1.2566371e-05	0	0.19000249	-0.98170006	0.00012481153	2.9619402e-20	1
0	0.19000249	-0.98170006	0.00012481153	0	-6.2831855e-06	0	0.19000249	-0.98170006	0.00012481153	2.9621868e-20	1
0	0.19000249	-0.98170006	0.00012481153	0	-2.513274e-06	0	0.19000249	-0.98170006	0.00012481153	2.9623344e-20	1
0	0.19000249	-0.98170006	0.00012481153	0	-1.256637e-06	0	0.19000249	-0.98170006	0.00012481153	2.962384e-20	1
0	0.19000249	-0.98170006	0.00012481153	0	-6.283185e-07	0	0.19000249	-0.98170006	0.00012481153	2.9624084e-20	1
0	0.19000249	-0.98170006	0.00012481153	0	-2.513274e-07	0	0.19000249	-0.98170006	0.00012481153	2.9624233e-20	1
0	0.19000249	-0.98170006	0.00012481153	0	-1.256637e-07	0	0.19000249	-0.98170006	0.00012481153	2.962428e-20	1
0	0.19000249	-0.98170006	0.00012481153	0	0	0	0.19000249	-0.98170006	0.00012481153	2.962433e-20	1
0	0.19000249	-0.98170006	0.00012481153	0	1.256637e-07	0	0.19000249	-0.98170006	0.00012481153	2.9624378e-20	1
0	0.19000249	-0.98170006	0.00012481153	0	2.513274e-07	0	0.19000249	-0.98170006	0.00012481153	2.962443e-20	1
0	0.19000249	-0.98170006	0.00012481153	0	6.283185e-07	0	0.19000249	-0.98170006	0.00012481153	2.9624575e-20	1
0	0.19000249	-0.98170006	0.00012481153	0	1.256637e-06	0	0.19000249	-0.98170006	0.00012481153	2.9624824e-20	1
0	0.19000249	-0.98170006	0.00012481153	0	2.513274e-06	0	0.19000249	-0.98170006	0.00012481153	2.9625315e-20	1
0	0.19000249	-0.98170006	0.00012481153	0	6.2831855e-06	0	0.19000249	-0.98170006	0.00012481153	2.9626795e-20	1
0	0.19000249	-0.98170006	0.00012481153	0	1.2566371e-05	0	0.19000249	-0.98170006	0.00012481153	2.9629257e-20	1
0	0.19000249	-0.98170006	0.00012481153	0	2.5132742e-05	0	0.19000249	-0.98170006	0.00012481153	2.9634185e-20	1
0	0.19000249	-0.98170006	0.00012481153	0	6.283185e-05	0	0.19000249	-0.98170006	0.00012481153	2.9648964e-20	1
0	0.19175057	-0.98135984	0.00012165449	0	0.0001256637	0	0.19175057	-0.98135984	0.00012165449	2.9673583e-20	1
0	0.19293712	-0.981127	0.00011951197	0	0.0002513274	0	0.19293712	-0.981127	0.00011951197	2.9722826e-20	1
0	0.1965658	-0.98040605	0.000112952286	0	0.0006283185	0	0.1965658	-0.98040605	0.000112952286	2.9870487e-20	1
0	0.20034933	-0.9796393	0.00010610903	0	0.0010053096	0	0.20034933	-0.9796393	0.00010610903	3.0018035e-20	1
0	0.20294982	-0.97910345	0.00010139555	0	0.001256637	0	0.20294982	-0.97910345	0.00010139555	3.0116337e-20	1
0	0.20975362	-0.97766733	8.90583e-05	0	0.0018849556	0	0.20975362	-0.97766733	8.90583e-05	3.036184e-20	1
0	0.21709345	-0.97606266	7.574273e-05	0	0.002513274	0	0.21709345	-0.97606266	7.574273e-05	3.0606962e-20	1
0	0.23352854	-0.9722586	4.5904555e-05	0	0.0037699111	0	0.23352854	-0.9722586	4.5904555e-05	3.1095878e-20	1
0	0.2775314	-0.9606161	-3.3306558e-05	0	0.0062831854	0	0.2775314	-0.9606161	-3.3306558e-05	3.2066487e-20	1
0	0.9206157	0.39016944	0.0009346927	0	0.009424778	0	0.9206157	0.39016944	0.0009346927	2.6274197e-20	1
0	0.8793906	0.4758169	0.00077395723	0	0.012566371	0	0.8793906	0.4758169	0.00077395723	2.5732938e-20	1
0	-0.09803145	0.9951117	-0.00028413587	0	0.018849555	0	-0.09803145	0.9951117	-0.00028413587	2.2168424e-20	1
0	-0.083877206	0.99640596	-0.0003064564	0	0.025132742	0	-0.083877206	0.99640596	-0.0003064564	1.966969e-20	1
0	-0.06480652	0.9978296	-0.00033465	0	0.03769911	0	-0.06480652	0.9978296	-0.00033465	1.4665203e-20	1
0	-0.052651018	0.99854606	-0.0003508709	0	0.050265484	0	-0.052651018	0.99854606	-0.0003508709	9.655609e-21	1
0	-0.04427442	0.9989536	-0.00036075758	0	0.06283186	0	-0.04427442	0.9989536	-0.00036075758	4.643287e-21	1
