# t (s)	mx ()	my ()	mz ()	B_extx (T)	B_exty (T)	B_extz (T)	mx ()	my ()	mz ()	E_total (J)	branch ()
0	-0.02472348	0.99962914	-0.0006335585	0	0.06283186	0	-0.02472348	0.99962914	-0.0006335585	4.576625e-21	-1
0	-0.029230796	0.9995066	-0.0006403507	0	0.050265484	0	-0.029230796	0.9995066	-0.0006403507	9.5929864e-21	-1
0	-0.035729382	0.9992945	-0.00064792857	0	0.03769911	0	-0.035729382	0.9992945	-0.00064792857	1.460854e-20	-1
0	-0.045889005	0.99887836	-0.00065678405	0	0.025132742	0	-0.045889005	0.99887836	-0.00065678405	1.9622589e-20	-1
0	-0.053442214	0.9985021	-0.0006619939	0	0.018849555	0	-0.053442214	0.9985021	-0.0006619939	2.2128589e-20	-1
0	-0.06392075	0.9978852	-0.00066802773	0	0.012566371	0	-0.06392075	0.9978852	-0.00066802773	2.4633376e-20	-1
0	-0.070833355	0.9974178	-0.0006714672	0	0.009424778	0	-0.070833355	0.9974178	-0.0006714672	2.5885071e-20	-1
0	-0.07937424	0.9967738	-0.0006752594	0	0.0062831854	0	-0.07937424	0.9967738	-0.0006752594	2.7136074e-20	-1
0	-0.0878139	0.996065	-0.0006786318	0	0.0037699111	0	-0.0878139	0.996065	-0.0006786318	2.81362e-20	-1
0	-0.09273486	0.9956185	-0.00068043347	0	0.002513274	0	-0.09273486	0.9956185	-0.00068043347	2.8635965e-20	-1
0	-0.09541805	0.9953647	-0.0006813707	0	0.0018849556	0	-0.09541805	0.9953647	-0.0006813707	2.888576e-20	-1
0	-0.098245785	0.9950893	-0.00068232714	0	0.001256637	0	-0.098245785	0.9950893	-0.00068232714	2.913549e-20	-1
0	-0.099412516	0.9949733	-0.0006827126	0	0.0010053096	0	-0.099412516	0.9949733	-0.0006827126	2.9235355e-20	-1
0	-0.10123921	0.994789	-0.000683305	0	0.0006283185	0	-0.10123921	0.994789	-0.000683305	2.938514e-20	-1
0	-0.10313761	0.99459374	-0.00068390445	0	0.0002513274	0	-0.10313761	0.99459374	-0.00068390445	2.9534894e-20	-1
0	-0.10313761	0.99459374	-0.00068390445	0	0.0001256637	0	-0.10313761	0.99459374	-0.00068390445	2.958481e-20	-1
0	-0.10313761	0.99459374	-0.00068390445	0	6.283185e-05	0	-0.10313761	0.99459374	-0.00068390445	2.9609764e-20	-1
0	-0.10313761	0.99459374	-0.00068390445	0	2.5132742e-05	0	-0.10313761	0.99459374	-0.00068390445	2.962474e-20	-1
0	-0.10313761	0.99459374	-0.00068390445	0	1.2566371e-05	0	-0.10313761	0.99459374	-0.00068390445	2.962973e-20	-1
0	-0.10313761	0.99459374	-0.00068390445	0	6.2831855e-06	0	-0.10313761	0.99459374	-0.00068390445	2.9632227e-20	-1
0	-0.10313761	0.99459374	-0.00068390445	0	2.513274e-06	0	-0.10313761	0.99459374	-0.00068390445	2.9633723e-20	-1
0	-0.10313761	0.99459374	-0.00068390445	0	1.256637e-06	0	-0.10313761	0.99459374	-0.00068390445	2.9634224e-20	-1
0	-0.10313761	0.99459374	-0.00068390445	0	6.283185e-07	0	-0.10313761	0.99459374	-0.00068390445	2.9634472e-20	-1
0	-0.10313761	0.99459374	-0.00068390445	0	2.513274e-07	0	-0.10313761	0.99459374	-0.00068390445	2.963462e-20	-1
0	-0.10313761	0.99459374	-0.00068390445	0	1.256637e-07	0	-0.10313761	0.99459374	-0.00068390445	2.9634673e-20	-1
0	-0.10313761	0.99459374	-0.00068390445	0	0	0	-0.10313761	0.99459374	-0.00068390445	2.963472e-20	-1
0	-0.10313761	0.99459374	-0.00068390445	0	-1.256637e-07	0	-0.10313761	0.99459374	-0.00068390445	2.9634773e-20	-1
0	-0.10313761	0.99459374	-0.00068390445	0	-2.513274e-07	0	-0.10313761	0.99459374	-0.00068390445	2.963482e-20	-1
0	-0.10313761	0.99459374	-0.00068390445	0	-6.283185e-07	0	-0.10313761	0.99459374	-0.00068390445	2.963497e-20	-1
0	-0.10313761	0.99459374	-0.00068390445	0	-1.256637e-06	0	-0.10313761	0.99459374	-0.00068390445	2.9635222e-20	-1
0	-0.10313761	0.99459374	-0.00068390445	0	-2.513274e-06	0	-0.10313761	0.99459374	-0.00068390445	2.963572e-20	-1
0	-0.10313761	0.99459374	-0.00068390445	0	-6.2831855e-06	0	-0.10313761	0.99459374	-0.00068390445	2.9637216e-20	-1
0	-0.10313761	0.99459374	-0.00068390445	0	-1.2566371e-05	0	-0.10313761	0.99459374	-0.00068390445	2.9639713e-20	-1
0	-0.10313761	0.99459374	-0.00068390445	0	-2.5132742e-05	0	-0.10313761	0.99459374	-0.00068390445	2.9644706e-20	-1
0	-0.104770765	0.9944229	-0.00068441086	0	-6.283185e-05	0	-0.104770765	0.9944229	-0.00068441086	2.9659672e-20	-1
0	-0.104770765	0.9944229	-0.00068441086	0	-0.0001256637	0	-0.104770765	0.9944229	-0.00068441086	2.9684627e-20	-1
0	-0.104770765	0.9944229	-0.00068441086	0	-0.0002513274	0	-0.104770765	0.9944229	-0.00068441086	2.973453e-20	-1
0	-0.10783668	0.99409485	-0.0006853355	0	-0.0006283185	0	-0.10783668	0.99409485	-0.0006853355	2.988421e-20	-1
0	-0.10995294	0.99386275	-0.00068595633	0	-0.0010053096	0	-0.10995294	0.99386275	-0.00068595633	3.003386e-20	-1
0	-0.11148433	0.99369204	-0.00068639056	0	-0.001256637	0	-0.11148433	0.99369204	-0.00068639056	3.0133605e-20	-1
0	-0.11534259	0.9932512	-0.00068745855	0	-0.0018849556	0	-0.11534259	0.9932512	-0.00068745855	3.038289e-20	-1
0	-0.11953214	0.9927553	-0.00068855734	0	-0.002513274	0	-0.11953214	0.9927553	-0.00068855734	3.063206e-20	-1
0	-0.12884936	0.99158806	-0.0006908061	0	-0.0037699111	0	-0.12884936	0.99158806	-0.0006908061	3.1129992e-20	-1
0	-0.15315035	0.9881238	-0.00069541973	0	-0.0062831854	0	-0.15315035	0.9881238	-0.00069541973	3.2123672e-20	-1
0	-0.20544007	0.97858256	-0.0006996953	0	-0.009424778	0	-0.20544007	0.97858256	-0.0006996953	3.3358465e-20	-1
0	0.0639364	-0.99788415	0.0006680322	0	-0.012566371	0	0.0639364	-0.99788415	0.0006680322	2.4633377e-20	-1
0	0.053454317	-0.9985014	0.0006619975	0	-0.018849555	0	0.053454317	-0.9985014	0.0006619975	2.2128589e-20	-1
0	0.04589299	-0.9988782	0.00065678573	0	-0.025132742	0	0.04589299	-0.9988782	0.00065678573	1.9622587e-20	-1
0	0.03573305	-0.9992943	0.0006479237	0	-0.03769911	0	0.03573305	-0.9992943	0.0006479237	1.4608535e-20	-1
0	0.029233988	-0.9995065	0.00064035563	0	-0.050265484	0	0.029233988	-0.9995065	0.00064035563	9.5929905e-21	-1
0	0.02472543	-0.999629	0.0006335615	0	-0.06283186	0	0.02472543	-0.999629	0.0006335615	4.576626e-21	-1
0	0.024725031	-0.999629	0.0006335572	0	-0.06283186	0	0.024725031	-0.999629	0.0006335572	4.576624e-21	1
0	0.029231567	-0.9995066	0.00064035534	0	-0.050265484	0	0.029231567	-0.9995066	0.00064035534	9.59299e-21	1
0	0.035730664	-0.9992944	0.00064792985	0	-0.03769911	0	0.035730664	-0.9992944	0.00064792985	1.4608538e-20	1
0	0.045888335	-0.99887836	0.0006567856	0	-0.025132742	0	0.045888335	-0.99887836	0.0006567856	1.9622585e-20	1
0	0.053449176	-0.99850166	0.00066199567	0	-0.018849555	0	0.053449176	-0.99850166	0.00066199567	2.2128589e-20	1
0	0.06392476	-0.9978849	0.00066802814	0	-0.012566371	0	0.06392476	-0.9978849	0.00066802814	2.4633374e-20	1
0	0.070828654	-0.99741817	0.0006714668	0	-0.009424778	0	0.070828654	-0.99741817	0.0006714668	2.5885071e-20	1
0	0.07937691	-0.9967736	0.00067527767	0	-0.0062831854	0	0.07937691	-0.9967736	0.00067527767	2.7136077e-20	1
0	0.08782448	-0.99606407	0.00067863404	0	-0.0037699111	0	0.08782448	-0.99606407	0.00067863404	2.8136196e-20	1
0	0.09276107	-0.9956161	0.00068044016	0	-0.002513274	0	0.09276107	-0.9956161	0.00068044016	2.863597e-20	1
0	0.09542544	-0.995364	0.0006813692	0	-0.0018849556	0	0.09542544	-0.995364	0.0006813692	2.8885758e-20	1
0	0.09824599	-0.9950893	0.0006823277	0	-0.001256637	0	0.09824599	-0.9950893	0.0006823277	2.9135485e-20	1
0	0.099425845	-0.994972	0.00068271696	0	-0.0010053096	0	0.099425845	-0.994972	0.00068271696	2.9235358e-20	1
0	0.101231575	-0.9947897	0.0006833023	0	-0.0006283185	0	0.101231575	-0.9947897	0.0006833023	2.938514e-20	1
0	0.10311711	-0.9945959	0.00068390026	0	-0.0002513274	0	0.10311711	-0.9945959	0.00068390026	2.9534897e-20	1
0	0.10311711	-0.9945959	0.00068390026	0	-0.0001256637	0	0.10311711	-0.9945959	0.00068390026	2.958481e-20	1
0	0.10311711	-0.9945959	0.00068390026	0	-6.283185e-05	0	0.10311711	-0.9945959	0.00068390026	2.9609767e-20	1
0	0.10311711	-0.9945959	0.00068390026	0	-2.5132742e-05	0	0.10311711	-0.9945959	0.00068390026	2.962474e-20	1
0	0.10311711	-0.9945959	0.00068390026	0	-1.2566371e-05	0	0.10311711	-0.9945959	0.00068390026	2.9629732e-20	1
0	0.10311711	-0.9945959	0.00068390026	0	-6.2831855e-06	0	0.10311711	-0.9945959	0.00068390026	2.963223e-20	1
0	0.10311711	-0.9945959	0.00068390026	0	-2.513274e-06	0	0.10311711	-0.9945959	0.00068390026	2.9633726e-20	1
0	0.10311711	-0.9945959	0.00068390026	0	-1.256637e-06	0	0.10311711	-0.9945959	0.00068390026	2.9634224e-20	1
0	0.10311711	-0.9945959	0.00068390026	0	-6.283185e-07	0	0.10311711	-0.9945959	0.00068390026	2.9634476e-20	1
0	0.10311711	-0.9945959	0.00068390026	0	-2.513274e-07	0	0.10311711	-0.9945959	0.00068390026	2.9634624e-20	1
0	0.10311711	-0.9945959	0.00068390026	0	-1.256637e-07	0	0.10311711	-0.9945959	0.00068390026	2.9634673e-20	1
0	0.10311711	-0.9945959	0.00068390026	0	0	0	0.10311711	-0.9945959	0.00068390026	2.9634724e-20	1
0	0.10311711	-0.9945959	0.00068390026	0	1.256637e-07	0	0.10311711	-0.9945959	0.00068390026	2.9634773e-20	1
0	0.10311711	-0.9945959	0.00068390026	0	2.513274e-07	0	0.10311711	-0.9945959	0.00068390026	2.9634825e-20	1
0	0.10311711	-0.9945959	0.00068390026	0	6.283185e-07	0	0.10311711	-0.9945959	0.00068390026	2.9634973e-20	1
0	0.10311711	-0.9945959	0.00068390026	0	1.256637e-06	0	0.10311711	-0.9945959	0.00068390026	2.9635222e-20	1
0	0.10311711	-0.9945959	0.00068390026	0	2.513274e-06	0	0.10311711	-0.9945959	0.00068390026	2.9635723e-20	1
0	0.10311711	-0.9945959	0.00068390026	0	6.2831855e-06	0	0.10311711	-0.9945959	0.00068390026	2.963722e-20	1
0	0.10311711	-0.9945959	0.00068390026	0	1.2566371e-05	0	0.10311711	-0.9945959	0.00068390026	2.9639717e-20	1
0	0.10311711	-0.9945959	0.00068390026	0	2.5132742e-05	0	0.10311711	-0.9945959	0.00068390026	2.9644706e-20	1
0	0.10473226	-0.99442697	0.00068440253	0	6.283185e-05	0	0.10473226	-0.99442697	0.00068440253	2.9659672e-20	1
0	0.10473226	-0.99442697	0.00068440253	0	0.0001256637	0	0.10473226	-0.99442697	0.00068440253	2.9684624e-20	1
0	0.10473226	-0.99442697	0.00068440253	0	0.0002513274	0	0.10473226	-0.99442697	0.00068440253	2.973453e-20	1
0	0.107792035	-0.9940996	0.00068532606	0	0.0006283185	0	0.107792035	-0.9940996	0.00068532606	2.9884207e-20	1
0	0.1099798	-0.99385977	0.00068595674	0	0.0010053096	0	0.1099798	-0.99385977	0.00068595674	3.0033855e-20	1
0	0.1099798	-0.99385977	0.00068595674	0	0.001256637	0	0.1099798	-0.99385977	0.00068595674	3.013361e-20	1
0	0.11537349	-0.9932476	0.0006874646	0	0.0018849556	0	0.11537349	-0.9932476	0.0006874646	3.038289e-20	1
0	0.119513236	-0.99275756	0.00068855955	0	0.002513274	0	0.119513236	-0.99275756	0.00068855955	3.0632062e-20	1
0	0.12889002	-0.9915828	0.0006908125	0	0.0037699111	0	0.12889002	-0.9915828	0.0006908125	3.1129996e-20	1
0	0.1531023	-0.9881312	0.0006954115	0	0.0062831854	0	0.1531023	-0.9881312	0.0006954115	3.2123672e-20	1
0	0.20534517	-0.97860247	0.0006996958	0	0.009424778	0	0.20534517	-0.97860247	0.0006996958	3.3358462e-20	1
0	0.9050877	0.42493063	-0.00013280043	0	0.012566371	0	0.9050877	0.42493063	-0.00013280043	2.6093999e-20	1
0	-0.053450532	0.99850166	-0.0006619962	0	0.018849555	0	-0.053450532	0.99850166	-0.0006619962	2.2128589e-20	1
0	-0.045892775	0.9988782	-0.0006567879	0	0.025132742	0	-0.045892775	0.9988782	-0.0006567879	1.9622585e-20	1
0	-0.03573723	0.99929416	-0.00064793153	0	0.03769911	0	-0.03573723	0.99929416	-0.00064793153	1.4608535e-20	1
0	-0.029232936	0.9995065	-0.0006403599	0	0.050265484	0	-0.029232936	0.9995065	-0.0006403599	9.592989e-21	1
0	-0.024727004	0.999629	-0.0006335594	0	0.06283186	0	-0.024727004	0.999629	-0.0006335594	4.5766268e-21	1
