# t (s)	mx ()	my ()	mz ()	B_extx (T)	B_exty (T)	B_extz (T)	mx ()	my ()	mz ()	E_total (J)	branch ()
0	0.00494931	0.99992263	0.00065840344	0	0.06283186	0	0.00494931	0.99992263	0.00065840344	4.5529766e-21	-1
0	0.00586814	0.9999169	0.0006567368	0	0.050265484	0	0.00586814	0.9999169	0.0006567368	9.571081e-21	-1
0	0.0072026546	0.9999075	0.00065188494	0	0.03769911	0	0.0072026546	0.9999075	0.00065188494	1.458915e-20	-1
0	0.009329376	0.999889	0.0006408137	0	0.025132742	0	0.009329376	0.999889	0.0006408137	1.960715e-20	-1
0	0.010954255	0.9998722	0.00063083484	0	0.018849555	0	0.010954255	0.9998722	0.00063083484	2.2116105e-20	-1
0	0.013249197	0.99984396	0.0006155289	0	0.012566371	0	0.013249197	0.99984396	0.0006155289	2.4625005e-20	-1
0	0.014796697	0.999822	0.00060468604	0	0.009424778	0	0.014796697	0.999822	0.00060468604	2.5879425e-20	-1
0	0.016759688	0.99979085	0.00059052825	0	0.0062831854	0	0.016759688	0.99979085	0.00059052825	2.713381e-20	-1
0	0.018756228	0.9997552	0.00057578844	0	0.0037699111	0	0.018756228	0.9997552	0.00057578844	2.8137285e-20	-1
0	0.019943923	0.99973214	0.00056690094	0	0.002513274	0	0.019943923	0.99973214	0.00056690094	2.8639003e-20	-1
0	0.020585515	0.999719	0.00056207983	0	0.0018849556	0	0.020585515	0.999719	0.00056207983	2.8889858e-20	-1
0	0.0212766	0.9997046	0.00055685604	0	0.001256637	0	0.0212766	0.9997046	0.00055685604	2.9140713e-20	-1
0	0.021566337	0.9996983	0.0005546609	0	0.0010053096	0	0.021566337	0.9996983	0.0005546609	2.9241054e-20	-1
0	0.02202382	0.9996883	0.0005511866	0	0.0006283185	0	0.02202382	0.9996883	0.0005511866	2.9391562e-20	-1
0	0.022498019	0.9996778	0.000547579	0	0.0002513274	0	0.022498019	0.9996778	0.000547579	2.954207e-20	-1
0	0.022498019	0.9996778	0.000547579	0	0.0001256637	0	0.022498019	0.9996778	0.000547579	2.959224e-20	-1
0	0.022498019	0.9996778	0.000547579	0	6.283185e-05	0	0.022498019	0.9996778	0.000547579	2.9617325e-20	-1
0	0.022498019	0.9996778	0.000547579	0	2.5132742e-05	0	0.022498019	0.9996778	0.000547579	2.9632375e-20	-1
0	0.022498019	0.9996778	0.000547579	0	1.2566371e-05	0	0.022498019	0.9996778	0.000547579	2.9637393e-20	-1
0	0.022498019	0.9996778	0.000547579	0	6.2831855e-06	0	0.022498019	0.9996778	0.000547579	2.96399e-20	-1
0	0.022498019	0.9996778	0.000547579	0	2.513274e-06	0	0.022498019	0.9996778	0.000547579	2.9641407e-20	-1
0	0.022498019	0.9996778	0.000547579	0	1.256637e-06	0	0.022498019	0.9996778	0.000547579	2.9641907e-20	-1
0	0.022498019	0.9996778	0.000547579	0	6.283185e-07	0	0.022498019	0.9996778	0.000547579	2.964216e-20	-1
0	0.022498019	0.9996778	0.000547579	0	2.513274e-07	0	0.022498019	0.9996778	0.000547579	2.9642308e-20	-1
0	0.022498019	0.9996778	0.000547579	0	1.256637e-07	0	0.022498019	0.9996778	0.000547579	2.964236e-20	-1
0	0.022498019	0.9996778	0.000547579	0	0	0	0.022498019	0.9996778	0.000547579	2.9642408e-20	-1
0	0.022498019	0.9996778	0.000547579	0	-1.256637e-07	0	0.022498019	0.9996778	0.000547579	2.964246e-20	-1
0	0.022498019	0.9996778	0.000547579	0	-2.513274e-07	0	0.022498019	0.9996778	0.000547579	2.964251e-20	-1
0	0.022498019	0.9996778	0.000547579	0	-6.283185e-07	0	0.022498019	0.9996778	0.000547579	2.964266e-20	-1
0	0.022498019	0.9996778	0.000547579	0	-1.256637e-06	0	0.022498019	0.9996778	0.000547579	2.9642912e-20	-1
0	0.022498019	0.9996778	0.000547579	0	-2.513274e-06	0	0.022498019	0.9996778	0.000547579	2.9643413e-20	-1
0	0.022498019	0.9996778	0.000547579	0	-6.2831855e-06	0	0.022498019	0.9996778	0.000547579	2.964492e-20	-1
0	0.022498019	0.9996778	0.000547579	0	-1.2566371e-05	0	0.022498019	0.9996778	0.000547579	2.9647426e-20	-1
0	0.022498019	0.9996778	0.000547579	0	-2.5132742e-05	0	0.022498019	0.9996778	0.000547579	2.9652444e-20	-1
0	0.022899237	0.9996686	0.00054452644	0	-6.283185e-05	0	0.022899237	0.9996686	0.00054452644	2.9667492e-20	-1
0	0.022899237	0.9996686	0.00054452644	0	-0.0001256637	0	0.022899237	0.9996686	0.00054452644	2.9692575e-20	-1
0	0.022899237	0.9996686	0.00054452644	0	-0.0002513274	0	0.022899237	0.9996686	0.00054452644	2.9742743e-20	-1
0	0.023670956	0.9996506	0.0005385552	0	-0.0006283185	0	0.023670956	0.9996506	0.0005385552	2.989325e-20	-1
0	0.02420678	0.9996377	0.00053451513	0	-0.0010053096	0	0.02420678	0.9996377	0.00053451513	3.004375e-20	-1
0	0.02420678	0.9996377	0.00053451513	0	-0.001256637	0	0.02420678	0.9996377	0.00053451513	3.014408e-20	-1
0	0.025612809	0.9996026	0.00052368734	0	-0.0018849556	0	0.025612809	0.9996026	0.00052368734	3.0394913e-20	-1
0	0.026674904	0.9995748	0.00051549147	0	-0.002513274	0	0.026674904	0.9995748	0.00051549147	3.0645733e-20	-1
0	0.029094454	0.9995072	0.00049672014	0	-0.0037699111	0	0.029094454	0.9995072	0.00049672014	3.1147353e-20	-1
0	0.03569363	0.99929297	0.00044503793	0	-0.0062831854	0	0.03569363	0.99929297	0.00044503793	3.2150465e-20	-1
0	0.04980714	0.99868834	0.0003332902	0	-0.009424778	0	0.04980714	0.99868834	0.0003332902	3.3403886e-20	-1
0	0.08437842	0.99636114	5.7839e-05	0	-0.012566371	0	0.08437842	0.99636114	5.7839e-05	3.46558e-20	-1
0	-0.010956261	-0.99987215	-0.0006308189	0	-0.018849555	0	-0.010956261	-0.99987215	-0.0006308189	2.2116105e-20	-1
0	-0.009338686	-0.99988896	-0.0006407398	0	-0.025132742	0	-0.009338686	-0.99988896	-0.0006407398	1.960715e-20	-1
0	-0.00720584	-0.9999074	-0.0006518589	0	-0.03769911	0	-0.00720584	-0.9999074	-0.0006518589	1.4589151e-20	-1
0	-0.0058695693	-0.9999169	-0.0006567209	0	-0.050265484	0	-0.0058695693	-0.9999169	-0.0006567209	9.571086e-21	-1
0	-0.0049519856	-0.99992263	-0.0006583493	0	-0.06283186	0	-0.0049519856	-0.99992263	-0.0006583493	4.5529802e-21	-1
0	-0.0049519856	-0.99992263	-0.0006583493	0	-0.06283186	0	-0.0049519856	-0.99992263	-0.0006583493	4.5529802e-21	1
0	-0.005865119	-0.9999169	-0.0006567575	0	-0.050265484	0	-0.005865119	-0.9999169	-0.0006567575	9.571085e-21	1
0	-0.0072056716	-0.9999074	-0.0006518669	0	-0.03769911	0	-0.0072056716	-0.9999074	-0.0006518669	1.4589151e-20	1
0	-0.009334505	-0.999889	-0.00064077287	0	-0.025132742	0	-0.009334505	-0.999889	-0.00064077287	1.9607152e-20	1
0	-0.010954156	-0.99987215	-0.0006308342	0	-0.018849555	0	-0.010954156	-0.99987215	-0.0006308342	2.2116105e-20	1
0	-0.013249388	-0.99984396	-0.0006155269	0	-0.012566371	0	-0.013249388	-0.99984396	-0.0006155269	2.4625005e-20	1
0	-0.014781106	-0.99982226	-0.0006048116	0	-0.009424778	0	-0.014781106	-0.99982226	-0.0006048116	2.5879425e-20	1
0	-0.016747974	-0.999791	-0.0005906198	0	-0.0062831854	0	-0.016747974	-0.999791	-0.0005906198	2.7133805e-20	1
0	-0.018761251	-0.99975514	-0.0005757498	0	-0.0037699111	0	-0.018761251	-0.99975514	-0.0005757498	2.8137282e-20	1
0	-0.019913837	-0.99973273	-0.000567146	0	-0.002513274	0	-0.019913837	-0.99973273	-0.000567146	2.8639006e-20	1
0	-0.020589758	-0.999719	-0.0005620473	0	-0.0018849556	0	-0.020589758	-0.999719	-0.0005620473	2.888986e-20	1
0	-0.021275437	-0.9997046	-0.0005568648	0	-0.001256637	0	-0.021275437	-0.9997046	-0.0005568648	2.9140717e-20	1
0	-0.0215826	-0.99969804	-0.00055453397	0	-0.0010053096	0	-0.0215826	-0.99969804	-0.00055453397	2.9241054e-20	1
0	-0.021996342	-0.9996889	-0.00055140705	0	-0.0006283185	0	-0.021996342	-0.9996889	-0.00055140705	2.9391562e-20	1
0	-0.022481695	-0.9996781	-0.0005477115	0	-0.0002513274	0	-0.022481695	-0.9996781	-0.0005477115	2.954207e-20	1
0	-0.022481695	-0.9996781	-0.0005477115	0	-0.0001256637	0	-0.022481695	-0.9996781	-0.0005477115	2.9592238e-20	1
0	-0.022731707	-0.9996724	-0.00054579927	0	-6.283185e-05	0	-0.022731707	-0.9996724	-0.00054579927	2.9617325e-20	1
0	-0.022731707	-0.9996724	-0.00054579927	0	-2.5132742e-05	0	-0.022731707	-0.9996724	-0.00054579927	2.9632375e-20	1
0	-0.022731707	-0.9996724	-0.00054579927	0	-1.2566371e-05	0	-0.022731707	-0.9996724	-0.00054579927	2.963739e-20	1
0	-0.022731707	-0.9996724	-0.00054579927	0	-6.2831855e-06	0	-0.022731707	-0.9996724	-0.00054579927	2.9639898e-20	1
0	-0.022731707	-0.9996724	-0.00054579927	0	-2.513274e-06	0	-0.022731707	-0.9996724	-0.00054579927	2.9641403e-20	1
0	-0.022731707	-0.9996724	-0.00054579927	0	-1.256637e-06	0	-0.022731707	-0.9996724	-0.00054579927	2.9641907e-20	1
0	-0.022731707	-0.9996724	-0.00054579927	0	-6.283185e-07	0	-0.022731707	-0.9996724	-0.00054579927	2.9642156e-20	1
0	-0.022731707	-0.9996724	-0.00054579927	0	-2.513274e-07	0	-0.022731707	-0.9996724	-0.00054579927	2.9642308e-20	1
0	-0.022731707	-0.9996724	-0.00054579927	0	-1.256637e-07	0	-0.022731707	-0.9996724	-0.00054579927	2.9642357e-20	1
0	-0.022731707	-0.9996724	-0.00054579927	0	0	0	-0.022731707	-0.9996724	-0.00054579927	2.9642408e-20	1
0	-0.022731707	-0.9996724	-0.00054579927	0	1.256637e-07	0	-0.022731707	-0.9996724	-0.00054579927	2.9642457e-20	1
0	-0.022731707	-0.9996724	-0.00054579927	0	2.513274e-07	0	-0.022731707	-0.9996724	-0.00054579927	2.964251e-20	1
0	-0.022731707	-0.9996724	-0.00054579927	0	6.283185e-07	0	-0.022731707	-0.9996724	-0.00054579927	2.9642657e-20	1
0	-0.022731707	-0.9996724	-0.00054579927	0	1.256637e-06	0	-0.022731707	-0.9996724	-0.00054579927	2.964291e-20	1
0	-0.022731707	-0.9996724	-0.00054579927	0	2.513274e-06	0	-0.022731707	-0.9996724	-0.00054579927	2.964341e-20	1
0	-0.022731707	-0.9996724	-0.00054579927	0	6.2831855e-06	0	-0.022731707	-0.9996724	-0.00054579927	2.9644916e-20	1
0	-0.022731707	-0.9996724	-0.00054579927	0	1.2566371e-05	0	-0.022731707	-0.9996724	-0.00054579927	2.9647423e-20	1
0	-0.022731707	-0.9996724	-0.00054579927	0	2.5132742e-05	0	-0.022731707	-0.9996724	-0.00054579927	2.965244e-20	1
0	-0.022731707	-0.9996724	-0.00054579927	0	6.283185e-05	0	-0.022731707	-0.9996724	-0.00054579927	2.9667492e-20	1
0	-0.022731707	-0.9996724	-0.00054579927	0	0.0001256637	0	-0.022731707	-0.9996724	-0.00054579927	2.9692575e-20	1
0	-0.023176746	-0.99966216	-0.00054239086	0	0.0002513274	0	-0.023176746	-0.99966216	-0.00054239086	2.9742746e-20	1
0	-0.023648687	-0.99965113	-0.00053879817	0	0.0006283185	0	-0.023648687	-0.99965113	-0.00053879817	2.9893248e-20	1
0	-0.024220064	-0.99963737	-0.00053440884	0	0.0010053096	0	-0.024220064	-0.99963737	-0.00053440884	3.004375e-20	1
0	-0.024220064	-0.99963737	-0.00053440884	0	0.001256637	0	-0.024220064	-0.99963737	-0.00053440884	3.0144084e-20	1
0	-0.025571857	-0.9996036	-0.0005240146	0	0.0018849556	0	-0.025571857	-0.9996036	-0.0005240146	3.0394913e-20	1
0	-0.026635643	-0.99957585	-0.00051580346	0	0.002513274	0	-0.026635643	-0.99957585	-0.00051580346	3.0645733e-20	1
0	-0.029125847	-0.99950624	-0.00049646915	0	0.0037699111	0	-0.029125847	-0.99950624	-0.00049646915	3.1147353e-20	1
0	-0.035675593	-0.99929357	-0.00044518412	0	0.0062831854	0	-0.035675593	-0.99929357	-0.00044518412	3.2150462e-20	1
0	-0.049788274	-0.9986893	-0.00033344075	0	0.009424778	0	-0.049788274	-0.9986893	-0.00033344075	3.3403886e-20	1
0	-0.08442928	-0.9963567	-5.743324e-05	0	0.012566371	0	-0.08442928	-0.9963567	-5.743324e-05	3.46558e-20	1
0	0.010963984	0.9998721	0.0006307551	0	0.018849555	0	0.010963984	0.9998721	0.0006307551	2.2116108e-20	1
0	0.009347582	0.9998889	0.0006406687	0	0.025132742	0	0.009347582	0.9998889	0.0006406687	1.9607152e-20	1
0	0.007208975	0.9999074	0.0006518342	0	0.03769911	0	0.007208975	0.9999074	0.0006518342	1.4589148e-20	1
0	0.005870974	0.9999169	0.00065671327	0	0.050265484	0	0.005870974	0.9999169	0.00065671327	9.5710855e-21	1
0	0.0049511166	0.99992263	0.00065835606	0	0.06283186	0	0.0049511166	0.99992263	0.00065835606	4.5529806e-21	1
