# t (s)	mx ()	my ()	mz ()	B_extx (T)	B_exty (T)	B_extz (T)	mx ()	my ()	mz ()	E_total (J)	branch ()
0	-0.0225355	0.999681	-0.0002740275	0	0.06283186	0	-0.0225355	0.999681	-0.0002740275	4.576121e-21	-1
0	-0.026636174	0.9995793	-0.00027420092	0	0.050265484	0	-0.026636174	0.9995793	-0.00027420092	9.592794e-21	-1
0	-0.032550413	0.9994033	-0.00027347123	0	0.03769911	0	-0.032550413	0.9994033	-0.00027347123	1.460879e-20	-1
0	-0.04179779	0.99905825	-0.00027093088	0	0.025132742	0	-0.04179779	0.99905825	-0.00027093088	1.9623538e-20	-1
0	-0.04868393	0.9987457	-0.00026841782	0	0.018849555	0	-0.04868393	0.9987457	-0.00026841782	2.2130067e-20	-1
0	-0.05823206	0.9982338	-0.0002643728	0	0.012566371	0	-0.05823206	0.9982338	-0.0002643728	2.4635592e-20	-1
0	-0.064560786	0.997844	-0.00026145158	0	0.009424778	0	-0.064560786	0.997844	-0.00026145158	2.5887763e-20	-1
0	-0.07236822	0.99730754	-0.00025766966	0	0.0062831854	0	-0.07236822	0.99730754	-0.00025766966	2.713937e-20	-1
0	-0.08008286	0.9967171	-0.00025372297	0	0.0037699111	0	-0.08008286	0.9967171	-0.00025372297	2.8140087e-20	-1
0	-0.08457722	0.9963454	-0.00025138774	0	0.002513274	0	-0.08457722	0.9963454	-0.00025138774	2.8640198e-20	-1
0	-0.08704162	0.99613297	-0.00025008124	0	0.0018849556	0	-0.08704162	0.99613297	-0.00025008124	2.889018e-20	-1
0	-0.0896526	0.9959011	-0.00024868597	0	0.001256637	0	-0.0896526	0.9959011	-0.00024868597	2.9140106e-20	-1
0	-0.09070411	0.9958058	-0.0002481208	0	0.0010053096	0	-0.09070411	0.9958058	-0.0002481208	2.924006e-20	-1
0	-0.09238108	0.9956515	-0.0002472136	0	0.0006283185	0	-0.09238108	0.9956515	-0.0002472136	2.9389973e-20	-1
0	-0.09411654	0.99548876	-0.00024627012	0	0.0002513274	0	-0.09411654	0.99548876	-0.00024627012	2.953986e-20	-1
0	-0.09411654	0.99548876	-0.00024627012	0	0.0001256637	0	-0.09411654	0.99548876	-0.00024627012	2.958982e-20	-1
0	-0.09411654	0.99548876	-0.00024627012	0	6.283185e-05	0	-0.09411654	0.99548876	-0.00024627012	2.9614798e-20	-1
0	-0.09411654	0.99548876	-0.00024627012	0	2.5132742e-05	0	-0.09411654	0.99548876	-0.00024627012	2.9629787e-20	-1
0	-0.09411654	0.99548876	-0.00024627012	0	1.2566371e-05	0	-0.09411654	0.99548876	-0.00024627012	2.9634783e-20	-1
0	-0.09411654	0.99548876	-0.00024627012	0	6.2831855e-06	0	-0.09411654	0.99548876	-0.00024627012	2.963728e-20	-1
0	-0.09411654	0.99548876	-0.00024627012	0	2.513274e-06	0	-0.09411654	0.99548876	-0.00024627012	2.963878e-20	-1
0	-0.09411654	0.99548876	-0.00024627012	0	1.256637e-06	0	-0.09411654	0.99548876	-0.00024627012	2.963928e-20	-1
0	-0.09411654	0.99548876	-0.00024627012	0	6.283185e-07	0	-0.09411654	0.99548876	-0.00024627012	2.963953e-20	-1
0	-0.09411654	0.99548876	-0.00024627012	0	2.513274e-07	0	-0.09411654	0.99548876	-0.00024627012	2.9639678e-20	-1
0	-0.09411654	0.99548876	-0.00024627012	0	1.256637e-07	0	-0.09411654	0.99548876	-0.00024627012	2.963973e-20	-1
0	-0.09411654	0.99548876	-0.00024627012	0	0	0	-0.09411654	0.99548876	-0.00024627012	2.9639778e-20	-1
0	-0.09411654	0.99548876	-0.00024627012	0	-1.256637e-07	0	-0.09411654	0.99548876	-0.00024627012	2.963983e-20	-1
0	-0.09411654	0.99548876	-0.00024627012	0	-2.513274e-07	0	-0.09411654	0.99548876	-0.00024627012	2.9639878e-20	-1
0	-0.09411654	0.99548876	-0.00024627012	0	-6.283185e-07	0	-0.09411654	0.99548876	-0.00024627012	2.9640027e-20	-1
0	-0.09411654	0.99548876	-0.00024627012	0	-1.256637e-06	0	-0.09411654	0.99548876	-0.00024627012	2.964028e-20	-1
0	-0.09411654	0.99548876	-0.00024627012	0	-2.513274e-06	0	-0.09411654	0.99548876	-0.00024627012	2.9640776e-20	-1
0	-0.09411654	0.99548876	-0.00024627012	0	-6.2831855e-06	0	-0.09411654	0.99548876	-0.00024627012	2.9642276e-20	-1
0	-0.09411654	0.99548876	-0.00024627012	0	-1.2566371e-05	0	-0.09411654	0.99548876	-0.00024627012	2.9644773e-20	-1
0	-0.09411654	0.99548876	-0.00024627012	0	-2.5132742e-05	0	-0.09411654	0.99548876	-0.00024627012	2.964977e-20	-1
0	-0.09562492	0.9953449	-0.00024544756	0	-6.283185e-05	0	-0.09562492	0.9953449	-0.00024544756	2.966475e-20	-1
0	-0.09562492	0.9953449	-0.00024544756	0	-0.0001256637	0	-0.09562492	0.9953449	-0.00024544756	2.9689726e-20	-1
0	-0.09562492	0.9953449	-0.00024544756	0	-0.0002513274	0	-0.09562492	0.9953449	-0.00024544756	2.9739676e-20	-1
0	-0.09843099	0.99507105	-0.00024390576	0	-0.0006283185	0	-0.09843099	0.99507105	-0.00024390576	2.98895e-20	-1
0	-0.10040039	0.9948741	-0.00024281655	0	-0.0010053096	0	-0.10040039	0.9948741	-0.00024281655	3.0039297e-20	-1
0	-0.101786375	0.9947332	-0.00024204474	0	-0.001256637	0	-0.101786375	0.9947332	-0.00024204474	3.013915e-20	-1
0	-0.10532375	0.9943645	-0.000240069	0	-0.0018849556	0	-0.10532375	0.9943645	-0.000240069	3.0388706e-20	-1
0	-0.10915032	0.99395144	-0.0002379113	0	-0.002513274	0	-0.10915032	0.99395144	-0.0002379113	3.0638166e-20	-1
0	-0.11773152	0.9929707	-0.00023300615	0	-0.0037699111	0	-0.11773152	0.9929707	-0.00023300615	3.1136746e-20	-1
0	-0.13998033	0.990077	-0.00021993663	0	-0.0062831854	0	-0.13998033	0.990077	-0.00021993663	3.213207e-20	-1
0	-0.18708426	0.98225987	-0.00019112168	0	-0.009424778	0	-0.18708426	0.98225987	-0.00019112168	3.3370153e-20	-1
0	0.9497651	-0.31263372	0.00022071502	0	-0.012566371	0	0.9497651	-0.31263372	0.00022071502	2.6948355e-20	-1
0	0.048681438	-0.9987458	0.00026841112	0	-0.018849555	0	0.048681438	-0.9987458	0.00026841112	2.2130069e-20	-1
0	0.041804742	-0.999058	0.0002709193	0	-0.025132742	0	0.041804742	-0.999058	0.0002709193	1.962354e-20	-1
0	0.032556716	-0.9994031	0.00027346722	0	-0.03769911	0	0.032556716	-0.9994031	0.00027346722	1.4608793e-20	-1
0	0.026639476	-0.9995792	0.0002742174	0	-0.050265484	0	0.026639476	-0.9995792	0.0002742174	9.592792e-21	-1
0	0.022535963	-0.999681	0.0002740273	0	-0.06283186	0	0.022535963	-0.999681	0.0002740273	4.576121e-21	-1
0	0.022535963	-0.999681	0.0002740273	0	-0.06283186	0	0.022535963	-0.999681	0.0002740273	4.576121e-21	1
0	0.026634546	-0.9995793	0.00027421938	0	-0.050265484	0	0.026634546	-0.9995793	0.00027421938	9.59279e-21	1
0	0.032553293	-0.99940324	0.0002734696	0	-0.03769911	0	0.032553293	-0.99940324	0.0002734696	1.460879e-20	1
0	0.041800372	-0.9990581	0.0002709311	0	-0.025132742	0	0.041800372	-0.9990581	0.0002709311	1.962354e-20	1
0	0.048683956	-0.9987457	0.000268407	0	-0.018849555	0	0.048683956	-0.9987457	0.000268407	2.2130067e-20	1
0	0.058227368	-0.99823403	0.00026437582	0	-0.012566371	0	0.058227368	-0.99823403	0.00026437582	2.4635587e-20	1
0	0.06454754	-0.9978448	0.00026145944	0	-0.009424778	0	0.06454754	-0.9978448	0.00026145944	2.5887766e-20	1
0	0.07235813	-0.99730825	0.00025766093	0	-0.0062831854	0	0.07235813	-0.99730825	0.00025766093	2.713937e-20	1
0	0.08006655	-0.9967184	0.00025374442	0	-0.0037699111	0	0.08006655	-0.9967184	0.00025374442	2.814009e-20	1
0	0.08459197	-0.9963441	0.00025137916	0	-0.002513274	0	0.08459197	-0.9963441	0.00025137916	2.8640198e-20	1
0	0.08704521	-0.9961326	0.0002500791	0	-0.0018849556	0	0.08704521	-0.9961326	0.0002500791	2.889018e-20	1
0	0.08963838	-0.9959024	0.00024869107	0	-0.001256637	0	0.08963838	-0.9959024	0.00024869107	2.9140106e-20	1
0	0.08963838	-0.9959024	0.00024869107	0	-0.0010053096	0	0.08963838	-0.9959024	0.00024869107	2.9240062e-20	1
0	0.092388794	-0.99565077	0.00024720922	0	-0.0006283185	0	0.092388794	-0.99565077	0.00024720922	2.938997e-20	1
0	0.094140634	-0.9954865	0.00024625653	0	-0.0002513274	0	0.094140634	-0.9954865	0.00024625653	2.953986e-20	1
0	0.094140634	-0.9954865	0.00024625653	0	-0.0001256637	0	0.094140634	-0.9954865	0.00024625653	2.958982e-20	1
0	0.094140634	-0.9954865	0.00024625653	0	-6.283185e-05	0	0.094140634	-0.9954865	0.00024625653	2.9614798e-20	1
0	0.09519331	-0.99538636	0.00024568237	0	-2.5132742e-05	0	0.09519331	-0.99538636	0.00024568237	2.962978e-20	1
0	0.09519331	-0.99538636	0.00024568237	0	-1.2566371e-05	0	0.09519331	-0.99538636	0.00024568237	2.9634776e-20	1
0	0.09519331	-0.99538636	0.00024568237	0	-6.2831855e-06	0	0.09519331	-0.99538636	0.00024568237	2.9637274e-20	1
0	0.09519331	-0.99538636	0.00024568237	0	-2.513274e-06	0	0.09519331	-0.99538636	0.00024568237	2.9638773e-20	1
0	0.09519331	-0.99538636	0.00024568237	0	-1.256637e-06	0	0.09519331	-0.99538636	0.00024568237	2.9639274e-20	1
0	0.09519331	-0.99538636	0.00024568237	0	-6.283185e-07	0	0.09519331	-0.99538636	0.00024568237	2.9639523e-20	1
0	0.09519331	-0.99538636	0.00024568237	0	-2.513274e-07	0	0.09519331	-0.99538636	0.00024568237	2.963967e-20	1
0	0.09519331	-0.99538636	0.00024568237	0	-1.256637e-07	0	0.09519331	-0.99538636	0.00024568237	2.9639723e-20	1
0	0.09519331	-0.99538636	0.00024568237	0	0	0	0.09519331	-0.99538636	0.00024568237	2.963977e-20	1
0	0.09519331	-0.99538636	0.00024568237	0	1.256637e-07	0	0.09519331	-0.99538636	0.00024568237	2.9639823e-20	1
0	0.09519331	-0.99538636	0.00024568237	0	2.513274e-07	0	0.09519331	-0.99538636	0.00024568237	2.9639872e-20	1
0	0.09519331	-0.99538636	0.00024568237	0	6.283185e-07	0	0.09519331	-0.99538636	0.00024568237	2.9640024e-20	1
0	0.09519331	-0.99538636	0.00024568237	0	1.256637e-06	0	0.09519331	-0.99538636	0.00024568237	2.9640272e-20	1
0	0.09519331	-0.99538636	0.00024568237	0	2.513274e-06	0	0.09519331	-0.99538636	0.00024568237	2.9640773e-20	1
0	0.09519331	-0.99538636	0.00024568237	0	6.2831855e-06	0	0.09519331	-0.99538636	0.00024568237	2.964227e-20	1
0	0.09519331	-0.99538636	0.00024568237	0	1.2566371e-05	0	0.09519331	-0.99538636	0.00024568237	2.9644767e-20	1
0	0.09519331	-0.99538636	0.00024568237	0	2.5132742e-05	0	0.09519331	-0.99538636	0.00024568237	2.9649762e-20	1
0	0.09561676	-0.9953457	0.00024545615	0	6.283185e-05	0	0.09561676	-0.9953457	0.00024545615	2.966475e-20	1
0	0.09561676	-0.9953457	0.00024545615	0	0.0001256637	0	0.09561676	-0.9953457	0.00024545615	2.9689726e-20	1
0	0.09561676	-0.9953457	0.00024545615	0	0.0002513274	0	0.09561676	-0.9953457	0.00024545615	2.9739676e-20	1
0	0.09845458	-0.9950688	0.00024389211	0	0.0006283185	0	0.09845458	-0.9950688	0.00024389211	2.98895e-20	1
0	0.10040219	-0.994874	0.00024281819	0	0.0010053096	0	0.10040219	-0.994874	0.00024281819	3.00393e-20	1
0	0.10040219	-0.994874	0.00024281819	0	0.001256637	0	0.10040219	-0.994874	0.00024281819	3.0139156e-20	1
0	0.1053437	-0.99436235	0.00024005715	0	0.0018849556	0	0.1053437	-0.99436235	0.00024005715	3.0388706e-20	1
0	0.109151945	-0.9939512	0.0002379102	0	0.002513274	0	0.109151945	-0.9939512	0.0002379102	3.0638162e-20	1
0	0.11773155	-0.9929707	0.00023300323	0	0.0037699111	0	0.11773155	-0.9929707	0.00023300323	3.1136742e-20	1
0	0.13998686	-0.99007607	0.00021993247	0	0.0062831854	0	0.13998686	-0.99007607	0.00021993247	3.2132067e-20	1
0	0.18706954	-0.98226273	0.00019113047	0	0.009424778	0	0.18706954	-0.98226273	0.00019113047	3.3370153e-20	1
0	0.90719163	0.42042232	0.00022672588	0	0.012566371	0	0.90719163	0.42042232	0.00022672588	2.6131044e-20	1
0	-0.048678566	0.99874604	-0.00026841348	0	0.018849555	0	-0.048678566	0.99874604	-0.00026841348	2.2130067e-20	1
0	-0.041817628	0.9990574	-0.00027092232	0	0.025132742	0	-0.041817628	0.9990574	-0.00027092232	1.962354e-20	1
0	-0.032556657	0.9994031	-0.0002734671	0	0.03769911	0	-0.032556657	0.9994031	-0.0002734671	1.4608792e-20	1
0	-0.026639502	0.9995792	-0.00027421437	0	0.050265484	0	-0.026639502	0.9995792	-0.00027421437	9.5927926e-21	1
0	-0.022536332	0.999681	-0.00027402726	0	0.06283186	0	-0.022536332	0.999681	-0.00027402726	4.5761207e-21	1
