# t (s)	mx ()	my ()	mz ()	B_extx (T)	B_exty (T)	B_extz (T)	mx ()	my ()	mz ()	E_total (J)	branch ()
0	0.9989524	0.04433337	-0.0005469325	0.06283186	0	0	0.9989524	0.04433337	-0.0005469325	2.3087532e-21	-1
0	0.9986644	0.05038789	-0.0005522064	0.050265484	0	0	0.9986644	0.05038789	-0.0005522064	7.3213255e-21	-1
0	0.99823093	0.058329232	-0.0005577146	0.03769911	0	0	0.99823093	0.058329232	-0.0005577146	1.2332122e-20	-1
0	0.9975354	0.06919467	-0.0005634256	0.025132742	0	0	0.9975354	0.06919467	-0.0005634256	1.7340152e-20	-1
0	0.9970186	0.07627091	-0.00056630955	0.018849555	0	0	0.9970186	0.07627091	-0.00056630955	1.9842602e-20	-1
0	0.996317	0.08493343	-0.0005691373	0.012566371	0	0	0.996317	0.08493343	-0.0005691373	2.2343538e-20	-1
0	0.99586856	0.090033695	-0.00057049515	0.009424778	0	0	0.99586856	0.090033695	-0.00057049515	2.359327e-20	-1
0	0.99533165	0.095781095	-0.0005717834	0.0062831854	0	0	0.99533165	0.095781095	-0.0005717834	2.4842389e-20	-1
0	0.99482274	0.10092455	-0.0005727187	0.0037699111	0	0	0.99482274	0.10092455	-0.0005727187	2.5841156e-20	-1
0	0.99453604	0.10370901	-0.0005731818	0.002513274	0	0	0.99453604	0.10370901	-0.0005731818	2.6340334e-20	-1
0	0.99438405	0.10515455	-0.0005733939	0.0018849556	0	0	0.99438405	0.10515455	-0.0005733939	2.658987e-20	-1
0	0.9942255	0.10664261	-0.00057359814	0.001256637	0	0	0.9942255	0.10664261	-0.00057359814	2.6839366e-20	-1
0	0.9942255	0.10664261	-0.00057359814	0.0010053096	0	0	0.9942255	0.10664261	-0.00057359814	2.6939156e-20	-1
0	0.99406	0.108172506	-0.00057378685	0.0006283185	0	0	0.99406	0.108172506	-0.00057378685	2.7088821e-20	-1
0	0.9939567	0.109116405	-0.0005739051	0.0002513274	0	0	0.9939567	0.109116405	-0.0005739051	2.7238473e-20	-1
0	0.9939567	0.109116405	-0.0005739051	0.0001256637	0	0	0.9939567	0.109116405	-0.0005739051	2.7288356e-20	-1
0	0.9939567	0.109116405	-0.0005739051	6.283185e-05	0	0	0.9939567	0.109116405	-0.0005739051	2.7313297e-20	-1
0	0.9939567	0.109116405	-0.0005739051	2.5132742e-05	0	0	0.9939567	0.109116405	-0.0005739051	2.732826e-20	-1
0	0.9939567	0.109116405	-0.0005739051	1.2566371e-05	0	0	0.9939567	0.109116405	-0.0005739051	2.733325e-20	-1
0	0.9939567	0.109116405	-0.0005739051	6.2831855e-06	0	0	0.9939567	0.109116405	-0.0005739051	2.733574e-20	-1
0	0.9939567	0.109116405	-0.0005739051	2.513274e-06	0	0	0.9939567	0.109116405	-0.0005739051	2.733724e-20	-1
0	0.9939567	0.109116405	-0.0005739051	1.256637e-06	0	0	0.9939567	0.109116405	-0.0005739051	2.7337738e-20	-1
0	0.9939567	0.109116405	-0.0005739051	6.283185e-07	0	0	0.9939567	0.109116405	-0.0005739051	2.7337986e-20	-1
0	0.9939567	0.109116405	-0.0005739051	2.513274e-07	0	0	0.9939567	0.109116405	-0.0005739051	2.7338135e-20	-1
0	0.9939567	0.109116405	-0.0005739051	1.256637e-07	0	0	0.9939567	0.109116405	-0.0005739051	2.7338187e-20	-1
0	0.9939567	0.109116405	-0.0005739051	0	0	0	0.9939567	0.109116405	-0.0005739051	2.7338235e-20	-1
0	0.9939567	0.109116405	-0.0005739051	-1.256637e-07	0	0	0.9939567	0.109116405	-0.0005739051	2.7338287e-20	-1
0	0.9939567	0.109116405	-0.0005739051	-2.513274e-07	0	0	0.9939567	0.109116405	-0.0005739051	2.7338335e-20	-1
0	0.9939567	0.109116405	-0.0005739051	-6.283185e-07	0	0	0.9939567	0.109116405	-0.0005739051	2.7338487e-20	-1
0	0.9939567	0.109116405	-0.0005739051	-1.256637e-06	0	0	0.9939567	0.109116405	-0.0005739051	2.7338736e-20	-1
0	0.9939567	0.109116405	-0.0005739051	-2.513274e-06	0	0	0.9939567	0.109116405	-0.0005739051	2.7339234e-20	-1
0	0.9939567	0.109116405	-0.0005739051	-6.2831855e-06	0	0	0.9939567	0.109116405	-0.0005739051	2.734073e-20	-1
0	0.9939567	0.109116405	-0.0005739051	-1.2566371e-05	0	0	0.9939567	0.109116405	-0.0005739051	2.7343224e-20	-1
0	0.9939567	0.109116405	-0.0005739051	-2.5132742e-05	0	0	0.9939567	0.109116405	-0.0005739051	2.7348213e-20	-1
0	0.99386936	0.10990855	-0.00057399075	-6.283185e-05	0	0	0.99386936	0.10990855	-0.00057399075	2.7363173e-20	-1
0	0.99386936	0.10990855	-0.00057399075	-0.0001256637	0	0	0.99386936	0.10990855	-0.00057399075	2.7388112e-20	-1
0	0.99386936	0.10990855	-0.00057399075	-0.0002513274	0	0	0.99386936	0.10990855	-0.00057399075	2.7437988e-20	-1
0	0.99370587	0.11137584	-0.0005741492	-0.0006283185	0	0	0.99370587	0.11137584	-0.0005741492	2.7587604e-20	-1
0	0.9935937	0.11237051	-0.00057425676	-0.0010053096	0	0	0.9935937	0.11237051	-0.00057425676	2.7737204e-20	-1
0	0.9935937	0.11237051	-0.00057425676	-0.001256637	0	0	0.9935937	0.11237051	-0.00057425676	2.783693e-20	-1
0	0.99332094	0.11475426	-0.0005744753	-0.0018849556	0	0	0.99332094	0.11475426	-0.0005744753	2.80862e-20	-1
0	0.9931139	0.11653141	-0.00057461654	-0.002513274	0	0	0.9931139	0.11653141	-0.00057461654	2.8335424e-20	-1
0	0.9926666	0.12027873	-0.0005748551	-0.0037699111	0	0	0.9926666	0.12027873	-0.0005748551	2.8833707e-20	-1
0	0.9916415	0.12844858	-0.00057512836	-0.0062831854	0	0	0.9916415	0.12844858	-0.00057512836	2.9829548e-20	-1
0	0.99001515	0.14042555	-0.0005749214	-0.009424778	0	0	0.99001515	0.14042555	-0.0005749214	3.1072717e-20	-1
0	0.98784447	0.1549483	-0.00057376747	-0.012566371	0	0	0.98784447	0.1549483	-0.00057376747	3.2313523e-20	-1
0	0.98045796	0.1963067	-0.00056556636	-0.018849555	0	0	0.98045796	0.1963067	-0.00056556636	3.4784176e-20	-1
0	0.9589111	0.28336155	-0.00052687264	-0.025132742	0	0	0.9589111	0.28336155	-0.00052687264	3.7223754e-20	-1
0	-0.9982307	-0.05833374	0.000557716	-0.03769911	0	0	-0.9982307	-0.05833374	0.000557716	1.2332121e-20	-1
0	-0.99866426	-0.050389104	0.000552207	-0.050265484	0	0	-0.99866426	-0.050389104	0.000552207	7.321326e-21	-1
0	-0.99895215	-0.044338435	0.000546937	-0.06283186	0	0	-0.99895215	-0.044338435	0.000546937	2.308756e-21	-1
0	-0.99895227	-0.044337615	0.00054693327	-0.06283186	0	0	-0.99895227	-0.044337615	0.00054693327	2.308751e-21	1
0	-0.9986644	-0.05038783	0.0005522064	-0.050265484	0	0	-0.9986644	-0.05038783	0.0005522064	7.321328e-21	1
0	-0.99823093	-0.058329478	0.0005577146	-0.03769911	0	0	-0.99823093	-0.058329478	0.0005577146	1.2332124e-20	1
0	-0.99753565	-0.06919126	0.0005634215	-0.025132742	0	0	-0.99753565	-0.06919126	0.0005634215	1.7340148e-20	1
0	-0.9970188	-0.07626732	0.00056630827	-0.018849555	0	0	-0.9970188	-0.07626732	0.00056630827	1.9842599e-20	1
0	-0.9963174	-0.08492966	0.00056913705	-0.012566371	0	0	-0.9963174	-0.08492966	0.00056913705	2.2343541e-20	1
0	-0.9958684	-0.0900361	0.00057049526	-0.009424778	0	0	-0.9958684	-0.0900361	0.00057049526	2.3593272e-20	1
0	-0.9953315	-0.09578204	0.0005717836	-0.0062831854	0	0	-0.9953315	-0.09578204	0.0005717836	2.4842387e-20	1
0	-0.9948214	-0.10093719	0.0005727385	-0.0037699111	0	0	-0.9948214	-0.10093719	0.0005727385	2.5841155e-20	1
0	-0.9945365	-0.103704676	0.0005731818	-0.002513274	0	0	-0.9945365	-0.103704676	0.0005731818	2.6340332e-20	1
0	-0.99438405	-0.105155066	0.0005733932	-0.0018849556	0	0	-0.99438405	-0.105155066	0.0005733932	2.6589871e-20	1
0	-0.99422514	-0.10664557	0.0005735967	-0.001256637	0	0	-0.99422514	-0.10664557	0.0005735967	2.6839365e-20	1
0	-0.99422514	-0.10664557	0.0005735967	-0.0010053096	0	0	-0.99422514	-0.10664557	0.0005735967	2.6939155e-20	1
0	-0.9940598	-0.10817415	0.00057379226	-0.0006283185	0	0	-0.9940598	-0.10817415	0.00057379226	2.7088824e-20	1
0	-0.99395674	-0.10911617	0.0005739045	-0.0002513274	0	0	-0.99395674	-0.10911617	0.0005739045	2.7238476e-20	1
0	-0.99395674	-0.10911617	0.0005739045	-0.0001256637	0	0	-0.99395674	-0.10911617	0.0005739045	2.7288356e-20	1
0	-0.99395674	-0.10911617	0.0005739045	-6.283185e-05	0	0	-0.99395674	-0.10911617	0.0005739045	2.7313297e-20	1
0	-0.99395674	-0.10911617	0.0005739045	-2.5132742e-05	0	0	-0.99395674	-0.10911617	0.0005739045	2.732826e-20	1
0	-0.99395674	-0.10911617	0.0005739045	-1.2566371e-05	0	0	-0.99395674	-0.10911617	0.0005739045	2.733325e-20	1
0	-0.99395674	-0.10911617	0.0005739045	-6.2831855e-06	0	0	-0.99395674	-0.10911617	0.0005739045	2.7335744e-20	1
0	-0.99395674	-0.10911617	0.0005739045	-2.513274e-06	0	0	-0.99395674	-0.10911617	0.0005739045	2.733724e-20	1
0	-0.99395674	-0.10911617	0.0005739045	-1.256637e-06	0	0	-0.99395674	-0.10911617	0.0005739045	2.733774e-20	1
0	-0.99395674	-0.10911617	0.0005739045	-6.283185e-07	0	0	-0.99395674	-0.10911617	0.0005739045	2.733799e-20	1
0	-0.99395674	-0.10911617	0.0005739045	-2.513274e-07	0	0	-0.99395674	-0.10911617	0.0005739045	2.7338138e-20	1
0	-0.99395674	-0.10911617	0.0005739045	-1.256637e-07	0	0	-0.99395674	-0.10911617	0.0005739045	2.7338187e-20	1
0	-0.99395674	-0.10911617	0.0005739045	0	0	0	-0.99395674	-0.10911617	0.0005739045	2.733824e-20	1
0	-0.99395674	-0.10911617	0.0005739045	1.256637e-07	0	0	-0.99395674	-0.10911617	0.0005739045	2.7338287e-20	1
0	-0.99395674	-0.10911617	0.0005739045	2.513274e-07	0	0	-0.99395674	-0.10911617	0.0005739045	2.733834e-20	1
0	-0.99395674	-0.10911617	0.0005739045	6.283185e-07	0	0	-0.99395674	-0.10911617	0.0005739045	2.7338487e-20	1
0	-0.99395674	-0.10911617	0.0005739045	1.256637e-06	0	0	-0.99395674	-0.10911617	0.0005739045	2.7338736e-20	1
0	-0.99395674	-0.10911617	0.0005739045	2.513274e-06	0	0	-0.99395674	-0.10911617	0.0005739045	2.7339237e-20	1
0	-0.99395674	-0.10911617	0.0005739045	6.2831855e-06	0	0	-0.99395674	-0.10911617	0.0005739045	2.7340733e-20	1
0	-0.99395674	-0.10911617	0.0005739045	1.2566371e-05	0	0	-0.99395674	-0.10911617	0.0005739045	2.7343227e-20	1
0	-0.99395674	-0.10911617	0.0005739045	2.5132742e-05	0	0	-0.99395674	-0.10911617	0.0005739045	2.7348213e-20	1
0	-0.9938686	-0.10991506	0.0005739989	6.283185e-05	0	0	-0.9938686	-0.10991506	0.0005739989	2.7363173e-20	1
0	-0.9938686	-0.10991506	0.0005739989	0.0001256637	0	0	-0.9938686	-0.10991506	0.0005739989	2.7388112e-20	1
0	-0.9938686	-0.10991506	0.0005739989	0.0002513274	0	0	-0.9938686	-0.10991506	0.0005739989	2.7437988e-20	1
0	-0.993706	-0.11137446	0.00057415466	0.0006283185	0	0	-0.993706	-0.11137446	0.00057415466	2.7587604e-20	1
0	-0.9935938	-0.11236958	0.00057425594	0.0010053096	0	0	-0.9935938	-0.11236958	0.00057425594	2.77372e-20	1
0	-0.9935169	-0.11304708	0.0005743207	0.001256637	0	0	-0.9935169	-0.11304708	0.0005743207	2.7836925e-20	1
0	-0.9933207	-0.11475699	0.00057447527	0.0018849556	0	0	-0.9933207	-0.11475699	0.00057447527	2.80862e-20	1
0	-0.99311286	-0.11653987	0.0005746162	0.002513274	0	0	-0.99311286	-0.11653987	0.0005746162	2.8335424e-20	1
0	-0.99266845	-0.12026327	0.00057486247	0.0037699111	0	0	-0.99266845	-0.12026327	0.00057486247	2.883371e-20	1
0	-0.9916407	-0.12845537	0.0005751278	0.0062831854	0	0	-0.9916407	-0.12845537	0.0005751278	2.982955e-20	1
0	-0.9900172	-0.14041075	0.0005749236	0.009424778	0	0	-0.9900172	-0.14041075	0.0005749236	3.1072717e-20	1
0	-0.98784757	-0.15492857	0.00057377835	0.012566371	0	0	-0.98784757	-0.15492857	0.00057377835	3.2313523e-20	1
0	-0.9804539	-0.196327	0.0005655598	0.018849555	0	0	-0.9804539	-0.196327	0.0005655598	3.4784176e-20	1
0	-0.9589114	-0.28336048	0.0005268727	0.025132742	0	0	-0.9589114	-0.28336048	0.0005268727	3.7223758e-20	1
0	0.99823093	0.05832941	-0.00055771455	0.03769911	0	0	0.99823093	0.05832941	-0.00055771455	1.23321215e-20	1
0	0.9986644	0.05038854	-0.00055220653	0.050265484	0	0	0.9986644	0.05038854	-0.00055220653	7.3213255e-21	1
0	0.99895227	0.044336595	-0.00054693315	0.06283186	0	0	0.99895227	0.044336595	-0.00054693315	2.30875e-21	1
