# t (s)	mx ()	my ()	mz ()	B_extx (T)	B_exty (T)	B_extz (T)	mx ()	my ()	mz ()	E_total (J)	branch ()
0	-0.022894127	0.99967206	-0.0012663082	0	0.06283186	0	-0.022894127	0.99967206	-0.0012663082	4.5379266e-21	-1
0	-0.027084453	0.99956644	-0.0012683333	0	0.050265484	0	-0.027084453	0.99956644	-0.0012683333	9.554548e-21	-1
0	-0.033138312	0.9993832	-0.0012665296	0	0.03769911	0	-0.033138312	0.9993832	-0.0012665296	1.4570465e-20	-1
0	-0.04262906	0.99902236	-0.0012573444	0	0.025132742	0	-0.04262906	0.99902236	-0.0012573444	1.9585076e-20	-1
0	-0.0497156	0.99869406	-0.0012475322	0	0.018849555	0	-0.0497156	0.99869406	-0.0012475322	2.20915e-20	-1
0	-0.059569895	0.99815404	-0.0012313665	0	0.012566371	0	-0.059569895	0.99815404	-0.0012313665	2.4596857e-20	-1
0	-0.06609148	0.9977429	-0.0012195515	0	0.009424778	0	-0.06609148	0.9977429	-0.0012195515	2.584892e-20	-1
0	-0.07418607	0.9971731	-0.0012039037	0	0.0062831854	0	-0.07418607	0.9971731	-0.0012039037	2.7100377e-20	-1
0	-0.08220207	0.99654377	-0.0011876271	0	0.0037699111	0	-0.08220207	0.99654377	-0.0011876271	2.810094e-20	-1
0	-0.086909935	0.9961438	-0.0011777508	0	0.002513274	0	-0.086909935	0.9961438	-0.0011777508	2.860096e-20	-1
0	-0.089444116	0.9959192	-0.0011723555	0	0.0018849556	0	-0.089444116	0.9959192	-0.0011723555	2.8850893e-20	-1
0	-0.092140466	0.9956732	-0.001166548	0	0.001256637	0	-0.092140466	0.9956732	-0.001166548	2.9100763e-20	-1
0	-0.092140466	0.9956732	-0.001166548	0	0.0010053096	0	-0.092140466	0.9956732	-0.001166548	2.9200697e-20	-1
0	-0.09500797	0.9954034	-0.0011603067	0	0.0006283185	0	-0.09500797	0.9954034	-0.0011603067	2.9350572e-20	-1
0	-0.09681049	0.9952296	-0.0011563527	0	0.0002513274	0	-0.09681049	0.9952296	-0.0011563527	2.9500418e-20	-1
0	-0.09681049	0.9952296	-0.0011563527	0	0.0001256637	0	-0.09681049	0.9952296	-0.0011563527	2.9550362e-20	-1
0	-0.09681049	0.9952296	-0.0011563527	0	6.283185e-05	0	-0.09681049	0.9952296	-0.0011563527	2.9575336e-20	-1
0	-0.09681049	0.9952296	-0.0011563527	0	2.5132742e-05	0	-0.09681049	0.9952296	-0.0011563527	2.959032e-20	-1
0	-0.09681049	0.9952296	-0.0011563527	0	1.2566371e-05	0	-0.09681049	0.9952296	-0.0011563527	2.9595314e-20	-1
0	-0.09681049	0.9952296	-0.0011563527	0	6.2831855e-06	0	-0.09681049	0.9952296	-0.0011563527	2.959781e-20	-1
0	-0.09681049	0.9952296	-0.0011563527	0	2.513274e-06	0	-0.09681049	0.9952296	-0.0011563527	2.959931e-20	-1
0	-0.09681049	0.9952296	-0.0011563527	0	1.256637e-06	0	-0.09681049	0.9952296	-0.0011563527	2.959981e-20	-1
0	-0.09681049	0.9952296	-0.0011563527	0	6.283185e-07	0	-0.09681049	0.9952296	-0.0011563527	2.9600057e-20	-1
0	-0.09681049	0.9952296	-0.0011563527	0	2.513274e-07	0	-0.09681049	0.9952296	-0.0011563527	2.960021e-20	-1
0	-0.09681049	0.9952296	-0.0011563527	0	1.256637e-07	0	-0.09681049	0.9952296	-0.0011563527	2.9600258e-20	-1
0	-0.09681049	0.9952296	-0.0011563527	0	0	0	-0.09681049	0.9952296	-0.0011563527	2.960031e-20	-1
0	-0.09681049	0.9952296	-0.0011563527	0	-1.256637e-07	0	-0.09681049	0.9952296	-0.0011563527	2.9600358e-20	-1
0	-0.09681049	0.9952296	-0.0011563527	0	-2.513274e-07	0	-0.09681049	0.9952296	-0.0011563527	2.960041e-20	-1
0	-0.09681049	0.9952296	-0.0011563527	0	-6.283185e-07	0	-0.09681049	0.9952296	-0.0011563527	2.9600558e-20	-1
0	-0.09681049	0.9952296	-0.0011563527	0	-1.256637e-06	0	-0.09681049	0.9952296	-0.0011563527	2.9600807e-20	-1
0	-0.09681049	0.9952296	-0.0011563527	0	-2.513274e-06	0	-0.09681049	0.9952296	-0.0011563527	2.9601308e-20	-1
0	-0.09681049	0.9952296	-0.0011563527	0	-6.2831855e-06	0	-0.09681049	0.9952296	-0.0011563527	2.9602807e-20	-1
0	-0.09681049	0.9952296	-0.0011563527	0	-1.2566371e-05	0	-0.09681049	0.9952296	-0.0011563527	2.9605305e-20	-1
0	-0.09681049	0.9952296	-0.0011563527	0	-2.5132742e-05	0	-0.09681049	0.9952296	-0.0011563527	2.9610297e-20	-1
0	-0.09681049	0.9952296	-0.0011563527	0	-6.283185e-05	0	-0.09681049	0.9952296	-0.0011563527	2.962528e-20	-1
0	-0.09870088	0.9950437	-0.0011521755	0	-0.0001256637	0	-0.09870088	0.9950437	-0.0011521755	2.9650237e-20	-1
0	-0.09870088	0.9950437	-0.0011521755	0	-0.0002513274	0	-0.09870088	0.9950437	-0.0011521755	2.9700172e-20	-1
0	-0.101309024	0.9947814	-0.0011463759	0	-0.0006283185	0	-0.101309024	0.9947814	-0.0011463759	2.984996e-20	-1
0	-0.10336326	0.9945698	-0.0011417752	0	-0.0010053096	0	-0.10336326	0.9945698	-0.0011417752	2.999971e-20	-1
0	-0.10336326	0.9945698	-0.0011417752	0	-0.001256637	0	-0.10336326	0.9945698	-0.0011417752	3.0099535e-20	-1
0	-0.10850876	0.9940211	-0.001130122	0	-0.0018849556	0	-0.10850876	0.9940211	-0.001130122	3.0349005e-20	-1
0	-0.11250073	0.9935769	-0.0011209708	0	-0.002513274	0	-0.11250073	0.9935769	-0.0011209708	3.0598374e-20	-1
0	-0.121489644	0.992517	-0.001100032	0	-0.0037699111	0	-0.121489644	0.992517	-0.001100032	3.1096747e-20	-1
0	-0.1449194	0.98936504	-0.0010436277	0	-0.0062831854	0	-0.1449194	0.98936504	-0.0010436277	3.20915e-20	-1
0	-0.19517703	0.9806824	-0.0009163684	0	-0.009424778	0	-0.19517703	0.9806824	-0.0009163684	3.332828e-20	-1
0	0.059578456	-0.9981535	0.0012313472	0	-0.012566371	0	0.059578456	-0.9981535	0.0012313472	2.4596857e-20	-1
0	0.0497346	-0.9986932	0.0012474903	0	-0.018849555	0	0.0497346	-0.9986932	0.0012474903	2.20915e-20	-1
0	0.04263358	-0.9990221	0.0012573204	0	-0.025132742	0	0.04263358	-0.9990221	0.0012573204	1.958508e-20	-1
0	0.033140257	-0.9993831	0.0012665231	0	-0.03769911	0	0.033140257	-0.9993831	0.0012665231	1.4570462e-20	-1
0	0.027086863	-0.99956644	0.0012683293	0	-0.050265484	0	0.027086863	-0.99956644	0.0012683293	9.554548e-21	-1
0	0.022900764	-0.99967194	0.0012662946	0	-0.06283186	0	0.022900764	-0.99967194	0.0012662946	4.5379294e-21	-1
0	0.022895727	-0.999672	0.0012663048	0	-0.06283186	0	0.022895727	-0.999672	0.0012663048	4.5379274e-21	1
0	0.027082566	-0.9995665	0.0012683377	0	-0.050265484	0	0.027082566	-0.9995665	0.0012683377	9.554547e-21	1
0	0.033138655	-0.9993832	0.0012665254	0	-0.03769911	0	0.033138655	-0.9993832	0.0012665254	1.4570465e-20	1
0	0.04262262	-0.9990226	0.0012573499	0	-0.025132742	0	0.04262262	-0.9990226	0.0012573499	1.958508e-20	1
0	0.049713865	-0.9986942	0.0012475359	0	-0.018849555	0	0.049713865	-0.9986942	0.0012475359	2.2091498e-20	1
0	0.059572108	-0.9981539	0.0012313615	0	-0.012566371	0	0.059572108	-0.9981539	0.0012313615	2.4596857e-20	1
0	0.06610088	-0.9977423	0.0012195077	0	-0.009424778	0	0.06610088	-0.9977423	0.0012195077	2.5848922e-20	1
0	0.07418162	-0.9971734	0.0012039054	0	-0.0062831854	0	0.07418162	-0.9971734	0.0012039054	2.7100379e-20	1
0	0.08220334	-0.99654365	0.0011876095	0	-0.0037699111	0	0.08220334	-0.99654365	0.0011876095	2.8100944e-20	1
0	0.086911194	-0.9961437	0.0011777484	0	-0.002513274	0	0.086911194	-0.9961437	0.0011777484	2.860096e-20	1
0	0.08944528	-0.99591917	0.001172351	0	-0.0018849556	0	0.08944528	-0.99591917	0.001172351	2.8850893e-20	1
0	0.09214124	-0.99567306	0.0011665458	0	-0.001256637	0	0.09214124	-0.99567306	0.0011665458	2.910076e-20	1
0	0.09214124	-0.99567306	0.0011665458	0	-0.0010053096	0	0.09214124	-0.99567306	0.0011665458	2.9200697e-20	1
0	0.0949958	-0.9954046	0.0011603362	0	-0.0006283185	0	0.0949958	-0.9954046	0.0011603362	2.9350565e-20	1
0	0.09682065	-0.9952285	0.0011563282	0	-0.0002513274	0	0.09682065	-0.9952285	0.0011563282	2.9500414e-20	1
0	0.09682065	-0.9952285	0.0011563282	0	-0.0001256637	0	0.09682065	-0.9952285	0.0011563282	2.9550362e-20	1
0	0.09682065	-0.9952285	0.0011563282	0	-6.283185e-05	0	0.09682065	-0.9952285	0.0011563282	2.9575336e-20	1
0	0.09682065	-0.9952285	0.0011563282	0	-2.5132742e-05	0	0.09682065	-0.9952285	0.0011563282	2.959032e-20	1
0	0.09682065	-0.9952285	0.0011563282	0	-1.2566371e-05	0	0.09682065	-0.9952285	0.0011563282	2.9595314e-20	1
0	0.09682065	-0.9952285	0.0011563282	0	-6.2831855e-06	0	0.09682065	-0.9952285	0.0011563282	2.9597808e-20	1
0	0.09682065	-0.9952285	0.0011563282	0	-2.513274e-06	0	0.09682065	-0.9952285	0.0011563282	2.9599308e-20	1
0	0.09682065	-0.9952285	0.0011563282	0	-1.256637e-06	0	0.09682065	-0.9952285	0.0011563282	2.959981e-20	1
0	0.09682065	-0.9952285	0.0011563282	0	-6.283185e-07	0	0.09682065	-0.9952285	0.0011563282	2.9600057e-20	1
0	0.09682065	-0.9952285	0.0011563282	0	-2.513274e-07	0	0.09682065	-0.9952285	0.0011563282	2.9600206e-20	1
0	0.09682065	-0.9952285	0.0011563282	0	-1.256637e-07	0	0.09682065	-0.9952285	0.0011563282	2.9600258e-20	1
0	0.09682065	-0.9952285	0.0011563282	0	0	0	0.09682065	-0.9952285	0.0011563282	2.9600306e-20	1
0	0.09682065	-0.9952285	0.0011563282	0	1.256637e-07	0	0.09682065	-0.9952285	0.0011563282	2.9600358e-20	1
0	0.09682065	-0.9952285	0.0011563282	0	2.513274e-07	0	0.09682065	-0.9952285	0.0011563282	2.9600406e-20	1
0	0.09682065	-0.9952285	0.0011563282	0	6.283185e-07	0	0.09682065	-0.9952285	0.0011563282	2.9600558e-20	1
0	0.09682065	-0.9952285	0.0011563282	0	1.256637e-06	0	0.09682065	-0.9952285	0.0011563282	2.9600807e-20	1
0	0.09682065	-0.9952285	0.0011563282	0	2.513274e-06	0	0.09682065	-0.9952285	0.0011563282	2.9601304e-20	1
0	0.09682065	-0.9952285	0.0011563282	0	6.2831855e-06	0	0.09682065	-0.9952285	0.0011563282	2.9602804e-20	1
0	0.09682065	-0.9952285	0.0011563282	0	1.2566371e-05	0	0.09682065	-0.9952285	0.0011563282	2.96053e-20	1
0	0.09682065	-0.9952285	0.0011563282	0	2.5132742e-05	0	0.09682065	-0.9952285	0.0011563282	2.9610297e-20	1
0	0.09682065	-0.9952285	0.0011563282	0	6.283185e-05	0	0.09682065	-0.9952285	0.0011563282	2.962528e-20	1
0	0.0986855	-0.9950452	0.0011522127	0	0.0001256637	0	0.0986855	-0.9950452	0.0011522127	2.9650237e-20	1
0	0.0986855	-0.9950452	0.0011522127	0	0.0002513274	0	0.0986855	-0.9950452	0.0011522127	2.9700175e-20	1
0	0.10130921	-0.9947813	0.0011463738	0	0.0006283185	0	0.10130921	-0.9947813	0.0011463738	2.984996e-20	1
0	0.10336318	-0.9945698	0.0011417747	0	0.0010053096	0	0.10336318	-0.9945698	0.0011417747	2.9999708e-20	1
0	0.10336318	-0.9945698	0.0011417747	0	0.001256637	0	0.10336318	-0.9945698	0.0011417747	3.0099535e-20	1
0	0.10849331	-0.99402285	0.0011301595	0	0.0018849556	0	0.10849331	-0.99402285	0.0011301595	3.0349005e-20	1
0	0.11248909	-0.9935782	0.0011209992	0	0.002513274	0	0.11248909	-0.9935782	0.0011209992	3.0598377e-20	1
0	0.12151525	-0.9925138	0.0010999679	0	0.0037699111	0	0.12151525	-0.9925138	0.0010999679	3.1096747e-20	1
0	0.14488307	-0.98937035	0.0010437202	0	0.0062831854	0	0.14488307	-0.98937035	0.0010437202	3.2091503e-20	1
0	0.19517446	-0.98068285	0.0009163749	0	0.009424778	0	0.19517446	-0.98068285	0.0009163749	3.332828e-20	1
0	0.8993931	0.43684772	0.00088937033	0	0.012566371	0	0.8993931	0.43684772	0.00088937033	2.6101561e-20	1
0	-0.049718805	0.99869394	-0.0012475253	0	0.018849555	0	-0.049718805	0.99869394	-0.0012475253	2.2091498e-20	1
0	-0.042631894	0.99902225	-0.0012573316	0	0.025132742	0	-0.042631894	0.99902225	-0.0012573316	1.9585083e-20	1
0	-0.033141956	0.9993831	-0.0012665207	0	0.03769911	0	-0.033141956	0.9993831	-0.0012665207	1.4570463e-20	1
0	-0.027085464	0.99956644	-0.0012683319	0	0.050265484	0	-0.027085464	0.99956644	-0.0012683319	9.554548e-21	1
0	-0.022894865	0.99967206	-0.001266307	0	0.06283186	0	-0.022894865	0.99967206	-0.001266307	4.5379302e-21	1
