# t (s)	mx ()	my ()	mz ()	B_extx (T)	B_exty (T)	B_extz (T)	mx ()	my ()	mz ()	E_total (J)	branch ()
0	-0.06907998	0.9975351	-0.004258115	0	0.06283186	0	-0.06907998	0.9975351	-0.004258115	4.450327e-21	-1
0	-0.08209647	0.9965464	-0.0043614674	0	0.050265484	0	-0.08209647	0.9965464	-0.0043614674	9.4541865e-21	-1
0	-0.10072841	0.99483323	-0.0044938624	0	0.03769911	0	-0.10072841	0.99483323	-0.0044938624	1.4451487e-20	-1
0	-0.12919466	0.99153435	-0.004673278	0	0.025132742	0	-0.12919466	0.99153435	-0.004673278	1.9436756e-20	-1
0	-0.14963824	0.9886526	-0.0047897203	0	0.018849555	0	-0.14963824	0.9886526	-0.0047897203	2.1921403e-20	-1
0	-0.17676508	0.98416007	-0.0049309195	0	0.012566371	0	-0.17676508	0.98416007	-0.0049309195	2.4396983e-20	-1
0	-0.19388539	0.98092806	-0.005012721	0	0.009424778	0	-0.19388539	0.98092806	-0.005012721	2.5629794e-20	-1
0	-0.21425678	0.9766772	-0.0051028114	0	0.0062831854	0	-0.21425678	0.9766772	-0.0051028114	2.6857952e-20	-1
0	-0.23358095	0.97223306	-0.005180925	0	0.0037699111	0	-0.23358095	0.97223306	-0.005180925	2.7836104e-20	-1
0	-0.24454433	0.96953136	-0.0052219955	0	0.002513274	0	-0.24454433	0.96953136	-0.0052219955	2.832336e-20	-1
0	-0.2503659	0.9680432	-0.005242834	0	0.0018849556	0	-0.2503659	0.9680432	-0.005242834	2.8566453e-20	-1
0	-0.25649396	0.9664363	-0.0052640275	0	0.001256637	0	-0.25649396	0.9664363	-0.0052640275	2.880916e-20	-1
0	-0.25649396	0.9664363	-0.0052640275	0	0.0010053096	0	-0.25649396	0.9664363	-0.0052640275	2.8906163e-20	-1
0	-0.26292706	0.96470475	-0.005285453	0	0.0006283185	0	-0.26292706	0.96470475	-0.005285453	2.9051452e-20	-1
0	-0.2669376	0.9636019	-0.0052983807	0	0.0002513274	0	-0.2669376	0.9636019	-0.0052983807	2.919661e-20	-1
0	-0.2669376	0.9636019	-0.0052983807	0	0.0001256637	0	-0.2669376	0.9636019	-0.0052983807	2.9244967e-20	-1
0	-0.2669376	0.9636019	-0.0052983807	0	6.283185e-05	0	-0.2669376	0.9636019	-0.0052983807	2.9269146e-20	-1
0	-0.2669376	0.9636019	-0.0052983807	0	2.5132742e-05	0	-0.2669376	0.9636019	-0.0052983807	2.9283654e-20	-1
0	-0.2669376	0.9636019	-0.0052983807	0	1.2566371e-05	0	-0.2669376	0.9636019	-0.0052983807	2.928849e-20	-1
0	-0.2669376	0.9636019	-0.0052983807	0	6.2831855e-06	0	-0.2669376	0.9636019	-0.0052983807	2.9290908e-20	-1
0	-0.2669376	0.9636019	-0.0052983807	0	2.513274e-06	0	-0.2669376	0.9636019	-0.0052983807	2.929236e-20	-1
0	-0.2669376	0.9636019	-0.0052983807	0	1.256637e-06	0	-0.2669376	0.9636019	-0.0052983807	2.9292844e-20	-1
0	-0.2669376	0.9636019	-0.0052983807	0	6.283185e-07	0	-0.2669376	0.9636019	-0.0052983807	2.9293086e-20	-1
0	-0.2669376	0.9636019	-0.0052983807	0	2.513274e-07	0	-0.2669376	0.9636019	-0.0052983807	2.929323e-20	-1
0	-0.2669376	0.9636019	-0.0052983807	0	1.256637e-07	0	-0.2669376	0.9636019	-0.0052983807	2.929328e-20	-1
0	-0.2669376	0.9636019	-0.0052983807	0	0	0	-0.2669376	0.9636019	-0.0052983807	2.9293325e-20	-1
0	-0.2669376	0.9636019	-0.0052983807	0	-1.256637e-07	0	-0.2669376	0.9636019	-0.0052983807	2.9293374e-20	-1
0	-0.2669376	0.9636019	-0.0052983807	0	-2.513274e-07	0	-0.2669376	0.9636019	-0.0052983807	2.9293422e-20	-1
0	-0.2669376	0.9636019	-0.0052983807	0	-6.283185e-07	0	-0.2669376	0.9636019	-0.0052983807	2.9293567e-20	-1
0	-0.2669376	0.9636019	-0.0052983807	0	-1.256637e-06	0	-0.2669376	0.9636019	-0.0052983807	2.929381e-20	-1
0	-0.2669376	0.9636019	-0.0052983807	0	-2.513274e-06	0	-0.2669376	0.9636019	-0.0052983807	2.9294294e-20	-1
0	-0.2669376	0.9636019	-0.0052983807	0	-6.2831855e-06	0	-0.2669376	0.9636019	-0.0052983807	2.9295745e-20	-1
0	-0.2669376	0.9636019	-0.0052983807	0	-1.2566371e-05	0	-0.2669376	0.9636019	-0.0052983807	2.9298162e-20	-1
0	-0.2669376	0.9636019	-0.0052983807	0	-2.5132742e-05	0	-0.2669376	0.9636019	-0.0052983807	2.9303e-20	-1
0	-0.2703811	0.96264064	-0.0053092097	0	-6.283185e-05	0	-0.2703811	0.96264064	-0.0053092097	2.9317443e-20	-1
0	-0.2703811	0.96264064	-0.0053092097	0	-0.0001256637	0	-0.2703811	0.96264064	-0.0053092097	2.93416e-20	-1
0	-0.2703811	0.96264064	-0.0053092097	0	-0.0002513274	0	-0.2703811	0.96264064	-0.0053092097	2.9389908e-20	-1
0	-0.27681512	0.9608089	-0.005328784	0	-0.0006283185	0	-0.27681512	0.9608089	-0.005328784	2.9534632e-20	-1
0	-0.27681512	0.9608089	-0.005328784	0	-0.0010053096	0	-0.27681512	0.9608089	-0.005328784	2.967929e-20	-1
0	-0.9671005	-0.25402564	0.0026900675	0	-0.001256637	0	-0.9671005	-0.25402564	0.0026900675	2.7270245e-20	-1
0	-0.96341455	-0.26765662	0.002677864	0	-0.0018849556	0	-0.96341455	-0.26765662	0.002677864	2.720479e-20	-1
0	-0.95955133	-0.28118378	0.0026631234	0	-0.002513274	0	-0.95955133	-0.28118378	0.0026631234	2.713593e-20	-1
0	-0.9512428	-0.3081076	0.0026262687	0	-0.0037699111	0	-0.9512428	-0.3081076	0.0026262687	2.6988053e-20	-1
0	-0.93205047	-0.36201406	0.0025245936	0	-0.0062831854	0	-0.93205047	-0.36201406	0.0025245936	2.6651792e-20	-1
0	-0.9017613	-0.43193793	0.0023453077	0	-0.009424778	0	-0.9017613	-0.43193793	0.0023453077	2.6154212e-20	-1
0	-0.85965395	-0.51059556	0.0020975159	0	-0.012566371	0	-0.85965395	-0.51059556	0.0020975159	2.5564401e-20	-1
0	0.1496441	-0.9886517	0.004789745	0	-0.018849555	0	0.1496441	-0.9886517	0.004789745	2.19214e-20	-1
0	0.12920249	-0.9915333	0.004673319	0	-0.025132742	0	0.12920249	-0.9915333	0.004673319	1.9436756e-20	-1
0	0.100733854	-0.99483263	0.0044938857	0	-0.03769911	0	0.100733854	-0.99483263	0.0044938857	1.4451483e-20	-1
0	0.08210373	-0.9965458	0.004361507	0	-0.050265484	0	0.08210373	-0.9965458	0.004361507	9.454186e-21	-1
0	0.06908178	-0.997535	0.004258125	0	-0.06283186	0	0.06908178	-0.997535	0.004258125	4.4503234e-21	-1
0	0.06908178	-0.997535	0.004258125	0	-0.06283186	0	0.06908178	-0.997535	0.004258125	4.4503234e-21	1
0	0.08209599	-0.9965464	0.0043614646	0	-0.050265484	0	0.08209599	-0.9965464	0.0043614646	9.454187e-21	1
0	0.10073611	-0.99483246	0.004493883	0	-0.03769911	0	0.10073611	-0.99483246	0.004493883	1.4451487e-20	1
0	0.12919483	-0.99153423	0.004673278	0	-0.025132742	0	0.12919483	-0.99153423	0.004673278	1.9436757e-20	1
0	0.14964023	-0.9886522	0.0047897305	0	-0.018849555	0	0.14964023	-0.9886522	0.0047897305	2.1921401e-20	1
0	0.17678633	-0.98415637	0.004931016	0	-0.012566371	0	0.17678633	-0.98415637	0.004931016	2.4396981e-20	1
0	0.1938858	-0.98092794	0.0050127227	0	-0.009424778	0	0.1938858	-0.98092794	0.0050127227	2.5629794e-20	1
0	0.21425304	-0.976678	0.0051027928	0	-0.0062831854	0	0.21425304	-0.976678	0.0051027928	2.6857955e-20	1
0	0.23357674	-0.972234	0.00518091	0	-0.0037699111	0	0.23357674	-0.972234	0.00518091	2.7836104e-20	1
0	0.24451543	-0.9695387	0.005221891	0	-0.002513274	0	0.24451543	-0.9695387	0.005221891	2.832336e-20	1
0	0.25037652	-0.96804047	0.0052428683	0	-0.0018849556	0	0.25037652	-0.96804047	0.0052428683	2.8566456e-20	1
0	0.25648856	-0.9664378	0.00526401	0	-0.001256637	0	0.25648856	-0.9664378	0.00526401	2.8809163e-20	1
0	0.25648856	-0.9664378	0.00526401	0	-0.0010053096	0	0.25648856	-0.9664378	0.00526401	2.8906166e-20	1
0	0.26292598	-0.964705	0.0052854503	0	-0.0006283185	0	0.26292598	-0.964705	0.0052854503	2.905145e-20	1
0	0.26693243	-0.9636033	0.0052983654	0	-0.0002513274	0	0.26693243	-0.9636033	0.0052983654	2.919661e-20	1
0	0.26693243	-0.9636033	0.0052983654	0	-0.0001256637	0	0.26693243	-0.9636033	0.0052983654	2.9244967e-20	1
0	0.26693243	-0.9636033	0.0052983654	0	-6.283185e-05	0	0.26693243	-0.9636033	0.0052983654	2.9269146e-20	1
0	0.26693243	-0.9636033	0.0052983654	0	-2.5132742e-05	0	0.26693243	-0.9636033	0.0052983654	2.9283654e-20	1
0	0.26693243	-0.9636033	0.0052983654	0	-1.2566371e-05	0	0.26693243	-0.9636033	0.0052983654	2.928849e-20	1
0	0.26693243	-0.9636033	0.0052983654	0	-6.2831855e-06	0	0.26693243	-0.9636033	0.0052983654	2.9290908e-20	1
0	0.26693243	-0.9636033	0.0052983654	0	-2.513274e-06	0	0.26693243	-0.9636033	0.0052983654	2.929236e-20	1
0	0.26693243	-0.9636033	0.0052983654	0	-1.256637e-06	0	0.26693243	-0.9636033	0.0052983654	2.9292844e-20	1
0	0.26693243	-0.9636033	0.0052983654	0	-6.283185e-07	0	0.26693243	-0.9636033	0.0052983654	2.9293083e-20	1
0	0.26693243	-0.9636033	0.0052983654	0	-2.513274e-07	0	0.26693243	-0.9636033	0.0052983654	2.9293228e-20	1
0	0.26693243	-0.9636033	0.0052983654	0	-1.256637e-07	0	0.26693243	-0.9636033	0.0052983654	2.9293277e-20	1
0	0.26693243	-0.9636033	0.0052983654	0	0	0	0.26693243	-0.9636033	0.0052983654	2.9293325e-20	1
0	0.26693243	-0.9636033	0.0052983654	0	1.256637e-07	0	0.26693243	-0.9636033	0.0052983654	2.9293374e-20	1
0	0.26693243	-0.9636033	0.0052983654	0	2.513274e-07	0	0.26693243	-0.9636033	0.0052983654	2.9293422e-20	1
0	0.26693243	-0.9636033	0.0052983654	0	6.283185e-07	0	0.26693243	-0.9636033	0.0052983654	2.9293567e-20	1
0	0.26693243	-0.9636033	0.0052983654	0	1.256637e-06	0	0.26693243	-0.9636033	0.0052983654	2.929381e-20	1
0	0.26693243	-0.9636033	0.0052983654	0	2.513274e-06	0	0.26693243	-0.9636033	0.0052983654	2.9294294e-20	1
0	0.26693243	-0.9636033	0.0052983654	0	6.2831855e-06	0	0.26693243	-0.9636033	0.0052983654	2.9295742e-20	1
0	0.26693243	-0.9636033	0.0052983654	0	1.2566371e-05	0	0.26693243	-0.9636033	0.0052983654	2.9298162e-20	1
0	0.26693243	-0.9636033	0.0052983654	0	2.5132742e-05	0	0.26693243	-0.9636033	0.0052983654	2.9302996e-20	1
0	0.27038944	-0.96263826	0.005309234	0	6.283185e-05	0	0.27038944	-0.96263826	0.005309234	2.9317443e-20	1
0	0.27038944	-0.96263826	0.005309234	0	0.0001256637	0	0.27038944	-0.96263826	0.005309234	2.93416e-20	1
0	0.27038944	-0.96263826	0.005309234	0	0.0002513274	0	0.27038944	-0.96263826	0.005309234	2.9389908e-20	1
0	0.27681285	-0.9608096	0.005328782	0	0.0006283185	0	0.27681285	-0.9608096	0.005328782	2.9534632e-20	1
0	0.27681285	-0.9608096	0.005328782	0	0.0010053096	0	0.27681285	-0.9608096	0.005328782	2.967929e-20	1
0	0.2843607	-0.9586012	0.0053506163	0	0.001256637	0	0.2843607	-0.9586012	0.0053506163	2.9775452e-20	1
0	0.29239982	-0.95617795	0.0053725196	0	0.0018849556	0	0.29239982	-0.95617795	0.0053725196	3.001569e-20	1
0	0.30086702	-0.9535457	0.005394079	0	0.002513274	0	0.30086702	-0.9535457	0.005394079	3.0255294e-20	1
0	0.31978366	-0.9473653	0.0054364093	0	0.0037699111	0	0.31978366	-0.9473653	0.0054364093	3.0732332e-20	1
0	0.36946085	-0.92910695	0.0055072145	0	0.0062831854	0	0.36946085	-0.92910695	0.0055072145	3.167492e-20	1
0	-0.19388422	0.9809283	-0.005012716	0	0.009424778	0	-0.19388422	0.9809283	-0.005012716	2.5629792e-20	1
0	-0.17676055	0.9841609	-0.0049309004	0	0.012566371	0	-0.17676055	0.9841609	-0.0049309004	2.4396983e-20	1
0	-0.14965203	0.98865044	-0.0047897846	0	0.018849555	0	-0.14965203	0.98865044	-0.0047897846	2.1921403e-20	1
0	-0.1291995	0.99153364	-0.004673303	0	0.025132742	0	-0.1291995	0.99153364	-0.004673303	1.9436759e-20	1
0	-0.10073532	0.9948325	-0.004493899	0	0.03769911	0	-0.10073532	0.9948325	-0.004493899	1.4451483e-20	1
0	-0.08210142	0.996546	-0.004361494	0	0.050265484	0	-0.08210142	0.996546	-0.004361494	9.454187e-21	1
0	-0.06908162	0.997535	-0.0042581223	0	0.06283186	0	-0.06908162	0.997535	-0.0042581223	4.450326e-21	1
