# t (s)	mx ()	my ()	mz ()	B_extx (T)	B_exty (T)	B_extz (T)	mx ()	my ()	mz ()	E_total (J)	branch ()
0	0.017825566	0.9997759	0.00081620656	0	0.06283186	0	0.017825566	0.9997759	0.00081620656	4.5595977e-21	-1
0	0.021054814	0.9997123	0.00082952733	0	0.050265484	0	0.021054814	0.9997123	0.00082952733	9.576834e-21	-1
0	0.02571224	0.99960244	0.000845919	0	0.03769911	0	0.02571224	0.99960244	0.000845919	1.4593644e-20	-1
0	0.03298253	0.99938804	0.00086813874	0	0.025132742	0	0.03298253	0.99938804	0.00086813874	1.9609685e-20	-1
0	0.038411565	0.99919355	0.0008830213	0	0.018849555	0	0.038411565	0.99919355	0.0008830213	2.2117178e-20	-1
0	0.04594834	0.99887466	0.0009023079	0	0.012566371	0	0.04594834	0.99887466	0.0009023079	2.4624039e-20	-1
0	0.050935436	0.99863243	0.00091446465	0	0.009424778	0	0.050935436	0.99863243	0.00091446465	2.587711e-20	-1
0	0.05712355	0.9982971	0.00092906784	0	0.0062831854	0	0.05712355	0.9982971	0.00092906784	2.7129824e-20	-1
0	0.06323779	0.9979279	0.0009430797	0	0.0037699111	0	0.06323779	0.9979279	0.0009430797	2.8131637e-20	-1
0	0.066835135	0.9976932	0.0009511531	0	0.002513274	0	0.066835135	0.9976932	0.0009511531	2.8632388e-20	-1
0	0.06878343	0.9975606	0.0009554863	0	0.0018849556	0	0.06878343	0.9975606	0.0009554863	2.8882717e-20	-1
0	0.070864245	0.9974148	0.00096008135	0	0.001256637	0	0.070864245	0.9974148	0.00096008135	2.9133014e-20	-1
0	0.070864245	0.9974148	0.00096008135	0	0.0010053096	0	0.070864245	0.9974148	0.00096008135	2.9233122e-20	-1
0	0.07305521	0.9972565	0.00096487836	0	0.0006283185	0	0.07305521	0.9972565	0.00096487836	2.9383268e-20	-1
0	0.07444255	0.9971539	0.0009678978	0	0.0002513274	0	0.07444255	0.9971539	0.0009678978	2.9533408e-20	-1
0	0.07444255	0.9971539	0.0009678978	0	0.0001256637	0	0.07444255	0.9971539	0.0009678978	2.9583452e-20	-1
0	0.07444255	0.9971539	0.0009678978	0	6.283185e-05	0	0.07444255	0.9971539	0.0009678978	2.960847e-20	-1
0	0.07444255	0.9971539	0.0009678978	0	2.5132742e-05	0	0.07444255	0.9971539	0.0009678978	2.9623483e-20	-1
0	0.07444255	0.9971539	0.0009678978	0	1.2566371e-05	0	0.07444255	0.9971539	0.0009678978	2.9628488e-20	-1
0	0.07444255	0.9971539	0.0009678978	0	6.2831855e-06	0	0.07444255	0.9971539	0.0009678978	2.963099e-20	-1
0	0.07444255	0.9971539	0.0009678978	0	2.513274e-06	0	0.07444255	0.9971539	0.0009678978	2.9632492e-20	-1
0	0.07444255	0.9971539	0.0009678978	0	1.256637e-06	0	0.07444255	0.9971539	0.0009678978	2.9632993e-20	-1
0	0.07444255	0.9971539	0.0009678978	0	6.283185e-07	0	0.07444255	0.9971539	0.0009678978	2.963324e-20	-1
0	0.07444255	0.9971539	0.0009678978	0	2.513274e-07	0	0.07444255	0.9971539	0.0009678978	2.9633393e-20	-1
0	0.07444255	0.9971539	0.0009678978	0	1.256637e-07	0	0.07444255	0.9971539	0.0009678978	2.9633442e-20	-1
0	0.07444255	0.9971539	0.0009678978	0	0	0	0.07444255	0.9971539	0.0009678978	2.9633493e-20	-1
0	0.07444255	0.9971539	0.0009678978	0	-1.256637e-07	0	0.07444255	0.9971539	0.0009678978	2.9633542e-20	-1
0	0.07444255	0.9971539	0.0009678978	0	-2.513274e-07	0	0.07444255	0.9971539	0.0009678978	2.9633594e-20	-1
0	0.07444255	0.9971539	0.0009678978	0	-6.283185e-07	0	0.07444255	0.9971539	0.0009678978	2.9633742e-20	-1
0	0.07444255	0.9971539	0.0009678978	0	-1.256637e-06	0	0.07444255	0.9971539	0.0009678978	2.9633994e-20	-1
0	0.07444255	0.9971539	0.0009678978	0	-2.513274e-06	0	0.07444255	0.9971539	0.0009678978	2.9634495e-20	-1
0	0.07444255	0.9971539	0.0009678978	0	-6.2831855e-06	0	0.07444255	0.9971539	0.0009678978	2.9635994e-20	-1
0	0.07444255	0.9971539	0.0009678978	0	-1.2566371e-05	0	0.07444255	0.9971539	0.0009678978	2.96385e-20	-1
0	0.07444255	0.9971539	0.0009678978	0	-2.5132742e-05	0	0.07444255	0.9971539	0.0009678978	2.96435e-20	-1
0	0.07562547	0.99706477	0.00097046536	0	-6.283185e-05	0	0.07562547	0.99706477	0.00097046536	2.9658503e-20	-1
0	0.07562547	0.99706477	0.00097046536	0	-0.0001256637	0	0.07562547	0.99706477	0.00097046536	2.9683522e-20	-1
0	0.07562547	0.99706477	0.00097046536	0	-0.0002513274	0	0.07562547	0.99706477	0.00097046536	2.973356e-20	-1
0	0.0778597	0.99689263	0.0009752868	0	-0.0006283185	0	0.0778597	0.99689263	0.0009752868	2.9883654e-20	-1
0	0.07943833	0.9967679	0.0009786733	0	-0.0010053096	0	0.07943833	0.9967679	0.0009786733	3.0033733e-20	-1
0	0.07943833	0.9967679	0.0009786733	0	-0.001256637	0	0.07943833	0.9967679	0.0009786733	3.013378e-20	-1
0	0.08340703	0.9964434	0.0009871123	0	-0.0018849556	0	0.08340703	0.9964434	0.0009871123	3.0383837e-20	-1
0	0.086437166	0.9961848	0.0009934914	0	-0.002513274	0	0.086437166	0.9961848	0.0009934914	3.0633836e-20	-1
0	0.09326637	0.99556816	0.0010076903	0	-0.0037699111	0	0.09326637	0.99556816	0.0010076903	3.113362e-20	-1
0	0.11102401	0.99374294	0.0010433954	0	-0.0062831854	0	0.11102401	0.99374294	0.0010433954	3.2132038e-20	-1
0	0.14760211	0.98896766	0.0011118263	0	-0.009424778	0	0.14760211	0.98896766	0.0011118263	3.337628e-20	-1
0	0.9118444	-0.4102373	-0.0008680406	0	-0.012566371	0	0.9118444	-0.4102373	-0.0008680406	2.6241093e-20	-1
0	-0.038417116	-0.9991933	-0.0008830309	0	-0.018849555	0	-0.038417116	-0.9991933	-0.0008830309	2.2117173e-20	-1
0	-0.03299567	-0.9993876	-0.00086816633	0	-0.025132742	0	-0.03299567	-0.9993876	-0.00086816633	1.9609685e-20	-1
0	-0.025719248	-0.9996023	-0.00084601936	0	-0.03769911	0	-0.025719248	-0.9996023	-0.00084601936	1.4593645e-20	-1
0	-0.021058727	-0.9997122	-0.0008295331	0	-0.050265484	0	-0.021058727	-0.9997122	-0.0008295331	9.576833e-21	-1
0	-0.017829906	-0.99977577	-0.00081621594	0	-0.06283186	0	-0.017829906	-0.99977577	-0.00081621594	4.5596e-21	-1
0	-0.017826762	-0.9997759	-0.0008162091	0	-0.06283186	0	-0.017826762	-0.9997759	-0.0008162091	4.5596013e-21	1
0	-0.021054897	-0.9997122	-0.0008295243	0	-0.050265484	0	-0.021054897	-0.9997122	-0.0008295243	9.576836e-21	1
0	-0.025713643	-0.99960244	-0.0008460075	0	-0.03769911	0	-0.025713643	-0.99960244	-0.0008460075	1.4593647e-20	1
0	-0.032989502	-0.99938786	-0.00086815364	0	-0.025132742	0	-0.032989502	-0.99938786	-0.00086815364	1.9609686e-20	1
0	-0.038416404	-0.9991934	-0.0008830309	0	-0.018849555	0	-0.038416404	-0.9991934	-0.0008830309	2.2117181e-20	1
0	-0.045953177	-0.9988744	-0.0009023202	0	-0.012566371	0	-0.045953177	-0.9988744	-0.0009023202	2.462404e-20	1
0	-0.050936222	-0.9986323	-0.0009144628	0	-0.009424778	0	-0.050936222	-0.9986323	-0.0009144628	2.5877111e-20	1
0	-0.0571237	-0.99829704	-0.00092906825	0	-0.0062831854	0	-0.0571237	-0.99829704	-0.00092906825	2.7129824e-20	1
0	-0.06326205	-0.9979265	-0.00094312977	0	-0.0037699111	0	-0.06326205	-0.9979265	-0.00094312977	2.8131637e-20	1
0	-0.066844575	-0.9976926	-0.0009511752	0	-0.002513274	0	-0.066844575	-0.9976926	-0.0009511752	2.863239e-20	1
0	-0.068791	-0.9975601	-0.00095550064	0	-0.0018849556	0	-0.068791	-0.9975601	-0.00095550064	2.8882717e-20	1
0	-0.07087208	-0.99741423	-0.0009600917	0	-0.001256637	0	-0.07087208	-0.99741423	-0.0009600917	2.913301e-20	1
0	-0.07087208	-0.99741423	-0.0009600917	0	-0.0010053096	0	-0.07087208	-0.99741423	-0.0009600917	2.9233122e-20	1
0	-0.073054664	-0.99725664	-0.0009648752	0	-0.0006283185	0	-0.073054664	-0.99725664	-0.0009648752	2.938327e-20	1
0	-0.07443321	-0.9971546	-0.0009678766	0	-0.0002513274	0	-0.07443321	-0.9971546	-0.0009678766	2.9533405e-20	1
0	-0.07443321	-0.9971546	-0.0009678766	0	-0.0001256637	0	-0.07443321	-0.9971546	-0.0009678766	2.9583446e-20	1
0	-0.07443321	-0.9971546	-0.0009678766	0	-6.283185e-05	0	-0.07443321	-0.9971546	-0.0009678766	2.9608468e-20	1
0	-0.07443321	-0.9971546	-0.0009678766	0	-2.5132742e-05	0	-0.07443321	-0.9971546	-0.0009678766	2.962348e-20	1
0	-0.07443321	-0.9971546	-0.0009678766	0	-1.2566371e-05	0	-0.07443321	-0.9971546	-0.0009678766	2.9628485e-20	1
0	-0.07443321	-0.9971546	-0.0009678766	0	-6.2831855e-06	0	-0.07443321	-0.9971546	-0.0009678766	2.9630986e-20	1
0	-0.07443321	-0.9971546	-0.0009678766	0	-2.513274e-06	0	-0.07443321	-0.9971546	-0.0009678766	2.963249e-20	1
0	-0.07443321	-0.9971546	-0.0009678766	0	-1.256637e-06	0	-0.07443321	-0.9971546	-0.0009678766	2.963299e-20	1
0	-0.07443321	-0.9971546	-0.0009678766	0	-6.283185e-07	0	-0.07443321	-0.9971546	-0.0009678766	2.9633238e-20	1
0	-0.07443321	-0.9971546	-0.0009678766	0	-2.513274e-07	0	-0.07443321	-0.9971546	-0.0009678766	2.963339e-20	1
0	-0.07443321	-0.9971546	-0.0009678766	0	-1.256637e-07	0	-0.07443321	-0.9971546	-0.0009678766	2.963344e-20	1
0	-0.07443321	-0.9971546	-0.0009678766	0	0	0	-0.07443321	-0.9971546	-0.0009678766	2.963349e-20	1
0	-0.07443321	-0.9971546	-0.0009678766	0	1.256637e-07	0	-0.07443321	-0.9971546	-0.0009678766	2.963354e-20	1
0	-0.07443321	-0.9971546	-0.0009678766	0	2.513274e-07	0	-0.07443321	-0.9971546	-0.0009678766	2.963359e-20	1
0	-0.07443321	-0.9971546	-0.0009678766	0	6.283185e-07	0	-0.07443321	-0.9971546	-0.0009678766	2.963374e-20	1
0	-0.07443321	-0.9971546	-0.0009678766	0	1.256637e-06	0	-0.07443321	-0.9971546	-0.0009678766	2.963399e-20	1
0	-0.07443321	-0.9971546	-0.0009678766	0	2.513274e-06	0	-0.07443321	-0.9971546	-0.0009678766	2.963449e-20	1
0	-0.07443321	-0.9971546	-0.0009678766	0	6.2831855e-06	0	-0.07443321	-0.9971546	-0.0009678766	2.963599e-20	1
0	-0.07443321	-0.9971546	-0.0009678766	0	1.2566371e-05	0	-0.07443321	-0.9971546	-0.0009678766	2.9638492e-20	1
0	-0.07443321	-0.9971546	-0.0009678766	0	2.5132742e-05	0	-0.07443321	-0.9971546	-0.0009678766	2.9643497e-20	1
0	-0.075633965	-0.9970641	-0.0009704825	0	6.283185e-05	0	-0.075633965	-0.9970641	-0.0009704825	2.9658506e-20	1
0	-0.075633965	-0.9970641	-0.0009704825	0	0.0001256637	0	-0.075633965	-0.9970641	-0.0009704825	2.9683525e-20	1
0	-0.075633965	-0.9970641	-0.0009704825	0	0.0002513274	0	-0.075633965	-0.9970641	-0.0009704825	2.9733563e-20	1
0	-0.07786679	-0.99689204	-0.0009753028	0	0.0006283185	0	-0.07786679	-0.99689204	-0.0009753028	2.9883657e-20	1
0	-0.07945533	-0.99676657	-0.0009787078	0	0.0010053096	0	-0.07945533	-0.99676657	-0.0009787078	3.0033733e-20	1
0	-0.07945533	-0.99676657	-0.0009787078	0	0.001256637	0	-0.07945533	-0.99676657	-0.0009787078	3.013378e-20	1
0	-0.08337584	-0.99644595	-0.000987051	0	0.0018849556	0	-0.08337584	-0.99644595	-0.000987051	3.0383837e-20	1
0	-0.08646475	-0.99618244	-0.0009935538	0	0.002513274	0	-0.08646475	-0.99618244	-0.0009935538	3.0633836e-20	1
0	-0.0932973	-0.9955652	-0.0010077506	0	0.0037699111	0	-0.0932973	-0.9955652	-0.0010077506	3.113362e-20	1
0	-0.11108598	-0.99373597	-0.0010435167	0	0.0062831854	0	-0.11108598	-0.99373597	-0.0010435167	3.213204e-20	1
0	-0.14760882	-0.9889667	-0.0011118383	0	0.009424778	0	-0.14760882	-0.9889667	-0.0011118383	3.337628e-20	1
0	-0.9118596	0.41020358	0.0008681137	0	0.012566371	0	-0.9118596	0.41020358	0.0008681137	2.6241095e-20	1
0	0.038420804	0.9991932	0.0008830438	0	0.018849555	0	0.038420804	0.9991932	0.0008830438	2.2117178e-20	1
0	0.032993726	0.9993876	0.0008681639	0	0.025132742	0	0.032993726	0.9993876	0.0008681639	1.9609686e-20	1
0	0.025716463	0.9996023	0.00084601337	0	0.03769911	0	0.025716463	0.9996023	0.00084601337	1.4593647e-20	1
0	0.021058954	0.9997122	0.000829534	0	0.050265484	0	0.021058954	0.9997122	0.000829534	9.5768306e-21	1
0	0.017829254	0.99977577	0.0008162132	0	0.06283186	0	0.017829254	0.99977577	0.0008162132	4.5595985e-21	1
