# t (s)	mx ()	my ()	mz ()	B_extx (T)	B_exty (T)	B_extz (T)	mx ()	my ()	mz ()	E_total (J)	branch ()
0	-0.040490977	0.99911	0.0029303336	0	0.06283186	0	-0.040490977	0.99911	0.0029303336	4.547771e-21	-1
0	-0.048041813	0.9987744	0.0029404121	0	0.050265484	0	-0.048041813	0.9987744	0.0029404121	9.561039e-21	-1
0	-0.05896669	0.9981878	0.0029432946	0	0.03769911	0	-0.05896669	0.9981878	0.0029432946	1.4572071e-20	-1
0	-0.07602283	0.9970323	0.002931476	0	0.025132742	0	-0.07602283	0.9970323	0.002931476	1.957894e-20	-1
0	-0.08864358	0.99598837	0.0029146816	0	0.018849555	0	-0.08864358	0.99598837	0.0029146816	2.2079533e-20	-1
0	-0.10598984	0.9942905	0.0028840126	0	0.012566371	0	-0.10598984	0.9942905	0.0028840126	2.457677e-20	-1
0	-0.11728591	0.9930203	0.0028603761	0	0.009424778	0	-0.11728591	0.9930203	0.0028603761	2.5823475e-20	-1
0	-0.13109818	0.99129	0.0028282371	0	0.0062831854	0	-0.13109818	0.99129	0.0028282371	2.7068314e-20	-1
0	-0.14458334	0.9894116	0.002793856	0	0.0037699111	0	-0.14458334	0.9894116	0.002793856	2.806237e-20	-1
0	-0.15235329	0.9882441	0.0027728477	0	0.002513274	0	-0.15235329	0.9882441	0.0027728477	2.8558624e-20	-1
0	-0.15655115	0.98758733	0.0027611514	0	0.0018849556	0	-0.15655115	0.98758733	0.0027611514	2.880652e-20	-1
0	-0.16097185	0.9868759	0.0027485816	0	0.001256637	0	-0.16097185	0.9868759	0.0027485816	2.9054238e-20	-1
0	-0.16097185	0.9868759	0.0027485816	0	0.0010053096	0	-0.16097185	0.9868759	0.0027485816	2.9153292e-20	-1
0	-0.16564676	0.9861014	0.002735022	0	0.0006283185	0	-0.16564676	0.9861014	0.002735022	2.9301775e-20	-1
0	-0.16564676	0.9861014	0.002735022	0	0.0002513274	0	-0.16564676	0.9861014	0.002735022	2.9450237e-20	-1
0	-0.1695753	0.9854329	0.0027234182	0	0.0001256637	0	-0.1695753	0.9854329	0.0027234182	2.949966e-20	-1
0	-0.1695753	0.9854329	0.0027234182	0	6.283185e-05	0	-0.1695753	0.9854329	0.0027234182	2.9524386e-20	-1
0	-0.1695753	0.9854329	0.0027234182	0	2.5132742e-05	0	-0.1695753	0.9854329	0.0027234182	2.9539224e-20	-1
0	-0.1695753	0.9854329	0.0027234182	0	1.2566371e-05	0	-0.1695753	0.9854329	0.0027234182	2.9544168e-20	-1
0	-0.1695753	0.9854329	0.0027234182	0	6.2831855e-06	0	-0.1695753	0.9854329	0.0027234182	2.9546643e-20	-1
0	-0.1695753	0.9854329	0.0027234182	0	2.513274e-06	0	-0.1695753	0.9854329	0.0027234182	2.9548126e-20	-1
0	-0.1695753	0.9854329	0.0027234182	0	1.256637e-06	0	-0.1695753	0.9854329	0.0027234182	2.954862e-20	-1
0	-0.1695753	0.9854329	0.0027234182	0	6.283185e-07	0	-0.1695753	0.9854329	0.0027234182	2.9548866e-20	-1
0	-0.1695753	0.9854329	0.0027234182	0	2.513274e-07	0	-0.1695753	0.9854329	0.0027234182	2.9549014e-20	-1
0	-0.1695753	0.9854329	0.0027234182	0	1.256637e-07	0	-0.1695753	0.9854329	0.0027234182	2.9549066e-20	-1
0	-0.1695753	0.9854329	0.0027234182	0	0	0	-0.1695753	0.9854329	0.0027234182	2.9549115e-20	-1
0	-0.1695753	0.9854329	0.0027234182	0	-1.256637e-07	0	-0.1695753	0.9854329	0.0027234182	2.9549163e-20	-1
0	-0.1695753	0.9854329	0.0027234182	0	-2.513274e-07	0	-0.1695753	0.9854329	0.0027234182	2.9549215e-20	-1
0	-0.1695753	0.9854329	0.0027234182	0	-6.283185e-07	0	-0.1695753	0.9854329	0.0027234182	2.954936e-20	-1
0	-0.1695753	0.9854329	0.0027234182	0	-1.256637e-06	0	-0.1695753	0.9854329	0.0027234182	2.954961e-20	-1
0	-0.1695753	0.9854329	0.0027234182	0	-2.513274e-06	0	-0.1695753	0.9854329	0.0027234182	2.9550103e-20	-1
0	-0.1695753	0.9854329	0.0027234182	0	-6.2831855e-06	0	-0.1695753	0.9854329	0.0027234182	2.9551586e-20	-1
0	-0.1695753	0.9854329	0.0027234182	0	-1.2566371e-05	0	-0.1695753	0.9854329	0.0027234182	2.9554058e-20	-1
0	-0.1695753	0.9854329	0.0027234182	0	-2.5132742e-05	0	-0.1695753	0.9854329	0.0027234182	2.9559005e-20	-1
0	-0.1695753	0.9854329	0.0027234182	0	-6.283185e-05	0	-0.1695753	0.9854329	0.0027234182	2.9573843e-20	-1
0	-0.1695753	0.9854329	0.0027234182	0	-0.0001256637	0	-0.1695753	0.9854329	0.0027234182	2.9598568e-20	-1
0	-0.1695753	0.9854329	0.0027234182	0	-0.0002513274	0	-0.1695753	0.9854329	0.0027234182	2.964802e-20	-1
0	-0.17583655	0.98433423	0.0027045384	0	-0.0006283185	0	-0.17583655	0.98433423	0.0027045384	2.9796222e-20	-1
0	-0.17583655	0.98433423	0.0027045384	0	-0.0010053096	0	-0.17583655	0.98433423	0.0027045384	2.994442e-20	-1
0	-0.18140435	0.9833226	0.0026873683	0	-0.001256637	0	-0.18140435	0.9833226	0.0026873683	3.0043087e-20	-1
0	-0.18735749	0.9822049	0.0026686238	0	-0.0018849556	0	-0.18735749	0.9822049	0.0026686238	3.028969e-20	-1
0	-0.19371176	0.9809706	0.0026481932	0	-0.002513274	0	-0.19371176	0.9809706	0.0026481932	3.0535996e-20	-1
0	-0.2078833	0.97806346	0.0026011295	0	-0.0037699111	0	-0.2078833	0.97806346	0.0026011295	3.1027596e-20	-1
0	-0.24455196	0.9695394	0.0024707073	0	-0.0062831854	0	-0.24455196	0.9695394	0.0024707073	3.200539e-20	-1
0	-0.3341686	0.9423965	0.0021117511	0	-0.009424778	0	-0.3341686	0.9423965	0.0021117511	3.3208807e-20	-1
0	0.10600911	-0.99428844	-0.0028839621	0	-0.012566371	0	0.10600911	-0.99428844	-0.0028839621	2.457677e-20	-1
0	0.08866031	-0.99598694	-0.0029146401	0	-0.018849555	0	0.08866031	-0.99598694	-0.0029146401	2.2079531e-20	-1
0	0.07602928	-0.9970317	-0.0029314612	0	-0.025132742	0	0.07602928	-0.9970317	-0.0029314612	1.9578939e-20	-1
0	0.058970384	-0.99818754	-0.0029432857	0	-0.03769911	0	0.058970384	-0.99818754	-0.0029432857	1.4572068e-20	-1
0	0.048050873	-0.99877393	-0.002940395	0	-0.050265484	0	0.048050873	-0.99877393	-0.002940395	9.561037e-21	-1
0	0.040493138	-0.99910986	-0.0029303334	0	-0.06283186	0	0.040493138	-0.99910986	-0.0029303334	4.547769e-21	-1
0	0.040493138	-0.99910986	-0.0029303334	0	-0.06283186	0	0.040493138	-0.99910986	-0.0029303334	4.547769e-21	1
0	0.048041858	-0.9987744	-0.0029404121	0	-0.050265484	0	0.048041858	-0.9987744	-0.0029404121	9.561039e-21	1
0	0.05896526	-0.9981879	-0.0029432946	0	-0.03769911	0	0.05896526	-0.9981879	-0.0029432946	1.4572068e-20	1
0	0.07602228	-0.9970323	-0.0029314773	0	-0.025132742	0	0.07602228	-0.9970323	-0.0029314773	1.9578939e-20	1
0	0.08864945	-0.9959879	-0.0029146667	0	-0.018849555	0	0.08864945	-0.9959879	-0.0029146667	2.2079531e-20	1
0	0.1059857	-0.99429095	-0.0028840234	0	-0.012566371	0	0.1059857	-0.99429095	-0.0028840234	2.457677e-20	1
0	0.117291465	-0.9930197	-0.0028603612	0	-0.009424778	0	0.117291465	-0.9930197	-0.0028603612	2.5823475e-20	1
0	0.13110752	-0.9912887	-0.0028282101	0	-0.0062831854	0	0.13110752	-0.9912887	-0.0028282101	2.7068314e-20	1
0	0.14457788	-0.9894124	-0.0027938809	0	-0.0037699111	0	0.14457788	-0.9894124	-0.0027938809	2.806237e-20	1
0	0.15234128	-0.98824596	-0.0027728858	0	-0.002513274	0	0.15234128	-0.98824596	-0.0027728858	2.8558624e-20	1
0	0.1565573	-0.9875864	-0.0027611316	0	-0.0018849556	0	0.1565573	-0.9875864	-0.0027611316	2.8806516e-20	1
0	0.16096735	-0.98687667	-0.0027485988	0	-0.001256637	0	0.16096735	-0.98687667	-0.0027485988	2.905424e-20	1
0	0.16096735	-0.98687667	-0.0027485988	0	-0.0010053096	0	0.16096735	-0.98687667	-0.0027485988	2.9153292e-20	1
0	0.16563648	-0.9861032	-0.0027350555	0	-0.0006283185	0	0.16563648	-0.9861032	-0.0027350555	2.9301778e-20	1
0	0.16563648	-0.9861032	-0.0027350555	0	-0.0002513274	0	0.16563648	-0.9861032	-0.0027350555	2.945024e-20	1
0	0.16959009	-0.9854304	-0.0027233642	0	-0.0001256637	0	0.16959009	-0.9854304	-0.0027233642	2.949966e-20	1
0	0.16959009	-0.9854304	-0.0027233642	0	-6.283185e-05	0	0.16959009	-0.9854304	-0.0027233642	2.9524386e-20	1
0	0.16959009	-0.9854304	-0.0027233642	0	-2.5132742e-05	0	0.16959009	-0.9854304	-0.0027233642	2.9539224e-20	1
0	0.16959009	-0.9854304	-0.0027233642	0	-1.2566371e-05	0	0.16959009	-0.9854304	-0.0027233642	2.954417e-20	1
0	0.16959009	-0.9854304	-0.0027233642	0	-6.2831855e-06	0	0.16959009	-0.9854304	-0.0027233642	2.9546643e-20	1
0	0.16959009	-0.9854304	-0.0027233642	0	-2.513274e-06	0	0.16959009	-0.9854304	-0.0027233642	2.9548126e-20	1
0	0.16959009	-0.9854304	-0.0027233642	0	-1.256637e-06	0	0.16959009	-0.9854304	-0.0027233642	2.954862e-20	1
0	0.16959009	-0.9854304	-0.0027233642	0	-6.283185e-07	0	0.16959009	-0.9854304	-0.0027233642	2.954887e-20	1
0	0.16959009	-0.9854304	-0.0027233642	0	-2.513274e-07	0	0.16959009	-0.9854304	-0.0027233642	2.9549014e-20	1
0	0.16959009	-0.9854304	-0.0027233642	0	-1.256637e-07	0	0.16959009	-0.9854304	-0.0027233642	2.9549066e-20	1
0	0.16959009	-0.9854304	-0.0027233642	0	0	0	0.16959009	-0.9854304	-0.0027233642	2.9549115e-20	1
0	0.16959009	-0.9854304	-0.0027233642	0	1.256637e-07	0	0.16959009	-0.9854304	-0.0027233642	2.9549163e-20	1
0	0.16959009	-0.9854304	-0.0027233642	0	2.513274e-07	0	0.16959009	-0.9854304	-0.0027233642	2.9549215e-20	1
0	0.16959009	-0.9854304	-0.0027233642	0	6.283185e-07	0	0.16959009	-0.9854304	-0.0027233642	2.9549363e-20	1
0	0.16959009	-0.9854304	-0.0027233642	0	1.256637e-06	0	0.16959009	-0.9854304	-0.0027233642	2.954961e-20	1
0	0.16959009	-0.9854304	-0.0027233642	0	2.513274e-06	0	0.16959009	-0.9854304	-0.0027233642	2.9550103e-20	1
0	0.16959009	-0.9854304	-0.0027233642	0	6.2831855e-06	0	0.16959009	-0.9854304	-0.0027233642	2.9551586e-20	1
0	0.16959009	-0.9854304	-0.0027233642	0	1.2566371e-05	0	0.16959009	-0.9854304	-0.0027233642	2.955406e-20	1
0	0.16959009	-0.9854304	-0.0027233642	0	2.5132742e-05	0	0.16959009	-0.9854304	-0.0027233642	2.9559005e-20	1
0	0.16959009	-0.9854304	-0.0027233642	0	6.283185e-05	0	0.16959009	-0.9854304	-0.0027233642	2.9573843e-20	1
0	0.16959009	-0.9854304	-0.0027233642	0	0.0001256637	0	0.16959009	-0.9854304	-0.0027233642	2.9598568e-20	1
0	0.16959009	-0.9854304	-0.0027233642	0	0.0002513274	0	0.16959009	-0.9854304	-0.0027233642	2.9648024e-20	1
0	0.17584735	-0.98433226	-0.0027045035	0	0.0006283185	0	0.17584735	-0.98433226	-0.0027045035	2.9796222e-20	1
0	0.17584735	-0.98433226	-0.0027045035	0	0.0010053096	0	0.17584735	-0.98433226	-0.0027045035	2.9944416e-20	1
0	0.181441	-0.9833158	-0.0026872454	0	0.001256637	0	0.181441	-0.9833158	-0.0026872454	3.004309e-20	1
0	0.18736103	-0.98220426	-0.002668612	0	0.0018849556	0	0.18736103	-0.98220426	-0.002668612	3.028969e-20	1
0	0.19371668	-0.9809696	-0.002648177	0	0.002513274	0	0.19371668	-0.9809696	-0.002648177	3.0535996e-20	1
0	0.20786262	-0.9780679	-0.0026012035	0	0.0037699111	0	0.20786262	-0.9780679	-0.0026012035	3.1027596e-20	1
0	0.24461722	-0.96952295	-0.0024704568	0	0.0062831854	0	0.24461722	-0.96952295	-0.0024704568	3.200539e-20	1
0	0.33406588	-0.942433	-0.0021121905	0	0.009424778	0	0.33406588	-0.942433	-0.0021121905	3.3208807e-20	1
0	-0.10598666	0.9942908	0.002884021	0	0.012566371	0	-0.10598666	0.9942908	0.002884021	2.457677e-20	1
0	-0.088663116	0.9959867	0.0029146331	0	0.018849555	0	-0.088663116	0.9959867	0.0029146331	2.2079533e-20	1
0	-0.0760313	0.99703157	0.0029314624	0	0.025132742	0	-0.0760313	0.99703157	0.0029314624	1.9578939e-20	1
0	-0.058968827	0.99818766	0.002943289	0	0.03769911	0	-0.058968827	0.99818766	0.002943289	1.4572071e-20	1
0	-0.048049524	0.99877405	0.0029403972	0	0.050265484	0	-0.048049524	0.99877405	0.0029403972	9.5610414e-21	1
0	-0.040493175	0.9991099	0.0029303296	0	0.06283186	0	-0.040493175	0.9991099	0.0029303296	4.547765e-21	1
