# t (s)	mx ()	my ()	mz ()	B_extx (T)	B_exty (T)	B_extz (T)	mx ()	my ()	mz ()	E_total (J)	branch ()
0	0.9917363	0.12769991	0.0033973134	0.06283186	0	0	0.9917363	0.12769991	0.0033973134	2.9224479e-21	-1
0	0.9890198	0.14724824	0.0034997328	0.050265484	0	0	0.9890198	0.14724824	0.0034997328	7.893124e-21	-1
0	0.98483807	0.17299752	0.0036168396	0.03769911	0	0	0.98483807	0.17299752	0.0036168396	1.2846825e-20	-1
0	0.9780346	0.20801646	0.0037466327	0.025132742	0	0	0.9780346	0.20801646	0.0037466327	1.7773638e-20	-1
0	0.97298616	0.23046169	0.003812699	0.018849555	0	0	0.97298616	0.23046169	0.003812699	2.0221744e-20	-1
0	0.9661851	0.2574706	0.003874557	0.012566371	0	0	0.9661851	0.2574706	0.003874557	2.2655113e-20	-1
0	0.96188164	0.27309778	0.0039014837	0.009424778	0	0	0.96188164	0.27309778	0.0039014837	2.3864692e-20	-1
0	0.9567748	0.2904721	0.003923684	0.0062831854	0	0	0.9567748	0.2904721	0.003923684	2.5068384e-20	-1
0	0.9519813	0.30580604	0.0039364323	0.0037699111	0	0	0.9519813	0.30580604	0.0039364323	2.6026354e-20	-1
0	0.9492997	0.3140266	0.003940587	0.002513274	0	0	0.9492997	0.3140266	0.003940587	2.650344e-20	-1
0	0.94787467	0.3182993	0.0039419974	0.0018849556	0	0	0.94787467	0.3182993	0.0039419974	2.6741465e-20	-1
0	0.94639707	0.32266343	0.0039429152	0.001256637	0	0	0.94639707	0.32266343	0.0039429152	2.6979126e-20	-1
0	0.94639707	0.32266343	0.0039429152	0.0010053096	0	0	0.94639707	0.32266343	0.0039429152	2.7074116e-20	-1
0	0.94485414	0.32715112	0.003943296	0.0006283185	0	0	0.94485414	0.32715112	0.003943296	2.7216407e-20	-1
0	0.94389975	0.32989293	0.0039432496	0.0002513274	0	0	0.94389975	0.32989293	0.0039432496	2.7358592e-20	-1
0	0.94389975	0.32989293	0.0039432496	0.0001256637	0	0	0.94389975	0.32989293	0.0039432496	2.740596e-20	-1
0	0.94389975	0.32989293	0.0039432496	6.283185e-05	0	0	0.94389975	0.32989293	0.0039432496	2.7429645e-20	-1
0	0.94389975	0.32989293	0.0039432496	2.5132742e-05	0	0	0.94389975	0.32989293	0.0039432496	2.7443856e-20	-1
0	0.94389975	0.32989293	0.0039432496	1.2566371e-05	0	0	0.94389975	0.32989293	0.0039432496	2.7448593e-20	-1
0	0.94389975	0.32989293	0.0039432496	6.2831855e-06	0	0	0.94389975	0.32989293	0.0039432496	2.745096e-20	-1
0	0.94389975	0.32989293	0.0039432496	2.513274e-06	0	0	0.94389975	0.32989293	0.0039432496	2.7452383e-20	-1
0	0.94389975	0.32989293	0.0039432496	1.256637e-06	0	0	0.94389975	0.32989293	0.0039432496	2.7452858e-20	-1
0	0.94389975	0.32989293	0.0039432496	6.283185e-07	0	0	0.94389975	0.32989293	0.0039432496	2.7453094e-20	-1
0	0.94389975	0.32989293	0.0039432496	2.513274e-07	0	0	0.94389975	0.32989293	0.0039432496	2.7453236e-20	-1
0	0.94389975	0.32989293	0.0039432496	1.256637e-07	0	0	0.94389975	0.32989293	0.0039432496	2.7453284e-20	-1
0	0.94389975	0.32989293	0.0039432496	0	0	0	0.94389975	0.32989293	0.0039432496	2.745333e-20	-1
0	0.94389975	0.32989293	0.0039432496	-1.256637e-07	0	0	0.94389975	0.32989293	0.0039432496	2.7453378e-20	-1
0	0.94389975	0.32989293	0.0039432496	-2.513274e-07	0	0	0.94389975	0.32989293	0.0039432496	2.7453427e-20	-1
0	0.94389975	0.32989293	0.0039432496	-6.283185e-07	0	0	0.94389975	0.32989293	0.0039432496	2.745357e-20	-1
0	0.94389975	0.32989293	0.0039432496	-1.256637e-06	0	0	0.94389975	0.32989293	0.0039432496	2.7453805e-20	-1
0	0.94389975	0.32989293	0.0039432496	-2.513274e-06	0	0	0.94389975	0.32989293	0.0039432496	2.7454276e-20	-1
0	0.94389975	0.32989293	0.0039432496	-6.2831855e-06	0	0	0.94389975	0.32989293	0.0039432496	2.7455698e-20	-1
0	0.94389975	0.32989293	0.0039432496	-1.2566371e-05	0	0	0.94389975	0.32989293	0.0039432496	2.7458067e-20	-1
0	0.94389975	0.32989293	0.0039432496	-2.5132742e-05	0	0	0.94389975	0.32989293	0.0039432496	2.7462803e-20	-1
0	0.9430841	0.33221614	0.003943042	-6.283185e-05	0	0	0.9430841	0.33221614	0.003943042	2.7476962e-20	-1
0	0.9430841	0.33221614	0.003943042	-0.0001256637	0	0	0.9430841	0.33221614	0.003943042	2.7500628e-20	-1
0	0.9430841	0.33221614	0.003943042	-0.0002513274	0	0	0.9430841	0.33221614	0.003943042	2.7547955e-20	-1
0	0.9415709	0.3364784	0.0039422493	-0.0006283185	0	0	0.9415709	0.3364784	0.0039422493	2.768977e-20	-1
0	0.9405371	0.33935583	0.0039414465	-0.0010053096	0	0	0.9405371	0.33935583	0.0039414465	2.7831448e-20	-1
0	0.9405371	0.33935583	0.0039414465	-0.001256637	0	0	0.9405371	0.33935583	0.0039414465	2.792585e-20	-1
0	0.9379989	0.3463055	0.003938487	-0.0018849556	0	0	0.9379989	0.3463055	0.003938487	2.8161416e-20	-1
0	0.936079	0.35145885	0.0039353855	-0.002513274	0	0	0.936079	0.35145885	0.0039353855	2.8396542e-20	-1
0	0.93198097	0.36217993	0.00392648	-0.0037699111	0	0	0.93198097	0.36217993	0.00392648	2.8865308e-20	-1
0	0.92248523	0.38571256	0.0038950844	-0.0062831854	0	0	0.92248523	0.38571256	0.0038950844	2.979613e-20	-1
0	0.90719855	0.42039233	0.0038184356	-0.009424778	0	0	0.90719855	0.42039233	0.0038184356	3.0944394e-20	-1
0	0.8855858	0.46417573	0.0036683432	-0.012566371	0	0	0.8855858	0.46417573	0.0036683432	3.206992e-20	-1
0	-0.9729863	-0.23046115	-0.0038127084	-0.018849555	0	0	-0.9729863	-0.23046115	-0.0038127084	2.022174e-20	-1
0	-0.97803855	-0.20799783	-0.003746583	-0.025132742	0	0	-0.97803855	-0.20799783	-0.003746583	1.7773638e-20	-1
0	-0.9848368	-0.17300457	-0.0036168685	-0.03769911	0	0	-0.9848368	-0.17300457	-0.0036168685	1.2846827e-20	-1
0	-0.9890189	-0.14725418	-0.0034997473	-0.050265484	0	0	-0.9890189	-0.14725418	-0.0034997473	7.893125e-21	-1
0	-0.9917356	-0.12770554	-0.0033973395	-0.06283186	0	0	-0.9917356	-0.12770554	-0.0033973395	2.9224455e-21	-1
0	-0.9917356	-0.12770554	-0.0033973395	-0.06283186	0	0	-0.9917356	-0.12770554	-0.0033973395	2.9224455e-21	1
0	-0.9890197	-0.1472486	-0.003499725	-0.050265484	0	0	-0.9890197	-0.1472486	-0.003499725	7.893127e-21	1
0	-0.9848379	-0.17299846	-0.0036168466	-0.03769911	0	0	-0.9848379	-0.17299846	-0.0036168466	1.28468266e-20	1
0	-0.97803736	-0.20800331	-0.0037466001	-0.025132742	0	0	-0.97803736	-0.20800331	-0.0037466001	1.777364e-20	1
0	-0.97298586	-0.23046294	-0.003812702	-0.018849555	0	0	-0.97298586	-0.23046294	-0.003812702	2.0221744e-20	1
0	-0.9661859	-0.25746727	-0.003874552	-0.012566371	0	0	-0.9661859	-0.25746727	-0.003874552	2.2655115e-20	1
0	-0.96187896	-0.27310735	-0.0039014951	-0.009424778	0	0	-0.96187896	-0.27310735	-0.0039014951	2.3864692e-20	1
0	-0.9567791	-0.29045776	-0.0039236746	-0.0062831854	0	0	-0.9567791	-0.29045776	-0.0039236746	2.5068382e-20	1
0	-0.95198214	-0.30580354	-0.0039364304	-0.0037699111	0	0	-0.95198214	-0.30580354	-0.0039364304	2.6026354e-20	1
0	-0.94929683	-0.31403518	-0.003940587	-0.002513274	0	0	-0.94929683	-0.31403518	-0.003940587	2.6503439e-20	1
0	-0.94787073	-0.31831098	-0.003941997	-0.0018849556	0	0	-0.94787073	-0.31831098	-0.003941997	2.6741466e-20	1
0	-0.9463944	-0.32267135	-0.003942914	-0.001256637	0	0	-0.9463944	-0.32267135	-0.003942914	2.6979126e-20	1
0	-0.9463944	-0.32267135	-0.003942914	-0.0010053096	0	0	-0.9463944	-0.32267135	-0.003942914	2.7074116e-20	1
0	-0.94485354	-0.32715297	-0.0039432948	-0.0006283185	0	0	-0.94485354	-0.32715297	-0.0039432948	2.7216407e-20	1
0	-0.94389915	-0.3298946	-0.0039432487	-0.0002513274	0	0	-0.94389915	-0.3298946	-0.0039432487	2.735859e-20	1
0	-0.94389915	-0.3298946	-0.0039432487	-0.0001256637	0	0	-0.94389915	-0.3298946	-0.0039432487	2.7405957e-20	1
0	-0.94389915	-0.3298946	-0.0039432487	-6.283185e-05	0	0	-0.94389915	-0.3298946	-0.0039432487	2.7429642e-20	1
0	-0.94389915	-0.3298946	-0.0039432487	-2.5132742e-05	0	0	-0.94389915	-0.3298946	-0.0039432487	2.7443853e-20	1
0	-0.94389915	-0.3298946	-0.0039432487	-1.2566371e-05	0	0	-0.94389915	-0.3298946	-0.0039432487	2.744859e-20	1
0	-0.94389915	-0.3298946	-0.0039432487	-6.2831855e-06	0	0	-0.94389915	-0.3298946	-0.0039432487	2.7450958e-20	1
0	-0.94389915	-0.3298946	-0.0039432487	-2.513274e-06	0	0	-0.94389915	-0.3298946	-0.0039432487	2.745238e-20	1
0	-0.94389915	-0.3298946	-0.0039432487	-1.256637e-06	0	0	-0.94389915	-0.3298946	-0.0039432487	2.7452855e-20	1
0	-0.94389915	-0.3298946	-0.0039432487	-6.283185e-07	0	0	-0.94389915	-0.3298946	-0.0039432487	2.745309e-20	1
0	-0.94389915	-0.3298946	-0.0039432487	-2.513274e-07	0	0	-0.94389915	-0.3298946	-0.0039432487	2.7453233e-20	1
0	-0.94389915	-0.3298946	-0.0039432487	-1.256637e-07	0	0	-0.94389915	-0.3298946	-0.0039432487	2.745328e-20	1
0	-0.94389915	-0.3298946	-0.0039432487	0	0	0	-0.94389915	-0.3298946	-0.0039432487	2.7453326e-20	1
0	-0.94389915	-0.3298946	-0.0039432487	1.256637e-07	0	0	-0.94389915	-0.3298946	-0.0039432487	2.7453375e-20	1
0	-0.94389915	-0.3298946	-0.0039432487	2.513274e-07	0	0	-0.94389915	-0.3298946	-0.0039432487	2.7453423e-20	1
0	-0.94389915	-0.3298946	-0.0039432487	6.283185e-07	0	0	-0.94389915	-0.3298946	-0.0039432487	2.7453566e-20	1
0	-0.94389915	-0.3298946	-0.0039432487	1.256637e-06	0	0	-0.94389915	-0.3298946	-0.0039432487	2.74538e-20	1
0	-0.94389915	-0.3298946	-0.0039432487	2.513274e-06	0	0	-0.94389915	-0.3298946	-0.0039432487	2.7454276e-20	1
0	-0.94389915	-0.3298946	-0.0039432487	6.2831855e-06	0	0	-0.94389915	-0.3298946	-0.0039432487	2.7455695e-20	1
0	-0.94389915	-0.3298946	-0.0039432487	1.2566371e-05	0	0	-0.94389915	-0.3298946	-0.0039432487	2.7458063e-20	1
0	-0.94389915	-0.3298946	-0.0039432487	2.5132742e-05	0	0	-0.94389915	-0.3298946	-0.0039432487	2.74628e-20	1
0	-0.9430816	-0.33222324	-0.0039430396	6.283185e-05	0	0	-0.9430816	-0.33222324	-0.0039430396	2.7476962e-20	1
0	-0.9430816	-0.33222324	-0.0039430396	0.0001256637	0	0	-0.9430816	-0.33222324	-0.0039430396	2.7500628e-20	1
0	-0.9430816	-0.33222324	-0.0039430396	0.0002513274	0	0	-0.9430816	-0.33222324	-0.0039430396	2.7547958e-20	1
0	-0.94157314	-0.33647215	-0.0039422642	0.0006283185	0	0	-0.94157314	-0.33647215	-0.0039422642	2.768977e-20	1
0	-0.9405337	-0.339365	-0.003941441	0.0010053096	0	0	-0.9405337	-0.339365	-0.003941441	2.783145e-20	1
0	-0.9405337	-0.339365	-0.003941441	0.001256637	0	0	-0.9405337	-0.339365	-0.003941441	2.792585e-20	1
0	-0.9379904	-0.34632838	-0.0039384672	0.0018849556	0	0	-0.9379904	-0.34632838	-0.0039384672	2.8161416e-20	1
0	-0.9360851	-0.3514427	-0.0039354023	0.002513274	0	0	-0.9360851	-0.3514427	-0.0039354023	2.8396545e-20	1
0	-0.93199265	-0.36214992	-0.0039265184	0.0037699111	0	0	-0.93199265	-0.36214992	-0.0039265184	2.88653e-20	1
0	-0.9224709	-0.38574672	-0.0038950173	0.0062831854	0	0	-0.9224709	-0.38574672	-0.0038950173	2.9796135e-20	1
0	-0.9072008	-0.42038733	-0.0038184503	0.009424778	0	0	-0.9072008	-0.42038733	-0.0038184503	3.094439e-20	1
0	-0.8855966	-0.4641552	-0.003668433	0.012566371	0	0	-0.8855966	-0.4641552	-0.003668433	3.2069918e-20	1
0	0.9729841	0.23047066	0.0038127187	0.018849555	0	0	0.9729841	0.23047066	0.0038127187	2.0221744e-20	1
0	0.97803736	0.20800337	0.003746598	0.025132742	0	0	0.97803736	0.20800337	0.003746598	1.7773636e-20	1
0	0.98483706	0.17300293	0.00361686	0.03769911	0	0	0.98483706	0.17300293	0.00361686	1.2846825e-20	1
0	0.98901933	0.14725113	0.0034997337	0.050265484	0	0	0.98901933	0.14725113	0.0034997337	7.893125e-21	1
0	0.9917357	0.12770462	0.0033973367	0.06283186	0	0	0.9917357	0.12770462	0.0033973367	2.9224483e-21	1
