# t (s)	mx ()	my ()	mz ()	B_extx (T)	B_exty (T)	B_extz (T)	mx ()	my ()	mz ()	E_total (J)	branch ()
0	-0.00897325	0.99989414	-0.0011420266	0	0.06283186	0	-0.00897325	0.99989414	-0.0011420266	4.5501065e-21	-1
0	-0.010648782	0.999877	-0.001137881	0	0.050265484	0	-0.010648782	0.999877	-0.001137881	9.5680426e-21	-1
0	-0.013098121	0.99984705	-0.0011273848	0	0.03769911	0	-0.013098121	0.99984705	-0.0011273848	1.4585862e-20	-1
0	-0.017001318	0.9997875	-0.001104784	0	0.025132742	0	-0.017001318	0.9997875	-0.001104784	1.9603471e-20	-1
0	-0.019973213	0.99973214	-0.0010849077	0	0.018849555	0	-0.019973213	0.99973214	-0.0010849077	2.2112124e-20	-1
0	-0.024211042	0.9996381	-0.0010543191	0	0.012566371	0	-0.024211042	0.9996381	-0.0010543191	2.46206e-20	-1
0	-0.027075578	0.99956435	-0.0010326873	0	0.009424778	0	-0.027075578	0.99956435	-0.0010326873	2.5874728e-20	-1
0	-0.03070936	0.999459	-0.0010044934	0	0.0062831854	0	-0.03070936	0.999459	-0.0010044934	2.712875e-20	-1
0	-0.034390844	0.9993389	-0.0009753107	0	0.0037699111	0	-0.034390844	0.9993389	-0.0009753107	2.813185e-20	-1
0	-0.036594227	0.99926054	-0.0009576125	0	0.002513274	0	-0.036594227	0.99926054	-0.0009576125	2.8633348e-20	-1
0	-0.037792347	0.99921584	-0.0009479334	0	0.0018849556	0	-0.037792347	0.99921584	-0.0009479334	2.888408e-20	-1
0	-0.039071135	0.9991666	-0.00093755935	0	0.001256637	0	-0.039071135	0.9991666	-0.00093755935	2.91348e-20	-1
0	-0.039629634	0.99914455	-0.0009330092	0	0.0010053096	0	-0.039629634	0.99914455	-0.0009330092	2.923509e-20	-1
0	-0.04045905	0.9991113	-0.0009262497	0	0.0006283185	0	-0.04045905	0.9991113	-0.0009262497	2.9385507e-20	-1
0	-0.041345276	0.99907494	-0.0009190049	0	0.0002513274	0	-0.041345276	0.99907494	-0.0009190049	2.953593e-20	-1
0	-0.041345276	0.99907494	-0.0009190049	0	0.0001256637	0	-0.041345276	0.99907494	-0.0009190049	2.9586073e-20	-1
0	-0.041345276	0.99907494	-0.0009190049	0	6.283185e-05	0	-0.041345276	0.99907494	-0.0009190049	2.961114e-20	-1
0	-0.041345276	0.99907494	-0.0009190049	0	2.5132742e-05	0	-0.041345276	0.99907494	-0.0009190049	2.962618e-20	-1
0	-0.041345276	0.99907494	-0.0009190049	0	1.2566371e-05	0	-0.041345276	0.99907494	-0.0009190049	2.9631196e-20	-1
0	-0.041345276	0.99907494	-0.0009190049	0	6.2831855e-06	0	-0.041345276	0.99907494	-0.0009190049	2.9633703e-20	-1
0	-0.041345276	0.99907494	-0.0009190049	0	2.513274e-06	0	-0.041345276	0.99907494	-0.0009190049	2.9635206e-20	-1
0	-0.041345276	0.99907494	-0.0009190049	0	1.256637e-06	0	-0.041345276	0.99907494	-0.0009190049	2.963571e-20	-1
0	-0.041345276	0.99907494	-0.0009190049	0	6.283185e-07	0	-0.041345276	0.99907494	-0.0009190049	2.963596e-20	-1
0	-0.041345276	0.99907494	-0.0009190049	0	2.513274e-07	0	-0.041345276	0.99907494	-0.0009190049	2.963611e-20	-1
0	-0.041345276	0.99907494	-0.0009190049	0	1.256637e-07	0	-0.041345276	0.99907494	-0.0009190049	2.963616e-20	-1
0	-0.041345276	0.99907494	-0.0009190049	0	0	0	-0.041345276	0.99907494	-0.0009190049	2.963621e-20	-1
0	-0.041345276	0.99907494	-0.0009190049	0	-1.256637e-07	0	-0.041345276	0.99907494	-0.0009190049	2.963626e-20	-1
0	-0.041345276	0.99907494	-0.0009190049	0	-2.513274e-07	0	-0.041345276	0.99907494	-0.0009190049	2.963631e-20	-1
0	-0.041345276	0.99907494	-0.0009190049	0	-6.283185e-07	0	-0.041345276	0.99907494	-0.0009190049	2.963646e-20	-1
0	-0.041345276	0.99907494	-0.0009190049	0	-1.256637e-06	0	-0.041345276	0.99907494	-0.0009190049	2.9636712e-20	-1
0	-0.041345276	0.99907494	-0.0009190049	0	-2.513274e-06	0	-0.041345276	0.99907494	-0.0009190049	2.9637212e-20	-1
0	-0.041345276	0.99907494	-0.0009190049	0	-6.2831855e-06	0	-0.041345276	0.99907494	-0.0009190049	2.9638718e-20	-1
0	-0.041345276	0.99907494	-0.0009190049	0	-1.2566371e-05	0	-0.041345276	0.99907494	-0.0009190049	2.9641222e-20	-1
0	-0.041345276	0.99907494	-0.0009190049	0	-2.5132742e-05	0	-0.041345276	0.99907494	-0.0009190049	2.9646237e-20	-1
0	-0.042084053	0.99904406	-0.0009129618	0	-6.283185e-05	0	-0.042084053	0.99904406	-0.0009129618	2.9661275e-20	-1
0	-0.04221546	0.9990386	-0.0009118926	0	-0.0001256637	0	-0.04221546	0.9990386	-0.0009118926	2.9686346e-20	-1
0	-0.04256755	0.99902356	-0.0009089912	0	-0.0002513274	0	-0.04256755	0.99902356	-0.0009089912	2.9736477e-20	-1
0	-0.043519363	0.99898255	-0.0009012073	0	-0.0006283185	0	-0.043519363	0.99898255	-0.0009012073	2.9886885e-20	-1
0	-0.04453702	0.9989376	-0.00089279993	0	-0.0010053096	0	-0.04453702	0.9989376	-0.00089279993	3.003728e-20	-1
0	-0.045246035	0.99890566	-0.00088694936	0	-0.001256637	0	-0.045246035	0.99890566	-0.00088694936	3.0137544e-20	-1
0	-0.047104947	0.9988197	-0.00087157765	0	-0.0018849556	0	-0.047104947	0.9988197	-0.00087157765	3.0388183e-20	-1
0	-0.049123064	0.9987223	-0.00085483375	0	-0.002513274	0	-0.049123064	0.9987223	-0.00085483375	3.0638802e-20	-1
0	-0.05371223	0.9984858	-0.0008165628	0	-0.0037699111	0	-0.05371223	0.9984858	-0.0008165628	3.1139954e-20	-1
0	-0.066051036	0.9977449	-0.00071267213	0	-0.0062831854	0	-0.066051036	0.9977449	-0.00071267213	3.21418e-20	-1
0	-0.09357357	0.99553907	-0.0004781755	0	-0.009424778	0	-0.09357357	0.99553907	-0.0004781755	3.3392457e-20	-1
0	0.024207026	-0.99963814	0.0010543521	0	-0.012566371	0	0.024207026	-0.99963814	0.0010543521	2.4620603e-20	-1
0	0.019986294	-0.9997319	0.001084794	0	-0.018849555	0	0.019986294	-0.9997319	0.001084794	2.2112128e-20	-1
0	0.01701177	-0.99978733	0.0011046957	0	-0.025132742	0	0.01701177	-0.99978733	0.0011046957	1.9603471e-20	-1
0	0.013097779	-0.99984705	0.0011273867	0	-0.03769911	0	0.013097779	-0.99984705	0.0011273867	1.4585863e-20	-1
0	0.010652522	-0.9998769	0.001137849	0	-0.050265484	0	0.010652522	-0.9998769	0.001137849	9.568044e-21	-1
0	0.008977305	-0.99989414	0.0011419927	0	-0.06283186	0	0.008977305	-0.99989414	0.0011419927	4.5501057e-21	-1
0	0.008975051	-0.99989414	0.0011420117	0	-0.06283186	0	0.008975051	-0.99989414	0.0011420117	4.550104e-21	1
0	0.010651464	-0.9998769	0.0011378585	0	-0.050265484	0	0.010651464	-0.9998769	0.0011378585	9.568044e-21	1
0	0.013097428	-0.99984705	0.0011273912	0	-0.03769911	0	0.013097428	-0.99984705	0.0011273912	1.4585862e-20	1
0	0.016997935	-0.99978757	0.0011048145	0	-0.025132742	0	0.016997935	-0.99978757	0.0011048145	1.9603466e-20	1
0	0.019974707	-0.99973214	0.0010848949	0	-0.018849555	0	0.019974707	-0.99973214	0.0010848949	2.2112124e-20	1
0	0.024199635	-0.9996383	0.0010544155	0	-0.012566371	0	0.024199635	-0.9996383	0.0010544155	2.46206e-20	1
0	0.027072582	-0.9995644	0.0010327129	0	-0.009424778	0	0.027072582	-0.9995644	0.0010327129	2.587473e-20	1
0	0.030708857	-0.999459	0.001004498	0	-0.0062831854	0	0.030708857	-0.999459	0.001004498	2.712875e-20	1
0	0.034378152	-0.99933934	0.00097542	0	-0.0037699111	0	0.034378152	-0.99933934	0.00097542	2.8131847e-20	1
0	0.036568403	-0.99926144	0.00095783244	0	-0.002513274	0	0.036568403	-0.99926144	0.00095783244	2.8633348e-20	1
0	0.037798263	-0.9992156	0.00094788306	0	-0.0018849556	0	0.037798263	-0.9992156	0.00094788306	2.888408e-20	1
0	0.039086908	-0.999166	0.0009374257	0	-0.001256637	0	0.039086908	-0.999166	0.0009374257	2.9134804e-20	1
0	0.039086908	-0.999166	0.0009374257	0	-0.0010053096	0	0.039086908	-0.999166	0.0009374257	2.923509e-20	1
0	0.04047007	-0.9991108	0.0009261565	0	-0.0006283185	0	0.04047007	-0.9991108	0.0009261565	2.9385514e-20	1
0	0.041322194	-0.9990759	0.0009192014	0	-0.0002513274	0	0.041322194	-0.9990759	0.0009192014	2.953593e-20	1
0	0.041322194	-0.9990759	0.0009192014	0	-0.0001256637	0	0.041322194	-0.9990759	0.0009192014	2.958607e-20	1
0	0.041322194	-0.9990759	0.0009192014	0	-6.283185e-05	0	0.041322194	-0.9990759	0.0009192014	2.961114e-20	1
0	0.041322194	-0.9990759	0.0009192014	0	-2.5132742e-05	0	0.041322194	-0.9990759	0.0009192014	2.962618e-20	1
0	0.041322194	-0.9990759	0.0009192014	0	-1.2566371e-05	0	0.041322194	-0.9990759	0.0009192014	2.9631196e-20	1
0	0.041322194	-0.9990759	0.0009192014	0	-6.2831855e-06	0	0.041322194	-0.9990759	0.0009192014	2.9633703e-20	1
0	0.041322194	-0.9990759	0.0009192014	0	-2.513274e-06	0	0.041322194	-0.9990759	0.0009192014	2.9635206e-20	1
0	0.041322194	-0.9990759	0.0009192014	0	-1.256637e-06	0	0.041322194	-0.9990759	0.0009192014	2.9635707e-20	1
0	0.041322194	-0.9990759	0.0009192014	0	-6.283185e-07	0	0.041322194	-0.9990759	0.0009192014	2.963596e-20	1
0	0.041322194	-0.9990759	0.0009192014	0	-2.513274e-07	0	0.041322194	-0.9990759	0.0009192014	2.9636107e-20	1
0	0.041322194	-0.9990759	0.0009192014	0	-1.256637e-07	0	0.041322194	-0.9990759	0.0009192014	2.963616e-20	1
0	0.041322194	-0.9990759	0.0009192014	0	0	0	0.041322194	-0.9990759	0.0009192014	2.9636208e-20	1
0	0.041322194	-0.9990759	0.0009192014	0	1.256637e-07	0	0.041322194	-0.9990759	0.0009192014	2.963626e-20	1
0	0.041322194	-0.9990759	0.0009192014	0	2.513274e-07	0	0.041322194	-0.9990759	0.0009192014	2.9636308e-20	1
0	0.041322194	-0.9990759	0.0009192014	0	6.283185e-07	0	0.041322194	-0.9990759	0.0009192014	2.963646e-20	1
0	0.041322194	-0.9990759	0.0009192014	0	1.256637e-06	0	0.041322194	-0.9990759	0.0009192014	2.9636712e-20	1
0	0.041322194	-0.9990759	0.0009192014	0	2.513274e-06	0	0.041322194	-0.9990759	0.0009192014	2.9637212e-20	1
0	0.041322194	-0.9990759	0.0009192014	0	6.2831855e-06	0	0.041322194	-0.9990759	0.0009192014	2.9638715e-20	1
0	0.041322194	-0.9990759	0.0009192014	0	1.2566371e-05	0	0.041322194	-0.9990759	0.0009192014	2.9641222e-20	1
0	0.041322194	-0.9990759	0.0009192014	0	2.5132742e-05	0	0.041322194	-0.9990759	0.0009192014	2.9646237e-20	1
0	0.042122964	-0.9990424	0.0009126299	0	6.283185e-05	0	0.042122964	-0.9990424	0.0009126299	2.9661275e-20	1
0	0.042122964	-0.9990424	0.0009126299	0	0.0001256637	0	0.042122964	-0.9990424	0.0009126299	2.9686342e-20	1
0	0.042122964	-0.9990424	0.0009126299	0	0.0002513274	0	0.042122964	-0.9990424	0.0009126299	2.973648e-20	1
0	0.043535836	-0.99898183	0.0009010377	0	0.0006283185	0	0.043535836	-0.99898183	0.0009010377	2.9886885e-20	1
0	0.044564605	-0.9989364	0.0008925622	0	0.0010053096	0	0.044564605	-0.9989364	0.0008925622	3.0037287e-20	1
0	0.044564605	-0.9989364	0.0008925622	0	0.001256637	0	0.044564605	-0.9989364	0.0008925622	3.013755e-20	1
0	0.047115847	-0.9988191	0.00087148545	0	0.0018849556	0	0.047115847	-0.9988191	0.00087148545	3.038819e-20	1
0	0.04911714	-0.9987227	0.0008548842	0	0.002513274	0	0.04911714	-0.9987227	0.0008548842	3.0638802e-20	1
0	0.05371672	-0.99848557	0.0008165245	0	0.0037699111	0	0.05371672	-0.99848557	0.0008165245	3.1139957e-20	1
0	0.0660937	-0.99774206	0.0007123053	0	0.0062831854	0	0.0660937	-0.99774206	0.0007123053	3.21418e-20	1
0	0.0934694	-0.99554884	0.00047907504	0	0.009424778	0	0.0934694	-0.99554884	0.00047907504	3.339246e-20	1
0	-0.02420656	0.9996382	-0.001054357	0	0.012566371	0	-0.02420656	0.9996382	-0.001054357	2.4620601e-20	1
0	-0.019983578	0.9997319	-0.0010848199	0	0.018849555	0	-0.019983578	0.9997319	-0.0010848199	2.2112129e-20	1
0	-0.01701402	0.99978733	-0.0011046764	0	0.025132742	0	-0.01701402	0.99978733	-0.0011046764	1.960347e-20	1
0	-0.013102451	0.99984705	-0.0011273485	0	0.03769911	0	-0.013102451	0.99984705	-0.0011273485	1.4585863e-20	1
0	-0.010650618	0.999877	-0.0011378662	0	0.050265484	0	-0.010650618	0.999877	-0.0011378662	9.568044e-21	1
0	-0.008975601	0.99989414	-0.001142012	0	0.06283186	0	-0.008975601	0.99989414	-0.001142012	4.550106e-21	1
