# t (s)	mx ()	my ()	mz ()	B_extx (T)	B_exty (T)	B_extz (T)	mx ()	my ()	mz ()	E_total (J)	branch ()
0	-0.025184974	0.99961233	0.0033213228	0	0.06283186	0	-0.025184974	0.99961233	0.0033213228	4.4462517e-21	-1
0	-0.029685102	0.9994878	0.0033573	0	0.050265484	0	-0.029685102	0.9994878	0.0033573	9.462525e-21	-1
0	-0.03612873	0.9992746	0.0033974568	0	0.03769911	0	-0.03612873	0.9992746	0.0033974568	1.4477976e-20	-1
0	-0.046087548	0.9988636	0.0034444472	0	0.025132742	0	-0.046087548	0.9988636	0.0034444472	1.9491934e-20	-1
0	-0.053427182	0.9984971	0.0034721103	0	0.018849555	0	-0.053427182	0.9984971	0.0034721103	2.199791e-20	-1
0	-0.06348367	0.9979073	0.0035040877	0	0.012566371	0	-0.06348367	0.9979073	0.0035040877	2.4502717e-20	-1
0	-0.07005068	0.9974672	0.0035222904	0	0.009424778	0	-0.07005068	0.9974672	0.0035222904	2.5754451e-20	-1
0	-0.07811733	0.9968672	0.0035424419	0	0.0062831854	0	-0.07811733	0.9968672	0.0035424419	2.7005544e-20	-1
0	-0.08599706	0.9962176	0.003560211	0	0.0037699111	0	-0.08599706	0.9962176	0.003560211	2.800579e-20	-1
0	-0.09058206	0.99581075	0.0035697757	0	0.002513274	0	-0.09058206	0.99581075	0.0035697757	2.8505642e-20	-1
0	-0.093051866	0.9955828	0.0035747234	0	0.0018849556	0	-0.093051866	0.9955828	0.0035747234	2.875549e-20	-1
0	-0.0956613	0.99533516	0.003579808	0	0.001256637	0	-0.0956613	0.99533516	0.003579808	2.9005276e-20	-1
0	-0.0956613	0.99533516	0.003579808	0	0.0010053096	0	-0.0956613	0.99533516	0.003579808	2.9105177e-20	-1
0	-0.09843175	0.99506474	0.0035850115	0	0.0006283185	0	-0.09843175	0.99506474	0.0035850115	2.9254994e-20	-1
0	-0.10016274	0.99489176	0.0035881908	0	0.0002513274	0	-0.10016274	0.99489176	0.0035881908	2.9404794e-20	-1
0	-0.10016274	0.99489176	0.0035881908	0	0.0001256637	0	-0.10016274	0.99489176	0.0035881908	2.9454722e-20	-1
0	-0.10016274	0.99489176	0.0035881908	0	6.283185e-05	0	-0.10016274	0.99489176	0.0035881908	2.9479686e-20	-1
0	-0.10016274	0.99489176	0.0035881908	0	2.5132742e-05	0	-0.10016274	0.99489176	0.0035881908	2.9494666e-20	-1
0	-0.10016274	0.99489176	0.0035881908	0	1.2566371e-05	0	-0.10016274	0.99489176	0.0035881908	2.9499658e-20	-1
0	-0.10016274	0.99489176	0.0035881908	0	6.2831855e-06	0	-0.10016274	0.99489176	0.0035881908	2.9502156e-20	-1
0	-0.10016274	0.99489176	0.0035881908	0	2.513274e-06	0	-0.10016274	0.99489176	0.0035881908	2.9503652e-20	-1
0	-0.10016274	0.99489176	0.0035881908	0	1.256637e-06	0	-0.10016274	0.99489176	0.0035881908	2.9504153e-20	-1
0	-0.10016274	0.99489176	0.0035881908	0	6.283185e-07	0	-0.10016274	0.99489176	0.0035881908	2.95044e-20	-1
0	-0.10016274	0.99489176	0.0035881908	0	2.513274e-07	0	-0.10016274	0.99489176	0.0035881908	2.950455e-20	-1
0	-0.10016274	0.99489176	0.0035881908	0	1.256637e-07	0	-0.10016274	0.99489176	0.0035881908	2.9504602e-20	-1
0	-0.10016274	0.99489176	0.0035881908	0	0	0	-0.10016274	0.99489176	0.0035881908	2.950465e-20	-1
0	-0.10016274	0.99489176	0.0035881908	0	-1.256637e-07	0	-0.10016274	0.99489176	0.0035881908	2.9504702e-20	-1
0	-0.10016274	0.99489176	0.0035881908	0	-2.513274e-07	0	-0.10016274	0.99489176	0.0035881908	2.950475e-20	-1
0	-0.10016274	0.99489176	0.0035881908	0	-6.283185e-07	0	-0.10016274	0.99489176	0.0035881908	2.9504902e-20	-1
0	-0.10016274	0.99489176	0.0035881908	0	-1.256637e-06	0	-0.10016274	0.99489176	0.0035881908	2.950515e-20	-1
0	-0.10016274	0.99489176	0.0035881908	0	-2.513274e-06	0	-0.10016274	0.99489176	0.0035881908	2.950565e-20	-1
0	-0.10016274	0.99489176	0.0035881908	0	-6.2831855e-06	0	-0.10016274	0.99489176	0.0035881908	2.9507148e-20	-1
0	-0.10016274	0.99489176	0.0035881908	0	-1.2566371e-05	0	-0.10016274	0.99489176	0.0035881908	2.9509646e-20	-1
0	-0.10016274	0.99489176	0.0035881908	0	-2.5132742e-05	0	-0.10016274	0.99489176	0.0035881908	2.9514638e-20	-1
0	-0.10165098	0.9947407	0.003590873	0	-6.283185e-05	0	-0.10165098	0.9947407	0.003590873	2.9529605e-20	-1
0	-0.10165098	0.9947407	0.003590873	0	-0.0001256637	0	-0.10165098	0.9947407	0.003590873	2.9554566e-20	-1
0	-0.10165098	0.9947407	0.003590873	0	-0.0002513274	0	-0.10165098	0.9947407	0.003590873	2.9604487e-20	-1
0	-0.1044437	0.99445117	0.0035957862	0	-0.0006283185	0	-0.1044437	0.99445117	0.0035957862	2.975422e-20	-1
0	-0.10641055	0.99424237	0.0035991347	0	-0.0010053096	0	-0.10641055	0.99424237	0.0035991347	2.9903923e-20	-1
0	-0.10641055	0.99424237	0.0035991347	0	-0.001256637	0	-0.10641055	0.99424237	0.0035991347	3.0003715e-20	-1
0	-0.111235365	0.9937136	0.003607106	0	-0.0018849556	0	-0.111235365	0.9937136	0.003607106	3.0253103e-20	-1
0	-0.11504325	0.99327964	0.0036130408	0	-0.002513274	0	-0.11504325	0.99327964	0.0036130408	3.0502398e-20	-1
0	-0.12344326	0.99226975	0.0036252532	0	-0.0037699111	0	-0.12344326	0.99226975	0.0036252532	3.1000632e-20	-1
0	-0.14474154	0.989385	0.0036509358	0	-0.0062831854	0	-0.14474154	0.989385	0.0036509358	3.199525e-20	-1
0	-0.18761596	0.9821516	0.0036813538	0	-0.009424778	0	-0.18761596	0.9821516	0.0036813538	3.3232686e-20	-1
0	0.94137454	-0.33704197	0.00033037958	0	-0.012566371	0	0.94137454	-0.33704197	0.00033037958	2.6933936e-20	-1
0	0.05342012	-0.9984975	-0.0034720981	0	-0.018849555	0	0.05342012	-0.9984975	-0.0034720981	2.199791e-20	-1
0	0.046093553	-0.99886334	-0.003444451	0	-0.025132742	0	0.046093553	-0.99886334	-0.003444451	1.9491933e-20	-1
0	0.0361306	-0.9992745	-0.0033974606	0	-0.03769911	0	0.0361306	-0.9992745	-0.0033974606	1.4477977e-20	-1
0	0.029690683	-0.9994877	-0.0033573147	0	-0.050265484	0	0.029690683	-0.9994877	-0.0033573147	9.462524e-21	-1
0	0.025186475	-0.9996123	-0.0033213291	0	-0.06283186	0	0.025186475	-0.9996123	-0.0033213291	4.4462533e-21	-1
0	0.025186475	-0.9996123	-0.0033213291	0	-0.06283186	0	0.025186475	-0.9996123	-0.0033213291	4.4462533e-21	1
0	0.029684562	-0.9994879	-0.003357302	0	-0.050265484	0	0.029684562	-0.9994879	-0.003357302	9.4625245e-21	1
0	0.036129016	-0.99927455	-0.00339746	0	-0.03769911	0	0.036129016	-0.99927455	-0.00339746	1.4477976e-20	1
0	0.0460907	-0.99886346	-0.0034444523	0	-0.025132742	0	0.0460907	-0.99886346	-0.0034444523	1.9491934e-20	1
0	0.053418964	-0.9984976	-0.0034720937	0	-0.018849555	0	0.053418964	-0.9984976	-0.0034720937	2.199791e-20	1
0	0.0634723	-0.997908	-0.0035040658	0	-0.012566371	0	0.0634723	-0.997908	-0.0035040658	2.4502713e-20	1
0	0.07005218	-0.99746704	-0.003522294	0	-0.009424778	0	0.07005218	-0.99746704	-0.003522294	2.5754451e-20	1
0	0.07811329	-0.9968674	-0.0035424372	0	-0.0062831854	0	0.07811329	-0.9968674	-0.0035424372	2.7005544e-20	1
0	0.08600718	-0.99621665	-0.0035602287	0	-0.0037699111	0	0.08600718	-0.99621665	-0.0035602287	2.800579e-20	1
0	0.09058142	-0.99581087	-0.0035697753	0	-0.002513274	0	0.09058142	-0.99581087	-0.0035697753	2.8505642e-20	1
0	0.093047634	-0.9955832	-0.0035747178	0	-0.0018849556	0	0.093047634	-0.9955832	-0.0035747178	2.875549e-20	1
0	0.095663615	-0.995335	-0.0035798	0	-0.001256637	0	0.095663615	-0.995335	-0.0035798	2.9005272e-20	1
0	0.095663615	-0.995335	-0.0035798	0	-0.0010053096	0	0.095663615	-0.995335	-0.0035798	2.9105174e-20	1
0	0.09842613	-0.99506533	-0.0035850042	0	-0.0006283185	0	0.09842613	-0.99506533	-0.0035850042	2.9254997e-20	1
0	0.100166366	-0.9948914	-0.0035881973	0	-0.0002513274	0	0.100166366	-0.9948914	-0.0035881973	2.9404794e-20	1
0	0.100166366	-0.9948914	-0.0035881973	0	-0.0001256637	0	0.100166366	-0.9948914	-0.0035881973	2.9454722e-20	1
0	0.100166366	-0.9948914	-0.0035881973	0	-6.283185e-05	0	0.100166366	-0.9948914	-0.0035881973	2.9479686e-20	1
0	0.100166366	-0.9948914	-0.0035881973	0	-2.5132742e-05	0	0.100166366	-0.9948914	-0.0035881973	2.9494666e-20	1
0	0.100166366	-0.9948914	-0.0035881973	0	-1.2566371e-05	0	0.100166366	-0.9948914	-0.0035881973	2.9499658e-20	1
0	0.100166366	-0.9948914	-0.0035881973	0	-6.2831855e-06	0	0.100166366	-0.9948914	-0.0035881973	2.9502156e-20	1
0	0.100166366	-0.9948914	-0.0035881973	0	-2.513274e-06	0	0.100166366	-0.9948914	-0.0035881973	2.9503652e-20	1
0	0.100166366	-0.9948914	-0.0035881973	0	-1.256637e-06	0	0.100166366	-0.9948914	-0.0035881973	2.9504153e-20	1
0	0.100166366	-0.9948914	-0.0035881973	0	-6.283185e-07	0	0.100166366	-0.9948914	-0.0035881973	2.95044e-20	1
0	0.100166366	-0.9948914	-0.0035881973	0	-2.513274e-07	0	0.100166366	-0.9948914	-0.0035881973	2.950455e-20	1
0	0.100166366	-0.9948914	-0.0035881973	0	-1.256637e-07	0	0.100166366	-0.9948914	-0.0035881973	2.9504602e-20	1
0	0.100166366	-0.9948914	-0.0035881973	0	0	0	0.100166366	-0.9948914	-0.0035881973	2.950465e-20	1
0	0.100166366	-0.9948914	-0.0035881973	0	1.256637e-07	0	0.100166366	-0.9948914	-0.0035881973	2.9504702e-20	1
0	0.100166366	-0.9948914	-0.0035881973	0	2.513274e-07	0	0.100166366	-0.9948914	-0.0035881973	2.950475e-20	1
0	0.100166366	-0.9948914	-0.0035881973	0	6.283185e-07	0	0.100166366	-0.9948914	-0.0035881973	2.95049e-20	1
0	0.100166366	-0.9948914	-0.0035881973	0	1.256637e-06	0	0.100166366	-0.9948914	-0.0035881973	2.950515e-20	1
0	0.100166366	-0.9948914	-0.0035881973	0	2.513274e-06	0	0.100166366	-0.9948914	-0.0035881973	2.950565e-20	1
0	0.100166366	-0.9948914	-0.0035881973	0	6.2831855e-06	0	0.100166366	-0.9948914	-0.0035881973	2.9507148e-20	1
0	0.100166366	-0.9948914	-0.0035881973	0	1.2566371e-05	0	0.100166366	-0.9948914	-0.0035881973	2.9509643e-20	1
0	0.100166366	-0.9948914	-0.0035881973	0	2.5132742e-05	0	0.100166366	-0.9948914	-0.0035881973	2.9514638e-20	1
0	0.10167153	-0.9947386	-0.003590904	0	6.283185e-05	0	0.10167153	-0.9947386	-0.003590904	2.9529605e-20	1
0	0.10167153	-0.9947386	-0.003590904	0	0.0001256637	0	0.10167153	-0.9947386	-0.003590904	2.9554566e-20	1
0	0.10167153	-0.9947386	-0.003590904	0	0.0002513274	0	0.10167153	-0.9947386	-0.003590904	2.9604484e-20	1
0	0.10447547	-0.9944478	-0.0035958393	0	0.0006283185	0	0.10447547	-0.9944478	-0.0035958393	2.9754217e-20	1
0	0.10639897	-0.9942436	-0.0035991375	0	0.0010053096	0	0.10639897	-0.9942436	-0.0035991375	2.990392e-20	1
0	0.10639897	-0.9942436	-0.0035991375	0	0.001256637	0	0.10639897	-0.9942436	-0.0035991375	3.0003715e-20	1
0	0.111270614	-0.99370974	-0.0036071492	0	0.0018849556	0	0.111270614	-0.99370974	-0.0036071492	3.0253107e-20	1
0	0.115041345	-0.9932798	-0.0036130417	0	0.002513274	0	0.115041345	-0.9932798	-0.0036130417	3.0502398e-20	1
0	0.12341085	-0.9922738	-0.0036252204	0	0.0037699111	0	0.12341085	-0.9922738	-0.0036252204	3.100063e-20	1
0	0.14470443	-0.9893904	-0.003650906	0	0.0062831854	0	0.14470443	-0.9893904	-0.003650906	3.1995246e-20	1
0	0.18762852	-0.9821492	-0.003681358	0	0.009424778	0	0.18762852	-0.9821492	-0.003681358	3.3232686e-20	1
0	0.9070649	0.42069465	0.0008274405	0	0.012566371	0	0.9070649	0.42069465	0.0008274405	2.6149764e-20	1
0	-0.05342502	0.99849725	0.003472096	0	0.018849555	0	-0.05342502	0.99849725	0.003472096	2.1997907e-20	1
0	-0.04609932	0.998863	0.00344447	0	0.025132742	0	-0.04609932	0.998863	0.00344447	1.9491936e-20	1
0	-0.03613183	0.9992745	0.0033974634	0	0.03769911	0	-0.03613183	0.9992745	0.0033974634	1.4477977e-20	1
0	-0.029687855	0.99948776	0.0033573085	0	0.050265484	0	-0.029687855	0.99948776	0.0033573085	9.462527e-21	1
0	-0.025187612	0.9996122	0.0033213343	0	0.06283186	0	-0.025187612	0.9996122	0.0033213343	4.4462525e-21	1
