# t (s)	mx ()	my ()	mz ()	B_extx (T)	B_exty (T)	B_extz (T)	mx ()	my ()	mz ()	E_total (J)	branch ()
0	0.99961674	0.025169514	-0.0023210251	0.06283186	0	0	0.99961674	0.025169514	-0.0023210251	2.3323987e-21	-1
0	0.9995229	0.02862516	-0.0023403862	0.050265484	0	0	0.9995229	0.02862516	-0.0023403862	7.348761e-21	-1
0	0.9993814	0.033174545	-0.002360269	0.03769911	0	0	0.9993814	0.033174545	-0.002360269	1.2364546e-20	-1
0	0.999153	0.039434087	-0.002380656	0.025132742	0	0	0.999153	0.039434087	-0.002380656	1.7379425e-20	-1
0	0.99898213	0.04353623	-0.0023909737	0.018849555	0	0	0.99898213	0.04353623	-0.0023909737	1.9886348e-20	-1
0	0.99874854	0.048587862	-0.0024012756	0.012566371	0	0	0.99874854	0.048587862	-0.0024012756	2.2392766e-20	-1
0	0.99859834	0.05157791	-0.002406369	0.009424778	0	0	0.99859834	0.05157791	-0.002406369	2.3645733e-20	-1
0	0.9984178	0.054956164	-0.0024113772	0.0062831854	0	0	0.9984178	0.054956164	-0.0024113772	2.4898489e-20	-1
0	0.99824536	0.057998165	-0.0024152827	0.0037699111	0	0	0.99824536	0.057998165	-0.0024152827	2.590052e-20	-1
0	0.9981481	0.059646316	-0.0024171895	0.002513274	0	0	0.9981481	0.059646316	-0.0024171895	2.6401464e-20	-1
0	0.99809647	0.060502917	-0.0024181285	0.0018849556	0	0	0.99809647	0.060502917	-0.0024181285	2.6651916e-20	-1
0	0.9980425	0.061384026	-0.0024190568	0.001256637	0	0	0.9980425	0.061384026	-0.0024190568	2.690236e-20	-1
0	0.9980425	0.061384026	-0.0024190568	0.0010053096	0	0	0.9980425	0.061384026	-0.0024190568	2.7002532e-20	-1
0	0.9979856	0.06230153	-0.0024199742	0.0006283185	0	0	0.9979856	0.06230153	-0.0024199742	2.7152782e-20	-1
0	0.9979501	0.06286625	-0.0024205162	0.0002513274	0	0	0.9979501	0.06286625	-0.0024205162	2.7303035e-20	-1
0	0.9979501	0.06286625	-0.0024205162	0.0001256637	0	0	0.9979501	0.06286625	-0.0024205162	2.7353118e-20	-1
0	0.9979501	0.06286625	-0.0024205162	6.283185e-05	0	0	0.9979501	0.06286625	-0.0024205162	2.7378156e-20	-1
0	0.9979501	0.06286625	-0.0024205162	2.5132742e-05	0	0	0.9979501	0.06286625	-0.0024205162	2.739318e-20	-1
0	0.9979501	0.06286625	-0.0024205162	1.2566371e-05	0	0	0.9979501	0.06286625	-0.0024205162	2.739819e-20	-1
0	0.9979501	0.06286625	-0.0024205162	6.2831855e-06	0	0	0.9979501	0.06286625	-0.0024205162	2.7400694e-20	-1
0	0.9979501	0.06286625	-0.0024205162	2.513274e-06	0	0	0.9979501	0.06286625	-0.0024205162	2.7402196e-20	-1
0	0.9979501	0.06286625	-0.0024205162	1.256637e-06	0	0	0.9979501	0.06286625	-0.0024205162	2.7402697e-20	-1
0	0.9979501	0.06286625	-0.0024205162	6.283185e-07	0	0	0.9979501	0.06286625	-0.0024205162	2.740295e-20	-1
0	0.9979501	0.06286625	-0.0024205162	2.513274e-07	0	0	0.9979501	0.06286625	-0.0024205162	2.7403098e-20	-1
0	0.9979501	0.06286625	-0.0024205162	1.256637e-07	0	0	0.9979501	0.06286625	-0.0024205162	2.740315e-20	-1
0	0.9979501	0.06286625	-0.0024205162	0	0	0	0.9979501	0.06286625	-0.0024205162	2.7403198e-20	-1
0	0.9979501	0.06286625	-0.0024205162	-1.256637e-07	0	0	0.9979501	0.06286625	-0.0024205162	2.740325e-20	-1
0	0.9979501	0.06286625	-0.0024205162	-2.513274e-07	0	0	0.9979501	0.06286625	-0.0024205162	2.7403298e-20	-1
0	0.9979501	0.06286625	-0.0024205162	-6.283185e-07	0	0	0.9979501	0.06286625	-0.0024205162	2.740345e-20	-1
0	0.9979501	0.06286625	-0.0024205162	-1.256637e-06	0	0	0.9979501	0.06286625	-0.0024205162	2.74037e-20	-1
0	0.9979501	0.06286625	-0.0024205162	-2.513274e-06	0	0	0.9979501	0.06286625	-0.0024205162	2.74042e-20	-1
0	0.9979501	0.06286625	-0.0024205162	-6.2831855e-06	0	0	0.9979501	0.06286625	-0.0024205162	2.7405702e-20	-1
0	0.9979501	0.06286625	-0.0024205162	-1.2566371e-05	0	0	0.9979501	0.06286625	-0.0024205162	2.7408206e-20	-1
0	0.9979501	0.06286625	-0.0024205162	-2.5132742e-05	0	0	0.9979501	0.06286625	-0.0024205162	2.7413215e-20	-1
0	0.9979204	0.06333615	-0.0024209656	-6.283185e-05	0	0	0.9979204	0.06333615	-0.0024209656	2.7428236e-20	-1
0	0.9979204	0.06333615	-0.0024209656	-0.0001256637	0	0	0.9979204	0.06333615	-0.0024209656	2.7453278e-20	-1
0	0.9979204	0.06333615	-0.0024209656	-0.0002513274	0	0	0.9979204	0.06333615	-0.0024209656	2.7503358e-20	-1
0	0.99786496	0.0642021	-0.0024217656	-0.0006283185	0	0	0.99786496	0.0642021	-0.0024217656	2.7653595e-20	-1
0	0.99782634	0.064798996	-0.0024222918	-0.0010053096	0	0	0.99782634	0.064798996	-0.0024222918	2.7803825e-20	-1
0	0.99782634	0.064798996	-0.0024222918	-0.001256637	0	0	0.99782634	0.064798996	-0.0024222918	2.7903978e-20	-1
0	0.99773204	0.06623289	-0.0024234955	-0.0018849556	0	0	0.99773204	0.06623289	-0.0024234955	2.8154343e-20	-1
0	0.9976617	0.067282476	-0.0024243346	-0.002513274	0	0	0.9976617	0.067282476	-0.0024243346	2.8404688e-20	-1
0	0.99750817	0.06951948	-0.002425925	-0.0037699111	0	0	0.99750817	0.06951948	-0.002425925	2.8905326e-20	-1
0	0.9971516	0.074453235	-0.0024288592	-0.0062831854	0	0	0.9971516	0.074453235	-0.0024288592	2.9906356e-20	-1
0	0.9965834	0.08169949	-0.0024316658	-0.009424778	0	0	0.9965834	0.08169949	-0.0024316658	3.115707e-20	-1
0	0.9958216	0.09050442	-0.0024330253	-0.012566371	0	0	0.9958216	0.09050442	-0.0024330253	3.2406952e-20	-1
0	0.9932093	0.11568165	-0.0024265065	-0.018849555	0	0	0.9932093	0.11568165	-0.0024265065	3.490285e-20	-1
0	0.9865242	0.16311425	-0.0023802498	-0.025132742	0	0	0.9865242	0.16311425	-0.0023802498	3.7388234e-20	-1
0	-0.9993814	-0.0331747	0.0023602697	-0.03769911	0	0	-0.9993814	-0.0331747	0.0023602697	1.23645455e-20	-1
0	-0.9995229	-0.028627116	0.0023403848	-0.050265484	0	0	-0.9995229	-0.028627116	0.0023403848	7.3487614e-21	-1
0	-0.99961674	-0.025171127	0.0023210272	-0.06283186	0	0	-0.99961674	-0.025171127	0.0023210272	2.3323997e-21	-1
0	-0.99961674	-0.025171127	0.0023210272	-0.06283186	0	0	-0.99961674	-0.025171127	0.0023210272	2.3323997e-21	1
0	-0.999523	-0.028623262	0.0023403869	-0.050265484	0	0	-0.999523	-0.028623262	0.0023403869	7.348764e-21	1
0	-0.9993814	-0.03317374	0.0023602638	-0.03769911	0	0	-0.9993814	-0.03317374	0.0023602638	1.2364548e-20	1
0	-0.999153	-0.03943459	0.002380656	-0.025132742	0	0	-0.999153	-0.03943459	0.002380656	1.7379423e-20	1
0	-0.99898195	-0.043539178	0.0023909728	-0.018849555	0	0	-0.99898195	-0.043539178	0.0023909728	1.9886348e-20	1
0	-0.99874854	-0.048589256	0.0024012767	-0.012566371	0	0	-0.99874854	-0.048589256	0.0024012767	2.2392765e-20	1
0	-0.99859846	-0.051575445	0.0024063676	-0.009424778	0	0	-0.99859846	-0.051575445	0.0024063676	2.364573e-20	1
0	-0.9984176	-0.054958597	0.0024113762	-0.0062831854	0	0	-0.9984176	-0.054958597	0.0024113762	2.4898492e-20	1
0	-0.9982455	-0.057996575	0.0024152827	-0.0037699111	0	0	-0.9982455	-0.057996575	0.0024152827	2.590052e-20	1
0	-0.99814826	-0.059643183	0.0024172093	-0.002513274	0	0	-0.99814826	-0.059643183	0.0024172093	2.6401463e-20	1
0	-0.99809647	-0.060501963	0.0024181285	-0.0018849556	0	0	-0.99809647	-0.060501963	0.0024181285	2.6651918e-20	1
0	-0.9980422	-0.061388984	0.0024190573	-0.001256637	0	0	-0.9980422	-0.061388984	0.0024190573	2.690236e-20	1
0	-0.9980422	-0.061388984	0.0024190573	-0.0010053096	0	0	-0.9980422	-0.061388984	0.0024190573	2.7002534e-20	1
0	-0.9979857	-0.06230049	0.0024199728	-0.0006283185	0	0	-0.9979857	-0.06230049	0.0024199728	2.7152785e-20	1
0	-0.99795043	-0.0628613	0.002420515	-0.0002513274	0	0	-0.99795043	-0.0628613	0.002420515	2.7303035e-20	1
0	-0.99795043	-0.0628613	0.002420515	-0.0001256637	0	0	-0.99795043	-0.0628613	0.002420515	2.7353118e-20	1
0	-0.99795043	-0.0628613	0.002420515	-6.283185e-05	0	0	-0.99795043	-0.0628613	0.002420515	2.737816e-20	1
0	-0.99795043	-0.0628613	0.002420515	-2.5132742e-05	0	0	-0.99795043	-0.0628613	0.002420515	2.7393185e-20	1
0	-0.99795043	-0.0628613	0.002420515	-1.2566371e-05	0	0	-0.99795043	-0.0628613	0.002420515	2.7398193e-20	1
0	-0.99795043	-0.0628613	0.002420515	-6.2831855e-06	0	0	-0.99795043	-0.0628613	0.002420515	2.7400697e-20	1
0	-0.99795043	-0.0628613	0.002420515	-2.513274e-06	0	0	-0.99795043	-0.0628613	0.002420515	2.74022e-20	1
0	-0.99795043	-0.0628613	0.002420515	-1.256637e-06	0	0	-0.99795043	-0.0628613	0.002420515	2.74027e-20	1
0	-0.99795043	-0.0628613	0.002420515	-6.283185e-07	0	0	-0.99795043	-0.0628613	0.002420515	2.740295e-20	1
0	-0.99795043	-0.0628613	0.002420515	-2.513274e-07	0	0	-0.99795043	-0.0628613	0.002420515	2.74031e-20	1
0	-0.99795043	-0.0628613	0.002420515	-1.256637e-07	0	0	-0.99795043	-0.0628613	0.002420515	2.740315e-20	1
0	-0.99795043	-0.0628613	0.002420515	0	0	0	-0.99795043	-0.0628613	0.002420515	2.74032e-20	1
0	-0.99795043	-0.0628613	0.002420515	1.256637e-07	0	0	-0.99795043	-0.0628613	0.002420515	2.740325e-20	1
0	-0.99795043	-0.0628613	0.002420515	2.513274e-07	0	0	-0.99795043	-0.0628613	0.002420515	2.74033e-20	1
0	-0.99795043	-0.0628613	0.002420515	6.283185e-07	0	0	-0.99795043	-0.0628613	0.002420515	2.740345e-20	1
0	-0.99795043	-0.0628613	0.002420515	1.256637e-06	0	0	-0.99795043	-0.0628613	0.002420515	2.7403702e-20	1
0	-0.99795043	-0.0628613	0.002420515	2.513274e-06	0	0	-0.99795043	-0.0628613	0.002420515	2.7404203e-20	1
0	-0.99795043	-0.0628613	0.002420515	6.2831855e-06	0	0	-0.99795043	-0.0628613	0.002420515	2.7405705e-20	1
0	-0.99795043	-0.0628613	0.002420515	1.2566371e-05	0	0	-0.99795043	-0.0628613	0.002420515	2.740821e-20	1
0	-0.99795043	-0.0628613	0.002420515	2.5132742e-05	0	0	-0.99795043	-0.0628613	0.002420515	2.7413218e-20	1
0	-0.9979207	-0.06333132	0.002420966	6.283185e-05	0	0	-0.9979207	-0.06333132	0.002420966	2.7428236e-20	1
0	-0.9979207	-0.06333132	0.002420966	0.0001256637	0	0	-0.9979207	-0.06333132	0.002420966	2.7453275e-20	1
0	-0.9979207	-0.06333132	0.002420966	0.0002513274	0	0	-0.9979207	-0.06333132	0.002420966	2.7503355e-20	1
0	-0.9978647	-0.06420585	0.0024217651	0.0006283185	0	0	-0.9978647	-0.06420585	0.0024217651	2.7653598e-20	1
0	-0.99782646	-0.06479769	0.002422292	0.0010053096	0	0	-0.99782646	-0.06479769	0.002422292	2.7803828e-20	1
0	-0.99782646	-0.06479769	0.002422292	0.001256637	0	0	-0.99782646	-0.06479769	0.002422292	2.7903978e-20	1
0	-0.99773204	-0.06623347	0.0024234955	0.0018849556	0	0	-0.99773204	-0.06623347	0.0024234955	2.8154343e-20	1
0	-0.9976613	-0.067288816	0.0024243316	0.002513274	0	0	-0.9976613	-0.067288816	0.0024243316	2.840469e-20	1
0	-0.99750805	-0.06952046	0.0024259465	0.0037699111	0	0	-0.99750805	-0.06952046	0.0024259465	2.890533e-20	1
0	-0.9971522	-0.07444468	0.0024288613	0.0062831854	0	0	-0.9971522	-0.07444468	0.0024288613	2.9906356e-20	1
0	-0.99658394	-0.08169312	0.0024316679	0.009424778	0	0	-0.99658394	-0.08169312	0.0024316679	3.115707e-20	1
0	-0.9958205	-0.09051618	0.0024330202	0.012566371	0	0	-0.9958205	-0.09051618	0.0024330202	3.2406956e-20	1
0	-0.9932065	-0.11570588	0.0024264823	0.018849555	0	0	-0.9932065	-0.11570588	0.0024264823	3.490285e-20	1
0	-0.9865253	-0.1631074	0.0023802603	0.025132742	0	0	-0.9865253	-0.1631074	0.0023802603	3.7388228e-20	1
0	0.9993814	0.033174098	-0.0023602692	0.03769911	0	0	0.9993814	0.033174098	-0.0023602692	1.23645455e-20	1
0	0.9995229	0.028624974	-0.0023403838	0.050265484	0	0	0.9995229	0.028624974	-0.0023403838	7.348763e-21	1
0	0.99961674	0.025171733	-0.0023210277	0.06283186	0	0	0.99961674	0.025171733	-0.0023210277	2.3324034e-21	1
