# t (s)	mx ()	my ()	mz ()	B_extx (T)	B_exty (T)	B_extz (T)	mx ()	my ()	mz ()	E_total (J)	branch ()
0	-0.029042102	0.9995119	-0.0014977878	0	0.06283186	0	-0.029042102	0.9995119	-0.0014977878	4.5640244e-21	-1
0	-0.03434459	0.9993428	-0.0015164058	0	0.050265484	0	-0.03434459	0.9993428	-0.0015164058	9.579691e-21	-1
0	-0.041987564	0.9990499	-0.0015379926	0	0.03769911	0	-0.041987564	0.9990499	-0.0015379926	1.4594237e-20	-1
0	-0.053911854	0.99847627	-0.0015645749	0	0.025132742	0	-0.053911854	0.99847627	-0.0015645749	1.960671e-20	-1
0	-0.06277585	0.99795735	-0.0015810297	0	0.018849555	0	-0.06277585	0.99795735	-0.0015810297	2.2111536e-20	-1
0	-0.07500532	0.9971117	-0.0016008352	0	0.012566371	0	-0.07500532	0.9971117	-0.0016008352	2.46147e-20	-1
0	-0.0830341	0.9964745	-0.0016124923	0	0.009424778	0	-0.0830341	0.9964745	-0.0016124923	2.5865317e-20	-1
0	-0.092960656	0.99559665	-0.0016257518	0	0.0062831854	0	-0.092960656	0.99559665	-0.0016257518	2.7115e-20	-1
0	-0.1027377	0.9946344	-0.0016377573	0	0.0037699111	0	-0.1027377	0.9946344	-0.0016377573	2.8113824e-20	-1
0	-0.10840414	0.99403214	-0.0016442976	0	0.002513274	0	-0.10840414	0.99403214	-0.0016442976	2.8612837e-20	-1
0	-0.1114891	0.9936906	-0.0016477329	0	0.0018849556	0	-0.1114891	0.9936906	-0.0016477329	2.886222e-20	-1
0	-0.11473819	0.99332035	-0.001651264	0	0.001256637	0	-0.11473819	0.99332035	-0.001651264	2.9111517e-20	-1
0	-0.11473819	0.99332035	-0.001651264	0	0.0010053096	0	-0.11473819	0.99332035	-0.001651264	2.9211218e-20	-1
0	-0.11819002	0.99291515	-0.001654919	0	0.0006283185	0	-0.11819002	0.99291515	-0.001654919	2.9360714e-20	-1
0	-0.1203613	0.9926541	-0.0016571644	0	0.0002513274	0	-0.1203613	0.9926541	-0.0016571644	2.9510182e-20	-1
0	-0.1203613	0.9926541	-0.0016571644	0	0.0001256637	0	-0.1203613	0.9926541	-0.0016571644	2.956e-20	-1
0	-0.1203613	0.9926541	-0.0016571644	0	6.283185e-05	0	-0.1203613	0.9926541	-0.0016571644	2.958491e-20	-1
0	-0.1203613	0.9926541	-0.0016571644	0	2.5132742e-05	0	-0.1203613	0.9926541	-0.0016571644	2.9599854e-20	-1
0	-0.1203613	0.9926541	-0.0016571644	0	1.2566371e-05	0	-0.1203613	0.9926541	-0.0016571644	2.9604836e-20	-1
0	-0.1203613	0.9926541	-0.0016571644	0	6.2831855e-06	0	-0.1203613	0.9926541	-0.0016571644	2.9607324e-20	-1
0	-0.1203613	0.9926541	-0.0016571644	0	2.513274e-06	0	-0.1203613	0.9926541	-0.0016571644	2.960882e-20	-1
0	-0.1203613	0.9926541	-0.0016571644	0	1.256637e-06	0	-0.1203613	0.9926541	-0.0016571644	2.9609318e-20	-1
0	-0.1203613	0.9926541	-0.0016571644	0	6.283185e-07	0	-0.1203613	0.9926541	-0.0016571644	2.9609567e-20	-1
0	-0.1203613	0.9926541	-0.0016571644	0	2.513274e-07	0	-0.1203613	0.9926541	-0.0016571644	2.960972e-20	-1
0	-0.1203613	0.9926541	-0.0016571644	0	1.256637e-07	0	-0.1203613	0.9926541	-0.0016571644	2.9609767e-20	-1
0	-0.1203613	0.9926541	-0.0016571644	0	0	0	-0.1203613	0.9926541	-0.0016571644	2.9609815e-20	-1
0	-0.1203613	0.9926541	-0.0016571644	0	-1.256637e-07	0	-0.1203613	0.9926541	-0.0016571644	2.9609867e-20	-1
0	-0.1203613	0.9926541	-0.0016571644	0	-2.513274e-07	0	-0.1203613	0.9926541	-0.0016571644	2.9609916e-20	-1
0	-0.1203613	0.9926541	-0.0016571644	0	-6.283185e-07	0	-0.1203613	0.9926541	-0.0016571644	2.9610064e-20	-1
0	-0.1203613	0.9926541	-0.0016571644	0	-1.256637e-06	0	-0.1203613	0.9926541	-0.0016571644	2.9610316e-20	-1
0	-0.1203613	0.9926541	-0.0016571644	0	-2.513274e-06	0	-0.1203613	0.9926541	-0.0016571644	2.9610814e-20	-1
0	-0.1203613	0.9926541	-0.0016571644	0	-6.2831855e-06	0	-0.1203613	0.9926541	-0.0016571644	2.9612307e-20	-1
0	-0.1203613	0.9926541	-0.0016571644	0	-1.2566371e-05	0	-0.1203613	0.9926541	-0.0016571644	2.9614798e-20	-1
0	-0.1203613	0.9926541	-0.0016571644	0	-2.5132742e-05	0	-0.1203613	0.9926541	-0.0016571644	2.961978e-20	-1
0	-0.122232154	0.9924252	-0.0016590715	0	-6.283185e-05	0	-0.122232154	0.9924252	-0.0016590715	2.9634708e-20	-1
0	-0.122232154	0.9924252	-0.0016590715	0	-0.0001256637	0	-0.122232154	0.9924252	-0.0016590715	2.965961e-20	-1
0	-0.122232154	0.9924252	-0.0016590715	0	-0.0002513274	0	-0.122232154	0.9924252	-0.0016590715	2.9709416e-20	-1
0	-0.12577137	0.9919826	-0.0016625987	0	-0.0006283185	0	-0.12577137	0.9919826	-0.0016625987	2.985878e-20	-1
0	-0.12820464	0.9916708	-0.0016649746	0	-0.0010053096	0	-0.12820464	0.9916708	-0.0016649746	3.000811e-20	-1
0	-0.12820464	0.9916708	-0.0016649746	0	-0.001256637	0	-0.12820464	0.9916708	-0.0016649746	3.0107642e-20	-1
0	-0.1343541	0.9908557	-0.0016706765	0	-0.0018849556	0	-0.1343541	0.9908557	-0.0016706765	3.0356333e-20	-1
0	-0.13912836	0.9901961	-0.001675053	0	-0.002513274	0	-0.13912836	0.9901961	-0.001675053	3.0604885e-20	-1
0	-0.14980114	0.98863643	-0.0016840543	0	-0.0037699111	0	-0.14980114	0.98863643	-0.0016840543	3.1101435e-20	-1
0	-0.17758164	0.9840224	-0.0017037045	0	-0.0062831854	0	-0.17758164	0.9840224	-0.0017037045	3.2091622e-20	-1
0	-0.23950183	0.9708013	-0.0017283396	0	-0.009424778	0	-0.23950183	0.9708013	-0.0017283396	3.3319475e-20	-1
0	-0.90079844	-0.433945	0.00045936165	0	-0.012566371	0	-0.90079844	-0.433945	0.00045936165	2.6031663e-20	-1
0	0.06275787	-0.9979584	0.0015810098	0	-0.018849555	0	0.06275787	-0.9979584	0.0015810098	2.211154e-20	-1
0	0.053915482	-0.998476	0.0015645786	0	-0.025132742	0	0.053915482	-0.998476	0.0015645786	1.9606712e-20	-1
0	0.041990016	-0.9990498	0.0015379793	0	-0.03769911	0	0.041990016	-0.9990498	0.0015379793	1.4594237e-20	-1
0	0.034349672	-0.9993427	0.0015164079	0	-0.050265484	0	0.034349672	-0.9993427	0.0015164079	9.57969e-21	-1
0	0.02904233	-0.9995119	0.0014977881	0	-0.06283186	0	0.02904233	-0.9995119	0.0014977881	4.5640244e-21	-1
0	0.02904233	-0.9995119	0.0014977881	0	-0.06283186	0	0.02904233	-0.9995119	0.0014977881	4.5640244e-21	1
0	0.034344543	-0.9993429	0.0015164013	0	-0.050265484	0	0.034344543	-0.9993429	0.0015164013	9.579691e-21	1
0	0.041986786	-0.9990499	0.0015379756	0	-0.03769911	0	0.041986786	-0.9990499	0.0015379756	1.4594235e-20	1
0	0.053916156	-0.9984759	0.0015645841	0	-0.025132742	0	0.053916156	-0.9984759	0.0015645841	1.9606709e-20	1
0	0.06276754	-0.9979578	0.0015810211	0	-0.018849555	0	0.06276754	-0.9979578	0.0015810211	2.2111541e-20	1
0	0.075003624	-0.9971118	0.0016008344	0	-0.012566371	0	0.075003624	-0.9971118	0.0016008344	2.4614696e-20	1
0	0.08303851	-0.99647415	0.0016125017	0	-0.009424778	0	0.08303851	-0.99647415	0.0016125017	2.5865317e-20	1
0	0.09295933	-0.99559677	0.00162575	0	-0.0062831854	0	0.09295933	-0.99559677	0.00162575	2.7115e-20	1
0	0.10272751	-0.99463534	0.0016377459	0	-0.0037699111	0	0.10272751	-0.99463534	0.0016377459	2.8113827e-20	1
0	0.10841207	-0.9940313	0.0016443082	0	-0.002513274	0	0.10841207	-0.9940313	0.0016443082	2.8612837e-20	1
0	0.111483954	-0.99369115	0.0016477279	0	-0.0018849556	0	0.111483954	-0.99369115	0.0016477279	2.886222e-20	1
0	0.11473926	-0.9933202	0.0016512648	0	-0.001256637	0	0.11473926	-0.9933202	0.0016512648	2.9111517e-20	1
0	0.11473926	-0.9933202	0.0016512648	0	-0.0010053096	0	0.11473926	-0.9933202	0.0016512648	2.9211214e-20	1
0	0.118204534	-0.9929135	0.0016549297	0	-0.0006283185	0	0.118204534	-0.9929135	0.0016549297	2.936071e-20	1
0	0.12035902	-0.9926544	0.0016571593	0	-0.0002513274	0	0.12035902	-0.9926544	0.0016571593	2.9510185e-20	1
0	0.12035902	-0.9926544	0.0016571593	0	-0.0001256637	0	0.12035902	-0.9926544	0.0016571593	2.956e-20	1
0	0.12035902	-0.9926544	0.0016571593	0	-6.283185e-05	0	0.12035902	-0.9926544	0.0016571593	2.958491e-20	1
0	0.12035902	-0.9926544	0.0016571593	0	-2.5132742e-05	0	0.12035902	-0.9926544	0.0016571593	2.9599854e-20	1
0	0.12035902	-0.9926544	0.0016571593	0	-1.2566371e-05	0	0.12035902	-0.9926544	0.0016571593	2.9604836e-20	1
0	0.12035902	-0.9926544	0.0016571593	0	-6.2831855e-06	0	0.12035902	-0.9926544	0.0016571593	2.9607327e-20	1
0	0.12035902	-0.9926544	0.0016571593	0	-2.513274e-06	0	0.12035902	-0.9926544	0.0016571593	2.960882e-20	1
0	0.12035902	-0.9926544	0.0016571593	0	-1.256637e-06	0	0.12035902	-0.9926544	0.0016571593	2.960932e-20	1
0	0.12035902	-0.9926544	0.0016571593	0	-6.283185e-07	0	0.12035902	-0.9926544	0.0016571593	2.960957e-20	1
0	0.12035902	-0.9926544	0.0016571593	0	-2.513274e-07	0	0.12035902	-0.9926544	0.0016571593	2.960972e-20	1
0	0.12035902	-0.9926544	0.0016571593	0	-1.256637e-07	0	0.12035902	-0.9926544	0.0016571593	2.9609767e-20	1
0	0.12035902	-0.9926544	0.0016571593	0	0	0	0.12035902	-0.9926544	0.0016571593	2.960982e-20	1
0	0.12035902	-0.9926544	0.0016571593	0	1.256637e-07	0	0.12035902	-0.9926544	0.0016571593	2.9609867e-20	1
0	0.12035902	-0.9926544	0.0016571593	0	2.513274e-07	0	0.12035902	-0.9926544	0.0016571593	2.960992e-20	1
0	0.12035902	-0.9926544	0.0016571593	0	6.283185e-07	0	0.12035902	-0.9926544	0.0016571593	2.9610067e-20	1
0	0.12035902	-0.9926544	0.0016571593	0	1.256637e-06	0	0.12035902	-0.9926544	0.0016571593	2.9610316e-20	1
0	0.12035902	-0.9926544	0.0016571593	0	2.513274e-06	0	0.12035902	-0.9926544	0.0016571593	2.9610814e-20	1
0	0.12035902	-0.9926544	0.0016571593	0	6.2831855e-06	0	0.12035902	-0.9926544	0.0016571593	2.961231e-20	1
0	0.12035902	-0.9926544	0.0016571593	0	1.2566371e-05	0	0.12035902	-0.9926544	0.0016571593	2.96148e-20	1
0	0.12035902	-0.9926544	0.0016571593	0	2.5132742e-05	0	0.12035902	-0.9926544	0.0016571593	2.961978e-20	1
0	0.12222712	-0.9924259	0.0016590666	0	6.283185e-05	0	0.12222712	-0.9924259	0.0016590666	2.963471e-20	1
0	0.12222712	-0.9924259	0.0016590666	0	0.0001256637	0	0.12222712	-0.9924259	0.0016590666	2.965961e-20	1
0	0.12222712	-0.9924259	0.0016590666	0	0.0002513274	0	0.12222712	-0.9924259	0.0016590666	2.9709416e-20	1
0	0.12576148	-0.99198383	0.0016625939	0	0.0006283185	0	0.12576148	-0.99198383	0.0016625939	2.985878e-20	1
0	0.12821123	-0.9916699	0.0016649747	0	0.0010053096	0	0.12821123	-0.9916699	0.0016649747	3.000811e-20	1
0	0.12821123	-0.9916699	0.0016649747	0	0.001256637	0	0.12821123	-0.9916699	0.0016649747	3.0107642e-20	1
0	0.13435729	-0.9908552	0.0016707577	0	0.0018849556	0	0.13435729	-0.9908552	0.0016707577	3.0356336e-20	1
0	0.1391356	-0.99019504	0.0016750575	0	0.002513274	0	0.1391356	-0.99019504	0.0016750575	3.060488e-20	1
0	0.14980498	-0.9886359	0.001684057	0	0.0037699111	0	0.14980498	-0.9886359	0.001684057	3.1101435e-20	1
0	0.1775879	-0.98402125	0.0017037098	0	0.0062831854	0	0.1775879	-0.98402125	0.0017037098	3.2091625e-20	1
0	0.23950104	-0.97080153	0.0017283394	0	0.009424778	0	0.23950104	-0.97080153	0.0017283394	3.3319478e-20	1
0	0.9008002	0.4339413	-0.00045936403	0	0.012566371	0	0.9008002	0.4339413	-0.00045936403	2.6031665e-20	1
0	-0.06278102	0.997957	-0.0015810361	0	0.018849555	0	-0.06278102	0.997957	-0.0015810361	2.2111535e-20	1
0	-0.05392547	0.99847543	-0.0015645922	0	0.025132742	0	-0.05392547	0.99847543	-0.0015645922	1.9606709e-20	1
0	-0.04199139	0.9990498	-0.0015379811	0	0.03769911	0	-0.04199139	0.9990498	-0.0015379811	1.4594238e-20	1
0	-0.034347475	0.9993428	-0.0015164153	0	0.050265484	0	-0.034347475	0.9993428	-0.0015164153	9.579689e-21	1
0	-0.029044177	0.99951184	-0.0014977894	0	0.06283186	0	-0.029044177	0.99951184	-0.0014977894	4.564025e-21	1
