# t (s)	mx ()	my ()	mz ()	B_extx (T)	B_exty (T)	B_extz (T)	mx ()	my ()	mz ()	E_total (J)	branch ()
0	0.99983025	0.014573619	0.0002867899	0.06283186	0	0	0.99983025	0.014573619	0.0002867899	2.2582085e-21	-1
0	0.99979883	0.016546136	0.00028904935	0.050265484	0	0	0.99979883	0.016546136	0.00028904935	7.275787e-21	-1
0	0.9997518	0.019137222	0.00029135097	0.03769911	0	0	0.9997518	0.019137222	0.00029135097	1.2293171e-20	-1
0	0.9996767	0.022687007	0.00029369257	0.025132742	0	0	0.9996767	0.022687007	0.00029369257	1.731026e-20	-1
0	0.99962103	0.025002062	0.0002948781	0.018849555	0	0	0.99962103	0.025002062	0.0002948781	1.9818637e-20	-1
0	0.9995452	0.027855068	0.00029607437	0.012566371	0	0	0.9995452	0.027855068	0.00029607437	2.2326849e-20	-1
0	0.9994967	0.029535932	0.00029666547	0.009424778	0	0	0.9994967	0.029535932	0.00029666547	2.3580876e-20	-1
0	0.99943864	0.0314315	0.00029725875	0.0062831854	0	0	0.99943864	0.0314315	0.00029725875	2.4834833e-20	-1
0	0.99938345	0.03313557	0.00029773108	0.0037699111	0	0	0.99938345	0.03313557	0.00029773108	2.5837946e-20	-1
0	0.99935234	0.034055952	0.00029796583	0.002513274	0	0	0.99935234	0.034055952	0.00029796583	2.6339474e-20	-1
0	0.9993359	0.03453362	0.00029808274	0.0018849556	0	0	0.9993359	0.03453362	0.00029808274	2.6590238e-20	-1
0	0.99931866	0.0350278	0.00029819302	0.001256637	0	0	0.99931866	0.0350278	0.00029819302	2.6840995e-20	-1
0	0.99931866	0.0350278	0.00029819302	0.0010053096	0	0	0.99931866	0.0350278	0.00029819302	2.6941297e-20	-1
0	0.9993006	0.035538465	0.0002983154	0.0006283185	0	0	0.9993006	0.035538465	0.0002983154	2.7091748e-20	-1
0	0.9992894	0.035849456	0.00029838487	0.0002513274	0	0	0.9992894	0.035849456	0.00029838487	2.7242195e-20	-1
0	0.9992894	0.035849456	0.00029838487	0.0001256637	0	0	0.9992894	0.035849456	0.00029838487	2.7292343e-20	-1
0	0.9992894	0.035849456	0.00029838487	6.283185e-05	0	0	0.9992894	0.035849456	0.00029838487	2.731742e-20	-1
0	0.9992894	0.035849456	0.00029838487	2.5132742e-05	0	0	0.9992894	0.035849456	0.00029838487	2.7332464e-20	-1
0	0.9992894	0.035849456	0.00029838487	1.2566371e-05	0	0	0.9992894	0.035849456	0.00029838487	2.733748e-20	-1
0	0.9992894	0.035849456	0.00029838487	6.2831855e-06	0	0	0.9992894	0.035849456	0.00029838487	2.7339987e-20	-1
0	0.9992894	0.035849456	0.00029838487	2.513274e-06	0	0	0.9992894	0.035849456	0.00029838487	2.734149e-20	-1
0	0.9992894	0.035849456	0.00029838487	1.256637e-06	0	0	0.9992894	0.035849456	0.00029838487	2.7341993e-20	-1
0	0.9992894	0.035849456	0.00029838487	6.283185e-07	0	0	0.9992894	0.035849456	0.00029838487	2.7342242e-20	-1
0	0.9992894	0.035849456	0.00029838487	2.513274e-07	0	0	0.9992894	0.035849456	0.00029838487	2.7342394e-20	-1
0	0.9992894	0.035849456	0.00029838487	1.256637e-07	0	0	0.9992894	0.035849456	0.00029838487	2.7342442e-20	-1
0	0.9992894	0.035849456	0.00029838487	0	0	0	0.9992894	0.035849456	0.00029838487	2.7342494e-20	-1
0	0.9992894	0.035849456	0.00029838487	-1.256637e-07	0	0	0.9992894	0.035849456	0.00029838487	2.7342542e-20	-1
0	0.9992894	0.035849456	0.00029838487	-2.513274e-07	0	0	0.9992894	0.035849456	0.00029838487	2.7342594e-20	-1
0	0.9992894	0.035849456	0.00029838487	-6.283185e-07	0	0	0.9992894	0.035849456	0.00029838487	2.7342743e-20	-1
0	0.9992894	0.035849456	0.00029838487	-1.256637e-06	0	0	0.9992894	0.035849456	0.00029838487	2.7342995e-20	-1
0	0.9992894	0.035849456	0.00029838487	-2.513274e-06	0	0	0.9992894	0.035849456	0.00029838487	2.7343496e-20	-1
0	0.9992894	0.035849456	0.00029838487	-6.2831855e-06	0	0	0.9992894	0.035849456	0.00029838487	2.7345e-20	-1
0	0.9992894	0.035849456	0.00029838487	-1.2566371e-05	0	0	0.9992894	0.035849456	0.00029838487	2.734751e-20	-1
0	0.9992808	0.03608669	0.00029843583	-2.5132742e-05	0	0	0.9992808	0.03608669	0.00029843583	2.7352523e-20	-1
0	0.9992808	0.03608669	0.00029843583	-6.283185e-05	0	0	0.9992808	0.03608669	0.00029843583	2.7367568e-20	-1
0	0.9992808	0.03608669	0.00029843583	-0.0001256637	0	0	0.9992808	0.03608669	0.00029843583	2.7392642e-20	-1
0	0.9992808	0.03608669	0.00029843583	-0.0002513274	0	0	0.9992808	0.03608669	0.00029843583	2.744279e-20	-1
0	0.9992621	0.03660175	0.0002985461	-0.0006283185	0	0	0.9992621	0.03660175	0.0002985461	2.7593236e-20	-1
0	0.9992498	0.036933348	0.00029861485	-0.0010053096	0	0	0.9992498	0.036933348	0.00029861485	2.7743683e-20	-1
0	0.99924195	0.037147112	0.00029865775	-0.001256637	0	0	0.99924195	0.037147112	0.00029865775	2.7843972e-20	-1
0	0.99922013	0.037728228	0.00029877515	-0.0018849556	0	0	0.99922013	0.037728228	0.00029877515	2.8094708e-20	-1
0	0.99919736	0.03832282	0.0002988807	-0.002513274	0	0	0.99919736	0.03832282	0.0002988807	2.8345434e-20	-1
0	0.99914956	0.039546236	0.00029911322	-0.0037699111	0	0	0.99914956	0.039546236	0.00029911322	2.8846867e-20	-1
0	0.999037	0.04228913	0.00029955094	-0.0062831854	0	0	0.999037	0.04228913	0.00029955094	2.984966e-20	-1
0	0.9988596	0.046283383	0.00030006727	-0.009424778	0	0	0.9988596	0.046283383	0.00030006727	3.1102973e-20	-1
0	0.9986233	0.05112089	0.00030052807	-0.012566371	0	0	0.9986233	0.05112089	0.00030052807	3.2356026e-20	-1
0	0.9978367	0.06466662	0.00030109956	-0.018849555	0	0	0.9978367	0.06466662	0.00030109956	3.4860958e-20	-1
0	0.99601924	0.08832875	0.00030026483	-0.025132742	0	0	0.99601924	0.08832875	0.00030026483	3.736286e-20	-1
0	-0.9997518	-0.01913923	-0.0002913432	-0.03769911	0	0	-0.9997518	-0.01913923	-0.0002913432	1.2293173e-20	-1
0	-0.9997988	-0.0165486	-0.0002890476	-0.050265484	0	0	-0.9997988	-0.0165486	-0.0002890476	7.275793e-21	-1
0	-0.99983025	-0.014574623	-0.00028679008	-0.06283186	0	0	-0.99983025	-0.014574623	-0.00028679008	2.2582081e-21	-1
0	-0.99983025	-0.014574623	-0.00028679008	-0.06283186	0	0	-0.99983025	-0.014574623	-0.00028679008	2.2582081e-21	1
0	-0.99979883	-0.016544245	-0.00028905104	-0.050265484	0	0	-0.99979883	-0.016544245	-0.00028905104	7.275788e-21	1
0	-0.9997518	-0.01913815	-0.00029134884	-0.03769911	0	0	-0.9997518	-0.01913815	-0.00029134884	1.22931705e-20	1
0	-0.9996767	-0.022687964	-0.00029369263	-0.025132742	0	0	-0.9996767	-0.022687964	-0.00029369263	1.7310258e-20	1
0	-0.9996209	-0.025009472	-0.00029487826	-0.018849555	0	0	-0.9996209	-0.025009472	-0.00029487826	1.9818642e-20	1
0	-0.9995452	-0.027855687	-0.00029606675	-0.012566371	0	0	-0.9995452	-0.027855687	-0.00029606675	2.232685e-20	1
0	-0.9994967	-0.029537149	-0.00029666067	-0.009424778	0	0	-0.9994967	-0.029537149	-0.00029666067	2.3580876e-20	1
0	-0.99943876	-0.031429254	-0.00029725872	-0.0062831854	0	0	-0.99943876	-0.031429254	-0.00029725872	2.4834836e-20	1
0	-0.99938345	-0.033134043	-0.00029773105	-0.0037699111	0	0	-0.99938345	-0.033134043	-0.00029773105	2.5837946e-20	1
0	-0.99935234	-0.034055326	-0.00029796563	-0.002513274	0	0	-0.99935234	-0.034055326	-0.00029796563	2.6339478e-20	1
0	-0.9993359	-0.03453421	-0.00029808277	-0.0018849556	0	0	-0.9993359	-0.03453421	-0.00029808277	2.659024e-20	1
0	-0.9993186	-0.035029598	-0.00029819927	-0.001256637	0	0	-0.9993186	-0.035029598	-0.00029819927	2.6840995e-20	1
0	-0.9993186	-0.035029598	-0.00029819927	-0.0010053096	0	0	-0.9993186	-0.035029598	-0.00029819927	2.6941297e-20	1
0	-0.9993006	-0.035537392	-0.00029831557	-0.0006283185	0	0	-0.9993006	-0.035537392	-0.00029831557	2.7091748e-20	1
0	-0.9992894	-0.035851724	-0.0002983843	-0.0002513274	0	0	-0.9992894	-0.035851724	-0.0002983843	2.7242198e-20	1
0	-0.9992894	-0.035851724	-0.0002983843	-0.0001256637	0	0	-0.9992894	-0.035851724	-0.0002983843	2.7292346e-20	1
0	-0.9992894	-0.035851724	-0.0002983843	-6.283185e-05	0	0	-0.9992894	-0.035851724	-0.0002983843	2.731742e-20	1
0	-0.9992894	-0.035851724	-0.0002983843	-2.5132742e-05	0	0	-0.9992894	-0.035851724	-0.0002983843	2.7332468e-20	1
0	-0.9992894	-0.035851724	-0.0002983843	-1.2566371e-05	0	0	-0.9992894	-0.035851724	-0.0002983843	2.7337482e-20	1
0	-0.9992894	-0.035851724	-0.0002983843	-6.2831855e-06	0	0	-0.9992894	-0.035851724	-0.0002983843	2.733999e-20	1
0	-0.9992894	-0.035851724	-0.0002983843	-2.513274e-06	0	0	-0.9992894	-0.035851724	-0.0002983843	2.7341492e-20	1
0	-0.9992894	-0.035851724	-0.0002983843	-1.256637e-06	0	0	-0.9992894	-0.035851724	-0.0002983843	2.7341993e-20	1
0	-0.9992894	-0.035851724	-0.0002983843	-6.283185e-07	0	0	-0.9992894	-0.035851724	-0.0002983843	2.7342245e-20	1
0	-0.9992894	-0.035851724	-0.0002983843	-2.513274e-07	0	0	-0.9992894	-0.035851724	-0.0002983843	2.7342397e-20	1
0	-0.9992894	-0.035851724	-0.0002983843	-1.256637e-07	0	0	-0.9992894	-0.035851724	-0.0002983843	2.7342445e-20	1
0	-0.9992894	-0.035851724	-0.0002983843	0	0	0	-0.9992894	-0.035851724	-0.0002983843	2.7342497e-20	1
0	-0.9992894	-0.035851724	-0.0002983843	1.256637e-07	0	0	-0.9992894	-0.035851724	-0.0002983843	2.7342546e-20	1
0	-0.9992894	-0.035851724	-0.0002983843	2.513274e-07	0	0	-0.9992894	-0.035851724	-0.0002983843	2.7342597e-20	1
0	-0.9992894	-0.035851724	-0.0002983843	6.283185e-07	0	0	-0.9992894	-0.035851724	-0.0002983843	2.7342746e-20	1
0	-0.9992894	-0.035851724	-0.0002983843	1.256637e-06	0	0	-0.9992894	-0.035851724	-0.0002983843	2.7342998e-20	1
0	-0.9992894	-0.035851724	-0.0002983843	2.513274e-06	0	0	-0.9992894	-0.035851724	-0.0002983843	2.73435e-20	1
0	-0.9992894	-0.035851724	-0.0002983843	6.2831855e-06	0	0	-0.9992894	-0.035851724	-0.0002983843	2.7345005e-20	1
0	-0.9992894	-0.035851724	-0.0002983843	1.2566371e-05	0	0	-0.9992894	-0.035851724	-0.0002983843	2.7347512e-20	1
0	-0.9992894	-0.035851724	-0.0002983843	2.5132742e-05	0	0	-0.9992894	-0.035851724	-0.0002983843	2.7352527e-20	1
0	-0.9992802	-0.03610507	-0.00029844267	6.283185e-05	0	0	-0.9992802	-0.03610507	-0.00029844267	2.7367568e-20	1
0	-0.99927795	-0.036167152	-0.00029845396	0.0001256637	0	0	-0.99927795	-0.036167152	-0.00029845396	2.7392645e-20	1
0	-0.99927413	-0.036272947	-0.0002984773	0.0002513274	0	0	-0.99927413	-0.036272947	-0.0002984773	2.7442793e-20	1
0	-0.9992622	-0.036599066	-0.00029854642	0.0006283185	0	0	-0.9992622	-0.036599066	-0.00029854642	2.7593236e-20	1
0	-0.99924994	-0.036930934	-0.00029861522	0.0010053096	0	0	-0.99924994	-0.036930934	-0.00029861522	2.774368e-20	1
0	-0.9992416	-0.03715627	-0.00029866264	0.001256637	0	0	-0.9992416	-0.03715627	-0.00029866264	2.7843975e-20	1
0	-0.9992204	-0.037721038	-0.00029877503	0.0018849556	0	0	-0.9992204	-0.037721038	-0.00029877503	2.8094708e-20	1
0	-0.9991976	-0.03831861	-0.00029888868	0.002513274	0	0	-0.9991976	-0.03831861	-0.00029888868	2.8345437e-20	1
0	-0.9991492	-0.039556876	-0.0002991131	0.0037699111	0	0	-0.9991492	-0.039556876	-0.0002991131	2.8846867e-20	1
0	-0.99903727	-0.042284396	-0.0002995627	0.0062831854	0	0	-0.99903727	-0.042284396	-0.0002995627	2.9849665e-20	1
0	-0.99885976	-0.046280682	-0.0003000673	0.009424778	0	0	-0.99885976	-0.046280682	-0.0003000673	3.1102973e-20	1
0	-0.9986237	-0.05111363	-0.00030052857	0.012566371	0	0	-0.9986237	-0.05111363	-0.00030052857	3.235603e-20	1
0	-0.99783754	-0.06465347	-0.00030110037	0.018849555	0	0	-0.99783754	-0.06465347	-0.00030110037	3.4860952e-20	1
0	-0.99602103	-0.08830869	-0.00030026847	0.025132742	0	0	-0.99602103	-0.08830869	-0.00030026847	3.7362866e-20	1
0	0.99975175	0.019139336	0.00029134873	0.03769911	0	0	0.99975175	0.019139336	0.00029134873	1.2293173e-20	1
0	0.9997988	0.016549304	0.0002890476	0.050265484	0	0	0.9997988	0.016549304	0.0002890476	7.2757886e-21	1
0	0.99983025	0.014574114	0.00028678964	0.06283186	0	0	0.99983025	0.014574114	0.00028678964	2.2582063e-21	1
