# t (s)	mx ()	my ()	mz ()	B_extx (T)	B_exty (T)	B_extz (T)	mx ()	my ()	mz ()	E_total (J)	branch ()
0	0.027308961	0.99954396	-0.0057867873	0	0.06283186	0	0.027308961	0.99954396	-0.0057867873	4.6295267e-21	-1
0	0.03428323	0.99932814	-0.0057861716	0	0.050265484	0	0.03428323	0.99932814	-0.0057861716	9.645268e-21	-1
0	0.045912236	0.9988605	-0.005748082	0	0.03769911	0	0.045912236	0.9988605	-0.005748082	1.4659395e-20	-1
0	0.06880589	0.99754405	-0.0056056245	0	0.025132742	0	0.06880589	0.99754405	-0.0056056245	1.9669516e-20	-1
0	0.090618454	0.9957988	-0.0054223705	0	0.018849555	0	0.090618454	0.9957988	-0.0054223705	2.2170705e-20	-1
0	0.12915742	0.9915355	-0.005021503	0	0.012566371	0	0.12915742	0.9915355	-0.005021503	2.4664928e-20	-1
0	0.16041324	0.9869592	-0.004637095	0	0.009424778	0	0.16041324	0.9869592	-0.004637095	2.5906339e-20	-1
0	0.20524067	0.9786167	-0.004006314	0	0.0062831854	0	0.20524067	0.9786167	-0.004006314	2.7139915e-20	-1
0	0.2555555	0.96669316	-0.0032016994	0	0.0037699111	0	0.2555555	0.96669316	-0.0032016994	2.81167e-20	-1
0	0.2873109	0.9577309	-0.0026492765	0	0.002513274	0	0.2873109	0.9577309	-0.0026492765	2.8599686e-20	-1
0	0.3052957	0.95214784	-0.002323312	0	0.0018849556	0	0.3052957	0.95214784	-0.002323312	2.883932e-20	-1
0	0.32488242	0.9456407	-0.0019588894	0	0.001256637	0	0.32488242	0.9456407	-0.0019588894	2.907743e-20	-1
0	0.32488242	0.9456407	-0.0019588894	0	0.0010053096	0	0.32488242	0.9456407	-0.0019588894	2.9172347e-20	-1
0	0.34647006	0.9379425	-0.0015472851	0	0.0006283185	0	0.34647006	0.9379425	-0.0015472851	2.9313775e-20	-1
0	0.36048532	0.93264306	-0.001275271	0	0.0002513274	0	0.36048532	0.93264306	-0.001275271	2.9454596e-20	-1
0	0.36048532	0.93264306	-0.001275271	0	0.0001256637	0	0.36048532	0.93264306	-0.001275271	2.9501403e-20	-1
0	0.36048532	0.93264306	-0.001275271	0	6.283185e-05	0	0.36048532	0.93264306	-0.001275271	2.9524803e-20	-1
0	0.36048532	0.93264306	-0.001275271	0	2.5132742e-05	0	0.36048532	0.93264306	-0.001275271	2.9538846e-20	-1
0	0.36048532	0.93264306	-0.001275271	0	1.2566371e-05	0	0.36048532	0.93264306	-0.001275271	2.9543528e-20	-1
0	0.36048532	0.93264306	-0.001275271	0	6.2831855e-06	0	0.36048532	0.93264306	-0.001275271	2.9545867e-20	-1
0	0.36048532	0.93264306	-0.001275271	0	2.513274e-06	0	0.36048532	0.93264306	-0.001275271	2.954727e-20	-1
0	0.36048532	0.93264306	-0.001275271	0	1.256637e-06	0	0.36048532	0.93264306	-0.001275271	2.9547738e-20	-1
0	0.36048532	0.93264306	-0.001275271	0	6.283185e-07	0	0.36048532	0.93264306	-0.001275271	2.9547974e-20	-1
0	0.36048532	0.93264306	-0.001275271	0	2.513274e-07	0	0.36048532	0.93264306	-0.001275271	2.9548113e-20	-1
0	0.36048532	0.93264306	-0.001275271	0	1.256637e-07	0	0.36048532	0.93264306	-0.001275271	2.954816e-20	-1
0	0.36048532	0.93264306	-0.001275271	0	0	0	0.36048532	0.93264306	-0.001275271	2.9548207e-20	-1
0	0.36048532	0.93264306	-0.001275271	0	-1.256637e-07	0	0.36048532	0.93264306	-0.001275271	2.9548255e-20	-1
0	0.36048532	0.93264306	-0.001275271	0	-2.513274e-07	0	0.36048532	0.93264306	-0.001275271	2.95483e-20	-1
0	0.36048532	0.93264306	-0.001275271	0	-6.283185e-07	0	0.36048532	0.93264306	-0.001275271	2.954844e-20	-1
0	0.36048532	0.93264306	-0.001275271	0	-1.256637e-06	0	0.36048532	0.93264306	-0.001275271	2.9548675e-20	-1
0	0.36048532	0.93264306	-0.001275271	0	-2.513274e-06	0	0.36048532	0.93264306	-0.001275271	2.9549144e-20	-1
0	0.36048532	0.93264306	-0.001275271	0	-6.2831855e-06	0	0.36048532	0.93264306	-0.001275271	2.9550546e-20	-1
0	0.36048532	0.93264306	-0.001275271	0	-1.2566371e-05	0	0.36048532	0.93264306	-0.001275271	2.955289e-20	-1
0	0.36048532	0.93264306	-0.001275271	0	-2.5132742e-05	0	0.36048532	0.93264306	-0.001275271	2.9557567e-20	-1
0	0.36048532	0.93264306	-0.001275271	0	-6.283185e-05	0	0.36048532	0.93264306	-0.001275271	2.957161e-20	-1
0	0.36048532	0.93264306	-0.001275271	0	-0.0001256637	0	0.36048532	0.93264306	-0.001275271	2.959501e-20	-1
0	0.38065642	0.92458963	-0.00087833975	0	-0.0002513274	0	0.38065642	0.92458963	-0.00087833975	2.9641032e-20	-1
0	0.39707178	0.9176563	-0.00055151625	0	-0.0006283185	0	0.39707178	0.9176563	-0.00055151625	2.9779723e-20	-1
0	0.4147868	0.9097823	-0.00019608284	0	-0.0010053096	0	0.4147868	0.9097823	-0.00019608284	2.9917304e-20	-1
0	0.4147868	0.9097823	-0.00019608284	0	-0.001256637	0	0.4147868	0.9097823	-0.00019608284	3.000862e-20	-1
0	0.46379006	0.8857934	0.00079243403	0	-0.0018849556	0	0.46379006	0.8857934	0.00079243403	3.0232973e-20	-1
0	0.5104105	0.8597626	0.0017207774	0	-0.002513274	0	0.5104105	0.8597626	0.0017207774	3.0452205e-20	-1
0	0.8128207	-0.5822099	-0.0067831646	0	-0.0037699111	0	0.8128207	-0.5822099	-0.0067831646	2.8068684e-20	-1
0	0.69718075	-0.7166561	-0.0037987821	0	-0.0062831854	0	0.69718075	-0.7166561	-0.0037987821	2.742115e-20	-1
0	-0.16036114	-0.9869677	0.0046377946	0	-0.009424778	0	-0.16036114	-0.9869677	0.0046377946	2.5906337e-20	-1
0	-0.1291745	-0.9915332	0.0050212983	0	-0.012566371	0	-0.1291745	-0.9915332	0.0050212983	2.466493e-20	-1
0	-0.09063471	-0.9957974	0.0054222723	0	-0.018849555	0	-0.09063471	-0.9957974	0.0054222723	2.2170704e-20	-1
0	-0.06883606	-0.99754196	0.0056053493	0	-0.025132742	0	-0.06883606	-0.99754196	0.0056053493	1.9669518e-20	-1
0	-0.045922074	-0.99886	0.0057480065	0	-0.03769911	0	-0.045922074	-0.99886	0.0057480065	1.4659397e-20	-1
0	-0.034286655	-0.999328	0.005786147	0	-0.050265484	0	-0.034286655	-0.999328	0.005786147	9.645265e-21	-1
0	-0.0273141	-0.99954385	0.005786754	0	-0.06283186	0	-0.0273141	-0.99954385	0.005786754	4.62953e-21	-1
0	-0.0273141	-0.99954385	0.005786754	0	-0.06283186	0	-0.0273141	-0.99954385	0.005786754	4.62953e-21	1
0	-0.034283694	-0.99932814	0.0057861693	0	-0.050265484	0	-0.034283694	-0.99932814	0.0057861693	9.645263e-21	1
0	-0.04591684	-0.99886036	0.0057480484	0	-0.03769911	0	-0.04591684	-0.99886036	0.0057480484	1.4659397e-20	1
0	-0.06880751	-0.99754393	0.0056056096	0	-0.025132742	0	-0.06880751	-0.99754393	0.0056056096	1.966952e-20	1
0	-0.090604976	-0.9958001	0.0054225056	0	-0.018849555	0	-0.090604976	-0.9958001	0.0054225056	2.2170704e-20	1
0	-0.12914622	-0.9915369	0.0050216345	0	-0.012566371	0	-0.12914622	-0.9915369	0.0050216345	2.4664928e-20	1
0	-0.1603367	-0.9869717	0.0046381233	0	-0.009424778	0	-0.1603367	-0.9869717	0.0046381233	2.5906339e-20	1
0	-0.20527971	-0.9786085	0.0040056733	0	-0.0062831854	0	-0.20527971	-0.9786085	0.0040056733	2.7139915e-20	1
0	-0.25557065	-0.9666891	0.003201441	0	-0.0037699111	0	-0.25557065	-0.9666891	0.003201441	2.8116703e-20	1
0	-0.2873181	-0.95772874	0.0026491473	0	-0.002513274	0	-0.2873181	-0.95772874	0.0026491473	2.859969e-20	1
0	-0.3054633	-0.9520941	0.002320205	0	-0.0018849556	0	-0.3054633	-0.9520941	0.002320205	2.8839316e-20	1
0	-0.3249088	-0.9456316	0.0019583884	0	-0.001256637	0	-0.3249088	-0.9456316	0.0019583884	2.907743e-20	1
0	-0.3249088	-0.9456316	0.0019583884	0	-0.0010053096	0	-0.3249088	-0.9456316	0.0019583884	2.9172347e-20	1
0	-0.34642485	-0.93795925	0.0015481635	0	-0.0006283185	0	-0.34642485	-0.93795925	0.0015481635	2.9313775e-20	1
0	-0.36040086	-0.9326757	0.0012769373	0	-0.0002513274	0	-0.36040086	-0.9326757	0.0012769373	2.9454596e-20	1
0	-0.36040086	-0.9326757	0.0012769373	0	-0.0001256637	0	-0.36040086	-0.9326757	0.0012769373	2.9501403e-20	1
0	-0.36040086	-0.9326757	0.0012769373	0	-6.283185e-05	0	-0.36040086	-0.9326757	0.0012769373	2.9524806e-20	1
0	-0.36040086	-0.9326757	0.0012769373	0	-2.5132742e-05	0	-0.36040086	-0.9326757	0.0012769373	2.953885e-20	1
0	-0.36040086	-0.9326757	0.0012769373	0	-1.2566371e-05	0	-0.36040086	-0.9326757	0.0012769373	2.9543528e-20	1
0	-0.36040086	-0.9326757	0.0012769373	0	-6.2831855e-06	0	-0.36040086	-0.9326757	0.0012769373	2.954587e-20	1
0	-0.36040086	-0.9326757	0.0012769373	0	-2.513274e-06	0	-0.36040086	-0.9326757	0.0012769373	2.9547273e-20	1
0	-0.36040086	-0.9326757	0.0012769373	0	-1.256637e-06	0	-0.36040086	-0.9326757	0.0012769373	2.954774e-20	1
0	-0.36040086	-0.9326757	0.0012769373	0	-6.283185e-07	0	-0.36040086	-0.9326757	0.0012769373	2.9547977e-20	1
0	-0.36040086	-0.9326757	0.0012769373	0	-2.513274e-07	0	-0.36040086	-0.9326757	0.0012769373	2.9548116e-20	1
0	-0.36040086	-0.9326757	0.0012769373	0	-1.256637e-07	0	-0.36040086	-0.9326757	0.0012769373	2.9548165e-20	1
0	-0.36040086	-0.9326757	0.0012769373	0	0	0	-0.36040086	-0.9326757	0.0012769373	2.954821e-20	1
0	-0.36040086	-0.9326757	0.0012769373	0	1.256637e-07	0	-0.36040086	-0.9326757	0.0012769373	2.9548258e-20	1
0	-0.36040086	-0.9326757	0.0012769373	0	2.513274e-07	0	-0.36040086	-0.9326757	0.0012769373	2.9548304e-20	1
0	-0.36040086	-0.9326757	0.0012769373	0	6.283185e-07	0	-0.36040086	-0.9326757	0.0012769373	2.9548442e-20	1
0	-0.36040086	-0.9326757	0.0012769373	0	1.256637e-06	0	-0.36040086	-0.9326757	0.0012769373	2.9548678e-20	1
0	-0.36040086	-0.9326757	0.0012769373	0	2.513274e-06	0	-0.36040086	-0.9326757	0.0012769373	2.9549147e-20	1
0	-0.36040086	-0.9326757	0.0012769373	0	6.2831855e-06	0	-0.36040086	-0.9326757	0.0012769373	2.955055e-20	1
0	-0.36040086	-0.9326757	0.0012769373	0	1.2566371e-05	0	-0.36040086	-0.9326757	0.0012769373	2.9552892e-20	1
0	-0.36040086	-0.9326757	0.0012769373	0	2.5132742e-05	0	-0.36040086	-0.9326757	0.0012769373	2.955757e-20	1
0	-0.36040086	-0.9326757	0.0012769373	0	6.283185e-05	0	-0.36040086	-0.9326757	0.0012769373	2.9571613e-20	1
0	-0.36040086	-0.9326757	0.0012769373	0	0.0001256637	0	-0.36040086	-0.9326757	0.0012769373	2.9595017e-20	1
0	-0.38051495	-0.9246479	0.0008811596	0	0.0002513274	0	-0.38051495	-0.9246479	0.0008811596	2.9641032e-20	1
0	-0.39692557	-0.9177195	0.0005544557	0	0.0006283185	0	-0.39692557	-0.9177195	0.0005544557	2.9779723e-20	1
0	-0.39692557	-0.9177195	0.0005544557	0	0.0010053096	0	-0.39692557	-0.9177195	0.0005544557	2.991789e-20	1
0	-0.42747945	-0.9038849	-5.9713082e-05	0	0.001256637	0	-0.42747945	-0.9038849	-5.9713082e-05	3.000833e-20	1
0	-0.46373397	-0.8858228	-0.000791301	0	0.0018849556	0	-0.46373397	-0.8858228	-0.000791301	3.023297e-20	1
0	-0.51036066	-0.85979223	-0.0017197975	0	0.002513274	0	-0.51036066	-0.85979223	-0.0017197975	3.0452202e-20	1
0	0.25564203	0.9666702	-0.0032002209	0	0.0037699111	0	0.25564203	0.9666702	-0.0032002209	2.81167e-20	1
0	0.20528343	0.9786078	-0.004005614	0	0.0062831854	0	0.20528343	0.9786078	-0.004005614	2.713992e-20	1
0	0.16040385	0.98696077	-0.0046372204	0	0.009424778	0	0.16040385	0.98696077	-0.0046372204	2.590634e-20	1
0	0.12917417	0.9915333	-0.005021302	0	0.012566371	0	0.12917417	0.9915333	-0.005021302	2.466493e-20	1
0	0.09062876	0.99579793	-0.0054222643	0	0.018849555	0	0.09062876	0.99579793	-0.0054222643	2.2170702e-20	1
0	0.06883218	0.99754226	-0.0056053875	0	0.025132742	0	0.06883218	0.99754226	-0.0056053875	1.9669518e-20	1
0	0.045916885	0.99886036	-0.0057480484	0	0.03769911	0	0.045916885	0.99886036	-0.0057480484	1.4659397e-20	1
0	0.03428784	0.99932796	-0.0057861386	0	0.050265484	0	0.03428784	0.99932796	-0.0057861386	9.645263e-21	1
0	0.027315725	0.9995438	-0.0057867425	0	0.06283186	0	0.027315725	0.9995438	-0.0057867425	4.6295267e-21	1
