# t (s)	mx ()	my ()	mz ()	B_extx (T)	B_exty (T)	B_extz (T)	mx ()	my ()	mz ()	E_total (J)	branch ()
0	-0.061411195	0.99803114	0.0054950723	0	0.06283186	0	-0.061411195	0.99803114	0.0054950723	4.173815e-21	-1
0	-0.072262034	0.9973023	0.0056062834	0	0.050265484	0	-0.072262034	0.9973023	0.0056062834	9.180758e-21	-1
0	-0.08757408	0.9960721	0.005744246	0	0.03769911	0	-0.08757408	0.9960721	0.005744246	1.4182928e-20	-1
0	-0.11060903	0.9937744	0.005924726	0	0.025132742	0	-0.11060903	0.9937744	0.005924726	1.9176604e-20	-1
0	-0.1270144	0.99180853	0.006039163	0	0.018849555	0	-0.1270144	0.99180853	0.006039163	2.1667933e-20	-1
0	-0.14872286	0.9887829	0.006176357	0	0.012566371	0	-0.14872286	0.9887829	0.006176357	2.4153121e-20	-1
0	-0.16240984	0.98662484	0.0062554255	0	0.009424778	0	-0.16240984	0.98662484	0.0062554255	2.5392382e-20	-1
0	-0.17874613	0.9837936	0.006342712	0	0.0062831854	0	-0.17874613	0.9837936	0.006342712	2.662853e-20	-1
0	-0.19428039	0.9808414	0.006418762	0	0.0037699111	0	-0.19428039	0.9808414	0.006418762	2.7614546e-20	-1
0	-0.20305246	0.97906137	0.006458755	0	0.002513274	0	-0.20305246	0.97906137	0.006458755	2.8106344e-20	-1
0	-0.2077637	0.9780716	0.0064793387	0	0.0018849556	0	-0.2077637	0.9780716	0.0064793387	2.8351893e-20	-1
0	-0.21271053	0.9770068	0.0065002814	0	0.001256637	0	-0.21271053	0.9770068	0.0065002814	2.859718e-20	-1
0	-0.21271053	0.9770068	0.0065002814	0	0.0010053096	0	-0.21271053	0.9770068	0.0065002814	2.8695244e-20	-1
0	-0.21787688	0.9758667	0.0065214336	0	0.0006283185	0	-0.21787688	0.9758667	0.0065214336	2.88422e-20	-1
0	-0.22109342	0.97514236	0.006534228	0	0.0002513274	0	-0.22109342	0.97514236	0.006534228	2.898906e-20	-1
0	-0.22109342	0.97514236	0.006534228	0	0.0001256637	0	-0.22109342	0.97514236	0.006534228	2.9037998e-20	-1
0	-0.22109342	0.97514236	0.006534228	0	6.283185e-05	0	-0.22109342	0.97514236	0.006534228	2.9062467e-20	-1
0	-0.22109342	0.97514236	0.006534228	0	2.5132742e-05	0	-0.22109342	0.97514236	0.006534228	2.907715e-20	-1
0	-0.22109342	0.97514236	0.006534228	0	1.2566371e-05	0	-0.22109342	0.97514236	0.006534228	2.9082042e-20	-1
0	-0.22109342	0.97514236	0.006534228	0	6.2831855e-06	0	-0.22109342	0.97514236	0.006534228	2.908449e-20	-1
0	-0.22109342	0.97514236	0.006534228	0	2.513274e-06	0	-0.22109342	0.97514236	0.006534228	2.9085958e-20	-1
0	-0.22109342	0.97514236	0.006534228	0	1.256637e-06	0	-0.22109342	0.97514236	0.006534228	2.9086446e-20	-1
0	-0.22109342	0.97514236	0.006534228	0	6.283185e-07	0	-0.22109342	0.97514236	0.006534228	2.908669e-20	-1
0	-0.22109342	0.97514236	0.006534228	0	2.513274e-07	0	-0.22109342	0.97514236	0.006534228	2.908684e-20	-1
0	-0.22109342	0.97514236	0.006534228	0	1.256637e-07	0	-0.22109342	0.97514236	0.006534228	2.908689e-20	-1
0	-0.22109342	0.97514236	0.006534228	0	0	0	-0.22109342	0.97514236	0.006534228	2.9086937e-20	-1
0	-0.22109342	0.97514236	0.006534228	0	-1.256637e-07	0	-0.22109342	0.97514236	0.006534228	2.9086986e-20	-1
0	-0.22109342	0.97514236	0.006534228	0	-2.513274e-07	0	-0.22109342	0.97514236	0.006534228	2.9087034e-20	-1
0	-0.22109342	0.97514236	0.006534228	0	-6.283185e-07	0	-0.22109342	0.97514236	0.006534228	2.9087183e-20	-1
0	-0.22109342	0.97514236	0.006534228	0	-1.256637e-06	0	-0.22109342	0.97514236	0.006534228	2.9087425e-20	-1
0	-0.22109342	0.97514236	0.006534228	0	-2.513274e-06	0	-0.22109342	0.97514236	0.006534228	2.9087916e-20	-1
0	-0.22109342	0.97514236	0.006534228	0	-6.2831855e-06	0	-0.22109342	0.97514236	0.006534228	2.9089383e-20	-1
0	-0.22109342	0.97514236	0.006534228	0	-1.2566371e-05	0	-0.22109342	0.97514236	0.006534228	2.909183e-20	-1
0	-0.22109342	0.97514236	0.006534228	0	-2.5132742e-05	0	-0.22109342	0.97514236	0.006534228	2.9096724e-20	-1
0	-0.22109342	0.97514236	0.006534228	0	-6.283185e-05	0	-0.22109342	0.97514236	0.006534228	2.9111407e-20	-1
0	-0.22441822	0.9743819	0.006547142	0	-0.0001256637	0	-0.22441822	0.9743819	0.006547142	2.913582e-20	-1
0	-0.22441822	0.9743819	0.006547142	0	-0.0002513274	0	-0.22441822	0.9743819	0.006547142	2.918472e-20	-1
0	-0.22905177	0.9733022	0.006564608	0	-0.0006283185	0	-0.22905177	0.9733022	0.006564608	2.933131e-20	-1
0	-0.23261768	0.9724554	0.006577651	0	-0.0010053096	0	-0.23261768	0.9724554	0.006577651	2.9477783e-20	-1
0	-0.23261768	0.9724554	0.006577651	0	-0.001256637	0	-0.23261768	0.9724554	0.006577651	2.9575387e-20	-1
0	-0.24148397	0.97028995	0.006608482	0	-0.0018849556	0	-0.24148397	0.97028995	0.006608482	2.9819027e-20	-1
0	-0.24827752	0.9685725	0.0066305753	0	-0.002513274	0	-0.24827752	0.9685725	0.0066305753	3.0062286e-20	-1
0	-0.26331025	0.9645912	0.0066746604	0	-0.0037699111	0	-0.26331025	0.9645912	0.0066746604	3.0547396e-20	-1
0	-0.30144978	0.95335245	0.006756003	0	-0.0062831854	0	-0.30144978	0.95335245	0.006756003	3.1510386e-20	-1
0	-0.39334452	0.91923594	0.0067570712	0	-0.009424778	0	-0.39334452	0.91923594	0.0067570712	3.2690097e-20	-1
0	0.1487239	-0.98878276	-0.006176362	0	-0.012566371	0	0.1487239	-0.98878276	-0.006176362	2.4153128e-20	-1
0	0.12702727	-0.9918069	-0.0060392343	0	-0.018849555	0	0.12702727	-0.9918069	-0.0060392343	2.1667935e-20	-1
0	0.11061802	-0.9937734	-0.005924778	0	-0.025132742	0	0.11061802	-0.9937734	-0.005924778	1.9176607e-20	-1
0	0.08757499	-0.99607205	-0.0057442486	0	-0.03769911	0	0.08757499	-0.99607205	-0.0057442486	1.4182928e-20	-1
0	0.07226583	-0.99730206	-0.0056063076	0	-0.050265484	0	0.07226583	-0.99730206	-0.0056063076	9.180759e-21	-1
0	0.061413363	-0.998031	-0.0054950872	0	-0.06283186	0	0.061413363	-0.998031	-0.0054950872	4.1738156e-21	-1
0	0.061413363	-0.998031	-0.0054950872	0	-0.06283186	0	0.061413363	-0.998031	-0.0054950872	4.1738156e-21	1
0	0.072264254	-0.9973022	-0.0056062993	0	-0.050265484	0	0.072264254	-0.9973022	-0.0056062993	9.180761e-21	1
0	0.08757059	-0.9960724	-0.0057442216	0	-0.03769911	0	0.08757059	-0.9960724	-0.0057442216	1.4182928e-20	1
0	0.11060782	-0.99377453	-0.0059247194	0	-0.025132742	0	0.11060782	-0.99377453	-0.0059247194	1.9176609e-20	1
0	0.12701151	-0.99180895	-0.0060391473	0	-0.018849555	0	0.12701151	-0.99180895	-0.0060391473	2.1667936e-20	1
0	0.14871174	-0.98878455	-0.0061762994	0	-0.012566371	0	0.14871174	-0.98878455	-0.0061762994	2.4153123e-20	1
0	0.16242753	-0.986622	-0.006255511	0	-0.009424778	0	0.16242753	-0.986622	-0.006255511	2.5392382e-20	1
0	0.17875221	-0.98379254	-0.0063427384	0	-0.0062831854	0	0.17875221	-0.98379254	-0.0063427384	2.6628529e-20	1
0	0.19427082	-0.9808433	-0.0064187227	0	-0.0037699111	0	0.19427082	-0.9808433	-0.0064187227	2.761455e-20	1
0	0.2030691	-0.9790579	-0.006458821	0	-0.002513274	0	0.2030691	-0.9790579	-0.006458821	2.8106344e-20	1
0	0.20776665	-0.978071	-0.006479346	0	-0.0018849556	0	0.20776665	-0.978071	-0.006479346	2.8351893e-20	1
0	0.21269444	-0.97701025	-0.006500221	0	-0.001256637	0	0.21269444	-0.97701025	-0.006500221	2.8597185e-20	1
0	0.21269444	-0.97701025	-0.006500221	0	-0.0010053096	0	0.21269444	-0.97701025	-0.006500221	2.8695248e-20	1
0	0.21788482	-0.9758649	-0.0065214513	0	-0.0006283185	0	0.21788482	-0.9758649	-0.0065214513	2.8842198e-20	1
0	0.22108537	-0.97514415	-0.0065342	0	-0.0002513274	0	0.22108537	-0.97514415	-0.0065342	2.8989065e-20	1
0	0.22108537	-0.97514415	-0.0065342	0	-0.0001256637	0	0.22108537	-0.97514415	-0.0065342	2.9038004e-20	1
0	0.22108537	-0.97514415	-0.0065342	0	-6.283185e-05	0	0.22108537	-0.97514415	-0.0065342	2.906247e-20	1
0	0.22108537	-0.97514415	-0.0065342	0	-2.5132742e-05	0	0.22108537	-0.97514415	-0.0065342	2.9077153e-20	1
0	0.22108537	-0.97514415	-0.0065342	0	-1.2566371e-05	0	0.22108537	-0.97514415	-0.0065342	2.9082045e-20	1
0	0.22108537	-0.97514415	-0.0065342	0	-6.2831855e-06	0	0.22108537	-0.97514415	-0.0065342	2.9084494e-20	1
0	0.22108537	-0.97514415	-0.0065342	0	-2.513274e-06	0	0.22108537	-0.97514415	-0.0065342	2.908596e-20	1
0	0.22108537	-0.97514415	-0.0065342	0	-1.256637e-06	0	0.22108537	-0.97514415	-0.0065342	2.9086452e-20	1
0	0.22108537	-0.97514415	-0.0065342	0	-6.283185e-07	0	0.22108537	-0.97514415	-0.0065342	2.9086695e-20	1
0	0.22108537	-0.97514415	-0.0065342	0	-2.513274e-07	0	0.22108537	-0.97514415	-0.0065342	2.9086843e-20	1
0	0.22108537	-0.97514415	-0.0065342	0	-1.256637e-07	0	0.22108537	-0.97514415	-0.0065342	2.9086892e-20	1
0	0.22108537	-0.97514415	-0.0065342	0	0	0	0.22108537	-0.97514415	-0.0065342	2.908694e-20	1
0	0.22108537	-0.97514415	-0.0065342	0	1.256637e-07	0	0.22108537	-0.97514415	-0.0065342	2.908699e-20	1
0	0.22108537	-0.97514415	-0.0065342	0	2.513274e-07	0	0.22108537	-0.97514415	-0.0065342	2.9087037e-20	1
0	0.22108537	-0.97514415	-0.0065342	0	6.283185e-07	0	0.22108537	-0.97514415	-0.0065342	2.9087186e-20	1
0	0.22108537	-0.97514415	-0.0065342	0	1.256637e-06	0	0.22108537	-0.97514415	-0.0065342	2.9087428e-20	1
0	0.22332624	-0.974633	-0.006542935	0	2.513274e-06	0	0.22332624	-0.974633	-0.006542935	2.9087893e-20	1
0	0.22332624	-0.974633	-0.006542935	0	6.2831855e-06	0	0.22332624	-0.974633	-0.006542935	2.908936e-20	1
0	0.22332624	-0.974633	-0.006542935	0	1.2566371e-05	0	0.22332624	-0.974633	-0.006542935	2.9091806e-20	1
0	0.22332624	-0.974633	-0.006542935	0	2.5132742e-05	0	0.22332624	-0.974633	-0.006542935	2.9096695e-20	1
0	0.22332624	-0.974633	-0.006542935	0	6.283185e-05	0	0.22332624	-0.974633	-0.006542935	2.911137e-20	1
0	0.22332624	-0.974633	-0.006542935	0	0.0001256637	0	0.22332624	-0.974633	-0.006542935	2.9135825e-20	1
0	0.22332624	-0.974633	-0.006542935	0	0.0002513274	0	0.22332624	-0.974633	-0.006542935	2.9184738e-20	1
0	0.22903067	-0.97330713	-0.0065645385	0	0.0006283185	0	0.22903067	-0.97330713	-0.0065645385	2.933131e-20	1
0	0.23262706	-0.9724531	-0.006577676	0	0.0010053096	0	0.23262706	-0.9724531	-0.006577676	2.9477783e-20	1
0	0.23262706	-0.9724531	-0.006577676	0	0.001256637	0	0.23262706	-0.9724531	-0.006577676	2.957539e-20	1
0	0.24148637	-0.97028935	-0.0066084936	0	0.0018849556	0	0.24148637	-0.97028935	-0.0066084936	2.9819027e-20	1
0	0.24828187	-0.9685714	-0.0066305874	0	0.002513274	0	0.24828187	-0.9685714	-0.0066305874	3.0062286e-20	1
0	0.26329076	-0.9645965	-0.0066746147	0	0.0037699111	0	0.26329076	-0.9645965	-0.0066746147	3.0547396e-20	1
0	0.30143332	-0.9533577	-0.0067559783	0	0.0062831854	0	0.30143332	-0.9533577	-0.0067559783	3.1510386e-20	1
0	0.39333072	-0.9192419	-0.0067570945	0	0.009424778	0	0.39333072	-0.9192419	-0.0067570945	3.2690097e-20	1
0	0.8741721	0.4853251	0.0028879493	0	0.012566371	0	0.8741721	0.4853251	0.0028879493	2.5938193e-20	1
0	-0.12700957	0.99180925	0.006039137	0	0.018849555	0	-0.12700957	0.99180925	0.006039137	2.1667936e-20	1
0	-0.11061305	0.99377394	0.0059247473	0	0.025132742	0	-0.11061305	0.99377394	0.0059247473	1.9176607e-20	1
0	-0.08757831	0.99607176	0.005744271	0	0.03769911	0	-0.08757831	0.99607176	0.005744271	1.4182928e-20	1
0	-0.072268665	0.9973018	0.0056063253	0	0.050265484	0	-0.072268665	0.9973018	0.0056063253	9.180761e-21	1
0	-0.061413225	0.998031	0.0054950863	0	0.06283186	0	-0.061413225	0.998031	0.0054950863	4.1738164e-21	1
