# t (s)	mx ()	my ()	mz ()	B_extx (T)	B_exty (T)	B_extz (T)	mx ()	my ()	mz ()	E_total (J)	branch ()
0	-0.048004888	0.99878097	-0.000214443	0	0.06283186	0	-0.048004888	0.99878097	-0.000214443	4.648892e-21	-1
0	-0.057488482	0.99827886	-0.0002951114	0	0.050265484	0	-0.057488482	0.99827886	-0.0002951114	9.660131e-21	-1
0	-0.07146321	0.9973744	-0.00041593716	0	0.03769911	0	-0.07146321	0.9973744	-0.00041593716	1.4667972e-20	-1
0	-0.09386724	0.99551356	-0.00061314035	0	0.025132742	0	-0.09386724	0.99551356	-0.00061314035	1.9669243e-20	-1
0	-0.110834	0.99376583	-0.0007644738	0	0.018849555	0	-0.110834	0.99376583	-0.0007644738	2.216522e-20	-1
0	-0.13462329	0.9908208	-0.0009783681	0	0.012566371	0	-0.13462329	0.9908208	-0.0009783681	2.4655478e-20	-1
0	-0.15042073	0.98854387	-0.0011208919	0	0.009424778	0	-0.15042073	0.98854387	-0.0011208919	2.5897237e-20	-1
0	-0.17000967	0.9853612	-0.0012974725	0	0.0062831854	0	-0.17000967	0.9853612	-0.0012974725	2.7135608e-20	-1
0	-0.18944049	0.9818077	-0.001471776	0	0.0037699111	0	-0.18944049	0.9818077	-0.001471776	2.8122926e-20	-1
0	-0.20083648	0.9795382	-0.0015733151	0	0.002513274	0	-0.20083648	0.9795382	-0.0015733151	2.8615095e-20	-1
0	-0.20704809	0.9782431	-0.0016283822	0	0.0018849556	0	-0.20704809	0.9782431	-0.0016283822	2.886073e-20	-1
0	-0.2136221	0.9768274	-0.0016863963	0	0.001256637	0	-0.2136221	0.9768274	-0.0016863963	2.9106017e-20	-1
0	-0.2136221	0.9768274	-0.0016863963	0	0.0010053096	0	-0.2136221	0.9768274	-0.0016863963	2.920406e-20	-1
0	-0.22064474	0.9752639	-0.0017480784	0	0.0006283185	0	-0.22064474	0.9752639	-0.0017480784	2.9350934e-20	-1
0	-0.22507766	0.9742496	-0.001786824	0	0.0002513274	0	-0.22507766	0.9742496	-0.001786824	2.9497684e-20	-1
0	-0.22507766	0.9742496	-0.001786824	0	0.0001256637	0	-0.22507766	0.9742496	-0.001786824	2.9546578e-20	-1
0	-0.22507766	0.9742496	-0.001786824	0	6.283185e-05	0	-0.22507766	0.9742496	-0.001786824	2.9571025e-20	-1
0	-0.22507766	0.9742496	-0.001786824	0	2.5132742e-05	0	-0.22507766	0.9742496	-0.001786824	2.958569e-20	-1
0	-0.22507766	0.9742496	-0.001786824	0	1.2566371e-05	0	-0.22507766	0.9742496	-0.001786824	2.959058e-20	-1
0	-0.22507766	0.9742496	-0.001786824	0	6.2831855e-06	0	-0.22507766	0.9742496	-0.001786824	2.9593026e-20	-1
0	-0.22507766	0.9742496	-0.001786824	0	2.513274e-06	0	-0.22507766	0.9742496	-0.001786824	2.9594493e-20	-1
0	-0.22507766	0.9742496	-0.001786824	0	1.256637e-06	0	-0.22507766	0.9742496	-0.001786824	2.959498e-20	-1
0	-0.22507766	0.9742496	-0.001786824	0	6.283185e-07	0	-0.22507766	0.9742496	-0.001786824	2.9595227e-20	-1
0	-0.22507766	0.9742496	-0.001786824	0	2.513274e-07	0	-0.22507766	0.9742496	-0.001786824	2.9595372e-20	-1
0	-0.22507766	0.9742496	-0.001786824	0	1.256637e-07	0	-0.22507766	0.9742496	-0.001786824	2.959542e-20	-1
0	-0.22507766	0.9742496	-0.001786824	0	0	0	-0.22507766	0.9742496	-0.001786824	2.959547e-20	-1
0	-0.22507766	0.9742496	-0.001786824	0	-1.256637e-07	0	-0.22507766	0.9742496	-0.001786824	2.959552e-20	-1
0	-0.22507766	0.9742496	-0.001786824	0	-2.513274e-07	0	-0.22507766	0.9742496	-0.001786824	2.959557e-20	-1
0	-0.22507766	0.9742496	-0.001786824	0	-6.283185e-07	0	-0.22507766	0.9742496	-0.001786824	2.9595715e-20	-1
0	-0.22507766	0.9742496	-0.001786824	0	-1.256637e-06	0	-0.22507766	0.9742496	-0.001786824	2.959596e-20	-1
0	-0.22507766	0.9742496	-0.001786824	0	-2.513274e-06	0	-0.22507766	0.9742496	-0.001786824	2.9596448e-20	-1
0	-0.22507766	0.9742496	-0.001786824	0	-6.2831855e-06	0	-0.22507766	0.9742496	-0.001786824	2.9597915e-20	-1
0	-0.22507766	0.9742496	-0.001786824	0	-1.2566371e-05	0	-0.22507766	0.9742496	-0.001786824	2.960036e-20	-1
0	-0.22507766	0.9742496	-0.001786824	0	-2.5132742e-05	0	-0.22507766	0.9742496	-0.001786824	2.960525e-20	-1
0	-0.22889757	0.9733585	-0.0018200888	0	-6.283185e-05	0	-0.22889757	0.9733585	-0.0018200888	2.9619864e-20	-1
0	-0.22889757	0.9733585	-0.0018200888	0	-0.0001256637	0	-0.22889757	0.9733585	-0.0018200888	2.964429e-20	-1
0	-0.22889757	0.9733585	-0.0018200888	0	-0.0002513274	0	-0.22889757	0.9733585	-0.0018200888	2.9693134e-20	-1
0	-0.23615986	0.9716207	-0.001882999	0	-0.0006283185	0	-0.23615986	0.9716207	-0.001882999	2.9839487e-20	-1
0	-0.24129534	0.97035706	-0.0019272075	0	-0.0010053096	0	-0.24129534	0.97035706	-0.0019272075	2.9985675e-20	-1
0	-0.24129534	0.97035706	-0.0019272075	0	-0.001256637	0	-0.24129534	0.97035706	-0.0019272075	3.008307e-20	-1
0	-0.25421557	0.9670501	-0.0020372889	0	-0.0018849556	0	-0.25421557	0.9670501	-0.0020372889	3.0325986e-20	-1
0	-0.26445287	0.9642988	-0.002123252	0	-0.002513274	0	-0.26445287	0.9642988	-0.002123252	3.0568308e-20	-1
0	-0.2882059	0.9574629	-0.0023177455	0	-0.0037699111	0	-0.2882059	0.9574629	-0.0023177455	3.105061e-20	-1
0	-0.3637617	0.93136567	-0.0028757136	0	-0.0062831854	0	-0.3637617	0.93136567	-0.0028757136	3.2000797e-20	-1
0	-0.9015387	-0.43238717	0.004144999	0	-0.009424778	0	-0.9015387	-0.43238717	0.004144999	2.6490417e-20	-1
0	-0.8411701	-0.54048914	0.0030573234	0	-0.012566371	0	-0.8411701	-0.54048914	0.0030573234	2.588461e-20	-1
0	0.11083967	-0.99376523	0.00076452317	0	-0.018849555	0	0.11083967	-0.99376523	0.00076452317	2.2165224e-20	-1
0	0.09386878	-0.9955134	0.00061315345	0	-0.025132742	0	0.09386878	-0.9955134	0.00061315345	1.9669248e-20	-1
0	0.07147421	-0.99737364	0.0004160339	0	-0.03769911	0	0.07147421	-0.99737364	0.0004160339	1.466797e-20	-1
0	0.057495713	-0.9982785	0.00029517413	0	-0.050265484	0	0.057495713	-0.9982785	0.00029517413	9.660136e-21	-1
0	0.048005033	-0.99878097	0.00021444223	0	-0.06283186	0	0.048005033	-0.99878097	0.00021444223	4.648894e-21	-1
0	0.048005033	-0.99878097	0.00021444223	0	-0.06283186	0	0.048005033	-0.99878097	0.00021444223	4.648894e-21	1
0	0.057488326	-0.99827886	0.00029510987	0	-0.050265484	0	0.057488326	-0.99827886	0.00029510987	9.6601335e-21	1
0	0.071467414	-0.9973742	0.00041597482	0	-0.03769911	0	0.071467414	-0.9973742	0.00041597482	1.4667969e-20	1
0	0.093862906	-0.9955139	0.00061309943	0	-0.025132742	0	0.093862906	-0.9955139	0.00061309943	1.9669245e-20	1
0	0.11083631	-0.9937656	0.0007644929	0	-0.018849555	0	0.11083631	-0.9937656	0.0007644929	2.2165224e-20	1
0	0.1346513	-0.99081695	0.0009786213	0	-0.012566371	0	0.1346513	-0.99081695	0.0009786213	2.4655483e-20	1
0	0.15040481	-0.98854625	0.001120741	0	-0.009424778	0	0.15040481	-0.98854625	0.001120741	2.5897237e-20	1
0	0.17000219	-0.98536247	0.001297409	0	-0.0062831854	0	0.17000219	-0.98536247	0.001297409	2.713561e-20	1
0	0.1894421	-0.9818075	0.0014717907	0	-0.0037699111	0	0.1894421	-0.9818075	0.0014717907	2.8122926e-20	1
0	0.20081782	-0.9795421	0.0015731498	0	-0.002513274	0	0.20081782	-0.9795421	0.0015731498	2.8615092e-20	1
0	0.20703553	-0.97824574	0.0016282653	0	-0.0018849556	0	0.20703553	-0.97824574	0.0016282653	2.8860726e-20	1
0	0.21364358	-0.97682273	0.0016865956	0	-0.001256637	0	0.21364358	-0.97682273	0.0016865956	2.9106014e-20	1
0	0.21364358	-0.97682273	0.0016865956	0	-0.0010053096	0	0.21364358	-0.97682273	0.0016865956	2.9204057e-20	1
0	0.22062808	-0.9752677	0.0017479334	0	-0.0006283185	0	0.22062808	-0.9752677	0.0017479334	2.9350934e-20	1
0	0.22508046	-0.974249	0.0017868484	0	-0.0002513274	0	0.22508046	-0.974249	0.0017868484	2.949769e-20	1
0	0.22508046	-0.974249	0.0017868484	0	-0.0001256637	0	0.22508046	-0.974249	0.0017868484	2.954658e-20	1
0	0.22508046	-0.974249	0.0017868484	0	-6.283185e-05	0	0.22508046	-0.974249	0.0017868484	2.9571028e-20	1
0	0.22508046	-0.974249	0.0017868484	0	-2.5132742e-05	0	0.22508046	-0.974249	0.0017868484	2.9585695e-20	1
0	0.22508046	-0.974249	0.0017868484	0	-1.2566371e-05	0	0.22508046	-0.974249	0.0017868484	2.9590587e-20	1
0	0.22508046	-0.974249	0.0017868484	0	-6.2831855e-06	0	0.22508046	-0.974249	0.0017868484	2.959303e-20	1
0	0.22508046	-0.974249	0.0017868484	0	-2.513274e-06	0	0.22508046	-0.974249	0.0017868484	2.9594496e-20	1
0	0.22508046	-0.974249	0.0017868484	0	-1.256637e-06	0	0.22508046	-0.974249	0.0017868484	2.9594984e-20	1
0	0.22508046	-0.974249	0.0017868484	0	-6.283185e-07	0	0.22508046	-0.974249	0.0017868484	2.959523e-20	1
0	0.22508046	-0.974249	0.0017868484	0	-2.513274e-07	0	0.22508046	-0.974249	0.0017868484	2.9595375e-20	1
0	0.22508046	-0.974249	0.0017868484	0	-1.256637e-07	0	0.22508046	-0.974249	0.0017868484	2.9595427e-20	1
0	0.22508046	-0.974249	0.0017868484	0	0	0	0.22508046	-0.974249	0.0017868484	2.9595475e-20	1
0	0.22508046	-0.974249	0.0017868484	0	1.256637e-07	0	0.22508046	-0.974249	0.0017868484	2.9595524e-20	1
0	0.22508046	-0.974249	0.0017868484	0	2.513274e-07	0	0.22508046	-0.974249	0.0017868484	2.9595572e-20	1
0	0.22508046	-0.974249	0.0017868484	0	6.283185e-07	0	0.22508046	-0.974249	0.0017868484	2.9595718e-20	1
0	0.22508046	-0.974249	0.0017868484	0	1.256637e-06	0	0.22508046	-0.974249	0.0017868484	2.9595963e-20	1
0	0.22508046	-0.974249	0.0017868484	0	2.513274e-06	0	0.22508046	-0.974249	0.0017868484	2.959645e-20	1
0	0.22508046	-0.974249	0.0017868484	0	6.2831855e-06	0	0.22508046	-0.974249	0.0017868484	2.9597918e-20	1
0	0.22508046	-0.974249	0.0017868484	0	1.2566371e-05	0	0.22508046	-0.974249	0.0017868484	2.9600364e-20	1
0	0.22508046	-0.974249	0.0017868484	0	2.5132742e-05	0	0.22508046	-0.974249	0.0017868484	2.9605253e-20	1
0	0.22891697	-0.9733539	0.0018202548	0	6.283185e-05	0	0.22891697	-0.9733539	0.0018202548	2.9619864e-20	1
0	0.22891697	-0.9733539	0.0018202548	0	0.0001256637	0	0.22891697	-0.9733539	0.0018202548	2.964429e-20	1
0	0.22891697	-0.9733539	0.0018202548	0	0.0002513274	0	0.22891697	-0.9733539	0.0018202548	2.9693138e-20	1
0	0.23621123	-0.97160816	0.0018834395	0	0.0006283185	0	0.23621123	-0.97160816	0.0018834395	2.9839484e-20	1
0	0.24130127	-0.97035563	0.0019272551	0	0.0010053096	0	0.24130127	-0.97035563	0.0019272551	2.9985672e-20	1
0	0.24130127	-0.97035563	0.0019272551	0	0.001256637	0	0.24130127	-0.97035563	0.0019272551	3.008307e-20	1
0	0.25421533	-0.9670502	0.0020372875	0	0.0018849556	0	0.25421533	-0.9670502	0.0020372875	3.0325986e-20	1
0	0.26442862	-0.9643054	0.0021230495	0	0.002513274	0	0.26442862	-0.9643054	0.0021230495	3.0568308e-20	1
0	0.28819323	-0.9574667	0.0023176426	0	0.0037699111	0	0.28819323	-0.9574667	0.0023176426	3.105061e-20	1
0	0.363953	-0.9312908	0.002876982	0	0.0062831854	0	0.363953	-0.9312908	0.002876982	3.2000794e-20	1
0	0.901536	0.43239295	-0.004144948	0	0.009424778	0	0.901536	0.43239295	-0.004144948	2.6490415e-20	1
0	0.84117055	0.54048836	-0.0030573327	0	0.012566371	0	0.84117055	0.54048836	-0.0030573327	2.5884614e-20	1
0	-0.11084652	0.9937644	-0.00076458644	0	0.018849555	0	-0.11084652	0.9937644	-0.00076458644	2.2165222e-20	1
0	-0.09387509	0.99551284	-0.0006132101	0	0.025132742	0	-0.09387509	0.99551284	-0.0006132101	1.9669245e-20	1
0	-0.07147012	0.99737394	-0.00041599813	0	0.03769911	0	-0.07147012	0.99737394	-0.00041599813	1.4667974e-20	1
0	-0.05749359	0.9982786	-0.0002951558	0	0.050265484	0	-0.05749359	0.9982786	-0.0002951558	9.660134e-21	1
0	-0.04800613	0.99878097	-0.0002144539	0	0.06283186	0	-0.04800613	0.99878097	-0.0002144539	4.6488944e-21	1
