# t (s)	mx ()	my ()	mz ()	B_extx (T)	B_exty (T)	B_extz (T)	mx ()	my ()	mz ()	E_total (J)	branch ()
0	-0.022138726	0.9996867	0.002445459	0	0.06283186	0	-0.022138726	0.9996867	0.002445459	4.5429922e-21	-1
0	-0.026352528	0.9995837	0.0024322402	0	0.050265484	0	-0.026352528	0.9995837	0.0024322402	9.5596876e-21	-1
0	-0.032524392	0.9994011	0.0024029105	0	0.03769911	0	-0.032524392	0.9994011	0.0024029105	1.4575698e-20	-1
0	-0.04241975	0.99902916	0.0023420344	0	0.025132742	0	-0.04241975	0.99902916	0.0023420344	1.9590385e-20	-1
0	-0.04997943	0.9986789	0.00228896	0	0.018849555	0	-0.04997943	0.9986789	0.00228896	2.2096794e-20	-1
0	-0.060723357	0.99808264	0.0022076862	0	0.012566371	0	-0.060723357	0.99808264	0.0022076862	2.4602056e-20	-1
0	-0.06799278	0.9976133	0.0021499624	0	0.009424778	0	-0.06799278	0.9976133	0.0021499624	2.5853995e-20	-1
0	-0.07715892	0.99694574	0.0020748768	0	0.0062831854	0	-0.07715892	0.99694574	0.0020748768	2.7105235e-20	-1
0	-0.08642979	0.99618423	0.0019968646	0	0.0037699111	0	-0.08642979	0.99618423	0.0019968646	2.810551e-20	-1
0	-0.09191595	0.9956926	0.001949879	0	0.002513274	0	-0.09191595	0.9956926	0.001949879	2.8605324e-20	-1
0	-0.09492365	0.9954102	0.001923898	0	0.0018849556	0	-0.09492365	0.9954102	0.001923898	2.8855136e-20	-1
0	-0.09813408	0.9950986	0.0018960016	0	0.001256637	0	-0.09813408	0.9950986	0.0018960016	2.910487e-20	-1
0	-0.09948213	0.9949646	0.0018842344	0	0.0010053096	0	-0.09948213	0.9949646	0.0018842344	2.920474e-20	-1
0	-0.10158636	0.9947519	0.0018658189	0	0.0006283185	0	-0.10158636	0.9947519	0.0018658189	2.9354524e-20	-1
0	-0.10373065	0.99453044	0.0018469972	0	0.0002513274	0	-0.10373065	0.99453044	0.0018469972	2.950427e-20	-1
0	-0.10373065	0.99453044	0.0018469972	0	0.0001256637	0	-0.10373065	0.99453044	0.0018469972	2.955418e-20	-1
0	-0.10373065	0.99453044	0.0018469972	0	6.283185e-05	0	-0.10373065	0.99453044	0.0018469972	2.9579135e-20	-1
0	-0.10373065	0.99453044	0.0018469972	0	2.5132742e-05	0	-0.10373065	0.99453044	0.0018469972	2.959411e-20	-1
0	-0.10373065	0.99453044	0.0018469972	0	1.2566371e-05	0	-0.10373065	0.99453044	0.0018469972	2.95991e-20	-1
0	-0.10373065	0.99453044	0.0018469972	0	6.2831855e-06	0	-0.10373065	0.99453044	0.0018469972	2.9601595e-20	-1
0	-0.10373065	0.99453044	0.0018469972	0	2.513274e-06	0	-0.10373065	0.99453044	0.0018469972	2.9603095e-20	-1
0	-0.10373065	0.99453044	0.0018469972	0	1.256637e-06	0	-0.10373065	0.99453044	0.0018469972	2.9603592e-20	-1
0	-0.10373065	0.99453044	0.0018469972	0	6.283185e-07	0	-0.10373065	0.99453044	0.0018469972	2.960384e-20	-1
0	-0.10373065	0.99453044	0.0018469972	0	2.513274e-07	0	-0.10373065	0.99453044	0.0018469972	2.9603993e-20	-1
0	-0.10373065	0.99453044	0.0018469972	0	1.256637e-07	0	-0.10373065	0.99453044	0.0018469972	2.960404e-20	-1
0	-0.10373065	0.99453044	0.0018469972	0	0	0	-0.10373065	0.99453044	0.0018469972	2.9604093e-20	-1
0	-0.10373065	0.99453044	0.0018469972	0	-1.256637e-07	0	-0.10373065	0.99453044	0.0018469972	2.960414e-20	-1
0	-0.10373065	0.99453044	0.0018469972	0	-2.513274e-07	0	-0.10373065	0.99453044	0.0018469972	2.960419e-20	-1
0	-0.10373065	0.99453044	0.0018469972	0	-6.283185e-07	0	-0.10373065	0.99453044	0.0018469972	2.9604342e-20	-1
0	-0.10373065	0.99453044	0.0018469972	0	-1.256637e-06	0	-0.10373065	0.99453044	0.0018469972	2.960459e-20	-1
0	-0.10373065	0.99453044	0.0018469972	0	-2.513274e-06	0	-0.10373065	0.99453044	0.0018469972	2.960509e-20	-1
0	-0.10373065	0.99453044	0.0018469972	0	-6.2831855e-06	0	-0.10373065	0.99453044	0.0018469972	2.9606587e-20	-1
0	-0.10373065	0.99453044	0.0018469972	0	-1.2566371e-05	0	-0.10373065	0.99453044	0.0018469972	2.9609082e-20	-1
0	-0.10535962	0.994359	0.0018326571	0	-2.5132742e-05	0	-0.10535962	0.994359	0.0018326571	2.9614068e-20	-1
0	-0.10535962	0.994359	0.0018326571	0	-6.283185e-05	0	-0.10535962	0.994359	0.0018326571	2.9629038e-20	-1
0	-0.10535962	0.994359	0.0018326571	0	-0.0001256637	0	-0.10535962	0.994359	0.0018326571	2.965399e-20	-1
0	-0.10535962	0.994359	0.0018326571	0	-0.0002513274	0	-0.10535962	0.994359	0.0018326571	2.970389e-20	-1
0	-0.10915069	0.9939498	0.0017991294	0	-0.0006283185	0	-0.10915069	0.9939498	0.0017991294	2.9853546e-20	-1
0	-0.111714676	0.9936646	0.0017763353	0	-0.0010053096	0	-0.111714676	0.9936646	0.0017763353	3.000317e-20	-1
0	-0.111714676	0.9936646	0.0017763353	0	-0.001256637	0	-0.111714676	0.9936646	0.0017763353	3.0102902e-20	-1
0	-0.11799464	0.9929379	0.0017202094	0	-0.0018849556	0	-0.11799464	0.9929379	0.0017202094	3.0352113e-20	-1
0	-0.122961186	0.9923348	0.001675542	0	-0.002513274	0	-0.122961186	0.9923348	0.001675542	3.0601195e-20	-1
0	-0.13426095	0.9908682	0.0015729999	0	-0.0037699111	0	-0.13426095	0.9908682	0.0015729999	3.109884e-20	-1
0	-0.16492105	0.9862253	0.0012901572	0	-0.0062831854	0	-0.16492105	0.9862253	0.0012901572	3.2091296e-20	-1
0	-0.24355498	0.9697929	0.0005555631	0	-0.009424778	0	-0.24355498	0.9697929	0.0005555631	3.3320867e-20	-1
0	0.06073744	-0.99808174	-0.0022075672	0	-0.012566371	0	0.06073744	-0.99808174	-0.0022075672	2.4602056e-20	-1
0	0.04999092	-0.9986783	-0.002288864	0	-0.018849555	0	0.04999092	-0.9986783	-0.002288864	2.2096797e-20	-1
0	0.042435408	-0.99902844	-0.0023418996	0	-0.025132742	0	0.042435408	-0.99902844	-0.0023418996	1.959038e-20	-1
0	0.032535017	-0.9994008	-0.0024028206	0	-0.03769911	0	0.032535017	-0.9994008	-0.0024028206	1.4575696e-20	-1
0	0.026357334	-0.9995836	-0.0024322434	0	-0.050265484	0	0.026357334	-0.9995836	-0.0024322434	9.55969e-21	-1
0	0.022142958	-0.9996866	-0.0024454242	0	-0.06283186	0	0.022142958	-0.9996866	-0.0024454242	4.5429902e-21	-1
0	0.022142958	-0.9996866	-0.0024454242	0	-0.06283186	0	0.022142958	-0.9996866	-0.0024454242	4.5429902e-21	1
0	0.026353054	-0.9995837	-0.0024322532	0	-0.050265484	0	0.026353054	-0.9995837	-0.0024322532	9.55969e-21	1
0	0.03252808	-0.999401	-0.0024028795	0	-0.03769911	0	0.03252808	-0.999401	-0.0024028795	1.4575695e-20	1
0	0.0424167	-0.9990293	-0.0023420579	0	-0.025132742	0	0.0424167	-0.9990293	-0.0023420579	1.9590383e-20	1
0	0.049976595	-0.99867904	-0.0022889858	0	-0.018849555	0	0.049976595	-0.99867904	-0.0022889858	2.2096794e-20	1
0	0.06072936	-0.9980822	-0.002207635	0	-0.012566371	0	0.06072936	-0.9980822	-0.002207635	2.4602051e-20	1
0	0.06798662	-0.9976138	-0.0021500143	0	-0.009424778	0	0.06798662	-0.9976138	-0.0021500143	2.5853997e-20	1
0	0.077162124	-0.9969455	-0.0020748475	0	-0.0062831854	0	0.077162124	-0.9969455	-0.0020748475	2.7105235e-20	1
0	0.086415425	-0.9961854	-0.0019969842	0	-0.0037699111	0	0.086415425	-0.9961854	-0.0019969842	2.810551e-20	1
0	0.09191943	-0.9956924	-0.0019498435	0	-0.002513274	0	0.09191943	-0.9956924	-0.0019498435	2.8605327e-20	1
0	0.09493132	-0.9954095	-0.0019238316	0	-0.0018849556	0	0.09493132	-0.9954095	-0.0019238316	2.8855136e-20	1
0	0.09812894	-0.9950991	-0.0018960475	0	-0.001256637	0	0.09812894	-0.9950991	-0.0018960475	2.9104873e-20	1
0	0.09949641	-0.9949632	-0.0018841082	0	-0.0010053096	0	0.09949641	-0.9949632	-0.0018841082	2.9204742e-20	1
0	0.10156265	-0.9947543	-0.0018660339	0	-0.0006283185	0	0.10156265	-0.9947543	-0.0018660339	2.9354524e-20	1
0	0.10374433	-0.994529	-0.0018468697	0	-0.0002513274	0	0.10374433	-0.994529	-0.0018468697	2.950427e-20	1
0	0.10374433	-0.994529	-0.0018468697	0	-0.0001256637	0	0.10374433	-0.994529	-0.0018468697	2.955418e-20	1
0	0.10374433	-0.994529	-0.0018468697	0	-6.283185e-05	0	0.10374433	-0.994529	-0.0018468697	2.9579135e-20	1
0	0.10374433	-0.994529	-0.0018468697	0	-2.5132742e-05	0	0.10374433	-0.994529	-0.0018468697	2.959411e-20	1
0	0.10374433	-0.994529	-0.0018468697	0	-1.2566371e-05	0	0.10374433	-0.994529	-0.0018468697	2.95991e-20	1
0	0.10374433	-0.994529	-0.0018468697	0	-6.2831855e-06	0	0.10374433	-0.994529	-0.0018468697	2.9601595e-20	1
0	0.10374433	-0.994529	-0.0018468697	0	-2.513274e-06	0	0.10374433	-0.994529	-0.0018468697	2.9603095e-20	1
0	0.10374433	-0.994529	-0.0018468697	0	-1.256637e-06	0	0.10374433	-0.994529	-0.0018468697	2.9603592e-20	1
0	0.10374433	-0.994529	-0.0018468697	0	-6.283185e-07	0	0.10374433	-0.994529	-0.0018468697	2.960384e-20	1
0	0.10374433	-0.994529	-0.0018468697	0	-2.513274e-07	0	0.10374433	-0.994529	-0.0018468697	2.9603993e-20	1
0	0.10374433	-0.994529	-0.0018468697	0	-1.256637e-07	0	0.10374433	-0.994529	-0.0018468697	2.960404e-20	1
0	0.10374433	-0.994529	-0.0018468697	0	0	0	0.10374433	-0.994529	-0.0018468697	2.9604093e-20	1
0	0.10374433	-0.994529	-0.0018468697	0	1.256637e-07	0	0.10374433	-0.994529	-0.0018468697	2.960414e-20	1
0	0.10374433	-0.994529	-0.0018468697	0	2.513274e-07	0	0.10374433	-0.994529	-0.0018468697	2.960419e-20	1
0	0.10374433	-0.994529	-0.0018468697	0	6.283185e-07	0	0.10374433	-0.994529	-0.0018468697	2.9604342e-20	1
0	0.10374433	-0.994529	-0.0018468697	0	1.256637e-06	0	0.10374433	-0.994529	-0.0018468697	2.960459e-20	1
0	0.10374433	-0.994529	-0.0018468697	0	2.513274e-06	0	0.10374433	-0.994529	-0.0018468697	2.9605088e-20	1
0	0.10374433	-0.994529	-0.0018468697	0	6.2831855e-06	0	0.10374433	-0.994529	-0.0018468697	2.9606587e-20	1
0	0.10374433	-0.994529	-0.0018468697	0	1.2566371e-05	0	0.10374433	-0.994529	-0.0018468697	2.9609082e-20	1
0	0.10374433	-0.994529	-0.0018468697	0	2.5132742e-05	0	0.10374433	-0.994529	-0.0018468697	2.9614074e-20	1
0	0.10560447	-0.994333	-0.0018304924	0	6.283185e-05	0	0.10560447	-0.994333	-0.0018304924	2.9629034e-20	1
0	0.10560447	-0.994333	-0.0018304924	0	0.0001256637	0	0.10560447	-0.994333	-0.0018304924	2.9653986e-20	1
0	0.10560447	-0.994333	-0.0018304924	0	0.0002513274	0	0.10560447	-0.994333	-0.0018304924	2.9703885e-20	1
0	0.109197885	-0.9939445	-0.0017986967	0	0.0006283185	0	0.109197885	-0.9939445	-0.0017986967	2.9853546e-20	1
0	0.11166169	-0.9936706	-0.0017768216	0	0.0010053096	0	0.11166169	-0.9936706	-0.0017768216	3.000317e-20	1
0	0.11340846	-0.99347264	-0.0017612558	0	0.001256637	0	0.11340846	-0.99347264	-0.0017612558	3.0102893e-20	1
0	0.11798885	-0.99293864	-0.0017202757	0	0.0018849556	0	0.11798885	-0.99293864	-0.0017202757	3.0352113e-20	1
0	0.12295453	-0.99233556	-0.0016756046	0	0.002513274	0	0.12295453	-0.99233556	-0.0016756046	3.060119e-20	1
0	0.13425407	-0.99086905	-0.001573063	0	0.0037699111	0	0.13425407	-0.99086905	-0.001573063	3.1098844e-20	1
0	0.16492543	-0.9862246	-0.0012901161	0	0.0062831854	0	0.16492543	-0.9862246	-0.0012901161	3.2091296e-20	1
0	0.24348392	-0.9698107	-0.0005562239	0	0.009424778	0	0.24348392	-0.9698107	-0.0005562239	3.3320864e-20	1
0	-0.0607403	0.9980816	0.0022075402	0	0.012566371	0	-0.0607403	0.9980816	0.0022075402	2.4602056e-20	1
0	-0.04999064	0.9986783	0.0022888668	0	0.018849555	0	-0.04999064	0.9986783	0.0022888668	2.2096794e-20	1
0	-0.04243053	0.9990287	0.0023419412	0	0.025132742	0	-0.04243053	0.9990287	0.0023419412	1.959038e-20	1
0	-0.032531373	0.99940085	0.002402851	0	0.03769911	0	-0.032531373	0.99940085	0.002402851	1.4575698e-20	1
0	-0.026354844	0.9995837	0.0024322385	0	0.050265484	0	-0.026354844	0.9995837	0.0024322385	9.559688e-21	1
0	-0.022141399	0.99968666	0.002445437	0	0.06283186	0	-0.022141399	0.99968666	0.002445437	4.542989e-21	1
