# t (s)	mx ()	my ()	mz ()	B_extx (T)	B_exty (T)	B_extz (T)	mx ()	my ()	mz ()	E_total (J)	branch ()
0	-0.0031499905	0.9999302	0.00040915882	0	0.06283186	0	-0.0031499905	0.9999302	0.00040915882	4.5534754e-21	-1
0	-0.0037178341	0.9999275	0.00041280198	0	0.050265484	0	-0.0037178341	0.9999275	0.00041280198	9.571628e-21	-1
0	-0.004531798	0.99992335	0.00041664112	0	0.03769911	0	-0.004531798	0.99992335	0.00041664112	1.4589758e-20	-1
0	-0.0058103255	0.99991596	0.0004208007	0	0.025132742	0	-0.0058103255	0.99991596	0.0004208007	1.9607862e-20	-1
0	-0.006757792	0.99990964	0.0004230762	0	0.018849555	0	-0.006757792	0.99990964	0.0004230762	2.2116897e-20	-1
0	-0.008081035	0.9998994	0.0004255835	0	0.012566371	0	-0.008081035	0.9998994	0.0004255835	2.4625908e-20	-1
0	-0.008947037	0.99989176	0.00042695442	0	0.009424778	0	-0.008947037	0.99989176	0.00042695442	2.588041e-20	-1
0	-0.010015907	0.9998815	0.00042844372	0	0.0062831854	0	-0.010015907	0.9998815	0.00042844372	2.7134894e-20	-1
0	-0.011114428	0.9998697	0.00042977557	0	0.0037699111	0	-0.011114428	0.9998697	0.00042977557	2.813847e-20	-1
0	-0.011758672	0.9998622	0.00043049495	0	0.002513274	0	-0.011758672	0.9998622	0.00043049495	2.864025e-20	-1
0	-0.012069584	0.9998585	0.00043084822	0	0.0018849556	0	-0.012069584	0.9998585	0.00043084822	2.889114e-20	-1
0	-0.012458855	0.9998537	0.00043124688	0	0.001256637	0	-0.012458855	0.9998537	0.00043124688	2.9142032e-20	-1
0	-0.012616083	0.9998517	0.0004314092	0	0.0010053096	0	-0.012616083	0.9998517	0.0004314092	2.9242386e-20	-1
0	-0.012844717	0.9998487	0.0004316416	0	0.0006283185	0	-0.012844717	0.9998487	0.0004316416	2.9392916e-20	-1
0	-0.01310553	0.9998453	0.0004319002	0	0.0002513274	0	-0.01310553	0.9998453	0.0004319002	2.954345e-20	-1
0	-0.01310553	0.9998453	0.0004319002	0	0.0001256637	0	-0.01310553	0.9998453	0.0004319002	2.9593627e-20	-1
0	-0.01310553	0.9998453	0.0004319002	0	6.283185e-05	0	-0.01310553	0.9998453	0.0004319002	2.9618717e-20	-1
0	-0.01310553	0.9998453	0.0004319002	0	2.5132742e-05	0	-0.01310553	0.9998453	0.0004319002	2.9633768e-20	-1
0	-0.01310553	0.9998453	0.0004319002	0	1.2566371e-05	0	-0.01310553	0.9998453	0.0004319002	2.9638786e-20	-1
0	-0.01310553	0.9998453	0.0004319002	0	6.2831855e-06	0	-0.01310553	0.9998453	0.0004319002	2.9641297e-20	-1
0	-0.01310553	0.9998453	0.0004319002	0	2.513274e-06	0	-0.01310553	0.9998453	0.0004319002	2.9642802e-20	-1
0	-0.01310553	0.9998453	0.0004319002	0	1.256637e-06	0	-0.01310553	0.9998453	0.0004319002	2.9643303e-20	-1
0	-0.01310553	0.9998453	0.0004319002	0	6.283185e-07	0	-0.01310553	0.9998453	0.0004319002	2.9643555e-20	-1
0	-0.01310553	0.9998453	0.0004319002	0	2.513274e-07	0	-0.01310553	0.9998453	0.0004319002	2.9643704e-20	-1
0	-0.01310553	0.9998453	0.0004319002	0	1.256637e-07	0	-0.01310553	0.9998453	0.0004319002	2.9643756e-20	-1
0	-0.01310553	0.9998453	0.0004319002	0	0	0	-0.01310553	0.9998453	0.0004319002	2.9643804e-20	-1
0	-0.01310553	0.9998453	0.0004319002	0	-1.256637e-07	0	-0.01310553	0.9998453	0.0004319002	2.9643856e-20	-1
0	-0.01310553	0.9998453	0.0004319002	0	-2.513274e-07	0	-0.01310553	0.9998453	0.0004319002	2.9643904e-20	-1
0	-0.01310553	0.9998453	0.0004319002	0	-6.283185e-07	0	-0.01310553	0.9998453	0.0004319002	2.9644056e-20	-1
0	-0.01310553	0.9998453	0.0004319002	0	-1.256637e-06	0	-0.01310553	0.9998453	0.0004319002	2.9644308e-20	-1
0	-0.01310553	0.9998453	0.0004319002	0	-2.513274e-06	0	-0.01310553	0.9998453	0.0004319002	2.964481e-20	-1
0	-0.01310553	0.9998453	0.0004319002	0	-6.2831855e-06	0	-0.01310553	0.9998453	0.0004319002	2.9646315e-20	-1
0	-0.01310553	0.9998453	0.0004319002	0	-1.2566371e-05	0	-0.01310553	0.9998453	0.0004319002	2.9648822e-20	-1
0	-0.01310553	0.9998453	0.0004319002	0	-2.5132742e-05	0	-0.01310553	0.9998453	0.0004319002	2.965384e-20	-1
0	-0.01310553	0.9998453	0.0004319002	0	-6.283185e-05	0	-0.01310553	0.9998453	0.0004319002	2.9668894e-20	-1
0	-0.013350684	0.99984205	0.00043214066	0	-0.0001256637	0	-0.013350684	0.99984205	0.00043214066	2.9693984e-20	-1
0	-0.013350684	0.99984205	0.00043214066	0	-0.0002513274	0	-0.013350684	0.99984205	0.00043214066	2.974416e-20	-1
0	-0.013729498	0.99983686	0.00043249654	0	-0.0006283185	0	-0.013729498	0.99983686	0.00043249654	2.989469e-20	-1
0	-0.013987739	0.9998333	0.0004327405	0	-0.0010053096	0	-0.013987739	0.9998333	0.0004327405	3.0045223e-20	-1
0	-0.013987739	0.9998333	0.0004327405	0	-0.001256637	0	-0.013987739	0.9998333	0.0004327405	3.0145576e-20	-1
0	-0.014683042	0.9998232	0.00043338875	0	-0.0018849556	0	-0.014683042	0.9998232	0.00043338875	3.0396454e-20	-1
0	-0.015213201	0.9998152	0.0004338657	0	-0.002513274	0	-0.015213201	0.9998152	0.0004338657	3.064734e-20	-1
0	-0.016443312	0.9997957	0.0004349124	0	-0.0037699111	0	-0.016443312	0.9997957	0.0004349124	3.114909e-20	-1
0	-0.01952124	0.9997401	0.0004373421	0	-0.0062831854	0	-0.01952124	0.9997401	0.0004373421	3.2152556e-20	-1
0	-0.025606591	0.99960244	0.00044159015	0	-0.009424778	0	-0.025606591	0.99960244	0.00044159015	3.3406784e-20	-1
0	-0.037181124	0.9992384	0.00044871206	0	-0.012566371	0	-0.037181124	0.9992384	0.00044871206	3.4660722e-20	-1
0	0.0067515513	-0.99990964	-0.000423073	0	-0.018849555	0	0.0067515513	-0.99990964	-0.000423073	2.21169e-20	-1
0	0.0058120955	-0.99991596	-0.00042080213	0	-0.025132742	0	0.0058120955	-0.99991596	-0.00042080213	1.9607867e-20	-1
0	0.0045358003	-0.99992335	-0.00041664208	0	-0.03769911	0	0.0045358003	-0.99992335	-0.00041664208	1.4589758e-20	-1
0	0.0037207946	-0.9999275	-0.00041280338	0	-0.050265484	0	0.0037207946	-0.9999275	-0.00041280338	9.571626e-21	-1
0	0.0031511514	-0.99993026	-0.00040915914	0	-0.06283186	0	0.0031511514	-0.99993026	-0.00040915914	4.5534754e-21	-1
0	0.0031511514	-0.99993026	-0.00040915914	0	-0.06283186	0	0.0031511514	-0.99993026	-0.00040915914	4.5534754e-21	1
0	0.0037178383	-0.9999275	-0.00041280081	0	-0.050265484	0	0.0037178383	-0.9999275	-0.00041280081	9.571628e-21	1
0	0.0045335633	-0.99992335	-0.00041664194	0	-0.03769911	0	0.0045335633	-0.99992335	-0.00041664194	1.4589757e-20	1
0	0.0058005964	-0.9999161	-0.00042079444	0	-0.025132742	0	0.0058005964	-0.9999161	-0.00042079444	1.9607866e-20	1
0	0.0067558615	-0.99990964	-0.00042307551	0	-0.018849555	0	0.0067558615	-0.99990964	-0.00042307551	2.2116898e-20	1
0	0.008078747	-0.9998994	-0.0004255794	0	-0.012566371	0	0.008078747	-0.9998994	-0.0004255794	2.4625908e-20	1
0	0.008942383	-0.9998919	-0.000426951	0	-0.009424778	0	0.008942383	-0.9998919	-0.000426951	2.588041e-20	1
0	0.010045772	-0.99988115	-0.0004284603	0	-0.0062831854	0	0.010045772	-0.99988115	-0.0004284603	2.7134894e-20	1
0	0.011119321	-0.9998696	-0.00042977993	0	-0.0037699111	0	0.011119321	-0.9998696	-0.00042977993	2.8138468e-20	1
0	0.011762553	-0.9998622	-0.0004304994	0	-0.002513274	0	0.011762553	-0.9998622	-0.0004304994	2.8640253e-20	1
0	0.012091747	-0.99985814	-0.0004308607	0	-0.0018849556	0	0.012091747	-0.99985814	-0.0004308607	2.8891144e-20	1
0	0.012474729	-0.99985343	-0.0004312545	0	-0.001256637	0	0.012474729	-0.99985343	-0.0004312545	2.9142032e-20	1
0	0.012474729	-0.99985343	-0.0004312545	0	-0.0010053096	0	0.012474729	-0.99985343	-0.0004312545	2.9242386e-20	1
0	0.01283919	-0.99984884	-0.00043163865	0	-0.0006283185	0	0.01283919	-0.99984884	-0.00043163865	2.939292e-20	1
0	0.013100328	-0.9998454	-0.00043188652	0	-0.0002513274	0	0.013100328	-0.9998454	-0.00043188652	2.9543454e-20	1
0	0.013100328	-0.9998454	-0.00043188652	0	-0.0001256637	0	0.013100328	-0.9998454	-0.00043188652	2.959363e-20	1
0	0.013100328	-0.9998454	-0.00043188652	0	-6.283185e-05	0	0.013100328	-0.9998454	-0.00043188652	2.9618717e-20	1
0	0.01324987	-0.99984336	-0.00043204037	0	-2.5132742e-05	0	0.01324987	-0.99984336	-0.00043204037	2.963377e-20	1
0	0.01324987	-0.99984336	-0.00043204037	0	-1.2566371e-05	0	0.01324987	-0.99984336	-0.00043204037	2.963879e-20	1
0	0.01324987	-0.99984336	-0.00043204037	0	-6.2831855e-06	0	0.01324987	-0.99984336	-0.00043204037	2.9641297e-20	1
0	0.01324987	-0.99984336	-0.00043204037	0	-2.513274e-06	0	0.01324987	-0.99984336	-0.00043204037	2.9642802e-20	1
0	0.01324987	-0.99984336	-0.00043204037	0	-1.256637e-06	0	0.01324987	-0.99984336	-0.00043204037	2.9643303e-20	1
0	0.01324987	-0.99984336	-0.00043204037	0	-6.283185e-07	0	0.01324987	-0.99984336	-0.00043204037	2.9643555e-20	1
0	0.01324987	-0.99984336	-0.00043204037	0	-2.513274e-07	0	0.01324987	-0.99984336	-0.00043204037	2.9643704e-20	1
0	0.01324987	-0.99984336	-0.00043204037	0	-1.256637e-07	0	0.01324987	-0.99984336	-0.00043204037	2.9643756e-20	1
0	0.01324987	-0.99984336	-0.00043204037	0	0	0	0.01324987	-0.99984336	-0.00043204037	2.9643807e-20	1
0	0.01324987	-0.99984336	-0.00043204037	0	1.256637e-07	0	0.01324987	-0.99984336	-0.00043204037	2.9643856e-20	1
0	0.01324987	-0.99984336	-0.00043204037	0	2.513274e-07	0	0.01324987	-0.99984336	-0.00043204037	2.9643907e-20	1
0	0.01324987	-0.99984336	-0.00043204037	0	6.283185e-07	0	0.01324987	-0.99984336	-0.00043204037	2.9644056e-20	1
0	0.01324987	-0.99984336	-0.00043204037	0	1.256637e-06	0	0.01324987	-0.99984336	-0.00043204037	2.9644308e-20	1
0	0.01324987	-0.99984336	-0.00043204037	0	2.513274e-06	0	0.01324987	-0.99984336	-0.00043204037	2.964481e-20	1
0	0.01324987	-0.99984336	-0.00043204037	0	6.2831855e-06	0	0.01324987	-0.99984336	-0.00043204037	2.9646315e-20	1
0	0.01324987	-0.99984336	-0.00043204037	0	1.2566371e-05	0	0.01324987	-0.99984336	-0.00043204037	2.9648822e-20	1
0	0.01324987	-0.99984336	-0.00043204037	0	2.5132742e-05	0	0.01324987	-0.99984336	-0.00043204037	2.965384e-20	1
0	0.01324987	-0.99984336	-0.00043204037	0	6.283185e-05	0	0.01324987	-0.99984336	-0.00043204037	2.9668894e-20	1
0	0.01324987	-0.99984336	-0.00043204037	0	0.0001256637	0	0.01324987	-0.99984336	-0.00043204037	2.9693984e-20	1
0	0.013450002	-0.99984074	-0.00043223205	0	0.0002513274	0	0.013450002	-0.99984074	-0.00043223205	2.974416e-20	1
0	0.013706705	-0.99983716	-0.0004324827	0	0.0006283185	0	0.013706705	-0.99983716	-0.0004324827	2.9894692e-20	1
0	0.013969207	-0.99983346	-0.00043273828	0	0.0010053096	0	0.013969207	-0.99983346	-0.00043273828	3.0045223e-20	1
0	0.014170807	-0.99983066	-0.00043292355	0	0.001256637	0	0.014170807	-0.99983066	-0.00043292355	3.0145573e-20	1
0	0.01466793	-0.99982345	-0.00043338072	0	0.0018849556	0	0.01466793	-0.99982345	-0.00043338072	3.0396458e-20	1
0	0.015215747	-0.9998152	-0.00043386678	0	0.002513274	0	0.015215747	-0.9998152	-0.00043386678	3.0647336e-20	1
0	0.016431712	-0.9997959	-0.00043490448	0	0.0037699111	0	0.016431712	-0.9997959	-0.00043490448	3.114909e-20	1
0	0.019540325	-0.99973977	-0.00043735298	0	0.0062831854	0	0.019540325	-0.99973977	-0.00043735298	3.2152556e-20	1
0	0.025599316	-0.9996027	-0.0004415859	0	0.009424778	0	0.025599316	-0.9996027	-0.0004415859	3.340678e-20	1
0	0.037208736	-0.9992373	-0.0004487265	0	0.012566371	0	0.037208736	-0.9992373	-0.0004487265	3.4660722e-20	1
0	-0.006759505	0.99990964	0.00042307767	0	0.018849555	0	-0.006759505	0.99990964	0.00042307767	2.21169e-20	1
0	-0.0058115073	0.99991596	0.0004208004	0	0.025132742	0	-0.0058115073	0.99991596	0.0004208004	1.9607862e-20	1
0	-0.004534199	0.99992335	0.00041664235	0	0.03769911	0	-0.004534199	0.99992335	0.00041664235	1.4589757e-20	1
0	-0.003718392	0.9999275	0.0004128032	0	0.050265484	0	-0.003718392	0.9999275	0.0004128032	9.571626e-21	1
0	-0.003153435	0.99993026	0.00040916092	0	0.06283186	0	-0.003153435	0.99993026	0.00040916092	4.5534754e-21	1
