# t (s)	mx ()	my ()	mz ()	B_extx (T)	B_exty (T)	B_extz (T)	mx ()	my ()	mz ()	E_total (J)	branch ()
0	-0.18387431	0.98286366	-0.0037653912	0	0.06283186	0	-0.18387431	0.98286366	-0.0037653912	3.7723766e-21	-1
0	-0.21863264	0.9757142	-0.003955939	0	0.050265484	0	-0.21863264	0.9757142	-0.003955939	8.688278e-21	-1
0	-0.26406842	0.9644009	-0.0041943504	0	0.03769911	0	-0.26406842	0.9644009	-0.0041943504	1.3558728e-20	-1
0	-0.32342196	0.9461366	-0.0044804793	0	0.025132742	0	-0.32342196	0.9461366	-0.0044804793	1.8356454e-20	-1
0	-0.3595724	0.93298876	-0.0046349084	0	0.018849555	0	-0.3595724	0.93298876	-0.0046349084	2.0714748e-20	-1
0	-0.40102547	0.91592586	-0.004787137	0	0.012566371	0	-0.40102547	0.91592586	-0.004787137	2.3035394e-20	-1
0	-0.42410964	0.9054625	-0.004857961	0	0.009424778	0	-0.42410964	0.9054625	-0.004857961	2.417813e-20	-1
0	-0.44905013	0.89335	-0.0049213823	0	0.0062831854	0	-0.44905013	0.89335	-0.0049213823	2.5306743e-20	-1
0	-0.47055078	0.8822092	-0.004963831	0	0.0037699111	0	-0.47055078	0.8822092	-0.004963831	2.6197928e-20	-1
0	-0.4819256	0.87604463	-0.0049812747	0	0.002513274	0	-0.4819256	0.87604463	-0.0049812747	2.6639135e-20	-1
0	-0.48776576	0.872805	-0.004988806	0	0.0018849556	0	-0.48776576	0.872805	-0.004988806	2.6858554e-20	-1
0	-0.49373823	0.869439	-0.00499547	0	0.001256637	0	-0.49373823	0.869439	-0.00499547	2.7077139e-20	-1
0	-0.49373823	0.869439	-0.00499547	0	0.0010053096	0	-0.49373823	0.869439	-0.00499547	2.7164405e-20	-1
0	-0.49983257	0.8659484	-0.005001162	0	0.0006283185	0	-0.49983257	0.8659484	-0.005001162	2.729487e-20	-1
0	-0.5035478	0.8637924	-0.005004071	0	0.0002513274	0	-0.5035478	0.8637924	-0.005004071	2.742508e-20	-1
0	-0.5035478	0.8637924	-0.005004071	0	0.0001256637	0	-0.5035478	0.8637924	-0.005004071	2.746843e-20	-1
0	-0.5035478	0.8637924	-0.005004071	0	6.283185e-05	0	-0.5035478	0.8637924	-0.005004071	2.7490104e-20	-1
0	-0.5035478	0.8637924	-0.005004071	0	2.5132742e-05	0	-0.5035478	0.8637924	-0.005004071	2.750311e-20	-1
0	-0.5035478	0.8637924	-0.005004071	0	1.2566371e-05	0	-0.5035478	0.8637924	-0.005004071	2.7507445e-20	-1
0	-0.5035478	0.8637924	-0.005004071	0	6.2831855e-06	0	-0.5035478	0.8637924	-0.005004071	2.7509613e-20	-1
0	-0.5035478	0.8637924	-0.005004071	0	2.513274e-06	0	-0.5035478	0.8637924	-0.005004071	2.7510912e-20	-1
0	-0.5035478	0.8637924	-0.005004071	0	1.256637e-06	0	-0.5035478	0.8637924	-0.005004071	2.7511345e-20	-1
0	-0.5035478	0.8637924	-0.005004071	0	6.283185e-07	0	-0.5035478	0.8637924	-0.005004071	2.7511562e-20	-1
0	-0.5035478	0.8637924	-0.005004071	0	2.513274e-07	0	-0.5035478	0.8637924	-0.005004071	2.7511694e-20	-1
0	-0.5035478	0.8637924	-0.005004071	0	1.256637e-07	0	-0.5035478	0.8637924	-0.005004071	2.7511736e-20	-1
0	-0.5035478	0.8637924	-0.005004071	0	0	0	-0.5035478	0.8637924	-0.005004071	2.7511778e-20	-1
0	-0.5035478	0.8637924	-0.005004071	0	-1.256637e-07	0	-0.5035478	0.8637924	-0.005004071	2.7511824e-20	-1
0	-0.5035478	0.8637924	-0.005004071	0	-2.513274e-07	0	-0.5035478	0.8637924	-0.005004071	2.7511866e-20	-1
0	-0.5035478	0.8637924	-0.005004071	0	-6.283185e-07	0	-0.5035478	0.8637924	-0.005004071	2.7511998e-20	-1
0	-0.5035478	0.8637924	-0.005004071	0	-1.256637e-06	0	-0.5035478	0.8637924	-0.005004071	2.7512215e-20	-1
0	-0.5035478	0.8637924	-0.005004071	0	-2.513274e-06	0	-0.5035478	0.8637924	-0.005004071	2.7512648e-20	-1
0	-0.5035478	0.8637924	-0.005004071	0	-6.2831855e-06	0	-0.5035478	0.8637924	-0.005004071	2.7513946e-20	-1
0	-0.5035478	0.8637924	-0.005004071	0	-1.2566371e-05	0	-0.5035478	0.8637924	-0.005004071	2.7516115e-20	-1
0	-0.5035478	0.8637924	-0.005004071	0	-2.5132742e-05	0	-0.5035478	0.8637924	-0.005004071	2.752045e-20	-1
0	-0.5035478	0.8637924	-0.005004071	0	-6.283185e-05	0	-0.5035478	0.8637924	-0.005004071	2.7533453e-20	-1
0	-0.507326	0.8615779	-0.0050065806	0	-0.0001256637	0	-0.507326	0.8615779	-0.0050065806	2.7554963e-20	-1
0	-0.507326	0.8615779	-0.0050065806	0	-0.0002513274	0	-0.507326	0.8615779	-0.0050065806	2.75982e-20	-1
0	-0.5124285	0.85855186	-0.0050092507	0	-0.0006283185	0	-0.5124285	0.85855186	-0.0050092507	2.7727608e-20	-1
0	-0.51631933	0.8562168	-0.0050107157	0	-0.0010053096	0	-0.51631933	0.8562168	-0.0050107157	2.7856697e-20	-1
0	-0.51631933	0.8562168	-0.0050107157	0	-0.001256637	0	-0.51631933	0.8562168	-0.0050107157	2.7942636e-20	-1
0	-0.52563626	0.8505268	-0.0050121644	0	-0.0018849556	0	-0.52563626	0.8505268	-0.0050121644	2.8156485e-20	-1
0	-0.5324968	0.84624696	-0.005011323	0	-0.002513274	0	-0.5324968	0.84624696	-0.005011323	2.836937e-20	-1
0	-0.5467919	0.8370786	-0.0050041527	0	-0.0037699111	0	-0.5467919	0.8370786	-0.0050041527	2.8791795e-20	-1
0	-0.5782609	0.8156509	-0.004960653	0	-0.0062831854	0	-0.5782609	0.8156509	-0.004960653	2.9621603e-20	-1
0	-0.62594545	0.77964914	-0.0048125293	0	-0.009424778	0	-0.62594545	0.77964914	-0.0048125293	3.062379e-20	-1
0	-0.697879	0.71597385	-0.004360766	0	-0.012566371	0	-0.697879	0.71597385	-0.004360766	3.1567503e-20	-1
0	0.3595904	-0.9329818	0.0046349755	0	-0.018849555	0	0.3595904	-0.9329818	0.0046349755	2.0714748e-20	-1
0	0.3234322	-0.94613314	0.004480521	0	-0.025132742	0	0.3234322	-0.94613314	0.004480521	1.8356456e-20	-1
0	0.26407376	-0.96439946	0.004194377	0	-0.03769911	0	0.26407376	-0.96439946	0.004194377	1.355873e-20	-1
0	0.2186346	-0.97571385	0.0039559496	0	-0.050265484	0	0.2186346	-0.97571385	0.0039559496	8.688278e-21	-1
0	0.18387815	-0.9828629	0.0037654117	0	-0.06283186	0	0.18387815	-0.9828629	0.0037654117	3.7723766e-21	-1
0	0.18387815	-0.9828629	0.0037654117	0	-0.06283186	0	0.18387815	-0.9828629	0.0037654117	3.7723766e-21	1
0	0.21863285	-0.9757142	0.0039559416	0	-0.050265484	0	0.21863285	-0.9757142	0.0039559416	8.688277e-21	1
0	0.264064	-0.9644021	0.0041943314	0	-0.03769911	0	0.264064	-0.9644021	0.0041943314	1.355873e-20	1
0	0.32341897	-0.94613767	0.0044804662	0	-0.025132742	0	0.32341897	-0.94613767	0.0044804662	1.8356454e-20	1
0	0.35957184	-0.932989	0.0046349065	0	-0.018849555	0	0.35957184	-0.932989	0.0046349065	2.0714748e-20	1
0	0.40102875	-0.91592443	0.004787138	0	-0.012566371	0	0.40102875	-0.91592443	0.004787138	2.3035394e-20	1
0	0.424101	-0.90546656	0.0048579397	0	-0.009424778	0	0.424101	-0.90546656	0.0048579397	2.4178126e-20	1
0	0.44903278	-0.89335877	0.004921348	0	-0.0062831854	0	0.44903278	-0.89335877	0.004921348	2.5306744e-20	1
0	0.47055137	-0.88220894	0.004963832	0	-0.0037699111	0	0.47055137	-0.88220894	0.004963832	2.6197928e-20	1
0	0.48191452	-0.8760507	0.0049812617	0	-0.002513274	0	0.48191452	-0.8760507	0.0049812617	2.6639137e-20	1
0	0.48776728	-0.87280416	0.0049888063	0	-0.0018849556	0	0.48776728	-0.87280416	0.0049888063	2.6858554e-20	1
0	0.49373382	-0.86944145	0.0049954653	0	-0.001256637	0	0.49373382	-0.86944145	0.0049954653	2.707714e-20	1
0	0.49373382	-0.86944145	0.0049954653	0	-0.0010053096	0	0.49373382	-0.86944145	0.0049954653	2.7164405e-20	1
0	0.49983245	-0.86594844	0.005001162	0	-0.0006283185	0	0.49983245	-0.86594844	0.005001162	2.729487e-20	1
0	0.50355285	-0.86378944	0.0050040735	0	-0.0002513274	0	0.50355285	-0.86378944	0.0050040735	2.742508e-20	1
0	0.50355285	-0.86378944	0.0050040735	0	-0.0001256637	0	0.50355285	-0.86378944	0.0050040735	2.746843e-20	1
0	0.50355285	-0.86378944	0.0050040735	0	-6.283185e-05	0	0.50355285	-0.86378944	0.0050040735	2.7490104e-20	1
0	0.50355285	-0.86378944	0.0050040735	0	-2.5132742e-05	0	0.50355285	-0.86378944	0.0050040735	2.750311e-20	1
0	0.50355285	-0.86378944	0.0050040735	0	-1.2566371e-05	0	0.50355285	-0.86378944	0.0050040735	2.7507445e-20	1
0	0.50355285	-0.86378944	0.0050040735	0	-6.2831855e-06	0	0.50355285	-0.86378944	0.0050040735	2.750961e-20	1
0	0.50355285	-0.86378944	0.0050040735	0	-2.513274e-06	0	0.50355285	-0.86378944	0.0050040735	2.7510912e-20	1
0	0.50355285	-0.86378944	0.0050040735	0	-1.256637e-06	0	0.50355285	-0.86378944	0.0050040735	2.7511345e-20	1
0	0.50355285	-0.86378944	0.0050040735	0	-6.283185e-07	0	0.50355285	-0.86378944	0.0050040735	2.7511562e-20	1
0	0.50355285	-0.86378944	0.0050040735	0	-2.513274e-07	0	0.50355285	-0.86378944	0.0050040735	2.751169e-20	1
0	0.50355285	-0.86378944	0.0050040735	0	-1.256637e-07	0	0.50355285	-0.86378944	0.0050040735	2.7511736e-20	1
0	0.50355285	-0.86378944	0.0050040735	0	0	0	0.50355285	-0.86378944	0.0050040735	2.7511778e-20	1
0	0.50355285	-0.86378944	0.0050040735	0	1.256637e-07	0	0.50355285	-0.86378944	0.0050040735	2.7511824e-20	1
0	0.50355285	-0.86378944	0.0050040735	0	2.513274e-07	0	0.50355285	-0.86378944	0.0050040735	2.7511866e-20	1
0	0.50355285	-0.86378944	0.0050040735	0	6.283185e-07	0	0.50355285	-0.86378944	0.0050040735	2.7511995e-20	1
0	0.50355285	-0.86378944	0.0050040735	0	1.256637e-06	0	0.50355285	-0.86378944	0.0050040735	2.751221e-20	1
0	0.50355285	-0.86378944	0.0050040735	0	2.513274e-06	0	0.50355285	-0.86378944	0.0050040735	2.7512648e-20	1
0	0.50355285	-0.86378944	0.0050040735	0	6.2831855e-06	0	0.50355285	-0.86378944	0.0050040735	2.7513946e-20	1
0	0.50355285	-0.86378944	0.0050040735	0	1.2566371e-05	0	0.50355285	-0.86378944	0.0050040735	2.7516115e-20	1
0	0.50355285	-0.86378944	0.0050040735	0	2.5132742e-05	0	0.50355285	-0.86378944	0.0050040735	2.7520448e-20	1
0	0.50355285	-0.86378944	0.0050040735	0	6.283185e-05	0	0.50355285	-0.86378944	0.0050040735	2.7533453e-20	1
0	0.50732255	-0.86158	0.0050065815	0	0.0001256637	0	0.50732255	-0.86158	0.0050065815	2.7554963e-20	1
0	0.50732255	-0.86158	0.0050065815	0	0.0002513274	0	0.50732255	-0.86158	0.0050065815	2.7598203e-20	1
0	0.5124258	-0.8585535	0.0050092507	0	0.0006283185	0	0.5124258	-0.8585535	0.0050092507	2.772761e-20	1
0	0.516328	-0.8562116	0.0050107166	0	0.0010053096	0	0.516328	-0.8562116	0.0050107166	2.7856697e-20	1
0	0.516328	-0.8562116	0.0050107166	0	0.001256637	0	0.516328	-0.8562116	0.0050107166	2.7942633e-20	1
0	0.5256398	-0.85052466	0.0050121634	0	0.0018849556	0	0.5256398	-0.85052466	0.0050121634	2.8156488e-20	1
0	0.53249776	-0.8462465	0.005011323	0	0.002513274	0	0.53249776	-0.8462465	0.005011323	2.836937e-20	1
0	0.5467968	-0.83707535	0.005004148	0	0.0037699111	0	0.5467968	-0.83707535	0.005004148	2.8791795e-20	1
0	-0.962611	-0.27043307	0.0075111734	0	0.0062831854	0	-0.962611	-0.27043307	0.0075111734	2.9261637e-20	1
0	0.6259778	-0.77962315	0.004812385	0	0.009424778	0	0.6259778	-0.77962315	0.004812385	3.062379e-20	1
0	0.69787145	-0.71598125	0.0043608313	0	0.012566371	0	0.69787145	-0.71598125	0.0043608313	3.15675e-20	1
0	-0.3595857	0.9329835	-0.0046349578	0	0.018849555	0	-0.3595857	0.9329835	-0.0046349578	2.0714746e-20	1
0	-0.32342112	0.9461369	-0.0044804756	0	0.025132742	0	-0.32342112	0.9461369	-0.0044804756	1.8356454e-20	1
0	-0.26406527	0.9644017	-0.004194338	0	0.03769911	0	-0.26406527	0.9644017	-0.004194338	1.3558733e-20	1
0	-0.21863359	0.975714	-0.0039559454	0	0.050265484	0	-0.21863359	0.975714	-0.0039559454	8.688274e-21	1
0	-0.18388146	0.98286223	-0.003765426	0	0.06283186	0	-0.18388146	0.98286223	-0.003765426	3.772378e-21	1
