# t (s)	mx ()	my ()	mz ()	B_extx (T)	B_exty (T)	B_extz (T)	mx ()	my ()	mz ()	E_total (J)	branch ()
0	0.99983287	0.013003109	-0.005999742	0.06283186	0	0	0.99983287	0.013003109	-0.005999742	4.0477982e-21	-1
0	0.9998009	0.015194936	-0.0060547534	0.050265484	0	0	0.9998009	0.015194936	-0.0060547534	9.065387e-21	-1
0	0.99974805	0.01828086	-0.0061133048	0.03769911	0	0	0.99974805	0.01828086	-0.0061133048	1.4082773e-20	-1
0	0.99965084	0.022935584	-0.006177347	0.025132742	0	0	0.99965084	0.022935584	-0.006177347	1.9099799e-20	-1
0	0.99956775	0.026282143	-0.006212608	0.018849555	0	0	0.99956775	0.026282143	-0.006212608	2.1608079e-20	-1
0	0.9994391	0.030763907	-0.0062512	0.012566371	0	0	0.9994391	0.030763907	-0.0062512	2.41161e-20	-1
0	0.99934685	0.033619307	-0.006272197	0.009424778	0	0	0.99934685	0.033619307	-0.006272197	2.5369969e-20	-1
0	0.9992237	0.037085943	-0.006294797	0.0062831854	0	0	0.9992237	0.037085943	-0.006294797	2.6623698e-20	-1
0	0.9990943	0.040412277	-0.006314262	0.0037699111	0	0	0.9990943	0.040412277	-0.006314262	2.7626556e-20	-1
0	0.9990157	0.042307675	-0.0063245436	0.002513274	0	0	0.9990157	0.042307675	-0.0063245436	2.8127934e-20	-1
0	0.9989717	0.043329615	-0.006329864	0.0018849556	0	0	0.9989717	0.043329615	-0.006329864	2.8378605e-20	-1
0	0.9989251	0.044390336	-0.0063352603	0.001256637	0	0	0.9989251	0.044390336	-0.0063352603	2.8629267e-20	-1
0	0.9989251	0.044390336	-0.0063352603	0.0010053096	0	0	0.9989251	0.044390336	-0.0063352603	2.872953e-20	-1
0	0.99887455	0.045509823	-0.006340795	0.0006283185	0	0	0.99887455	0.045509823	-0.006340795	2.887992e-20	-1
0	0.99884236	0.04620878	-0.006344172	0.0002513274	0	0	0.99884236	0.04620878	-0.006344172	2.90303e-20	-1
0	0.99884236	0.04620878	-0.006344172	0.0001256637	0	0	0.99884236	0.04620878	-0.006344172	2.9080426e-20	-1
0	0.99884236	0.04620878	-0.006344172	6.283185e-05	0	0	0.99884236	0.04620878	-0.006344172	2.910549e-20	-1
0	0.99884236	0.04620878	-0.006344172	2.5132742e-05	0	0	0.99884236	0.04620878	-0.006344172	2.9120528e-20	-1
0	0.99884236	0.04620878	-0.006344172	1.2566371e-05	0	0	0.99884236	0.04620878	-0.006344172	2.9125543e-20	-1
0	0.99884236	0.04620878	-0.006344172	6.2831855e-06	0	0	0.99884236	0.04620878	-0.006344172	2.9128047e-20	-1
0	0.99884236	0.04620878	-0.006344172	2.513274e-06	0	0	0.99884236	0.04620878	-0.006344172	2.9129553e-20	-1
0	0.99884236	0.04620878	-0.006344172	1.256637e-06	0	0	0.99884236	0.04620878	-0.006344172	2.9130054e-20	-1
0	0.99884236	0.04620878	-0.006344172	6.283185e-07	0	0	0.99884236	0.04620878	-0.006344172	2.9130303e-20	-1
0	0.99884236	0.04620878	-0.006344172	2.513274e-07	0	0	0.99884236	0.04620878	-0.006344172	2.9130455e-20	-1
0	0.99884236	0.04620878	-0.006344172	1.256637e-07	0	0	0.99884236	0.04620878	-0.006344172	2.9130503e-20	-1
0	0.99884236	0.04620878	-0.006344172	0	0	0	0.99884236	0.04620878	-0.006344172	2.9130555e-20	-1
0	0.99884236	0.04620878	-0.006344172	-1.256637e-07	0	0	0.99884236	0.04620878	-0.006344172	2.9130603e-20	-1
0	0.99884236	0.04620878	-0.006344172	-2.513274e-07	0	0	0.99884236	0.04620878	-0.006344172	2.9130655e-20	-1
0	0.99884236	0.04620878	-0.006344172	-6.283185e-07	0	0	0.99884236	0.04620878	-0.006344172	2.9130803e-20	-1
0	0.99884236	0.04620878	-0.006344172	-1.256637e-06	0	0	0.99884236	0.04620878	-0.006344172	2.9131056e-20	-1
0	0.99884236	0.04620878	-0.006344172	-2.513274e-06	0	0	0.99884236	0.04620878	-0.006344172	2.9131556e-20	-1
0	0.99884236	0.04620878	-0.006344172	-6.2831855e-06	0	0	0.99884236	0.04620878	-0.006344172	2.9133062e-20	-1
0	0.99884236	0.04620878	-0.006344172	-1.2566371e-05	0	0	0.99884236	0.04620878	-0.006344172	2.9135566e-20	-1
0	0.99884236	0.04620878	-0.006344172	-2.5132742e-05	0	0	0.99884236	0.04620878	-0.006344172	2.914058e-20	-1
0	0.99884236	0.04620878	-0.006344172	-6.283185e-05	0	0	0.99884236	0.04620878	-0.006344172	2.915562e-20	-1
0	0.9988084	0.046936274	-0.006347624	-0.0001256637	0	0	0.9988084	0.046936274	-0.006347624	2.918068e-20	-1
0	0.9988084	0.046936274	-0.006347624	-0.0002513274	0	0	0.9988084	0.046936274	-0.006347624	2.9230805e-20	-1
0	0.9987607	0.04793854	-0.006352284	-0.0006283185	0	0	0.9987607	0.04793854	-0.006352284	2.9381177e-20	-1
0	0.9987234	0.04870744	-0.0063558035	-0.0010053096	0	0	0.9987234	0.04870744	-0.0063558035	2.953154e-20	-1
0	0.9987234	0.04870744	-0.0063558035	-0.001256637	0	0	0.9987234	0.04870744	-0.0063558035	2.9631784e-20	-1
0	0.9986275	0.05063227	-0.0063643213	-0.0018849556	0	0	0.9986275	0.05063227	-0.0063643213	2.9882368e-20	-1
0	0.99855196	0.05209779	-0.006370585	-0.002513274	0	0	0.99855196	0.05209779	-0.006370585	3.0132942e-20	-1
0	0.99837863	0.055314116	-0.0063836747	-0.0037699111	0	0	0.99837863	0.055314116	-0.0063836747	3.0634027e-20	-1
0	0.9979145	0.06312582	-0.0064123524	-0.0062831854	0	0	0.9979145	0.06312582	-0.0064123524	3.1635878e-20	-1
0	0.9969535	0.07680775	-0.0064542587	-0.009424778	0	0	0.9969535	0.07680775	-0.0064542587	3.2887344e-20	-1
0	0.99500406	0.098886915	-0.0065052193	-0.012566371	0	0	0.99500406	0.098886915	-0.0065052193	3.413709e-20	-1
0	-0.99956787	-0.026279405	0.0062125963	-0.018849555	0	0	-0.99956787	-0.026279405	0.0062125963	2.1608077e-20	-1
0	-0.9996506	-0.02294616	0.006177378	-0.025132742	0	0	-0.9996506	-0.02294616	0.006177378	1.9099797e-20	-1
0	-0.999748	-0.018286292	0.006113326	-0.03769911	0	0	-0.999748	-0.018286292	0.006113326	1.4082776e-20	-1
0	-0.9998008	-0.01520039	0.006054771	-0.050265484	0	0	-0.9998008	-0.01520039	0.006054771	9.065388e-21	-1
0	-0.99983287	-0.013003249	0.005999743	-0.06283186	0	0	-0.99983287	-0.013003249	0.005999743	4.047796e-21	-1
0	-0.99983287	-0.013003249	0.005999743	-0.06283186	0	0	-0.99983287	-0.013003249	0.005999743	4.047796e-21	1
0	-0.9998008	-0.015197724	0.0060547674	-0.050265484	0	0	-0.9998008	-0.015197724	0.0060547674	9.065385e-21	1
0	-0.999748	-0.01828456	0.006113317	-0.03769911	0	0	-0.999748	-0.01828456	0.006113317	1.4082776e-20	1
0	-0.99965084	-0.022936136	0.006177349	-0.025132742	0	0	-0.99965084	-0.022936136	0.006177349	1.9099799e-20	1
0	-0.99956787	-0.02627702	0.006212594	-0.018849555	0	0	-0.99956787	-0.02627702	0.006212594	2.1608077e-20	1
0	-0.9994391	-0.030763248	0.006251199	-0.012566371	0	0	-0.9994391	-0.030763248	0.006251199	2.4116099e-20	1
0	-0.9993468	-0.033618134	0.006272192	-0.009424778	0	0	-0.9993468	-0.033618134	0.006272192	2.5369965e-20	1
0	-0.9992237	-0.037084527	0.0062947944	-0.0062831854	0	0	-0.9992237	-0.037084527	0.0062947944	2.66237e-20	1
0	-0.9990947	-0.040402815	0.0063142325	-0.0037699111	0	0	-0.9990947	-0.040402815	0.0063142325	2.762656e-20	1
0	-0.99901557	-0.04230974	0.0063245483	-0.002513274	0	0	-0.99901557	-0.04230974	0.0063245483	2.8127934e-20	1
0	-0.9989728	-0.04330656	0.006329798	-0.0018849556	0	0	-0.9989728	-0.04330656	0.006329798	2.837861e-20	1
0	-0.99892473	-0.044396985	0.006335279	-0.001256637	0	0	-0.99892473	-0.044396985	0.006335279	2.8629267e-20	1
0	-0.99892473	-0.044396985	0.006335279	-0.0010053096	0	0	-0.99892473	-0.044396985	0.006335279	2.872953e-20	1
0	-0.9988745	-0.04551147	0.0063408343	-0.0006283185	0	0	-0.9988745	-0.04551147	0.0063408343	2.8879916e-20	1
0	-0.99884224	-0.046211533	0.006344182	-0.0002513274	0	0	-0.99884224	-0.046211533	0.006344182	2.90303e-20	1
0	-0.99884224	-0.046211533	0.006344182	-0.0001256637	0	0	-0.99884224	-0.046211533	0.006344182	2.9080426e-20	1
0	-0.99884224	-0.046211533	0.006344182	-6.283185e-05	0	0	-0.99884224	-0.046211533	0.006344182	2.910549e-20	1
0	-0.99884224	-0.046211533	0.006344182	-2.5132742e-05	0	0	-0.99884224	-0.046211533	0.006344182	2.9120528e-20	1
0	-0.99884224	-0.046211533	0.006344182	-1.2566371e-05	0	0	-0.99884224	-0.046211533	0.006344182	2.9125543e-20	1
0	-0.99884224	-0.046211533	0.006344182	-6.2831855e-06	0	0	-0.99884224	-0.046211533	0.006344182	2.9128047e-20	1
0	-0.99884224	-0.046211533	0.006344182	-2.513274e-06	0	0	-0.99884224	-0.046211533	0.006344182	2.9129553e-20	1
0	-0.99884224	-0.046211533	0.006344182	-1.256637e-06	0	0	-0.99884224	-0.046211533	0.006344182	2.9130054e-20	1
0	-0.99884224	-0.046211533	0.006344182	-6.283185e-07	0	0	-0.99884224	-0.046211533	0.006344182	2.9130303e-20	1
0	-0.99884224	-0.046211533	0.006344182	-2.513274e-07	0	0	-0.99884224	-0.046211533	0.006344182	2.9130455e-20	1
0	-0.99884224	-0.046211533	0.006344182	-1.256637e-07	0	0	-0.99884224	-0.046211533	0.006344182	2.9130506e-20	1
0	-0.99884224	-0.046211533	0.006344182	0	0	0	-0.99884224	-0.046211533	0.006344182	2.9130555e-20	1
0	-0.99884224	-0.046211533	0.006344182	1.256637e-07	0	0	-0.99884224	-0.046211533	0.006344182	2.9130606e-20	1
0	-0.99884224	-0.046211533	0.006344182	2.513274e-07	0	0	-0.99884224	-0.046211533	0.006344182	2.9130655e-20	1
0	-0.99884224	-0.046211533	0.006344182	6.283185e-07	0	0	-0.99884224	-0.046211533	0.006344182	2.9130807e-20	1
0	-0.99884224	-0.046211533	0.006344182	1.256637e-06	0	0	-0.99884224	-0.046211533	0.006344182	2.9131056e-20	1
0	-0.99884224	-0.046211533	0.006344182	2.513274e-06	0	0	-0.99884224	-0.046211533	0.006344182	2.9131556e-20	1
0	-0.99884224	-0.046211533	0.006344182	6.2831855e-06	0	0	-0.99884224	-0.046211533	0.006344182	2.9133062e-20	1
0	-0.99884224	-0.046211533	0.006344182	1.2566371e-05	0	0	-0.99884224	-0.046211533	0.006344182	2.9135566e-20	1
0	-0.99884224	-0.046211533	0.006344182	2.5132742e-05	0	0	-0.99884224	-0.046211533	0.006344182	2.914058e-20	1
0	-0.99884224	-0.046211533	0.006344182	6.283185e-05	0	0	-0.99884224	-0.046211533	0.006344182	2.915562e-20	1
0	-0.9988084	-0.04693775	0.00634759	0.0001256637	0	0	-0.9988084	-0.04693775	0.00634759	2.9180683e-20	1
0	-0.9988084	-0.04693775	0.00634759	0.0002513274	0	0	-0.9988084	-0.04693775	0.00634759	2.9230808e-20	1
0	-0.99876106	-0.04793102	0.0063522607	0.0006283185	0	0	-0.99876106	-0.04793102	0.0063522607	2.9381174e-20	1
0	-0.99872327	-0.04870912	0.0063558114	0.0010053096	0	0	-0.99872327	-0.04870912	0.0063558114	2.953154e-20	1
0	-0.99872327	-0.04870912	0.0063558114	0.001256637	0	0	-0.99872327	-0.04870912	0.0063558114	2.9631784e-20	1
0	-0.99862766	-0.05062764	0.0063643097	0.0018849556	0	0	-0.99862766	-0.05062764	0.0063643097	2.9882368e-20	1
0	-0.9985517	-0.05210232	0.0063705943	0.002513274	0	0	-0.9985517	-0.05210232	0.0063705943	3.0132942e-20	1
0	-0.9983783	-0.055320583	0.0063836896	0.0037699111	0	0	-0.9983783	-0.055320583	0.0063836896	3.0634023e-20	1
0	-0.99791634	-0.063096166	0.006412288	0.0062831854	0	0	-0.99791634	-0.063096166	0.006412288	3.163588e-20	1
0	-0.99695516	-0.076786555	0.006454219	0.009424778	0	0	-0.99695516	-0.076786555	0.006454219	3.2887347e-20	1
0	-0.99500746	-0.09885262	0.006505169	0.012566371	0	0	-0.99500746	-0.09885262	0.006505169	3.413709e-20	1
0	0.9995676	0.02628993	-0.006212632	0.018849555	0	0	0.9995676	0.02628993	-0.006212632	2.160808e-20	1
0	0.9996507	0.022942398	-0.006177367	0.025132742	0	0	0.9996507	0.022942398	-0.006177367	1.90998e-20	1
0	0.99974793	0.018286308	-0.006113322	0.03769911	0	0	0.99974793	0.018286308	-0.006113322	1.4082773e-20	1
0	0.9998008	0.015200412	-0.006054771	0.050265484	0	0	0.9998008	0.015200412	-0.006054771	9.065388e-21	1
0	0.99983287	0.013004327	-0.0059997477	0.06283186	0	0	0.99983287	0.013004327	-0.0059997477	4.0477918e-21	1
