# t (s)	mx ()	my ()	mz ()	B_extx (T)	B_exty (T)	B_extz (T)	mx ()	my ()	mz ()	E_total (J)	branch ()
0	-0.03298851	0.9993897	0.0011858167	0	0.06283186	0	-0.03298851	0.9993897	0.0011858167	4.590532e-21	-1
0	-0.03907724	0.99916923	0.0011873437	0	0.050265484	0	-0.03907724	0.99916923	0.0011873437	9.605466e-21	-1
0	-0.0478789	0.99878514	0.001184931	0	0.03769911	0	-0.0478789	0.99878514	0.001184931	1.4618934e-20	-1
0	-0.061651044	0.9980284	0.0011748262	0	0.025132742	0	-0.061651044	0.9980284	0.0011748262	1.9629678e-20	-1
0	-0.071895555	0.9973419	0.0011642769	0	0.018849555	0	-0.071895555	0.9973419	0.0011642769	2.2133185e-20	-1
0	-0.08605112	0.99621916	0.0011469611	0	0.012566371	0	-0.08605112	0.99621916	0.0011469611	2.4634484e-20	-1
0	-0.09535381	0.995371	0.001134296	0	0.009424778	0	-0.09535381	0.995371	0.001134296	2.5883861e-20	-1
0	-0.10682899	0.9942038	0.0011175772	0	0.0062831854	0	-0.10682899	0.9942038	0.0011175772	2.713199e-20	-1
0	-0.118110836	0.99292564	0.0011001464	0	0.0037699111	0	-0.118110836	0.99292564	0.0011001464	2.8129262e-20	-1
0	-0.12465787	0.9921242	0.0010896412	0	0.002513274	0	-0.12465787	0.9921242	0.0010896412	2.8627364e-20	-1
0	-0.12821129	0.99167097	0.0010838284	0	0.0018849556	0	-0.12821129	0.99167097	0.0010838284	2.887626e-20	-1
0	-0.13196343	0.99117815	0.0010776112	0	0.001256637	0	-0.13196343	0.99117815	0.0010776112	2.9125036e-20	-1
0	-0.13355026	0.9909654	0.0010749575	0	0.0010053096	0	-0.13355026	0.9909654	0.0010749575	2.9224508e-20	-1
0	-0.13594365	0.9906397	0.0010709309	0	0.0006283185	0	-0.13594365	0.9906397	0.0010709309	2.9373675e-20	-1
0	-0.13843916	0.99029374	0.0010666989	0	0.0002513274	0	-0.13843916	0.99029374	0.0010666989	2.9522797e-20	-1
0	-0.13843916	0.99029374	0.0010666989	0	0.0001256637	0	-0.13843916	0.99029374	0.0010666989	2.9572495e-20	-1
0	-0.13843916	0.99029374	0.0010666989	0	6.283185e-05	0	-0.13843916	0.99029374	0.0010666989	2.9597343e-20	-1
0	-0.13999072	0.99007547	0.0010640514	0	2.5132742e-05	0	-0.13999072	0.99007547	0.0010640514	2.9612245e-20	-1
0	-0.13999072	0.99007547	0.0010640514	0	1.2566371e-05	0	-0.13999072	0.99007547	0.0010640514	2.961721e-20	-1
0	-0.13999072	0.99007547	0.0010640514	0	6.2831855e-06	0	-0.13999072	0.99007547	0.0010640514	2.9619696e-20	-1
0	-0.13999072	0.99007547	0.0010640514	0	2.513274e-06	0	-0.13999072	0.99007547	0.0010640514	2.962119e-20	-1
0	-0.13999072	0.99007547	0.0010640514	0	1.256637e-06	0	-0.13999072	0.99007547	0.0010640514	2.9621683e-20	-1
0	-0.13999072	0.99007547	0.0010640514	0	6.283185e-07	0	-0.13999072	0.99007547	0.0010640514	2.9621932e-20	-1
0	-0.13999072	0.99007547	0.0010640514	0	2.513274e-07	0	-0.13999072	0.99007547	0.0010640514	2.962208e-20	-1
0	-0.13999072	0.99007547	0.0010640514	0	1.256637e-07	0	-0.13999072	0.99007547	0.0010640514	2.9622133e-20	-1
0	-0.13999072	0.99007547	0.0010640514	0	0	0	-0.13999072	0.99007547	0.0010640514	2.962218e-20	-1
0	-0.13999072	0.99007547	0.0010640514	0	-1.256637e-07	0	-0.13999072	0.99007547	0.0010640514	2.9622233e-20	-1
0	-0.13999072	0.99007547	0.0010640514	0	-2.513274e-07	0	-0.13999072	0.99007547	0.0010640514	2.962228e-20	-1
0	-0.13999072	0.99007547	0.0010640514	0	-6.283185e-07	0	-0.13999072	0.99007547	0.0010640514	2.962243e-20	-1
0	-0.13999072	0.99007547	0.0010640514	0	-1.256637e-06	0	-0.13999072	0.99007547	0.0010640514	2.962268e-20	-1
0	-0.13999072	0.99007547	0.0010640514	0	-2.513274e-06	0	-0.13999072	0.99007547	0.0010640514	2.9623176e-20	-1
0	-0.13999072	0.99007547	0.0010640514	0	-6.2831855e-06	0	-0.13999072	0.99007547	0.0010640514	2.9624666e-20	-1
0	-0.13999072	0.99007547	0.0010640514	0	-1.2566371e-05	0	-0.13999072	0.99007547	0.0010640514	2.962715e-20	-1
0	-0.13999072	0.99007547	0.0010640514	0	-2.5132742e-05	0	-0.13999072	0.99007547	0.0010640514	2.963212e-20	-1
0	-0.13999072	0.99007547	0.0010640514	0	-6.283185e-05	0	-0.13999072	0.99007547	0.0010640514	2.9647026e-20	-1
0	-0.13999072	0.99007547	0.0010640514	0	-0.0001256637	0	-0.13999072	0.99007547	0.0010640514	2.967187e-20	-1
0	-0.13999072	0.99007547	0.0010640514	0	-0.0002513274	0	-0.13999072	0.99007547	0.0010640514	2.9721556e-20	-1
0	-0.14464924	0.98940504	0.0010560292	0	-0.0006283185	0	-0.14464924	0.98940504	0.0010560292	2.987053e-20	-1
0	-0.14749038	0.9889852	0.0010510832	0	-0.0010053096	0	-0.14749038	0.9889852	0.0010510832	3.0019457e-20	-1
0	-0.14749038	0.9889852	0.0010510832	0	-0.001256637	0	-0.14749038	0.9889852	0.0010510832	3.0118722e-20	-1
0	-0.15458289	0.98790056	0.0010385716	0	-0.0018849556	0	-0.15458289	0.98790056	0.0010385716	3.0366695e-20	-1
0	-0.16010505	0.98702	0.0010286743	0	-0.002513274	0	-0.16010505	0.98702	0.0010286743	3.061447e-20	-1
0	-0.17243192	0.9849397	0.0010061243	0	-0.0037699111	0	-0.17243192	0.9849397	0.0010061243	3.1109313e-20	-1
0	-0.20468387	0.9787413	0.0009445561	0	-0.0062831854	0	-0.20468387	0.9787413	0.0009445561	3.2095076e-20	-1
0	-0.28197977	0.95931804	0.0007866357	0	-0.009424778	0	-0.28197977	0.95931804	0.0007866357	3.3313542e-20	-1
0	0.08608161	-0.9962165	-0.0011469121	0	-0.012566371	0	0.08608161	-0.9962165	-0.0011469121	2.4634484e-20	-1
0	0.071908355	-0.9973409	-0.0011642544	0	-0.018849555	0	0.071908355	-0.9973409	-0.0011642544	2.213319e-20	-1
0	0.06166733	-0.99802744	-0.001174802	0	-0.025132742	0	0.06166733	-0.99802744	-0.001174802	1.962968e-20	-1
0	0.04788461	-0.9987849	-0.0011849224	0	-0.03769911	0	0.04788461	-0.9987849	-0.0011849224	1.4618936e-20	-1
0	0.03908579	-0.9991689	-0.0011873317	0	-0.050265484	0	0.03908579	-0.9991689	-0.0011873317	9.605467e-21	-1
0	0.032989062	-0.9993897	-0.0011858176	0	-0.06283186	0	0.032989062	-0.9993897	-0.0011858176	4.5905297e-21	-1
0	0.032989062	-0.9993897	-0.0011858176	0	-0.06283186	0	0.032989062	-0.9993897	-0.0011858176	4.5905297e-21	1
0	0.039079823	-0.9991691	-0.0011873425	0	-0.050265484	0	0.039079823	-0.9991691	-0.0011873425	9.605465e-21	1
0	0.0478734	-0.9987854	-0.0011849387	0	-0.03769911	0	0.0478734	-0.9987854	-0.0011849387	1.4618937e-20	1
0	0.06165453	-0.99802816	-0.0011748206	0	-0.025132742	0	0.06165453	-0.99802816	-0.0011748206	1.9629678e-20	1
0	0.071890585	-0.9973422	-0.0011642822	0	-0.018849555	0	0.071890585	-0.9973422	-0.0011642822	2.2133192e-20	1
0	0.086052656	-0.9962189	-0.0011469492	0	-0.012566371	0	0.086052656	-0.9962189	-0.0011469492	2.4634484e-20	1
0	0.09535986	-0.9953704	-0.0011342881	0	-0.009424778	0	0.09535986	-0.9953704	-0.0011342881	2.5883863e-20	1
0	0.10681225	-0.9942056	-0.0011176043	0	-0.0062831854	0	0.10681225	-0.9942056	-0.0011176043	2.7131983e-20	1
0	0.11807862	-0.99292946	-0.0011002033	0	-0.0037699111	0	0.11807862	-0.99292946	-0.0011002033	2.812926e-20	1
0	0.124645375	-0.99212575	-0.0010896635	0	-0.002513274	0	0.124645375	-0.99212575	-0.0010896635	2.8627367e-20	1
0	0.1282066	-0.99167144	-0.0010838369	0	-0.0018849556	0	0.1282066	-0.99167144	-0.0010838369	2.8876258e-20	1
0	0.13197258	-0.99117696	-0.0010775947	0	-0.001256637	0	0.13197258	-0.99117696	-0.0010775947	2.9125033e-20	1
0	0.13197258	-0.99117696	-0.0010775947	0	-0.0010053096	0	0.13197258	-0.99117696	-0.0010775947	2.9224517e-20	1
0	0.13595341	-0.9906383	-0.001070916	0	-0.0006283185	0	0.13595341	-0.9906383	-0.001070916	2.9373678e-20	1
0	0.13844617	-0.9902928	-0.0010666864	0	-0.0002513274	0	0.13844617	-0.9902928	-0.0010666864	2.9522797e-20	1
0	0.13844617	-0.9902928	-0.0010666864	0	-0.0001256637	0	0.13844617	-0.9902928	-0.0010666864	2.9572495e-20	1
0	0.13844617	-0.9902928	-0.0010666864	0	-6.283185e-05	0	0.13844617	-0.9902928	-0.0010666864	2.9597343e-20	1
0	0.13844617	-0.9902928	-0.0010666864	0	-2.5132742e-05	0	0.13844617	-0.9902928	-0.0010666864	2.9612255e-20	1
0	0.13844617	-0.9902928	-0.0010666864	0	-1.2566371e-05	0	0.13844617	-0.9902928	-0.0010666864	2.9617224e-20	1
0	0.13844617	-0.9902928	-0.0010666864	0	-6.2831855e-06	0	0.13844617	-0.9902928	-0.0010666864	2.961971e-20	1
0	0.13844617	-0.9902928	-0.0010666864	0	-2.513274e-06	0	0.13844617	-0.9902928	-0.0010666864	2.96212e-20	1
0	0.13844617	-0.9902928	-0.0010666864	0	-1.256637e-06	0	0.13844617	-0.9902928	-0.0010666864	2.9621696e-20	1
0	0.13844617	-0.9902928	-0.0010666864	0	-6.283185e-07	0	0.13844617	-0.9902928	-0.0010666864	2.9621945e-20	1
0	0.13844617	-0.9902928	-0.0010666864	0	-2.513274e-07	0	0.13844617	-0.9902928	-0.0010666864	2.9622094e-20	1
0	0.13844617	-0.9902928	-0.0010666864	0	-1.256637e-07	0	0.13844617	-0.9902928	-0.0010666864	2.9622142e-20	1
0	0.13844617	-0.9902928	-0.0010666864	0	0	0	0.13844617	-0.9902928	-0.0010666864	2.9622194e-20	1
0	0.13844617	-0.9902928	-0.0010666864	0	1.256637e-07	0	0.13844617	-0.9902928	-0.0010666864	2.9622242e-20	1
0	0.13844617	-0.9902928	-0.0010666864	0	2.513274e-07	0	0.13844617	-0.9902928	-0.0010666864	2.9622294e-20	1
0	0.13844617	-0.9902928	-0.0010666864	0	6.283185e-07	0	0.13844617	-0.9902928	-0.0010666864	2.9622443e-20	1
0	0.13844617	-0.9902928	-0.0010666864	0	1.256637e-06	0	0.13844617	-0.9902928	-0.0010666864	2.962269e-20	1
0	0.13844617	-0.9902928	-0.0010666864	0	2.513274e-06	0	0.13844617	-0.9902928	-0.0010666864	2.9623186e-20	1
0	0.13844617	-0.9902928	-0.0010666864	0	6.2831855e-06	0	0.13844617	-0.9902928	-0.0010666864	2.962468e-20	1
0	0.13844617	-0.9902928	-0.0010666864	0	1.2566371e-05	0	0.13844617	-0.9902928	-0.0010666864	2.9627164e-20	1
0	0.13844617	-0.9902928	-0.0010666864	0	2.5132742e-05	0	0.13844617	-0.9902928	-0.0010666864	2.9632133e-20	1
0	0.14060993	-0.9899876	-0.0010629905	0	6.283185e-05	0	0.14060993	-0.9899876	-0.0010629905	2.9647022e-20	1
0	0.14060993	-0.9899876	-0.0010629905	0	0.0001256637	0	0.14060993	-0.9899876	-0.0010629905	2.9671864e-20	1
0	0.14060993	-0.9899876	-0.0010629905	0	0.0002513274	0	0.14060993	-0.9899876	-0.0010629905	2.9721546e-20	1
0	0.1446706	-0.98940194	-0.0010559887	0	0.0006283185	0	0.1446706	-0.98940194	-0.0010559887	2.987053e-20	1
0	0.1446706	-0.98940194	-0.0010559887	0	0.0010053096	0	0.1446706	-0.98940194	-0.0010559887	3.0019486e-20	1
0	0.14947876	-0.9886863	-0.0010475956	0	0.001256637	0	0.14947876	-0.9886863	-0.0010475956	3.0118706e-20	1
0	0.15459013	-0.9878994	-0.0010385617	0	0.0018849556	0	0.15459013	-0.9878994	-0.0010385617	3.0366695e-20	1
0	0.16009165	-0.98702216	-0.001028701	0	0.002513274	0	0.16009165	-0.98702216	-0.001028701	3.0614475e-20	1
0	0.17245641	-0.9849354	-0.0010060761	0	0.0037699111	0	0.17245641	-0.9849354	-0.0010060761	3.1109313e-20	1
0	0.20470272	-0.97873724	-0.0009445182	0	0.0062831854	0	0.20470272	-0.97873724	-0.0009445182	3.2095073e-20	1
0	0.28218696	-0.9592571	-0.00078619627	0	0.009424778	0	0.28218696	-0.9592571	-0.00078619627	3.3313542e-20	1
0	-0.08606392	0.996218	0.0011469431	0	0.012566371	0	-0.08606392	0.996218	0.0011469431	2.4634484e-20	1
0	-0.071903646	0.9973413	0.0011642748	0	0.018849555	0	-0.071903646	0.9973413	0.0011642748	2.2133187e-20	1
0	-0.061657157	0.998028	0.0011748159	0	0.025132742	0	-0.061657157	0.998028	0.0011748159	1.962968e-20	1
0	-0.04788572	0.9987848	0.0011849208	0	0.03769911	0	-0.04788572	0.9987848	0.0011849208	1.4618936e-20	1
0	-0.039080825	0.9991691	0.0011873387	0	0.050265484	0	-0.039080825	0.9991691	0.0011873387	9.6054644e-21	1
0	-0.032988273	0.9993897	0.0011858179	0	0.06283186	0	-0.032988273	0.9993897	0.0011858179	4.590528e-21	1
