# t (s)	mx ()	my ()	mz ()	B_extx (T)	B_exty (T)	B_extz (T)	mx ()	my ()	mz ()	E_total (J)	branch ()
0	0.9938931	0.10952797	0.0061721294	0.06283186	0	0	0.9938931	0.10952797	0.0061721294	4.3659812e-21	-1
0	0.9899032	0.14106926	0.006490697	0.050265484	0	0	0.9899032	0.14106926	0.006490697	9.344939e-21	-1
0	0.98185885	0.1890617	0.006897777	0.03769911	0	0	0.98185885	0.1890617	0.006897777	1.4294985e-20	-1
0	0.9653667	0.2604413	0.007346506	0.025132742	0	0	0.9653667	0.2604413	0.007346506	1.9185887e-20	-1
0	0.95176005	0.30642432	0.007537083	0.018849555	0	0	0.95176005	0.30642432	0.007537083	2.159211e-20	-1
0	0.932878	0.3598038	0.007659208	0.012566371	0	0	0.932878	0.3598038	0.007659208	2.3957899e-20	-1
0	0.920859	0.38952088	0.0076800864	0.009424778	0	0	0.920859	0.38952088	0.0076800864	2.5120974e-20	-1
0	0.90663135	0.4215619	0.0076642483	0.0062831854	0	0	0.90663135	0.4215619	0.0076642483	2.6267637e-20	-1
0	0.8933063	0.44909716	0.007618582	0.0037699111	0	0	0.8933063	0.44909716	0.007618582	2.7171106e-20	-1
0	0.8858732	0.46358138	0.0075826216	0.002513274	0	0	0.8858732	0.46358138	0.0075826216	2.761757e-20	-1
0	0.881927	0.47104266	0.0075608706	0.0018849556	0	0	0.881927	0.47104266	0.0075608706	2.7839365e-20	-1
0	0.8778124	0.47866386	0.00753639	0.001256637	0	0	0.8778124	0.47866386	0.00753639	2.8060147e-20	-1
0	0.8778124	0.47866386	0.00753639	0.0010053096	0	0	0.8778124	0.47866386	0.00753639	2.8148252e-20	-1
0	0.8735249	0.48644155	0.007509049	0.0006283185	0	0	0.8735249	0.48644155	0.007509049	2.8279877e-20	-1
0	0.87086296	0.49118954	0.007491189	0.0002513274	0	0	0.87086296	0.49118954	0.007491189	2.8411192e-20	-1
0	0.87086296	0.49118954	0.007491189	0.0001256637	0	0	0.87086296	0.49118954	0.007491189	2.8454897e-20	-1
0	0.87086296	0.49118954	0.007491189	6.283185e-05	0	0	0.87086296	0.49118954	0.007491189	2.847675e-20	-1
0	0.87086296	0.49118954	0.007491189	2.5132742e-05	0	0	0.87086296	0.49118954	0.007491189	2.848986e-20	-1
0	0.87086296	0.49118954	0.007491189	1.2566371e-05	0	0	0.87086296	0.49118954	0.007491189	2.849423e-20	-1
0	0.87086296	0.49118954	0.007491189	6.2831855e-06	0	0	0.87086296	0.49118954	0.007491189	2.8496417e-20	-1
0	0.87086296	0.49118954	0.007491189	2.513274e-06	0	0	0.87086296	0.49118954	0.007491189	2.8497726e-20	-1
0	0.87086296	0.49118954	0.007491189	1.256637e-06	0	0	0.87086296	0.49118954	0.007491189	2.8498165e-20	-1
0	0.87086296	0.49118954	0.007491189	6.283185e-07	0	0	0.87086296	0.49118954	0.007491189	2.8498382e-20	-1
0	0.87086296	0.49118954	0.007491189	2.513274e-07	0	0	0.87086296	0.49118954	0.007491189	2.8498514e-20	-1
0	0.87086296	0.49118954	0.007491189	1.256637e-07	0	0	0.87086296	0.49118954	0.007491189	2.8498556e-20	-1
0	0.87086296	0.49118954	0.007491189	0	0	0	0.87086296	0.49118954	0.007491189	2.84986e-20	-1
0	0.87086296	0.49118954	0.007491189	-1.256637e-07	0	0	0.87086296	0.49118954	0.007491189	2.8498644e-20	-1
0	0.87086296	0.49118954	0.007491189	-2.513274e-07	0	0	0.87086296	0.49118954	0.007491189	2.849869e-20	-1
0	0.87086296	0.49118954	0.007491189	-6.283185e-07	0	0	0.87086296	0.49118954	0.007491189	2.8498818e-20	-1
0	0.87086296	0.49118954	0.007491189	-1.256637e-06	0	0	0.87086296	0.49118954	0.007491189	2.8499038e-20	-1
0	0.87086296	0.49118954	0.007491189	-2.513274e-06	0	0	0.87086296	0.49118954	0.007491189	2.8499474e-20	-1
0	0.87086296	0.49118954	0.007491189	-6.2831855e-06	0	0	0.87086296	0.49118954	0.007491189	2.8500786e-20	-1
0	0.87086296	0.49118954	0.007491189	-1.2566371e-05	0	0	0.87086296	0.49118954	0.007491189	2.850297e-20	-1
0	0.87086296	0.49118954	0.007491189	-2.5132742e-05	0	0	0.87086296	0.49118954	0.007491189	2.8507342e-20	-1
0	0.87086296	0.49118954	0.007491189	-6.283185e-05	0	0	0.87086296	0.49118954	0.007491189	2.8520454e-20	-1
0	0.86812973	0.4960028	0.00747218	-0.0001256637	0	0	0.86812973	0.4960028	0.00747218	2.85421e-20	-1
0	0.86812973	0.4960028	0.00747218	-0.0002513274	0	0	0.86812973	0.4960028	0.00747218	2.8585666e-20	-1
0	0.864372	0.5025205	0.007444989	-0.0006283185	0	0	0.864372	0.5025205	0.007444989	2.8715992e-20	-1
0	0.86145365	0.50750554	0.0074230605	-0.0010053096	0	0	0.86145365	0.50750554	0.0074230605	2.8845904e-20	-1
0	0.86145365	0.50750554	0.0074230605	-0.001256637	0	0	0.86145365	0.50750554	0.0074230605	2.8932367e-20	-1
0	0.8543205	0.51942	0.007366715	-0.0018849556	0	0	0.8543205	0.51942	0.007366715	2.914729e-20	-1
0	0.848914	0.52820754	0.007321601	-0.002513274	0	0	0.848914	0.52820754	0.007321601	2.9360986e-20	-1
0	0.8371495	0.54665715	0.007217076	-0.0037699111	0	0	0.8371495	0.54665715	0.007217076	2.9784115e-20	-1
0	0.8087506	0.5878492	0.006936406	-0.0062831854	0	0	0.8087506	0.5878492	0.006936406	3.0610762e-20	-1
0	0.7549864	0.65546334	0.006338695	-0.009424778	0	0	0.7549864	0.65546334	0.006338695	3.1595007e-20	-1
0	-0.7287812	0.6844951	0.004605946	-0.012566371	0	0	-0.7287812	0.6844951	0.004605946	2.4327556e-20	-1
0	-0.8262119	0.56308174	0.0032424293	-0.018849555	0	0	-0.8262119	0.56308174	0.0032424293	2.2382677e-20	-1
0	-0.9653688	-0.26043344	-0.007346467	-0.025132742	0	0	-0.9653688	-0.26043344	-0.007346467	1.9185886e-20	-1
0	-0.98185515	-0.18908143	-0.006897912	-0.03769911	0	0	-0.98185515	-0.18908143	-0.006897912	1.4294983e-20	-1
0	-0.989902	-0.14107767	-0.0064907623	-0.050265484	0	0	-0.989902	-0.14107767	-0.0064907623	9.344937e-21	-1
0	-0.9938922	-0.10953641	-0.0061722063	-0.06283186	0	0	-0.9938922	-0.10953641	-0.0061722063	4.3659857e-21	-1
0	-0.9938922	-0.10953641	-0.0061722063	-0.06283186	0	0	-0.9938922	-0.10953641	-0.0061722063	4.3659857e-21	1
0	-0.9899028	-0.1410719	-0.006490714	-0.050265484	0	0	-0.9899028	-0.1410719	-0.006490714	9.34494e-21	1
0	-0.9818591	-0.18906051	-0.006897769	-0.03769911	0	0	-0.9818591	-0.18906051	-0.006897769	1.4294983e-20	1
0	-0.9653671	-0.26043975	-0.0073464937	-0.025132742	0	0	-0.9653671	-0.26043975	-0.0073464937	1.9185884e-20	1
0	-0.95176315	-0.3064146	-0.0075370558	-0.018849555	0	0	-0.95176315	-0.3064146	-0.0075370558	2.1592112e-20	1
0	-0.9328786	-0.35980225	-0.007659206	-0.012566371	0	0	-0.9328786	-0.35980225	-0.007659206	2.39579e-20	1
0	-0.9208574	-0.38952458	-0.0076800855	-0.009424778	0	0	-0.9208574	-0.38952458	-0.0076800855	2.5120978e-20	1
0	-0.90663344	-0.4215575	-0.0076642544	-0.0062831854	0	0	-0.90663344	-0.4215575	-0.0076642544	2.6267637e-20	1
0	-0.89331985	-0.44907016	-0.0076186536	-0.0037699111	0	0	-0.89331985	-0.44907016	-0.0076186536	2.7171103e-20	1
0	-0.8858696	-0.46358824	-0.0075825998	-0.002513274	0	0	-0.8858696	-0.46358824	-0.0075825998	2.761757e-20	1
0	-0.8819241	-0.47104812	-0.007560852	-0.0018849556	0	0	-0.8819241	-0.47104812	-0.007560852	2.7839365e-20	1
0	-0.8778051	-0.4786772	-0.0075363377	-0.001256637	0	0	-0.8778051	-0.4786772	-0.0075363377	2.806015e-20	1
0	-0.8778051	-0.4786772	-0.0075363377	-0.0010053096	0	0	-0.8778051	-0.4786772	-0.0075363377	2.8148255e-20	1
0	-0.8735205	-0.48644942	-0.0075090146	-0.0006283185	0	0	-0.8735205	-0.48644942	-0.0075090146	2.8279877e-20	1
0	-0.8708596	-0.49119556	-0.0074911634	-0.0002513274	0	0	-0.8708596	-0.49119556	-0.0074911634	2.841119e-20	1
0	-0.8708596	-0.49119556	-0.0074911634	-0.0001256637	0	0	-0.8708596	-0.49119556	-0.0074911634	2.8454894e-20	1
0	-0.8708596	-0.49119556	-0.0074911634	-6.283185e-05	0	0	-0.8708596	-0.49119556	-0.0074911634	2.8476746e-20	1
0	-0.8708596	-0.49119556	-0.0074911634	-2.5132742e-05	0	0	-0.8708596	-0.49119556	-0.0074911634	2.8489855e-20	1
0	-0.8708596	-0.49119556	-0.0074911634	-1.2566371e-05	0	0	-0.8708596	-0.49119556	-0.0074911634	2.8494227e-20	1
0	-0.8708596	-0.49119556	-0.0074911634	-6.2831855e-06	0	0	-0.8708596	-0.49119556	-0.0074911634	2.849641e-20	1
0	-0.8708596	-0.49119556	-0.0074911634	-2.513274e-06	0	0	-0.8708596	-0.49119556	-0.0074911634	2.8497723e-20	1
0	-0.8708596	-0.49119556	-0.0074911634	-1.256637e-06	0	0	-0.8708596	-0.49119556	-0.0074911634	2.849816e-20	1
0	-0.8708596	-0.49119556	-0.0074911634	-6.283185e-07	0	0	-0.8708596	-0.49119556	-0.0074911634	2.849838e-20	1
0	-0.8708596	-0.49119556	-0.0074911634	-2.513274e-07	0	0	-0.8708596	-0.49119556	-0.0074911634	2.8498508e-20	1
0	-0.8708596	-0.49119556	-0.0074911634	-1.256637e-07	0	0	-0.8708596	-0.49119556	-0.0074911634	2.8498553e-20	1
0	-0.8708596	-0.49119556	-0.0074911634	0	0	0	-0.8708596	-0.49119556	-0.0074911634	2.8498595e-20	1
0	-0.8708596	-0.49119556	-0.0074911634	1.256637e-07	0	0	-0.8708596	-0.49119556	-0.0074911634	2.849864e-20	1
0	-0.8708596	-0.49119556	-0.0074911634	2.513274e-07	0	0	-0.8708596	-0.49119556	-0.0074911634	2.8498682e-20	1
0	-0.8708596	-0.49119556	-0.0074911634	6.283185e-07	0	0	-0.8708596	-0.49119556	-0.0074911634	2.8498815e-20	1
0	-0.8708596	-0.49119556	-0.0074911634	1.256637e-06	0	0	-0.8708596	-0.49119556	-0.0074911634	2.8499035e-20	1
0	-0.8708596	-0.49119556	-0.0074911634	2.513274e-06	0	0	-0.8708596	-0.49119556	-0.0074911634	2.849947e-20	1
0	-0.8708596	-0.49119556	-0.0074911634	6.2831855e-06	0	0	-0.8708596	-0.49119556	-0.0074911634	2.8500783e-20	1
0	-0.8708596	-0.49119556	-0.0074911634	1.2566371e-05	0	0	-0.8708596	-0.49119556	-0.0074911634	2.8502967e-20	1
0	-0.8708596	-0.49119556	-0.0074911634	2.5132742e-05	0	0	-0.8708596	-0.49119556	-0.0074911634	2.850734e-20	1
0	-0.8708596	-0.49119556	-0.0074911634	6.283185e-05	0	0	-0.8708596	-0.49119556	-0.0074911634	2.8520448e-20	1
0	-0.8681303	-0.49600172	-0.0074721845	0.0001256637	0	0	-0.8681303	-0.49600172	-0.0074721845	2.85421e-20	1
0	-0.8681303	-0.49600172	-0.0074721845	0.0002513274	0	0	-0.8681303	-0.49600172	-0.0074721845	2.8585666e-20	1
0	-0.8643538	-0.5025519	-0.00744484	0.0006283185	0	0	-0.8643538	-0.5025519	-0.00744484	2.871599e-20	1
0	-0.8614539	-0.5075052	-0.007423063	0.0010053096	0	0	-0.8614539	-0.5075052	-0.007423063	2.8845904e-20	1
0	-0.8614539	-0.5075052	-0.007423063	0.001256637	0	0	-0.8614539	-0.5075052	-0.007423063	2.893237e-20	1
0	-0.8543041	-0.519447	-0.0073665697	0.0018849556	0	0	-0.8543041	-0.519447	-0.0073665697	2.914729e-20	1
0	-0.84890115	-0.52822816	-0.0073214825	0.002513274	0	0	-0.84890115	-0.52822816	-0.0073214825	2.9360983e-20	1
0	-0.83715427	-0.5466498	-0.0072171115	0.0037699111	0	0	-0.83715427	-0.5466498	-0.0072171115	2.9784115e-20	1
0	-0.8087566	-0.58784103	-0.006936471	0.0062831854	0	0	-0.8087566	-0.58784103	-0.006936471	3.0610765e-20	1
0	-0.7550119	-0.655434	-0.0063389954	0.009424778	0	0	-0.7550119	-0.655434	-0.0063389954	3.1595004e-20	1
0	0.7287688	-0.6845082	-0.0046060625	0.012566371	0	0	0.7287688	-0.6845082	-0.0046060625	2.4327555e-20	1
0	0.8261963	-0.5631046	-0.003242732	0.018849555	0	0	0.8261963	-0.5631046	-0.003242732	2.2382675e-20	1
0	0.96536386	0.26045185	0.0073465514	0.025132742	0	0	0.96536386	0.26045185	0.0073465514	1.9185886e-20	1
0	0.9818548	0.1890833	0.0068979245	0.03769911	0	0	0.9818548	0.1890833	0.0068979245	1.4294986e-20	1
0	0.9899014	0.14108202	0.0064907987	0.050265484	0	0	0.9899014	0.14108202	0.0064907987	9.3449405e-21	1
0	0.99389267	0.109531194	0.006172158	0.06283186	0	0	0.99389267	0.109531194	0.006172158	4.365981e-21	1
