# t (s)	mx ()	my ()	mz ()	B_extx (T)	B_exty (T)	B_extz (T)	mx ()	my ()	mz ()	E_total (J)	branch ()
0	0.0107815545	0.99984634	-0.007785256	0	0.06283186	0	0.0107815545	0.99984634	-0.007785256	3.9543575e-21	-1
0	0.01293281	0.99981964	-0.007839761	0	0.050265484	0	0.01293281	0.99981964	-0.007839761	8.972034e-21	-1
0	0.016151749	0.9997716	-0.007891004	0	0.03769911	0	0.016151749	0.9997716	-0.007891004	1.3989527e-20	-1
0	0.02150167	0.9996696	-0.007934088	0	0.025132742	0	0.02150167	0.9996696	-0.007934088	1.9006664e-20	-1
0	0.02575006	0.99956864	-0.007948736	0	0.018849555	0	0.02575006	0.99956864	-0.007948736	2.1514977e-20	-1
0	0.032064725	0.99938536	-0.00795296	0	0.012566371	0	0.032064725	0.99938536	-0.00795296	2.4022936e-20	-1
0	0.036521047	0.9992323	-0.007947986	0	0.009424778	0	0.036521047	0.9992323	-0.007947986	2.5276706e-20	-1
0	0.042382136	0.99900055	-0.007934641	0	0.0062831854	0	0.042382136	0.99900055	-0.007934641	2.653023e-20	-1
0	0.048582077	0.998718	-0.00791419	0	0.0037699111	0	0.048582077	0.998718	-0.00791419	2.7532797e-20	-1
0	0.052405648	0.99852455	-0.00789899	0	0.002513274	0	0.052405648	0.99852455	-0.00789899	2.803396e-20	-1
0	0.05453477	0.99841046	-0.007889798	0	0.0018849556	0	0.05453477	0.99841046	-0.007889798	2.8284498e-20	-1
0	0.05683404	0.9982822	-0.007879328	0	0.001256637	0	0.05683404	0.9982822	-0.007879328	2.8535007e-20	-1
0	0.05683404	0.9982822	-0.007879328	0	0.0010053096	0	0.05683404	0.9982822	-0.007879328	2.8635206e-20	-1
0	0.059366476	0.99813473	-0.007867152	0	0.0006283185	0	0.059366476	0.99813473	-0.007867152	2.8785485e-20	-1
0	0.060938913	0.9980399	-0.007859301	0	0.0002513274	0	0.060938913	0.9980399	-0.007859301	2.893575e-20	-1
0	0.060938913	0.9980399	-0.007859301	0	0.0001256637	0	0.060938913	0.9980399	-0.007859301	2.8985837e-20	-1
0	0.060938913	0.9980399	-0.007859301	0	6.283185e-05	0	0.060938913	0.9980399	-0.007859301	2.9010882e-20	-1
0	0.060938913	0.9980399	-0.007859301	0	2.5132742e-05	0	0.060938913	0.9980399	-0.007859301	2.9025907e-20	-1
0	0.060938913	0.9980399	-0.007859301	0	1.2566371e-05	0	0.060938913	0.9980399	-0.007859301	2.9030915e-20	-1
0	0.060938913	0.9980399	-0.007859301	0	6.2831855e-06	0	0.060938913	0.9980399	-0.007859301	2.903342e-20	-1
0	0.060938913	0.9980399	-0.007859301	0	2.513274e-06	0	0.060938913	0.9980399	-0.007859301	2.903492e-20	-1
0	0.060938913	0.9980399	-0.007859301	0	1.256637e-06	0	0.060938913	0.9980399	-0.007859301	2.9035422e-20	-1
0	0.060938913	0.9980399	-0.007859301	0	6.283185e-07	0	0.060938913	0.9980399	-0.007859301	2.9035674e-20	-1
0	0.060938913	0.9980399	-0.007859301	0	2.513274e-07	0	0.060938913	0.9980399	-0.007859301	2.9035823e-20	-1
0	0.060938913	0.9980399	-0.007859301	0	1.256637e-07	0	0.060938913	0.9980399	-0.007859301	2.9035875e-20	-1
0	0.060938913	0.9980399	-0.007859301	0	0	0	0.060938913	0.9980399	-0.007859301	2.9035923e-20	-1
0	0.060938913	0.9980399	-0.007859301	0	-1.256637e-07	0	0.060938913	0.9980399	-0.007859301	2.9035975e-20	-1
0	0.060938913	0.9980399	-0.007859301	0	-2.513274e-07	0	0.060938913	0.9980399	-0.007859301	2.9036023e-20	-1
0	0.060938913	0.9980399	-0.007859301	0	-6.283185e-07	0	0.060938913	0.9980399	-0.007859301	2.9036175e-20	-1
0	0.060938913	0.9980399	-0.007859301	0	-1.256637e-06	0	0.060938913	0.9980399	-0.007859301	2.9036424e-20	-1
0	0.060938913	0.9980399	-0.007859301	0	-2.513274e-06	0	0.060938913	0.9980399	-0.007859301	2.9036925e-20	-1
0	0.060938913	0.9980399	-0.007859301	0	-6.2831855e-06	0	0.060938913	0.9980399	-0.007859301	2.903843e-20	-1
0	0.060938913	0.9980399	-0.007859301	0	-1.2566371e-05	0	0.060938913	0.9980399	-0.007859301	2.9040935e-20	-1
0	0.060938913	0.9980399	-0.007859301	0	-2.5132742e-05	0	0.060938913	0.9980399	-0.007859301	2.9045943e-20	-1
0	0.062344216	0.9979531	-0.007852074	0	-6.283185e-05	0	0.062344216	0.9979531	-0.007852074	2.9060965e-20	-1
0	0.062344216	0.9979531	-0.007852074	0	-0.0001256637	0	0.062344216	0.9979531	-0.007852074	2.9086006e-20	-1
0	0.06319994	0.9978992	-0.007847603	0	-0.0002513274	0	0.06319994	0.9978992	-0.007847603	2.9136083e-20	-1
0	0.06505293	0.99778014	-0.00783762	0	-0.0006283185	0	0.06505293	0.99778014	-0.00783762	2.9286317e-20	-1
0	0.0669483	0.9976547	-0.0078271795	0	-0.0010053096	0	0.0669483	0.9976547	-0.0078271795	2.9436527e-20	-1
0	0.0669483	0.9976547	-0.0078271795	0	-0.001256637	0	0.0669483	0.9976547	-0.0078271795	2.9536665e-20	-1
0	0.071912885	0.9973091	-0.0077983188	0	-0.0018849556	0	0.071912885	0.9973091	-0.0077983188	2.978694e-20	-1
0	0.07585317	0.997017	-0.007774099	0	-0.002513274	0	0.07585317	0.997017	-0.007774099	3.003715e-20	-1
0	0.0851506	0.9962659	-0.007712413	0	-0.0037699111	0	0.0851506	0.9962659	-0.007712413	3.0537327e-20	-1
0	0.1121327	0.9935902	-0.0075014336	0	-0.0062831854	0	0.1121327	0.9935902	-0.0075014336	3.1536115e-20	-1
0	0.18264109	0.9830729	-0.006758567	0	-0.009424778	0	0.18264109	0.9830729	-0.006758567	3.2777684e-20	-1
0	-0.032074634	-0.9993851	0.007952908	0	-0.012566371	0	-0.032074634	-0.9993851	0.007952908	2.4022937e-20	-1
0	-0.02576464	-0.9995682	0.00794862	0	-0.018849555	0	-0.02576464	-0.9995682	0.00794862	2.1514976e-20	-1
0	-0.02149722	-0.9996697	0.00793411	0	-0.025132742	0	-0.02149722	-0.9996697	0.00793411	1.9006662e-20	-1
0	-0.016153608	-0.99977154	0.0078909835	0	-0.03769911	0	-0.016153608	-0.99977154	0.0078909835	1.3989529e-20	-1
0	-0.01293893	-0.9998195	0.007839747	0	-0.050265484	0	-0.01293893	-0.9998195	0.007839747	8.972032e-21	-1
0	-0.010783313	-0.9998463	0.007785244	0	-0.06283186	0	-0.010783313	-0.9998463	0.007785244	3.9543587e-21	-1
0	-0.010783313	-0.9998463	0.007785244	0	-0.06283186	0	-0.010783313	-0.9998463	0.007785244	3.9543587e-21	1
0	-0.0129328435	-0.99981964	0.007839752	0	-0.050265484	0	-0.0129328435	-0.99981964	0.007839752	8.9720355e-21	1
0	-0.016137343	-0.99977183	0.007891055	0	-0.03769911	0	-0.016137343	-0.99977183	0.007891055	1.3989527e-20	1
0	-0.021501094	-0.9996696	0.007934095	0	-0.025132742	0	-0.021501094	-0.9996696	0.007934095	1.9006664e-20	1
0	-0.025749192	-0.99956864	0.007948687	0	-0.018849555	0	-0.025749192	-0.99956864	0.007948687	2.1514976e-20	1
0	-0.032054808	-0.9993857	0.007953001	0	-0.012566371	0	-0.032054808	-0.9993857	0.007953001	2.4022937e-20	1
0	-0.036515165	-0.9992324	0.007948015	0	-0.009424778	0	-0.036515165	-0.9992324	0.007948015	2.5276706e-20	1
0	-0.042370774	-0.999001	0.007934686	0	-0.0062831854	0	-0.042370774	-0.999001	0.007934686	2.6530232e-20	1
0	-0.04858009	-0.998718	0.007914202	0	-0.0037699111	0	-0.04858009	-0.998718	0.007914202	2.7532797e-20	1
0	-0.05235199	-0.9985274	0.007899301	0	-0.002513274	0	-0.05235199	-0.9985274	0.007899301	2.8033956e-20	1
0	-0.054514684	-0.99841154	0.007889917	0	-0.0018849556	0	-0.054514684	-0.99841154	0.007889917	2.8284498e-20	1
0	-0.05684316	-0.99828166	0.007879272	0	-0.001256637	0	-0.05684316	-0.99828166	0.007879272	2.8535007e-20	1
0	-0.05684316	-0.99828166	0.007879272	0	-0.0010053096	0	-0.05684316	-0.99828166	0.007879272	2.8635203e-20	1
0	-0.059343293	-0.99813604	0.007867267	0	-0.0006283185	0	-0.059343293	-0.99813604	0.007867267	2.8785488e-20	1
0	-0.06095262	-0.99803907	0.007859216	0	-0.0002513274	0	-0.06095262	-0.99803907	0.007859216	2.893575e-20	1
0	-0.06095262	-0.99803907	0.007859216	0	-0.0001256637	0	-0.06095262	-0.99803907	0.007859216	2.898584e-20	1
0	-0.06095262	-0.99803907	0.007859216	0	-6.283185e-05	0	-0.06095262	-0.99803907	0.007859216	2.9010882e-20	1
0	-0.06095262	-0.99803907	0.007859216	0	-2.5132742e-05	0	-0.06095262	-0.99803907	0.007859216	2.9025907e-20	1
0	-0.06095262	-0.99803907	0.007859216	0	-1.2566371e-05	0	-0.06095262	-0.99803907	0.007859216	2.9030915e-20	1
0	-0.06095262	-0.99803907	0.007859216	0	-6.2831855e-06	0	-0.06095262	-0.99803907	0.007859216	2.9033422e-20	1
0	-0.06095262	-0.99803907	0.007859216	0	-2.513274e-06	0	-0.06095262	-0.99803907	0.007859216	2.9034925e-20	1
0	-0.06095262	-0.99803907	0.007859216	0	-1.256637e-06	0	-0.06095262	-0.99803907	0.007859216	2.9035426e-20	1
0	-0.06095262	-0.99803907	0.007859216	0	-6.283185e-07	0	-0.06095262	-0.99803907	0.007859216	2.9035674e-20	1
0	-0.06095262	-0.99803907	0.007859216	0	-2.513274e-07	0	-0.06095262	-0.99803907	0.007859216	2.9035826e-20	1
0	-0.06095262	-0.99803907	0.007859216	0	-1.256637e-07	0	-0.06095262	-0.99803907	0.007859216	2.9035875e-20	1
0	-0.06095262	-0.99803907	0.007859216	0	0	0	-0.06095262	-0.99803907	0.007859216	2.9035927e-20	1
0	-0.06095262	-0.99803907	0.007859216	0	1.256637e-07	0	-0.06095262	-0.99803907	0.007859216	2.9035975e-20	1
0	-0.06095262	-0.99803907	0.007859216	0	2.513274e-07	0	-0.06095262	-0.99803907	0.007859216	2.9036027e-20	1
0	-0.06095262	-0.99803907	0.007859216	0	6.283185e-07	0	-0.06095262	-0.99803907	0.007859216	2.9036175e-20	1
0	-0.06095262	-0.99803907	0.007859216	0	1.256637e-06	0	-0.06095262	-0.99803907	0.007859216	2.9036427e-20	1
0	-0.06095262	-0.99803907	0.007859216	0	2.513274e-06	0	-0.06095262	-0.99803907	0.007859216	2.9036928e-20	1
0	-0.06095262	-0.99803907	0.007859216	0	6.2831855e-06	0	-0.06095262	-0.99803907	0.007859216	2.903843e-20	1
0	-0.06095262	-0.99803907	0.007859216	0	1.2566371e-05	0	-0.06095262	-0.99803907	0.007859216	2.9040935e-20	1
0	-0.06095262	-0.99803907	0.007859216	0	2.5132742e-05	0	-0.06095262	-0.99803907	0.007859216	2.9045943e-20	1
0	-0.0623393	-0.9979534	0.0078521045	0	6.283185e-05	0	-0.0623393	-0.9979534	0.0078521045	2.9060965e-20	1
0	-0.0623393	-0.9979534	0.0078521045	0	0.0001256637	0	-0.0623393	-0.9979534	0.0078521045	2.9086006e-20	1
0	-0.0623393	-0.9979534	0.0078521045	0	0.0002513274	0	-0.0623393	-0.9979534	0.0078521045	2.913609e-20	1
0	-0.06505581	-0.99777997	0.007837607	0	0.0006283185	0	-0.06505581	-0.99777997	0.007837607	2.9286313e-20	1
0	-0.06695136	-0.99765456	0.007827159	0	0.0010053096	0	-0.06695136	-0.99765456	0.007827159	2.9436527e-20	1
0	-0.06695136	-0.99765456	0.007827159	0	0.001256637	0	-0.06695136	-0.99765456	0.007827159	2.953666e-20	1
0	-0.07187888	-0.9973115	0.0077985567	0	0.0018849556	0	-0.07187888	-0.9973115	0.0077985567	2.978694e-20	1
0	-0.07584754	-0.9970175	0.0077741174	0	0.002513274	0	-0.07584754	-0.9970175	0.0077741174	3.003715e-20	1
0	-0.08514115	-0.9962667	0.0077124853	0	0.0037699111	0	-0.08514115	-0.9962667	0.0077124853	3.0537327e-20	1
0	-0.11212218	-0.99359137	0.0075015314	0	0.0062831854	0	-0.11212218	-0.99359137	0.0075015314	3.1536112e-20	1
0	-0.18280551	-0.9830423	0.0067565152	0	0.009424778	0	-0.18280551	-0.9830423	0.0067565152	3.2777684e-20	1
0	0.03207458	0.9993851	-0.007952911	0	0.012566371	0	0.03207458	0.9993851	-0.007952911	2.4022937e-20	1
0	0.025753118	0.9995686	-0.007948669	0	0.018849555	0	0.025753118	0.9995686	-0.007948669	2.1514974e-20	1
0	0.021503763	0.99966955	-0.007934075	0	0.025132742	0	0.021503763	0.99966955	-0.007934075	1.9006664e-20	1
0	0.016159061	0.9997714	-0.007890972	0	0.03769911	0	0.016159061	0.9997714	-0.007890972	1.3989526e-20	1
0	0.012935849	0.9998195	-0.0078397505	0	0.050265484	0	0.012935849	0.9998195	-0.0078397505	8.972033e-21	1
0	0.010783172	0.99984634	-0.007785245	0	0.06283186	0	0.010783172	0.99984634	-0.007785245	3.954359e-21	1
