# t (s)	mx ()	my ()	mz ()	B_extx (T)	B_exty (T)	B_extz (T)	mx ()	my ()	mz ()	E_total (J)	branch ()
0	-0.030855596	0.9994586	0.00016529852	0	0.06283186	0	-0.030855596	0.9994586	0.00016529852	4.595715e-21	-1
0	-0.036535136	0.99926627	0.0001735269	0	0.050265484	0	-0.036535136	0.99926627	0.0001735269	9.611061e-21	-1
0	-0.044737868	0.9989315	0.00018498546	0	0.03769911	0	-0.044737868	0.9989315	0.00018498546	1.4625128e-20	-1
0	-0.057567902	0.99827313	0.00020235727	0	0.025132742	0	-0.057567902	0.99827313	0.00020235727	1.9636823e-20	-1
0	-0.067122385	0.9976754	0.00021504938	0	0.018849555	0	-0.067122385	0.9976754	0.00021504938	2.2141053e-20	-1
0	-0.080353014	0.9966959	0.00023238882	0	0.012566371	0	-0.080353014	0.9966959	0.00023238882	2.4643354e-20	-1
0	-0.08904539	0.9959562	0.00024367576	0	0.009424778	0	-0.08904539	0.9959562	0.00024367576	2.5893391e-20	-1
0	-0.099794455	0.99493563	0.00025752527	0	0.0062831854	0	-0.099794455	0.99493563	0.00025752527	2.714234e-20	-1
0	-0.11037691	0.99381626	0.00027105014	0	0.0037699111	0	-0.11037691	0.99381626	0.00027105014	2.814042e-20	-1
0	-0.11653794	0.993112	0.00027887098	0	0.002513274	0	-0.11653794	0.993112	0.00027887098	2.8639e-20	-1
0	-0.119864434	0.9927157	0.00028307777	0	0.0018849556	0	-0.119864434	0.9927157	0.00028307777	2.8888146e-20	-1
0	-0.12340103	0.9922819	0.0002875363	0	0.001256637	0	-0.12340103	0.9922819	0.0002875363	2.9137188e-20	-1
0	-0.12491035	0.99209285	0.00028943468	0	0.0010053096	0	-0.12491035	0.99209285	0.00028943468	2.9236776e-20	-1
0	-0.1271429	0.991809	0.0002922393	0	0.0006283185	0	-0.1271429	0.991809	0.0002922393	2.9386118e-20	-1
0	-0.12950587	0.991503	0.00029520033	0	0.0002513274	0	-0.12950587	0.991503	0.00029520033	2.9535418e-20	-1
0	-0.12950587	0.991503	0.00029520033	0	0.0001256637	0	-0.12950587	0.991503	0.00029520033	2.9585178e-20	-1
0	-0.12950587	0.991503	0.00029520033	0	6.283185e-05	0	-0.12950587	0.991503	0.00029520033	2.9610058e-20	-1
0	-0.12950587	0.991503	0.00029520033	0	2.5132742e-05	0	-0.12950587	0.991503	0.00029520033	2.9624986e-20	-1
0	-0.12950587	0.991503	0.00029520033	0	1.2566371e-05	0	-0.12950587	0.991503	0.00029520033	2.962996e-20	-1
0	-0.12950587	0.991503	0.00029520033	0	6.2831855e-06	0	-0.12950587	0.991503	0.00029520033	2.9632447e-20	-1
0	-0.12950587	0.991503	0.00029520033	0	2.513274e-06	0	-0.12950587	0.991503	0.00029520033	2.963394e-20	-1
0	-0.12950587	0.991503	0.00029520033	0	1.256637e-06	0	-0.12950587	0.991503	0.00029520033	2.9634437e-20	-1
0	-0.12950587	0.991503	0.00029520033	0	6.283185e-07	0	-0.12950587	0.991503	0.00029520033	2.9634686e-20	-1
0	-0.12950587	0.991503	0.00029520033	0	2.513274e-07	0	-0.12950587	0.991503	0.00029520033	2.9634838e-20	-1
0	-0.12950587	0.991503	0.00029520033	0	1.256637e-07	0	-0.12950587	0.991503	0.00029520033	2.9634886e-20	-1
0	-0.12950587	0.991503	0.00029520033	0	0	0	-0.12950587	0.991503	0.00029520033	2.9634935e-20	-1
0	-0.12950587	0.991503	0.00029520033	0	-1.256637e-07	0	-0.12950587	0.991503	0.00029520033	2.9634986e-20	-1
0	-0.12950587	0.991503	0.00029520033	0	-2.513274e-07	0	-0.12950587	0.991503	0.00029520033	2.9635035e-20	-1
0	-0.12950587	0.991503	0.00029520033	0	-6.283185e-07	0	-0.12950587	0.991503	0.00029520033	2.9635183e-20	-1
0	-0.12950587	0.991503	0.00029520033	0	-1.256637e-06	0	-0.12950587	0.991503	0.00029520033	2.9635432e-20	-1
0	-0.12950587	0.991503	0.00029520033	0	-2.513274e-06	0	-0.12950587	0.991503	0.00029520033	2.963593e-20	-1
0	-0.12950587	0.991503	0.00029520033	0	-6.2831855e-06	0	-0.12950587	0.991503	0.00029520033	2.9637423e-20	-1
0	-0.12950587	0.991503	0.00029520033	0	-1.2566371e-05	0	-0.12950587	0.991503	0.00029520033	2.963991e-20	-1
0	-0.12950587	0.991503	0.00029520033	0	-2.5132742e-05	0	-0.12950587	0.991503	0.00029520033	2.9644887e-20	-1
0	-0.12950587	0.991503	0.00029520033	0	-6.283185e-05	0	-0.12950587	0.991503	0.00029520033	2.9659815e-20	-1
0	-0.13196322	0.99117863	0.0002982729	0	-0.0001256637	0	-0.13196322	0.99117863	0.0002982729	2.968467e-20	-1
0	-0.13196322	0.99117863	0.0002982729	0	-0.0002513274	0	-0.13196322	0.99117863	0.0002982729	2.973441e-20	-1
0	-0.13540035	0.99071455	0.00030255842	0	-0.0006283185	0	-0.13540035	0.99071455	0.00030255842	2.9883586e-20	-1
0	-0.13806954	0.99034584	0.00030587346	0	-0.0010053096	0	-0.13806954	0.99034584	0.00030587346	3.003272e-20	-1
0	-0.13806954	0.99034584	0.00030587346	0	-0.001256637	0	-0.13806954	0.99034584	0.00030587346	3.0132122e-20	-1
0	-0.14476109	0.98938906	0.0003141574	0	-0.0018849556	0	-0.14476109	0.98938906	0.0003141574	3.038046e-20	-1
0	-0.14995429	0.9886147	0.00032054321	0	-0.002513274	0	-0.14995429	0.9886147	0.00032054321	3.0628624e-20	-1
0	-0.16162947	0.9867717	0.00033476582	0	-0.0037699111	0	-0.16162947	0.9867717	0.00033476582	3.1124315e-20	-1
0	-0.19223157	0.98126507	0.00037100055	0	-0.0062831854	0	-0.19223157	0.98126507	0.00037100055	3.2112237e-20	-1
0	-0.26437914	0.96432054	0.00044873758	0	-0.009424778	0	-0.26437914	0.96432054	0.00044873758	3.3335e-20	-1
0	-0.89752626	-0.44066995	-0.00053204445	0	-0.012566371	0	-0.89752626	-0.44066995	-0.00053204445	2.5986322e-20	-1
0	0.067120716	-0.99767554	-0.00021505545	0	-0.018849555	0	0.067120716	-0.99767554	-0.00021505545	2.2141051e-20	-1
0	0.057579808	-0.99827236	-0.0002023728	0	-0.025132742	0	0.057579808	-0.99827236	-0.0002023728	1.9636822e-20	-1
0	0.044738386	-0.9989315	-0.00018498703	0	-0.03769911	0	0.044738386	-0.9989315	-0.00018498703	1.462513e-20	-1
0	0.036537334	-0.99926615	-0.00017352836	0	-0.050265484	0	0.036537334	-0.99926615	-0.00017352836	9.611059e-21	-1
0	0.030858612	-0.99945855	-0.00016530172	0	-0.06283186	0	0.030858612	-0.99945855	-0.00016530172	4.595715e-21	-1
0	0.030857824	-0.99945855	-0.00016530082	0	-0.06283186	0	0.030857824	-0.99945855	-0.00016530082	4.595716e-21	1
0	0.03653609	-0.99926615	-0.00017352708	0	-0.050265484	0	0.03653609	-0.99926615	-0.00017352708	9.611062e-21	1
0	0.044735983	-0.99893165	-0.00018498699	0	-0.03769911	0	0.044735983	-0.99893165	-0.00018498699	1.4625132e-20	1
0	0.0575701	-0.998273	-0.00020236033	0	-0.025132742	0	0.0575701	-0.998273	-0.00020236033	1.9636823e-20	1
0	0.067123845	-0.9976753	-0.00021504558	0	-0.018849555	0	0.067123845	-0.9976753	-0.00021504558	2.214105e-20	1
0	0.08034198	-0.9966968	-0.0002323756	0	-0.012566371	0	0.08034198	-0.9966968	-0.0002323756	2.464335e-20	1
0	0.08904233	-0.9959564	-0.00024367194	0	-0.009424778	0	0.08904233	-0.9959564	-0.00024367194	2.589339e-20	1
0	0.09978309	-0.9949367	-0.00025751223	0	-0.0062831854	0	0.09978309	-0.9949367	-0.00025751223	2.7142336e-20	1
0	0.11037164	-0.99381685	-0.00027104182	0	-0.0037699111	0	0.11037164	-0.99381685	-0.00027104182	2.814042e-20	1
0	0.1165652	-0.99310887	-0.00027890515	0	-0.002513274	0	0.1165652	-0.99310887	-0.00027890515	2.8639e-20	1
0	0.11989528	-0.992712	-0.00028311618	0	-0.0018849556	0	0.11989528	-0.992712	-0.00028311618	2.8888146e-20	1
0	0.1234044	-0.9922815	-0.00028754096	0	-0.001256637	0	0.1234044	-0.9922815	-0.00028754096	2.9137188e-20	1
0	0.12487306	-0.9920976	-0.000289389	0	-0.0010053096	0	0.12487306	-0.9920976	-0.000289389	2.9236776e-20	1
0	0.1271424	-0.9918091	-0.00029223846	0	-0.0006283185	0	0.1271424	-0.9918091	-0.00029223846	2.9386118e-20	1
0	0.1295372	-0.9914988	-0.00029523883	0	-0.0002513274	0	0.1295372	-0.9914988	-0.00029523883	2.9535414e-20	1
0	0.1295372	-0.9914988	-0.00029523883	0	-0.0001256637	0	0.1295372	-0.9914988	-0.00029523883	2.9585174e-20	1
0	0.1295372	-0.9914988	-0.00029523883	0	-6.283185e-05	0	0.1295372	-0.9914988	-0.00029523883	2.9610054e-20	1
0	0.1295372	-0.9914988	-0.00029523883	0	-2.5132742e-05	0	0.1295372	-0.9914988	-0.00029523883	2.962498e-20	1
0	0.1295372	-0.9914988	-0.00029523883	0	-1.2566371e-05	0	0.1295372	-0.9914988	-0.00029523883	2.9629955e-20	1
0	0.1295372	-0.9914988	-0.00029523883	0	-6.2831855e-06	0	0.1295372	-0.9914988	-0.00029523883	2.9632443e-20	1
0	0.1295372	-0.9914988	-0.00029523883	0	-2.513274e-06	0	0.1295372	-0.9914988	-0.00029523883	2.9633936e-20	1
0	0.1295372	-0.9914988	-0.00029523883	0	-1.256637e-06	0	0.1295372	-0.9914988	-0.00029523883	2.9634434e-20	1
0	0.1295372	-0.9914988	-0.00029523883	0	-6.283185e-07	0	0.1295372	-0.9914988	-0.00029523883	2.9634682e-20	1
0	0.1295372	-0.9914988	-0.00029523883	0	-2.513274e-07	0	0.1295372	-0.9914988	-0.00029523883	2.963483e-20	1
0	0.1295372	-0.9914988	-0.00029523883	0	-1.256637e-07	0	0.1295372	-0.9914988	-0.00029523883	2.9634883e-20	1
0	0.1295372	-0.9914988	-0.00029523883	0	0	0	0.1295372	-0.9914988	-0.00029523883	2.963493e-20	1
0	0.1295372	-0.9914988	-0.00029523883	0	1.256637e-07	0	0.1295372	-0.9914988	-0.00029523883	2.9634983e-20	1
0	0.1295372	-0.9914988	-0.00029523883	0	2.513274e-07	0	0.1295372	-0.9914988	-0.00029523883	2.963503e-20	1
0	0.1295372	-0.9914988	-0.00029523883	0	6.283185e-07	0	0.1295372	-0.9914988	-0.00029523883	2.963518e-20	1
0	0.1295372	-0.9914988	-0.00029523883	0	1.256637e-06	0	0.1295372	-0.9914988	-0.00029523883	2.963543e-20	1
0	0.1295372	-0.9914988	-0.00029523883	0	2.513274e-06	0	0.1295372	-0.9914988	-0.00029523883	2.9635926e-20	1
0	0.1295372	-0.9914988	-0.00029523883	0	6.2831855e-06	0	0.1295372	-0.9914988	-0.00029523883	2.963742e-20	1
0	0.1295372	-0.9914988	-0.00029523883	0	1.2566371e-05	0	0.1295372	-0.9914988	-0.00029523883	2.9639907e-20	1
0	0.1295372	-0.9914988	-0.00029523883	0	2.5132742e-05	0	0.1295372	-0.9914988	-0.00029523883	2.9644883e-20	1
0	0.1295372	-0.9914988	-0.00029523883	0	6.283185e-05	0	0.1295372	-0.9914988	-0.00029523883	2.965981e-20	1
0	0.13196959	-0.9911778	-0.00029828132	0	0.0001256637	0	0.13196959	-0.9911778	-0.00029828132	2.9684672e-20	1
0	0.13281268	-0.991065	-0.0002993333	0	0.0002513274	0	0.13281268	-0.991065	-0.0002993333	2.9734406e-20	1
0	0.13538533	-0.99071664	-0.00030254055	0	0.0006283185	0	0.13538533	-0.99071664	-0.00030254055	2.9883593e-20	1
0	0.13807371	-0.99034524	-0.0003058815	0	0.0010053096	0	0.13807371	-0.99034524	-0.0003058815	3.0032718e-20	1
0	0.13807371	-0.99034524	-0.0003058815	0	0.001256637	0	0.13807371	-0.99034524	-0.0003058815	3.0132122e-20	1
0	0.14476031	-0.9893892	-0.0003141559	0	0.0018849556	0	0.14476031	-0.9893892	-0.0003141559	3.038046e-20	1
0	0.1499636	-0.98861325	-0.0003205515	0	0.002513274	0	0.1499636	-0.98861325	-0.0003205515	3.0628624e-20	1
0	0.161634	-0.98677087	-0.00033476614	0	0.0037699111	0	0.161634	-0.98677087	-0.00033476614	3.112432e-20	1
0	0.19221833	-0.9812677	-0.00037098548	0	0.0062831854	0	0.19221833	-0.9812677	-0.00037098548	3.2112237e-20	1
0	0.26455763	-0.9642716	-0.00044891302	0	0.009424778	0	0.26455763	-0.9642716	-0.00044891302	3.3334997e-20	1
0	0.89752924	0.44066378	0.00053205225	0	0.012566371	0	0.89752924	0.44066378	0.00053205225	2.5986318e-20	1
0	-0.06712042	0.99767554	0.00021504152	0	0.018849555	0	-0.06712042	0.99767554	0.00021504152	2.214105e-20	1
0	-0.057577845	0.99827254	0.00020237072	0	0.025132742	0	-0.057577845	0.99827254	0.00020237072	1.9636825e-20	1
0	-0.044743165	0.9989313	0.00018499207	0	0.03769911	0	-0.044743165	0.9989313	0.00018499207	1.4625128e-20	1
0	-0.036537897	0.99926615	0.00017352989	0	0.050265484	0	-0.036537897	0.99926615	0.00017352989	9.611061e-21	1
0	-0.0308596	0.9994585	0.00016530252	0	0.06283186	0	-0.0308596	0.9994585	0.00016530252	4.595715e-21	1
