# t (s)	mx ()	my ()	mz ()	B_extx (T)	B_exty (T)	B_extz (T)	mx ()	my ()	mz ()	E_total (J)	branch ()
0	-0.021729195	0.9996939	-0.003178529	0	0.06283186	0	-0.021729195	0.9996939	-0.003178529	4.4802323e-21	-1
0	-0.02568794	0.9995991	-0.003189277	0	0.050265484	0	-0.02568794	0.9995991	-0.003189277	9.496984e-21	-1
0	-0.031398475	0.99943507	-0.0031931428	0	0.03769911	0	-0.031398475	0.99943507	-0.0031931428	1.4513112e-20	-1
0	-0.040322945	0.9991138	-0.0031836359	0	0.025132742	0	-0.040322945	0.9991138	-0.0031836359	1.952807e-20	-1
0	-0.046967186	0.99882305	-0.0031693794	0	0.018849555	0	-0.046967186	0.99882305	-0.0031693794	2.2034767e-20	-1
0	-0.056189068	0.998346	-0.0031434288	0	0.012566371	0	-0.056189068	0.998346	-0.0031434288	2.4540515e-20	-1
0	-0.0622666	0.997985	-0.0031235872	0	0.009424778	0	-0.0622666	0.997985	-0.0031235872	2.5792852e-20	-1
0	-0.06978002	0.9974873	-0.0030967975	0	0.0062831854	0	-0.06978002	0.9974873	-0.0030967975	2.7044657e-20	-1
0	-0.07721289	0.996939	-0.0030684043	0	0.0037699111	0	-0.07721289	0.996939	-0.0030684043	2.8045575e-20	-1
0	-0.08154326	0.99659383	-0.003051098	0	0.002513274	0	-0.08154326	0.99659383	-0.003051098	2.85458e-20	-1
0	-0.08387984	0.99639976	-0.0030415708	0	0.0018849556	0	-0.08387984	0.99639976	-0.0030415708	2.879585e-20	-1
0	-0.08636257	0.99618745	-0.0030312832	0	0.001256637	0	-0.08636257	0.99618745	-0.0030312832	2.9045846e-20	-1
0	-0.08636257	0.99618745	-0.0030312832	0	0.0010053096	0	-0.08636257	0.99618745	-0.0030312832	2.9145832e-20	-1
0	-0.08899326	0.9959557	-0.0030202332	0	0.0006283185	0	-0.08899326	0.9959557	-0.0030202332	2.9295784e-20	-1
0	-0.09064506	0.9958066	-0.0030132192	0	0.0002513274	0	-0.09064506	0.9958066	-0.0030132192	2.9445723e-20	-1
0	-0.09064506	0.9958066	-0.0030132192	0	0.0001256637	0	-0.09064506	0.9958066	-0.0030132192	2.94957e-20	-1
0	-0.09064506	0.9958066	-0.0030132192	0	6.283185e-05	0	-0.09064506	0.9958066	-0.0030132192	2.9520687e-20	-1
0	-0.09064506	0.9958066	-0.0030132192	0	2.5132742e-05	0	-0.09064506	0.9958066	-0.0030132192	2.953568e-20	-1
0	-0.09064506	0.9958066	-0.0030132192	0	1.2566371e-05	0	-0.09064506	0.9958066	-0.0030132192	2.9540675e-20	-1
0	-0.09064506	0.9958066	-0.0030132192	0	6.2831855e-06	0	-0.09064506	0.9958066	-0.0030132192	2.9543176e-20	-1
0	-0.09064506	0.9958066	-0.0030132192	0	2.513274e-06	0	-0.09064506	0.9958066	-0.0030132192	2.9544675e-20	-1
0	-0.09064506	0.9958066	-0.0030132192	0	1.256637e-06	0	-0.09064506	0.9958066	-0.0030132192	2.9545172e-20	-1
0	-0.09064506	0.9958066	-0.0030132192	0	6.283185e-07	0	-0.09064506	0.9958066	-0.0030132192	2.9545425e-20	-1
0	-0.09064506	0.9958066	-0.0030132192	0	2.513274e-07	0	-0.09064506	0.9958066	-0.0030132192	2.9545573e-20	-1
0	-0.09064506	0.9958066	-0.0030132192	0	1.256637e-07	0	-0.09064506	0.9958066	-0.0030132192	2.9545625e-20	-1
0	-0.09064506	0.9958066	-0.0030132192	0	0	0	-0.09064506	0.9958066	-0.0030132192	2.9545673e-20	-1
0	-0.09064506	0.9958066	-0.0030132192	0	-1.256637e-07	0	-0.09064506	0.9958066	-0.0030132192	2.9545725e-20	-1
0	-0.09064506	0.9958066	-0.0030132192	0	-2.513274e-07	0	-0.09064506	0.9958066	-0.0030132192	2.9545773e-20	-1
0	-0.09064506	0.9958066	-0.0030132192	0	-6.283185e-07	0	-0.09064506	0.9958066	-0.0030132192	2.9545922e-20	-1
0	-0.09064506	0.9958066	-0.0030132192	0	-1.256637e-06	0	-0.09064506	0.9958066	-0.0030132192	2.9546174e-20	-1
0	-0.09064506	0.9958066	-0.0030132192	0	-2.513274e-06	0	-0.09064506	0.9958066	-0.0030132192	2.9546672e-20	-1
0	-0.09064506	0.9958066	-0.0030132192	0	-6.2831855e-06	0	-0.09064506	0.9958066	-0.0030132192	2.954817e-20	-1
0	-0.09064506	0.9958066	-0.0030132192	0	-1.2566371e-05	0	-0.09064506	0.9958066	-0.0030132192	2.9550672e-20	-1
0	-0.09064506	0.9958066	-0.0030132192	0	-2.5132742e-05	0	-0.09064506	0.9958066	-0.0030132192	2.9555667e-20	-1
0	-0.09064506	0.9958066	-0.0030132192	0	-6.283185e-05	0	-0.09064506	0.9958066	-0.0030132192	2.957066e-20	-1
0	-0.092377156	0.9956473	-0.0030057947	0	-0.0001256637	0	-0.092377156	0.9956473	-0.0030057947	2.9595634e-20	-1
0	-0.092377156	0.9956473	-0.0030057947	0	-0.0002513274	0	-0.092377156	0.9956473	-0.0030057947	2.96456e-20	-1
0	-0.09475758	0.99542344	-0.002995517	0	-0.0006283185	0	-0.09475758	0.99542344	-0.002995517	2.9795475e-20	-1
0	-0.09663603	0.99524266	-0.0029872933	0	-0.0010053096	0	-0.09663603	0.99524266	-0.0029872933	2.994533e-20	-1
0	-0.09663603	0.99524266	-0.0029872933	0	-0.001256637	0	-0.09663603	0.99524266	-0.0029872933	3.0045223e-20	-1
0	-0.10131335	0.9947771	-0.0029665737	0	-0.0018849556	0	-0.10131335	0.9947771	-0.0029665737	3.0294873e-20	-1
0	-0.10494292	0.99440044	-0.0029502404	0	-0.002513274	0	-0.10494292	0.99440044	-0.0029502404	3.0544442e-20	-1
0	-0.11303671	0.9935123	-0.002912967	0	-0.0037699111	0	-0.11303671	0.9935123	-0.002912967	3.1043268e-20	-1
0	-0.13376224	0.9909329	-0.0028132522	0	-0.0062831854	0	-0.13376224	0.9909329	-0.0028132522	3.203927e-20	-1
0	-0.1755875	0.9843782	-0.0025972207	0	-0.009424778	0	-0.1755875	0.9843782	-0.0025972207	3.327902e-20	-1
0	0.05618168	-0.99834645	0.003143462	0	-0.012566371	0	0.05618168	-0.99834645	0.003143462	2.454052e-20	-1
0	0.04698102	-0.99882233	0.0031693215	0	-0.018849555	0	0.04698102	-0.99882233	0.0031693215	2.2034764e-20	-1
0	0.040329676	-0.9991136	0.0031836075	0	-0.025132742	0	0.040329676	-0.9991136	0.0031836075	1.9528075e-20	-1
0	0.03140167	-0.99943507	0.0031931312	0	-0.03769911	0	0.03140167	-0.99943507	0.0031931312	1.451311e-20	-1
0	0.025692832	-0.999599	0.003189257	0	-0.050265484	0	0.025692832	-0.999599	0.003189257	9.49699e-21	-1
0	0.021731032	-0.9996938	0.0031785162	0	-0.06283186	0	0.021731032	-0.9996938	0.0031785162	4.4802295e-21	-1
0	0.021731032	-0.9996938	0.0031785162	0	-0.06283186	0	0.021731032	-0.9996938	0.0031785162	4.4802295e-21	1
0	0.025688082	-0.9995991	0.0031892767	0	-0.050265484	0	0.025688082	-0.9995991	0.0031892767	9.496985e-21	1
0	0.03139808	-0.99943507	0.0031931459	0	-0.03769911	0	0.03139808	-0.99943507	0.0031931459	1.4513108e-20	1
0	0.040322486	-0.9991139	0.0031836373	0	-0.025132742	0	0.040322486	-0.9991139	0.0031836373	1.9528073e-20	1
0	0.046965465	-0.99882305	0.0031693878	0	-0.018849555	0	0.046965465	-0.99882305	0.0031693878	2.2034767e-20	1
0	0.056183644	-0.9983463	0.0031434535	0	-0.012566371	0	0.056183644	-0.9983463	0.0031434535	2.4540518e-20	1
0	0.0622568	-0.9979856	0.0031236305	0	-0.009424778	0	0.0622568	-0.9979856	0.0031236305	2.5792853e-20	1
0	0.06977366	-0.9974878	0.0030968548	0	-0.0062831854	0	0.06977366	-0.9974878	0.0030968548	2.7044656e-20	1
0	0.07719991	-0.99694	0.0030684632	0	-0.0037699111	0	0.07719991	-0.99694	0.0030684632	2.8045568e-20	1
0	0.081523456	-0.9965955	0.003051191	0	-0.002513274	0	0.081523456	-0.9965955	0.003051191	2.8545803e-20	1
0	0.08387101	-0.9964005	0.0030416069	0	-0.0018849556	0	0.08387101	-0.9964005	0.0030416069	2.8795853e-20	1
0	0.086377785	-0.99618614	0.0030312133	0	-0.001256637	0	0.086377785	-0.99618614	0.0030312133	2.904585e-20	1
0	0.086377785	-0.99618614	0.0030312133	0	-0.0010053096	0	0.086377785	-0.99618614	0.0030312133	2.9145838e-20	1
0	0.08899284	-0.9959558	0.0030202381	0	-0.0006283185	0	0.08899284	-0.9959558	0.0030202381	2.9295787e-20	1
0	0.09064415	-0.9958067	0.0030132253	0	-0.0002513274	0	0.09064415	-0.9958067	0.0030132253	2.9445723e-20	1
0	0.09064415	-0.9958067	0.0030132253	0	-0.0001256637	0	0.09064415	-0.9958067	0.0030132253	2.94957e-20	1
0	0.09064415	-0.9958067	0.0030132253	0	-6.283185e-05	0	0.09064415	-0.9958067	0.0030132253	2.9520687e-20	1
0	0.09064415	-0.9958067	0.0030132253	0	-2.5132742e-05	0	0.09064415	-0.9958067	0.0030132253	2.953568e-20	1
0	0.09064415	-0.9958067	0.0030132253	0	-1.2566371e-05	0	0.09064415	-0.9958067	0.0030132253	2.9540675e-20	1
0	0.09064415	-0.9958067	0.0030132253	0	-6.2831855e-06	0	0.09064415	-0.9958067	0.0030132253	2.9543176e-20	1
0	0.09064415	-0.9958067	0.0030132253	0	-2.513274e-06	0	0.09064415	-0.9958067	0.0030132253	2.9544675e-20	1
0	0.09064415	-0.9958067	0.0030132253	0	-1.256637e-06	0	0.09064415	-0.9958067	0.0030132253	2.9545172e-20	1
0	0.09064415	-0.9958067	0.0030132253	0	-6.283185e-07	0	0.09064415	-0.9958067	0.0030132253	2.9545425e-20	1
0	0.09064415	-0.9958067	0.0030132253	0	-2.513274e-07	0	0.09064415	-0.9958067	0.0030132253	2.9545573e-20	1
0	0.09064415	-0.9958067	0.0030132253	0	-1.256637e-07	0	0.09064415	-0.9958067	0.0030132253	2.9545625e-20	1
0	0.09064415	-0.9958067	0.0030132253	0	0	0	0.09064415	-0.9958067	0.0030132253	2.9545673e-20	1
0	0.09064415	-0.9958067	0.0030132253	0	1.256637e-07	0	0.09064415	-0.9958067	0.0030132253	2.9545722e-20	1
0	0.09064415	-0.9958067	0.0030132253	0	2.513274e-07	0	0.09064415	-0.9958067	0.0030132253	2.9545773e-20	1
0	0.09064415	-0.9958067	0.0030132253	0	6.283185e-07	0	0.09064415	-0.9958067	0.0030132253	2.9545922e-20	1
0	0.09064415	-0.9958067	0.0030132253	0	1.256637e-06	0	0.09064415	-0.9958067	0.0030132253	2.9546174e-20	1
0	0.09064415	-0.9958067	0.0030132253	0	2.513274e-06	0	0.09064415	-0.9958067	0.0030132253	2.9546672e-20	1
0	0.09064415	-0.9958067	0.0030132253	0	6.2831855e-06	0	0.09064415	-0.9958067	0.0030132253	2.954817e-20	1
0	0.09064415	-0.9958067	0.0030132253	0	1.2566371e-05	0	0.09064415	-0.9958067	0.0030132253	2.9550672e-20	1
0	0.09064415	-0.9958067	0.0030132253	0	2.5132742e-05	0	0.09064415	-0.9958067	0.0030132253	2.9555667e-20	1
0	0.09064415	-0.9958067	0.0030132253	0	6.283185e-05	0	0.09064415	-0.9958067	0.0030132253	2.957066e-20	1
0	0.09236735	-0.99564826	0.0030058408	0	0.0001256637	0	0.09236735	-0.99564826	0.0030058408	2.9595634e-20	1
0	0.09236735	-0.99564826	0.0030058408	0	0.0002513274	0	0.09236735	-0.99564826	0.0030058408	2.96456e-20	1
0	0.094771296	-0.9954221	0.0029954365	0	0.0006283185	0	0.094771296	-0.9954221	0.0029954365	2.979548e-20	1
0	0.096634746	-0.99524283	0.0029873066	0	0.0010053096	0	0.096634746	-0.99524283	0.0029873066	2.994533e-20	1
0	0.096634746	-0.99524283	0.0029873066	0	0.001256637	0	0.096634746	-0.99524283	0.0029873066	3.0045223e-20	1
0	0.101319715	-0.9947764	0.0029665274	0	0.0018849556	0	0.101319715	-0.9947764	0.0029665274	3.0294876e-20	1
0	0.10494815	-0.9943999	0.0029501934	0	0.002513274	0	0.10494815	-0.9943999	0.0029501934	3.0544442e-20	1
0	0.11304481	-0.9935114	0.002912928	0	0.0037699111	0	0.11304481	-0.9935114	0.002912928	3.1043268e-20	1
0	0.13373338	-0.99093676	0.0028134016	0	0.0062831854	0	0.13373338	-0.99093676	0.0028134016	3.203927e-20	1
0	0.17551914	-0.9843904	0.002597596	0	0.009424778	0	0.17551914	-0.9843904	0.002597596	3.3279024e-20	1
0	-0.05618462	0.9983462	-0.0031434481	0	0.012566371	0	-0.05618462	0.9983462	-0.0031434481	2.4540517e-20	1
0	-0.04698067	0.9988224	-0.003169323	0	0.018849555	0	-0.04698067	0.9988224	-0.003169323	2.2034767e-20	1
0	-0.04033485	0.9991134	-0.0031835875	0	0.025132742	0	-0.04033485	0.9991134	-0.0031835875	1.9528073e-20	1
0	-0.031400904	0.99943507	-0.003193134	0	0.03769911	0	-0.031400904	0.99943507	-0.003193134	1.4513112e-20	1
0	-0.025691073	0.999599	-0.0031892695	0	0.050265484	0	-0.025691073	0.999599	-0.0031892695	9.496982e-21	1
0	-0.021732159	0.99969375	-0.0031785097	0	0.06283186	0	-0.021732159	0.99969375	-0.0031785097	4.480231e-21	1
