# t (s)	mx ()	my ()	mz ()	B_extx (T)	B_exty (T)	B_extz (T)	mx ()	my ()	mz ()	E_total (J)	branch ()
0	-0.015539395	0.9998143	0.00043854344	0	0.06283186	0	-0.015539395	0.9998143	0.00043854344	4.5645167e-21	-1
0	-0.018372143	0.9997655	0.0004316521	0	0.050265484	0	-0.018372143	0.9997655	0.0004316521	9.581975e-21	-1
0	-0.022463327	0.9996811	0.00041992601	0	0.03769911	0	-0.022463327	0.9996811	0.00041992601	1.4599114e-20	-1
0	-0.028884664	0.99951524	0.00039915717	0	0.025132742	0	-0.028884664	0.99951524	0.00039915717	1.9615658e-20	-1
0	-0.033691414	0.99936426	0.00038252777	0	0.018849555	0	-0.033691414	0.99936426	0.00038252777	2.2123516e-20	-1
0	-0.04039996	0.999115	0.00035841088	0	0.012566371	0	-0.04039996	0.999115	0.00035841088	2.4630892e-20	-1
0	-0.044855535	0.9989245	0.00034201026	0	0.009424778	0	-0.044855535	0.9989245	0.00034201026	2.5884291e-20	-1
0	-0.050402083	0.9986596	0.00032128466	0	0.0062831854	0	-0.050402083	0.9986596	0.00032128466	2.7137408e-20	-1
0	-0.055922315	0.99836534	0.00030040063	0	0.0037699111	0	-0.055922315	0.99836534	0.00030040063	2.813963e-20	-1
0	-0.05915399	0.99817884	0.00028808374	0	0.002513274	0	-0.05915399	0.99817884	0.00028808374	2.8640612e-20	-1
0	-0.060930304	0.9980719	0.00028128692	0	0.0018849556	0	-0.060930304	0.9980719	0.00028128692	2.8891067e-20	-1
0	-0.062806815	0.9979554	0.00027409146	0	0.001256637	0	-0.062806815	0.9979554	0.00027409146	2.9141492e-20	-1
0	-0.06361866	0.99790394	0.00027096953	0	0.0010053096	0	-0.06361866	0.99790394	0.00027096953	2.9241655e-20	-1
0	-0.064811975	0.99782705	0.00026638398	0	0.0006283185	0	-0.064811975	0.99782705	0.00026638398	2.939189e-20	-1
0	-0.066069126	0.99774444	0.00026154442	0	0.0002513274	0	-0.066069126	0.99774444	0.00026154442	2.954211e-20	-1
0	-0.066069126	0.99774444	0.00026154442	0	0.0001256637	0	-0.066069126	0.99774444	0.00026154442	2.9592183e-20	-1
0	-0.066069126	0.99774444	0.00026154442	0	6.283185e-05	0	-0.066069126	0.99774444	0.00026154442	2.9617218e-20	-1
0	-0.066069126	0.99774444	0.00026154442	0	2.5132742e-05	0	-0.066069126	0.99774444	0.00026154442	2.963224e-20	-1
0	-0.066069126	0.99774444	0.00026154442	0	1.2566371e-05	0	-0.066069126	0.99774444	0.00026154442	2.9637245e-20	-1
0	-0.066069126	0.99774444	0.00026154442	0	6.2831855e-06	0	-0.066069126	0.99774444	0.00026154442	2.963975e-20	-1
0	-0.066069126	0.99774444	0.00026154442	0	2.513274e-06	0	-0.066069126	0.99774444	0.00026154442	2.964125e-20	-1
0	-0.066069126	0.99774444	0.00026154442	0	1.256637e-06	0	-0.066069126	0.99774444	0.00026154442	2.9641752e-20	-1
0	-0.066069126	0.99774444	0.00026154442	0	6.283185e-07	0	-0.066069126	0.99774444	0.00026154442	2.9642004e-20	-1
0	-0.066069126	0.99774444	0.00026154442	0	2.513274e-07	0	-0.066069126	0.99774444	0.00026154442	2.9642153e-20	-1
0	-0.066069126	0.99774444	0.00026154442	0	1.256637e-07	0	-0.066069126	0.99774444	0.00026154442	2.9642205e-20	-1
0	-0.066069126	0.99774444	0.00026154442	0	0	0	-0.066069126	0.99774444	0.00026154442	2.9642253e-20	-1
0	-0.066069126	0.99774444	0.00026154442	0	-1.256637e-07	0	-0.066069126	0.99774444	0.00026154442	2.9642305e-20	-1
0	-0.066069126	0.99774444	0.00026154442	0	-2.513274e-07	0	-0.066069126	0.99774444	0.00026154442	2.9642353e-20	-1
0	-0.066069126	0.99774444	0.00026154442	0	-6.283185e-07	0	-0.066069126	0.99774444	0.00026154442	2.9642505e-20	-1
0	-0.066069126	0.99774444	0.00026154442	0	-1.256637e-06	0	-0.066069126	0.99774444	0.00026154442	2.9642754e-20	-1
0	-0.066069126	0.99774444	0.00026154442	0	-2.513274e-06	0	-0.066069126	0.99774444	0.00026154442	2.9643255e-20	-1
0	-0.066069126	0.99774444	0.00026154442	0	-6.2831855e-06	0	-0.066069126	0.99774444	0.00026154442	2.9644757e-20	-1
0	-0.066069126	0.99774444	0.00026154442	0	-1.2566371e-05	0	-0.066069126	0.99774444	0.00026154442	2.964726e-20	-1
0	-0.066069126	0.99774444	0.00026154442	0	-2.5132742e-05	0	-0.066069126	0.99774444	0.00026154442	2.9652267e-20	-1
0	-0.06713558	0.9976733	0.0002574362	0	-6.283185e-05	0	-0.06713558	0.9976733	0.0002574362	2.9667285e-20	-1
0	-0.0673808	0.9976567	0.00025648688	0	-0.0001256637	0	-0.0673808	0.9976567	0.00025648688	2.9692317e-20	-1
0	-0.0673808	0.9976567	0.00025648688	0	-0.0002513274	0	-0.0673808	0.9976567	0.00025648688	2.9742384e-20	-1
0	-0.06919804	0.9975321	0.00024947213	0	-0.0006283185	0	-0.06919804	0.9975321	0.00024947213	2.9892575e-20	-1
0	-0.07061783	0.9974326	0.00024398413	0	-0.0010053096	0	-0.07061783	0.9974326	0.00024398413	3.0042754e-20	-1
0	-0.07161333	0.99736154	0.00024013175	0	-0.001256637	0	-0.07161333	0.99736154	0.00024013175	3.0142862e-20	-1
0	-0.07421693	0.9971709	0.00023005526	0	-0.0018849556	0	-0.07421693	0.9971709	0.00023005526	3.03931e-20	-1
0	-0.07701871	0.99695826	0.00021916325	0	-0.002513274	0	-0.07701871	0.99695826	0.00021916325	3.064329e-20	-1
0	-0.083307594	0.996452	0.0001946802	0	-0.0037699111	0	-0.083307594	0.996452	0.0001946802	3.1143492e-20	-1
0	-0.09969041	0.99494517	0.00013064966	0	-0.0062831854	0	-0.09969041	0.99494517	0.00013064966	3.2142946e-20	-1
0	-0.13355926	0.99096394	-1.7670955e-06	0	-0.009424778	0	-0.13355926	0.99096394	-1.7670955e-06	3.3389113e-20	-1
0	-0.9066937	-0.42149127	0.0014853147	0	-0.012566371	0	-0.9066937	-0.42149127	0.0014853147	2.628097e-20	-1
0	0.03370224	-0.9993639	-0.00038248548	0	-0.018849555	0	0.03370224	-0.9993639	-0.00038248548	2.2123519e-20	-1
0	0.028889347	-0.99951506	-0.0003991389	0	-0.025132742	0	0.028889347	-0.99951506	-0.0003991389	1.961566e-20	-1
0	0.022468291	-0.9996809	-0.0004199072	0	-0.03769911	0	0.022468291	-0.9996809	-0.0004199072	1.4599117e-20	-1
0	0.018380385	-0.9997653	-0.0004316204	0	-0.050265484	0	0.018380385	-0.9997653	-0.0004316204	9.581977e-21	-1
0	0.015541069	-0.9998143	-0.00043853704	0	-0.06283186	0	0.015541069	-0.9998143	-0.00043853704	4.5645143e-21	-1
0	0.015541069	-0.9998143	-0.00043853704	0	-0.06283186	0	0.015541069	-0.9998143	-0.00043853704	4.5645143e-21	1
0	0.018371735	-0.99976546	-0.0004316545	0	-0.050265484	0	0.018371735	-0.99976546	-0.0004316545	9.581975e-21	1
0	0.022463161	-0.999681	-0.0004199254	0	-0.03769911	0	0.022463161	-0.999681	-0.0004199254	1.4599116e-20	1
0	0.02888465	-0.9995152	-0.0003991556	0	-0.025132742	0	0.02888465	-0.9995152	-0.0003991556	1.9615656e-20	1
0	0.03369136	-0.99936426	-0.0003825279	0	-0.018849555	0	0.03369136	-0.99936426	-0.0003825279	2.2123516e-20	1
0	0.040381268	-0.9991157	-0.00035849074	0	-0.012566371	0	0.040381268	-0.9991157	-0.00035849074	2.4630891e-20	1
0	0.044856537	-0.9989245	-0.00034200193	0	-0.009424778	0	0.044856537	-0.9989245	-0.00034200193	2.5884292e-20	1
0	0.05040784	-0.9986593	-0.00032126124	0	-0.0062831854	0	0.05040784	-0.9986593	-0.00032126124	2.713741e-20	1
0	0.055917237	-0.99836564	-0.00030042027	0	-0.0037699111	0	0.055917237	-0.99836564	-0.00030042027	2.8139625e-20	1
0	0.059174605	-0.99817765	-0.00028800225	0	-0.002513274	0	0.059174605	-0.99817765	-0.00028800225	2.8640612e-20	1
0	0.06094066	-0.9980712	-0.0002812457	0	-0.0018849556	0	0.06094066	-0.9980712	-0.0002812457	2.8891067e-20	1
0	0.062810004	-0.9979552	-0.00027407886	0	-0.001256637	0	0.062810004	-0.9979552	-0.00027407886	2.9141495e-20	1
0	0.062810004	-0.9979552	-0.00027407886	0	-0.0010053096	0	0.062810004	-0.9979552	-0.00027407886	2.924166e-20	1
0	0.06482514	-0.9978262	-0.0002663324	0	-0.0006283185	0	0.06482514	-0.9978262	-0.0002663324	2.939189e-20	1
0	0.066066444	-0.9977447	-0.00026155455	0	-0.0002513274	0	0.066066444	-0.9977447	-0.00026155455	2.9542113e-20	1
0	0.066066444	-0.9977447	-0.00026155455	0	-0.0001256637	0	0.066066444	-0.9977447	-0.00026155455	2.9592186e-20	1
0	0.066066444	-0.9977447	-0.00026155455	0	-6.283185e-05	0	0.066066444	-0.9977447	-0.00026155455	2.961722e-20	1
0	0.066066444	-0.9977447	-0.00026155455	0	-2.5132742e-05	0	0.066066444	-0.9977447	-0.00026155455	2.9632243e-20	1
0	0.066066444	-0.9977447	-0.00026155455	0	-1.2566371e-05	0	0.066066444	-0.9977447	-0.00026155455	2.9637248e-20	1
0	0.066066444	-0.9977447	-0.00026155455	0	-6.2831855e-06	0	0.066066444	-0.9977447	-0.00026155455	2.9639752e-20	1
0	0.066066444	-0.9977447	-0.00026155455	0	-2.513274e-06	0	0.066066444	-0.9977447	-0.00026155455	2.9641255e-20	1
0	0.066066444	-0.9977447	-0.00026155455	0	-1.256637e-06	0	0.066066444	-0.9977447	-0.00026155455	2.9641756e-20	1
0	0.066066444	-0.9977447	-0.00026155455	0	-6.283185e-07	0	0.066066444	-0.9977447	-0.00026155455	2.9642008e-20	1
0	0.066066444	-0.9977447	-0.00026155455	0	-2.513274e-07	0	0.066066444	-0.9977447	-0.00026155455	2.9642156e-20	1
0	0.066066444	-0.9977447	-0.00026155455	0	-1.256637e-07	0	0.066066444	-0.9977447	-0.00026155455	2.9642208e-20	1
0	0.066066444	-0.9977447	-0.00026155455	0	0	0	0.066066444	-0.9977447	-0.00026155455	2.9642256e-20	1
0	0.066066444	-0.9977447	-0.00026155455	0	1.256637e-07	0	0.066066444	-0.9977447	-0.00026155455	2.9642308e-20	1
0	0.066066444	-0.9977447	-0.00026155455	0	2.513274e-07	0	0.066066444	-0.9977447	-0.00026155455	2.9642357e-20	1
0	0.066066444	-0.9977447	-0.00026155455	0	6.283185e-07	0	0.066066444	-0.9977447	-0.00026155455	2.964251e-20	1
0	0.066066444	-0.9977447	-0.00026155455	0	1.256637e-06	0	0.066066444	-0.9977447	-0.00026155455	2.9642757e-20	1
0	0.066066444	-0.9977447	-0.00026155455	0	2.513274e-06	0	0.066066444	-0.9977447	-0.00026155455	2.9643258e-20	1
0	0.066066444	-0.9977447	-0.00026155455	0	6.2831855e-06	0	0.066066444	-0.9977447	-0.00026155455	2.964476e-20	1
0	0.066066444	-0.9977447	-0.00026155455	0	1.2566371e-05	0	0.066066444	-0.9977447	-0.00026155455	2.9647265e-20	1
0	0.066066444	-0.9977447	-0.00026155455	0	2.5132742e-05	0	0.066066444	-0.9977447	-0.00026155455	2.965227e-20	1
0	0.06714623	-0.9976725	-0.000257394	0	6.283185e-05	0	0.06714623	-0.9976725	-0.000257394	2.9667285e-20	1
0	0.06714623	-0.9976725	-0.000257394	0	0.0001256637	0	0.06714623	-0.9976725	-0.000257394	2.969232e-20	1
0	0.06714623	-0.9976725	-0.000257394	0	0.0002513274	0	0.06714623	-0.9976725	-0.000257394	2.9742387e-20	1
0	0.06919101	-0.9975326	-0.00024949817	0	0.0006283185	0	0.06919101	-0.9975326	-0.00024949817	2.9892575e-20	1
0	0.07062365	-0.9974322	-0.00024396167	0	0.0010053096	0	0.07062365	-0.9974322	-0.00024396167	3.0042754e-20	1
0	0.07062365	-0.9974322	-0.00024396167	0	0.001256637	0	0.07062365	-0.9974322	-0.00024396167	3.0142865e-20	1
0	0.07421887	-0.9971708	-0.00023003292	0	0.0018849556	0	0.07421887	-0.9971708	-0.00023003292	3.0393104e-20	1
0	0.07701208	-0.99695873	-0.00021918936	0	0.002513274	0	0.07701208	-0.99695873	-0.00021918936	3.0643294e-20	1
0	0.0833112	-0.99645174	-0.00019466822	0	0.0037699111	0	0.0833112	-0.99645174	-0.00019466822	3.1143495e-20	1
0	0.0997132	-0.9949429	-0.0001305489	0	0.0062831854	0	0.0997132	-0.9949429	-0.0001305489	3.2142943e-20	1
0	0.13360739	-0.9909575	1.955117e-06	0	0.009424778	0	0.13360739	-0.9909575	1.955117e-06	3.3389116e-20	1
0	0.9066695	0.42154333	-0.0014850522	0	0.012566371	0	0.9066695	0.42154333	-0.0014850522	2.6280969e-20	1
0	-0.03368944	0.9993643	0.000382535	0	0.018849555	0	-0.03368944	0.9993643	0.000382535	2.2123516e-20	1
0	-0.028890606	0.99951506	0.0003991298	0	0.025132742	0	-0.028890606	0.99951506	0.0003991298	1.9615654e-20	1
0	-0.022467878	0.9996809	0.00041990803	0	0.03769911	0	-0.022467878	0.9996809	0.00041990803	1.4599113e-20	1
0	-0.018375058	0.9997654	0.00043164135	0	0.050265484	0	-0.018375058	0.9997654	0.00043164135	9.5819746e-21	1
0	-0.0155405095	0.9998143	0.0004385395	0	0.06283186	0	-0.0155405095	0.9998143	0.0004385395	4.5645143e-21	1
