# t (s)	mx ()	my ()	mz ()	B_extx (T)	B_exty (T)	B_extz (T)	mx ()	my ()	mz ()	E_total (J)	branch ()
0	-0.016586915	0.9997972	0.0007856413	0	0.06283186	0	-0.016586915	0.9997972	0.0007856413	4.558801e-21	-1
0	-0.019590572	0.9997421	0.00079689955	0	0.050265484	0	-0.019590572	0.9997421	0.00079689955	9.576163e-21	-1
0	-0.023915634	0.99964714	0.0008104383	0	0.03769911	0	-0.023915634	0.99964714	0.0008104383	1.4593166e-20	-1
0	-0.030677166	0.99946153	0.00082815357	0	0.025132742	0	-0.030677166	0.99946153	0.00082815357	1.960949e-20	-1
0	-0.035713583	0.9992937	0.00083974574	0	0.018849555	0	-0.035713583	0.9992937	0.00083974574	2.2117192e-20	-1
0	-0.042688567	0.99901944	0.00085449265	0	0.012566371	0	-0.042688567	0.99901944	0.00085449265	2.462436e-20	-1
0	-0.047350533	0.998809	0.000863728	0	0.009424778	0	-0.047350533	0.998809	0.000863728	2.587763e-20	-1
0	-0.05307149	0.9985209	0.00087466754	0	0.0062831854	0	-0.05307149	0.9985209	0.00087466754	2.7130597e-20	-1
0	-0.058772974	0.99820113	0.00088514725	0	0.0037699111	0	-0.058772974	0.99820113	0.00088514725	2.8132658e-20	-1
0	-0.06209691	0.9979996	0.00089110434	0	0.002513274	0	-0.06209691	0.9979996	0.00089110434	2.8633555e-20	-1
0	-0.06390549	0.9978853	0.00089430984	0	0.0018849556	0	-0.06390549	0.9978853	0.00089430984	2.8883964e-20	-1
0	-0.06579046	0.9977627	0.0008976256	0	0.001256637	0	-0.06579046	0.9977627	0.0008976256	2.9134345e-20	-1
0	-0.06659627	0.99770916	0.00089903007	0	0.0010053096	0	-0.06659627	0.99770916	0.00089903007	2.923449e-20	-1
0	-0.06785701	0.9976241	0.0009012212	0	0.0006283185	0	-0.06785701	0.9976241	0.0009012212	2.9384693e-20	-1
0	-0.069125414	0.9975369	0.0009034095	0	0.0002513274	0	-0.069125414	0.9975369	0.0009034095	2.9534888e-20	-1
0	-0.069125414	0.9975369	0.0009034095	0	0.0001256637	0	-0.069125414	0.9975369	0.0009034095	2.9584948e-20	-1
0	-0.069125414	0.9975369	0.0009034095	0	6.283185e-05	0	-0.069125414	0.9975369	0.0009034095	2.960998e-20	-1
0	-0.069125414	0.9975369	0.0009034095	0	2.5132742e-05	0	-0.069125414	0.9975369	0.0009034095	2.9625e-20	-1
0	-0.069125414	0.9975369	0.0009034095	0	1.2566371e-05	0	-0.069125414	0.9975369	0.0009034095	2.9630004e-20	-1
0	-0.069125414	0.9975369	0.0009034095	0	6.2831855e-06	0	-0.069125414	0.9975369	0.0009034095	2.9632508e-20	-1
0	-0.069125414	0.9975369	0.0009034095	0	2.513274e-06	0	-0.069125414	0.9975369	0.0009034095	2.9634007e-20	-1
0	-0.069125414	0.9975369	0.0009034095	0	1.256637e-06	0	-0.069125414	0.9975369	0.0009034095	2.9634508e-20	-1
0	-0.069125414	0.9975369	0.0009034095	0	6.283185e-07	0	-0.069125414	0.9975369	0.0009034095	2.963476e-20	-1
0	-0.069125414	0.9975369	0.0009034095	0	2.513274e-07	0	-0.069125414	0.9975369	0.0009034095	2.963491e-20	-1
0	-0.069125414	0.9975369	0.0009034095	0	1.256637e-07	0	-0.069125414	0.9975369	0.0009034095	2.963496e-20	-1
0	-0.069125414	0.9975369	0.0009034095	0	0	0	-0.069125414	0.9975369	0.0009034095	2.963501e-20	-1
0	-0.069125414	0.9975369	0.0009034095	0	-1.256637e-07	0	-0.069125414	0.9975369	0.0009034095	2.963506e-20	-1
0	-0.069125414	0.9975369	0.0009034095	0	-2.513274e-07	0	-0.069125414	0.9975369	0.0009034095	2.963511e-20	-1
0	-0.069125414	0.9975369	0.0009034095	0	-6.283185e-07	0	-0.069125414	0.9975369	0.0009034095	2.963526e-20	-1
0	-0.069125414	0.9975369	0.0009034095	0	-1.256637e-06	0	-0.069125414	0.9975369	0.0009034095	2.963551e-20	-1
0	-0.069125414	0.9975369	0.0009034095	0	-2.513274e-06	0	-0.069125414	0.9975369	0.0009034095	2.963601e-20	-1
0	-0.069125414	0.9975369	0.0009034095	0	-6.2831855e-06	0	-0.069125414	0.9975369	0.0009034095	2.9637513e-20	-1
0	-0.069125414	0.9975369	0.0009034095	0	-1.2566371e-05	0	-0.069125414	0.9975369	0.0009034095	2.9640017e-20	-1
0	-0.069125414	0.9975369	0.0009034095	0	-2.5132742e-05	0	-0.069125414	0.9975369	0.0009034095	2.9645022e-20	-1
0	-0.070228525	0.99745977	0.0009053062	0	-6.283185e-05	0	-0.070228525	0.99745977	0.0009053062	2.966003e-20	-1
0	-0.070228525	0.99745977	0.0009053062	0	-0.0001256637	0	-0.070228525	0.99745977	0.0009053062	2.968506e-20	-1
0	-0.070228525	0.99745977	0.0009053062	0	-0.0002513274	0	-0.070228525	0.99745977	0.0009053062	2.9735117e-20	-1
0	-0.07233211	0.9973093	0.0009088947	0	-0.0006283185	0	-0.07233211	0.9973093	0.0009088947	2.9885273e-20	-1
0	-0.07379054	0.9972023	0.0009113693	0	-0.0010053096	0	-0.07379054	0.9972023	0.0009113693	3.003541e-20	-1
0	-0.07379054	0.9972023	0.0009113693	0	-0.001256637	0	-0.07379054	0.9972023	0.0009113693	3.01355e-20	-1
0	-0.07743724	0.9969255	0.00091749016	0	-0.0018849556	0	-0.07743724	0.9969255	0.00091749016	3.038568e-20	-1
0	-0.08029364	0.99669933	0.00092222844	0	-0.002513274	0	-0.08029364	0.99669933	0.00092222844	3.0635804e-20	-1
0	-0.08660979	0.9961698	0.000932544	0	-0.0037699111	0	-0.08660979	0.9961698	0.000932544	3.113587e-20	-1
0	-0.103030756	0.9946042	0.0009583669	0	-0.0062831854	0	-0.103030756	0.9946042	0.0009583669	3.213501e-20	-1
0	-0.13648336	0.9905647	0.001006964	0	-0.009424778	0	-0.13648336	0.9905647	0.001006964	3.3380712e-20	-1
0	0.94226456	-0.33454782	0.0005282907	0	-0.012566371	0	0.94226456	-0.33454782	0.0005282907	2.682988e-20	-1
0	0.035715666	-0.9992937	-0.00083974836	0	-0.018849555	0	0.035715666	-0.9992937	-0.00083974836	2.2117196e-20	-1
0	0.030681368	-0.9994614	-0.00082815706	0	-0.025132742	0	0.030681368	-0.9994614	-0.00082815706	1.960949e-20	-1
0	0.023921248	-0.999647	-0.00081046345	0	-0.03769911	0	0.023921248	-0.999647	-0.00081046345	1.4593159e-20	-1
0	0.019599402	-0.9997419	-0.000796909	0	-0.050265484	0	0.019599402	-0.9997419	-0.000796909	9.576165e-21	-1
0	0.016591107	-0.99979717	-0.0007856488	0	-0.06283186	0	0.016591107	-0.99979717	-0.0007856488	4.558804e-21	-1
0	0.016591107	-0.99979717	-0.0007856488	0	-0.06283186	0	0.016591107	-0.99979717	-0.0007856488	4.558804e-21	1
0	0.019589312	-0.99974215	-0.000796888	0	-0.050265484	0	0.019589312	-0.99974215	-0.000796888	9.5761666e-21	1
0	0.023913847	-0.9996472	-0.0008104512	0	-0.03769911	0	0.023913847	-0.9996472	-0.0008104512	1.4593162e-20	1
0	0.030673962	-0.99946165	-0.00082814344	0	-0.025132742	0	0.030673962	-0.99946165	-0.00082814344	1.960949e-20	1
0	0.035706244	-0.999294	-0.0008397318	0	-0.018849555	0	0.035706244	-0.999294	-0.0008397318	2.2117194e-20	1
0	0.042703316	-0.9990188	-0.0008545163	0	-0.012566371	0	0.042703316	-0.9990188	-0.0008545163	2.462436e-20	1
0	0.04732094	-0.9988104	-0.00086369994	0	-0.009424778	0	0.04732094	-0.9988104	-0.00086369994	2.5877633e-20	1
0	0.053076133	-0.9985206	-0.0008746749	0	-0.0062831854	0	0.053076133	-0.9985206	-0.0008746749	2.7130594e-20	1
0	0.05876139	-0.99820185	-0.00088512845	0	-0.0037699111	0	0.05876139	-0.99820185	-0.00088512845	2.8132658e-20	1
0	0.062050186	-0.9980025	-0.0008910344	0	-0.002513274	0	0.062050186	-0.9980025	-0.0008910344	2.8633555e-20	1
0	0.06389075	-0.9978863	-0.00089428783	0	-0.0018849556	0	0.06389075	-0.9978863	-0.00089428783	2.8883964e-20	1
0	0.0658192	-0.9977608	-0.00089767587	0	-0.001256637	0	0.0658192	-0.9977608	-0.00089767587	2.9134345e-20	1
0	0.0658192	-0.9977608	-0.00089767587	0	-0.0010053096	0	0.0658192	-0.9977608	-0.00089767587	2.923449e-20	1
0	0.06786005	-0.9976239	-0.0009012211	0	-0.0006283185	0	0.06786005	-0.9976239	-0.0009012211	2.938469e-20	1
0	0.069140255	-0.99753594	-0.00090342737	0	-0.0002513274	0	0.069140255	-0.99753594	-0.00090342737	2.9534884e-20	1
0	0.069140255	-0.99753594	-0.00090342737	0	-0.0001256637	0	0.069140255	-0.99753594	-0.00090342737	2.9584945e-20	1
0	0.069140255	-0.99753594	-0.00090342737	0	-6.283185e-05	0	0.069140255	-0.99753594	-0.00090342737	2.9609977e-20	1
0	0.069140255	-0.99753594	-0.00090342737	0	-2.5132742e-05	0	0.069140255	-0.99753594	-0.00090342737	2.9624995e-20	1
0	0.069140255	-0.99753594	-0.00090342737	0	-1.2566371e-05	0	0.069140255	-0.99753594	-0.00090342737	2.963e-20	1
0	0.069140255	-0.99753594	-0.00090342737	0	-6.2831855e-06	0	0.069140255	-0.99753594	-0.00090342737	2.9632505e-20	1
0	0.069140255	-0.99753594	-0.00090342737	0	-2.513274e-06	0	0.069140255	-0.99753594	-0.00090342737	2.9634007e-20	1
0	0.069140255	-0.99753594	-0.00090342737	0	-1.256637e-06	0	0.069140255	-0.99753594	-0.00090342737	2.9634505e-20	1
0	0.069140255	-0.99753594	-0.00090342737	0	-6.283185e-07	0	0.069140255	-0.99753594	-0.00090342737	2.9634757e-20	1
0	0.069140255	-0.99753594	-0.00090342737	0	-2.513274e-07	0	0.069140255	-0.99753594	-0.00090342737	2.9634905e-20	1
0	0.069140255	-0.99753594	-0.00090342737	0	-1.256637e-07	0	0.069140255	-0.99753594	-0.00090342737	2.9634957e-20	1
0	0.069140255	-0.99753594	-0.00090342737	0	0	0	0.069140255	-0.99753594	-0.00090342737	2.9635006e-20	1
0	0.069140255	-0.99753594	-0.00090342737	0	1.256637e-07	0	0.069140255	-0.99753594	-0.00090342737	2.9635057e-20	1
0	0.069140255	-0.99753594	-0.00090342737	0	2.513274e-07	0	0.069140255	-0.99753594	-0.00090342737	2.9635106e-20	1
0	0.069140255	-0.99753594	-0.00090342737	0	6.283185e-07	0	0.069140255	-0.99753594	-0.00090342737	2.9635258e-20	1
0	0.069140255	-0.99753594	-0.00090342737	0	1.256637e-06	0	0.069140255	-0.99753594	-0.00090342737	2.9635506e-20	1
0	0.069140255	-0.99753594	-0.00090342737	0	2.513274e-06	0	0.069140255	-0.99753594	-0.00090342737	2.9636007e-20	1
0	0.069140255	-0.99753594	-0.00090342737	0	6.2831855e-06	0	0.069140255	-0.99753594	-0.00090342737	2.963751e-20	1
0	0.069140255	-0.99753594	-0.00090342737	0	1.2566371e-05	0	0.069140255	-0.99753594	-0.00090342737	2.9640014e-20	1
0	0.069140255	-0.99753594	-0.00090342737	0	2.5132742e-05	0	0.069140255	-0.99753594	-0.00090342737	2.964502e-20	1
0	0.07023795	-0.9974591	-0.00090532075	0	6.283185e-05	0	0.07023795	-0.9974591	-0.00090532075	2.9660028e-20	1
0	0.07023795	-0.9974591	-0.00090532075	0	0.0001256637	0	0.07023795	-0.9974591	-0.00090532075	2.9685056e-20	1
0	0.07023795	-0.9974591	-0.00090532075	0	0.0002513274	0	0.07023795	-0.9974591	-0.00090532075	2.9735114e-20	1
0	0.072344005	-0.9973084	-0.0009089081	0	0.0006283185	0	0.072344005	-0.9973084	-0.0009089081	2.9885273e-20	1
0	0.07378295	-0.9972029	-0.0009113575	0	0.0010053096	0	0.07378295	-0.9972029	-0.0009113575	3.0035416e-20	1
0	0.07378295	-0.9972029	-0.0009113575	0	0.001256637	0	0.07378295	-0.9972029	-0.0009113575	3.0135505e-20	1
0	0.07743092	-0.99692595	-0.0009174822	0	0.0018849556	0	0.07743092	-0.99692595	-0.0009174822	3.038568e-20	1
0	0.08023417	-0.9967041	-0.0009221374	0	0.002513274	0	0.08023417	-0.9967041	-0.0009221374	3.0635807e-20	1
0	0.08662177	-0.99616873	-0.00093255984	0	0.0037699111	0	0.08662177	-0.99616873	-0.00093255984	3.1135873e-20	1
0	0.10303456	-0.99460375	-0.0009583703	0	0.0062831854	0	0.10303456	-0.99460375	-0.0009583703	3.213501e-20	1
0	0.1365163	-0.9905602	-0.0010070091	0	0.009424778	0	0.1365163	-0.9905602	-0.0010070091	3.3380712e-20	1
0	0.91355896	0.40640706	0.0006810391	0	0.012566371	0	0.91355896	0.40640706	0.0006810391	2.6255335e-20	1
0	-0.035714038	0.9992937	0.0008397449	0	0.018849555	0	-0.035714038	0.9992937	0.0008397449	2.2117197e-20	1
0	-0.030683681	0.9994613	0.00082816294	0	0.025132742	0	-0.030683681	0.9994613	0.00082816294	1.9609488e-20	1
0	-0.023918279	0.999647	0.0008104624	0	0.03769911	0	-0.023918279	0.999647	0.0008104624	1.4593162e-20	1
0	-0.019591443	0.99974203	0.0007968951	0	0.050265484	0	-0.019591443	0.99974203	0.0007968951	9.576166e-21	1
0	-0.016589802	0.99979717	0.00078564766	0	0.06283186	0	-0.016589802	0.99979717	0.00078564766	4.558804e-21	1
