# t (s)	mx ()	my ()	mz ()	B_extx (T)	B_exty (T)	B_extz (T)	mx ()	my ()	mz ()	E_total (J)	branch ()
0	0.09872639	0.99503195	0.005106612	0	0.06283186	0	0.09872639	0.99503195	0.005106612	4.5430258e-21	-1
0	0.119770765	0.9927156	0.0052491976	0	0.050265484	0	0.119770765	0.9927156	0.0052491976	9.5313106e-21	-1
0	0.15015715	0.9885713	0.005430234	0	0.03769911	0	0.15015715	0.9885713	0.005430234	1.450392e-20	-1
0	0.19583344	0.9805379	0.0056615244	0	0.025132742	0	0.19583344	0.9805379	0.0056615244	1.9447247e-20	-1
0	0.22736678	0.9737034	0.005796524	0	0.018849555	0	0.22736678	0.9737034	0.005796524	2.1899634e-20	-1
0	0.26714185	0.96354234	0.005939073	0	0.012566371	0	0.26714185	0.96354234	0.005939073	2.4331014e-20	-1
0	0.2910212	0.9565959	0.0060095233	0	0.009424778	0	0.2910212	0.9565959	0.0060095233	2.5535707e-20	-1
0	0.3182156	0.94789064	0.006075479	0	0.0062831854	0	0.3182156	0.94789064	0.006075479	2.6730626e-20	-1
0	0.3429622	0.9392147	0.006121787	0	0.0037699111	0	0.3429622	0.9392147	0.006121787	2.7677815e-20	-1
0	0.35653824	0.93414235	0.0061414624	0	0.002513274	0	0.35653824	0.93414235	0.0061414624	2.8147906e-20	-1
0	0.36367047	0.9313873	0.006150136	0	0.0018849556	0	0.36367047	0.9313873	0.006150136	2.8381963e-20	-1
0	0.37110454	0.9284485	0.0061579216	0	0.001256637	0	0.37110454	0.9284485	0.0061579216	2.8615305e-20	-1
0	0.37110454	0.9284485	0.0061579216	0	0.0010053096	0	0.37110454	0.9284485	0.0061579216	2.8708495e-20	-1
0	0.37873518	0.9253603	0.0061646085	0	0.0006283185	0	0.37873518	0.9253603	0.0061646085	2.8847895e-20	-1
0	0.37873518	0.9253603	0.0061646085	0	0.0002513274	0	0.37873518	0.9253603	0.0061646085	2.8987213e-20	-1
0	0.38511354	0.92272246	0.0061691343	0	0.0001256637	0	0.38511354	0.92272246	0.0061691343	2.903339e-20	-1
0	0.38511354	0.92272246	0.0061691343	0	6.283185e-05	0	0.38511354	0.92272246	0.0061691343	2.905654e-20	-1
0	0.38511354	0.92272246	0.0061691343	0	2.5132742e-05	0	0.38511354	0.92272246	0.0061691343	2.9070435e-20	-1
0	0.38511354	0.92272246	0.0061691343	0	1.2566371e-05	0	0.38511354	0.92272246	0.0061691343	2.9075066e-20	-1
0	0.38511354	0.92272246	0.0061691343	0	6.2831855e-06	0	0.38511354	0.92272246	0.0061691343	2.907738e-20	-1
0	0.38511354	0.92272246	0.0061691343	0	2.513274e-06	0	0.38511354	0.92272246	0.0061691343	2.907877e-20	-1
0	0.38511354	0.92272246	0.0061691343	0	1.256637e-06	0	0.38511354	0.92272246	0.0061691343	2.9079234e-20	-1
0	0.38511354	0.92272246	0.0061691343	0	6.283185e-07	0	0.38511354	0.92272246	0.0061691343	2.9079463e-20	-1
0	0.38511354	0.92272246	0.0061691343	0	2.513274e-07	0	0.38511354	0.92272246	0.0061691343	2.9079602e-20	-1
0	0.38511354	0.92272246	0.0061691343	0	1.256637e-07	0	0.38511354	0.92272246	0.0061691343	2.907965e-20	-1
0	0.38511354	0.92272246	0.0061691343	0	0	0	0.38511354	0.92272246	0.0061691343	2.9079696e-20	-1
0	0.38511354	0.92272246	0.0061691343	0	-1.256637e-07	0	0.38511354	0.92272246	0.0061691343	2.907974e-20	-1
0	0.38511354	0.92272246	0.0061691343	0	-2.513274e-07	0	0.38511354	0.92272246	0.0061691343	2.907979e-20	-1
0	0.38511354	0.92272246	0.0061691343	0	-6.283185e-07	0	0.38511354	0.92272246	0.0061691343	2.907993e-20	-1
0	0.38511354	0.92272246	0.0061691343	0	-1.256637e-06	0	0.38511354	0.92272246	0.0061691343	2.9080158e-20	-1
0	0.38511354	0.92272246	0.0061691343	0	-2.513274e-06	0	0.38511354	0.92272246	0.0061691343	2.9080623e-20	-1
0	0.38511354	0.92272246	0.0061691343	0	-6.2831855e-06	0	0.38511354	0.92272246	0.0061691343	2.908201e-20	-1
0	0.38511354	0.92272246	0.0061691343	0	-1.2566371e-05	0	0.38511354	0.92272246	0.0061691343	2.9084326e-20	-1
0	0.38511354	0.92272246	0.0061691343	0	-2.5132742e-05	0	0.38511354	0.92272246	0.0061691343	2.9088957e-20	-1
0	0.38511354	0.92272246	0.0061691343	0	-6.283185e-05	0	0.38511354	0.92272246	0.0061691343	2.910285e-20	-1
0	0.38511354	0.92272246	0.0061691343	0	-0.0001256637	0	0.38511354	0.92272246	0.0061691343	2.9126002e-20	-1
0	0.38511354	0.92272246	0.0061691343	0	-0.0002513274	0	0.38511354	0.92272246	0.0061691343	2.9172308e-20	-1
0	0.3949926	0.91853464	0.0061742635	0	-0.0006283185	0	0.3949926	0.91853464	0.0061742635	2.931061e-20	-1
0	0.3949926	0.91853464	0.0061742635	0	-0.0010053096	0	0.3949926	0.91853464	0.0061742635	2.9448896e-20	-1
0	0.40364903	0.91476154	0.0061768238	0	-0.001256637	0	0.40364903	0.91476154	0.0061768238	2.954062e-20	-1
0	0.41271758	0.9107039	0.0061775455	0	-0.0018849556	0	0.41271758	0.9107039	0.0061775455	2.9769655e-20	-1
0	0.42226654	0.90631366	0.006176105	0	-0.002513274	0	0.42226654	0.90631366	0.006176105	2.999763e-20	-1
0	0.4428929	0.89641	0.0061651682	0	-0.0037699111	0	0.4428929	0.89641	0.0061651682	3.0450047e-20	-1
0	0.49424744	0.8691399	0.0060893446	0	-0.0062831854	0	0.49424744	0.8691399	0.0060893446	3.133717e-20	-1
0	-0.29100728	-0.9566002	-0.006009491	0	-0.009424778	0	-0.29100728	-0.9566002	-0.006009491	2.5535702e-20	-1
0	-0.26716405	-0.96353626	-0.005939132	0	-0.012566371	0	-0.26716405	-0.96353626	-0.005939132	2.4331017e-20	-1
0	-0.22737315	-0.97370195	-0.0057965424	0	-0.018849555	0	-0.22737315	-0.97370195	-0.0057965424	2.1899636e-20	-1
0	-0.19582602	-0.98053944	-0.005661496	0	-0.025132742	0	-0.19582602	-0.98053944	-0.005661496	1.9447247e-20	-1
0	-0.15016398	-0.9885702	-0.0054302523	0	-0.03769911	0	-0.15016398	-0.9885702	-0.0054302523	1.4503919e-20	-1
0	-0.119778745	-0.99271464	-0.0052492367	0	-0.050265484	0	-0.119778745	-0.99271464	-0.0052492367	9.531311e-21	-1
0	-0.098732606	-0.99503136	-0.005106638	0	-0.06283186	0	-0.098732606	-0.99503136	-0.005106638	4.5430278e-21	-1
0	-0.098732606	-0.99503136	-0.005106638	0	-0.06283186	0	-0.098732606	-0.99503136	-0.005106638	4.5430278e-21	1
0	-0.11977166	-0.9927156	-0.005249201	0	-0.050265484	0	-0.11977166	-0.9927156	-0.005249201	9.5313106e-21	1
0	-0.15015775	-0.98857117	-0.0054302365	0	-0.03769911	0	-0.15015775	-0.98857117	-0.0054302365	1.450392e-20	1
0	-0.1958301	-0.9805386	-0.0056615137	0	-0.025132742	0	-0.1958301	-0.9805386	-0.0056615137	1.944725e-20	1
0	-0.22736147	-0.9737047	-0.005796507	0	-0.018849555	0	-0.22736147	-0.9737047	-0.005796507	2.189963e-20	1
0	-0.26714188	-0.96354246	-0.005939075	0	-0.012566371	0	-0.26714188	-0.96354246	-0.005939075	2.4331017e-20	1
0	-0.29100767	-0.95660007	-0.006009492	0	-0.009424778	0	-0.29100767	-0.95660007	-0.006009492	2.5535705e-20	1
0	-0.3182257	-0.94788724	-0.0060754963	0	-0.0062831854	0	-0.3182257	-0.94788724	-0.0060754963	2.6730624e-20	1
0	-0.3429665	-0.93921316	-0.006121791	0	-0.0037699111	0	-0.3429665	-0.93921316	-0.006121791	2.767782e-20	1
0	-0.35656184	-0.93413335	-0.0061414847	0	-0.002513274	0	-0.35656184	-0.93413335	-0.0061414847	2.8147906e-20	1
0	-0.36368752	-0.9313806	-0.0061501493	0	-0.0018849556	0	-0.36368752	-0.9313806	-0.0061501493	2.8381963e-20	1
0	-0.37107128	-0.9284618	-0.0061578997	0	-0.001256637	0	-0.37107128	-0.9284618	-0.0061578997	2.861531e-20	1
0	-0.37107128	-0.9284618	-0.0061578997	0	-0.0010053096	0	-0.37107128	-0.9284618	-0.0061578997	2.87085e-20	1
0	-0.37873104	-0.925362	-0.0061646067	0	-0.0006283185	0	-0.37873104	-0.925362	-0.0061646067	2.884789e-20	1
0	-0.37873104	-0.925362	-0.0061646067	0	-0.0002513274	0	-0.37873104	-0.925362	-0.0061646067	2.898721e-20	1
0	-0.38508356	-0.922735	-0.0061691226	0	-0.0001256637	0	-0.38508356	-0.922735	-0.0061691226	2.903339e-20	1
0	-0.38508356	-0.922735	-0.0061691226	0	-6.283185e-05	0	-0.38508356	-0.922735	-0.0061691226	2.9056545e-20	1
0	-0.38508356	-0.922735	-0.0061691226	0	-2.5132742e-05	0	-0.38508356	-0.922735	-0.0061691226	2.907044e-20	1
0	-0.38508356	-0.922735	-0.0061691226	0	-1.2566371e-05	0	-0.38508356	-0.922735	-0.0061691226	2.907507e-20	1
0	-0.38508356	-0.922735	-0.0061691226	0	-6.2831855e-06	0	-0.38508356	-0.922735	-0.0061691226	2.9077382e-20	1
0	-0.38508356	-0.922735	-0.0061691226	0	-2.513274e-06	0	-0.38508356	-0.922735	-0.0061691226	2.9078772e-20	1
0	-0.38508356	-0.922735	-0.0061691226	0	-1.256637e-06	0	-0.38508356	-0.922735	-0.0061691226	2.9079237e-20	1
0	-0.38508356	-0.922735	-0.0061691226	0	-6.283185e-07	0	-0.38508356	-0.922735	-0.0061691226	2.9079467e-20	1
0	-0.38508356	-0.922735	-0.0061691226	0	-2.513274e-07	0	-0.38508356	-0.922735	-0.0061691226	2.9079606e-20	1
0	-0.38508356	-0.922735	-0.0061691226	0	-1.256637e-07	0	-0.38508356	-0.922735	-0.0061691226	2.9079654e-20	1
0	-0.38508356	-0.922735	-0.0061691226	0	0	0	-0.38508356	-0.922735	-0.0061691226	2.90797e-20	1
0	-0.38508356	-0.922735	-0.0061691226	0	1.256637e-07	0	-0.38508356	-0.922735	-0.0061691226	2.9079744e-20	1
0	-0.38508356	-0.922735	-0.0061691226	0	2.513274e-07	0	-0.38508356	-0.922735	-0.0061691226	2.9079793e-20	1
0	-0.38508356	-0.922735	-0.0061691226	0	6.283185e-07	0	-0.38508356	-0.922735	-0.0061691226	2.9079932e-20	1
0	-0.38508356	-0.922735	-0.0061691226	0	1.256637e-06	0	-0.38508356	-0.922735	-0.0061691226	2.908016e-20	1
0	-0.38508356	-0.922735	-0.0061691226	0	2.513274e-06	0	-0.38508356	-0.922735	-0.0061691226	2.9080627e-20	1
0	-0.38508356	-0.922735	-0.0061691226	0	6.2831855e-06	0	-0.38508356	-0.922735	-0.0061691226	2.9082013e-20	1
0	-0.38508356	-0.922735	-0.0061691226	0	1.2566371e-05	0	-0.38508356	-0.922735	-0.0061691226	2.908433e-20	1
0	-0.38508356	-0.922735	-0.0061691226	0	2.5132742e-05	0	-0.38508356	-0.922735	-0.0061691226	2.908896e-20	1
0	-0.38508356	-0.922735	-0.0061691226	0	6.283185e-05	0	-0.38508356	-0.922735	-0.0061691226	2.9102854e-20	1
0	-0.38508356	-0.922735	-0.0061691226	0	0.0001256637	0	-0.38508356	-0.922735	-0.0061691226	2.9126005e-20	1
0	-0.38508356	-0.922735	-0.0061691226	0	0.0002513274	0	-0.38508356	-0.922735	-0.0061691226	2.9172314e-20	1
0	-0.3950306	-0.9185183	-0.00617427	0	0.0006283185	0	-0.3950306	-0.9185183	-0.00617427	2.931061e-20	1
0	-0.3950306	-0.9185183	-0.00617427	0	0.0010053096	0	-0.3950306	-0.9185183	-0.00617427	2.9448896e-20	1
0	-0.4036841	-0.91474605	-0.0061768214	0	0.001256637	0	-0.4036841	-0.91474605	-0.0061768214	2.954062e-20	1
0	-0.4127145	-0.9107053	-0.006177546	0	0.0018849556	0	-0.4127145	-0.9107053	-0.006177546	2.9769652e-20	1
0	-0.4222222	-0.9063343	-0.006176126	0	0.002513274	0	-0.4222222	-0.9063343	-0.006176126	2.9997627e-20	1
0	-0.44289452	-0.89640903	-0.006165166	0	0.0037699111	0	-0.44289452	-0.89640903	-0.006165166	3.045005e-20	1
0	-0.49430826	-0.86910534	-0.006089201	0	0.0062831854	0	-0.49430826	-0.86910534	-0.006089201	3.1337172e-20	1
0	0.29099727	0.9566032	0.006009468	0	0.009424778	0	0.29099727	0.9566032	0.006009468	2.5535702e-20	1
0	0.26716423	0.9635362	0.0059391353	0	0.012566371	0	0.26716423	0.9635362	0.0059391353	2.4331017e-20	1
0	0.22738275	0.97369975	0.005796578	0	0.018849555	0	0.22738275	0.97369975	0.005796578	2.1899637e-20	1
0	0.19583972	0.9805367	0.005661549	0	0.025132742	0	0.19583972	0.9805367	0.005661549	1.9447246e-20	1
0	0.15017395	0.98856866	0.005430311	0	0.03769911	0	0.15017395	0.98856866	0.005430311	1.450392e-20	1
0	0.11977929	0.99271464	0.005249246	0	0.050265484	0	0.11977929	0.99271464	0.005249246	9.53131e-21	1
0	0.09873295	0.99503136	0.005106641	0	0.06283186	0	0.09873295	0.99503136	0.005106641	4.543029e-21	1
