# t (s)	mx ()	my ()	mz ()	B_extx (T)	B_exty (T)	B_extz (T)	mx ()	my ()	mz ()	E_total (J)	branch ()
0	0.02952921	0.99949694	0.001906039	0	0.06283186	0	0.02952921	0.99949694	0.001906039	4.545995e-21	-1
0	0.034911677	0.9993224	0.0019329524	0	0.050265484	0	0.034911677	0.9993224	0.0019329524	9.5615705e-21	-1
0	0.042661197	0.9990206	0.0019651172	0	0.03769911	0	0.042661197	0.9990206	0.0019651172	1.4575995e-20	-1
0	0.054742433	0.99843013	0.002006391	0	0.025132742	0	0.054742433	0.99843013	0.002006391	1.958829e-20	-1
0	0.06369929	0.997898	0.0020328448	0	0.018849555	0	0.06369929	0.997898	0.0020328448	2.2092986e-20	-1
0	0.07606519	0.9970305	0.0020657051	0	0.012566371	0	0.07606519	0.9970305	0.0020657051	2.4595967e-20	-1
0	0.08416654	0.99637854	0.0020855395	0	0.009424778	0	0.08416654	0.99637854	0.0020855395	2.5846478e-20	-1
0	0.094165355	0.99548244	0.0021085532	0	0.0062831854	0	0.094165355	0.99548244	0.0021085532	2.7096031e-20	-1
0	0.10399075	0.99450314	0.0021298341	0	0.0037699111	0	0.10399075	0.99450314	0.0021298341	2.809473e-20	-1
0	0.10973417	0.99388516	0.002141714	0	0.002513274	0	0.10973417	0.99388516	0.002141714	2.8593666e-20	-1
0	0.11283095	0.993538	0.002147968	0	0.0018849556	0	0.11283095	0.993538	0.002147968	2.884301e-20	-1
0	0.11611457	0.9931593	0.0021544818	0	0.001256637	0	0.11611457	0.9931593	0.0021544818	2.9092272e-20	-1
0	0.11611457	0.9931593	0.0021544818	0	0.0010053096	0	0.11611457	0.9931593	0.0021544818	2.9191953e-20	-1
0	0.11958586	0.99274695	0.0021612379	0	0.0006283185	0	0.11958586	0.99274695	0.0021612379	2.9341428e-20	-1
0	0.121735126	0.9924854	0.0021653664	0	0.0002513274	0	0.121735126	0.9924854	0.0021653664	2.949087e-20	-1
0	0.121735126	0.9924854	0.0021653664	0	0.0001256637	0	0.121735126	0.9924854	0.0021653664	2.9540678e-20	-1
0	0.121735126	0.9924854	0.0021653664	0	6.283185e-05	0	0.121735126	0.9924854	0.0021653664	2.9565584e-20	-1
0	0.121735126	0.9924854	0.0021653664	0	2.5132742e-05	0	0.121735126	0.9924854	0.0021653664	2.9580525e-20	-1
0	0.121735126	0.9924854	0.0021653664	0	1.2566371e-05	0	0.121735126	0.9924854	0.0021653664	2.9585507e-20	-1
0	0.121735126	0.9924854	0.0021653664	0	6.2831855e-06	0	0.121735126	0.9924854	0.0021653664	2.9587995e-20	-1
0	0.121735126	0.9924854	0.0021653664	0	2.513274e-06	0	0.121735126	0.9924854	0.0021653664	2.958949e-20	-1
0	0.121735126	0.9924854	0.0021653664	0	1.256637e-06	0	0.121735126	0.9924854	0.0021653664	2.958999e-20	-1
0	0.121735126	0.9924854	0.0021653664	0	6.283185e-07	0	0.121735126	0.9924854	0.0021653664	2.9590238e-20	-1
0	0.121735126	0.9924854	0.0021653664	0	2.513274e-07	0	0.121735126	0.9924854	0.0021653664	2.9590386e-20	-1
0	0.121735126	0.9924854	0.0021653664	0	1.256637e-07	0	0.121735126	0.9924854	0.0021653664	2.9590438e-20	-1
0	0.121735126	0.9924854	0.0021653664	0	0	0	0.121735126	0.9924854	0.0021653664	2.9590486e-20	-1
0	0.121735126	0.9924854	0.0021653664	0	-1.256637e-07	0	0.121735126	0.9924854	0.0021653664	2.9590535e-20	-1
0	0.121735126	0.9924854	0.0021653664	0	-2.513274e-07	0	0.121735126	0.9924854	0.0021653664	2.9590587e-20	-1
0	0.121735126	0.9924854	0.0021653664	0	-6.283185e-07	0	0.121735126	0.9924854	0.0021653664	2.9590735e-20	-1
0	0.121735126	0.9924854	0.0021653664	0	-1.256637e-06	0	0.121735126	0.9924854	0.0021653664	2.9590984e-20	-1
0	0.121735126	0.9924854	0.0021653664	0	-2.513274e-06	0	0.121735126	0.9924854	0.0021653664	2.9591482e-20	-1
0	0.121735126	0.9924854	0.0021653664	0	-6.2831855e-06	0	0.121735126	0.9924854	0.0021653664	2.9592978e-20	-1
0	0.121735126	0.9924854	0.0021653664	0	-1.2566371e-05	0	0.121735126	0.9924854	0.0021653664	2.9595466e-20	-1
0	0.121735126	0.9924854	0.0021653664	0	-2.5132742e-05	0	0.121735126	0.9924854	0.0021653664	2.9600448e-20	-1
0	0.12367757	0.9922451	0.0021690268	0	-6.283185e-05	0	0.12367757	0.9922451	0.0021690268	2.9615373e-20	-1
0	0.12367757	0.9922451	0.0021690268	0	-0.0001256637	0	0.12367757	0.9922451	0.0021690268	2.9640272e-20	-1
0	0.12367757	0.9922451	0.0021690268	0	-0.0002513274	0	0.12367757	0.9922451	0.0021690268	2.9690068e-20	-1
0	0.12719533	0.99179983	0.002175618	0	-0.0006283185	0	0.12719533	0.99179983	0.002175618	2.983941e-20	-1
0	0.12967089	0.991479	0.002180157	0	-0.0010053096	0	0.12967089	0.991479	0.002180157	2.9988706e-20	-1
0	0.12967089	0.991479	0.002180157	0	-0.001256637	0	0.12967089	0.991479	0.002180157	3.008822e-20	-1
0	0.13585992	0.99064916	0.0021912577	0	-0.0018849556	0	0.13585992	0.99064916	0.0021912577	3.0336865e-20	-1
0	0.14065352	0.9899794	0.00219959	0	-0.002513274	0	0.14065352	0.9899794	0.00219959	3.058536e-20	-1
0	0.15139718	0.98839206	0.0022174707	0	-0.0037699111	0	0.15139718	0.98839206	0.0022174707	3.1081796e-20	-1
0	0.17933473	0.9837031	0.0022588666	0	-0.0062831854	0	0.17933473	0.9837031	0.0022588666	3.2071705e-20	-1
0	-0.9895437	-0.14370292	0.0009335699	0	-0.009424778	0	-0.9895437	-0.14370292	0.0009335699	2.73139e-20	-1
0	-0.9479977	-0.31794816	0.00047950615	0	-0.012566371	0	-0.9479977	-0.31794816	0.00047950615	2.7046014e-20	-1
0	-0.06371205	-0.99789715	-0.0020328702	0	-0.018849555	0	-0.06371205	-0.99789715	-0.0020328702	2.2092983e-20	-1
0	-0.054744363	-0.99843013	-0.0020063948	0	-0.025132742	0	-0.054744363	-0.99843013	-0.0020063948	1.958829e-20	-1
0	-0.042664446	-0.99902046	-0.0019651256	0	-0.03769911	0	-0.042664446	-0.99902046	-0.0019651256	1.4575994e-20	-1
0	-0.034914576	-0.9993224	-0.0019329595	0	-0.050265484	0	-0.034914576	-0.9993224	-0.0019329595	9.5615746e-21	-1
0	-0.029533118	-0.9994968	-0.0019060448	0	-0.06283186	0	-0.029533118	-0.9994968	-0.0019060448	4.5459928e-21	-1
0	-0.029533118	-0.9994968	-0.0019060448	0	-0.06283186	0	-0.029533118	-0.9994968	-0.0019060448	4.5459928e-21	1
0	-0.034911834	-0.99932253	-0.0019329509	0	-0.050265484	0	-0.034911834	-0.99932253	-0.0019329509	9.561573e-21	1
0	-0.042659648	-0.9990207	-0.0019651128	0	-0.03769911	0	-0.042659648	-0.9990207	-0.0019651128	1.4575994e-20	1
0	-0.054744788	-0.99843	-0.0020063957	0	-0.025132742	0	-0.054744788	-0.99843	-0.0020063957	1.9588286e-20	1
0	-0.06369709	-0.99789804	-0.0020328406	0	-0.018849555	0	-0.06369709	-0.99789804	-0.0020328406	2.2092981e-20	1
0	-0.0760578	-0.997031	-0.0020656944	0	-0.012566371	0	-0.0760578	-0.997031	-0.0020656944	2.4595968e-20	1
0	-0.08418107	-0.99637735	-0.0020855675	0	-0.009424778	0	-0.08418107	-0.99637735	-0.0020855675	2.584648e-20	1
0	-0.09416702	-0.9954822	-0.0021085567	0	-0.0062831854	0	-0.09416702	-0.9954822	-0.0021085567	2.7096031e-20	1
0	-0.10401623	-0.9945004	-0.00212988	0	-0.0037699111	0	-0.10401623	-0.9945004	-0.00212988	2.8094727e-20	1
0	-0.1097322	-0.9938854	-0.0021417122	0	-0.002513274	0	-0.1097322	-0.9938854	-0.0021417122	2.8593666e-20	1
0	-0.11285981	-0.9935348	-0.0021480185	0	-0.0018849556	0	-0.11285981	-0.9935348	-0.0021480185	2.8843012e-20	1
0	-0.11611078	-0.9931598	-0.0021544718	0	-0.001256637	0	-0.11611078	-0.9931598	-0.0021544718	2.909227e-20	1
0	-0.11611078	-0.9931598	-0.0021544718	0	-0.0010053096	0	-0.11611078	-0.9931598	-0.0021544718	2.9191953e-20	1
0	-0.11958702	-0.99274683	-0.0021612463	0	-0.0006283185	0	-0.11958702	-0.99274683	-0.0021612463	2.9341428e-20	1
0	-0.12177148	-0.992481	-0.002165427	0	-0.0002513274	0	-0.12177148	-0.992481	-0.002165427	2.9490873e-20	1
0	-0.12177148	-0.992481	-0.002165427	0	-0.0001256637	0	-0.12177148	-0.992481	-0.002165427	2.954068e-20	1
0	-0.12177148	-0.992481	-0.002165427	0	-6.283185e-05	0	-0.12177148	-0.992481	-0.002165427	2.9565584e-20	1
0	-0.12177148	-0.992481	-0.002165427	0	-2.5132742e-05	0	-0.12177148	-0.992481	-0.002165427	2.9580528e-20	1
0	-0.12177148	-0.992481	-0.002165427	0	-1.2566371e-05	0	-0.12177148	-0.992481	-0.002165427	2.9585507e-20	1
0	-0.12177148	-0.992481	-0.002165427	0	-6.2831855e-06	0	-0.12177148	-0.992481	-0.002165427	2.9588e-20	1
0	-0.12177148	-0.992481	-0.002165427	0	-2.513274e-06	0	-0.12177148	-0.992481	-0.002165427	2.958949e-20	1
0	-0.12177148	-0.992481	-0.002165427	0	-1.256637e-06	0	-0.12177148	-0.992481	-0.002165427	2.958999e-20	1
0	-0.12177148	-0.992481	-0.002165427	0	-6.283185e-07	0	-0.12177148	-0.992481	-0.002165427	2.9590238e-20	1
0	-0.12177148	-0.992481	-0.002165427	0	-2.513274e-07	0	-0.12177148	-0.992481	-0.002165427	2.959039e-20	1
0	-0.12177148	-0.992481	-0.002165427	0	-1.256637e-07	0	-0.12177148	-0.992481	-0.002165427	2.9590438e-20	1
0	-0.12177148	-0.992481	-0.002165427	0	0	0	-0.12177148	-0.992481	-0.002165427	2.9590486e-20	1
0	-0.12177148	-0.992481	-0.002165427	0	1.256637e-07	0	-0.12177148	-0.992481	-0.002165427	2.9590538e-20	1
0	-0.12177148	-0.992481	-0.002165427	0	2.513274e-07	0	-0.12177148	-0.992481	-0.002165427	2.9590587e-20	1
0	-0.12177148	-0.992481	-0.002165427	0	6.283185e-07	0	-0.12177148	-0.992481	-0.002165427	2.959074e-20	1
0	-0.12177148	-0.992481	-0.002165427	0	1.256637e-06	0	-0.12177148	-0.992481	-0.002165427	2.9590987e-20	1
0	-0.12177148	-0.992481	-0.002165427	0	2.513274e-06	0	-0.12177148	-0.992481	-0.002165427	2.9591485e-20	1
0	-0.12177148	-0.992481	-0.002165427	0	6.2831855e-06	0	-0.12177148	-0.992481	-0.002165427	2.9592978e-20	1
0	-0.12177148	-0.992481	-0.002165427	0	1.2566371e-05	0	-0.12177148	-0.992481	-0.002165427	2.959547e-20	1
0	-0.12177148	-0.992481	-0.002165427	0	2.5132742e-05	0	-0.12177148	-0.992481	-0.002165427	2.9600448e-20	1
0	-0.12364616	-0.992249	-0.0021689832	0	6.283185e-05	0	-0.12364616	-0.992249	-0.0021689832	2.9615376e-20	1
0	-0.12364616	-0.992249	-0.0021689832	0	0.0001256637	0	-0.12364616	-0.992249	-0.0021689832	2.9640272e-20	1
0	-0.12364616	-0.992249	-0.0021689832	0	0.0002513274	0	-0.12364616	-0.992249	-0.0021689832	2.9690068e-20	1
0	-0.12719071	-0.9918004	-0.0021756021	0	0.0006283185	0	-0.12719071	-0.9918004	-0.0021756021	2.983941e-20	1
0	-0.12966424	-0.9914799	-0.002180146	0	0.0010053096	0	-0.12966424	-0.9914799	-0.002180146	2.9988703e-20	1
0	-0.12966424	-0.9914799	-0.002180146	0	0.001256637	0	-0.12966424	-0.9914799	-0.002180146	3.008822e-20	1
0	-0.135866	-0.9906484	-0.0021912646	0	0.0018849556	0	-0.135866	-0.9906484	-0.0021912646	3.0336865e-20	1
0	-0.14064834	-0.9899801	-0.0021995846	0	0.002513274	0	-0.14064834	-0.9899801	-0.0021995846	3.0585362e-20	1
0	-0.15139416	-0.98839253	-0.0022174632	0	0.0037699111	0	-0.15139416	-0.98839253	-0.0022174632	3.1081796e-20	1
0	-0.17933789	-0.9837024	-0.0022588472	0	0.0062831854	0	-0.17933789	-0.9837024	-0.0022588472	3.2071705e-20	1
0	-0.24178201	-0.9702343	-0.0023245034	0	0.009424778	0	-0.24178201	-0.9702343	-0.0023245034	3.3299044e-20	1
0	-0.9007721	0.43399906	0.00085355144	0	0.012566371	0	-0.9007721	0.43399906	0.00085355144	2.6049333e-20	1
0	0.06370665	0.9978975	0.0020328597	0	0.018849555	0	0.06370665	0.9978975	0.0020328597	2.2092981e-20	1
0	0.05474163	0.99843025	0.002006388	0	0.025132742	0	0.05474163	0.99843025	0.002006388	1.9588288e-20	1
0	0.042668708	0.99902034	0.0019651433	0	0.03769911	0	0.042668708	0.99902034	0.0019651433	1.4575995e-20	1
0	0.03491517	0.9993224	0.0019329749	0	0.050265484	0	0.03491517	0.9993224	0.0019329749	9.5615746e-21	1
0	0.029533656	0.9994968	0.0019060483	0	0.06283186	0	0.029533656	0.9994968	0.0019060483	4.5459944e-21	1
