# t (s)	mx ()	my ()	mz ()	B_extx (T)	B_exty (T)	B_extz (T)	mx ()	my ()	mz ()	E_total (J)	branch ()
0	0.9999112	0.006962439	0.0014795348	0.06283186	0	0	0.9999112	0.006962439	0.0014795348	2.2783949e-21	-1
0	0.9999033	0.0079137385	0.0014910088	0.050265484	0	0	0.9999033	0.0079137385	0.0014910088	7.296443e-21	-1
0	0.999892	0.009161807	0.0015026812	0.03769911	0	0	0.999892	0.009161807	0.0015026812	1.2314434e-20	-1
0	0.9998739	0.010888908	0.0015145622	0.025132742	0	0	0.9998739	0.010888908	0.0015145622	1.7332355e-20	-1
0	0.9998604	0.012022346	0.0015205825	0.018849555	0	0	0.9998604	0.012022346	0.0015205825	1.9841278e-20	-1
0	0.99984235	0.013413195	0.0015266542	0.012566371	0	0	0.99984235	0.013413195	0.0015266542	2.235016e-20	-1
0	0.9998307	0.014236388	0.0015297096	0.009424778	0	0	0.9998307	0.014236388	0.0015297096	2.360458e-20	-1
0	0.9998169	0.015165149	0.0015327745	0.0062831854	0	0	0.9998169	0.015165149	0.0015327745	2.4858986e-20	-1
0	0.9998036	0.016005138	0.0015352364	0.0037699111	0	0	0.9998036	0.016005138	0.0015352364	2.5862497e-20	-1
0	0.99979615	0.016459282	0.0015364676	0.002513274	0	0	0.99979615	0.016459282	0.0015364676	2.6364246e-20	-1
0	0.9997921	0.016700698	0.001537092	0.0018849556	0	0	0.9997921	0.016700698	0.001537092	2.6615118e-20	-1
0	0.99978805	0.016937442	0.0015377003	0.001256637	0	0	0.99978805	0.016937442	0.0015377003	2.6865993e-20	-1
0	0.9997864	0.017039392	0.001537947	0.0010053096	0	0	0.9997864	0.017039392	0.001537947	2.696634e-20	-1
0	0.99978364	0.017193142	0.0015383172	0.0006283185	0	0	0.99978364	0.017193142	0.0015383172	2.711686e-20	-1
0	0.9997811	0.017341588	0.0015386718	0.0002513274	0	0	0.9997811	0.017341588	0.0015386718	2.7267385e-20	-1
0	0.9997811	0.017341588	0.0015386718	0.0001256637	0	0	0.9997811	0.017341588	0.0015386718	2.7317562e-20	-1
0	0.9997811	0.017341588	0.0015386718	6.283185e-05	0	0	0.9997811	0.017341588	0.0015386718	2.734265e-20	-1
0	0.9997811	0.017341588	0.0015386718	2.5132742e-05	0	0	0.9997811	0.017341588	0.0015386718	2.73577e-20	-1
0	0.9997811	0.017341588	0.0015386718	1.2566371e-05	0	0	0.9997811	0.017341588	0.0015386718	2.7362718e-20	-1
0	0.9997811	0.017341588	0.0015386718	6.2831855e-06	0	0	0.9997811	0.017341588	0.0015386718	2.7365225e-20	-1
0	0.9997811	0.017341588	0.0015386718	2.513274e-06	0	0	0.9997811	0.017341588	0.0015386718	2.736673e-20	-1
0	0.9997811	0.017341588	0.0015386718	1.256637e-06	0	0	0.9997811	0.017341588	0.0015386718	2.7367232e-20	-1
0	0.9997811	0.017341588	0.0015386718	6.283185e-07	0	0	0.9997811	0.017341588	0.0015386718	2.7367484e-20	-1
0	0.9997811	0.017341588	0.0015386718	2.513274e-07	0	0	0.9997811	0.017341588	0.0015386718	2.7367636e-20	-1
0	0.9997811	0.017341588	0.0015386718	1.256637e-07	0	0	0.9997811	0.017341588	0.0015386718	2.7367684e-20	-1
0	0.9997811	0.017341588	0.0015386718	0	0	0	0.9997811	0.017341588	0.0015386718	2.7367736e-20	-1
0	0.9997811	0.017341588	0.0015386718	-1.256637e-07	0	0	0.9997811	0.017341588	0.0015386718	2.7367784e-20	-1
0	0.9997811	0.017341588	0.0015386718	-2.513274e-07	0	0	0.9997811	0.017341588	0.0015386718	2.7367836e-20	-1
0	0.9997811	0.017341588	0.0015386718	-6.283185e-07	0	0	0.9997811	0.017341588	0.0015386718	2.7367985e-20	-1
0	0.9997811	0.017341588	0.0015386718	-1.256637e-06	0	0	0.9997811	0.017341588	0.0015386718	2.7368237e-20	-1
0	0.9997811	0.017341588	0.0015386718	-2.513274e-06	0	0	0.9997811	0.017341588	0.0015386718	2.7368738e-20	-1
0	0.9997811	0.017341588	0.0015386718	-6.2831855e-06	0	0	0.9997811	0.017341588	0.0015386718	2.7370243e-20	-1
0	0.9997811	0.017341588	0.0015386718	-1.2566371e-05	0	0	0.9997811	0.017341588	0.0015386718	2.7372754e-20	-1
0	0.9997811	0.017341588	0.0015386718	-2.5132742e-05	0	0	0.9997811	0.017341588	0.0015386718	2.737777e-20	-1
0	0.99977875	0.017475978	0.0015389957	-6.283185e-05	0	0	0.99977875	0.017475978	0.0015389957	2.7392823e-20	-1
0	0.99977875	0.017475978	0.0015389957	-0.0001256637	0	0	0.99977875	0.017475978	0.0015389957	2.741791e-20	-1
0	0.99977875	0.017475978	0.0015389957	-0.0002513274	0	0	0.99977875	0.017475978	0.0015389957	2.7468083e-20	-1
0	0.99977446	0.017715272	0.001539551	-0.0006283185	0	0	0.99977446	0.017715272	0.001539551	2.76186e-20	-1
0	0.9997715	0.017883772	0.0015399175	-0.0010053096	0	0	0.9997715	0.017883772	0.0015399175	2.7769122e-20	-1
0	0.9997715	0.017883772	0.0015399175	-0.001256637	0	0	0.9997715	0.017883772	0.0015399175	2.786947e-20	-1
0	0.9997643	0.018272374	0.0015407852	-0.0018849556	0	0	0.9997643	0.018272374	0.0015407852	2.8120335e-20	-1
0	0.9997587	0.018576536	0.0015414021	-0.002513274	0	0	0.9997587	0.018576536	0.0015414021	2.8371203e-20	-1
0	0.9997473	0.019176742	0.0015426354	-0.0037699111	0	0	0.9997473	0.019176742	0.0015426354	2.887293e-20	-1
0	0.99971986	0.020548996	0.0015451007	-0.0062831854	0	0	0.99971986	0.020548996	0.0015451007	2.9876365e-20	-1
0	0.9996766	0.022544686	0.001548161	-0.009424778	0	0	0.9996766	0.022544686	0.001548161	3.1130613e-20	-1
0	0.99961853	0.024976779	0.0015511843	-0.012566371	0	0	0.99961853	0.024976779	0.0015511843	3.23848e-20	-1
0	0.9994223	0.03185795	0.0015569207	-0.018849555	0	0	0.9994223	0.03185795	0.0015569207	3.489288e-20	-1
0	0.9989586	0.04404568	0.0015612816	-0.025132742	0	0	0.9989586	0.04404568	0.0015612816	3.7400193e-20	-1
0	-0.99989194	-0.009163251	-0.0015026814	-0.03769911	0	0	-0.99989194	-0.009163251	-0.0015026814	1.2314432e-20	-1
0	-0.9999034	-0.007917308	-0.0014910263	-0.050265484	0	0	-0.9999034	-0.007917308	-0.0014910263	7.296441e-21	-1
0	-0.9999112	-0.0069636786	-0.0014795352	-0.06283186	0	0	-0.9999112	-0.0069636786	-0.0014795352	2.2783987e-21	-1
0	-0.9999112	-0.0069635585	-0.0014795349	-0.06283186	0	0	-0.9999112	-0.0069635585	-0.0014795349	2.2784028e-21	1
0	-0.9999034	-0.007914041	-0.001491009	-0.050265484	0	0	-0.9999034	-0.007914041	-0.001491009	7.296441e-21	1
0	-0.9998919	-0.009167285	-0.0015026818	-0.03769911	0	0	-0.9998919	-0.009167285	-0.0015026818	1.2314433e-20	1
0	-0.9998738	-0.010889735	-0.001514561	-0.025132742	0	0	-0.9998738	-0.010889735	-0.001514561	1.7332353e-20	1
0	-0.9998605	-0.012019489	-0.0015205793	-0.018849555	0	0	-0.9998605	-0.012019489	-0.0015205793	1.9841276e-20	1
0	-0.9998424	-0.013409779	-0.0015266547	-0.012566371	0	0	-0.9998424	-0.013409779	-0.0015266547	2.2350157e-20	1
0	-0.99983084	-0.01423077	-0.001529709	-0.009424778	0	0	-0.99983084	-0.01423077	-0.001529709	2.360458e-20	1
0	-0.9998169	-0.015166116	-0.0015327778	-0.0062831854	0	0	-0.9998169	-0.015166116	-0.0015327778	2.4858986e-20	1
0	-0.99980366	-0.016005173	-0.0015352354	-0.0037699111	0	0	-0.99980366	-0.016005173	-0.0015352354	2.5862495e-20	1
0	-0.99979615	-0.0164559	-0.0015364673	-0.002513274	0	0	-0.99979615	-0.0164559	-0.0015364673	2.6364246e-20	1
0	-0.9997921	-0.01669943	-0.0015370836	-0.0018849556	0	0	-0.9997921	-0.01669943	-0.0015370836	2.661512e-20	1
0	-0.99978805	-0.016942251	-0.0015377005	-0.001256637	0	0	-0.99978805	-0.016942251	-0.0015377005	2.6865993e-20	1
0	-0.99978805	-0.016942251	-0.0015377005	-0.0010053096	0	0	-0.99978805	-0.016942251	-0.0015377005	2.6966342e-20	1
0	-0.99978364	-0.017192723	-0.0015383161	-0.0006283185	0	0	-0.99978364	-0.017192723	-0.0015383161	2.7116867e-20	1
0	-0.999781	-0.017344672	-0.0015386881	-0.0002513274	0	0	-0.999781	-0.017344672	-0.0015386881	2.7267385e-20	1
0	-0.999781	-0.017344672	-0.0015386881	-0.0001256637	0	0	-0.999781	-0.017344672	-0.0015386881	2.731756e-20	1
0	-0.999781	-0.017344672	-0.0015386881	-6.283185e-05	0	0	-0.999781	-0.017344672	-0.0015386881	2.7342646e-20	1
0	-0.999781	-0.017344672	-0.0015386881	-2.5132742e-05	0	0	-0.999781	-0.017344672	-0.0015386881	2.7357697e-20	1
0	-0.999781	-0.017344672	-0.0015386881	-1.2566371e-05	0	0	-0.999781	-0.017344672	-0.0015386881	2.7362715e-20	1
0	-0.999781	-0.017344672	-0.0015386881	-6.2831855e-06	0	0	-0.999781	-0.017344672	-0.0015386881	2.7365225e-20	1
0	-0.999781	-0.017344672	-0.0015386881	-2.513274e-06	0	0	-0.999781	-0.017344672	-0.0015386881	2.736673e-20	1
0	-0.999781	-0.017344672	-0.0015386881	-1.256637e-06	0	0	-0.999781	-0.017344672	-0.0015386881	2.7367232e-20	1
0	-0.999781	-0.017344672	-0.0015386881	-6.283185e-07	0	0	-0.999781	-0.017344672	-0.0015386881	2.736748e-20	1
0	-0.999781	-0.017344672	-0.0015386881	-2.513274e-07	0	0	-0.999781	-0.017344672	-0.0015386881	2.7367632e-20	1
0	-0.999781	-0.017344672	-0.0015386881	-1.256637e-07	0	0	-0.999781	-0.017344672	-0.0015386881	2.7367684e-20	1
0	-0.999781	-0.017344672	-0.0015386881	0	0	0	-0.999781	-0.017344672	-0.0015386881	2.7367733e-20	1
0	-0.999781	-0.017344672	-0.0015386881	1.256637e-07	0	0	-0.999781	-0.017344672	-0.0015386881	2.7367784e-20	1
0	-0.999781	-0.017344672	-0.0015386881	2.513274e-07	0	0	-0.999781	-0.017344672	-0.0015386881	2.7367833e-20	1
0	-0.999781	-0.017344672	-0.0015386881	6.283185e-07	0	0	-0.999781	-0.017344672	-0.0015386881	2.7367985e-20	1
0	-0.999781	-0.017344672	-0.0015386881	1.256637e-06	0	0	-0.999781	-0.017344672	-0.0015386881	2.7368233e-20	1
0	-0.999781	-0.017344672	-0.0015386881	2.513274e-06	0	0	-0.999781	-0.017344672	-0.0015386881	2.7368738e-20	1
0	-0.999781	-0.017344672	-0.0015386881	6.2831855e-06	0	0	-0.999781	-0.017344672	-0.0015386881	2.737024e-20	1
0	-0.999781	-0.017344672	-0.0015386881	1.2566371e-05	0	0	-0.999781	-0.017344672	-0.0015386881	2.737275e-20	1
0	-0.999781	-0.017344672	-0.0015386881	2.5132742e-05	0	0	-0.999781	-0.017344672	-0.0015386881	2.737777e-20	1
0	-0.9997786	-0.017479494	-0.0015389962	6.283185e-05	0	0	-0.9997786	-0.017479494	-0.0015389962	2.739282e-20	1
0	-0.9997786	-0.017479494	-0.0015389962	0.0001256637	0	0	-0.9997786	-0.017479494	-0.0015389962	2.7417906e-20	1
0	-0.9997786	-0.017479494	-0.0015389962	0.0002513274	0	0	-0.9997786	-0.017479494	-0.0015389962	2.746808e-20	1
0	-0.9997744	-0.017719459	-0.0015395515	0.0006283185	0	0	-0.9997744	-0.017719459	-0.0015395515	2.76186e-20	1
0	-0.9997716	-0.017876966	-0.0015399151	0.0010053096	0	0	-0.9997716	-0.017876966	-0.0015399151	2.7769125e-20	1
0	-0.99976945	-0.017996619	-0.0015401681	0.001256637	0	0	-0.99976945	-0.017996619	-0.0015401681	2.7869473e-20	1
0	-0.9997642	-0.018278183	-0.0015407831	0.0018849556	0	0	-0.9997642	-0.018278183	-0.0015407831	2.8120338e-20	1
0	-0.9997588	-0.018573299	-0.0015414021	0.002513274	0	0	-0.9997588	-0.018573299	-0.0015414021	2.8371203e-20	1
0	-0.99974716	-0.019182738	-0.0015426348	0.0037699111	0	0	-0.99974716	-0.019182738	-0.0015426348	2.8872933e-20	1
0	-0.99972	-0.020542279	-0.0015450986	0.0062831854	0	0	-0.99972	-0.020542279	-0.0015450986	2.9876365e-20	1
0	-0.9996767	-0.022538844	-0.0015481613	0.009424778	0	0	-0.9996767	-0.022538844	-0.0015481613	3.1130616e-20	1
0	-0.99961853	-0.024979021	-0.0015511843	0.012566371	0	0	-0.99961853	-0.024979021	-0.0015511843	3.23848e-20	1
0	-0.9994222	-0.031861752	-0.001556925	0.018849555	0	0	-0.9994222	-0.031861752	-0.001556925	3.4892876e-20	1
0	-0.99895823	-0.04405383	-0.0015612773	0.025132742	0	0	-0.99895823	-0.04405383	-0.0015612773	3.7400196e-20	1
0	0.9998919	0.009167069	0.0015026818	0.03769911	0	0	0.9998919	0.009167069	0.0015026818	1.2314433e-20	1
0	0.9999034	0.007916012	0.0014909989	0.050265484	0	0	0.9999034	0.007916012	0.0014909989	7.296445e-21	1
0	0.9999112	0.0069633834	0.0014795326	0.06283186	0	0	0.9999112	0.0069633834	0.0014795326	2.2784007e-21	1
