# t (s)	mx ()	my ()	mz ()	B_extx (T)	B_exty (T)	B_extz (T)	mx ()	my ()	mz ()	E_total (J)	branch ()
0	0.035569474	0.99926984	-0.007954661	0	0.06283186	0	0.035569474	0.99926984	-0.007954661	3.822955e-21	-1
0	0.042586245	0.9989939	-0.008028356	0	0.050265484	0	0.042586245	0.9989939	-0.008028356	8.837166e-21	-1
0	0.052966	0.9984956	-0.008103378	0	0.03769911	0	0.052966	0.9984956	-0.008103378	1.3849511e-20	-1
0	0.0697431	0.99746203	-0.008173615	0	0.025132742	0	0.0697431	0.99746203	-0.008173615	1.8858219e-20	-1
0	0.08260829	0.9964777	-0.008199779	0	0.018849555	0	0.08260829	0.9964777	-0.008199779	2.135997e-20	-1
0	0.10086825	0.9947936	-0.0082072485	0	0.012566371	0	0.10086825	0.9947936	-0.0082072485	2.385847e-20	-1
0	0.113097906	0.9934764	-0.008196143	0	0.009424778	0	0.113097906	0.9934764	-0.008196143	2.5105785e-20	-1
0	0.12837943	0.99161613	-0.008166265	0	0.0062831854	0	0.12837943	0.99161613	-0.008166265	2.6351126e-20	-1
0	0.1435824	0.98952794	-0.008120274	0	0.0037699111	0	0.1435824	0.98952794	-0.008120274	2.734542e-20	-1
0	0.15250137	0.98819184	-0.008086117	0	0.002513274	0	0.15250137	0.98819184	-0.008086117	2.7841684e-20	-1
0	0.15731569	0.9874364	-0.008065569	0	0.0018849556	0	0.15731569	0.9874364	-0.008065569	2.8089554e-20	-1
0	0.16236982	0.98661757	-0.008042464	0	0.001256637	0	0.16236982	0.98661757	-0.008042464	2.833723e-20	-1
0	0.16236982	0.98661757	-0.008042464	0	0.0010053096	0	0.16236982	0.98661757	-0.008042464	2.8436256e-20	-1
0	0.16779926	0.9857081	-0.008015808	0	0.0006283185	0	0.16779926	0.9857081	-0.008015808	2.858468e-20	-1
0	0.17119956	0.9851229	-0.007998201	0	0.0002513274	0	0.17119956	0.9851229	-0.007998201	2.873304e-20	-1
0	0.17119956	0.9851229	-0.007998201	0	0.0001256637	0	0.17119956	0.9851229	-0.007998201	2.878248e-20	-1
0	0.17119956	0.9851229	-0.007998201	0	6.283185e-05	0	0.17119956	0.9851229	-0.007998201	2.8807198e-20	-1
0	0.17119956	0.9851229	-0.007998201	0	2.5132742e-05	0	0.17119956	0.9851229	-0.007998201	2.882203e-20	-1
0	0.17119956	0.9851229	-0.007998201	0	1.2566371e-05	0	0.17119956	0.9851229	-0.007998201	2.8826973e-20	-1
0	0.17119956	0.9851229	-0.007998201	0	6.2831855e-06	0	0.17119956	0.9851229	-0.007998201	2.8829445e-20	-1
0	0.17119956	0.9851229	-0.007998201	0	2.513274e-06	0	0.17119956	0.9851229	-0.007998201	2.8830928e-20	-1
0	0.17119956	0.9851229	-0.007998201	0	1.256637e-06	0	0.17119956	0.9851229	-0.007998201	2.8831422e-20	-1
0	0.17119956	0.9851229	-0.007998201	0	6.283185e-07	0	0.17119956	0.9851229	-0.007998201	2.883167e-20	-1
0	0.17119956	0.9851229	-0.007998201	0	2.513274e-07	0	0.17119956	0.9851229	-0.007998201	2.883182e-20	-1
0	0.17119956	0.9851229	-0.007998201	0	1.256637e-07	0	0.17119956	0.9851229	-0.007998201	2.8831868e-20	-1
0	0.17119956	0.9851229	-0.007998201	0	0	0	0.17119956	0.9851229	-0.007998201	2.8831917e-20	-1
0	0.17119956	0.9851229	-0.007998201	0	-1.256637e-07	0	0.17119956	0.9851229	-0.007998201	2.8831968e-20	-1
0	0.17119956	0.9851229	-0.007998201	0	-2.513274e-07	0	0.17119956	0.9851229	-0.007998201	2.8832017e-20	-1
0	0.17119956	0.9851229	-0.007998201	0	-6.283185e-07	0	0.17119956	0.9851229	-0.007998201	2.8832165e-20	-1
0	0.17119956	0.9851229	-0.007998201	0	-1.256637e-06	0	0.17119956	0.9851229	-0.007998201	2.883241e-20	-1
0	0.17119956	0.9851229	-0.007998201	0	-2.513274e-06	0	0.17119956	0.9851229	-0.007998201	2.8832905e-20	-1
0	0.17119956	0.9851229	-0.007998201	0	-6.2831855e-06	0	0.17119956	0.9851229	-0.007998201	2.883439e-20	-1
0	0.17119956	0.9851229	-0.007998201	0	-1.2566371e-05	0	0.17119956	0.9851229	-0.007998201	2.883686e-20	-1
0	0.17119956	0.9851229	-0.007998201	0	-2.5132742e-05	0	0.17119956	0.9851229	-0.007998201	2.8841804e-20	-1
0	0.17417437	0.984601	-0.007982185	0	-6.283185e-05	0	0.17417437	0.984601	-0.007982185	2.8856603e-20	-1
0	0.17417437	0.984601	-0.007982185	0	-0.0001256637	0	0.17417437	0.984601	-0.007982185	2.8881308e-20	-1
0	0.17417437	0.984601	-0.007982185	0	-0.0002513274	0	0.17417437	0.984601	-0.007982185	2.8930723e-20	-1
0	0.1796166	0.9836223	-0.007951593	0	-0.0006283185	0	0.1796166	0.9836223	-0.007951593	2.907885e-20	-1
0	0.1834841	0.9829079	-0.007928731	0	-0.0010053096	0	0.1834841	0.9829079	-0.007928731	2.922689e-20	-1
0	0.1834841	0.9829079	-0.007928731	0	-0.001256637	0	0.1834841	0.9829079	-0.007928731	2.9325543e-20	-1
0	0.1930848	0.9810662	-0.007868161	0	-0.0018849556	0	0.1930848	0.9810662	-0.007868161	2.957186e-20	-1
0	0.2004951	0.979578	-0.00781773	0	-0.002513274	0	0.2004951	0.979578	-0.00781773	2.9817848e-20	-1
0	0.21702793	0.9760467	-0.007693822	0	-0.0037699111	0	0.21702793	0.9760467	-0.007693822	3.03086e-20	-1
0	0.25915682	0.965711	-0.0073096296	0	-0.0062831854	0	0.25915682	0.965711	-0.0073096296	3.1283522e-20	-1
0	0.34621328	0.93801785	-0.0062282654	0	-0.009424778	0	0.34621328	0.93801785	-0.0062282654	3.248068e-20	-1
0	-0.10085859	-0.9947945	0.008207273	0	-0.012566371	0	-0.10085859	-0.9947945	0.008207273	2.385847e-20	-1
0	-0.08261499	-0.9964772	0.008199775	0	-0.018849555	0	-0.08261499	-0.9964772	0.008199775	2.1359968e-20	-1
0	-0.06974673	-0.99746186	0.0081736185	0	-0.025132742	0	-0.06974673	-0.99746186	0.0081736185	1.885822e-20	-1
0	-0.05296821	-0.9984955	0.00810338	0	-0.03769911	0	-0.05296821	-0.9984955	0.00810338	1.3849504e-20	-1
0	-0.04259272	-0.99899364	0.008028371	0	-0.050265484	0	-0.04259272	-0.99899364	0.008028371	8.837169e-21	-1
0	-0.035574615	-0.9992697	0.007954672	0	-0.06283186	0	-0.035574615	-0.9992697	0.007954672	3.8229554e-21	-1
0	-0.035574615	-0.9992697	0.007954672	0	-0.06283186	0	-0.035574615	-0.9992697	0.007954672	3.8229554e-21	1
0	-0.0425891	-0.99899375	0.008028361	0	-0.050265484	0	-0.0425891	-0.99899375	0.008028361	8.8371695e-21	1
0	-0.052968666	-0.99849546	0.008103383	0	-0.03769911	0	-0.052968666	-0.99849546	0.008103383	1.3849504e-20	1
0	-0.06972942	-0.997463	0.008173621	0	-0.025132742	0	-0.06972942	-0.997463	0.008173621	1.8858217e-20	1
0	-0.08260545	-0.99647796	0.008199786	0	-0.018849555	0	-0.08260545	-0.99647796	0.008199786	2.1359963e-20	1
0	-0.1008589	-0.9947945	0.008207262	0	-0.012566371	0	-0.1008589	-0.9947945	0.008207262	2.3858472e-20	1
0	-0.11310117	-0.99347603	0.008196133	0	-0.009424778	0	-0.11310117	-0.99347603	0.008196133	2.5105783e-20	1
0	-0.12838298	-0.9916157	0.008166259	0	-0.0062831854	0	-0.12838298	-0.9916157	0.008166259	2.635113e-20	1
0	-0.14359099	-0.9895266	0.008120257	0	-0.0037699111	0	-0.14359099	-0.9895266	0.008120257	2.7345418e-20	1
0	-0.15246639	-0.9881972	0.008086288	0	-0.002513274	0	-0.15246639	-0.9881972	0.008086288	2.7841688e-20	1
0	-0.15731223	-0.987437	0.008065594	0	-0.0018849556	0	-0.15731223	-0.987437	0.008065594	2.8089558e-20	1
0	-0.1624216	-0.986609	0.00804217	0	-0.001256637	0	-0.1624216	-0.986609	0.00804217	2.8337227e-20	1
0	-0.1624216	-0.986609	0.00804217	0	-0.0010053096	0	-0.1624216	-0.986609	0.00804217	2.8436253e-20	1
0	-0.16779983	-0.985708	0.008015804	0	-0.0006283185	0	-0.16779983	-0.985708	0.008015804	2.858468e-20	1
0	-0.1711981	-0.98512316	0.007998208	0	-0.0002513274	0	-0.1711981	-0.98512316	0.007998208	2.873304e-20	1
0	-0.1711981	-0.98512316	0.007998208	0	-0.0001256637	0	-0.1711981	-0.98512316	0.007998208	2.878248e-20	1
0	-0.1711981	-0.98512316	0.007998208	0	-6.283185e-05	0	-0.1711981	-0.98512316	0.007998208	2.8807198e-20	1
0	-0.1711981	-0.98512316	0.007998208	0	-2.5132742e-05	0	-0.1711981	-0.98512316	0.007998208	2.882203e-20	1
0	-0.1711981	-0.98512316	0.007998208	0	-1.2566371e-05	0	-0.1711981	-0.98512316	0.007998208	2.8826973e-20	1
0	-0.1711981	-0.98512316	0.007998208	0	-6.2831855e-06	0	-0.1711981	-0.98512316	0.007998208	2.8829445e-20	1
0	-0.1711981	-0.98512316	0.007998208	0	-2.513274e-06	0	-0.1711981	-0.98512316	0.007998208	2.8830928e-20	1
0	-0.1711981	-0.98512316	0.007998208	0	-1.256637e-06	0	-0.1711981	-0.98512316	0.007998208	2.8831422e-20	1
0	-0.1711981	-0.98512316	0.007998208	0	-6.283185e-07	0	-0.1711981	-0.98512316	0.007998208	2.883167e-20	1
0	-0.1711981	-0.98512316	0.007998208	0	-2.513274e-07	0	-0.1711981	-0.98512316	0.007998208	2.8831816e-20	1
0	-0.1711981	-0.98512316	0.007998208	0	-1.256637e-07	0	-0.1711981	-0.98512316	0.007998208	2.8831868e-20	1
0	-0.1711981	-0.98512316	0.007998208	0	0	0	-0.1711981	-0.98512316	0.007998208	2.8831917e-20	1
0	-0.1711981	-0.98512316	0.007998208	0	1.256637e-07	0	-0.1711981	-0.98512316	0.007998208	2.8831965e-20	1
0	-0.1711981	-0.98512316	0.007998208	0	2.513274e-07	0	-0.1711981	-0.98512316	0.007998208	2.8832017e-20	1
0	-0.1711981	-0.98512316	0.007998208	0	6.283185e-07	0	-0.1711981	-0.98512316	0.007998208	2.8832165e-20	1
0	-0.1711981	-0.98512316	0.007998208	0	1.256637e-06	0	-0.1711981	-0.98512316	0.007998208	2.883241e-20	1
0	-0.1711981	-0.98512316	0.007998208	0	2.513274e-06	0	-0.1711981	-0.98512316	0.007998208	2.8832905e-20	1
0	-0.1711981	-0.98512316	0.007998208	0	6.2831855e-06	0	-0.1711981	-0.98512316	0.007998208	2.883439e-20	1
0	-0.1711981	-0.98512316	0.007998208	0	1.2566371e-05	0	-0.1711981	-0.98512316	0.007998208	2.883686e-20	1
0	-0.1737765	-0.9846715	0.007984379	0	2.5132742e-05	0	-0.1737765	-0.9846715	0.007984379	2.8841785e-20	1
0	-0.1737765	-0.9846715	0.007984379	0	6.283185e-05	0	-0.1737765	-0.9846715	0.007984379	2.885661e-20	1
0	-0.1737765	-0.9846715	0.007984379	0	0.0001256637	0	-0.1737765	-0.9846715	0.007984379	2.8881318e-20	1
0	-0.1737765	-0.9846715	0.007984379	0	0.0002513274	0	-0.1737765	-0.9846715	0.007984379	2.8930732e-20	1
0	-0.17963985	-0.98361814	0.007951445	0	0.0006283185	0	-0.17963985	-0.98361814	0.007951445	2.9078853e-20	1
0	-0.18348253	-0.98290825	0.00792874	0	0.0010053096	0	-0.18348253	-0.98290825	0.00792874	2.9226886e-20	1
0	-0.18348253	-0.98290825	0.00792874	0	0.001256637	0	-0.18348253	-0.98290825	0.00792874	2.932554e-20	1
0	-0.19305807	-0.9810715	0.007868351	0	0.0018849556	0	-0.19305807	-0.9810715	0.007868351	2.9571862e-20	1
0	-0.20048268	-0.9795805	0.007817823	0	0.002513274	0	-0.20048268	-0.9795805	0.007817823	2.981785e-20	1
0	-0.21706983	-0.9760373	0.007693475	0	0.0037699111	0	-0.21706983	-0.9760373	0.007693475	3.03086e-20	1
0	-0.2591288	-0.9657185	0.007309923	0	0.0062831854	0	-0.2591288	-0.9657185	0.007309923	3.128352e-20	1
0	-0.34618723	-0.9380275	0.0062286463	0	0.009424778	0	-0.34618723	-0.9380275	0.0062286463	3.2480678e-20	1
0	0.10087216	0.9947932	-0.008207243	0	0.012566371	0	0.10087216	0.9947932	-0.008207243	2.3858474e-20	1
0	0.08261091	0.99647754	-0.008199777	0	0.018849555	0	0.08261091	0.99647754	-0.008199777	2.1359968e-20	1
0	0.069754824	0.99746126	-0.008173617	0	0.025132742	0	0.069754824	0.99746126	-0.008173617	1.8858217e-20	1
0	0.052969184	0.99849546	-0.00810338	0	0.03769911	0	0.052969184	0.99849546	-0.00810338	1.3849508e-20	1
0	0.04259126	0.99899364	-0.00802836	0	0.050265484	0	0.04259126	0.99899364	-0.00802836	8.837162e-21	1
0	0.03557399	0.9992697	-0.007954669	0	0.06283186	0	0.03557399	0.9992697	-0.007954669	3.8229594e-21	1
