# t (s)	mx ()	my ()	mz ()	B_extx (T)	B_exty (T)	B_extz (T)	mx ()	my ()	mz ()	E_total (J)	branch ()
0	0.9985871	0.05176658	0.0038366062	0.06283186	0	0	0.9985871	0.05176658	0.0038366062	2.5129375e-21	-1
0	0.99817705	0.05912759	0.0038772994	0.050265484	0	0	0.99817705	0.05912759	0.0038772994	7.523391e-21	-1
0	0.99755013	0.06888041	0.003920283	0.03769911	0	0	0.99755013	0.06888041	0.003920283	1.2531295e-20	-1
0	0.99652386	0.08238646	0.0039651687	0.025132742	0	0	0.99652386	0.08238646	0.0039651687	1.7535156e-20	-1
0	0.9957473	0.0912826	0.003987736	0.018849555	0	0	0.9957473	0.0912826	0.003987736	2.0034764e-20	-1
0	0.9946773	0.10227392	0.0040095095	0.012566371	0	0	0.9946773	0.10227392	0.0040095095	2.2532075e-20	-1
0	0.9939847	0.1087925	0.0040196395	0.009424778	0	0	0.9939847	0.1087925	0.0040196395	2.3779604e-20	-1
0	0.9931479	0.11617622	0.004028859	0.0062831854	0	0	0.9931479	0.11617622	0.004028859	2.5026173e-20	-1
0	0.99234545	0.122835524	0.004035257	0.0037699111	0	0	0.99234545	0.122835524	0.004035257	2.602261e-20	-1
0	0.9918909	0.12645003	0.0040380117	0.002513274	0	0	0.9918909	0.12645003	0.0040380117	2.6520504e-20	-1
0	0.9916483	0.12833697	0.004039255	0.0018849556	0	0	0.9916483	0.12833697	0.004039255	2.6769361e-20	-1
0	0.9913945	0.13028127	0.0040403986	0.001256637	0	0	0.9913945	0.13028127	0.0040403986	2.701816e-20	-1
0	0.9913945	0.13028127	0.0040403986	0.0010053096	0	0	0.9913945	0.13028127	0.0040403986	2.7117666e-20	-1
0	0.99112946	0.13228089	0.0040414343	0.0006283185	0	0	0.99112946	0.13228089	0.0040414343	2.7266894e-20	-1
0	0.9909643	0.13351092	0.0040419986	0.0002513274	0	0	0.9909643	0.13351092	0.0040419986	2.74161e-20	-1
0	0.9909643	0.13351092	0.0040419986	0.0001256637	0	0	0.9909643	0.13351092	0.0040419986	2.746583e-20	-1
0	0.9909643	0.13351092	0.0040419986	6.283185e-05	0	0	0.9909643	0.13351092	0.0040419986	2.7490695e-20	-1
0	0.9909643	0.13351092	0.0040419986	2.5132742e-05	0	0	0.9909643	0.13351092	0.0040419986	2.7505617e-20	-1
0	0.9909643	0.13351092	0.0040419986	1.2566371e-05	0	0	0.9909643	0.13351092	0.0040419986	2.751059e-20	-1
0	0.9909643	0.13351092	0.0040419986	6.2831855e-06	0	0	0.9909643	0.13351092	0.0040419986	2.7513074e-20	-1
0	0.9909643	0.13351092	0.0040419986	2.513274e-06	0	0	0.9909643	0.13351092	0.0040419986	2.7514567e-20	-1
0	0.9909643	0.13351092	0.0040419986	1.256637e-06	0	0	0.9909643	0.13351092	0.0040419986	2.7515064e-20	-1
0	0.9909643	0.13351092	0.0040419986	6.283185e-07	0	0	0.9909643	0.13351092	0.0040419986	2.7515313e-20	-1
0	0.9909643	0.13351092	0.0040419986	2.513274e-07	0	0	0.9909643	0.13351092	0.0040419986	2.7515462e-20	-1
0	0.9909643	0.13351092	0.0040419986	1.256637e-07	0	0	0.9909643	0.13351092	0.0040419986	2.7515514e-20	-1
0	0.9909643	0.13351092	0.0040419986	0	0	0	0.9909643	0.13351092	0.0040419986	2.7515562e-20	-1
0	0.9909643	0.13351092	0.0040419986	-1.256637e-07	0	0	0.9909643	0.13351092	0.0040419986	2.751561e-20	-1
0	0.9909643	0.13351092	0.0040419986	-2.513274e-07	0	0	0.9909643	0.13351092	0.0040419986	2.7515662e-20	-1
0	0.9909643	0.13351092	0.0040419986	-6.283185e-07	0	0	0.9909643	0.13351092	0.0040419986	2.751581e-20	-1
0	0.9909643	0.13351092	0.0040419986	-1.256637e-06	0	0	0.9909643	0.13351092	0.0040419986	2.751606e-20	-1
0	0.9909643	0.13351092	0.0040419986	-2.513274e-06	0	0	0.9909643	0.13351092	0.0040419986	2.7516557e-20	-1
0	0.9909643	0.13351092	0.0040419986	-6.2831855e-06	0	0	0.9909643	0.13351092	0.0040419986	2.751805e-20	-1
0	0.9909643	0.13351092	0.0040419986	-1.2566371e-05	0	0	0.9909643	0.13351092	0.0040419986	2.7520535e-20	-1
0	0.9909643	0.13351092	0.0040419986	-2.5132742e-05	0	0	0.9909643	0.13351092	0.0040419986	2.7525508e-20	-1
0	0.99082315	0.13455379	0.0040424345	-6.283185e-05	0	0	0.99082315	0.13455379	0.0040424345	2.7540423e-20	-1
0	0.99082315	0.13455379	0.0040424345	-0.0001256637	0	0	0.99082315	0.13455379	0.0040424345	2.7565283e-20	-1
0	0.99082315	0.13455379	0.0040424345	-0.0002513274	0	0	0.99082315	0.13455379	0.0040424345	2.7615008e-20	-1
0	0.990561	0.13646854	0.0040431377	-0.0006283185	0	0	0.990561	0.13646854	0.0040431377	2.7764152e-20	-1
0	0.99037874	0.13778383	0.004043541	-0.0010053096	0	0	0.99037874	0.13778383	0.004043541	2.791327e-20	-1
0	0.99037874	0.13778383	0.004043541	-0.001256637	0	0	0.99037874	0.13778383	0.004043541	2.8012675e-20	-1
0	0.98993564	0.14092964	0.0040442767	-0.0018849556	0	0	0.98993564	0.14092964	0.0040442767	2.826111e-20	-1
0	0.98959917	0.14327124	0.004044602	-0.002513274	0	0	0.98959917	0.14327124	0.004044602	2.8509468e-20	-1
0	0.9888749	0.14818367	0.004044693	-0.0037699111	0	0	0.9888749	0.14818367	0.004044693	2.9005922e-20	-1
0	0.9871738	0.15911362	0.004042065	-0.0062831854	0	0	0.9871738	0.15911362	0.004042065	2.9997634e-20	-1
0	0.98442876	0.1752854	0.0040313452	-0.009424778	0	0	0.98442876	0.1752854	0.0040313452	3.1234527e-20	-1
0	0.9806552	0.1952813	0.004007349	-0.012566371	0	0	0.9806552	0.1952813	0.004007349	3.246738e-20	-1
0	0.96650064	0.256275	0.0038657149	-0.018849555	0	0	0.96650064	0.256275	0.0038657149	3.491305e-20	-1
0	-0.9965235	-0.08239176	-0.003965174	-0.025132742	0	0	-0.9965235	-0.08239176	-0.003965174	1.753516e-20	-1
0	-0.99755013	-0.06888102	-0.003920283	-0.03769911	0	0	-0.99755013	-0.06888102	-0.003920283	1.2531296e-20	-1
0	-0.99817693	-0.059130467	-0.0038773033	-0.050265484	0	0	-0.99817693	-0.059130467	-0.0038773033	7.5233935e-21	-1
0	-0.99858695	-0.051769637	-0.0038366108	-0.06283186	0	0	-0.99858695	-0.051769637	-0.0038366108	2.512938e-21	-1
0	-0.99858695	-0.051769637	-0.0038366108	-0.06283186	0	0	-0.99858695	-0.051769637	-0.0038366108	2.512938e-21	1
0	-0.9981772	-0.05912646	-0.003877297	-0.050265484	0	0	-0.9981772	-0.05912646	-0.003877297	7.523392e-21	1
0	-0.99755037	-0.06887793	-0.0039202794	-0.03769911	0	0	-0.99755037	-0.06887793	-0.0039202794	1.2531295e-20	1
0	-0.9965241	-0.082383685	-0.0039651645	-0.025132742	0	0	-0.9965241	-0.082383685	-0.0039651645	1.753516e-20	1
0	-0.9957471	-0.09128548	-0.0039877445	-0.018849555	0	0	-0.9957471	-0.09128548	-0.0039877445	2.0034764e-20	1
0	-0.9946769	-0.10227756	-0.0040095137	-0.012566371	0	0	-0.9946769	-0.10227756	-0.0040095137	2.2532077e-20	1
0	-0.99398434	-0.10879558	-0.004019643	-0.009424778	0	0	-0.99398434	-0.10879558	-0.004019643	2.3779602e-20	1
0	-0.9931483	-0.11617212	-0.0040288595	-0.0062831854	0	0	-0.9931483	-0.11617212	-0.0040288595	2.5026172e-20	1
0	-0.992347	-0.12282303	-0.0040352577	-0.0037699111	0	0	-0.992347	-0.12282303	-0.0040352577	2.6022606e-20	1
0	-0.9918908	-0.12645122	-0.0040380126	-0.002513274	0	0	-0.9918908	-0.12645122	-0.0040380126	2.6520506e-20	1
0	-0.9916481	-0.12833911	-0.004039255	-0.0018849556	0	0	-0.9916481	-0.12833911	-0.004039255	2.6769361e-20	1
0	-0.99139506	-0.13027737	-0.0040404107	-0.001256637	0	0	-0.99139506	-0.13027737	-0.0040404107	2.7018162e-20	1
0	-0.99139506	-0.13027737	-0.0040404107	-0.0010053096	0	0	-0.99139506	-0.13027737	-0.0040404107	2.711767e-20	1
0	-0.99113035	-0.13227424	-0.0040414357	-0.0006283185	0	0	-0.99113035	-0.13227424	-0.0040414357	2.7266894e-20	1
0	-0.99096435	-0.1335111	-0.004041998	-0.0002513274	0	0	-0.99096435	-0.1335111	-0.004041998	2.74161e-20	1
0	-0.99096435	-0.1335111	-0.004041998	-0.0001256637	0	0	-0.99096435	-0.1335111	-0.004041998	2.7465834e-20	1
0	-0.99096435	-0.1335111	-0.004041998	-6.283185e-05	0	0	-0.99096435	-0.1335111	-0.004041998	2.7490698e-20	1
0	-0.99096435	-0.1335111	-0.004041998	-2.5132742e-05	0	0	-0.99096435	-0.1335111	-0.004041998	2.7505617e-20	1
0	-0.99096435	-0.1335111	-0.004041998	-1.2566371e-05	0	0	-0.99096435	-0.1335111	-0.004041998	2.7510593e-20	1
0	-0.99096435	-0.1335111	-0.004041998	-6.2831855e-06	0	0	-0.99096435	-0.1335111	-0.004041998	2.7513077e-20	1
0	-0.99096435	-0.1335111	-0.004041998	-2.513274e-06	0	0	-0.99096435	-0.1335111	-0.004041998	2.751457e-20	1
0	-0.99096435	-0.1335111	-0.004041998	-1.256637e-06	0	0	-0.99096435	-0.1335111	-0.004041998	2.7515068e-20	1
0	-0.99096435	-0.1335111	-0.004041998	-6.283185e-07	0	0	-0.99096435	-0.1335111	-0.004041998	2.7515317e-20	1
0	-0.99096435	-0.1335111	-0.004041998	-2.513274e-07	0	0	-0.99096435	-0.1335111	-0.004041998	2.7515465e-20	1
0	-0.99096435	-0.1335111	-0.004041998	-1.256637e-07	0	0	-0.99096435	-0.1335111	-0.004041998	2.7515514e-20	1
0	-0.99096435	-0.1335111	-0.004041998	0	0	0	-0.99096435	-0.1335111	-0.004041998	2.7515565e-20	1
0	-0.99096435	-0.1335111	-0.004041998	1.256637e-07	0	0	-0.99096435	-0.1335111	-0.004041998	2.7515614e-20	1
0	-0.99096435	-0.1335111	-0.004041998	2.513274e-07	0	0	-0.99096435	-0.1335111	-0.004041998	2.7515662e-20	1
0	-0.99096435	-0.1335111	-0.004041998	6.283185e-07	0	0	-0.99096435	-0.1335111	-0.004041998	2.7515814e-20	1
0	-0.99096435	-0.1335111	-0.004041998	1.256637e-06	0	0	-0.99096435	-0.1335111	-0.004041998	2.7516063e-20	1
0	-0.99096435	-0.1335111	-0.004041998	2.513274e-06	0	0	-0.99096435	-0.1335111	-0.004041998	2.751656e-20	1
0	-0.99096435	-0.1335111	-0.004041998	6.2831855e-06	0	0	-0.99096435	-0.1335111	-0.004041998	2.751805e-20	1
0	-0.99096435	-0.1335111	-0.004041998	1.2566371e-05	0	0	-0.99096435	-0.1335111	-0.004041998	2.7520538e-20	1
0	-0.99096435	-0.1335111	-0.004041998	2.5132742e-05	0	0	-0.99096435	-0.1335111	-0.004041998	2.752551e-20	1
0	-0.9908234	-0.13455239	-0.0040424354	6.283185e-05	0	0	-0.9908234	-0.13455239	-0.0040424354	2.754042e-20	1
0	-0.9908234	-0.13455239	-0.0040424354	0.0001256637	0	0	-0.9908234	-0.13455239	-0.0040424354	2.7565283e-20	1
0	-0.9908234	-0.13455239	-0.0040424354	0.0002513274	0	0	-0.9908234	-0.13455239	-0.0040424354	2.7615008e-20	1
0	-0.99056107	-0.13646844	-0.0040431367	0.0006283185	0	0	-0.99056107	-0.13646844	-0.0040431367	2.7764152e-20	1
0	-0.9903803	-0.13777283	-0.0040435456	0.0010053096	0	0	-0.9903803	-0.13777283	-0.0040435456	2.7913268e-20	1
0	-0.9903803	-0.13777283	-0.0040435456	0.001256637	0	0	-0.9903803	-0.13777283	-0.0040435456	2.8012675e-20	1
0	-0.9899354	-0.14093128	-0.0040442767	0.0018849556	0	0	-0.9899354	-0.14093128	-0.0040442767	2.826111e-20	1
0	-0.98959935	-0.14327016	-0.0040446036	0.002513274	0	0	-0.98959935	-0.14327016	-0.0040446036	2.8509468e-20	1
0	-0.98887455	-0.14818591	-0.004044692	0.0037699111	0	0	-0.98887455	-0.14818591	-0.004044692	2.9005922e-20	1
0	-0.9871748	-0.1591072	-0.0040420704	0.0062831854	0	0	-0.9871748	-0.1591072	-0.0040420704	2.9997627e-20	1
0	-0.98442924	-0.17528242	-0.00403135	0.009424778	0	0	-0.98442924	-0.17528242	-0.00403135	3.1234527e-20	1
0	-0.98065567	-0.1952787	-0.004007353	0.012566371	0	0	-0.98065567	-0.1952787	-0.004007353	3.2467382e-20	1
0	-0.9664951	-0.2562958	-0.0038656453	0.018849555	0	0	-0.9664951	-0.2562958	-0.0038656453	3.491305e-20	1
0	0.996524	0.08238631	0.003965174	0.025132742	0	0	0.996524	0.08238631	0.003965174	1.7535161e-20	1
0	0.9975498	0.0688864	0.003920289	0.03769911	0	0	0.9975498	0.0688864	0.003920289	1.25313e-20	1
0	0.99817705	0.059128124	0.0038772998	0.050265484	0	0	0.99817705	0.059128124	0.0038772998	7.52339e-21	1
0	0.998587	0.051768117	0.0038366013	0.06283186	0	0	0.998587	0.051768117	0.0038366013	2.5129377e-21	1
