# t (s)	mx ()	my ()	mz ()	B_extx (T)	B_exty (T)	B_extz (T)	mx ()	my ()	mz ()	E_total (J)	branch ()
0	0.99891055	0.04526718	0.00024100492	0.06283186	0	0	0.99891055	0.04526718	0.00024100492	2.3082073e-21	-1
0	0.9986105	0.051446743	0.00024335919	0.050265484	0	0	0.9986105	0.051446743	0.00024335919	7.3205436e-21	-1
0	0.99815893	0.05955083	0.00024581436	0.03769911	0	0	0.99815893	0.05955083	0.00024581436	1.2331023e-20	-1
0	0.9974342	0.07063936	0.00024836374	0.025132742	0	0	0.9974342	0.07063936	0.00024836374	1.7338622e-20	-1
0	0.99689555	0.077862576	0.0002496515	0.018849555	0	0	0.99689555	0.077862576	0.0002496515	1.9840795e-20	-1
0	0.99616534	0.08669543	0.00025090997	0.012566371	0	0	0.99616534	0.08669543	0.00025090997	2.234139e-20	-1
0	0.99569833	0.09189768	0.0002515137	0.009424778	0	0	0.99569833	0.09189768	0.0002515137	2.3590918e-20	-1
0	0.99513996	0.097752735	0.00025208524	0.0062831854	0	0	0.99513996	0.097752735	0.00025208524	2.483981e-20	-1
0	0.99461055	0.10299444	0.00025250757	0.0037699111	0	0	0.99461055	0.10299444	0.00025250757	2.5838371e-20	-1
0	0.99431443	0.10581239	0.0002527032	0.002513274	0	0	0.99431443	0.10581239	0.0002527032	2.6337444e-20	-1
0	0.99415517	0.107296884	0.0002527964	0.0018849556	0	0	0.99415517	0.107296884	0.0002527964	2.6586924e-20	-1
0	0.993989	0.10882388	0.00025288586	0.001256637	0	0	0.993989	0.10882388	0.00025288586	2.6836363e-20	-1
0	0.9939213	0.10943954	0.00025291461	0.0010053096	0	0	0.9939213	0.10943954	0.00025291461	2.6936127e-20	-1
0	0.9938172	0.1103802	0.00025297172	0.0006283185	0	0	0.9938172	0.1103802	0.00025297172	2.708576e-20	-1
0	0.9937104	0.111337006	0.00025302128	0.0002513274	0	0	0.9937104	0.111337006	0.00025302128	2.7235377e-20	-1
0	0.99367464	0.111655526	0.0002530375	0.0001256637	0	0	0.99367464	0.111655526	0.0002530375	2.7285244e-20	-1
0	0.9936554	0.11182621	0.00025304535	6.283185e-05	0	0	0.9936554	0.11182621	0.00025304535	2.7310176e-20	-1
0	0.9936554	0.11182621	0.00025304535	2.5132742e-05	0	0	0.9936554	0.11182621	0.00025304535	2.7325136e-20	-1
0	0.9936554	0.11182621	0.00025304535	1.2566371e-05	0	0	0.9936554	0.11182621	0.00025304535	2.7330122e-20	-1
0	0.9936554	0.11182621	0.00025304535	6.2831855e-06	0	0	0.9936554	0.11182621	0.00025304535	2.7332616e-20	-1
0	0.9936554	0.11182621	0.00025304535	2.513274e-06	0	0	0.9936554	0.11182621	0.00025304535	2.7334112e-20	-1
0	0.9936554	0.11182621	0.00025304535	1.256637e-06	0	0	0.9936554	0.11182621	0.00025304535	2.733461e-20	-1
0	0.9936554	0.11182621	0.00025304535	6.283185e-07	0	0	0.9936554	0.11182621	0.00025304535	2.733486e-20	-1
0	0.9936554	0.11182621	0.00025304535	2.513274e-07	0	0	0.9936554	0.11182621	0.00025304535	2.733501e-20	-1
0	0.9936554	0.11182621	0.00025304535	1.256637e-07	0	0	0.9936554	0.11182621	0.00025304535	2.733506e-20	-1
0	0.9936554	0.11182621	0.00025304535	0	0	0	0.9936554	0.11182621	0.00025304535	2.7335107e-20	-1
0	0.9936554	0.11182621	0.00025304535	-1.256637e-07	0	0	0.9936554	0.11182621	0.00025304535	2.733516e-20	-1
0	0.9936554	0.11182621	0.00025304535	-2.513274e-07	0	0	0.9936554	0.11182621	0.00025304535	2.7335208e-20	-1
0	0.9936554	0.11182621	0.00025304535	-6.283185e-07	0	0	0.9936554	0.11182621	0.00025304535	2.733536e-20	-1
0	0.9936554	0.11182621	0.00025304535	-1.256637e-06	0	0	0.9936554	0.11182621	0.00025304535	2.7335608e-20	-1
0	0.9936554	0.11182621	0.00025304535	-2.513274e-06	0	0	0.9936554	0.11182621	0.00025304535	2.7336106e-20	-1
0	0.9936554	0.11182621	0.00025304535	-6.2831855e-06	0	0	0.9936554	0.11182621	0.00025304535	2.7337602e-20	-1
0	0.9936554	0.11182621	0.00025304535	-1.2566371e-05	0	0	0.9936554	0.11182621	0.00025304535	2.7340096e-20	-1
0	0.9936554	0.11182621	0.00025304535	-2.5132742e-05	0	0	0.9936554	0.11182621	0.00025304535	2.7345082e-20	-1
0	0.9936554	0.11182621	0.00025304535	-6.283185e-05	0	0	0.9936554	0.11182621	0.00025304535	2.7360042e-20	-1
0	0.9936554	0.11182621	0.00025304535	-0.0001256637	0	0	0.9936554	0.11182621	0.00025304535	2.7384974e-20	-1
0	0.99356294	0.11264421	0.00025308353	-0.0002513274	0	0	0.99356294	0.11264421	0.00025308353	2.7434838e-20	-1
0	0.9934498	0.113636725	0.0002531305	-0.0006283185	0	0	0.9934498	0.113636725	0.0002531305	2.7584415e-20	-1
0	0.99333274	0.114654794	0.0002531751	-0.0010053096	0	0	0.99333274	0.114654794	0.0002531751	2.7733977e-20	-1
0	0.99333274	0.114654794	0.0002531751	-0.001256637	0	0	0.99333274	0.114654794	0.0002531751	2.7833678e-20	-1
0	0.9930481	0.117091864	0.00025327038	-0.0018849556	0	0	0.9930481	0.117091864	0.00025327038	2.8082876e-20	-1
0	0.9928333	0.11889754	0.00025333127	-0.002513274	0	0	0.9928333	0.11889754	0.00025333127	2.833203e-20	-1
0	0.9923723	0.122682616	0.00025343435	-0.0037699111	0	0	0.9923723	0.122682616	0.00025343435	2.8830172e-20	-1
0	0.9913041	0.1310268	0.0002535464	-0.0062831854	0	0	0.9913041	0.1310268	0.0002535464	2.9825697e-20	-1
0	0.9896152	0.14321545	0.0002534403	-0.009424778	0	0	0.9896152	0.14321545	0.0002534403	3.1068403e-20	-1
0	0.98736566	0.1579694	0.00025291328	-0.012566371	0	0	0.98736566	0.1579694	0.00025291328	3.2308657e-20	-1
0	0.9796865	0.20011961	0.00024922966	-0.018849555	0	0	0.9796865	0.20011961	0.00024922966	3.4777785e-20	-1
0	0.95706534	0.28953087	0.0002320943	-0.025132742	0	0	0.95706534	0.28953087	0.0002320943	3.7214542e-20	-1
0	-0.99815834	-0.05955972	-0.00024581508	-0.03769911	0	0	-0.99815834	-0.05955972	-0.00024581508	1.2331022e-20	-1
0	-0.9986104	-0.051448382	-0.00024335521	-0.050265484	0	0	-0.9986104	-0.051448382	-0.00024335521	7.320542e-21	-1
0	-0.9989104	-0.04527045	-0.00024100454	-0.06283186	0	0	-0.9989104	-0.04527045	-0.00024100454	2.3082059e-21	-1
0	-0.9989104	-0.04527045	-0.00024100454	-0.06283186	0	0	-0.9989104	-0.04527045	-0.00024100454	2.3082059e-21	1
0	-0.9986104	-0.051448196	-0.00024335648	-0.050265484	0	0	-0.9986104	-0.051448196	-0.00024335648	7.320542e-21	1
0	-0.9981588	-0.059553146	-0.00024581456	-0.03769911	0	0	-0.9981588	-0.059553146	-0.00024581456	1.2331024e-20	1
0	-0.99743414	-0.07064083	-0.00024836388	-0.025132742	0	0	-0.99743414	-0.07064083	-0.00024836388	1.733862e-20	1
0	-0.99689585	-0.07785865	-0.00024964983	-0.018849555	0	0	-0.99689585	-0.07785865	-0.00024964983	1.984079e-20	1
0	-0.99616516	-0.08669813	-0.00025091006	-0.012566371	0	0	-0.99616516	-0.08669813	-0.00025091006	2.2341387e-20	1
0	-0.99569845	-0.09189609	-0.00025151338	-0.009424778	0	0	-0.99569845	-0.09189609	-0.00025151338	2.359092e-20	1
0	-0.9951401	-0.0977514	-0.00025208545	-0.0062831854	0	0	-0.9951401	-0.0977514	-0.00025208545	2.483981e-20	1
0	-0.9946104	-0.10299534	-0.0002525102	-0.0037699111	0	0	-0.9946104	-0.10299534	-0.0002525102	2.5838374e-20	1
0	-0.9943129	-0.10582715	-0.00025270373	-0.002513274	0	0	-0.9943129	-0.10582715	-0.00025270373	2.6337448e-20	1
0	-0.9941551	-0.10729735	-0.00025279642	-0.0018849556	0	0	-0.9941551	-0.10729735	-0.00025279642	2.6586926e-20	1
0	-0.99398947	-0.10881982	-0.00025288598	-0.001256637	0	0	-0.99398947	-0.10881982	-0.00025288598	2.683636e-20	1
0	-0.9939214	-0.10943952	-0.0002529209	-0.0010053096	0	0	-0.9939214	-0.10943952	-0.0002529209	2.6936125e-20	1
0	-0.9938173	-0.11037955	-0.00025297172	-0.0006283185	0	0	-0.9938173	-0.11037955	-0.00025297172	2.708576e-20	1
0	-0.99371034	-0.11133742	-0.00025302128	-0.0002513274	0	0	-0.99371034	-0.11133742	-0.00025302128	2.7235377e-20	1
0	-0.99371034	-0.11133742	-0.00025302128	-0.0001256637	0	0	-0.99371034	-0.11133742	-0.00025302128	2.7285247e-20	1
0	-0.99371034	-0.11133742	-0.00025302128	-6.283185e-05	0	0	-0.99371034	-0.11133742	-0.00025302128	2.7310182e-20	1
0	-0.99364483	-0.11191946	-0.00025305018	-2.5132742e-05	0	0	-0.99364483	-0.11191946	-0.00025305018	2.7325136e-20	1
0	-0.99364483	-0.11191946	-0.00025305018	-1.2566371e-05	0	0	-0.99364483	-0.11191946	-0.00025305018	2.7330122e-20	1
0	-0.99364483	-0.11191946	-0.00025305018	-6.2831855e-06	0	0	-0.99364483	-0.11191946	-0.00025305018	2.7332616e-20	1
0	-0.99364483	-0.11191946	-0.00025305018	-2.513274e-06	0	0	-0.99364483	-0.11191946	-0.00025305018	2.7334112e-20	1
0	-0.99364483	-0.11191946	-0.00025305018	-1.256637e-06	0	0	-0.99364483	-0.11191946	-0.00025305018	2.733461e-20	1
0	-0.99364483	-0.11191946	-0.00025305018	-6.283185e-07	0	0	-0.99364483	-0.11191946	-0.00025305018	2.733486e-20	1
0	-0.99364483	-0.11191946	-0.00025305018	-2.513274e-07	0	0	-0.99364483	-0.11191946	-0.00025305018	2.7335007e-20	1
0	-0.99364483	-0.11191946	-0.00025305018	-1.256637e-07	0	0	-0.99364483	-0.11191946	-0.00025305018	2.733506e-20	1
0	-0.99364483	-0.11191946	-0.00025305018	0	0	0	-0.99364483	-0.11191946	-0.00025305018	2.7335107e-20	1
0	-0.99364483	-0.11191946	-0.00025305018	1.256637e-07	0	0	-0.99364483	-0.11191946	-0.00025305018	2.733516e-20	1
0	-0.9936371	-0.11198832	-0.0002530535	2.513274e-07	0	0	-0.9936371	-0.11198832	-0.0002530535	2.733521e-20	1
0	-0.9936371	-0.11198832	-0.0002530535	6.283185e-07	0	0	-0.9936371	-0.11198832	-0.0002530535	2.733536e-20	1
0	-0.9936371	-0.11198832	-0.0002530535	1.256637e-06	0	0	-0.9936371	-0.11198832	-0.0002530535	2.733561e-20	1
0	-0.9936371	-0.11198832	-0.0002530535	2.513274e-06	0	0	-0.9936371	-0.11198832	-0.0002530535	2.733611e-20	1
0	-0.9936371	-0.11198832	-0.0002530535	6.2831855e-06	0	0	-0.9936371	-0.11198832	-0.0002530535	2.7337605e-20	1
0	-0.9936371	-0.11198832	-0.0002530535	1.2566371e-05	0	0	-0.9936371	-0.11198832	-0.0002530535	2.73401e-20	1
0	-0.9936371	-0.11198832	-0.0002530535	2.5132742e-05	0	0	-0.9936371	-0.11198832	-0.0002530535	2.7345085e-20	1
0	-0.9936371	-0.11198832	-0.0002530535	6.283185e-05	0	0	-0.9936371	-0.11198832	-0.0002530535	2.7360046e-20	1
0	-0.9936371	-0.11198832	-0.0002530535	0.0001256637	0	0	-0.9936371	-0.11198832	-0.0002530535	2.7384977e-20	1
0	-0.99356306	-0.11264284	-0.00025308476	0.0002513274	0	0	-0.99356306	-0.11264284	-0.00025308476	2.7434838e-20	1
0	-0.99344957	-0.11363876	-0.00025312975	0.0006283185	0	0	-0.99344957	-0.11363876	-0.00025312975	2.7584415e-20	1
0	-0.993333	-0.11465229	-0.00025317442	0.0010053096	0	0	-0.993333	-0.11465229	-0.00025317442	2.7733977e-20	1
0	-0.99325335	-0.115339786	-0.00025320286	0.001256637	0	0	-0.99325335	-0.115339786	-0.00025320286	2.7833674e-20	1
0	-0.9930482	-0.11709094	-0.00025326601	0.0018849556	0	0	-0.9930482	-0.11709094	-0.00025326601	2.8082876e-20	1
0	-0.99283385	-0.11889341	-0.00025333118	0.002513274	0	0	-0.99283385	-0.11889341	-0.00025333118	2.8332035e-20	1
0	-0.9923726	-0.12268016	-0.0002534344	0.0037699111	0	0	-0.9923726	-0.12268016	-0.0002534344	2.8830172e-20	1
0	-0.9913038	-0.13102904	-0.0002535462	0.0062831854	0	0	-0.9913038	-0.13102904	-0.0002535462	2.98257e-20	1
0	-0.9896153	-0.14321473	-0.00025344038	0.009424778	0	0	-0.9896153	-0.14321473	-0.00025344038	3.1068403e-20	1
0	-0.98736525	-0.15797141	-0.00025291316	0.012566371	0	0	-0.98736525	-0.15797141	-0.00025291316	3.2308654e-20	1
0	-0.979687	-0.20011687	-0.0002492299	0.018849555	0	0	-0.979687	-0.20011687	-0.0002492299	3.4777785e-20	1
0	-0.95707035	-0.28951445	-0.00023209892	0.025132742	0	0	-0.95707035	-0.28951445	-0.00023209892	3.7214542e-20	1
0	0.9981587	0.059553202	0.0002458145	0.03769911	0	0	0.9981587	0.059553202	0.0002458145	1.2331021e-20	1
0	0.99861026	0.051450804	0.00024335663	0.050265484	0	0	0.99861026	0.051450804	0.00024335663	7.320542e-21	1
0	0.99891055	0.04526943	0.00024100512	0.06283186	0	0	0.99891055	0.04526943	0.00024100512	2.308209e-21	1
