# t (s)	mx ()	my ()	mz ()	B_extx (T)	B_exty (T)	B_extz (T)	mx ()	my ()	mz ()	E_total (J)	branch ()
0	0.9973053	-0.07232726	0.0031017964	0.06283186	0	0	0.9973053	-0.07232726	0.0031017964	4.9603865e-21	-1
0	0.9878833	-0.15465914	0.0033311239	0.050265484	0	0	0.9878833	-0.15465914	0.0033311239	9.94861e-21	-1
0	0.95306957	-0.30239403	0.0039794515	0.03769911	0	0	0.95306957	-0.30239403	0.0039794515	1.483056e-20	-1
0	0.89632607	-0.4430821	0.0047974177	0.025132742	0	0	0.89632607	-0.4430821	0.0047974177	1.9478751e-20	-1
0	0.86093736	-0.50841	0.0051928926	0.018849555	0	0	0.86093736	-0.50841	0.0051928926	2.1684535e-20	-1
0	0.81978	-0.5723899	0.005554327	0.012566371	0	0	0.81978	-0.5723899	0.005554327	2.3794584e-20	-1
0	0.79642135	-0.6044602	0.005715293	0.009424778	0	0	0.79642135	-0.6044602	0.005715293	2.4808668e-20	-1
0	0.77065986	-0.63697255	0.005857648	0.0062831854	0	0	0.77065986	-0.63697255	0.005857648	2.579199e-20	-1
0	0.74786174	-0.66358745	0.005954068	0.0037699111	0	0	0.74786174	-0.66358745	0.005954068	2.6554242e-20	-1
0	0.73558754	-0.6771665	0.0059948703	0.002513274	0	0	0.73558754	-0.6771665	0.0059948703	2.6926513e-20	-1
0	0.7292075	-0.6840316	0.0060130786	0.0018849556	0	0	0.7292075	-0.6840316	0.0060130786	2.7110292e-20	-1
0	0.7226269	-0.69097936	0.0060297335	0.001256637	0	0	0.7226269	-0.69097936	0.0060297335	2.7292446e-20	-1
0	0.7226269	-0.69097936	0.0060297335	0.0010053096	0	0	0.7226269	-0.69097936	0.0060297335	2.7364976e-20	-1
0	0.7158396	-0.69800806	0.006044678	0.0006283185	0	0	0.7158396	-0.69800806	0.006044678	2.747292e-20	-1
0	0.7158396	-0.69800806	0.006044678	0.0002513274	0	0	0.7158396	-0.69800806	0.006044678	2.7580693e-20	-1
0	0.7158396	-0.69800806	0.006044678	0.0001256637	0	0	0.7158396	-0.69800806	0.006044678	2.7616617e-20	-1
0	0.7095506	-0.7043998	0.006056523	6.283185e-05	0	0	0.7095506	-0.7043998	0.006056523	2.763387e-20	-1
0	0.7095506	-0.7043998	0.006056523	2.5132742e-05	0	0	0.7095506	-0.7043998	0.006056523	2.7644554e-20	-1
0	0.7095506	-0.7043998	0.006056523	1.2566371e-05	0	0	0.7095506	-0.7043998	0.006056523	2.7648115e-20	-1
0	0.7095506	-0.7043998	0.006056523	6.2831855e-06	0	0	0.7095506	-0.7043998	0.006056523	2.7649895e-20	-1
0	0.7095506	-0.7043998	0.006056523	2.513274e-06	0	0	0.7095506	-0.7043998	0.006056523	2.765096e-20	-1
0	0.7095506	-0.7043998	0.006056523	1.256637e-06	0	0	0.7095506	-0.7043998	0.006056523	2.765132e-20	-1
0	0.7095506	-0.7043998	0.006056523	6.283185e-07	0	0	0.7095506	-0.7043998	0.006056523	2.7651498e-20	-1
0	0.7095506	-0.7043998	0.006056523	2.513274e-07	0	0	0.7095506	-0.7043998	0.006056523	2.7651604e-20	-1
0	0.7095506	-0.7043998	0.006056523	1.256637e-07	0	0	0.7095506	-0.7043998	0.006056523	2.765164e-20	-1
0	0.7095506	-0.7043998	0.006056523	0	0	0	0.7095506	-0.7043998	0.006056523	2.7651675e-20	-1
0	0.7095506	-0.7043998	0.006056523	-1.256637e-07	0	0	0.7095506	-0.7043998	0.006056523	2.765171e-20	-1
0	0.7095506	-0.7043998	0.006056523	-2.513274e-07	0	0	0.7095506	-0.7043998	0.006056523	2.7651746e-20	-1
0	0.7095506	-0.7043998	0.006056523	-6.283185e-07	0	0	0.7095506	-0.7043998	0.006056523	2.7651853e-20	-1
0	0.7095506	-0.7043998	0.006056523	-1.256637e-06	0	0	0.7095506	-0.7043998	0.006056523	2.765203e-20	-1
0	0.7095506	-0.7043998	0.006056523	-2.513274e-06	0	0	0.7095506	-0.7043998	0.006056523	2.7652386e-20	-1
0	0.7095506	-0.7043998	0.006056523	-6.2831855e-06	0	0	0.7095506	-0.7043998	0.006056523	2.7653456e-20	-1
0	0.7095506	-0.7043998	0.006056523	-1.2566371e-05	0	0	0.7095506	-0.7043998	0.006056523	2.7655236e-20	-1
0	0.7095506	-0.7043998	0.006056523	-2.5132742e-05	0	0	0.7095506	-0.7043998	0.006056523	2.7658797e-20	-1
0	0.7095506	-0.7043998	0.006056523	-6.283185e-05	0	0	0.7095506	-0.7043998	0.006056523	2.766948e-20	-1
0	0.7095506	-0.7043998	0.006056523	-0.0001256637	0	0	0.7095506	-0.7043998	0.006056523	2.7687283e-20	-1
0	0.7095506	-0.7043998	0.006056523	-0.0002513274	0	0	0.7095506	-0.7043998	0.006056523	2.7722894e-20	-1
0	0.7015685	-0.71235013	0.00606881	-0.0006283185	0	0	0.7015685	-0.71235013	0.00606881	2.7828627e-20	-1
0	0.7015685	-0.71235013	0.00606881	-0.0010053096	0	0	0.7015685	-0.71235013	0.00606881	2.793425e-20	-1
0	0.69409275	-0.7196362	0.0060775783	-0.001256637	0	0	0.69409275	-0.7196362	0.0060775783	2.8003738e-20	-1
0	0.68630606	-0.7270661	0.006083917	-0.0018849556	0	0	0.68630606	-0.7270661	0.006083917	2.817693e-20	-1
0	0.6782008	-0.73463273	0.0060875295	-0.002513274	0	0	0.6782008	-0.73463273	0.0060875295	2.8348126e-20	-1
0	0.66091824	-0.75021994	0.006085257	-0.0037699111	0	0	0.66091824	-0.75021994	0.006085257	2.868421e-20	-1
0	0.6203806	-0.7840775	0.006028587	-0.0062831854	0	0	0.6203806	-0.7840775	0.006028587	2.9328025e-20	-1
0	0.54717803	-0.83681947	0.005757546	-0.009424778	0	0	0.54717803	-0.83681947	0.005757546	3.0064613e-20	-1
0	-0.79460883	-0.6068416	-0.0055411872	-0.012566371	0	0	-0.79460883	-0.6068416	-0.0055411872	2.3975972e-20	-1
0	-0.84376734	-0.53641474	-0.005112029	-0.018849555	0	0	-0.84376734	-0.53641474	-0.005112029	2.19192e-20	-1
0	-0.8884051	-0.45875132	-0.004620144	-0.025132742	0	0	-0.8884051	-0.45875132	-0.004620144	1.9745255e-20	-1
0	-0.95307434	0.30237883	-0.0039793723	-0.03769911	0	0	-0.95307434	0.30237883	-0.0039793723	1.4830557e-20	-1
0	-0.9878808	0.15467465	-0.0033311723	-0.050265484	0	0	-0.9878808	0.15467465	-0.0033311723	9.948608e-21	-1
0	-0.9973041	0.072344616	-0.0031018304	-0.06283186	0	0	-0.9973041	0.072344616	-0.0031018304	4.9603856e-21	-1
0	-0.9973041	0.072344616	-0.0031018304	-0.06283186	0	0	-0.9973041	0.072344616	-0.0031018304	4.9603856e-21	1
0	-0.9878819	0.15466808	-0.003331151	-0.050265484	0	0	-0.9878819	0.15466808	-0.003331151	9.9486095e-21	1
0	-0.9530823	0.30235386	-0.003979243	-0.03769911	0	0	-0.9530823	0.30235386	-0.003979243	1.4830558e-20	1
0	-0.8963218	0.44309074	-0.004797469	-0.025132742	0	0	-0.8963218	0.44309074	-0.004797469	1.9478748e-20	1
0	-0.86093384	0.50841594	-0.005192927	-0.018849555	0	0	-0.86093384	0.50841594	-0.005192927	2.1684532e-20	1
0	-0.8197812	0.57238805	-0.0055543175	-0.012566371	0	0	-0.8197812	0.57238805	-0.0055543175	2.3794584e-20	1
0	-0.79641986	0.60446215	-0.0057153013	-0.009424778	0	0	-0.79641986	0.60446215	-0.0057153013	2.4808668e-20	1
0	-0.7706618	0.6369703	-0.005857639	-0.0062831854	0	0	-0.7706618	0.6369703	-0.005857639	2.579199e-20	1
0	-0.7478801	0.6635667	-0.0059540053	-0.0037699111	0	0	-0.7478801	0.6635667	-0.0059540053	2.6554246e-20	1
0	-0.735601	0.6771519	-0.005994832	-0.002513274	0	0	-0.735601	0.6771519	-0.005994832	2.6926513e-20	1
0	-0.72920215	0.6840372	-0.0060130795	-0.0018849556	0	0	-0.72920215	0.6840372	-0.0060130795	2.7110292e-20	1
0	-0.72263646	0.6909693	-0.006029713	-0.001256637	0	0	-0.72263646	0.6909693	-0.006029713	2.7292446e-20	1
0	-0.72263646	0.6909693	-0.006029713	-0.0010053096	0	0	-0.72263646	0.6909693	-0.006029713	2.7364976e-20	1
0	-0.7158405	0.6980071	-0.0060446765	-0.0006283185	0	0	-0.7158405	0.6980071	-0.0060446765	2.747292e-20	1
0	-0.7158405	0.6980071	-0.0060446765	-0.0002513274	0	0	-0.7158405	0.6980071	-0.0060446765	2.7580693e-20	1
0	-0.7102563	0.7036884	-0.0060552894	-0.0001256637	0	0	-0.7102563	0.7036884	-0.0060552894	2.761606e-20	1
0	-0.7102563	0.7036884	-0.0060552894	-6.283185e-05	0	0	-0.7102563	0.7036884	-0.0060552894	2.763388e-20	1
0	-0.7102563	0.7036884	-0.0060552894	-2.5132742e-05	0	0	-0.7102563	0.7036884	-0.0060552894	2.7644576e-20	1
0	-0.7102563	0.7036884	-0.0060552894	-1.2566371e-05	0	0	-0.7102563	0.7036884	-0.0060552894	2.764814e-20	1
0	-0.7102563	0.7036884	-0.0060552894	-6.2831855e-06	0	0	-0.7102563	0.7036884	-0.0060552894	2.764992e-20	1
0	-0.7102563	0.7036884	-0.0060552894	-2.513274e-06	0	0	-0.7102563	0.7036884	-0.0060552894	2.765099e-20	1
0	-0.7102563	0.7036884	-0.0060552894	-1.256637e-06	0	0	-0.7102563	0.7036884	-0.0060552894	2.765135e-20	1
0	-0.7102563	0.7036884	-0.0060552894	-6.283185e-07	0	0	-0.7102563	0.7036884	-0.0060552894	2.7651527e-20	1
0	-0.7102563	0.7036884	-0.0060552894	-2.513274e-07	0	0	-0.7102563	0.7036884	-0.0060552894	2.7651633e-20	1
0	-0.7102563	0.7036884	-0.0060552894	-1.256637e-07	0	0	-0.7102563	0.7036884	-0.0060552894	2.765167e-20	1
0	-0.7102563	0.7036884	-0.0060552894	0	0	0	-0.7102563	0.7036884	-0.0060552894	2.7651704e-20	1
0	-0.7102563	0.7036884	-0.0060552894	1.256637e-07	0	0	-0.7102563	0.7036884	-0.0060552894	2.765174e-20	1
0	-0.7102563	0.7036884	-0.0060552894	2.513274e-07	0	0	-0.7102563	0.7036884	-0.0060552894	2.7651775e-20	1
0	-0.7102563	0.7036884	-0.0060552894	6.283185e-07	0	0	-0.7102563	0.7036884	-0.0060552894	2.7651882e-20	1
0	-0.7102563	0.7036884	-0.0060552894	1.256637e-06	0	0	-0.7102563	0.7036884	-0.0060552894	2.765206e-20	1
0	-0.7102563	0.7036884	-0.0060552894	2.513274e-06	0	0	-0.7102563	0.7036884	-0.0060552894	2.765242e-20	1
0	-0.7102563	0.7036884	-0.0060552894	6.2831855e-06	0	0	-0.7102563	0.7036884	-0.0060552894	2.7653488e-20	1
0	-0.7102563	0.7036884	-0.0060552894	1.2566371e-05	0	0	-0.7102563	0.7036884	-0.0060552894	2.7655268e-20	1
0	-0.7102563	0.7036884	-0.0060552894	2.5132742e-05	0	0	-0.7102563	0.7036884	-0.0060552894	2.7658832e-20	1
0	-0.7102563	0.7036884	-0.0060552894	6.283185e-05	0	0	-0.7102563	0.7036884	-0.0060552894	2.7669528e-20	1
0	-0.7102563	0.7036884	-0.0060552894	0.0001256637	0	0	-0.7102563	0.7036884	-0.0060552894	2.7687347e-20	1
0	-0.7102563	0.7036884	-0.0060552894	0.0002513274	0	0	-0.7102563	0.7036884	-0.0060552894	2.7722994e-20	1
0	-0.7015935	0.71232545	-0.006068781	0.0006283185	0	0	-0.7015935	0.71232545	-0.006068781	2.782863e-20	1
0	-0.7015935	0.71232545	-0.006068781	0.0010053096	0	0	-0.7015935	0.71232545	-0.006068781	2.7934258e-20	1
0	-0.6940953	0.7196337	-0.0060775764	0.001256637	0	0	-0.6940953	0.7196337	-0.0060775764	2.8003738e-20	1
0	-0.6863053	0.7270668	-0.0060839173	0.0018849556	0	0	-0.6863053	0.7270668	-0.0060839173	2.817693e-20	1
0	-0.67818916	0.73464346	-0.00608753	0.002513274	0	0	-0.67818916	0.73464346	-0.00608753	2.834813e-20	1
0	-0.66089696	0.7502388	-0.006085241	0.0037699111	0	0	-0.66089696	0.7502388	-0.006085241	2.868421e-20	1
0	-0.6204084	0.78405535	-0.0060286545	0.0062831854	0	0	-0.6204084	0.78405535	-0.0060286545	2.932802e-20	1
0	-0.54717255	0.83682305	-0.005757517	0.009424778	0	0	-0.54717255	0.83682305	-0.005757517	3.0064606e-20	1
0	0.79460824	0.6068424	0.0055411914	0.012566371	0	0	0.79460824	0.6068424	0.0055411914	2.397597e-20	1
0	0.84376526	0.53641814	0.00511205	0.018849555	0	0	0.84376526	0.53641814	0.00511205	2.1919205e-20	1
0	0.88840693	0.4587478	0.004620123	0.025132742	0	0	0.88840693	0.4587478	0.004620123	1.9745255e-20	1
0	0.95306736	-0.30240095	0.003979486	0.03769911	0	0	0.95306736	-0.30240095	0.003979486	1.4830557e-20	1
0	0.9878833	-0.15465926	0.0033311173	0.050265484	0	0	0.9878833	-0.15465926	0.0033311173	9.94861e-21	1
0	0.9973037	-0.072349295	0.0031018364	0.06283186	0	0	0.9973037	-0.072349295	0.0031018364	4.9603917e-21	1
