# t (s)	mx ()	my ()	mz ()	B_extx (T)	B_exty (T)	B_extz (T)	mx ()	my ()	mz ()	E_total (J)	branch ()
0	0.9984311	0.05482897	5.7691228e-05	0.06283186	0	0	0.9984311	0.05482897	5.7691228e-05	2.3340042e-21	-1
0	0.9979892	0.062340498	5.8399284e-05	0.050265484	0	0	0.9979892	0.062340498	5.8399284e-05	7.343594e-21	-1
0	0.99732333	0.072197065	5.9144335e-05	0.03769911	0	0	0.99732333	0.072197065	5.9144335e-05	1.2350464e-20	-1
0	0.99625564	0.08566147	5.991001e-05	0.025132742	0	0	0.99625564	0.08566147	5.991001e-05	1.735308e-20	-1
0	0.99546325	0.0944144	6.028895e-05	0.018849555	0	0	0.99546325	0.0944144	6.028895e-05	1.9851989e-20	-1
0	0.99439	0.10510671	6.0648315e-05	0.012566371	0	0	0.99439	0.10510671	6.0648315e-05	2.2348585e-20	-1
0	0.99370444	0.11139567	6.081465e-05	0.009424778	0	0	0.99370444	0.11139567	6.081465e-05	2.3595752e-20	-1
0	0.9928863	0.11845963	6.096535e-05	0.0062831854	0	0	0.9928863	0.11845963	6.096535e-05	2.4841985e-20	-1
0	0.9921111	0.12478013	6.107305e-05	0.0037699111	0	0	0.9921111	0.12478013	6.107305e-05	2.5838166e-20	-1
0	0.99167526	0.12819414	6.112145e-05	0.002513274	0	0	0.99167526	0.12819414	6.112145e-05	2.633595e-20	-1
0	0.99144393	0.12996985	6.114407e-05	0.0018849556	0	0	0.99144393	0.12996985	6.114407e-05	2.6584754e-20	-1
0	0.9912022	0.13179913	6.116484e-05	0.001256637	0	0	0.9912022	0.13179913	6.116484e-05	2.6833506e-20	-1
0	0.9911027	0.13254431	6.117369e-05	0.0010053096	0	0	0.9911027	0.13254431	6.117369e-05	2.6932986e-20	-1
0	0.9909514	0.1336698	6.118349e-05	0.0006283185	0	0	0.9909514	0.1336698	6.118349e-05	2.7082189e-20	-1
0	0.9907943	0.13482848	6.119706e-05	0.0002513274	0	0	0.9907943	0.13482848	6.119706e-05	2.7231374e-20	-1
0	0.9907943	0.13482848	6.119706e-05	0.0001256637	0	0	0.9907943	0.13482848	6.119706e-05	2.7281095e-20	-1
0	0.99071443	0.1354137	6.1202794e-05	6.283185e-05	0	0	0.99071443	0.1354137	6.1202794e-05	2.7305953e-20	-1
0	0.99071443	0.1354137	6.1202794e-05	2.5132742e-05	0	0	0.99071443	0.1354137	6.1202794e-05	2.7320868e-20	-1
0	0.99071443	0.1354137	6.1202794e-05	1.2566371e-05	0	0	0.99071443	0.1354137	6.1202794e-05	2.732584e-20	-1
0	0.99071443	0.1354137	6.1202794e-05	6.2831855e-06	0	0	0.99071443	0.1354137	6.1202794e-05	2.7328325e-20	-1
0	0.99071443	0.1354137	6.1202794e-05	2.513274e-06	0	0	0.99071443	0.1354137	6.1202794e-05	2.7329818e-20	-1
0	0.99071443	0.1354137	6.1202794e-05	1.256637e-06	0	0	0.99071443	0.1354137	6.1202794e-05	2.7330316e-20	-1
0	0.99071443	0.1354137	6.1202794e-05	6.283185e-07	0	0	0.99071443	0.1354137	6.1202794e-05	2.733056e-20	-1
0	0.99071443	0.1354137	6.1202794e-05	2.513274e-07	0	0	0.99071443	0.1354137	6.1202794e-05	2.7330713e-20	-1
0	0.99071443	0.1354137	6.1202794e-05	1.256637e-07	0	0	0.99071443	0.1354137	6.1202794e-05	2.733076e-20	-1
0	0.99071443	0.1354137	6.1202794e-05	0	0	0	0.99071443	0.1354137	6.1202794e-05	2.733081e-20	-1
0	0.99071443	0.1354137	6.1202794e-05	-1.256637e-07	0	0	0.99071443	0.1354137	6.1202794e-05	2.7330862e-20	-1
0	0.99071443	0.1354137	6.1202794e-05	-2.513274e-07	0	0	0.99071443	0.1354137	6.1202794e-05	2.733091e-20	-1
0	0.99071443	0.1354137	6.1202794e-05	-6.283185e-07	0	0	0.99071443	0.1354137	6.1202794e-05	2.733106e-20	-1
0	0.99071443	0.1354137	6.1202794e-05	-1.256637e-06	0	0	0.99071443	0.1354137	6.1202794e-05	2.7331308e-20	-1
0	0.99071443	0.1354137	6.1202794e-05	-2.513274e-06	0	0	0.99071443	0.1354137	6.1202794e-05	2.7331805e-20	-1
0	0.99071443	0.1354137	6.1202794e-05	-6.2831855e-06	0	0	0.99071443	0.1354137	6.1202794e-05	2.7333298e-20	-1
0	0.99071443	0.1354137	6.1202794e-05	-1.2566371e-05	0	0	0.99071443	0.1354137	6.1202794e-05	2.7335783e-20	-1
0	0.99071443	0.1354137	6.1202794e-05	-2.5132742e-05	0	0	0.99071443	0.1354137	6.1202794e-05	2.7340756e-20	-1
0	0.99071443	0.1354137	6.1202794e-05	-6.283185e-05	0	0	0.99071443	0.1354137	6.1202794e-05	2.735567e-20	-1
0	0.99071443	0.1354137	6.1202794e-05	-0.0001256637	0	0	0.99071443	0.1354137	6.1202794e-05	2.738053e-20	-1
0	0.9905795	0.13639596	6.121732e-05	-0.0002513274	0	0	0.9905795	0.13639596	6.121732e-05	2.743024e-20	-1
0	0.99041367	0.13759434	6.1222236e-05	-0.0006283185	0	0	0.99041367	0.13759434	6.1222236e-05	2.7579365e-20	-1
0	0.9902435	0.13881263	6.1232044e-05	-0.0010053096	0	0	0.9902435	0.13881263	6.1232044e-05	2.7728467e-20	-1
0	0.9901274	0.13963768	6.123862e-05	-0.001256637	0	0	0.9901274	0.13963768	6.123862e-05	2.7827852e-20	-1
0	0.98982716	0.14174797	6.125304e-05	-0.0018849556	0	0	0.98982716	0.14174797	6.125304e-05	2.8076258e-20	-1
0	0.9895147	0.14391163	6.1266335e-05	-0.002513274	0	0	0.9895147	0.14391163	6.1266335e-05	2.8324593e-20	-1
0	0.9888423	0.14845724	6.128744e-05	-0.0037699111	0	0	0.9888423	0.14845724	6.128744e-05	2.8821015e-20	-1
0	0.987285	0.15847522	6.13076e-05	-0.0062831854	0	0	0.987285	0.15847522	6.13076e-05	2.981276e-20	-1
0	0.9848252	0.17309389	6.128498e-05	-0.009424778	0	0	0.9848252	0.17309389	6.128498e-05	3.104996e-20	-1
0	0.981544	0.19080979	6.120328e-05	-0.012566371	0	0	0.981544	0.19080979	6.120328e-05	3.2283593e-20	-1
0	0.9701945	0.24195695	6.096477e-05	-0.018849555	0	0	0.9701945	0.24195695	6.096477e-05	3.473417e-20	-1
0	0.9239232	0.38227028	6.653655e-05	-0.025132742	0	0	0.9239232	0.38227028	6.653655e-05	3.7132645e-20	-1
0	-0.9973234	-0.07219619	-5.9144495e-05	-0.03769911	0	0	-0.9973234	-0.07219619	-5.9144495e-05	1.235046e-20	-1
0	-0.99798894	-0.062344633	-5.8399448e-05	-0.050265484	0	0	-0.99798894	-0.062344633	-5.8399448e-05	7.343597e-21	-1
0	-0.99843097	-0.054831073	-5.7691275e-05	-0.06283186	0	0	-0.99843097	-0.054831073	-5.7691275e-05	2.3340016e-21	-1
0	-0.99843097	-0.054830708	-5.769127e-05	-0.06283186	0	0	-0.99843097	-0.054830708	-5.769127e-05	2.334002e-21	1
0	-0.99798906	-0.06234175	-5.839934e-05	-0.050265484	0	0	-0.99798906	-0.06234175	-5.839934e-05	7.343599e-21	1
0	-0.9973234	-0.072195664	-5.9144284e-05	-0.03769911	0	0	-0.9973234	-0.072195664	-5.9144284e-05	1.2350461e-20	1
0	-0.99625576	-0.08566029	-5.991086e-05	-0.025132742	0	0	-0.99625576	-0.08566029	-5.991086e-05	1.735308e-20	1
0	-0.9954633	-0.09441416	-6.028894e-05	-0.018849555	0	0	-0.9954633	-0.09441416	-6.028894e-05	1.9851992e-20	1
0	-0.9943907	-0.105099514	-6.064778e-05	-0.012566371	0	0	-0.9943907	-0.105099514	-6.064778e-05	2.2348585e-20	1
0	-0.99370426	-0.111397356	-6.0813665e-05	-0.009424778	0	0	-0.99370426	-0.111397356	-6.0813665e-05	2.3595755e-20	1
0	-0.99288595	-0.11846244	-6.0963717e-05	-0.0062831854	0	0	-0.99288595	-0.11846244	-6.0963717e-05	2.4841985e-20	1
0	-0.9921105	-0.12478424	-6.1073064e-05	-0.0037699111	0	0	-0.9921105	-0.12478424	-6.1073064e-05	2.5838164e-20	1
0	-0.99167585	-0.12819031	-6.112151e-05	-0.002513274	0	0	-0.99167585	-0.12819031	-6.112151e-05	2.6335948e-20	1
0	-0.99144363	-0.12997222	-6.114406e-05	-0.0018849556	0	0	-0.99144363	-0.12997222	-6.114406e-05	2.6584754e-20	1
0	-0.9912033	-0.13179056	-6.1165505e-05	-0.001256637	0	0	-0.9912033	-0.13179056	-6.1165505e-05	2.6833503e-20	1
0	-0.9911039	-0.13253537	-6.117373e-05	-0.0010053096	0	0	-0.9911039	-0.13253537	-6.117373e-05	2.6932985e-20	1
0	-0.9909506	-0.13367623	-6.118564e-05	-0.0006283185	0	0	-0.9909506	-0.13367623	-6.118564e-05	2.708219e-20	1
0	-0.99079514	-0.13482204	-6.1197235e-05	-0.0002513274	0	0	-0.99079514	-0.13482204	-6.1197235e-05	2.723137e-20	1
0	-0.9907402	-0.13522547	-6.120217e-05	-0.0001256637	0	0	-0.9907402	-0.13522547	-6.120217e-05	2.7281092e-20	1
0	-0.99071467	-0.13541175	-6.1202896e-05	-6.283185e-05	0	0	-0.99071467	-0.13541175	-6.1202896e-05	2.7305956e-20	1
0	-0.99071467	-0.13541175	-6.1202896e-05	-2.5132742e-05	0	0	-0.99071467	-0.13541175	-6.1202896e-05	2.732087e-20	1
0	-0.99071467	-0.13541175	-6.1202896e-05	-1.2566371e-05	0	0	-0.99071467	-0.13541175	-6.1202896e-05	2.7325844e-20	1
0	-0.99071467	-0.13541175	-6.1202896e-05	-6.2831855e-06	0	0	-0.99071467	-0.13541175	-6.1202896e-05	2.732833e-20	1
0	-0.99071467	-0.13541175	-6.1202896e-05	-2.513274e-06	0	0	-0.99071467	-0.13541175	-6.1202896e-05	2.732982e-20	1
0	-0.99071467	-0.13541175	-6.1202896e-05	-1.256637e-06	0	0	-0.99071467	-0.13541175	-6.1202896e-05	2.733032e-20	1
0	-0.99071467	-0.13541175	-6.1202896e-05	-6.283185e-07	0	0	-0.99071467	-0.13541175	-6.1202896e-05	2.7330568e-20	1
0	-0.99071467	-0.13541175	-6.1202896e-05	-2.513274e-07	0	0	-0.99071467	-0.13541175	-6.1202896e-05	2.7330716e-20	1
0	-0.99071467	-0.13541175	-6.1202896e-05	-1.256637e-07	0	0	-0.99071467	-0.13541175	-6.1202896e-05	2.7330765e-20	1
0	-0.99071467	-0.13541175	-6.1202896e-05	0	0	0	-0.99071467	-0.13541175	-6.1202896e-05	2.7330813e-20	1
0	-0.99071467	-0.13541175	-6.1202896e-05	1.256637e-07	0	0	-0.99071467	-0.13541175	-6.1202896e-05	2.7330865e-20	1
0	-0.99071467	-0.13541175	-6.1202896e-05	2.513274e-07	0	0	-0.99071467	-0.13541175	-6.1202896e-05	2.7330913e-20	1
0	-0.99071467	-0.13541175	-6.1202896e-05	6.283185e-07	0	0	-0.99071467	-0.13541175	-6.1202896e-05	2.7331062e-20	1
0	-0.99071467	-0.13541175	-6.1202896e-05	1.256637e-06	0	0	-0.99071467	-0.13541175	-6.1202896e-05	2.733131e-20	1
0	-0.99071467	-0.13541175	-6.1202896e-05	2.513274e-06	0	0	-0.99071467	-0.13541175	-6.1202896e-05	2.733181e-20	1
0	-0.99071467	-0.13541175	-6.1202896e-05	6.2831855e-06	0	0	-0.99071467	-0.13541175	-6.1202896e-05	2.73333e-20	1
0	-0.99071467	-0.13541175	-6.1202896e-05	1.2566371e-05	0	0	-0.99071467	-0.13541175	-6.1202896e-05	2.7335786e-20	1
0	-0.99067736	-0.13568403	-6.120534e-05	2.5132742e-05	0	0	-0.99067736	-0.13568403	-6.120534e-05	2.7340756e-20	1
0	-0.990661	-0.13580324	-6.1206505e-05	6.283185e-05	0	0	-0.990661	-0.13580324	-6.1206505e-05	2.735567e-20	1
0	-0.990661	-0.13580324	-6.1206505e-05	0.0001256637	0	0	-0.990661	-0.13580324	-6.1206505e-05	2.7380528e-20	1
0	-0.990661	-0.13580324	-6.1206505e-05	0.0002513274	0	0	-0.990661	-0.13580324	-6.1206505e-05	2.7430246e-20	1
0	-0.99041647	-0.13757405	-6.1222236e-05	0.0006283185	0	0	-0.99041647	-0.13757405	-6.1222236e-05	2.7579368e-20	1
0	-0.99024355	-0.13881233	-6.123213e-05	0.0010053096	0	0	-0.99024355	-0.13881233	-6.123213e-05	2.7728464e-20	1
0	-0.99012727	-0.13963836	-6.1238345e-05	0.001256637	0	0	-0.99012727	-0.13963836	-6.1238345e-05	2.782785e-20	1
0	-0.98982775	-0.14174433	-6.125303e-05	0.0018849556	0	0	-0.98982775	-0.14174433	-6.125303e-05	2.807626e-20	1
0	-0.989514	-0.14391623	-6.1267914e-05	0.002513274	0	0	-0.989514	-0.14391623	-6.1267914e-05	2.8324596e-20	1
0	-0.9888401	-0.14847198	-6.1287355e-05	0.0037699111	0	0	-0.9888401	-0.14847198	-6.1287355e-05	2.8821015e-20	1
0	-0.9872845	-0.15847841	-6.130765e-05	0.0062831854	0	0	-0.9872845	-0.15847841	-6.130765e-05	2.981276e-20	1
0	-0.984823	-0.17310627	-6.1284634e-05	0.009424778	0	0	-0.984823	-0.17310627	-6.1284634e-05	3.104996e-20	1
0	-0.98154414	-0.19080934	-6.120304e-05	0.012566371	0	0	-0.98154414	-0.19080934	-6.120304e-05	3.2283593e-20	1
0	-0.9702041	-0.24191861	-6.0984006e-05	0.018849555	0	0	-0.9702041	-0.24191861	-6.0984006e-05	3.4734164e-20	1
0	-0.9239421	-0.38222474	-6.6531924e-05	0.025132742	0	0	-0.9239421	-0.38222474	-6.6531924e-05	3.7132648e-20	1
0	0.99732304	0.0722005	5.914238e-05	0.03769911	0	0	0.99732304	0.0722005	5.914238e-05	1.2350461e-20	1
0	0.9979888	0.062346097	5.8399484e-05	0.050265484	0	0	0.9979888	0.062346097	5.8399484e-05	7.343598e-21	1
0	0.99843097	0.054830637	5.769122e-05	0.06283186	0	0	0.99843097	0.054830637	5.769122e-05	2.334006e-21	1
