# t (s)	mx ()	my ()	mz ()	B_extx (T)	B_exty (T)	B_extz (T)	mx ()	my ()	mz ()	E_total (J)	branch ()
0	-0.041889258	0.9990566	0.00018821043	0	0.06283186	0	-0.041889258	0.9990566	0.00018821043	4.6342963e-21	-1
0	-0.049870368	0.99868894	0.00015026893	0	0.050265484	0	-0.049870368	0.99868894	0.00015026893	9.647226e-21	-1
0	-0.061504047	0.99803877	9.2915754e-05	0	0.03769911	0	-0.061504047	0.99803877	9.2915754e-05	1.4657684e-20	-1
0	-0.07987122	0.99673533	-7.7821574e-07	0	0.025132742	0	-0.07987122	0.99673533	-7.7821574e-07	1.9663497e-20	-1
0	-0.09361546	0.9955373	-7.25757e-05	0	0.018849555	0	-0.09361546	0.9955373	-7.25757e-05	2.2163166e-20	-1
0	-0.112697996	0.9935561	-0.00017385019	0	0.012566371	0	-0.112697996	0.9935561	-0.00017385019	2.4658957e-20	-1
0	-0.12527311	0.9920476	-0.00024129053	0	0.009424778	0	-0.12527311	0.9920476	-0.00024129053	2.5904597e-20	-1
0	-0.14077854	0.9899645	-0.00032492576	0	0.0062831854	0	-0.14077854	0.9899645	-0.00032492576	2.7148013e-20	-1
0	-0.15604995	0.98767054	-0.00040756795	0	0.0037699111	0	-0.15604995	0.98767054	-0.00040756795	2.8140545e-20	-1
0	-0.16496494	0.9862195	-0.00045583866	0	0.002513274	0	-0.16496494	0.9862195	-0.00045583866	2.8635852e-20	-1
0	-0.16975552	0.98540556	-0.0004817625	0	0.0018849556	0	-0.16975552	0.98540556	-0.0004817625	2.888322e-20	-1
0	-0.17486376	0.98451126	-0.0005093858	0	0.001256637	0	-0.17486376	0.98451126	-0.0005093858	2.9130374e-20	-1
0	-0.17698498	0.9841318	-0.00052084785	0	0.0010053096	0	-0.17698498	0.9841318	-0.00052084785	2.922917e-20	-1
0	-0.18027787	0.9835335	-0.0005386301	0	0.0006283185	0	-0.18027787	0.9835335	-0.0005386301	2.937729e-20	-1
0	-0.18027787	0.9835335	-0.0005386301	0	0.0002513274	0	-0.18027787	0.9835335	-0.0005386301	2.952537e-20	-1
0	-0.18486151	0.9826816	-0.0005633548	0	0.0001256637	0	-0.18486151	0.9826816	-0.0005633548	2.9574638e-20	-1
0	-0.18486151	0.9826816	-0.0005633548	0	6.283185e-05	0	-0.18486151	0.9826816	-0.0005633548	2.9599298e-20	-1
0	-0.18486151	0.9826816	-0.0005633548	0	2.5132742e-05	0	-0.18486151	0.9826816	-0.0005633548	2.961409e-20	-1
0	-0.18486151	0.9826816	-0.0005633548	0	1.2566371e-05	0	-0.18486151	0.9826816	-0.0005633548	2.9619024e-20	-1
0	-0.18486151	0.9826816	-0.0005633548	0	6.2831855e-06	0	-0.18486151	0.9826816	-0.0005633548	2.962149e-20	-1
0	-0.18486151	0.9826816	-0.0005633548	0	2.513274e-06	0	-0.18486151	0.9826816	-0.0005633548	2.962297e-20	-1
0	-0.18486151	0.9826816	-0.0005633548	0	1.256637e-06	0	-0.18486151	0.9826816	-0.0005633548	2.962346e-20	-1
0	-0.18486151	0.9826816	-0.0005633548	0	6.283185e-07	0	-0.18486151	0.9826816	-0.0005633548	2.962371e-20	-1
0	-0.18486151	0.9826816	-0.0005633548	0	2.513274e-07	0	-0.18486151	0.9826816	-0.0005633548	2.9623855e-20	-1
0	-0.18486151	0.9826816	-0.0005633548	0	1.256637e-07	0	-0.18486151	0.9826816	-0.0005633548	2.9623907e-20	-1
0	-0.18486151	0.9826816	-0.0005633548	0	0	0	-0.18486151	0.9826816	-0.0005633548	2.9623955e-20	-1
0	-0.18486151	0.9826816	-0.0005633548	0	-1.256637e-07	0	-0.18486151	0.9826816	-0.0005633548	2.9624003e-20	-1
0	-0.18486151	0.9826816	-0.0005633548	0	-2.513274e-07	0	-0.18486151	0.9826816	-0.0005633548	2.9624052e-20	-1
0	-0.18486151	0.9826816	-0.0005633548	0	-6.283185e-07	0	-0.18486151	0.9826816	-0.0005633548	2.96242e-20	-1
0	-0.18486151	0.9826816	-0.0005633548	0	-1.256637e-06	0	-0.18486151	0.9826816	-0.0005633548	2.9624446e-20	-1
0	-0.18486151	0.9826816	-0.0005633548	0	-2.513274e-06	0	-0.18486151	0.9826816	-0.0005633548	2.962494e-20	-1
0	-0.18486151	0.9826816	-0.0005633548	0	-6.2831855e-06	0	-0.18486151	0.9826816	-0.0005633548	2.962642e-20	-1
0	-0.18486151	0.9826816	-0.0005633548	0	-1.2566371e-05	0	-0.18486151	0.9826816	-0.0005633548	2.9628886e-20	-1
0	-0.18486151	0.9826816	-0.0005633548	0	-2.5132742e-05	0	-0.18486151	0.9826816	-0.0005633548	2.9633817e-20	-1
0	-0.18486151	0.9826816	-0.0005633548	0	-6.283185e-05	0	-0.18486151	0.9826816	-0.0005633548	2.9648612e-20	-1
0	-0.18486151	0.9826816	-0.0005633548	0	-0.0001256637	0	-0.18486151	0.9826816	-0.0005633548	2.967327e-20	-1
0	-0.18841955	0.982005	-0.0005825203	0	-0.0002513274	0	-0.18841955	0.982005	-0.0005825203	2.9722538e-20	-1
0	-0.19216563	0.9812783	-0.0006026719	0	-0.0006283185	0	-0.19216563	0.9812783	-0.0006026719	2.987033e-20	-1
0	-0.19605173	0.9805087	-0.000623547	0	-0.0010053096	0	-0.19605173	0.9805087	-0.000623547	3.0018006e-20	-1
0	-0.19605173	0.9805087	-0.000623547	0	-0.001256637	0	-0.19605173	0.9805087	-0.000623547	3.011642e-20	-1
0	-0.20578775	0.97851014	-0.0006756613	0	-0.0018849556	0	-0.20578775	0.97851014	-0.0006756613	3.036211e-20	-1
0	-0.2133697	0.97688365	-0.0007160571	0	-0.002513274	0	-0.2133697	0.97688365	-0.0007160571	3.060744e-20	-1
0	-0.23057523	0.97296333	-0.0008068737	0	-0.0037699111	0	-0.23057523	0.97296333	-0.0008068737	3.1096747e-20	-1
0	-0.27786767	0.9605181	-0.0010483942	0	-0.0062831854	0	-0.27786767	0.9605181	-0.0010483942	3.206777e-20	-1
0	0.12529145	-0.9920453	0.00024138996	0	-0.009424778	0	0.12529145	-0.9920453	0.00024138996	2.5904597e-20	-1
0	0.11272064	-0.9935535	0.00017397004	0	-0.012566371	0	0.11272064	-0.9935535	0.00017397004	2.4658955e-20	-1
0	0.093631044	-0.99553573	7.265953e-05	0	-0.018849555	0	0.093631044	-0.99553573	7.265953e-05	2.2163167e-20	-1
0	0.07987717	-0.99673486	8.1024507e-07	0	-0.025132742	0	0.07987717	-0.99673486	8.1024507e-07	1.9663492e-20	-1
0	0.061510593	-0.9980384	-9.288476e-05	0	-0.03769911	0	0.061510593	-0.9980384	-9.288476e-05	1.4657687e-20	-1
0	0.04987717	-0.9986886	-0.00015023362	0	-0.050265484	0	0.04987717	-0.9986886	-0.00015023362	9.647222e-21	-1
0	0.041893914	-0.99905634	-0.00018818624	0	-0.06283186	0	0.041893914	-0.99905634	-0.00018818624	4.634298e-21	-1
0	0.041893914	-0.99905634	-0.00018818624	0	-0.06283186	0	0.041893914	-0.99905634	-0.00018818624	4.634298e-21	1
0	0.049874213	-0.9986887	-0.00015024882	0	-0.050265484	0	0.049874213	-0.9986887	-0.00015024882	9.647224e-21	1
0	0.06150476	-0.99803877	-9.2915e-05	0	-0.03769911	0	0.06150476	-0.99803877	-9.2915e-05	1.4657687e-20	1
0	0.07987599	-0.996735	8.0429027e-07	0	-0.025132742	0	0.07987599	-0.996735	8.0429027e-07	1.9663494e-20	1
0	0.09362576	-0.99553627	7.263114e-05	0	-0.018849555	0	0.09362576	-0.99553627	7.263114e-05	2.2163169e-20	1
0	0.11270946	-0.9935548	0.00017391393	0	-0.012566371	0	0.11270946	-0.9935548	0.00017391393	2.4658957e-20	1
0	0.12527469	-0.9920474	0.0002412691	0	-0.009424778	0	0.12527469	-0.9920474	0.0002412691	2.5904596e-20	1
0	0.14077792	-0.9899646	0.00032492424	0	-0.0062831854	0	0.14077792	-0.9899646	0.00032492424	2.7148013e-20	1
0	0.156055	-0.9876697	0.0004075959	0	-0.0037699111	0	0.156055	-0.9876697	0.0004075959	2.8140545e-20	1
0	0.1649409	-0.9862235	0.00045570737	0	-0.002513274	0	0.1649409	-0.9862235	0.00045570737	2.8635852e-20	1
0	0.1697594	-0.98540497	0.00048178318	0	-0.0018849556	0	0.1697594	-0.98540497	0.00048178318	2.888322e-20	1
0	0.17486003	-0.98451185	0.0005093652	0	-0.001256637	0	0.17486003	-0.98451185	0.0005093652	2.913037e-20	1
0	0.17486003	-0.98451185	0.0005093652	0	-0.0010053096	0	0.17486003	-0.98451185	0.0005093652	2.9229186e-20	1
0	0.1802797	-0.98353314	0.0005386395	0	-0.0006283185	0	0.1802797	-0.98353314	0.0005386395	2.937729e-20	1
0	0.1802797	-0.98353314	0.0005386395	0	-0.0002513274	0	0.1802797	-0.98353314	0.0005386395	2.9525365e-20	1
0	0.18485928	-0.982682	0.000563344	0	-0.0001256637	0	0.18485928	-0.982682	0.000563344	2.9574638e-20	1
0	0.18485928	-0.982682	0.000563344	0	-6.283185e-05	0	0.18485928	-0.982682	0.000563344	2.9599295e-20	1
0	0.18485928	-0.982682	0.000563344	0	-2.5132742e-05	0	0.18485928	-0.982682	0.000563344	2.961409e-20	1
0	0.18485928	-0.982682	0.000563344	0	-1.2566371e-05	0	0.18485928	-0.982682	0.000563344	2.961902e-20	1
0	0.18485928	-0.982682	0.000563344	0	-6.2831855e-06	0	0.18485928	-0.982682	0.000563344	2.9621486e-20	1
0	0.18485928	-0.982682	0.000563344	0	-2.513274e-06	0	0.18485928	-0.982682	0.000563344	2.9622966e-20	1
0	0.18485928	-0.982682	0.000563344	0	-1.256637e-06	0	0.18485928	-0.982682	0.000563344	2.962346e-20	1
0	0.18485928	-0.982682	0.000563344	0	-6.283185e-07	0	0.18485928	-0.982682	0.000563344	2.9623706e-20	1
0	0.18485928	-0.982682	0.000563344	0	-2.513274e-07	0	0.18485928	-0.982682	0.000563344	2.9623855e-20	1
0	0.18485928	-0.982682	0.000563344	0	-1.256637e-07	0	0.18485928	-0.982682	0.000563344	2.9623903e-20	1
0	0.18485928	-0.982682	0.000563344	0	0	0	0.18485928	-0.982682	0.000563344	2.9623955e-20	1
0	0.18485928	-0.982682	0.000563344	0	1.256637e-07	0	0.18485928	-0.982682	0.000563344	2.9624003e-20	1
0	0.18485928	-0.982682	0.000563344	0	2.513274e-07	0	0.18485928	-0.982682	0.000563344	2.9624052e-20	1
0	0.18485928	-0.982682	0.000563344	0	6.283185e-07	0	0.18485928	-0.982682	0.000563344	2.96242e-20	1
0	0.18485928	-0.982682	0.000563344	0	1.256637e-06	0	0.18485928	-0.982682	0.000563344	2.9624446e-20	1
0	0.18485928	-0.982682	0.000563344	0	2.513274e-06	0	0.18485928	-0.982682	0.000563344	2.962494e-20	1
0	0.18485928	-0.982682	0.000563344	0	6.2831855e-06	0	0.18485928	-0.982682	0.000563344	2.962642e-20	1
0	0.18485928	-0.982682	0.000563344	0	1.2566371e-05	0	0.18485928	-0.982682	0.000563344	2.9628886e-20	1
0	0.18485928	-0.982682	0.000563344	0	2.5132742e-05	0	0.18485928	-0.982682	0.000563344	2.9633817e-20	1
0	0.18485928	-0.982682	0.000563344	0	6.283185e-05	0	0.18485928	-0.982682	0.000563344	2.9648612e-20	1
0	0.18485928	-0.982682	0.000563344	0	0.0001256637	0	0.18485928	-0.982682	0.000563344	2.967327e-20	1
0	0.18844005	-0.98200107	0.0005826319	0	0.0002513274	0	0.18844005	-0.98200107	0.0005826319	2.9722535e-20	1
0	0.19216794	-0.9812778	0.0006026859	0	0.0006283185	0	0.19216794	-0.9812778	0.0006026859	2.9870326e-20	1
0	0.19604364	-0.9805103	0.0006235008	0	0.0010053096	0	0.19604364	-0.9805103	0.0006235008	3.0018003e-20	1
0	0.19877389	-0.9799601	0.0006381405	0	0.001256637	0	0.19877389	-0.9799601	0.0006381405	3.0116392e-20	1
0	0.20578155	-0.97851145	0.0006756276	0	0.0018849556	0	0.20578155	-0.97851145	0.0006756276	3.0362114e-20	1
0	0.21335968	-0.9768858	0.00071599195	0	0.002513274	0	0.21335968	-0.9768858	0.00071599195	3.0607444e-20	1
0	0.23059022	-0.97295976	0.000806954	0	0.0037699111	0	0.23059022	-0.97295976	0.000806954	3.1096747e-20	1
0	0.27786392	-0.9605192	0.0010483766	0	0.0062831854	0	0.27786392	-0.9605192	0.0010483766	3.206777e-20	1
0	-0.9951153	0.09795135	0.0026807792	0	0.009424778	0	-0.9951153	0.09795135	0.0026807792	2.7618843e-20	1
0	-0.11272095	0.99355346	-0.00017397317	0	0.012566371	0	-0.11272095	0.99355346	-0.00017397317	2.4658954e-20	1
0	-0.093630835	0.99553573	-7.2659255e-05	0	0.018849555	0	-0.093630835	0.99553573	-7.2659255e-05	2.2163167e-20	1
0	-0.07988562	0.99673414	-8.5512863e-07	0	0.025132742	0	-0.07988562	0.99673414	-8.5512863e-07	1.9663498e-20	1
0	-0.06150583	0.99803865	9.290928e-05	0	0.03769911	0	-0.06150583	0.99803865	9.290928e-05	1.465769e-20	1
0	-0.04987988	0.99868846	0.0001502191	0	0.050265484	0	-0.04987988	0.99868846	0.0001502191	9.647227e-21	1
0	-0.041893944	0.99905634	0.0001881865	0	0.06283186	0	-0.041893944	0.99905634	0.0001881865	4.634298e-21	1
