# t (s)	mx ()	my ()	mz ()	B_extx (T)	B_exty (T)	B_extz (T)	mx ()	my ()	mz ()	E_total (J)	branch ()
0	0.9998554	-0.01092542	0.0064649447	0.06283186	0	0	0.9998554	-0.01092542	0.0064649447	2.8670318e-21	-1
0	0.999835	-0.012571301	0.006513657	0.050265484	0	0	0.999835	-0.012571301	0.006513657	7.884766e-21	-1
0	0.9998034	-0.014797101	0.006562424	0.03769911	0	0	0.9998034	-0.014797101	0.006562424	1.2902374e-20	-1
0	0.99975026	-0.01797605	0.0066106766	0.025132742	0	0	0.99975026	-0.01797605	0.0066106766	1.7919771e-20	-1
0	0.9997084	-0.0201402	0.0066342363	0.018849555	0	0	0.9997084	-0.0201402	0.0066342363	2.0428348e-20	-1
0	0.9996486	-0.022893408	0.0066570425	0.012566371	0	0	0.9996486	-0.022893408	0.0066570425	2.2936796e-20	-1
0	0.9996084	-0.024569534	0.0066679637	0.009424778	0	0	0.9996084	-0.024569534	0.0066679637	2.4190958e-20	-1
0	0.9995583	-0.02651719	0.006678436	0.0062831854	0	0	0.9995583	-0.02651719	0.006678436	2.5445064e-20	-1
0	0.99950945	-0.028293427	0.006686407	0.0037699111	0	0	0.99950945	-0.028293427	0.006686407	2.6448297e-20	-1
0	0.9994808	-0.029283341	0.0066902116	0.002513274	0	0	0.9994808	-0.029283341	0.0066902116	2.6949895e-20	-1
0	0.9994657	-0.029790562	0.006692078	0.0018849556	0	0	0.9994657	-0.029790562	0.006692078	2.7200687e-20	-1
0	0.99944925	-0.030333929	0.006693883	0.001256637	0	0	0.99944925	-0.030333929	0.006693883	2.7451475e-20	-1
0	0.99944925	-0.030333929	0.006693883	0.0010053096	0	0	0.99944925	-0.030333929	0.006693883	2.755179e-20	-1
0	0.9994321	-0.030893963	0.0066956314	0.0006283185	0	0	0.9994321	-0.030893963	0.0066956314	2.7702266e-20	-1
0	0.99942136	-0.03123778	0.0066966843	0.0002513274	0	0	0.99942136	-0.03123778	0.0066966843	2.7852732e-20	-1
0	0.99942136	-0.03123778	0.0066966843	0.0001256637	0	0	0.99942136	-0.03123778	0.0066966843	2.7902886e-20	-1
0	0.99942136	-0.03123778	0.0066966843	6.283185e-05	0	0	0.99942136	-0.03123778	0.0066966843	2.7927967e-20	-1
0	0.99942136	-0.03123778	0.0066966843	2.5132742e-05	0	0	0.99942136	-0.03123778	0.0066966843	2.794301e-20	-1
0	0.99942136	-0.03123778	0.0066966843	1.2566371e-05	0	0	0.99942136	-0.03123778	0.0066966843	2.794803e-20	-1
0	0.99942136	-0.03123778	0.0066966843	6.2831855e-06	0	0	0.99942136	-0.03123778	0.0066966843	2.7950536e-20	-1
0	0.99942136	-0.03123778	0.0066966843	2.513274e-06	0	0	0.99942136	-0.03123778	0.0066966843	2.795204e-20	-1
0	0.99942136	-0.03123778	0.0066966843	1.256637e-06	0	0	0.99942136	-0.03123778	0.0066966843	2.7952543e-20	-1
0	0.99942136	-0.03123778	0.0066966843	6.283185e-07	0	0	0.99942136	-0.03123778	0.0066966843	2.7952792e-20	-1
0	0.99942136	-0.03123778	0.0066966843	2.513274e-07	0	0	0.99942136	-0.03123778	0.0066966843	2.7952944e-20	-1
0	0.99942136	-0.03123778	0.0066966843	1.256637e-07	0	0	0.99942136	-0.03123778	0.0066966843	2.7952992e-20	-1
0	0.99942136	-0.03123778	0.0066966843	0	0	0	0.99942136	-0.03123778	0.0066966843	2.7953044e-20	-1
0	0.99942136	-0.03123778	0.0066966843	-1.256637e-07	0	0	0.99942136	-0.03123778	0.0066966843	2.7953092e-20	-1
0	0.99942136	-0.03123778	0.0066966843	-2.513274e-07	0	0	0.99942136	-0.03123778	0.0066966843	2.7953144e-20	-1
0	0.99942136	-0.03123778	0.0066966843	-6.283185e-07	0	0	0.99942136	-0.03123778	0.0066966843	2.7953292e-20	-1
0	0.99942136	-0.03123778	0.0066966843	-1.256637e-06	0	0	0.99942136	-0.03123778	0.0066966843	2.7953545e-20	-1
0	0.99942136	-0.03123778	0.0066966843	-2.513274e-06	0	0	0.99942136	-0.03123778	0.0066966843	2.7954045e-20	-1
0	0.99942136	-0.03123778	0.0066966843	-6.2831855e-06	0	0	0.99942136	-0.03123778	0.0066966843	2.795555e-20	-1
0	0.99942136	-0.03123778	0.0066966843	-1.2566371e-05	0	0	0.99942136	-0.03123778	0.0066966843	2.795806e-20	-1
0	0.99942136	-0.03123778	0.0066966843	-2.5132742e-05	0	0	0.99942136	-0.03123778	0.0066966843	2.7963073e-20	-1
0	0.99942136	-0.03123778	0.0066966843	-6.283185e-05	0	0	0.99942136	-0.03123778	0.0066966843	2.797812e-20	-1
0	0.9994104	-0.031585455	0.006697718	-0.0001256637	0	0	0.9994104	-0.031585455	0.006697718	2.8003198e-20	-1
0	0.9994066	-0.031706598	0.0066980515	-0.0002513274	0	0	0.9994066	-0.031706598	0.0066980515	2.8053352e-20	-1
0	0.99939483	-0.032071784	0.006699049	-0.0006283185	0	0	0.99939483	-0.032071784	0.006699049	2.8203818e-20	-1
0	0.99938273	-0.032446317	0.006700024	-0.0010053096	0	0	0.99938273	-0.032446317	0.006700024	2.8354284e-20	-1
0	0.99938273	-0.032446317	0.006700024	-0.001256637	0	0	0.99938273	-0.032446317	0.006700024	2.845459e-20	-1
0	0.9993534	-0.03333573	0.006702262	-0.0018849556	0	0	0.9993534	-0.03333573	0.006702262	2.8705355e-20	-1
0	0.9993306	-0.0340105	0.0067037665	-0.002513274	0	0	0.9993306	-0.0340105	0.0067037665	2.8956117e-20	-1
0	0.9992807	-0.035442296	0.0067066327	-0.0037699111	0	0	0.9992807	-0.035442296	0.0067066327	2.9457617e-20	-1
0	0.9991598	-0.03869329	0.0067113265	-0.0062831854	0	0	0.9991598	-0.03869329	0.0067113265	3.0460538e-20	-1
0	0.99895287	-0.043700166	0.0067147715	-0.009424778	0	0	0.99895287	-0.043700166	0.0067147715	3.1713985e-20	-1
0	0.99865043	-0.050130777	0.0067141047	-0.012566371	0	0	0.99865043	-0.050130777	0.0067141047	3.2967128e-20	-1
0	0.9973775	-0.071074486	0.006685106	-0.018849555	0	0	0.9973775	-0.071074486	0.006685106	3.5471666e-20	-1
0	0.99228823	-0.123171195	0.0065104207	-0.025132742	0	0	0.99228823	-0.123171195	0.0065104207	3.7969726e-20	-1
0	-0.9998034	0.014796491	-0.0065624183	-0.03769911	0	0	-0.9998034	0.014796491	-0.0065624183	1.2902375e-20	-1
0	-0.99983495	0.012571754	-0.0065136557	-0.050265484	0	0	-0.99983495	0.012571754	-0.0065136557	7.884768e-21	-1
0	-0.9998554	0.010927427	-0.0064649484	-0.06283186	0	0	-0.9998554	0.010927427	-0.0064649484	2.8670312e-21	-1
0	-0.9998554	0.010927427	-0.0064649484	-0.06283186	0	0	-0.9998554	0.010927427	-0.0064649484	2.8670312e-21	1
0	-0.999835	0.012570959	-0.006513656	-0.050265484	0	0	-0.999835	0.012570959	-0.006513656	7.884765e-21	1
0	-0.9998034	0.014797196	-0.006562424	-0.03769911	0	0	-0.9998034	0.014797196	-0.006562424	1.2902374e-20	1
0	-0.99975014	0.01797783	-0.0066106757	-0.025132742	0	0	-0.99975014	0.01797783	-0.0066106757	1.791977e-20	1
0	-0.9997084	0.020138267	-0.006634238	-0.018849555	0	0	-0.9997084	0.020138267	-0.006634238	2.0428346e-20	1
0	-0.99964845	0.022894379	-0.006657021	-0.012566371	0	0	-0.99964845	0.022894379	-0.006657021	2.2936799e-20	1
0	-0.9996084	0.024569575	-0.00666796	-0.009424778	0	0	-0.9996084	0.024569575	-0.00666796	2.4190958e-20	1
0	-0.9995587	0.026504941	-0.0066784397	-0.0062831854	0	0	-0.9995587	0.026504941	-0.0066784397	2.5445068e-20	1
0	-0.99950945	0.028292768	-0.0066864155	-0.0037699111	0	0	-0.99950945	0.028292768	-0.0066864155	2.6448297e-20	1
0	-0.9994807	0.029283773	-0.0066902237	-0.002513274	0	0	-0.9994807	0.029283773	-0.0066902237	2.6949893e-20	1
0	-0.9994654	0.029802244	-0.0066920593	-0.0018849556	0	0	-0.9994654	0.029802244	-0.0066920593	2.7200687e-20	1
0	-0.99944925	0.03033567	-0.0066938773	-0.001256637	0	0	-0.99944925	0.03033567	-0.0066938773	2.745148e-20	1
0	-0.99944925	0.03033567	-0.0066938773	-0.0010053096	0	0	-0.99944925	0.03033567	-0.0066938773	2.7551793e-20	1
0	-0.99943244	0.030883316	-0.0066956626	-0.0006283185	0	0	-0.99943244	0.030883316	-0.0066956626	2.7702263e-20	1
0	-0.99942124	0.03124217	-0.0066966778	-0.0002513274	0	0	-0.99942124	0.03124217	-0.0066966778	2.7852732e-20	1
0	-0.99942124	0.03124217	-0.0066966778	-0.0001256637	0	0	-0.99942124	0.03124217	-0.0066966778	2.7902886e-20	1
0	-0.99942124	0.03124217	-0.0066966778	-6.283185e-05	0	0	-0.99942124	0.03124217	-0.0066966778	2.7927967e-20	1
0	-0.99942124	0.03124217	-0.0066966778	-2.5132742e-05	0	0	-0.99942124	0.03124217	-0.0066966778	2.794301e-20	1
0	-0.99942124	0.03124217	-0.0066966778	-1.2566371e-05	0	0	-0.99942124	0.03124217	-0.0066966778	2.794803e-20	1
0	-0.99942124	0.03124217	-0.0066966778	-6.2831855e-06	0	0	-0.99942124	0.03124217	-0.0066966778	2.7950536e-20	1
0	-0.99942124	0.03124217	-0.0066966778	-2.513274e-06	0	0	-0.99942124	0.03124217	-0.0066966778	2.795204e-20	1
0	-0.99942124	0.03124217	-0.0066966778	-1.256637e-06	0	0	-0.99942124	0.03124217	-0.0066966778	2.7952543e-20	1
0	-0.99942124	0.03124217	-0.0066966778	-6.283185e-07	0	0	-0.99942124	0.03124217	-0.0066966778	2.7952792e-20	1
0	-0.99942124	0.03124217	-0.0066966778	-2.513274e-07	0	0	-0.99942124	0.03124217	-0.0066966778	2.7952944e-20	1
0	-0.99942124	0.03124217	-0.0066966778	-1.256637e-07	0	0	-0.99942124	0.03124217	-0.0066966778	2.7952992e-20	1
0	-0.99942124	0.03124217	-0.0066966778	0	0	0	-0.99942124	0.03124217	-0.0066966778	2.7953044e-20	1
0	-0.99942124	0.03124217	-0.0066966778	1.256637e-07	0	0	-0.99942124	0.03124217	-0.0066966778	2.7953092e-20	1
0	-0.99942124	0.03124217	-0.0066966778	2.513274e-07	0	0	-0.99942124	0.03124217	-0.0066966778	2.7953144e-20	1
0	-0.99942124	0.03124217	-0.0066966778	6.283185e-07	0	0	-0.99942124	0.03124217	-0.0066966778	2.7953296e-20	1
0	-0.99942124	0.03124217	-0.0066966778	1.256637e-06	0	0	-0.99942124	0.03124217	-0.0066966778	2.7953545e-20	1
0	-0.99942124	0.03124217	-0.0066966778	2.513274e-06	0	0	-0.99942124	0.03124217	-0.0066966778	2.7954045e-20	1
0	-0.99942124	0.03124217	-0.0066966778	6.2831855e-06	0	0	-0.99942124	0.03124217	-0.0066966778	2.795555e-20	1
0	-0.99942124	0.03124217	-0.0066966778	1.2566371e-05	0	0	-0.99942124	0.03124217	-0.0066966778	2.795806e-20	1
0	-0.99942124	0.03124217	-0.0066966778	2.5132742e-05	0	0	-0.99942124	0.03124217	-0.0066966778	2.7963073e-20	1
0	-0.99942124	0.03124217	-0.0066966778	6.283185e-05	0	0	-0.99942124	0.03124217	-0.0066966778	2.797812e-20	1
0	-0.9994103	0.031589013	-0.006697712	0.0001256637	0	0	-0.9994103	0.031589013	-0.006697712	2.80032e-20	1
0	-0.9994103	0.031589013	-0.006697712	0.0002513274	0	0	-0.9994103	0.031589013	-0.006697712	2.8053355e-20	1
0	-0.9993949	0.032070834	-0.006699048	0.0006283185	0	0	-0.9993949	0.032070834	-0.006699048	2.8203818e-20	1
0	-0.99938333	0.032429613	-0.006700054	0.0010053096	0	0	-0.99938333	0.032429613	-0.006700054	2.8354284e-20	1
0	-0.99938333	0.032429613	-0.006700054	0.001256637	0	0	-0.99938333	0.032429613	-0.006700054	2.8454593e-20	1
0	-0.99935305	0.033344533	-0.006702246	0.0018849556	0	0	-0.99935305	0.033344533	-0.006702246	2.870535e-20	1
0	-0.9993306	0.034010854	-0.006703773	0.002513274	0	0	-0.9993306	0.034010854	-0.006703773	2.8956117e-20	1
0	-0.99928075	0.035439618	-0.0067066103	0.0037699111	0	0	-0.99928075	0.035439618	-0.0067066103	2.9457614e-20	1
0	-0.9991598	0.038693156	-0.006711327	0.0062831854	0	0	-0.9991598	0.038693156	-0.006711327	3.0460538e-20	1
0	-0.99895334	0.043690372	-0.006714795	0.009424778	0	0	-0.99895334	0.043690372	-0.006714795	3.1713988e-20	1
0	-0.99865055	0.05012899	-0.0067141075	0.012566371	0	0	-0.99865055	0.05012899	-0.0067141075	3.2967122e-20	1
0	-0.99737805	0.071066424	-0.00668516	0.018849555	0	0	-0.99737805	0.071066424	-0.00668516	3.5471666e-20	1
0	-0.9922856	0.12319293	-0.00651031	0.025132742	0	0	-0.9922856	0.12319293	-0.00651031	3.7969726e-20	1
0	0.9998034	-0.01479935	0.006562422	0.03769911	0	0	0.9998034	-0.01479935	0.006562422	1.2902372e-20	1
0	0.999835	-0.012572024	0.006513656	0.050265484	0	0	0.999835	-0.012572024	0.006513656	7.884768e-21	1
0	0.99985534	-0.010928025	0.0064649405	0.06283186	0	0	0.99985534	-0.010928025	0.0064649405	2.867035e-21	1
