# t (s)	mx ()	my ()	mz ()	B_extx (T)	B_exty (T)	B_extz (T)	mx ()	my ()	mz ()	E_total (J)	branch ()
0	0.010986045	0.99986	0.005496137	0	0.06283186	0	0.010986045	0.99986	0.005496137	4.1548624e-21	-1
0	0.01286123	0.99983656	0.0055444166	0	0.050265484	0	0.01286123	0.99983656	0.0055444166	9.17261e-21	-1
0	0.015505541	0.99979794	0.005595036	0	0.03769911	0	0.015505541	0.99979794	0.005595036	1.4190206e-20	-1
0	0.019517586	0.9997266	0.005649168	0	0.025132742	0	0.019517586	0.9997266	0.005649168	1.9207538e-20	-1
0	0.022423424	0.999665	0.005678269	0	0.018849555	0	0.022423424	0.999665	0.005678269	2.1716034e-20	-1
0	0.026327826	0.9995692	0.005709407	0	0.012566371	0	0.026327826	0.9995692	0.005709407	2.4224335e-20	-1
0	0.028842404	0.99949944	0.0057260385	0	0.009424778	0	0.028842404	0.99949944	0.0057260385	2.547838e-20	-1
0	0.031885672	0.9994066	0.0057436056	0	0.0062831854	0	0.031885672	0.9994066	0.0057436056	2.6732325e-20	-1
0	0.03481524	0.99930847	0.005758486	0	0.0037699111	0	0.03481524	0.99930847	0.005758486	2.773538e-20	-1
0	0.036507905	0.9992479	0.005766293	0	0.002513274	0	0.036507905	0.9992479	0.005766293	2.8236867e-20	-1
0	0.037407227	0.99921453	0.0057702744	0	0.0018849556	0	0.037407227	0.99921453	0.0057702744	2.84876e-20	-1
0	0.03834929	0.99917877	0.0057743182	0	0.001256637	0	0.03834929	0.99917877	0.0057743182	2.8738326e-20	-1
0	0.03876186	0.9991628	0.0057759937	0	0.0010053096	0	0.03876186	0.9991628	0.0057759937	2.8838612e-20	-1
0	0.03936663	0.9991391	0.005778479	0	0.0006283185	0	0.03936663	0.9991391	0.005778479	2.898904e-20	-1
0	0.039984934	0.99911445	0.005780981	0	0.0002513274	0	0.039984934	0.99911445	0.005780981	2.9139463e-20	-1
0	0.039984934	0.99911445	0.005780981	0	0.0001256637	0	0.039984934	0.99911445	0.005780981	2.9189604e-20	-1
0	0.039984934	0.99911445	0.005780981	0	6.283185e-05	0	0.039984934	0.99911445	0.005780981	2.9214675e-20	-1
0	0.039984934	0.99911445	0.005780981	0	2.5132742e-05	0	0.039984934	0.99911445	0.005780981	2.9229716e-20	-1
0	0.039984934	0.99911445	0.005780981	0	1.2566371e-05	0	0.039984934	0.99911445	0.005780981	2.923473e-20	-1
0	0.039984934	0.99911445	0.005780981	0	6.2831855e-06	0	0.039984934	0.99911445	0.005780981	2.9237238e-20	-1
0	0.039984934	0.99911445	0.005780981	0	2.513274e-06	0	0.039984934	0.99911445	0.005780981	2.923874e-20	-1
0	0.039984934	0.99911445	0.005780981	0	1.256637e-06	0	0.039984934	0.99911445	0.005780981	2.9239242e-20	-1
0	0.039984934	0.99911445	0.005780981	0	6.283185e-07	0	0.039984934	0.99911445	0.005780981	2.9239494e-20	-1
0	0.039984934	0.99911445	0.005780981	0	2.513274e-07	0	0.039984934	0.99911445	0.005780981	2.9239642e-20	-1
0	0.039984934	0.99911445	0.005780981	0	1.256637e-07	0	0.039984934	0.99911445	0.005780981	2.9239694e-20	-1
0	0.039984934	0.99911445	0.005780981	0	0	0	0.039984934	0.99911445	0.005780981	2.9239743e-20	-1
0	0.039984934	0.99911445	0.005780981	0	-1.256637e-07	0	0.039984934	0.99911445	0.005780981	2.9239794e-20	-1
0	0.039984934	0.99911445	0.005780981	0	-2.513274e-07	0	0.039984934	0.99911445	0.005780981	2.9239846e-20	-1
0	0.039984934	0.99911445	0.005780981	0	-6.283185e-07	0	0.039984934	0.99911445	0.005780981	2.9239995e-20	-1
0	0.039984934	0.99911445	0.005780981	0	-1.256637e-06	0	0.039984934	0.99911445	0.005780981	2.9240247e-20	-1
0	0.039984934	0.99911445	0.005780981	0	-2.513274e-06	0	0.039984934	0.99911445	0.005780981	2.9240747e-20	-1
0	0.039984934	0.99911445	0.005780981	0	-6.2831855e-06	0	0.039984934	0.99911445	0.005780981	2.924225e-20	-1
0	0.039984934	0.99911445	0.005780981	0	-1.2566371e-05	0	0.039984934	0.99911445	0.005780981	2.9244757e-20	-1
0	0.039984934	0.99911445	0.005780981	0	-2.5132742e-05	0	0.039984934	0.99911445	0.005780981	2.9249772e-20	-1
0	0.040539123	0.9990921	0.0057831286	0	-6.283185e-05	0	0.040539123	0.9990921	0.0057831286	2.926481e-20	-1
0	0.040539123	0.9990921	0.0057831286	0	-0.0001256637	0	0.040539123	0.9990921	0.0057831286	2.928988e-20	-1
0	0.040539123	0.9990921	0.0057831286	0	-0.0002513274	0	0.040539123	0.9990921	0.0057831286	2.934002e-20	-1
0	0.04152546	0.99905145	0.0057869656	0	-0.0006283185	0	0.04152546	0.99905145	0.0057869656	2.9490436e-20	-1
0	0.04223025	0.9990219	0.0057895947	0	-0.0010053096	0	0.04223025	0.9990219	0.0057895947	2.9640848e-20	-1
0	0.04223025	0.9990219	0.0057895947	0	-0.001256637	0	0.04223025	0.9990219	0.0057895947	2.9741117e-20	-1
0	0.043953996	0.9989474	0.005795821	0	-0.0018849556	0	0.043953996	0.9989474	0.005795821	2.9991785e-20	-1
0	0.045265265	0.99888873	0.0058003804	0	-0.002513274	0	0.045265265	0.99888873	0.0058003804	3.0242437e-20	-1
0	0.048156753	0.9987532	0.005809813	0	-0.0037699111	0	0.048156753	0.9987532	0.005809813	3.07437e-20	-1
0	0.055235185	0.99838626	0.0058301534	0	-0.0062831854	0	0.055235185	0.99838626	0.0058301534	3.1745974e-20	-1
0	0.067832194	0.99760854	0.0058590337	0	-0.009424778	0	0.067832194	0.99760854	0.0058590337	3.2998144e-20	-1
0	0.08822437	0.99601054	0.0058920085	0	-0.012566371	0	0.08822437	0.99601054	0.0058920085	3.4248906e-20	-1
0	-0.022423733	-0.999665	-0.00567827	0	-0.018849555	0	-0.022423733	-0.999665	-0.00567827	2.1716037e-20	-1
0	-0.019527217	-0.9997264	-0.0056491615	0	-0.025132742	0	-0.019527217	-0.9997264	-0.0056491615	1.9207541e-20	-1
0	-0.015510391	-0.99979794	-0.005595046	0	-0.03769911	0	-0.015510391	-0.99979794	-0.005595046	1.4190206e-20	-1
0	-0.01286538	-0.9998365	-0.0055444264	0	-0.050265484	0	-0.01286538	-0.9998365	-0.0055444264	9.172611e-21	-1
0	-0.010989297	-0.9998599	-0.005496146	0	-0.06283186	0	-0.010989297	-0.9998599	-0.005496146	4.1548596e-21	-1
0	-0.010989297	-0.9998599	-0.005496146	0	-0.06283186	0	-0.010989297	-0.9998599	-0.005496146	4.1548596e-21	1
0	-0.012862612	-0.99983656	-0.0055444203	0	-0.050265484	0	-0.012862612	-0.99983656	-0.0055444203	9.1726074e-21	1
0	-0.0155090215	-0.99979794	-0.0055950433	0	-0.03769911	0	-0.0155090215	-0.99979794	-0.0055950433	1.4190204e-20	1
0	-0.019520272	-0.99972653	-0.0056491746	0	-0.025132742	0	-0.019520272	-0.99972653	-0.0056491746	1.920754e-20	1
0	-0.022419883	-0.9996651	-0.0056782616	0	-0.018849555	0	-0.022419883	-0.9996651	-0.0056782616	2.1716034e-20	1
0	-0.026329577	-0.99956906	-0.005709408	0	-0.012566371	0	-0.026329577	-0.99956906	-0.005709408	2.4224333e-20	1
0	-0.028840363	-0.99949944	-0.0057260348	0	-0.009424778	0	-0.028840363	-0.99949944	-0.0057260348	2.5478381e-20	1
0	-0.031880602	-0.9994067	-0.0057435976	0	-0.0062831854	0	-0.031880602	-0.9994067	-0.0057435976	2.6732324e-20	1
0	-0.03482809	-0.999308	-0.005758512	0	-0.0037699111	0	-0.03482809	-0.999308	-0.005758512	2.7735382e-20	1
0	-0.0365202	-0.99924743	-0.0057663172	0	-0.002513274	0	-0.0365202	-0.99924743	-0.0057663172	2.8236867e-20	1
0	-0.0374161	-0.9992142	-0.0057702903	0	-0.0018849556	0	-0.0374161	-0.9992142	-0.0057702903	2.8487603e-20	1
0	-0.038365584	-0.9991781	-0.005774304	0	-0.001256637	0	-0.038365584	-0.9991781	-0.005774304	2.873833e-20	1
0	-0.038365584	-0.9991781	-0.005774304	0	-0.0010053096	0	-0.038365584	-0.9991781	-0.005774304	2.8838615e-20	1
0	-0.03935627	-0.99913955	-0.0057784608	0	-0.0006283185	0	-0.03935627	-0.99913955	-0.0057784608	2.898904e-20	1
0	-0.039991654	-0.9991142	-0.005780993	0	-0.0002513274	0	-0.039991654	-0.9991142	-0.005780993	2.9139466e-20	1
0	-0.039991654	-0.9991142	-0.005780993	0	-0.0001256637	0	-0.039991654	-0.9991142	-0.005780993	2.9189608e-20	1
0	-0.039991654	-0.9991142	-0.005780993	0	-6.283185e-05	0	-0.039991654	-0.9991142	-0.005780993	2.9214678e-20	1
0	-0.039991654	-0.9991142	-0.005780993	0	-2.5132742e-05	0	-0.039991654	-0.9991142	-0.005780993	2.922972e-20	1
0	-0.039991654	-0.9991142	-0.005780993	0	-1.2566371e-05	0	-0.039991654	-0.9991142	-0.005780993	2.9234734e-20	1
0	-0.039991654	-0.9991142	-0.005780993	0	-6.2831855e-06	0	-0.039991654	-0.9991142	-0.005780993	2.923724e-20	1
0	-0.039991654	-0.9991142	-0.005780993	0	-2.513274e-06	0	-0.039991654	-0.9991142	-0.005780993	2.9238744e-20	1
0	-0.039991654	-0.9991142	-0.005780993	0	-1.256637e-06	0	-0.039991654	-0.9991142	-0.005780993	2.9239245e-20	1
0	-0.039991654	-0.9991142	-0.005780993	0	-6.283185e-07	0	-0.039991654	-0.9991142	-0.005780993	2.9239497e-20	1
0	-0.039991654	-0.9991142	-0.005780993	0	-2.513274e-07	0	-0.039991654	-0.9991142	-0.005780993	2.9239646e-20	1
0	-0.039991654	-0.9991142	-0.005780993	0	-1.256637e-07	0	-0.039991654	-0.9991142	-0.005780993	2.9239697e-20	1
0	-0.039991654	-0.9991142	-0.005780993	0	0	0	-0.039991654	-0.9991142	-0.005780993	2.9239746e-20	1
0	-0.039991654	-0.9991142	-0.005780993	0	1.256637e-07	0	-0.039991654	-0.9991142	-0.005780993	2.9239797e-20	1
0	-0.039991654	-0.9991142	-0.005780993	0	2.513274e-07	0	-0.039991654	-0.9991142	-0.005780993	2.9239846e-20	1
0	-0.039991654	-0.9991142	-0.005780993	0	6.283185e-07	0	-0.039991654	-0.9991142	-0.005780993	2.9239998e-20	1
0	-0.039991654	-0.9991142	-0.005780993	0	1.256637e-06	0	-0.039991654	-0.9991142	-0.005780993	2.924025e-20	1
0	-0.039991654	-0.9991142	-0.005780993	0	2.513274e-06	0	-0.039991654	-0.9991142	-0.005780993	2.924075e-20	1
0	-0.039991654	-0.9991142	-0.005780993	0	6.2831855e-06	0	-0.039991654	-0.9991142	-0.005780993	2.9242253e-20	1
0	-0.039991654	-0.9991142	-0.005780993	0	1.2566371e-05	0	-0.039991654	-0.9991142	-0.005780993	2.924476e-20	1
0	-0.039991654	-0.9991142	-0.005780993	0	2.5132742e-05	0	-0.039991654	-0.9991142	-0.005780993	2.9249775e-20	1
0	-0.04049758	-0.9990938	-0.0057830573	0	6.283185e-05	0	-0.04049758	-0.9990938	-0.0057830573	2.9264813e-20	1
0	-0.04049758	-0.9990938	-0.0057830573	0	0.0001256637	0	-0.04049758	-0.9990938	-0.0057830573	2.9289884e-20	1
0	-0.04049758	-0.9990938	-0.0057830573	0	0.0002513274	0	-0.04049758	-0.9990938	-0.0057830573	2.9340025e-20	1
0	-0.04152017	-0.9990517	-0.0057869554	0	0.0006283185	0	-0.04152017	-0.9990517	-0.0057869554	2.9490436e-20	1
0	-0.04223444	-0.99902165	-0.0057895994	0	0.0010053096	0	-0.04223444	-0.99902165	-0.0057895994	2.9640844e-20	1
0	-0.04223444	-0.99902165	-0.0057895994	0	0.001256637	0	-0.04223444	-0.99902165	-0.0057895994	2.9741117e-20	1
0	-0.04393095	-0.99894834	-0.0057957834	0	0.0018849556	0	-0.04393095	-0.99894834	-0.0057957834	2.999179e-20	1
0	-0.045266032	-0.9988886	-0.005800374	0	0.002513274	0	-0.045266032	-0.9988886	-0.005800374	3.0242437e-20	1
0	-0.0481679	-0.9987527	-0.0058098324	0	0.0037699111	0	-0.0481679	-0.9987527	-0.0058098324	3.0743702e-20	1
0	-0.055239897	-0.99838597	-0.0058301664	0	0.0062831854	0	-0.055239897	-0.99838597	-0.0058301664	3.174598e-20	1
0	-0.06775442	-0.9976138	-0.005858939	0	0.009424778	0	-0.06775442	-0.9976138	-0.005858939	3.299814e-20	1
0	-0.08827187	-0.99600637	-0.0058920514	0	0.012566371	0	-0.08827187	-0.99600637	-0.0058920514	3.4248906e-20	1
0	0.022429641	0.9996649	0.005678282	0	0.018849555	0	0.022429641	0.9996649	0.005678282	2.1716032e-20	1
0	0.019527247	0.9997264	0.0056491885	0	0.025132742	0	0.019527247	0.9997264	0.0056491885	1.9207541e-20	1
0	0.015511062	0.99979794	0.0055950396	0	0.03769911	0	0.015511062	0.99979794	0.0055950396	1.4190206e-20	1
0	0.012864941	0.9998365	0.005544423	0	0.050265484	0	0.012864941	0.9998365	0.005544423	9.172611e-21	1
0	0.010987815	0.9998599	0.0054961406	0	0.06283186	0	0.010987815	0.9998599	0.0054961406	4.1548596e-21	1
