# t (s)	mx ()	my ()	mz ()	B_extx (T)	B_exty (T)	B_extz (T)	mx ()	my ()	mz ()	E_total (J)	branch ()
0	0.066357404	0.997728	-0.0011670806	0	0.06283186	0	0.066357404	0.997728	-0.0011670806	4.667076e-21	-1
0	0.08046648	0.9966876	-0.0013450807	0	0.050265484	0	0.08046648	0.9966876	-0.0013450807	9.6718125e-21	-1
0	0.10163862	0.99474895	-0.0016139805	0	0.03769911	0	0.10163862	0.99474895	-0.0016139805	1.4669376e-20	-1
0	0.13615894	0.9906097	-0.0020562708	0	0.025132742	0	0.13615894	0.9906097	-0.0020562708	1.965257e-20	-1
0	0.16250083	0.98662674	-0.0023949696	0	0.018849555	0	0.16250083	0.98662674	-0.0023949696	2.2133668e-20	-1
0	0.19930783	0.97984827	-0.0028657792	0	0.012566371	0	0.19930783	0.97984827	-0.0028657792	2.4601658e-20	-1
0	0.22353101	0.9746029	-0.003171346	0	0.009424778	0	0.22353101	0.9746029	-0.003171346	2.5827884e-20	-1
0	0.25341594	0.9672563	-0.0035404149	0	0.0062831854	0	0.25341594	0.9672563	-0.0035404149	2.7046302e-20	-1
0	0.28285557	0.95905364	-0.0038920662	0	0.0037699111	0	0.28285557	0.95905364	-0.0038920662	2.8013237e-20	-1
0	0.30008322	0.95379925	-0.0040909126	0	0.002513274	0	0.30008322	0.95379925	-0.0040909126	2.8493257e-20	-1
0	0.3094644	0.9507946	-0.0041967006	0	0.0018849556	0	0.3094644	0.9507946	-0.0041967006	2.873222e-20	-1
0	0.319484	0.9474722	-0.00430757	0	0.001256637	0	0.319484	0.9474722	-0.00430757	2.8970382e-20	-1
0	0.319484	0.9474722	-0.00430757	0	0.0010053096	0	0.319484	0.9474722	-0.00430757	2.906548e-20	-1
0	0.3301683	0.9437994	-0.0044232197	0	0.0006283185	0	0.3301683	0.9437994	-0.0044232197	2.9207673e-20	-1
0	0.3301683	0.9437994	-0.0044232197	0	0.0002513274	0	0.3301683	0.9437994	-0.0044232197	2.9349764e-20	-1
0	0.33930266	0.94055164	-0.0045198495	0	0.0001256637	0	0.33930266	0.94055164	-0.0045198495	2.9396803e-20	-1
0	0.33930266	0.94055164	-0.0045198495	0	6.283185e-05	0	0.33930266	0.94055164	-0.0045198495	2.9420404e-20	-1
0	0.33930266	0.94055164	-0.0045198495	0	2.5132742e-05	0	0.33930266	0.94055164	-0.0045198495	2.9434566e-20	-1
0	0.33930266	0.94055164	-0.0045198495	0	1.2566371e-05	0	0.33930266	0.94055164	-0.0045198495	2.9439284e-20	-1
0	0.33930266	0.94055164	-0.0045198495	0	6.2831855e-06	0	0.33930266	0.94055164	-0.0045198495	2.9441646e-20	-1
0	0.33930266	0.94055164	-0.0045198495	0	2.513274e-06	0	0.33930266	0.94055164	-0.0045198495	2.944306e-20	-1
0	0.33930266	0.94055164	-0.0045198495	0	1.256637e-06	0	0.33930266	0.94055164	-0.0045198495	2.9443533e-20	-1
0	0.33930266	0.94055164	-0.0045198495	0	6.283185e-07	0	0.33930266	0.94055164	-0.0045198495	2.944377e-20	-1
0	0.33930266	0.94055164	-0.0045198495	0	2.513274e-07	0	0.33930266	0.94055164	-0.0045198495	2.944391e-20	-1
0	0.33930266	0.94055164	-0.0045198495	0	1.256637e-07	0	0.33930266	0.94055164	-0.0045198495	2.944396e-20	-1
0	0.33930266	0.94055164	-0.0045198495	0	0	0	0.33930266	0.94055164	-0.0045198495	2.9444004e-20	-1
0	0.33930266	0.94055164	-0.0045198495	0	-1.256637e-07	0	0.33930266	0.94055164	-0.0045198495	2.9444053e-20	-1
0	0.33930266	0.94055164	-0.0045198495	0	-2.513274e-07	0	0.33930266	0.94055164	-0.0045198495	2.9444098e-20	-1
0	0.33930266	0.94055164	-0.0045198495	0	-6.283185e-07	0	0.33930266	0.94055164	-0.0045198495	2.944424e-20	-1
0	0.33930266	0.94055164	-0.0045198495	0	-1.256637e-06	0	0.33930266	0.94055164	-0.0045198495	2.9444476e-20	-1
0	0.33930266	0.94055164	-0.0045198495	0	-2.513274e-06	0	0.33930266	0.94055164	-0.0045198495	2.9444948e-20	-1
0	0.33930266	0.94055164	-0.0045198495	0	-6.2831855e-06	0	0.33930266	0.94055164	-0.0045198495	2.9446366e-20	-1
0	0.33930266	0.94055164	-0.0045198495	0	-1.2566371e-05	0	0.33930266	0.94055164	-0.0045198495	2.9448725e-20	-1
0	0.33930266	0.94055164	-0.0045198495	0	-2.5132742e-05	0	0.33930266	0.94055164	-0.0045198495	2.9453446e-20	-1
0	0.33930266	0.94055164	-0.0045198495	0	-6.283185e-05	0	0.33930266	0.94055164	-0.0045198495	2.9467605e-20	-1
0	0.33930266	0.94055164	-0.0045198495	0	-0.0001256637	0	0.33930266	0.94055164	-0.0045198495	2.9491205e-20	-1
0	0.33930266	0.94055164	-0.0045198495	0	-0.0002513274	0	0.33930266	0.94055164	-0.0045198495	2.953841e-20	-1
0	0.35412872	0.93506634	-0.0046719722	0	-0.0006283185	0	0.35412872	0.93506634	-0.0046719722	2.9679205e-20	-1
0	0.35412872	0.93506634	-0.0046719722	0	-0.0010053096	0	0.35412872	0.93506634	-0.0046719722	2.9819984e-20	-1
0	0.36771604	0.9298034	-0.004805889	0	-0.001256637	0	0.36771604	0.9298034	-0.004805889	2.991319e-20	-1
0	0.38270319	0.9237315	-0.004947014	0	-0.0018849556	0	0.38270319	0.9237315	-0.004947014	3.0145754e-20	-1
0	0.3995707	0.9165567	-0.005096931	0	-0.002513274	0	0.3995707	0.9165567	-0.005096931	3.0376663e-20	-1
0	0.44243008	0.8966421	-0.0054301834	0	-0.0037699111	0	0.44243008	0.8966421	-0.0054301834	3.0832052e-20	-1
0	0.907249	-0.42025697	0.0060386183	0	-0.0062831854	0	0.907249	-0.42025697	0.0060386183	2.7176376e-20	-1
0	0.85730743	-0.51450443	0.0049162535	0	-0.009424778	0	0.85730743	-0.51450443	0.0049162535	2.6591412e-20	-1
0	0.7591737	-0.65063316	0.0027313079	0	-0.012566371	0	0.7591737	-0.65063316	0.0027313079	2.5871059e-20	-1
0	-0.16251361	-0.9866246	0.0023951344	0	-0.018849555	0	-0.16251361	-0.9866246	0.0023951344	2.213367e-20	-1
0	-0.13617027	-0.9906081	0.0020563926	0	-0.025132742	0	-0.13617027	-0.9906081	0.0020563926	1.9652572e-20	-1
0	-0.101644754	-0.99474835	0.0016140619	0	-0.03769911	0	-0.101644754	-0.99474835	0.0016140619	1.4669376e-20	-1
0	-0.08047407	-0.99668705	0.0013451702	0	-0.050265484	0	-0.08047407	-0.99668705	0.0013451702	9.671816e-21	-1
0	-0.06636237	-0.99772763	0.0011671402	0	-0.06283186	0	-0.06636237	-0.99772763	0.0011671402	4.6670802e-21	-1
0	-0.06636237	-0.99772763	0.0011671402	0	-0.06283186	0	-0.06636237	-0.99772763	0.0011671402	4.6670802e-21	1
0	-0.08046883	-0.9966874	0.0013451106	0	-0.050265484	0	-0.08046883	-0.9966874	0.0013451106	9.6718125e-21	1
0	-0.10163873	-0.99474895	0.0016139855	0	-0.03769911	0	-0.10163873	-0.99474895	0.0016139855	1.4669378e-20	1
0	-0.13616094	-0.9906094	0.002056269	0	-0.025132742	0	-0.13616094	-0.9906094	0.002056269	1.965257e-20	1
0	-0.16250035	-0.98662686	0.0023949617	0	-0.018849555	0	-0.16250035	-0.98662686	0.0023949617	2.2133673e-20	1
0	-0.19930452	-0.97984886	0.0028657373	0	-0.012566371	0	-0.19930452	-0.97984886	0.0028657373	2.4601657e-20	1
0	-0.22356457	-0.9745952	0.0031717648	0	-0.009424778	0	-0.22356457	-0.9745952	0.0031717648	2.5827886e-20	1
0	-0.25340775	-0.96725845	0.00354031	0	-0.0062831854	0	-0.25340775	-0.96725845	0.00354031	2.7046302e-20	1
0	-0.28285956	-0.95905244	0.0038921135	0	-0.0037699111	0	-0.28285956	-0.95905244	0.0038921135	2.8013237e-20	1
0	-0.30008096	-0.95379996	0.004090887	0	-0.002513274	0	-0.30008096	-0.95379996	0.004090887	2.8493254e-20	1
0	-0.30947274	-0.95079184	0.004196794	0	-0.0018849556	0	-0.30947274	-0.95079184	0.004196794	2.8732216e-20	1
0	-0.3194943	-0.94746876	0.004307682	0	-0.001256637	0	-0.3194943	-0.94746876	0.004307682	2.897038e-20	1
0	-0.3194943	-0.94746876	0.004307682	0	-0.0010053096	0	-0.3194943	-0.94746876	0.004307682	2.9065476e-20	1
0	-0.33017796	-0.9437959	0.004423323	0	-0.0006283185	0	-0.33017796	-0.9437959	0.004423323	2.9207673e-20	1
0	-0.33017796	-0.9437959	0.004423323	0	-0.0002513274	0	-0.33017796	-0.9437959	0.004423323	2.9349764e-20	1
0	-0.33933836	-0.94053876	0.00452023	0	-0.0001256637	0	-0.33933836	-0.94053876	0.00452023	2.9396807e-20	1
0	-0.33933836	-0.94053876	0.00452023	0	-6.283185e-05	0	-0.33933836	-0.94053876	0.00452023	2.9420407e-20	1
0	-0.33933836	-0.94053876	0.00452023	0	-2.5132742e-05	0	-0.33933836	-0.94053876	0.00452023	2.9434566e-20	1
0	-0.33933836	-0.94053876	0.00452023	0	-1.2566371e-05	0	-0.33933836	-0.94053876	0.00452023	2.9439287e-20	1
0	-0.33933836	-0.94053876	0.00452023	0	-6.2831855e-06	0	-0.33933836	-0.94053876	0.00452023	2.9441646e-20	1
0	-0.33933836	-0.94053876	0.00452023	0	-2.513274e-06	0	-0.33933836	-0.94053876	0.00452023	2.9443064e-20	1
0	-0.33933836	-0.94053876	0.00452023	0	-1.256637e-06	0	-0.33933836	-0.94053876	0.00452023	2.9443536e-20	1
0	-0.33933836	-0.94053876	0.00452023	0	-6.283185e-07	0	-0.33933836	-0.94053876	0.00452023	2.9443772e-20	1
0	-0.33933836	-0.94053876	0.00452023	0	-2.513274e-07	0	-0.33933836	-0.94053876	0.00452023	2.9443914e-20	1
0	-0.33933836	-0.94053876	0.00452023	0	-1.256637e-07	0	-0.33933836	-0.94053876	0.00452023	2.944396e-20	1
0	-0.33933836	-0.94053876	0.00452023	0	0	0	-0.33933836	-0.94053876	0.00452023	2.9444008e-20	1
0	-0.33933836	-0.94053876	0.00452023	0	1.256637e-07	0	-0.33933836	-0.94053876	0.00452023	2.9444053e-20	1
0	-0.33933836	-0.94053876	0.00452023	0	2.513274e-07	0	-0.33933836	-0.94053876	0.00452023	2.94441e-20	1
0	-0.33933836	-0.94053876	0.00452023	0	6.283185e-07	0	-0.33933836	-0.94053876	0.00452023	2.9444244e-20	1
0	-0.33933836	-0.94053876	0.00452023	0	1.256637e-06	0	-0.33933836	-0.94053876	0.00452023	2.944448e-20	1
0	-0.33933836	-0.94053876	0.00452023	0	2.513274e-06	0	-0.33933836	-0.94053876	0.00452023	2.944495e-20	1
0	-0.33933836	-0.94053876	0.00452023	0	6.2831855e-06	0	-0.33933836	-0.94053876	0.00452023	2.9446366e-20	1
0	-0.33933836	-0.94053876	0.00452023	0	1.2566371e-05	0	-0.33933836	-0.94053876	0.00452023	2.944873e-20	1
0	-0.33933836	-0.94053876	0.00452023	0	2.5132742e-05	0	-0.33933836	-0.94053876	0.00452023	2.9453446e-20	1
0	-0.33933836	-0.94053876	0.00452023	0	6.283185e-05	0	-0.33933836	-0.94053876	0.00452023	2.9467608e-20	1
0	-0.33933836	-0.94053876	0.00452023	0	0.0001256637	0	-0.33933836	-0.94053876	0.00452023	2.949121e-20	1
0	-0.33933836	-0.94053876	0.00452023	0	0.0002513274	0	-0.33933836	-0.94053876	0.00452023	2.953841e-20	1
0	-0.35413098	-0.9350655	0.0046719965	0	0.0006283185	0	-0.35413098	-0.9350655	0.0046719965	2.9679208e-20	1
0	-0.35413098	-0.9350655	0.0046719965	0	0.0010053096	0	-0.35413098	-0.9350655	0.0046719965	2.9819987e-20	1
0	-0.36771777	-0.92980266	0.004805905	0	0.001256637	0	-0.36771777	-0.92980266	0.004805905	2.9913187e-20	1
0	-0.382715	-0.9237266	0.0049471213	0	0.0018849556	0	-0.382715	-0.9237266	0.0049471213	3.014575e-20	1
0	-0.3995992	-0.9165443	0.005097176	0	0.002513274	0	-0.3995992	-0.9165443	0.005097176	3.0376663e-20	1
0	-0.44230217	-0.89670515	0.0054293033	0	0.0037699111	0	-0.44230217	-0.89670515	0.0054293033	3.083205e-20	1
0	-0.90726686	0.42021835	-0.006039008	0	0.0062831854	0	-0.90726686	0.42021835	-0.006039008	2.7176376e-20	1
0	-0.85730815	0.51450336	-0.0049162703	0	0.009424778	0	-0.85730815	0.51450336	-0.0049162703	2.6591414e-20	1
0	-0.75916415	0.6506443	-0.0027311079	0	0.012566371	0	-0.75916415	0.6506443	-0.0027311079	2.5871059e-20	1
0	0.16250521	0.986626	-0.0023950257	0	0.018849555	0	0.16250521	0.986626	-0.0023950257	2.2133675e-20	1
0	0.13615987	0.9906096	-0.002056255	0	0.025132742	0	0.13615987	0.9906096	-0.002056255	1.9652572e-20	1
0	0.101644516	0.99474835	-0.0016140592	0	0.03769911	0	0.101644516	0.99474835	-0.0016140592	1.4669374e-20	1
0	0.0804746	0.99668694	-0.0013451824	0	0.050265484	0	0.0804746	0.99668694	-0.0013451824	9.6718166e-21	1
0	0.06636244	0.99772763	-0.0011671426	0	0.06283186	0	0.06636244	0.99772763	-0.0011671426	4.6670782e-21	1
