# t (s)	mx ()	my ()	mz ()	B_extx (T)	B_exty (T)	B_extz (T)	mx ()	my ()	mz ()	E_total (J)	maxTorque (T)	LastErr ()	state_phase ()
0	0.9994589	0.030811328	0.0022180863	0.06283186	0	0	0.9994589	0.030811328	0.0022180863	2.336549e-21	1.9128773e-08	0	-1
0	0.99931777	0.035065576	0.0022373828	0.050265484	0	0	0.99931777	0.035065576	0.0022373828	7.3520096e-21	3.0592933e-08	7.454218e-09	-1
0	0.99910426	0.040674634	0.002257335	0.03769911	0	0	0.99910426	0.040674634	0.002257335	1.2366593e-20	1.7296912e-08	7.4832505e-09	-1
0	0.99875855	0.04840322	0.0022779128	0.025132742	0	0	0.99875855	0.04840322	0.0022779128	1.7379811e-20	3.2046163e-08	7.465118e-09	-1
0	0.9984993	0.053474918	0.0022883534	0.018849555	0	0	0.9984993	0.053474918	0.0022883534	1.9885638e-20	3.4178008e-08	7.4832505e-09	-1
0	0.9981444	0.059723414	0.0022987542	0.012566371	0	0	0.9981444	0.059723414	0.0022987542	2.2390706e-20	5.349654e-08	8.911667e-09	-1
0	0.9979155	0.06342562	0.0023038662	0.009424778	0	0	0.9979155	0.06342562	0.0023038662	2.3642869e-20	7.468897e-08	7.4832505e-09	-1
0	0.99764013	0.06761305	0.0023088504	0.0062831854	0	0	0.99764013	0.06761305	0.0023088504	2.4894707e-20	3.165312e-08	7.580416e-09	-1
0	0.9973774	0.071380064	0.0023126928	0.0037699111	0	0	0.9973774	0.071380064	0.0023126928	2.5895912e-20	5.28298e-08	7.465118e-09	-1
0	0.99722874	0.07342464	0.0023145452	0.002513274	0	0	0.99722874	0.07342464	0.0023145452	2.6396413e-20	5.7335726e-08	7.454218e-09	-1
0	0.99714947	0.074491546	0.00231545	0.0018849556	0	0	0.99714947	0.074491546	0.00231545	2.6646633e-20	5.3017764e-08	7.465118e-09	-1
0	0.99706674	0.07558942	0.0023163394	0.001256637	0	0	0.99706674	0.07558942	0.0023163394	2.6896831e-20	5.144097e-08	7.454218e-09	-1
0	0.99706674	0.07558942	0.0023163394	0.0010053096	0	0	0.99706674	0.07558942	0.0023163394	2.6996907e-20	2.4248151e-05	0	-1
0	0.9969803	0.076719955	0.0023172111	0.0006283185	0	0	0.9969803	0.076719955	0.0023172111	2.714701e-20	6.711855e-08	7.454218e-09	-1
0	0.9969264	0.07741597	0.0023177252	0.0002513274	0	0	0.9969264	0.07741597	0.0023177252	2.7297106e-20	4.8775615e-08	7.465118e-09	-1
0	0.9969264	0.07741597	0.0023177252	0.0001256637	0	0	0.9969264	0.07741597	0.0023177252	2.7347137e-20	1.2316333e-05	0	-1
0	0.9969264	0.07741597	0.0023177252	6.283185e-05	0	0	0.9969264	0.07741597	0.0023177252	2.7372153e-20	1.8481389e-05	0	-1
0	0.9969264	0.07741597	0.0023177252	2.5132742e-05	0	0	0.9969264	0.07741597	0.0023177252	2.7387162e-20	2.2181543e-05	0	-1
0	0.9969264	0.07741597	0.0023177252	1.2566371e-05	0	0	0.9969264	0.07741597	0.0023177252	2.7392164e-20	2.3414925e-05	0	-1
0	0.9969264	0.07741597	0.0023177252	6.2831855e-06	0	0	0.9969264	0.07741597	0.0023177252	2.7394664e-20	2.4029754e-05	0	-1
0	0.9969264	0.07741597	0.0023177252	2.513274e-06	0	0	0.9969264	0.07741597	0.0023177252	2.7396167e-20	2.4400515e-05	0	-1
0	0.9969264	0.07741597	0.0023177252	1.256637e-06	0	0	0.9969264	0.07741597	0.0023177252	2.7396668e-20	2.4525343e-05	0	-1
0	0.9969264	0.07741597	0.0023177252	6.283185e-07	0	0	0.9969264	0.07741597	0.0023177252	2.7396917e-20	2.4586827e-05	0	-1
0	0.9969264	0.07741597	0.0023177252	2.513274e-07	0	0	0.9969264	0.07741597	0.0023177252	2.739707e-20	2.4622226e-05	0	-1
0	0.9969264	0.07741597	0.0023177252	1.256637e-07	0	0	0.9969264	0.07741597	0.0023177252	2.7397117e-20	2.4635268e-05	0	-1
0	0.9969264	0.07741597	0.0023177252	0	0	0	0.9969264	0.07741597	0.0023177252	2.7397165e-20	2.4648309e-05	0	-1
0	0.9969264	0.07741597	0.0023177252	-1.256637e-07	0	0	0.9969264	0.07741597	0.0023177252	2.7397217e-20	2.4659488e-05	0	-1
0	0.9969264	0.07741597	0.0023177252	-2.513274e-07	0	0	0.9969264	0.07741597	0.0023177252	2.7397266e-20	2.467253e-05	0	-1
0	0.9969264	0.07741597	0.0023177252	-6.283185e-07	0	0	0.9969264	0.07741597	0.0023177252	2.7397417e-20	2.4709792e-05	0	-1
0	0.9969264	0.07741597	0.0023177252	-1.256637e-06	0	0	0.9969264	0.07741597	0.0023177252	2.7397666e-20	2.4771276e-05	0	-1
0	0.9969264	0.07741597	0.0023177252	-2.513274e-06	0	0	0.9969264	0.07741597	0.0023177252	2.7398167e-20	2.4894243e-05	0	-1
0	0.9969264	0.07741597	0.0023177252	-6.2831855e-06	0	0	0.9969264	0.07741597	0.0023177252	2.739967e-20	2.5265004e-05	0	-1
0	0.9969264	0.07741597	0.0023177252	-1.2566371e-05	0	0	0.9969264	0.07741597	0.0023177252	2.740217e-20	2.5879834e-05	0	-1
0	0.9969264	0.07741597	0.0023177252	-2.5132742e-05	0	0	0.9969264	0.07741597	0.0023177252	2.7407172e-20	2.7115078e-05	0	-1
0	0.9969264	0.07741597	0.0023177252	-6.283185e-05	0	0	0.9969264	0.07741597	0.0023177252	2.742218e-20	3.0813368e-05	0	-1
0	0.99687123	0.07812227	0.0023182319	-0.0001256637	0	0	0.99687123	0.07812227	0.0023182319	2.7447194e-20	6.107433e-08	7.454218e-09	-1
0	0.99687123	0.07812227	0.0023182319	-0.0002513274	0	0	0.99687123	0.07812227	0.0023182319	2.7497222e-20	1.24344115e-05	0	-1
0	0.9967952	0.07908593	0.0023188957	-0.0006283185	0	0	0.9967952	0.07908593	0.0023188957	2.7647297e-20	5.4848403e-08	7.4832505e-09	-1
0	0.9967363	0.079824276	0.0023193844	-0.0010053096	0	0	0.9967363	0.079824276	0.0023193844	2.779737e-20	3.7679662e-08	7.454218e-09	-1
0	0.9967363	0.079824276	0.0023193844	-0.001256637	0	0	0.9967363	0.079824276	0.0023193844	2.789741e-20	2.5304922e-05	0	-1
0	0.99659216	0.08160153	0.002320489	-0.0018849556	0	0	0.99659216	0.08160153	0.002320489	2.814749e-20	5.789921e-08	7.465118e-09	-1
0	0.99648315	0.082920596	0.0023212456	-0.002513274	0	0	0.99648315	0.082920596	0.0023212456	2.8397547e-20	3.983031e-08	7.454218e-09	-1
0	0.9962485	0.08569045	0.0023226659	-0.0037699111	0	0	0.9962485	0.08569045	0.0023226659	2.8897574e-20	4.7865708e-08	7.465118e-09	-1
0	0.9957012	0.09182522	0.0023250435	-0.0062831854	0	0	0.9957012	0.09182522	0.0023250435	2.9897248e-20	6.121046e-08	7.4832505e-09	-1
0	0.99482584	0.10085985	0.0023267772	-0.009424778	0	0	0.99482584	0.10085985	0.0023267772	3.1145954e-20	7.486638e-08	7.454218e-09	-1
0	0.9936434	0.11190046	0.0023263164	-0.012566371	0	0	0.9936434	0.11190046	0.0023263164	3.2393388e-20	5.438413e-08	7.4832505e-09	-1
0	0.9895294	0.14378318	0.0023111044	-0.018849555	0	0	0.9895294	0.14378318	0.0023111044	3.48822e-20	5.72899e-08	2.3283064e-10	-1
0	0.9780648	0.20787995	0.0022262502	-0.025132742	0	0	0.9780648	0.20787995	0.0022262502	3.7353845e-20	1.1194761e-07	0	-1
0	-0.99910426	-0.04067456	-0.002257335	-0.03769911	0	0	-0.99910426	-0.04067456	-0.002257335	1.2366593e-20	2.9946868e-08	7.454218e-09	-1
0	-0.99931777	-0.03506604	-0.0022373833	-0.050265484	0	0	-0.99931777	-0.03506604	-0.0022373833	7.352009e-21	4.0654456e-08	7.454218e-09	-1
0	-0.9994589	-0.030811429	-0.002218087	-0.06283186	0	0	-0.9994589	-0.030811429	-0.002218087	2.336549e-21	1.3218795e-08	5.6073044e-09	-1
0	-0.9994589	-0.030811429	-0.002218087	-0.06283186	0	0	-0.9994589	-0.030811429	-0.002218087	2.336549e-21	1.3218795e-08	0	1
0	-0.99931777	-0.03506557	-0.0022373828	-0.050265484	0	0	-0.99931777	-0.03506557	-0.0022373828	7.3520096e-21	3.8340303e-08	7.626759e-09	1
0	-0.99910426	-0.040674552	-0.002257335	-0.03769911	0	0	-0.99910426	-0.040674552	-0.002257335	1.2366595e-20	4.2451774e-08	7.580416e-09	1
0	-0.99875855	-0.048403632	-0.002277913	-0.025132742	0	0	-0.99875855	-0.048403632	-0.002277913	1.7379811e-20	3.027727e-08	7.454218e-09	1
0	-0.9984993	-0.053475335	-0.0022883536	-0.018849555	0	0	-0.9984993	-0.053475335	-0.0022883536	1.988564e-20	3.236009e-08	7.4832505e-09	1
0	-0.99814427	-0.059723865	-0.0022987542	-0.012566371	0	0	-0.99814427	-0.059723865	-0.0022987542	2.2390706e-20	3.8511974e-08	8.041932e-09	1
0	-0.9979155	-0.063425764	-0.0023038662	-0.009424778	0	0	-0.9979155	-0.063425764	-0.0023038662	2.3642864e-20	2.0281462e-08	4.2742023e-09	1
0	-0.99764013	-0.06761281	-0.0023088506	-0.0062831854	0	0	-0.99764013	-0.06761281	-0.0023088506	2.4894708e-20	2.962904e-08	7.4832505e-09	1
0	-0.9973774	-0.071380034	-0.0023126928	-0.0037699111	0	0	-0.9973774	-0.071380034	-0.0023126928	2.5895912e-20	3.3124543e-08	7.465118e-09	1
0	-0.9972286	-0.0734256	-0.0023145452	-0.002513274	0	0	-0.9972286	-0.0734256	-0.0023145452	2.6396411e-20	3.9998405e-08	7.465118e-09	1
0	-0.99714947	-0.07449198	-0.0023154502	-0.0018849556	0	0	-0.99714947	-0.07449198	-0.0023154502	2.6646631e-20	2.9105687e-08	7.508563e-09	1
0	-0.99706674	-0.075589836	-0.0023163394	-0.001256637	0	0	-0.99706674	-0.075589836	-0.0023163394	2.6896833e-20	2.9816608e-08	7.540982e-09	1
0	-0.99706674	-0.075589836	-0.0023163394	-0.0010053096	0	0	-0.99706674	-0.075589836	-0.0023163394	2.6996907e-20	2.4231138e-05	0	1
0	-0.9969803	-0.07672003	-0.0023172111	-0.0006283185	0	0	-0.9969803	-0.07672003	-0.0023172111	2.714701e-20	5.5236754e-08	7.454218e-09	1
0	-0.99692655	-0.07741487	-0.0023177257	-0.0002513274	0	0	-0.99692655	-0.07741487	-0.0023177257	2.7297106e-20	4.9222333e-08	7.465118e-09	1
0	-0.99692655	-0.07741487	-0.0023177257	-0.0001256637	0	0	-0.99692655	-0.07741487	-0.0023177257	2.7347137e-20	1.2358535e-05	0	1
0	-0.99692655	-0.07741487	-0.0023177257	-6.283185e-05	0	0	-0.99692655	-0.07741487	-0.0023177257	2.7372153e-20	1.8523591e-05	0	1
0	-0.99692655	-0.07741487	-0.0023177257	-2.5132742e-05	0	0	-0.99692655	-0.07741487	-0.0023177257	2.7387162e-20	2.222188e-05	0	1
0	-0.99692655	-0.07741487	-0.0023177257	-1.2566371e-05	0	0	-0.99692655	-0.07741487	-0.0023177257	2.7392164e-20	2.3457127e-05	0	1
0	-0.99692655	-0.07741487	-0.0023177257	-6.2831855e-06	0	0	-0.99692655	-0.07741487	-0.0023177257	2.7394664e-20	2.4071956e-05	0	1
0	-0.99692655	-0.07741487	-0.0023177257	-2.513274e-06	0	0	-0.99692655	-0.07741487	-0.0023177257	2.7396167e-20	2.4442717e-05	0	1
0	-0.99692655	-0.07741487	-0.0023177257	-1.256637e-06	0	0	-0.99692655	-0.07741487	-0.0023177257	2.7396668e-20	2.4565685e-05	0	1
0	-0.99692655	-0.07741487	-0.0023177257	-6.283185e-07	0	0	-0.99692655	-0.07741487	-0.0023177257	2.7396917e-20	2.4627167e-05	0	1
0	-0.99692655	-0.07741487	-0.0023177257	-2.513274e-07	0	0	-0.99692655	-0.07741487	-0.0023177257	2.7397065e-20	2.4664429e-05	0	1
0	-0.99692655	-0.07741487	-0.0023177257	-1.256637e-07	0	0	-0.99692655	-0.07741487	-0.0023177257	2.7397117e-20	2.467747e-05	0	1
0	-0.99692655	-0.07741487	-0.0023177257	0	0	0	-0.99692655	-0.07741487	-0.0023177257	2.7397165e-20	2.468865e-05	0	1
0	-0.99692655	-0.07741487	-0.0023177257	1.256637e-07	0	0	-0.99692655	-0.07741487	-0.0023177257	2.7397217e-20	2.470169e-05	0	1
0	-0.99692655	-0.07741487	-0.0023177257	2.513274e-07	0	0	-0.99692655	-0.07741487	-0.0023177257	2.7397266e-20	2.4714733e-05	0	1
0	-0.99692655	-0.07741487	-0.0023177257	6.283185e-07	0	0	-0.99692655	-0.07741487	-0.0023177257	2.7397417e-20	2.4750132e-05	0	1
0	-0.99692655	-0.07741487	-0.0023177257	1.256637e-06	0	0	-0.99692655	-0.07741487	-0.0023177257	2.7397666e-20	2.4811616e-05	0	1
0	-0.99692655	-0.07741487	-0.0023177257	2.513274e-06	0	0	-0.99692655	-0.07741487	-0.0023177257	2.7398167e-20	2.4936444e-05	0	1
0	-0.99692655	-0.07741487	-0.0023177257	6.2831855e-06	0	0	-0.99692655	-0.07741487	-0.0023177257	2.739967e-20	2.5307205e-05	0	1
0	-0.99692655	-0.07741487	-0.0023177257	1.2566371e-05	0	0	-0.99692655	-0.07741487	-0.0023177257	2.740217e-20	2.5922034e-05	0	1
0	-0.99692655	-0.07741487	-0.0023177257	2.5132742e-05	0	0	-0.99692655	-0.07741487	-0.0023177257	2.7407172e-20	2.7155416e-05	0	1
0	-0.99692655	-0.07741487	-0.0023177257	6.283185e-05	0	0	-0.99692655	-0.07741487	-0.0023177257	2.742218e-20	3.085557e-05	0	1
0	-0.99687123	-0.078122295	-0.0023182319	0.0001256637	0	0	-0.99687123	-0.078122295	-0.0023182319	2.7447194e-20	5.073847e-08	7.465118e-09	1
0	-0.99687123	-0.078122295	-0.0023182319	0.0002513274	0	0	-0.99687123	-0.078122295	-0.0023182319	2.7497222e-20	1.2441096e-05	0	1
0	-0.9967952	-0.07908582	-0.0023188957	0.0006283185	0	0	-0.9967952	-0.07908582	-0.0023188957	2.7647294e-20	6.969471e-08	7.454218e-09	1
0	-0.9967363	-0.07982442	-0.002319384	0.0010053096	0	0	-0.9967363	-0.07982442	-0.002319384	2.779737e-20	4.9615757e-08	7.454218e-09	1
0	-0.9967363	-0.07982442	-0.002319384	0.001256637	0	0	-0.9967363	-0.07982442	-0.002319384	2.789741e-20	2.5286603e-05	0	1
0	-0.99659216	-0.08160163	-0.002320489	0.0018849556	0	0	-0.99659216	-0.08160163	-0.002320489	2.8147493e-20	6.500347e-08	7.465118e-09	1
0	-0.996483	-0.08292181	-0.0023212454	0.002513274	0	0	-0.996483	-0.08292181	-0.0023212454	2.8397547e-20	4.8203834e-08	7.454218e-09	1
0	-0.9962486	-0.08568986	-0.002322666	0.0037699111	0	0	-0.9962486	-0.08568986	-0.002322666	2.8897574e-20	6.1207935e-08	7.465118e-09	1
0	-0.9957013	-0.09182468	-0.0023250435	0.0062831854	0	0	-0.9957013	-0.09182468	-0.0023250435	2.9897248e-20	9.010135e-08	7.454218e-09	1
0	-0.9948257	-0.10086024	-0.002326777	0.009424778	0	0	-0.9948257	-0.10086024	-0.002326777	3.1145954e-20	5.3246428e-08	7.465118e-09	1
0	-0.9936434	-0.11190048	-0.0023263164	0.012566371	0	0	-0.9936434	-0.11190048	-0.0023263164	3.2393388e-20	5.261738e-08	7.450581e-09	1
0	-0.9895294	-0.14378318	-0.002311105	0.018849555	0	0	-0.9895294	-0.14378318	-0.002311105	3.4882197e-20	7.208905e-08	2.3283064e-10	1
0	-0.97806484	-0.20787978	-0.0022262502	0.025132742	0	0	-0.97806484	-0.20787978	-0.0022262502	3.7353848e-20	1.0197569e-07	0	1
0	0.99910426	0.040674917	0.002257335	0.03769911	0	0	0.99910426	0.040674917	0.002257335	1.2366591e-20	3.825586e-08	7.4832505e-09	1
0	0.99931777	0.03506586	0.002237383	0.050265484	0	0	0.99931777	0.03506586	0.002237383	7.352007e-21	2.2659108e-08	9.316135e-09	1
0	0.9994589	0.030811433	0.0022180867	0.06283186	0	0	0.9994589	0.030811433	0.0022180867	2.336547e-21	1.3414571e-08	3.732559e-09	1
