# t (s)	mx ()	my ()	mz ()	B_extx (T)	B_exty (T)	B_extz (T)	mx ()	my ()	mz ()	E_total (J)	branch ()
0	-0.025354031	0.9996134	0.00034864535	0	0.06283186	0	-0.025354031	0.9996134	0.00034864535	4.5807255e-21	-1
0	-0.029983245	0.9994844	0.0003571215	0	0.050265484	0	-0.029983245	0.9994844	0.0003571215	9.59699e-21	-1
0	-0.03666509	0.99926066	0.00036823747	0	0.03769911	0	-0.03666509	0.99926066	0.00036823747	1.4612404e-20	-1
0	-0.047115013	0.9988214	0.00038413936	0	0.025132742	0	-0.047115013	0.9988214	0.00038413936	1.9626235e-20	-1
0	-0.054891758	0.99842346	0.00039529044	0	0.018849555	0	-0.054891758	0.99842346	0.00039529044	2.2132065e-20	-1
0	-0.065676466	0.99777126	0.0004101658	0	0.012566371	0	-0.065676466	0.99777126	0.0004101658	2.4636617e-20	-1
0	-0.07277805	0.9972778	0.0004196906	0	0.009424778	0	-0.07277805	0.9972778	0.0004196906	2.5888152e-20	-1
0	-0.08158834	0.996595	0.0004312615	0	0.0062831854	0	-0.08158834	0.996595	0.0004312615	2.713896e-20	-1
0	-0.09027694	0.9958448	0.00044248442	0	0.0037699111	0	-0.09027694	0.9958448	0.00044248442	2.8138878e-20	-1
0	-0.09537087	0.9953694	0.00044896652	0	0.002513274	0	-0.09537087	0.9953694	0.00044896652	2.863853e-20	-1
0	-0.09812033	0.9951019	0.00045243895	0	0.0018849556	0	-0.09812033	0.9951019	0.00045243895	2.8888262e-20	-1
0	-0.101040125	0.9948094	0.0004561076	0	0.001256637	0	-0.101040125	0.9948094	0.0004561076	2.913792e-20	-1
0	-0.101040125	0.9948094	0.0004561076	0	0.0010053096	0	-0.101040125	0.9948094	0.0004561076	2.9237768e-20	-1
0	-0.10414621	0.9944887	0.00045998994	0	0.0006283185	0	-0.10414621	0.9944887	0.00045998994	2.9387504e-20	-1
0	-0.10609422	0.9942826	0.00046241202	0	0.0002513274	0	-0.10609422	0.9942826	0.00046241202	2.953721e-20	-1
0	-0.10609422	0.9942826	0.00046241202	0	0.0001256637	0	-0.10609422	0.9942826	0.00046241202	2.958711e-20	-1
0	-0.10609422	0.9942826	0.00046241202	0	6.283185e-05	0	-0.10609422	0.9942826	0.00046241202	2.961206e-20	-1
0	-0.10609422	0.9942826	0.00046241202	0	2.5132742e-05	0	-0.10609422	0.9942826	0.00046241202	2.9627028e-20	-1
0	-0.10609422	0.9942826	0.00046241202	0	1.2566371e-05	0	-0.10609422	0.9942826	0.00046241202	2.963202e-20	-1
0	-0.10609422	0.9942826	0.00046241202	0	6.2831855e-06	0	-0.10609422	0.9942826	0.00046241202	2.9634514e-20	-1
0	-0.10609422	0.9942826	0.00046241202	0	2.513274e-06	0	-0.10609422	0.9942826	0.00046241202	2.963601e-20	-1
0	-0.10609422	0.9942826	0.00046241202	0	1.256637e-06	0	-0.10609422	0.9942826	0.00046241202	2.9636508e-20	-1
0	-0.10609422	0.9942826	0.00046241202	0	6.283185e-07	0	-0.10609422	0.9942826	0.00046241202	2.963676e-20	-1
0	-0.10609422	0.9942826	0.00046241202	0	2.513274e-07	0	-0.10609422	0.9942826	0.00046241202	2.963691e-20	-1
0	-0.10609422	0.9942826	0.00046241202	0	1.256637e-07	0	-0.10609422	0.9942826	0.00046241202	2.9636957e-20	-1
0	-0.10609422	0.9942826	0.00046241202	0	0	0	-0.10609422	0.9942826	0.00046241202	2.963701e-20	-1
0	-0.10609422	0.9942826	0.00046241202	0	-1.256637e-07	0	-0.10609422	0.9942826	0.00046241202	2.9637057e-20	-1
0	-0.10609422	0.9942826	0.00046241202	0	-2.513274e-07	0	-0.10609422	0.9942826	0.00046241202	2.963711e-20	-1
0	-0.10609422	0.9942826	0.00046241202	0	-6.283185e-07	0	-0.10609422	0.9942826	0.00046241202	2.9637258e-20	-1
0	-0.10609422	0.9942826	0.00046241202	0	-1.256637e-06	0	-0.10609422	0.9942826	0.00046241202	2.9637507e-20	-1
0	-0.10609422	0.9942826	0.00046241202	0	-2.513274e-06	0	-0.10609422	0.9942826	0.00046241202	2.9638007e-20	-1
0	-0.10609422	0.9942826	0.00046241202	0	-6.2831855e-06	0	-0.10609422	0.9942826	0.00046241202	2.9639503e-20	-1
0	-0.10609422	0.9942826	0.00046241202	0	-1.2566371e-05	0	-0.10609422	0.9942826	0.00046241202	2.9641998e-20	-1
0	-0.10609422	0.9942826	0.00046241202	0	-2.5132742e-05	0	-0.10609422	0.9942826	0.00046241202	2.9646987e-20	-1
0	-0.10776642	0.9941026	0.00046448485	0	-6.283185e-05	0	-0.10776642	0.9941026	0.00046448485	2.9661947e-20	-1
0	-0.10776642	0.9941026	0.00046448485	0	-0.0001256637	0	-0.10776642	0.9941026	0.00046448485	2.9686892e-20	-1
0	-0.10776642	0.9941026	0.00046448485	0	-0.0002513274	0	-0.10776642	0.9941026	0.00046448485	2.973678e-20	-1
0	-0.11092963	0.99375427	0.00046839277	0	-0.0006283185	0	-0.11092963	0.99375427	0.00046839277	2.988641e-20	-1
0	-0.11314889	0.9935038	0.00047111494	0	-0.0010053096	0	-0.11314889	0.9935038	0.00047111494	3.0036004e-20	-1
0	-0.11467081	0.99332917	0.00047298055	0	-0.001256637	0	-0.11467081	0.99332917	0.00047298055	3.0135708e-20	-1
0	-0.11868513	0.9928571	0.00047786994	0	-0.0018849556	0	-0.11868513	0.9928571	0.00047786994	3.0384906e-20	-1
0	-0.12298353	0.9923334	0.0004830659	0	-0.002513274	0	-0.12298353	0.9923334	0.0004830659	3.0633975e-20	-1
0	-0.1326412	0.99108773	0.00049459166	0	-0.0037699111	0	-0.1326412	0.99108773	0.00049459166	3.1131676e-20	-1
0	-0.15774573	0.9874002	0.0005235593	0	-0.0062831854	0	-0.15774573	0.9874002	0.0005235593	3.2124748e-20	-1
0	-0.21262978	0.9770445	0.000581329	0	-0.009424778	0	-0.21262978	0.9770445	0.000581329	3.3358233e-20	-1
0	-0.90400255	-0.42723298	-0.00051933504	0	-0.012566371	0	-0.90400255	-0.42723298	-0.00051933504	2.6087999e-20	-1
0	0.054898933	-0.99842316	-0.00039530138	0	-0.018849555	0	0.054898933	-0.99842316	-0.00039530138	2.2132065e-20	-1
0	0.047123883	-0.99882096	-0.0003841594	0	-0.025132742	0	0.047123883	-0.99882096	-0.0003841594	1.9626233e-20	-1
0	0.036668897	-0.99926054	-0.00036824567	0	-0.03769911	0	0.036668897	-0.99926054	-0.00036824567	1.4612404e-20	-1
0	0.029989284	-0.99948424	-0.00035712478	0	-0.050265484	0	0.029989284	-0.99948424	-0.00035712478	9.596991e-21	-1
0	0.025355987	-0.9996133	-0.0003486583	0	-0.06283186	0	0.025355987	-0.9996133	-0.0003486583	4.5807223e-21	-1
0	0.025355987	-0.9996133	-0.0003486583	0	-0.06283186	0	0.025355987	-0.9996133	-0.0003486583	4.5807223e-21	1
0	0.029986879	-0.9994843	-0.00035712644	0	-0.050265484	0	0.029986879	-0.9994843	-0.00035712644	9.59699e-21	1
0	0.036663115	-0.9992608	-0.00036823476	0	-0.03769911	0	0.036663115	-0.9992608	-0.00036823476	1.4612404e-20	1
0	0.047111064	-0.99882156	-0.00038413325	0	-0.025132742	0	0.047111064	-0.99882156	-0.00038413325	1.9626232e-20	1
0	0.054894075	-0.99842334	-0.00039529253	0	-0.018849555	0	0.054894075	-0.99842334	-0.00039529253	2.2132067e-20	1
0	0.0656806	-0.9977709	-0.0004101697	0	-0.012566371	0	0.0656806	-0.9977709	-0.0004101697	2.4636612e-20	1
0	0.07279554	-0.99727654	-0.00041971338	0	-0.009424778	0	0.07279554	-0.99727654	-0.00041971338	2.5888155e-20	1
0	0.081593215	-0.9965946	-0.00043128326	0	-0.0062831854	0	0.081593215	-0.9965946	-0.00043128326	2.7138956e-20	1
0	0.09029472	-0.9958432	-0.0004425057	0	-0.0037699111	0	0.09029472	-0.9958432	-0.0004425057	2.813888e-20	1
0	0.09537889	-0.9953686	-0.00044897682	0	-0.002513274	0	0.09537889	-0.9953686	-0.00044897682	2.8638528e-20	1
0	0.09812854	-0.9951011	-0.00045245208	0	-0.0018849556	0	0.09812854	-0.9951011	-0.00045245208	2.8888262e-20	1
0	0.1010468	-0.99480873	-0.00045611634	0	-0.001256637	0	0.1010468	-0.99480873	-0.00045611634	2.9137922e-20	1
0	0.102257356	-0.99468493	-0.0004576306	0	-0.0010053096	0	0.102257356	-0.99468493	-0.0004576306	2.9237762e-20	1
0	0.10413397	-0.99449	-0.00045998042	0	-0.0006283185	0	0.10413397	-0.99449	-0.00045998042	2.93875e-20	1
0	0.10608825	-0.9942833	-0.00046240346	0	-0.0002513274	0	0.10608825	-0.9942833	-0.00046240346	2.9537214e-20	1
0	0.10608825	-0.9942833	-0.00046240346	0	-0.0001256637	0	0.10608825	-0.9942833	-0.00046240346	2.958711e-20	1
0	0.10708125	-0.99417675	-0.0004636374	0	-6.283185e-05	0	0.10708125	-0.99417675	-0.0004636374	2.9612058e-20	1
0	0.10708125	-0.99417675	-0.0004636374	0	-2.5132742e-05	0	0.10708125	-0.99417675	-0.0004636374	2.9627025e-20	1
0	0.10708125	-0.99417675	-0.0004636374	0	-1.2566371e-05	0	0.10708125	-0.99417675	-0.0004636374	2.9632014e-20	1
0	0.10708125	-0.99417675	-0.0004636374	0	-6.2831855e-06	0	0.10708125	-0.99417675	-0.0004636374	2.9634508e-20	1
0	0.10708125	-0.99417675	-0.0004636374	0	-2.513274e-06	0	0.10708125	-0.99417675	-0.0004636374	2.9636004e-20	1
0	0.10708125	-0.99417675	-0.0004636374	0	-1.256637e-06	0	0.10708125	-0.99417675	-0.0004636374	2.9636505e-20	1
0	0.10708125	-0.99417675	-0.0004636374	0	-6.283185e-07	0	0.10708125	-0.99417675	-0.0004636374	2.9636754e-20	1
0	0.10708125	-0.99417675	-0.0004636374	0	-2.513274e-07	0	0.10708125	-0.99417675	-0.0004636374	2.9636902e-20	1
0	0.10708125	-0.99417675	-0.0004636374	0	-1.256637e-07	0	0.10708125	-0.99417675	-0.0004636374	2.9636954e-20	1
0	0.10708125	-0.99417675	-0.0004636374	0	0	0	0.10708125	-0.99417675	-0.0004636374	2.9637002e-20	1
0	0.10708125	-0.99417675	-0.0004636374	0	1.256637e-07	0	0.10708125	-0.99417675	-0.0004636374	2.9637054e-20	1
0	0.10708125	-0.99417675	-0.0004636374	0	2.513274e-07	0	0.10708125	-0.99417675	-0.0004636374	2.9637103e-20	1
0	0.10708125	-0.99417675	-0.0004636374	0	6.283185e-07	0	0.10708125	-0.99417675	-0.0004636374	2.963725e-20	1
0	0.10708125	-0.99417675	-0.0004636374	0	1.256637e-06	0	0.10708125	-0.99417675	-0.0004636374	2.9637503e-20	1
0	0.10708125	-0.99417675	-0.0004636374	0	2.513274e-06	0	0.10708125	-0.99417675	-0.0004636374	2.9638e-20	1
0	0.10708125	-0.99417675	-0.0004636374	0	6.2831855e-06	0	0.10708125	-0.99417675	-0.0004636374	2.9639497e-20	1
0	0.10708125	-0.99417675	-0.0004636374	0	1.2566371e-05	0	0.10708125	-0.99417675	-0.0004636374	2.964199e-20	1
0	0.10708125	-0.99417675	-0.0004636374	0	2.5132742e-05	0	0.10708125	-0.99417675	-0.0004636374	2.964698e-20	1
0	0.10777129	-0.9941021	-0.0004644945	0	6.283185e-05	0	0.10777129	-0.9941021	-0.0004644945	2.9661947e-20	1
0	0.10777129	-0.9941021	-0.0004644945	0	0.0001256637	0	0.10777129	-0.9941021	-0.0004644945	2.9686892e-20	1
0	0.10777129	-0.9941021	-0.0004644945	0	0.0002513274	0	0.10777129	-0.9941021	-0.0004644945	2.973678e-20	1
0	0.11092821	-0.9937545	-0.00046838872	0	0.0006283185	0	0.11092821	-0.9937545	-0.00046838872	2.988641e-20	1
0	0.11314392	-0.9935044	-0.00047111005	0	0.0010053096	0	0.11314392	-0.9935044	-0.00047111005	3.0036004e-20	1
0	0.1146734	-0.9933289	-0.0004729826	0	0.001256637	0	0.1146734	-0.9933289	-0.0004729826	3.013571e-20	1
0	0.1186768	-0.9928582	-0.000477854	0	0.0018849556	0	0.1186768	-0.9928582	-0.000477854	3.0384903e-20	1
0	0.122987196	-0.99233294	-0.0004830701	0	0.002513274	0	0.122987196	-0.99233294	-0.0004830701	3.063397e-20	1
0	0.13263324	-0.99108875	-0.0004945824	0	0.0037699111	0	0.13263324	-0.99108875	-0.0004945824	3.1131676e-20	1
0	0.15776297	-0.9873974	-0.0005235788	0	0.0062831854	0	0.15776297	-0.9873974	-0.0005235788	3.2124748e-20	1
0	0.21269777	-0.9770297	-0.0005813953	0	0.009424778	0	0.21269777	-0.9770297	-0.0005813953	3.3358233e-20	1
0	0.90401924	0.4271977	0.0005193808	0	0.012566371	0	0.90401924	0.4271977	0.0005193808	2.6087997e-20	1
0	-0.054900058	0.99842304	0.00039530516	0	0.018849555	0	-0.054900058	0.99842304	0.00039530516	2.2132065e-20	1
0	-0.047122926	0.998821	0.0003841488	0	0.025132742	0	-0.047122926	0.998821	0.0003841488	1.9626235e-20	1
0	-0.036672983	0.99926037	0.00036824786	0	0.03769911	0	-0.036672983	0.99926037	0.00036824786	1.4612406e-20	1
0	-0.02998797	0.9994843	0.00035712705	0	0.050265484	0	-0.02998797	0.9994843	0.00035712705	9.596991e-21	1
0	-0.0253572	0.9996133	0.00034864998	0	0.06283186	0	-0.0253572	0.9996133	0.00034864998	4.5807194e-21	1
