# t (s)	mx ()	my ()	mz ()	B_extx (T)	B_exty (T)	B_extz (T)	mx ()	my ()	mz ()	E_total (J)	branch ()
0	0.98903304	0.14718133	-0.0005648639	0.06283186	0	0	0.98903304	0.14718133	-0.0005648639	4.675509e-21	-1
0	0.9781344	0.20756644	-0.0014128818	0.050265484	0	0	0.9781344	0.20756644	-0.0014128818	9.61546e-21	-1
0	0.95378256	0.3001561	-0.002657605	0.03769911	0	0	0.95378256	0.3001561	-0.002657605	1.4470528e-20	-1
0	0.9090972	0.41627198	-0.004016799	0.025132742	0	0	0.9090972	0.41627198	-0.004016799	1.9154254e-20	-1
0	0.87808526	0.47820204	-0.0046008704	0.018849555	0	0	0.87808526	0.47820204	-0.0046008704	2.1397802e-20	-1
0	0.8404356	0.54161966	-0.0050638923	0.012566371	0	0	0.8404356	0.54161966	-0.0050638923	2.3555427e-20	-1
0	0.81865615	0.57399845	-0.005238361	0.009424778	0	0	0.81865615	0.57399845	-0.005238361	2.4596417e-20	-1
0	0.79447365	0.6070204	-0.0053675454	0.0062831854	0	0	0.79447365	0.6070204	-0.0053675454	2.5608622e-20	-1
0	0.7730545	0.63406813	-0.005433428	0.0037699111	0	0	0.7730545	0.63406813	-0.005433428	2.6395445e-20	-1
0	0.7615161	0.6478784	-0.0054522436	0.002513274	0	0	0.7615161	0.6478784	-0.0054522436	2.6780533e-20	-1
0	0.75554466	0.6548314	-0.0054577673	0.0018849556	0	0	0.75554466	0.6548314	-0.0054577673	2.6970867e-20	-1
0	0.7493834	0.66187274	-0.0054605845	0.001256637	0	0	0.7493834	0.66187274	-0.0054605845	2.715968e-20	-1
0	0.7493834	0.66187274	-0.0054605845	0.0010053096	0	0	0.7493834	0.66187274	-0.0054605845	2.72349e-20	-1
0	0.743053	0.6689711	-0.0054605533	0.0006283185	0	0	0.743053	0.6689711	-0.0054605533	2.734693e-20	-1
0	0.743053	0.6689711	-0.0054605533	0.0002513274	0	0	0.743053	0.6689711	-0.0054605533	2.74588e-20	-1
0	0.743053	0.6689711	-0.0054605533	0.0001256637	0	0	0.743053	0.6689711	-0.0054605533	2.749609e-20	-1
0	0.73718417	0.6754324	-0.0054579657	6.283185e-05	0	0	0.73718417	0.6754324	-0.0054579657	2.7514073e-20	-1
0	0.73718417	0.6754324	-0.0054579657	2.5132742e-05	0	0	0.73718417	0.6754324	-0.0054579657	2.752517e-20	-1
0	0.73718417	0.6754324	-0.0054579657	1.2566371e-05	0	0	0.73718417	0.6754324	-0.0054579657	2.752887e-20	-1
0	0.73718417	0.6754324	-0.0054579657	6.2831855e-06	0	0	0.73718417	0.6754324	-0.0054579657	2.7530723e-20	-1
0	0.73718417	0.6754324	-0.0054579657	2.513274e-06	0	0	0.73718417	0.6754324	-0.0054579657	2.753183e-20	-1
0	0.73718417	0.6754324	-0.0054579657	1.256637e-06	0	0	0.73718417	0.6754324	-0.0054579657	2.7532203e-20	-1
0	0.73718417	0.6754324	-0.0054579657	6.283185e-07	0	0	0.73718417	0.6754324	-0.0054579657	2.7532387e-20	-1
0	0.73718417	0.6754324	-0.0054579657	2.513274e-07	0	0	0.73718417	0.6754324	-0.0054579657	2.7532497e-20	-1
0	0.73718417	0.6754324	-0.0054579657	1.256637e-07	0	0	0.73718417	0.6754324	-0.0054579657	2.7532535e-20	-1
0	0.73718417	0.6754324	-0.0054579657	0	0	0	0.73718417	0.6754324	-0.0054579657	2.753257e-20	-1
0	0.73718417	0.6754324	-0.0054579657	-1.256637e-07	0	0	0.73718417	0.6754324	-0.0054579657	2.7532607e-20	-1
0	0.73718417	0.6754324	-0.0054579657	-2.513274e-07	0	0	0.73718417	0.6754324	-0.0054579657	2.7532645e-20	-1
0	0.73718417	0.6754324	-0.0054579657	-6.283185e-07	0	0	0.73718417	0.6754324	-0.0054579657	2.7532755e-20	-1
0	0.73718417	0.6754324	-0.0054579657	-1.256637e-06	0	0	0.73718417	0.6754324	-0.0054579657	2.753294e-20	-1
0	0.73718417	0.6754324	-0.0054579657	-2.513274e-06	0	0	0.73718417	0.6754324	-0.0054579657	2.753331e-20	-1
0	0.73718417	0.6754324	-0.0054579657	-6.2831855e-06	0	0	0.73718417	0.6754324	-0.0054579657	2.753442e-20	-1
0	0.73718417	0.6754324	-0.0054579657	-1.2566371e-05	0	0	0.73718417	0.6754324	-0.0054579657	2.753627e-20	-1
0	0.73718417	0.6754324	-0.0054579657	-2.5132742e-05	0	0	0.73718417	0.6754324	-0.0054579657	2.753997e-20	-1
0	0.73718417	0.6754324	-0.0054579657	-6.283185e-05	0	0	0.73718417	0.6754324	-0.0054579657	2.755107e-20	-1
0	0.73718417	0.6754324	-0.0054579657	-0.0001256637	0	0	0.73718417	0.6754324	-0.0054579657	2.7569568e-20	-1
0	0.73718417	0.6754324	-0.0054579657	-0.0002513274	0	0	0.73718417	0.6754324	-0.0054579657	2.7606562e-20	-1
0	0.7298122	0.68339086	-0.005451372	-0.0006283185	0	0	0.7298122	0.68339086	-0.005451372	2.7716535e-20	-1
0	0.7298122	0.68339086	-0.005451372	-0.0010053096	0	0	0.7298122	0.68339086	-0.005451372	2.7826414e-20	-1
0	0.7228825	0.6907165	-0.005441907	-0.001256637	0	0	0.7228825	0.6907165	-0.005441907	2.78988e-20	-1
0	0.7157198	0.6981356	-0.0054289354	-0.0018849556	0	0	0.7157198	0.6981356	-0.0054289354	2.8079292e-20	-1
0	0.708301	0.7056613	-0.0054122247	-0.002513274	0	0	0.708301	0.7056613	-0.0054122247	2.8257953e-20	-1
0	0.6926404	0.72103953	-0.0053666495	-0.0037699111	0	0	0.6926404	0.72103953	-0.0053666495	2.860953e-20	-1
0	0.6570606	0.7536074	-0.0052167578	-0.0062831854	0	0	0.6570606	0.7536074	-0.0052167578	2.9287412e-20	-1
0	0.59992146	0.7998502	-0.004867536	-0.009424778	0	0	0.59992146	0.7998502	-0.004867536	3.007792e-20	-1
0	0.5037639	0.8636683	-0.004079471	-0.012566371	0	0	0.5037639	0.8636683	-0.004079471	3.077815e-20	-1
0	-0.87809086	-0.4781917	0.004600783	-0.018849555	0	0	-0.87809086	-0.4781917	0.004600783	2.1397805e-20	-1
0	-0.90910196	-0.41626173	0.004016692	-0.025132742	0	0	-0.90910196	-0.41626173	0.004016692	1.9154254e-20	-1
0	-0.95377624	-0.3001759	0.0026578489	-0.03769911	0	0	-0.95377624	-0.3001759	0.0026578489	1.4470531e-20	-1
0	-0.9781318	-0.20757933	0.0014130455	-0.050265484	0	0	-0.9781318	-0.20757933	0.0014130455	9.615464e-21	-1
0	-0.9890307	-0.14719692	0.0005650884	-0.06283186	0	0	-0.9890307	-0.14719692	0.0005650884	4.6755047e-21	-1
0	-0.9890307	-0.14719692	0.0005650884	-0.06283186	0	0	-0.9890307	-0.14719692	0.0005650884	4.6755047e-21	1
0	-0.9781343	-0.20756754	0.0014128801	-0.050265484	0	0	-0.9781343	-0.20756754	0.0014128801	9.615464e-21	1
0	-0.953784	-0.30015135	0.0026575318	-0.03769911	0	0	-0.953784	-0.30015135	0.0026575318	1.4470526e-20	1
0	-0.9091021	-0.41626143	0.0040166853	-0.025132742	0	0	-0.9091021	-0.41626143	0.0040166853	1.9154256e-20	1
0	-0.8780962	-0.47818196	0.004600699	-0.018849555	0	0	-0.8780962	-0.47818196	0.004600699	2.1397807e-20	1
0	-0.84042823	-0.5416311	0.0050639613	-0.012566371	0	0	-0.84042823	-0.5416311	0.0050639613	2.3555425e-20	1
0	-0.81865466	-0.5740006	0.00523837	-0.009424778	0	0	-0.81865466	-0.5740006	0.00523837	2.4596419e-20	1
0	-0.7944766	-0.60701644	0.0053675333	-0.0062831854	0	0	-0.7944766	-0.60701644	0.0053675333	2.5608617e-20	1
0	-0.77304125	-0.6340842	0.0054334532	-0.0037699111	0	0	-0.77304125	-0.6340842	0.0054334532	2.6395446e-20	1
0	-0.76153004	-0.64786184	0.005452231	-0.002513274	0	0	-0.76153004	-0.64786184	0.005452231	2.6780531e-20	1
0	-0.75552195	-0.65485764	0.0054577766	-0.0018849556	0	0	-0.75552195	-0.65485764	0.0054577766	2.697087e-20	1
0	-0.7493752	-0.6618819	0.005460584	-0.001256637	0	0	-0.7493752	-0.6618819	0.005460584	2.7159684e-20	1
0	-0.7493752	-0.6618819	0.005460584	-0.0010053096	0	0	-0.7493752	-0.6618819	0.005460584	2.72349e-20	1
0	-0.7430514	-0.66897285	0.005460553	-0.0006283185	0	0	-0.7430514	-0.66897285	0.005460553	2.7346927e-20	1
0	-0.7430514	-0.66897285	0.005460553	-0.0002513274	0	0	-0.7430514	-0.66897285	0.005460553	2.74588e-20	1
0	-0.7430514	-0.66897285	0.005460553	-0.0001256637	0	0	-0.7430514	-0.66897285	0.005460553	2.7496088e-20	1
0	-0.737187	-0.67542934	0.0054579685	-6.283185e-05	0	0	-0.737187	-0.67542934	0.0054579685	2.7514073e-20	1
0	-0.737187	-0.67542934	0.0054579685	-2.5132742e-05	0	0	-0.737187	-0.67542934	0.0054579685	2.752517e-20	1
0	-0.737187	-0.67542934	0.0054579685	-1.2566371e-05	0	0	-0.737187	-0.67542934	0.0054579685	2.752887e-20	1
0	-0.737187	-0.67542934	0.0054579685	-6.2831855e-06	0	0	-0.737187	-0.67542934	0.0054579685	2.753072e-20	1
0	-0.737187	-0.67542934	0.0054579685	-2.513274e-06	0	0	-0.737187	-0.67542934	0.0054579685	2.753183e-20	1
0	-0.737187	-0.67542934	0.0054579685	-1.256637e-06	0	0	-0.737187	-0.67542934	0.0054579685	2.75322e-20	1
0	-0.737187	-0.67542934	0.0054579685	-6.283185e-07	0	0	-0.737187	-0.67542934	0.0054579685	2.7532387e-20	1
0	-0.737187	-0.67542934	0.0054579685	-2.513274e-07	0	0	-0.737187	-0.67542934	0.0054579685	2.7532497e-20	1
0	-0.737187	-0.67542934	0.0054579685	-1.256637e-07	0	0	-0.737187	-0.67542934	0.0054579685	2.7532532e-20	1
0	-0.737187	-0.67542934	0.0054579685	0	0	0	-0.737187	-0.67542934	0.0054579685	2.753257e-20	1
0	-0.737187	-0.67542934	0.0054579685	1.256637e-07	0	0	-0.737187	-0.67542934	0.0054579685	2.7532607e-20	1
0	-0.737187	-0.67542934	0.0054579685	2.513274e-07	0	0	-0.737187	-0.67542934	0.0054579685	2.7532645e-20	1
0	-0.737187	-0.67542934	0.0054579685	6.283185e-07	0	0	-0.737187	-0.67542934	0.0054579685	2.7532755e-20	1
0	-0.737187	-0.67542934	0.0054579685	1.256637e-06	0	0	-0.737187	-0.67542934	0.0054579685	2.753294e-20	1
0	-0.737187	-0.67542934	0.0054579685	2.513274e-06	0	0	-0.737187	-0.67542934	0.0054579685	2.753331e-20	1
0	-0.737187	-0.67542934	0.0054579685	6.2831855e-06	0	0	-0.737187	-0.67542934	0.0054579685	2.753442e-20	1
0	-0.737187	-0.67542934	0.0054579685	1.2566371e-05	0	0	-0.737187	-0.67542934	0.0054579685	2.753627e-20	1
0	-0.737187	-0.67542934	0.0054579685	2.5132742e-05	0	0	-0.737187	-0.67542934	0.0054579685	2.753997e-20	1
0	-0.737187	-0.67542934	0.0054579685	6.283185e-05	0	0	-0.737187	-0.67542934	0.0054579685	2.755107e-20	1
0	-0.737187	-0.67542934	0.0054579685	0.0001256637	0	0	-0.737187	-0.67542934	0.0054579685	2.7569565e-20	1
0	-0.737187	-0.67542934	0.0054579685	0.0002513274	0	0	-0.737187	-0.67542934	0.0054579685	2.7606562e-20	1
0	-0.7298134	-0.68338954	0.0054513747	0.0006283185	0	0	-0.7298134	-0.68338954	0.0054513747	2.7716538e-20	1
0	-0.7298134	-0.68338954	0.0054513747	0.0010053096	0	0	-0.7298134	-0.68338954	0.0054513747	2.7826414e-20	1
0	-0.7228824	-0.6907166	0.005441907	0.001256637	0	0	-0.7228824	-0.6907166	0.005441907	2.78988e-20	1
0	-0.71570146	-0.69815445	0.005428893	0.0018849556	0	0	-0.71570146	-0.69815445	0.005428893	2.807929e-20	1
0	-0.70830256	-0.7056597	0.0054122293	0.002513274	0	0	-0.70830256	-0.7056597	0.0054122293	2.8257953e-20	1
0	-0.69263613	-0.7210437	0.0053666336	0.0037699111	0	0	-0.69263613	-0.7210437	0.0053666336	2.8609534e-20	1
0	-0.65704405	-0.7536218	0.00521667	0.0062831854	0	0	-0.65704405	-0.7536218	0.00521667	2.9287415e-20	1
0	-0.5999191	-0.799852	0.0048675183	0.009424778	0	0	-0.5999191	-0.799852	0.0048675183	3.007792e-20	1
0	-0.5037666	-0.86366683	0.0040794956	0.012566371	0	0	-0.5037666	-0.86366683	0.0040794956	3.077815e-20	1
0	0.8780855	0.47820157	-0.0046008667	0.018849555	0	0	0.8780855	0.47820157	-0.0046008667	2.1397805e-20	1
0	0.90909874	0.41626868	-0.0040167645	0.025132742	0	0	0.90909874	0.41626868	-0.0040167645	1.9154256e-20	1
0	0.95378196	0.30015773	-0.0026576137	0.03769911	0	0	0.95378196	0.30015773	-0.0026576137	1.4470528e-20	1
0	0.97813445	0.20756643	-0.0014128643	0.050265484	0	0	0.97813445	0.20756643	-0.0014128643	9.61546e-21	1
0	0.9890312	0.14719346	-0.0005650484	0.06283186	0	0	0.9890312	0.14719346	-0.0005650484	4.6755063e-21	1
