# t (s)	mx ()	my ()	mz ()	B_extx (T)	B_exty (T)	B_extz (T)	mx ()	my ()	mz ()	E_total (J)	branch ()
0	0.99953425	0.028350366	-0.00041031482	0.06283186	0	0	0.99953425	0.028350366	-0.00041031482	2.275328e-21	-1
0	0.9994168	0.032200307	-0.00041378904	0.050265484	0	0	0.9994168	0.032200307	-0.00041378904	7.291222e-21	-1
0	0.9992404	0.037251964	-0.00041736293	0.03769911	0	0	0.9992404	0.037251964	-0.00041736293	1.2306387e-20	-1
0	0.9989574	0.044173647	-0.00042102835	0.025132742	0	0	0.9989574	0.044173647	-0.00042102835	1.7320432e-20	-1
0	0.99874675	0.04869209	-0.0004228816	0.018849555	0	0	0.99874675	0.04869209	-0.0004228816	1.9826817e-20	-1
0	0.9984607	0.054231472	-0.00042472692	0.012566371	0	0	0.9984607	0.054231472	-0.00042472692	2.2332586e-20	-1
0	0.9982779	0.057493113	-0.00042563397	0.009424778	0	0	0.9982779	0.057493113	-0.00042563397	2.3585167e-20	-1
0	0.9980587	0.061174512	-0.00042652286	0.0062831854	0	0	0.9980587	0.061174512	-0.00042652286	2.4837497e-20	-1
0	0.9978497	0.064487875	-0.0004272124	0.0037699111	0	0	0.9978497	0.064487875	-0.0004272124	2.5839151e-20	-1
0	0.9977331	0.06626515	-0.0004275472	0.002513274	0	0	0.9977331	0.06626515	-0.0004275472	2.6339893e-20	-1
0	0.99767005	0.06720689	-0.00042771216	0.0018849556	0	0	0.99767005	0.06720689	-0.00042771216	2.6590243e-20	-1
0	0.99760604	0.06814873	-0.00042787363	0.001256637	0	0	0.99760604	0.06814873	-0.00042787363	2.6840573e-20	-1
0	0.9975784	0.06855182	-0.00042793763	0.0010053096	0	0	0.9975784	0.06855182	-0.00042793763	2.69407e-20	-1
0	0.99753714	0.0691483	-0.00042803294	0.0006283185	0	0	0.99753714	0.0691483	-0.00042803294	2.709089e-20	-1
0	0.99749494	0.0697542	-0.00042812747	0.0002513274	0	0	0.99749494	0.0697542	-0.00042812747	2.7241074e-20	-1
0	0.99749494	0.0697542	-0.00042812747	0.0001256637	0	0	0.99749494	0.0697542	-0.00042812747	2.7291134e-20	-1
0	0.99747354	0.07005899	-0.00042817427	6.283185e-05	0	0	0.99747354	0.07005899	-0.00042817427	2.731616e-20	-1
0	0.9974695	0.07011676	-0.0004281838	2.5132742e-05	0	0	0.9974695	0.07011676	-0.0004281838	2.7331178e-20	-1
0	0.99746764	0.07014382	-0.0004281847	1.2566371e-05	0	0	0.99746764	0.07014382	-0.0004281847	2.7336187e-20	-1
0	0.99746764	0.07014382	-0.0004281847	6.2831855e-06	0	0	0.99746764	0.07014382	-0.0004281847	2.7338688e-20	-1
0	0.99746764	0.07014382	-0.0004281847	2.513274e-06	0	0	0.99746764	0.07014382	-0.0004281847	2.734019e-20	-1
0	0.99746764	0.07014382	-0.0004281847	1.256637e-06	0	0	0.99746764	0.07014382	-0.0004281847	2.734069e-20	-1
0	0.99746764	0.07014382	-0.0004281847	6.283185e-07	0	0	0.99746764	0.07014382	-0.0004281847	2.734094e-20	-1
0	0.99746764	0.07014382	-0.0004281847	2.513274e-07	0	0	0.99746764	0.07014382	-0.0004281847	2.734109e-20	-1
0	0.99746764	0.07014382	-0.0004281847	1.256637e-07	0	0	0.99746764	0.07014382	-0.0004281847	2.734114e-20	-1
0	0.99746764	0.07014382	-0.0004281847	0	0	0	0.99746764	0.07014382	-0.0004281847	2.7341192e-20	-1
0	0.99746764	0.07014382	-0.0004281847	-1.256637e-07	0	0	0.99746764	0.07014382	-0.0004281847	2.734124e-20	-1
0	0.99746764	0.07014382	-0.0004281847	-2.513274e-07	0	0	0.99746764	0.07014382	-0.0004281847	2.7341292e-20	-1
0	0.99746764	0.07014382	-0.0004281847	-6.283185e-07	0	0	0.99746764	0.07014382	-0.0004281847	2.734144e-20	-1
0	0.99746764	0.07014382	-0.0004281847	-1.256637e-06	0	0	0.99746764	0.07014382	-0.0004281847	2.7341693e-20	-1
0	0.99746764	0.07014382	-0.0004281847	-2.513274e-06	0	0	0.99746764	0.07014382	-0.0004281847	2.7342193e-20	-1
0	0.99746764	0.07014382	-0.0004281847	-6.2831855e-06	0	0	0.99746764	0.07014382	-0.0004281847	2.7343693e-20	-1
0	0.99746764	0.07014382	-0.0004281847	-1.2566371e-05	0	0	0.99746764	0.07014382	-0.0004281847	2.7346197e-20	-1
0	0.99746764	0.07014382	-0.0004281847	-2.5132742e-05	0	0	0.99746764	0.07014382	-0.0004281847	2.7351202e-20	-1
0	0.99746764	0.07014382	-0.0004281847	-6.283185e-05	0	0	0.99746764	0.07014382	-0.0004281847	2.736622e-20	-1
0	0.99746764	0.07014382	-0.0004281847	-0.0001256637	0	0	0.99746764	0.07014382	-0.0004281847	2.739125e-20	-1
0	0.99746764	0.07014382	-0.0004281847	-0.0002513274	0	0	0.99746764	0.07014382	-0.0004281847	2.7441306e-20	-1
0	0.9973923	0.07120519	-0.00042834383	-0.0006283185	0	0	0.9973923	0.07120519	-0.00042834383	2.7591466e-20	-1
0	0.9973459	0.07185076	-0.0004284342	-0.0010053096	0	0	0.9973459	0.07185076	-0.0004284342	2.7741628e-20	-1
0	0.9973459	0.07185076	-0.0004284342	-0.001256637	0	0	0.9973459	0.07185076	-0.0004284342	2.7841733e-20	-1
0	0.9972336	0.073390484	-0.00042864162	-0.0018849556	0	0	0.9972336	0.073390484	-0.00042864162	2.809197e-20	-1
0	0.9971484	0.07453883	-0.00042878476	-0.002513274	0	0	0.9971484	0.07453883	-0.00042878476	2.834219e-20	-1
0	0.99696636	0.07693269	-0.00042906555	-0.0037699111	0	0	0.99696636	0.07693269	-0.00042906555	2.8842563e-20	-1
0	0.99654317	0.08222667	-0.00042954198	-0.0062831854	0	0	0.99654317	0.08222667	-0.00042954198	2.9843016e-20	-1
0	0.99587476	0.089953065	-0.00042997935	-0.009424778	0	0	0.99587476	0.089953065	-0.00042997935	3.1092902e-20	-1
0	0.9949833	0.099319994	-0.00043012557	-0.012566371	0	0	0.9949833	0.099319994	-0.00043012557	3.2341822e-20	-1
0	0.99199367	0.12569605	-0.00042864395	-0.018849555	0	0	0.99199367	0.12569605	-0.00042864395	3.4835186e-20	-1
0	0.98464173	0.17412591	-0.00041986094	-0.025132742	0	0	0.98464173	0.17412591	-0.00041986094	3.7316764e-20	-1
0	-0.99924064	-0.037245855	0.00041736237	-0.03769911	0	0	-0.99924064	-0.037245855	0.00041736237	1.2306388e-20	-1
0	-0.9994167	-0.03220249	0.000413789	-0.050265484	0	0	-0.9994167	-0.03220249	0.000413789	7.291219e-21	-1
0	-0.99953413	-0.028352309	0.00041031497	-0.06283186	0	0	-0.99953413	-0.028352309	0.00041031497	2.2753249e-21	-1
0	-0.99953425	-0.028351244	0.00041031488	-0.06283186	0	0	-0.99953425	-0.028351244	0.00041031488	2.2753237e-21	1
0	-0.9994168	-0.03219896	0.0004137881	-0.050265484	0	0	-0.9994168	-0.03219896	0.0004137881	7.291219e-21	1
0	-0.9992404	-0.03725157	0.00041734922	-0.03769911	0	0	-0.9992404	-0.03725157	0.00041734922	1.2306388e-20	1
0	-0.9989573	-0.044174824	0.0004210287	-0.025132742	0	0	-0.9989573	-0.044174824	0.0004210287	1.732043e-20	1
0	-0.99874663	-0.04869329	0.00042288285	-0.018849555	0	0	-0.99874663	-0.04869329	0.00042288285	1.9826815e-20	1
0	-0.9984609	-0.054227494	0.00042472576	-0.012566371	0	0	-0.9984609	-0.054227494	0.00042472576	2.2332584e-20	1
0	-0.99827754	-0.057498824	0.00042560045	-0.009424778	0	0	-0.99827754	-0.057498824	0.00042560045	2.358517e-20	1
0	-0.99805844	-0.061179116	0.00042652292	-0.0062831854	0	0	-0.99805844	-0.061179116	0.00042652292	2.4837497e-20	1
0	-0.9978499	-0.064485714	0.0004272125	-0.0037699111	0	0	-0.9978499	-0.064485714	0.0004272125	2.5839151e-20	1
0	-0.9977324	-0.066275276	0.00042754682	-0.002513274	0	0	-0.9977324	-0.066275276	0.00042754682	2.6339894e-20	1
0	-0.99767023	-0.06720421	0.00042771143	-0.0018849556	0	0	-0.99767023	-0.06720421	0.00042771143	2.6590241e-20	1
0	-0.99760497	-0.06816459	0.00042787346	-0.001256637	0	0	-0.99760497	-0.06816459	0.00042787346	2.6840573e-20	1
0	-0.99760497	-0.06816459	0.00042787346	-0.0010053096	0	0	-0.99760497	-0.06816459	0.00042787346	2.6940702e-20	1
0	-0.99753773	-0.069140956	0.00042803312	-0.0006283185	0	0	-0.99753773	-0.069140956	0.00042803312	2.7090889e-20	1
0	-0.99749494	-0.06975408	0.00042812747	-0.0002513274	0	0	-0.99749494	-0.06975408	0.00042812747	2.724107e-20	1
0	-0.99748075	-0.069957346	0.00042815873	-0.0001256637	0	0	-0.99748075	-0.069957346	0.00042815873	2.729113e-20	1
0	-0.99748075	-0.069957346	0.00042815873	-6.283185e-05	0	0	-0.99748075	-0.069957346	0.00042815873	2.731616e-20	1
0	-0.99748075	-0.069957346	0.00042815873	-2.5132742e-05	0	0	-0.99748075	-0.069957346	0.00042815873	2.7331178e-20	1
0	-0.99748075	-0.069957346	0.00042815873	-1.2566371e-05	0	0	-0.99748075	-0.069957346	0.00042815873	2.7336183e-20	1
0	-0.99748075	-0.069957346	0.00042815873	-6.2831855e-06	0	0	-0.99748075	-0.069957346	0.00042815873	2.7338688e-20	1
0	-0.99748075	-0.069957346	0.00042815873	-2.513274e-06	0	0	-0.99748075	-0.069957346	0.00042815873	2.734019e-20	1
0	-0.99748075	-0.069957346	0.00042815873	-1.256637e-06	0	0	-0.99748075	-0.069957346	0.00042815873	2.734069e-20	1
0	-0.99748075	-0.069957346	0.00042815873	-6.283185e-07	0	0	-0.99748075	-0.069957346	0.00042815873	2.734094e-20	1
0	-0.99748075	-0.069957346	0.00042815873	-2.513274e-07	0	0	-0.99748075	-0.069957346	0.00042815873	2.734109e-20	1
0	-0.99748075	-0.069957346	0.00042815873	-1.256637e-07	0	0	-0.99748075	-0.069957346	0.00042815873	2.734114e-20	1
0	-0.99748075	-0.069957346	0.00042815873	0	0	0	-0.99748075	-0.069957346	0.00042815873	2.7341192e-20	1
0	-0.99748075	-0.069957346	0.00042815873	1.256637e-07	0	0	-0.99748075	-0.069957346	0.00042815873	2.734124e-20	1
0	-0.99748075	-0.069957346	0.00042815873	2.513274e-07	0	0	-0.99748075	-0.069957346	0.00042815873	2.7341292e-20	1
0	-0.99748075	-0.069957346	0.00042815873	6.283185e-07	0	0	-0.99748075	-0.069957346	0.00042815873	2.734144e-20	1
0	-0.99748075	-0.069957346	0.00042815873	1.256637e-06	0	0	-0.99748075	-0.069957346	0.00042815873	2.7341693e-20	1
0	-0.99748075	-0.069957346	0.00042815873	2.513274e-06	0	0	-0.99748075	-0.069957346	0.00042815873	2.734219e-20	1
0	-0.99748075	-0.069957346	0.00042815873	6.2831855e-06	0	0	-0.99748075	-0.069957346	0.00042815873	2.7343693e-20	1
0	-0.99748075	-0.069957346	0.00042815873	1.2566371e-05	0	0	-0.99748075	-0.069957346	0.00042815873	2.7346197e-20	1
0	-0.99748075	-0.069957346	0.00042815873	2.5132742e-05	0	0	-0.99748075	-0.069957346	0.00042815873	2.7351202e-20	1
0	-0.99748075	-0.069957346	0.00042815873	6.283185e-05	0	0	-0.99748075	-0.069957346	0.00042815873	2.736622e-20	1
0	-0.99748075	-0.069957346	0.00042815873	0.0001256637	0	0	-0.99748075	-0.069957346	0.00042815873	2.739125e-20	1
0	-0.997437	-0.07057667	0.0004282546	0.0002513274	0	0	-0.997437	-0.07057667	0.0004282546	2.74413e-20	1
0	-0.99739265	-0.07120033	0.00042834395	0.0006283185	0	0	-0.99739265	-0.07120033	0.00042834395	2.759147e-20	1
0	-0.9973457	-0.07185377	0.00042843138	0.0010053096	0	0	-0.9973457	-0.07185377	0.00042843138	2.7741628e-20	1
0	-0.9973457	-0.07185377	0.00042843138	0.001256637	0	0	-0.9973457	-0.07185377	0.00042843138	2.7841733e-20	1
0	-0.9972334	-0.07339436	0.00042864511	0.0018849556	0	0	-0.9972334	-0.07339436	0.00042864511	2.809197e-20	1
0	-0.9971486	-0.074536026	0.0004287848	0.002513274	0	0	-0.9971486	-0.074536026	0.0004287848	2.834219e-20	1
0	-0.9969678	-0.07691401	0.00042905915	0.0037699111	0	0	-0.9969678	-0.07691401	0.00042905915	2.8842563e-20	1
0	-0.9965435	-0.08222175	0.00042953028	0.0062831854	0	0	-0.9965435	-0.08222175	0.00042953028	2.9843016e-20	1
0	-0.99587405	-0.08996126	0.00042997877	0.009424778	0	0	-0.99587405	-0.08996126	0.00042997877	3.1092905e-20	1
0	-0.9949831	-0.09932262	0.00043012633	0.012566371	0	0	-0.9949831	-0.09932262	0.00043012633	3.234182e-20	1
0	-0.99199325	-0.1256995	0.0004286471	0.018849555	0	0	-0.99199325	-0.1256995	0.0004286471	3.4835183e-20	1
0	-0.9846449	-0.1741082	0.0004198659	0.025132742	0	0	-0.9846449	-0.1741082	0.0004198659	3.7316767e-20	1
0	0.9992405	0.037249453	-0.0004173626	0.03769911	0	0	0.9992405	0.037249453	-0.0004173626	1.2306386e-20	1
0	0.9994167	0.032201618	-0.00041378895	0.050265484	0	0	0.9994167	0.032201618	-0.00041378895	7.2912215e-21	1
0	0.99953413	0.028354287	-0.00041031526	0.06283186	0	0	0.99953413	0.028354287	-0.00041031526	2.2753237e-21	1
