# t (s)	mx ()	my ()	mz ()	B_extx (T)	B_exty (T)	B_extz (T)	mx ()	my ()	mz ()	E_total (J)	branch ()
0	0.99915874	0.039414853	-0.00041746369	0.06283186	0	0	0.99915874	0.039414853	-0.00041746369	2.296222e-21	-1
0	0.99893034	0.044811852	-0.00042134244	0.050265484	0	0	0.99893034	0.044811852	-0.00042134244	7.309971e-21	-1
0	0.9985857	0.05190979	-0.00042537646	0.03769911	0	0	0.9985857	0.05190979	-0.00042537646	1.2322306e-20	-1
0	0.99803114	0.061640054	-0.00042954582	0.025132742	0	0	0.99803114	0.061640054	-0.00042954582	1.733244e-20	-1
0	0.9976171	0.06800219	-0.00043165102	0.018849555	0	0	0.9976171	0.06800219	-0.00043165102	1.9836256e-20	-1
0	0.9970544	0.075796545	-0.00043372717	0.012566371	0	0	0.9970544	0.075796545	-0.00043372717	2.2338864e-20	-1
0	0.99669385	0.080393806	-0.00043472502	0.009424778	0	0	0.99669385	0.080393806	-0.00043472502	2.3589572e-20	-1
0	0.9962604	0.08559071	-0.00043568359	0.0062831854	0	0	0.9962604	0.08559071	-0.00043568359	2.4839786e-20	-1
0	0.99584943	0.090241686	-0.0004364039	0.0037699111	0	0	0.99584943	0.090241686	-0.0004364039	2.5839533e-20	-1
0	0.9956176	0.092761755	-0.00043674302	0.002513274	0	0	0.9956176	0.092761755	-0.00043674302	2.6339243e-20	-1
0	0.99549407	0.094077125	-0.00043690688	0.0018849556	0	0	0.99549407	0.094077125	-0.00043690688	2.6589055e-20	-1
0	0.9953655	0.09542677	-0.00043706445	0.001256637	0	0	0.9953655	0.09542677	-0.00043706445	2.6838833e-20	-1
0	0.9953655	0.09542677	-0.00043706445	0.0010053096	0	0	0.9953655	0.09542677	-0.00043706445	2.6938738e-20	-1
0	0.995231	0.096817866	-0.00043721678	0.0006283185	0	0	0.995231	0.096817866	-0.00043721678	2.7088579e-20	-1
0	0.99514747	0.09767206	-0.00043730676	0.0002513274	0	0	0.99514747	0.09767206	-0.00043730676	2.7238408e-20	-1
0	0.99514747	0.09767206	-0.00043730676	0.0001256637	0	0	0.99514747	0.09767206	-0.00043730676	2.728835e-20	-1
0	0.99514747	0.09767206	-0.00043730676	6.283185e-05	0	0	0.99514747	0.09767206	-0.00043730676	2.7313323e-20	-1
0	0.99514747	0.09767206	-0.00043730676	2.5132742e-05	0	0	0.99514747	0.09767206	-0.00043730676	2.7328303e-20	-1
0	0.99514747	0.09767206	-0.00043730676	1.2566371e-05	0	0	0.99514747	0.09767206	-0.00043730676	2.7333298e-20	-1
0	0.99514747	0.09767206	-0.00043730676	6.2831855e-06	0	0	0.99514747	0.09767206	-0.00043730676	2.7335796e-20	-1
0	0.99514747	0.09767206	-0.00043730676	2.513274e-06	0	0	0.99514747	0.09767206	-0.00043730676	2.7337295e-20	-1
0	0.99514747	0.09767206	-0.00043730676	1.256637e-06	0	0	0.99514747	0.09767206	-0.00043730676	2.7337793e-20	-1
0	0.99514747	0.09767206	-0.00043730676	6.283185e-07	0	0	0.99514747	0.09767206	-0.00043730676	2.733804e-20	-1
0	0.99514747	0.09767206	-0.00043730676	2.513274e-07	0	0	0.99514747	0.09767206	-0.00043730676	2.7338193e-20	-1
0	0.99514747	0.09767206	-0.00043730676	1.256637e-07	0	0	0.99514747	0.09767206	-0.00043730676	2.7338242e-20	-1
0	0.99514747	0.09767206	-0.00043730676	0	0	0	0.99514747	0.09767206	-0.00043730676	2.7338293e-20	-1
0	0.99514747	0.09767206	-0.00043730676	-1.256637e-07	0	0	0.99514747	0.09767206	-0.00043730676	2.7338342e-20	-1
0	0.99514747	0.09767206	-0.00043730676	-2.513274e-07	0	0	0.99514747	0.09767206	-0.00043730676	2.7338394e-20	-1
0	0.99514747	0.09767206	-0.00043730676	-6.283185e-07	0	0	0.99514747	0.09767206	-0.00043730676	2.7338542e-20	-1
0	0.99514747	0.09767206	-0.00043730676	-1.256637e-06	0	0	0.99514747	0.09767206	-0.00043730676	2.733879e-20	-1
0	0.99514747	0.09767206	-0.00043730676	-2.513274e-06	0	0	0.99514747	0.09767206	-0.00043730676	2.7339292e-20	-1
0	0.99514747	0.09767206	-0.00043730676	-6.2831855e-06	0	0	0.99514747	0.09767206	-0.00043730676	2.7340788e-20	-1
0	0.99514747	0.09767206	-0.00043730676	-1.2566371e-05	0	0	0.99514747	0.09767206	-0.00043730676	2.7343286e-20	-1
0	0.99514747	0.09767206	-0.00043730676	-2.5132742e-05	0	0	0.99514747	0.09767206	-0.00043730676	2.734828e-20	-1
0	0.9950756	0.09840058	-0.00043738406	-6.283185e-05	0	0	0.9950756	0.09840058	-0.00043738406	2.7363257e-20	-1
0	0.995062	0.09853789	-0.00043739393	-0.0001256637	0	0	0.995062	0.09853789	-0.00043739393	2.7388225e-20	-1
0	0.995062	0.09853789	-0.00043739393	-0.0002513274	0	0	0.995062	0.09853789	-0.00043739393	2.7438163e-20	-1
0	0.994943	0.09972993	-0.0004375068	-0.0006283185	0	0	0.994943	0.09972993	-0.0004375068	2.7587963e-20	-1
0	0.9948528	0.10062594	-0.000437587	-0.0010053096	0	0	0.9948528	0.10062594	-0.000437587	2.773775e-20	-1
0	0.9948528	0.10062594	-0.000437587	-0.001256637	0	0	0.9948528	0.10062594	-0.000437587	2.7837604e-20	-1
0	0.99462956	0.102806926	-0.00043777179	-0.0018849556	0	0	0.99462956	0.102806926	-0.00043777179	2.80872e-20	-1
0	0.9944607	0.1044259	-0.0004378882	-0.002513274	0	0	0.9944607	0.1044259	-0.0004378882	2.833676e-20	-1
0	0.9941002	0.10779972	-0.0004381013	-0.0037699111	0	0	0.9941002	0.10779972	-0.0004381013	2.883574e-20	-1
0	0.99326134	0.11526628	-0.00043839822	-0.0062831854	0	0	0.99326134	0.11526628	-0.00043839822	2.9833112e-20	-1
0	0.99192894	0.12621048	-0.00043843125	-0.009424778	0	0	0.99192894	0.12621048	-0.00043843125	3.1078484e-20	-1
0	0.99014735	0.13948901	-0.00043788663	-0.012566371	0	0	0.99014735	0.13948901	-0.00043788663	3.232192e-20	-1
0	0.9840338	0.17752922	-0.00043320862	-0.018849555	0	0	0.9840338	0.17752922	-0.00043320862	3.479975e-20	-1
0	0.96670693	0.2555232	-0.00041157939	-0.025132742	0	0	0.96670693	0.2555232	-0.00041157939	3.7252072e-20	-1
0	-0.9985851	-0.051921465	0.0004253781	-0.03769911	0	0	-0.9985851	-0.051921465	0.0004253781	1.2322306e-20	-1
0	-0.9989302	-0.044814423	0.00042134285	-0.050265484	0	0	-0.9989302	-0.044814423	0.00042134285	7.309971e-21	-1
0	-0.99915874	-0.039415523	0.00041746377	-0.06283186	0	0	-0.99915874	-0.039415523	0.00041746377	2.2962195e-21	-1
0	-0.99915874	-0.039415523	0.00041746377	-0.06283186	0	0	-0.99915874	-0.039415523	0.00041746377	2.2962195e-21	1
0	-0.99893034	-0.04481328	0.00042134267	-0.050265484	0	0	-0.99893034	-0.04481328	0.00042134267	7.309974e-21	1
0	-0.9985856	-0.051910497	0.00042537725	-0.03769911	0	0	-0.9985856	-0.051910497	0.00042537725	1.2322308e-20	1
0	-0.99803096	-0.061642572	0.00042954588	-0.025132742	0	0	-0.99803096	-0.061642572	0.00042954588	1.7332436e-20	1
0	-0.99761736	-0.06799874	0.00043167593	-0.018849555	0	0	-0.99761736	-0.06799874	0.00043167593	1.9836256e-20	1
0	-0.9970542	-0.07579924	0.00043372344	-0.012566371	0	0	-0.9970542	-0.07579924	0.00043372344	2.2338862e-20	1
0	-0.9966934	-0.08039896	0.00043472514	-0.009424778	0	0	-0.9966934	-0.08039896	0.00043472514	2.3589575e-20	1
0	-0.9962604	-0.085590824	0.00043568423	-0.0062831854	0	0	-0.9962604	-0.085590824	0.00043568423	2.483979e-20	1
0	-0.99584925	-0.09024407	0.0004363994	-0.0037699111	0	0	-0.99584925	-0.09024407	0.0004363994	2.5839536e-20	1
0	-0.99561775	-0.09276098	0.00043674305	-0.002513274	0	0	-0.99561775	-0.09276098	0.00043674305	2.6339243e-20	1
0	-0.99549437	-0.09407398	0.0004369062	-0.0018849556	0	0	-0.99549437	-0.09407398	0.0004369062	2.6589055e-20	1
0	-0.99536544	-0.09542699	0.0004370644	-0.001256637	0	0	-0.99536544	-0.09542699	0.0004370644	2.6838833e-20	1
0	-0.99536544	-0.09542699	0.0004370644	-0.0010053096	0	0	-0.99536544	-0.09542699	0.0004370644	2.6938738e-20	1
0	-0.99523056	-0.09682232	0.00043721753	-0.0006283185	0	0	-0.99523056	-0.09682232	0.00043721753	2.708858e-20	1
0	-0.99514747	-0.09767142	0.00043730682	-0.0002513274	0	0	-0.99514747	-0.09767142	0.00043730682	2.7238408e-20	1
0	-0.99514747	-0.09767142	0.00043730682	-0.0001256637	0	0	-0.99514747	-0.09767142	0.00043730682	2.728835e-20	1
0	-0.99514747	-0.09767142	0.00043730682	-6.283185e-05	0	0	-0.99514747	-0.09767142	0.00043730682	2.7313323e-20	1
0	-0.99514747	-0.09767142	0.00043730682	-2.5132742e-05	0	0	-0.99514747	-0.09767142	0.00043730682	2.7328303e-20	1
0	-0.99514747	-0.09767142	0.00043730682	-1.2566371e-05	0	0	-0.99514747	-0.09767142	0.00043730682	2.7333298e-20	1
0	-0.99514747	-0.09767142	0.00043730682	-6.2831855e-06	0	0	-0.99514747	-0.09767142	0.00043730682	2.7335796e-20	1
0	-0.99514747	-0.09767142	0.00043730682	-2.513274e-06	0	0	-0.99514747	-0.09767142	0.00043730682	2.7337292e-20	1
0	-0.99514747	-0.09767142	0.00043730682	-1.256637e-06	0	0	-0.99514747	-0.09767142	0.00043730682	2.7337793e-20	1
0	-0.99514747	-0.09767142	0.00043730682	-6.283185e-07	0	0	-0.99514747	-0.09767142	0.00043730682	2.733804e-20	1
0	-0.99514747	-0.09767142	0.00043730682	-2.513274e-07	0	0	-0.99514747	-0.09767142	0.00043730682	2.7338193e-20	1
0	-0.99514747	-0.09767142	0.00043730682	-1.256637e-07	0	0	-0.99514747	-0.09767142	0.00043730682	2.7338242e-20	1
0	-0.99514747	-0.09767142	0.00043730682	0	0	0	-0.99514747	-0.09767142	0.00043730682	2.7338293e-20	1
0	-0.99514747	-0.09767142	0.00043730682	1.256637e-07	0	0	-0.99514747	-0.09767142	0.00043730682	2.7338342e-20	1
0	-0.99514747	-0.09767142	0.00043730682	2.513274e-07	0	0	-0.99514747	-0.09767142	0.00043730682	2.7338394e-20	1
0	-0.99514747	-0.09767142	0.00043730682	6.283185e-07	0	0	-0.99514747	-0.09767142	0.00043730682	2.7338542e-20	1
0	-0.99514747	-0.09767142	0.00043730682	1.256637e-06	0	0	-0.99514747	-0.09767142	0.00043730682	2.733879e-20	1
0	-0.99514747	-0.09767142	0.00043730682	2.513274e-06	0	0	-0.99514747	-0.09767142	0.00043730682	2.7339292e-20	1
0	-0.99514747	-0.09767142	0.00043730682	6.2831855e-06	0	0	-0.99514747	-0.09767142	0.00043730682	2.7340788e-20	1
0	-0.99514747	-0.09767142	0.00043730682	1.2566371e-05	0	0	-0.99514747	-0.09767142	0.00043730682	2.7343286e-20	1
0	-0.9950851	-0.09830442	0.0004373466	2.5132742e-05	0	0	-0.9950851	-0.09830442	0.0004373466	2.7348278e-20	1
0	-0.9950851	-0.09830442	0.0004373466	6.283185e-05	0	0	-0.9950851	-0.09830442	0.0004373466	2.7363257e-20	1
0	-0.9950851	-0.09830442	0.0004373466	0.0001256637	0	0	-0.9950851	-0.09830442	0.0004373466	2.7388228e-20	1
0	-0.99503267	-0.09883283	0.00043742236	0.0002513274	0	0	-0.99503267	-0.09883283	0.00043742236	2.7438166e-20	1
0	-0.9949436	-0.099724025	0.00043750647	0.0006283185	0	0	-0.9949436	-0.099724025	0.00043750647	2.7587966e-20	1
0	-0.994853	-0.10062364	0.00043758837	0.0010053096	0	0	-0.994853	-0.10062364	0.00043758837	2.7737754e-20	1
0	-0.994853	-0.10062364	0.00043758837	0.001256637	0	0	-0.994853	-0.10062364	0.00043758837	2.783761e-20	1
0	-0.9946291	-0.10281135	0.00043776853	0.0018849556	0	0	-0.9946291	-0.10281135	0.00043776853	2.80872e-20	1
0	-0.99446154	-0.10441766	0.0004378885	0.002513274	0	0	-0.99446154	-0.10441766	0.0004378885	2.833676e-20	1
0	-0.9941008	-0.107794344	0.0004381024	0.0037699111	0	0	-0.9941008	-0.107794344	0.0004381024	2.883574e-20	1
0	-0.9932605	-0.11527382	0.00043839763	0.0062831854	0	0	-0.9932605	-0.11527382	0.00043839763	2.983311e-20	1
0	-0.9919294	-0.12620671	0.0004384318	0.009424778	0	0	-0.9919294	-0.12620671	0.0004384318	3.1078484e-20	1
0	-0.9901465	-0.13949525	0.00043788616	0.012566371	0	0	-0.9901465	-0.13949525	0.00043788616	3.2321924e-20	1
0	-0.9840343	-0.17752683	0.00043320731	0.018849555	0	0	-0.9840343	-0.17752683	0.00043320731	3.479975e-20	1
0	-0.9667077	-0.25552046	0.00041158072	0.025132742	0	0	-0.9667077	-0.25552046	0.00041158072	3.7252072e-20	1
0	0.99858546	0.051913075	-0.00042537716	0.03769911	0	0	0.99858546	0.051913075	-0.00042537716	1.2322304e-20	1
0	0.9989302	0.0448143	-0.00042134244	0.050265484	0	0	0.9989302	0.0448143	-0.00042134244	7.309971e-21	1
0	0.99915874	0.039416388	-0.0004174639	0.06283186	0	0	0.99915874	0.039416388	-0.0004174639	2.2962209e-21	1
