# t (s)	mx ()	my ()	mz ()	B_extx (T)	B_exty (T)	B_extz (T)	mx ()	my ()	mz ()	E_total (J)	branch ()
0	0.9920294	0.1253972	0.0029152983	0.06283186	0	0	0.9920294	0.1253972	0.0029152983	4.8842353e-21	-1
0	0.9868814	0.16093773	0.0033019446	0.050265484	0	0	0.9868814	0.16093773	0.0033019446	9.851237e-21	-1
0	0.9766159	0.21456417	0.003910511	0.03769911	0	0	0.9766159	0.21456417	0.003910511	1.4781162e-20	-1
0	0.955722	0.29389924	0.0048443517	0.025132742	0	0	0.955722	0.29389924	0.0048443517	1.9635991e-20	-1
0	0.9383912	0.34522033	0.005447852	0.018849555	0	0	0.9383912	0.34522033	0.005447852	2.2013627e-20	-1
0	0.9139515	0.40548152	0.006128274	0.012566371	0	0	0.9139515	0.40548152	0.006128274	2.4339386e-20	-1
0	0.8980649	0.43952644	0.006487706	0.009424778	0	0	0.8980649	0.43952644	0.006487706	2.5476389e-20	-1
0	0.87882006	0.47682238	0.0068511246	0.0062831854	0	0	0.87882006	0.47682238	0.0068511246	2.6591448e-20	-1
0	0.8602272	0.5095848	0.007136978	0.0037699111	0	0	0.8602272	0.5095848	0.007136978	2.7464464e-20	-1
0	0.849543	0.52719617	0.0072751925	0.002513274	0	0	0.849543	0.52719617	0.0072751925	2.789353e-20	-1
0	0.8437772	0.5363721	0.0073424145	0.0018849556	0	0	0.8437772	0.5363721	0.0073424145	2.8105985e-20	-1
0	0.837679	0.545843	0.0074081216	0.001256637	0	0	0.837679	0.545843	0.0074081216	2.831695e-20	-1
0	0.837679	0.545843	0.0074081216	0.0010053096	0	0	0.837679	0.545843	0.0074081216	2.8401027e-20	-1
0	0.8312336	0.5556053	0.007471746	0.0006283185	0	0	0.8312336	0.5556053	0.007471746	2.8526338e-20	-1
0	0.8271594	0.5616504	0.007508957	0.0002513274	0	0	0.8271594	0.5616504	0.007508957	2.8651178e-20	-1
0	0.8271594	0.5616504	0.007508957	0.0001256637	0	0	0.8271594	0.5616504	0.007508957	2.869269e-20	-1
0	0.8271594	0.5616504	0.007508957	6.283185e-05	0	0	0.8271594	0.5616504	0.007508957	2.8713446e-20	-1
0	0.8271594	0.5616504	0.007508957	2.5132742e-05	0	0	0.8271594	0.5616504	0.007508957	2.87259e-20	-1
0	0.8271594	0.5616504	0.007508957	1.2566371e-05	0	0	0.8271594	0.5616504	0.007508957	2.873005e-20	-1
0	0.8271594	0.5616504	0.007508957	6.2831855e-06	0	0	0.8271594	0.5616504	0.007508957	2.8732125e-20	-1
0	0.8271594	0.5616504	0.007508957	2.513274e-06	0	0	0.8271594	0.5616504	0.007508957	2.873337e-20	-1
0	0.8271594	0.5616504	0.007508957	1.256637e-06	0	0	0.8271594	0.5616504	0.007508957	2.8733786e-20	-1
0	0.8271594	0.5616504	0.007508957	6.283185e-07	0	0	0.8271594	0.5616504	0.007508957	2.8733993e-20	-1
0	0.8271594	0.5616504	0.007508957	2.513274e-07	0	0	0.8271594	0.5616504	0.007508957	2.873412e-20	-1
0	0.8271594	0.5616504	0.007508957	1.256637e-07	0	0	0.8271594	0.5616504	0.007508957	2.8734157e-20	-1
0	0.8271594	0.5616504	0.007508957	0	0	0	0.8271594	0.5616504	0.007508957	2.87342e-20	-1
0	0.8271594	0.5616504	0.007508957	-1.256637e-07	0	0	0.8271594	0.5616504	0.007508957	2.873424e-20	-1
0	0.8271594	0.5616504	0.007508957	-2.513274e-07	0	0	0.8271594	0.5616504	0.007508957	2.8734283e-20	-1
0	0.8271594	0.5616504	0.007508957	-6.283185e-07	0	0	0.8271594	0.5616504	0.007508957	2.873441e-20	-1
0	0.8271594	0.5616504	0.007508957	-1.256637e-06	0	0	0.8271594	0.5616504	0.007508957	2.8734616e-20	-1
0	0.8271594	0.5616504	0.007508957	-2.513274e-06	0	0	0.8271594	0.5616504	0.007508957	2.873503e-20	-1
0	0.8271594	0.5616504	0.007508957	-6.2831855e-06	0	0	0.8271594	0.5616504	0.007508957	2.8736277e-20	-1
0	0.8271594	0.5616504	0.007508957	-1.2566371e-05	0	0	0.8271594	0.5616504	0.007508957	2.873835e-20	-1
0	0.8271594	0.5616504	0.007508957	-2.5132742e-05	0	0	0.8271594	0.5616504	0.007508957	2.8742504e-20	-1
0	0.8271594	0.5616504	0.007508957	-6.283185e-05	0	0	0.8271594	0.5616504	0.007508957	2.8754957e-20	-1
0	0.82295465	0.56779134	0.007544986	-0.0001256637	0	0	0.82295465	0.56779134	0.007544986	2.87754e-20	-1
0	0.82295465	0.56779134	0.007544986	-0.0002513274	0	0	0.82295465	0.56779134	0.007544986	2.88167e-20	-1
0	0.8170648	0.57623196	0.0075914804	-0.0006283185	0	0	0.8170648	0.57623196	0.0075914804	2.894001e-20	-1
0	0.812436	0.5827379	0.0076248464	-0.0010053096	0	0	0.812436	0.5827379	0.0076248464	2.9062677e-20	-1
0	0.812436	0.5827379	0.0076248464	-0.001256637	0	0	0.812436	0.5827379	0.0076248464	2.914422e-20	-1
0	0.8007686	0.5986649	0.0076969657	-0.0018849556	0	0	0.8007686	0.5986649	0.0076969657	2.934606e-20	-1
0	0.79154533	0.6108047	0.007742294	-0.002513274	0	0	0.79154533	0.6108047	0.007742294	2.9545858e-20	-1
0	0.7702857	0.6374004	0.007809855	-0.0037699111	0	0	0.7702857	0.6374004	0.007809855	2.9937944e-20	-1
0	0.7020774	0.7118284	0.007722022	-0.0062831854	0	0	0.7020774	0.7118284	0.007722022	3.068149e-20	-1
0	-0.8980534	-0.43954986	-0.006487942	-0.009424778	0	0	-0.8980534	-0.43954986	-0.006487942	2.547639e-20	-1
0	-0.9139395	-0.4055086	-0.006128576	-0.012566371	0	0	-0.9139395	-0.4055086	-0.006128576	2.4339387e-20	-1
0	-0.938387	-0.34523177	-0.0054479837	-0.018849555	0	0	-0.938387	-0.34523177	-0.0054479837	2.2013627e-20	-1
0	-0.9557165	-0.293917	-0.0048445603	-0.025132742	0	0	-0.9557165	-0.293917	-0.0048445603	1.9635987e-20	-1
0	-0.97661614	-0.21456301	-0.003910497	-0.03769911	0	0	-0.97661614	-0.21456301	-0.003910497	1.4781162e-20	-1
0	-0.9868798	-0.16094717	-0.003302048	-0.050265484	0	0	-0.9868798	-0.16094717	-0.003302048	9.851236e-21	-1
0	-0.99202883	-0.12540165	-0.0029153398	-0.06283186	0	0	-0.99202883	-0.12540165	-0.0029153398	4.884233e-21	-1
0	-0.99202883	-0.12540165	-0.0029153398	-0.06283186	0	0	-0.99202883	-0.12540165	-0.0029153398	4.884233e-21	1
0	-0.9868816	-0.16093665	-0.0033019332	-0.050265484	0	0	-0.9868816	-0.16093665	-0.0033019332	9.851237e-21	1
0	-0.9766155	-0.21456613	-0.003910535	-0.03769911	0	0	-0.9766155	-0.21456613	-0.003910535	1.4781162e-20	1
0	-0.95571697	-0.29391545	-0.0048445426	-0.025132742	0	0	-0.95571697	-0.29391545	-0.0048445426	1.9635987e-20	1
0	-0.9383937	-0.34521353	-0.0054477737	-0.018849555	0	0	-0.9383937	-0.34521353	-0.0054477737	2.2013627e-20	1
0	-0.9139497	-0.40548563	-0.0061283284	-0.012566371	0	0	-0.9139497	-0.40548563	-0.0061283284	2.4339387e-20	1
0	-0.8980647	-0.4395269	-0.0064877104	-0.009424778	0	0	-0.8980647	-0.4395269	-0.0064877104	2.5476389e-20	1
0	-0.87881255	-0.47683614	-0.006851251	-0.0062831854	0	0	-0.87881255	-0.47683614	-0.006851251	2.6591448e-20	1
0	-0.8602271	-0.509585	-0.007136979	-0.0037699111	0	0	-0.8602271	-0.509585	-0.007136979	2.7464464e-20	1
0	-0.8495443	-0.52719414	-0.0072751767	-0.002513274	0	0	-0.8495443	-0.52719414	-0.0072751767	2.7893532e-20	1
0	-0.84377384	-0.5363773	-0.007342452	-0.0018849556	0	0	-0.84377384	-0.5363773	-0.007342452	2.8105982e-20	1
0	-0.83768415	-0.5458351	-0.0074080704	-0.001256637	0	0	-0.83768415	-0.5458351	-0.0074080704	2.8316948e-20	1
0	-0.83768415	-0.5458351	-0.0074080704	-0.0010053096	0	0	-0.83768415	-0.5458351	-0.0074080704	2.8401027e-20	1
0	-0.83123755	-0.55559933	-0.007471709	-0.0006283185	0	0	-0.83123755	-0.55559933	-0.007471709	2.852634e-20	1
0	-0.8271798	-0.5616205	-0.00750878	-0.0002513274	0	0	-0.8271798	-0.5616205	-0.00750878	2.8651184e-20	1
0	-0.8271798	-0.5616205	-0.00750878	-0.0001256637	0	0	-0.8271798	-0.5616205	-0.00750878	2.8692695e-20	1
0	-0.8271798	-0.5616205	-0.00750878	-6.283185e-05	0	0	-0.8271798	-0.5616205	-0.00750878	2.8713452e-20	1
0	-0.8271798	-0.5616205	-0.00750878	-2.5132742e-05	0	0	-0.8271798	-0.5616205	-0.00750878	2.8725905e-20	1
0	-0.8271798	-0.5616205	-0.00750878	-1.2566371e-05	0	0	-0.8271798	-0.5616205	-0.00750878	2.8730057e-20	1
0	-0.8271798	-0.5616205	-0.00750878	-6.2831855e-06	0	0	-0.8271798	-0.5616205	-0.00750878	2.873213e-20	1
0	-0.8271798	-0.5616205	-0.00750878	-2.513274e-06	0	0	-0.8271798	-0.5616205	-0.00750878	2.8733376e-20	1
0	-0.8271798	-0.5616205	-0.00750878	-1.256637e-06	0	0	-0.8271798	-0.5616205	-0.00750878	2.8733792e-20	1
0	-0.8271798	-0.5616205	-0.00750878	-6.283185e-07	0	0	-0.8271798	-0.5616205	-0.00750878	2.8734e-20	1
0	-0.8271798	-0.5616205	-0.00750878	-2.513274e-07	0	0	-0.8271798	-0.5616205	-0.00750878	2.8734125e-20	1
0	-0.8271798	-0.5616205	-0.00750878	-1.256637e-07	0	0	-0.8271798	-0.5616205	-0.00750878	2.8734167e-20	1
0	-0.8271798	-0.5616205	-0.00750878	0	0	0	-0.8271798	-0.5616205	-0.00750878	2.8734206e-20	1
0	-0.8271798	-0.5616205	-0.00750878	1.256637e-07	0	0	-0.8271798	-0.5616205	-0.00750878	2.8734248e-20	1
0	-0.8271798	-0.5616205	-0.00750878	2.513274e-07	0	0	-0.8271798	-0.5616205	-0.00750878	2.873429e-20	1
0	-0.8271798	-0.5616205	-0.00750878	6.283185e-07	0	0	-0.8271798	-0.5616205	-0.00750878	2.8734416e-20	1
0	-0.8271798	-0.5616205	-0.00750878	1.256637e-06	0	0	-0.8271798	-0.5616205	-0.00750878	2.8734623e-20	1
0	-0.8271798	-0.5616205	-0.00750878	2.513274e-06	0	0	-0.8271798	-0.5616205	-0.00750878	2.8735036e-20	1
0	-0.8271798	-0.5616205	-0.00750878	6.2831855e-06	0	0	-0.8271798	-0.5616205	-0.00750878	2.8736284e-20	1
0	-0.8271798	-0.5616205	-0.00750878	1.2566371e-05	0	0	-0.8271798	-0.5616205	-0.00750878	2.8738358e-20	1
0	-0.8271798	-0.5616205	-0.00750878	2.5132742e-05	0	0	-0.8271798	-0.5616205	-0.00750878	2.874251e-20	1
0	-0.8271798	-0.5616205	-0.00750878	6.283185e-05	0	0	-0.8271798	-0.5616205	-0.00750878	2.8754963e-20	1
0	-0.8229537	-0.5677928	-0.0075449934	0.0001256637	0	0	-0.8229537	-0.5677928	-0.0075449934	2.87754e-20	1
0	-0.8229537	-0.5677928	-0.0075449934	0.0002513274	0	0	-0.8229537	-0.5677928	-0.0075449934	2.8816698e-20	1
0	-0.8170646	-0.5762323	-0.0075914823	0.0006283185	0	0	-0.8170646	-0.5762323	-0.0075914823	2.894001e-20	1
0	-0.812434	-0.58274066	-0.00762486	0.0010053096	0	0	-0.812434	-0.58274066	-0.00762486	2.9062674e-20	1
0	-0.812434	-0.58274066	-0.00762486	0.001256637	0	0	-0.812434	-0.58274066	-0.00762486	2.914422e-20	1
0	-0.8007605	-0.59867585	-0.0076970095	0.0018849556	0	0	-0.8007605	-0.59867585	-0.0076970095	2.934606e-20	1
0	-0.79158926	-0.6107477	-0.0077421106	0.002513274	0	0	-0.79158926	-0.6107477	-0.0077421106	2.954585e-20	1
0	-0.7702869	-0.63739884	-0.0078098522	0.0037699111	0	0	-0.7702869	-0.63739884	-0.0078098522	2.9937944e-20	1
0	-0.70209754	-0.71180856	-0.0077221105	0.0062831854	0	0	-0.70209754	-0.71180856	-0.0077221105	3.068149e-20	1
0	0.64298755	-0.76564723	0.0057546473	0.009424778	0	0	0.64298755	-0.76564723	0.0057546473	2.582608e-20	1
0	0.69561714	-0.71816885	0.0050991047	0.012566371	0	0	0.69561714	-0.71816885	0.0050991047	2.498642e-20	1
0	0.81880426	-0.5737972	0.0031747352	0.018849555	0	0	0.81880426	-0.5737972	0.0031747352	2.3097666e-20	1
0	0.95571506	0.29392147	0.0048446124	0.025132742	0	0	0.95571506	0.29392147	0.0048446124	1.9635988e-20	1
0	0.97661316	0.21457657	0.0039106524	0.03769911	0	0	0.97661316	0.21457657	0.0039106524	1.4781165e-20	1
0	0.98687994	0.16094679	0.003302042	0.050265484	0	0	0.98687994	0.16094679	0.003302042	9.851236e-21	1
0	0.992028	0.1254082	0.00291541	0.06283186	0	0	0.992028	0.1254082	0.00291541	4.8842378e-21	1
