# t (s)	mx ()	my ()	mz ()	B_extx (T)	B_exty (T)	B_extz (T)	mx ()	my ()	mz ()	E_total (J)	branch ()
0	0.9997395	0.019218327	0.004877901	0.06283186	0	0	0.9997395	0.019218327	0.004877901	2.56736e-21	-1
0	0.99968165	0.021980299	0.0049179858	0.050265484	0	0	0.99968165	0.021980299	0.0049179858	7.584424e-21	-1
0	0.99959284	0.025664385	0.00495914	0.03769911	0	0	0.99959284	0.025664385	0.00495914	1.260113e-20	-1
0	0.9994457	0.030833013	0.005001428	0.025132742	0	0	0.9994457	0.030833013	0.005001428	1.7617256e-20	-1
0	0.9993329	0.03427732	0.0050229314	0.018849555	0	0	0.9993329	0.03427732	0.0050229314	2.0124981e-20	-1
0	0.999175	0.0385899	0.0050445544	0.012566371	0	0	0.999175	0.0385899	0.0050445544	2.2632374e-20	-1
0	0.9990712	0.041183554	0.0050553516	0.009424778	0	0	0.9990712	0.041183554	0.0050553516	2.3885903e-20	-1
0	0.9989444	0.044142615	0.0050660153	0.0062831854	0	0	0.9989444	0.044142615	0.0050660153	2.5139284e-20	-1
0	0.9988218	0.046829592	0.0050744396	0.0037699111	0	0	0.9988218	0.046829592	0.0050744396	2.6141869e-20	-1
0	0.998751	0.048313808	0.0050785816	0.002513274	0	0	0.998751	0.048313808	0.0050785816	2.6643114e-20	-1
0	0.9987135	0.049080342	0.005080632	0.0018849556	0	0	0.9987135	0.049080342	0.005080632	2.689372e-20	-1
0	0.9986739	0.04987792	0.0050826175	0.001256637	0	0	0.9986739	0.04987792	0.0050826175	2.7144316e-20	-1
0	0.9986739	0.04987792	0.0050826175	0.0010053096	0	0	0.9986739	0.04987792	0.0050826175	2.7244554e-20	-1
0	0.9986323	0.050702743	0.0050846897	0.0006283185	0	0	0.9986323	0.050702743	0.0050846897	2.73949e-20	-1
0	0.99860644	0.051207863	0.005085876	0.0002513274	0	0	0.99860644	0.051207863	0.005085876	2.754525e-20	-1
0	0.99860644	0.051207863	0.005085876	0.0001256637	0	0	0.99860644	0.051207863	0.005085876	2.7595362e-20	-1
0	0.99860644	0.051207863	0.005085876	6.283185e-05	0	0	0.99860644	0.051207863	0.005085876	2.762042e-20	-1
0	0.99860644	0.051207863	0.005085876	2.5132742e-05	0	0	0.99860644	0.051207863	0.005085876	2.7635455e-20	-1
0	0.99860644	0.051207863	0.005085876	1.2566371e-05	0	0	0.99860644	0.051207863	0.005085876	2.7640466e-20	-1
0	0.99860644	0.051207863	0.005085876	6.2831855e-06	0	0	0.99860644	0.051207863	0.005085876	2.7642974e-20	-1
0	0.99860644	0.051207863	0.005085876	2.513274e-06	0	0	0.99860644	0.051207863	0.005085876	2.7644476e-20	-1
0	0.99860644	0.051207863	0.005085876	1.256637e-06	0	0	0.99860644	0.051207863	0.005085876	2.7644977e-20	-1
0	0.99860644	0.051207863	0.005085876	6.283185e-07	0	0	0.99860644	0.051207863	0.005085876	2.764523e-20	-1
0	0.99860644	0.051207863	0.005085876	2.513274e-07	0	0	0.99860644	0.051207863	0.005085876	2.7645378e-20	-1
0	0.99860644	0.051207863	0.005085876	1.256637e-07	0	0	0.99860644	0.051207863	0.005085876	2.764543e-20	-1
0	0.99860644	0.051207863	0.005085876	0	0	0	0.99860644	0.051207863	0.005085876	2.7645478e-20	-1
0	0.99860644	0.051207863	0.005085876	-1.256637e-07	0	0	0.99860644	0.051207863	0.005085876	2.764553e-20	-1
0	0.99860644	0.051207863	0.005085876	-2.513274e-07	0	0	0.99860644	0.051207863	0.005085876	2.7645578e-20	-1
0	0.99860644	0.051207863	0.005085876	-6.283185e-07	0	0	0.99860644	0.051207863	0.005085876	2.764573e-20	-1
0	0.99860644	0.051207863	0.005085876	-1.256637e-06	0	0	0.99860644	0.051207863	0.005085876	2.764598e-20	-1
0	0.99860644	0.051207863	0.005085876	-2.513274e-06	0	0	0.99860644	0.051207863	0.005085876	2.7646483e-20	-1
0	0.99860644	0.051207863	0.005085876	-6.2831855e-06	0	0	0.99860644	0.051207863	0.005085876	2.7647985e-20	-1
0	0.99860644	0.051207863	0.005085876	-1.2566371e-05	0	0	0.99860644	0.051207863	0.005085876	2.765049e-20	-1
0	0.99860644	0.051207863	0.005085876	-2.5132742e-05	0	0	0.99860644	0.051207863	0.005085876	2.76555e-20	-1
0	0.9985843	0.051637374	0.0050868676	-6.283185e-05	0	0	0.9985843	0.051637374	0.0050868676	2.767054e-20	-1
0	0.9985843	0.051637374	0.0050868676	-0.0001256637	0	0	0.9985843	0.051637374	0.0050868676	2.7695597e-20	-1
0	0.9985843	0.051637374	0.0050868676	-0.0002513274	0	0	0.9985843	0.051637374	0.0050868676	2.774571e-20	-1
0	0.9985428	0.05243317	0.0050886422	-0.0006283185	0	0	0.9985428	0.05243317	0.0050886422	2.7896043e-20	-1
0	0.9985143	0.052971225	0.005089813	-0.0010053096	0	0	0.9985143	0.052971225	0.005089813	2.804638e-20	-1
0	0.9985143	0.052971225	0.005089813	-0.001256637	0	0	0.9985143	0.052971225	0.005089813	2.81466e-20	-1
0	0.9984437	0.054283105	0.0050925035	-0.0018849556	0	0	0.9984437	0.054283105	0.0050925035	2.8397136e-20	-1
0	0.9983902	0.055257574	0.0050943904	-0.002513274	0	0	0.9983902	0.055257574	0.0050943904	2.8647665e-20	-1
0	0.9982734	0.05732474	0.0050980505	-0.0037699111	0	0	0.9982734	0.05732474	0.0050980505	2.9148678e-20	-1
0	0.9979974	0.061937913	0.0051048175	-0.0062831854	0	0	0.9979974	0.061937913	0.0051048175	3.015051e-20	-1
0	0.99754	0.06890525	0.005111696	-0.009424778	0	0	0.99754	0.06890525	0.005111696	3.1402358e-20	-1
0	0.9968981	0.07763149	0.0051156213	-0.012566371	0	0	0.9968981	0.07763149	0.0051156213	3.265352e-20	-1
0	0.99445957	0.10429889	0.0051020244	-0.018849555	0	0	0.99445957	0.10429889	0.0051020244	3.5152388e-20	-1
0	0.9861809	0.16511604	0.0049604233	-0.025132742	0	0	0.9861809	0.16511604	0.0049604233	3.763997e-20	-1
0	-0.99959284	-0.025664967	-0.0049591446	-0.03769911	0	0	-0.99959284	-0.025664967	-0.0049591446	1.2601128e-20	-1
0	-0.99968165	-0.02198134	-0.004917986	-0.050265484	0	0	-0.99968165	-0.02198134	-0.004917986	7.584427e-21	-1
0	-0.9997395	-0.019220166	-0.0048779063	-0.06283186	0	0	-0.9997395	-0.019220166	-0.0048779063	2.5673612e-21	-1
0	-0.9997395	-0.019220166	-0.0048779063	-0.06283186	0	0	-0.9997395	-0.019220166	-0.0048779063	2.5673612e-21	1
0	-0.9996817	-0.021979246	-0.0049179876	-0.050265484	0	0	-0.9996817	-0.021979246	-0.0049179876	7.584428e-21	1
0	-0.9995928	-0.025666393	-0.0049591577	-0.03769911	0	0	-0.9995928	-0.025666393	-0.0049591577	1.2601132e-20	1
0	-0.9994457	-0.030833222	-0.0050014295	-0.025132742	0	0	-0.9994457	-0.030833222	-0.0050014295	1.7617256e-20	1
0	-0.9993328	-0.03428069	-0.0050230105	-0.018849555	0	0	-0.9993328	-0.03428069	-0.0050230105	2.0124983e-20	1
0	-0.99917483	-0.038596112	-0.005044558	-0.012566371	0	0	-0.99917483	-0.038596112	-0.005044558	2.2632374e-20	1
0	-0.9990718	-0.04116795	-0.005055333	-0.009424778	0	0	-0.9990718	-0.04116795	-0.005055333	2.38859e-20	1
0	-0.9989445	-0.0441423	-0.005066024	-0.0062831854	0	0	-0.9989445	-0.0441423	-0.005066024	2.5139285e-20	1
0	-0.9988214	-0.04683819	-0.0050744377	-0.0037699111	0	0	-0.9988214	-0.04683819	-0.0050744377	2.614187e-20	1
0	-0.9987513	-0.048307534	-0.0050785835	-0.002513274	0	0	-0.9987513	-0.048307534	-0.0050785835	2.6643111e-20	1
0	-0.9987129	-0.049092315	-0.0050806315	-0.0018849556	0	0	-0.9987129	-0.049092315	-0.0050806315	2.6893715e-20	1
0	-0.99867404	-0.04987514	-0.005082664	-0.001256637	0	0	-0.99867404	-0.04987514	-0.005082664	2.7144316e-20	1
0	-0.99867404	-0.04987514	-0.005082664	-0.0010053096	0	0	-0.99867404	-0.04987514	-0.005082664	2.7244554e-20	1
0	-0.9986322	-0.050703775	-0.00508467	-0.0006283185	0	0	-0.9986322	-0.050703775	-0.00508467	2.7394904e-20	1
0	-0.99860644	-0.051208496	-0.0050858846	-0.0002513274	0	0	-0.99860644	-0.051208496	-0.0050858846	2.754525e-20	1
0	-0.99860644	-0.051208496	-0.0050858846	-0.0001256637	0	0	-0.99860644	-0.051208496	-0.0050858846	2.7595366e-20	1
0	-0.99860644	-0.051208496	-0.0050858846	-6.283185e-05	0	0	-0.99860644	-0.051208496	-0.0050858846	2.762042e-20	1
0	-0.99860644	-0.051208496	-0.0050858846	-2.5132742e-05	0	0	-0.99860644	-0.051208496	-0.0050858846	2.7635455e-20	1
0	-0.99860644	-0.051208496	-0.0050858846	-1.2566371e-05	0	0	-0.99860644	-0.051208496	-0.0050858846	2.7640466e-20	1
0	-0.99860644	-0.051208496	-0.0050858846	-6.2831855e-06	0	0	-0.99860644	-0.051208496	-0.0050858846	2.7642974e-20	1
0	-0.99860644	-0.051208496	-0.0050858846	-2.513274e-06	0	0	-0.99860644	-0.051208496	-0.0050858846	2.7644476e-20	1
0	-0.99860644	-0.051208496	-0.0050858846	-1.256637e-06	0	0	-0.99860644	-0.051208496	-0.0050858846	2.7644977e-20	1
0	-0.99860644	-0.051208496	-0.0050858846	-6.283185e-07	0	0	-0.99860644	-0.051208496	-0.0050858846	2.764523e-20	1
0	-0.99860644	-0.051208496	-0.0050858846	-2.513274e-07	0	0	-0.99860644	-0.051208496	-0.0050858846	2.7645378e-20	1
0	-0.99860644	-0.051208496	-0.0050858846	-1.256637e-07	0	0	-0.99860644	-0.051208496	-0.0050858846	2.764543e-20	1
0	-0.99860644	-0.051208496	-0.0050858846	0	0	0	-0.99860644	-0.051208496	-0.0050858846	2.7645478e-20	1
0	-0.99860644	-0.051208496	-0.0050858846	1.256637e-07	0	0	-0.99860644	-0.051208496	-0.0050858846	2.764553e-20	1
0	-0.99860644	-0.051208496	-0.0050858846	2.513274e-07	0	0	-0.99860644	-0.051208496	-0.0050858846	2.7645578e-20	1
0	-0.99860644	-0.051208496	-0.0050858846	6.283185e-07	0	0	-0.99860644	-0.051208496	-0.0050858846	2.764573e-20	1
0	-0.99860644	-0.051208496	-0.0050858846	1.256637e-06	0	0	-0.99860644	-0.051208496	-0.0050858846	2.764598e-20	1
0	-0.99860644	-0.051208496	-0.0050858846	2.513274e-06	0	0	-0.99860644	-0.051208496	-0.0050858846	2.7646483e-20	1
0	-0.99860644	-0.051208496	-0.0050858846	6.2831855e-06	0	0	-0.99860644	-0.051208496	-0.0050858846	2.7647985e-20	1
0	-0.99860644	-0.051208496	-0.0050858846	1.2566371e-05	0	0	-0.99860644	-0.051208496	-0.0050858846	2.765049e-20	1
0	-0.99858725	-0.051580958	-0.0050867507	2.5132742e-05	0	0	-0.99858725	-0.051580958	-0.0050867507	2.7655504e-20	1
0	-0.99858725	-0.051580958	-0.0050867507	6.283185e-05	0	0	-0.99858725	-0.051580958	-0.0050867507	2.767054e-20	1
0	-0.99858725	-0.051580958	-0.0050867507	0.0001256637	0	0	-0.99858725	-0.051580958	-0.0050867507	2.7695597e-20	1
0	-0.99858725	-0.051580958	-0.0050867507	0.0002513274	0	0	-0.99858725	-0.051580958	-0.0050867507	2.774571e-20	1
0	-0.9985429	-0.052429482	-0.0050886422	0.0006283185	0	0	-0.9985429	-0.052429482	-0.0050886422	2.7896046e-20	1
0	-0.99851406	-0.052975014	-0.005089808	0.0010053096	0	0	-0.99851406	-0.052975014	-0.005089808	2.804638e-20	1
0	-0.99851406	-0.052975014	-0.005089808	0.001256637	0	0	-0.99851406	-0.052975014	-0.005089808	2.81466e-20	1
0	-0.99844396	-0.05427906	-0.0050925044	0.0018849556	0	0	-0.99844396	-0.05427906	-0.0050925044	2.839714e-20	1
0	-0.99838984	-0.055263206	-0.0050943885	0.002513274	0	0	-0.99838984	-0.055263206	-0.0050943885	2.864767e-20	1
0	-0.9982734	-0.057325594	-0.005098052	0.0037699111	0	0	-0.9982734	-0.057325594	-0.005098052	2.914868e-20	1
0	-0.99799657	-0.06195134	-0.0051048137	0.0062831854	0	0	-0.99799657	-0.06195134	-0.0051048137	3.0150514e-20	1
0	-0.9975403	-0.068900704	-0.005111699	0.009424778	0	0	-0.9975403	-0.068900704	-0.005111699	3.1402358e-20	1
0	-0.99689895	-0.07762064	-0.005115632	0.012566371	0	0	-0.99689895	-0.07762064	-0.005115632	3.265352e-20	1
0	-0.99445724	-0.10432075	-0.005101987	0.018849555	0	0	-0.99445724	-0.10432075	-0.005101987	3.5152384e-20	1
0	-0.9861704	-0.16517892	-0.0049601924	0.025132742	0	0	-0.9861704	-0.16517892	-0.0049601924	3.7639972e-20	1
0	0.9995928	0.025666233	0.004959146	0.03769911	0	0	0.9995928	0.025666233	0.004959146	1.2601128e-20	1
0	0.9996816	0.02198068	0.0049179858	0.050265484	0	0	0.9996816	0.02198068	0.0049179858	7.584428e-21	1
0	0.9997395	0.019220293	0.0048779	0.06283186	0	0	0.9997395	0.019220293	0.0048779	2.5673632e-21	1
