# t (s)	mx ()	my ()	mz ()	B_extx (T)	B_exty (T)	B_extz (T)	mx ()	my ()	mz ()	E_total (J)	branch ()
0	0.9842696	-0.17623676	0.0010701541	0.06283186	0	0	0.9842696	-0.17623676	0.0010701541	3.3100519e-21	-1
0	0.9781176	-0.20766017	0.0010843889	0.050265484	0	0	0.9781176	-0.20766017	0.0010843889	8.235264e-21	-1
0	0.96859574	-0.24828523	0.0011033926	0.03769911	0	0	0.96859574	-0.24828523	0.0011033926	1.312184e-20	-1
0	0.9535423	-0.3009339	0.0011283578	0.025132742	0	0	0.9535423	-0.3009339	0.0011283578	1.794791e-20	-1
0	0.94285166	-0.33289963	0.0011427954	0.018849555	0	0	0.94285166	-0.33289963	0.0011427954	2.0327728e-20	-1
0	0.9291159	-0.36948633	0.0011575258	0.012566371	0	0	0.9291159	-0.36948633	0.0011575258	2.2677089e-20	-1
0	0.92076296	-0.3898251	0.0011644317	0.009424778	0	0	0.92076296	-0.3898251	0.0011644317	2.3837654e-20	-1
0	0.91115105	-0.41177982	0.0011704959	0.0062831854	0	0	0.91115105	-0.41177982	0.0011704959	2.4986979e-20	-1
0	0.9023685	-0.43067616	0.0011743128	0.0037699111	0	0	0.9023685	-0.43067616	0.0011743128	2.589718e-20	-1
0	0.8975489	-0.44062755	0.0011757143	0.002513274	0	0	0.8975489	-0.44062755	0.0011757143	2.6348837e-20	-1
0	0.89501786	-0.44574374	0.0011762609	0.0018849556	0	0	0.89501786	-0.44574374	0.0011762609	2.657374e-20	-1
0	0.89239323	-0.45097303	0.0011766839	0.001256637	0	0	0.89239323	-0.45097303	0.0011766839	2.6797993e-20	-1
0	0.89239323	-0.45097303	0.0011766839	0.0010053096	0	0	0.89239323	-0.45097303	0.0011766839	2.6887562e-20	-1
0	0.8896946	-0.4562714	0.0011769743	0.0006283185	0	0	0.8896946	-0.4562714	0.0011769743	2.7021579e-20	-1
0	0.88801765	-0.45952538	0.0011770774	0.0002513274	0	0	0.88801765	-0.45952538	0.0011770774	2.7155402e-20	-1
0	0.88801765	-0.45952538	0.0011770774	0.0001256637	0	0	0.88801765	-0.45952538	0.0011770774	2.7199967e-20	-1
0	0.88801765	-0.45952538	0.0011770774	6.283185e-05	0	0	0.88801765	-0.45952538	0.0011770774	2.722225e-20	-1
0	0.88801765	-0.45952538	0.0011770774	2.5132742e-05	0	0	0.88801765	-0.45952538	0.0011770774	2.723562e-20	-1
0	0.88801765	-0.45952538	0.0011770774	1.2566371e-05	0	0	0.88801765	-0.45952538	0.0011770774	2.7240075e-20	-1
0	0.88801765	-0.45952538	0.0011770774	6.2831855e-06	0	0	0.88801765	-0.45952538	0.0011770774	2.7242305e-20	-1
0	0.88801765	-0.45952538	0.0011770774	2.513274e-06	0	0	0.88801765	-0.45952538	0.0011770774	2.7243643e-20	-1
0	0.88801765	-0.45952538	0.0011770774	1.256637e-06	0	0	0.88801765	-0.45952538	0.0011770774	2.7244085e-20	-1
0	0.88801765	-0.45952538	0.0011770774	6.283185e-07	0	0	0.88801765	-0.45952538	0.0011770774	2.7244308e-20	-1
0	0.88801765	-0.45952538	0.0011770774	2.513274e-07	0	0	0.88801765	-0.45952538	0.0011770774	2.7244444e-20	-1
0	0.88801765	-0.45952538	0.0011770774	1.256637e-07	0	0	0.88801765	-0.45952538	0.0011770774	2.724449e-20	-1
0	0.88801765	-0.45952538	0.0011770774	0	0	0	0.88801765	-0.45952538	0.0011770774	2.724453e-20	-1
0	0.88801765	-0.45952538	0.0011770774	-1.256637e-07	0	0	0.88801765	-0.45952538	0.0011770774	2.7244576e-20	-1
0	0.88801765	-0.45952538	0.0011770774	-2.513274e-07	0	0	0.88801765	-0.45952538	0.0011770774	2.7244622e-20	-1
0	0.88801765	-0.45952538	0.0011770774	-6.283185e-07	0	0	0.88801765	-0.45952538	0.0011770774	2.7244754e-20	-1
0	0.88801765	-0.45952538	0.0011770774	-1.256637e-06	0	0	0.88801765	-0.45952538	0.0011770774	2.7244977e-20	-1
0	0.88801765	-0.45952538	0.0011770774	-2.513274e-06	0	0	0.88801765	-0.45952538	0.0011770774	2.7245423e-20	-1
0	0.88801765	-0.45952538	0.0011770774	-6.2831855e-06	0	0	0.88801765	-0.45952538	0.0011770774	2.724676e-20	-1
0	0.88801765	-0.45952538	0.0011770774	-1.2566371e-05	0	0	0.88801765	-0.45952538	0.0011770774	2.724899e-20	-1
0	0.88801765	-0.45952538	0.0011770774	-2.5132742e-05	0	0	0.88801765	-0.45952538	0.0011770774	2.7253446e-20	-1
0	0.88801765	-0.45952538	0.0011770774	-6.283185e-05	0	0	0.88801765	-0.45952538	0.0011770774	2.7266817e-20	-1
0	0.88631374	-0.4628017	0.0011771256	-0.0001256637	0	0	0.88631374	-0.4628017	0.0011771256	2.728897e-20	-1
0	0.88631374	-0.4628017	0.0011771256	-0.0002513274	0	0	0.88631374	-0.4628017	0.0011771256	2.733345e-20	-1
0	0.88398206	-0.467238	0.0011770957	-0.0006283185	0	0	0.88398206	-0.467238	0.0011770957	2.7466655e-20	-1
0	0.88218844	-0.47061434	0.0011769988	-0.0010053096	0	0	0.88218844	-0.47061434	0.0011769988	2.7599608e-20	-1
0	0.88218844	-0.47061434	0.0011769988	-0.001256637	0	0	0.88218844	-0.47061434	0.0011769988	2.7688152e-20	-1
0	0.87783754	-0.47867757	0.0011764934	-0.0018849556	0	0	0.87783754	-0.47867757	0.0011764934	2.7908757e-20	-1
0	0.87458146	-0.4845987	0.0011758693	-0.002513274	0	0	0.87458146	-0.4845987	0.0011758693	2.8128622e-20	-1
0	0.8676646	-0.49687225	0.0011738525	-0.0037699111	0	0	0.8676646	-0.49687225	0.0011738525	2.8565816e-20	-1
0	0.8518435	-0.52352285	0.0011657733	-0.0062831854	0	0	0.8518435	-0.52352285	0.0011657733	2.9429e-20	-1
0	0.82673526	-0.5623243	0.0011434248	-0.009424778	0	0	0.82673526	-0.5623243	0.0011434248	3.048276e-20	-1
0	0.79036725	-0.6123761	0.0010916097	-0.012566371	0	0	0.79036725	-0.6123761	0.0010916097	3.1498934e-20	-1
0	-0.9428513	0.33290088	-0.0011427959	-0.018849555	0	0	-0.9428513	0.33290088	-0.0011427959	2.0327724e-20	-1
0	-0.95354223	0.30093414	-0.001128358	-0.025132742	0	0	-0.95354223	0.30093414	-0.001128358	1.794791e-20	-1
0	-0.9685948	0.24828908	-0.0011033872	-0.03769911	0	0	-0.9685948	0.24828908	-0.0011033872	1.3121835e-20	-1
0	-0.9781169	0.20766327	-0.0010843896	-0.050265484	0	0	-0.9781169	0.20766327	-0.0010843896	8.235263e-21	-1
0	-0.9842692	0.1762393	-0.0010701518	-0.06283186	0	0	-0.9842692	0.1762393	-0.0010701518	3.3100515e-21	-1
0	-0.9842692	0.1762393	-0.0010701518	-0.06283186	0	0	-0.9842692	0.1762393	-0.0010701518	3.3100515e-21	1
0	-0.9781182	0.20765743	-0.0010843881	-0.050265484	0	0	-0.9781182	0.20765743	-0.0010843881	8.235265e-21	1
0	-0.96859646	0.24828249	-0.0011033918	-0.03769911	0	0	-0.96859646	0.24828249	-0.0011033918	1.31218375e-20	1
0	-0.9535453	0.30092442	-0.0011283547	-0.025132742	0	0	-0.9535453	0.30092442	-0.0011283547	1.7947905e-20	1
0	-0.9428547	0.33289117	-0.0011428136	-0.018849555	0	0	-0.9428547	0.33289117	-0.0011428136	2.0327728e-20	1
0	-0.92911136	0.36949795	-0.001157529	-0.012566371	0	0	-0.92911136	0.36949795	-0.001157529	2.2677089e-20	1
0	-0.9207613	0.38982904	-0.0011644328	-0.009424778	0	0	-0.9207613	0.38982904	-0.0011644328	2.3837657e-20	1
0	-0.91115063	0.4117807	-0.0011704979	-0.0062831854	0	0	-0.91115063	0.4117807	-0.0011704979	2.4986979e-20	1
0	-0.9023696	0.43067375	-0.0011743126	-0.0037699111	0	0	-0.9023696	0.43067375	-0.0011743126	2.5897178e-20	1
0	-0.8975483	0.44062877	-0.0011757172	-0.002513274	0	0	-0.8975483	0.44062877	-0.0011757172	2.634884e-20	1
0	-0.89501214	0.44575524	-0.0011762613	-0.0018849556	0	0	-0.89501214	0.44575524	-0.0011762613	2.657374e-20	1
0	-0.892398	0.45096368	-0.0011766839	-0.001256637	0	0	-0.892398	0.45096368	-0.0011766839	2.6797993e-20	1
0	-0.892398	0.45096368	-0.0011766839	-0.0010053096	0	0	-0.892398	0.45096368	-0.0011766839	2.6887562e-20	1
0	-0.88969433	0.45627213	-0.0011769742	-0.0006283185	0	0	-0.88969433	0.45627213	-0.0011769742	2.7021582e-20	1
0	-0.888021	0.45951885	-0.0011770779	-0.0002513274	0	0	-0.888021	0.45951885	-0.0011770779	2.71554e-20	1
0	-0.888021	0.45951885	-0.0011770779	-0.0001256637	0	0	-0.888021	0.45951885	-0.0011770779	2.7199964e-20	1
0	-0.888021	0.45951885	-0.0011770779	-6.283185e-05	0	0	-0.888021	0.45951885	-0.0011770779	2.722225e-20	1
0	-0.888021	0.45951885	-0.0011770779	-2.5132742e-05	0	0	-0.888021	0.45951885	-0.0011770779	2.7235616e-20	1
0	-0.888021	0.45951885	-0.0011770779	-1.2566371e-05	0	0	-0.888021	0.45951885	-0.0011770779	2.7240072e-20	1
0	-0.888021	0.45951885	-0.0011770779	-6.2831855e-06	0	0	-0.888021	0.45951885	-0.0011770779	2.7242302e-20	1
0	-0.888021	0.45951885	-0.0011770779	-2.513274e-06	0	0	-0.888021	0.45951885	-0.0011770779	2.724364e-20	1
0	-0.888021	0.45951885	-0.0011770779	-1.256637e-06	0	0	-0.888021	0.45951885	-0.0011770779	2.7244085e-20	1
0	-0.888021	0.45951885	-0.0011770779	-6.283185e-07	0	0	-0.888021	0.45951885	-0.0011770779	2.7244308e-20	1
0	-0.888021	0.45951885	-0.0011770779	-2.513274e-07	0	0	-0.888021	0.45951885	-0.0011770779	2.724444e-20	1
0	-0.888021	0.45951885	-0.0011770779	-1.256637e-07	0	0	-0.888021	0.45951885	-0.0011770779	2.7244486e-20	1
0	-0.888021	0.45951885	-0.0011770779	0	0	0	-0.888021	0.45951885	-0.0011770779	2.724453e-20	1
0	-0.888021	0.45951885	-0.0011770779	1.256637e-07	0	0	-0.888021	0.45951885	-0.0011770779	2.7244573e-20	1
0	-0.888021	0.45951885	-0.0011770779	2.513274e-07	0	0	-0.888021	0.45951885	-0.0011770779	2.724462e-20	1
0	-0.888021	0.45951885	-0.0011770779	6.283185e-07	0	0	-0.888021	0.45951885	-0.0011770779	2.7244754e-20	1
0	-0.888021	0.45951885	-0.0011770779	1.256637e-06	0	0	-0.888021	0.45951885	-0.0011770779	2.7244977e-20	1
0	-0.888021	0.45951885	-0.0011770779	2.513274e-06	0	0	-0.888021	0.45951885	-0.0011770779	2.7245423e-20	1
0	-0.888021	0.45951885	-0.0011770779	6.2831855e-06	0	0	-0.888021	0.45951885	-0.0011770779	2.7246757e-20	1
0	-0.888021	0.45951885	-0.0011770779	1.2566371e-05	0	0	-0.888021	0.45951885	-0.0011770779	2.7248987e-20	1
0	-0.888021	0.45951885	-0.0011770779	2.5132742e-05	0	0	-0.888021	0.45951885	-0.0011770779	2.7253443e-20	1
0	-0.888021	0.45951885	-0.0011770779	6.283185e-05	0	0	-0.888021	0.45951885	-0.0011770779	2.7266813e-20	1
0	-0.886315	0.46279937	-0.0011771263	0.0001256637	0	0	-0.886315	0.46279937	-0.0011771263	2.7288973e-20	1
0	-0.886315	0.46279937	-0.0011771263	0.0002513274	0	0	-0.886315	0.46279937	-0.0011771263	2.7333453e-20	1
0	-0.88398236	0.4672374	-0.0011770957	0.0006283185	0	0	-0.88398236	0.4672374	-0.0011770957	2.7466655e-20	1
0	-0.88218594	0.47061902	-0.0011769983	0.0010053096	0	0	-0.88218594	0.47061902	-0.0011769983	2.7599608e-20	1
0	-0.88218594	0.47061902	-0.0011769983	0.001256637	0	0	-0.88218594	0.47061902	-0.0011769983	2.7688152e-20	1
0	-0.8778398	0.47867352	-0.0011764942	0.0018849556	0	0	-0.8778398	0.47867352	-0.0011764942	2.7908757e-20	1
0	-0.87458444	0.48459333	-0.0011758688	0.002513274	0	0	-0.87458444	0.48459333	-0.0011758688	2.8128622e-20	1
0	-0.86766505	0.4968712	-0.0011738527	0.0037699111	0	0	-0.86766505	0.4968712	-0.0011738527	2.856582e-20	1
0	-0.85184336	0.5235231	-0.001165773	0.0062831854	0	0	-0.85184336	0.5235231	-0.001165773	2.9428996e-20	1
0	-0.82673603	0.5623231	-0.0011434248	0.009424778	0	0	-0.82673603	0.5623231	-0.0011434248	3.048276e-20	1
0	-0.7903974	0.6123371	-0.0010916644	0.012566371	0	0	-0.7903974	0.6123371	-0.0010916644	3.149893e-20	1
0	0.94285166	-0.3328997	0.0011427955	0.018849555	0	0	0.94285166	-0.3328997	0.0011427955	2.032773e-20	1
0	0.9535445	-0.30092686	0.0011283553	0.025132742	0	0	0.9535445	-0.30092686	0.0011283553	1.7947908e-20	1
0	0.9685954	-0.24828699	0.0011033885	0.03769911	0	0	0.9685954	-0.24828699	0.0011033885	1.3121838e-20	1
0	0.97811675	-0.20766397	0.001084388	0.050265484	0	0	0.97811675	-0.20766397	0.001084388	8.235264e-21	1
0	0.984269	-0.1762406	0.0010701546	0.06283186	0	0	0.984269	-0.1762406	0.0010701546	3.3100484e-21	1
