# t (s)	mx ()	my ()	mz ()	B_extx (T)	B_exty (T)	B_extz (T)	mx ()	my ()	mz ()	E_total (J)	branch ()
0	-0.014962201	0.9998231	-0.00023858293	0	0.06283186	0	-0.014962201	0.9998231	-0.00023858293	4.5623894e-21	-1
0	-0.017724223	0.99977714	-0.0002578058	0	0.050265484	0	-0.017724223	0.99977714	-0.0002578058	9.579903e-21	-1
0	-0.021732114	0.9996972	-0.00028521367	0	0.03769911	0	-0.021732114	0.9996972	-0.00028521367	1.459711e-20	-1
0	-0.02806791	0.9995385	-0.00032790983	0	0.025132742	0	-0.02806791	0.9995385	-0.00032790983	1.9613743e-20	-1
0	-0.0328526	0.99939215	-0.0003599233	0	0.018849555	0	-0.0328526	0.99939215	-0.0003599233	2.212167e-20	-1
0	-0.03956078	0.9991485	-0.00040443704	0	0.012566371	0	-0.03956078	0.9991485	-0.00040443704	2.4629122e-20	-1
0	-0.044079382	0.99895895	-0.00043434676	0	0.009424778	0	-0.044079382	0.99895895	-0.00043434676	2.5882565e-20	-1
0	-0.04974555	0.99869245	-0.0004717534	0	0.0062831854	0	-0.04974555	0.99869245	-0.0004717534	2.7135728e-20	-1
0	-0.05541362	0.99839354	-0.00050907687	0	0.0037699111	0	-0.05541362	0.99839354	-0.00050907687	2.8137973e-20	-1
0	-0.058767095	0.99820155	-0.0005311179	0	0.002513274	0	-0.058767095	0.99820155	-0.0005311179	2.8638974e-20	-1
0	-0.06061036	0.9980912	-0.00054321514	0	0.0018849556	0	-0.06061036	0.9980912	-0.00054321514	2.8889435e-20	-1
0	-0.06252603	0.99797285	-0.0005557823	0	0.001256637	0	-0.06252603	0.99797285	-0.0005557823	2.9139867e-20	-1
0	-0.06252603	0.99797285	-0.0005557823	0	0.0010053096	0	-0.06252603	0.99797285	-0.0005557823	2.9240033e-20	-1
0	-0.0646411	0.9978379	-0.00056964176	0	0.0006283185	0	-0.0646411	0.9978379	-0.00056964176	2.9390264e-20	-1
0	-0.06594947	0.9977522	-0.00057820766	0	0.0002513274	0	-0.06594947	0.9977522	-0.00057820766	2.9540487e-20	-1
0	-0.06640284	0.99772215	-0.00058117614	0	0.0001256637	0	-0.06640284	0.99772215	-0.00058117614	2.959056e-20	-1
0	-0.06640284	0.99772215	-0.00058117614	0	6.283185e-05	0	-0.06640284	0.99772215	-0.00058117614	2.9615596e-20	-1
0	-0.06640284	0.99772215	-0.00058117614	0	2.5132742e-05	0	-0.06640284	0.99772215	-0.00058117614	2.9630618e-20	-1
0	-0.06640284	0.99772215	-0.00058117614	0	1.2566371e-05	0	-0.06640284	0.99772215	-0.00058117614	2.9635623e-20	-1
0	-0.06640284	0.99772215	-0.00058117614	0	6.2831855e-06	0	-0.06640284	0.99772215	-0.00058117614	2.9638127e-20	-1
0	-0.06640284	0.99772215	-0.00058117614	0	2.513274e-06	0	-0.06640284	0.99772215	-0.00058117614	2.963963e-20	-1
0	-0.06640284	0.99772215	-0.00058117614	0	1.256637e-06	0	-0.06640284	0.99772215	-0.00058117614	2.964013e-20	-1
0	-0.06640284	0.99772215	-0.00058117614	0	6.283185e-07	0	-0.06640284	0.99772215	-0.00058117614	2.964038e-20	-1
0	-0.06640284	0.99772215	-0.00058117614	0	2.513274e-07	0	-0.06640284	0.99772215	-0.00058117614	2.964053e-20	-1
0	-0.06640284	0.99772215	-0.00058117614	0	1.256637e-07	0	-0.06640284	0.99772215	-0.00058117614	2.964058e-20	-1
0	-0.06640284	0.99772215	-0.00058117614	0	0	0	-0.06640284	0.99772215	-0.00058117614	2.964063e-20	-1
0	-0.06640284	0.99772215	-0.00058117614	0	-1.256637e-07	0	-0.06640284	0.99772215	-0.00058117614	2.964068e-20	-1
0	-0.06640284	0.99772215	-0.00058117614	0	-2.513274e-07	0	-0.06640284	0.99772215	-0.00058117614	2.964073e-20	-1
0	-0.06640284	0.99772215	-0.00058117614	0	-6.283185e-07	0	-0.06640284	0.99772215	-0.00058117614	2.964088e-20	-1
0	-0.06640284	0.99772215	-0.00058117614	0	-1.256637e-06	0	-0.06640284	0.99772215	-0.00058117614	2.9641132e-20	-1
0	-0.06640284	0.99772215	-0.00058117614	0	-2.513274e-06	0	-0.06640284	0.99772215	-0.00058117614	2.9641633e-20	-1
0	-0.06640284	0.99772215	-0.00058117614	0	-6.2831855e-06	0	-0.06640284	0.99772215	-0.00058117614	2.9643135e-20	-1
0	-0.06640284	0.99772215	-0.00058117614	0	-1.2566371e-05	0	-0.06640284	0.99772215	-0.00058117614	2.9645636e-20	-1
0	-0.06640284	0.99772215	-0.00058117614	0	-2.5132742e-05	0	-0.06640284	0.99772215	-0.00058117614	2.9650644e-20	-1
0	-0.06640284	0.99772215	-0.00058117614	0	-6.283185e-05	0	-0.06640284	0.99772215	-0.00058117614	2.9665666e-20	-1
0	-0.06640284	0.99772215	-0.00058117614	0	-0.0001256637	0	-0.06640284	0.99772215	-0.00058117614	2.96907e-20	-1
0	-0.06775771	0.99763095	-0.00059004116	0	-0.0002513274	0	-0.06775771	0.99763095	-0.00059004116	2.9740765e-20	-1
0	-0.069236755	0.99752927	-0.0005997108	0	-0.0006283185	0	-0.069236755	0.99752927	-0.0005997108	2.9890953e-20	-1
0	-0.070760824	0.9974222	-0.00060966745	0	-0.0010053096	0	-0.070760824	0.9974222	-0.00060966745	3.0041125e-20	-1
0	-0.070760824	0.9974222	-0.00060966745	0	-0.001256637	0	-0.070760824	0.9974222	-0.00060966745	3.0141237e-20	-1
0	-0.0745824	0.9971434	-0.00063460006	0	-0.0018849556	0	-0.0745824	0.9971434	-0.00063460006	3.0391466e-20	-1
0	-0.07755554	0.9969164	-0.0006539667	0	-0.002513274	0	-0.07755554	0.9969164	-0.0006539667	3.064165e-20	-1
0	-0.08429626	0.99636847	-0.0006977534	0	-0.0037699111	0	-0.08429626	0.99636847	-0.0006977534	3.1141825e-20	-1
0	-0.10225426	0.99468434	-0.0008134994	0	-0.0062831854	0	-0.10225426	0.99468434	-0.0008134994	3.2141114e-20	-1
0	-0.14181447	0.98981476	-0.0010623399	0	-0.009424778	0	-0.14181447	0.98981476	-0.0010623399	3.3386557e-20	-1
0	0.039574414	-0.999148	0.00040452625	0	-0.012566371	0	0.039574414	-0.999148	0.00040452625	2.4629123e-20	-1
0	0.032859206	-0.9993919	0.00035990958	0	-0.018849555	0	0.032859206	-0.9993919	0.00035990958	2.212167e-20	-1
0	0.028074184	-0.9995383	0.00032795026	0	-0.025132742	0	0.028074184	-0.9995383	0.00032795026	1.9613743e-20	-1
0	0.021733142	-0.9996972	0.0002852219	0	-0.03769911	0	0.021733142	-0.9996972	0.0002852219	1.4597111e-20	-1
0	0.017728385	-0.9997771	0.0002578332	0	-0.050265484	0	0.017728385	-0.9997771	0.0002578332	9.579901e-21	-1
0	0.014964974	-0.99982303	0.00023860089	0	-0.06283186	0	0.014964974	-0.99982303	0.00023860089	4.56239e-21	-1
0	0.014964974	-0.99982303	0.00023860089	0	-0.06283186	0	0.014964974	-0.99982303	0.00023860089	4.56239e-21	1
0	0.017724708	-0.9997772	0.000257804	0	-0.050265484	0	0.017724708	-0.9997772	0.000257804	9.579903e-21	1
0	0.021732215	-0.9996972	0.00028521504	0	-0.03769911	0	0.021732215	-0.9996972	0.00028521504	1.459711e-20	1
0	0.028058615	-0.9995387	0.00032784935	0	-0.025132742	0	0.028058615	-0.9995387	0.00032784935	1.9613743e-20	1
0	0.032837592	-0.9993926	0.0003597699	0	-0.018849555	0	0.032837592	-0.9993926	0.0003597699	2.2121676e-20	1
0	0.039578736	-0.9991478	0.0004045557	0	-0.012566371	0	0.039578736	-0.9991478	0.0004045557	2.4629123e-20	1
0	0.044086304	-0.9989587	0.00043439213	0	-0.009424778	0	0.044086304	-0.9989587	0.00043439213	2.5882567e-20	1
0	0.049738746	-0.99869275	0.0004717093	0	-0.0062831854	0	0.049738746	-0.99869275	0.0004717093	2.7135728e-20	1
0	0.055422954	-0.99839306	0.0005091396	0	-0.0037699111	0	0.055422954	-0.99839306	0.0005091396	2.8137977e-20	1
0	0.058778748	-0.99820083	0.00053119264	0	-0.002513274	0	0.058778748	-0.99820083	0.00053119264	2.863897e-20	1
0	0.06061484	-0.9980909	0.0005432473	0	-0.0018849556	0	0.06061484	-0.9980909	0.0005432473	2.8889435e-20	1
0	0.06255773	-0.99797094	0.0005559892	0	-0.001256637	0	0.06255773	-0.99797094	0.0005559892	2.9139867e-20	1
0	0.06255773	-0.99797094	0.0005559892	0	-0.0010053096	0	0.06255773	-0.99797094	0.0005559892	2.9240033e-20	1
0	0.06464499	-0.99783766	0.0005696666	0	-0.0006283185	0	0.06464499	-0.99783766	0.0005696666	2.939026e-20	1
0	0.06595623	-0.99775183	0.0005782491	0	-0.0002513274	0	0.06595623	-0.99775183	0.0005782491	2.9540487e-20	1
0	0.06595623	-0.99775183	0.0005782491	0	-0.0001256637	0	0.06595623	-0.99775183	0.0005782491	2.9590558e-20	1
0	0.06595623	-0.99775183	0.0005782491	0	-6.283185e-05	0	0.06595623	-0.99775183	0.0005782491	2.9615596e-20	1
0	0.06595623	-0.99775183	0.0005782491	0	-2.5132742e-05	0	0.06595623	-0.99775183	0.0005782491	2.9630618e-20	1
0	0.06595623	-0.99775183	0.0005782491	0	-1.2566371e-05	0	0.06595623	-0.99775183	0.0005782491	2.9635623e-20	1
0	0.06595623	-0.99775183	0.0005782491	0	-6.2831855e-06	0	0.06595623	-0.99775183	0.0005782491	2.9638127e-20	1
0	0.06595623	-0.99775183	0.0005782491	0	-2.513274e-06	0	0.06595623	-0.99775183	0.0005782491	2.963963e-20	1
0	0.06595623	-0.99775183	0.0005782491	0	-1.256637e-06	0	0.06595623	-0.99775183	0.0005782491	2.964013e-20	1
0	0.06595623	-0.99775183	0.0005782491	0	-6.283185e-07	0	0.06595623	-0.99775183	0.0005782491	2.964038e-20	1
0	0.06595623	-0.99775183	0.0005782491	0	-2.513274e-07	0	0.06595623	-0.99775183	0.0005782491	2.964053e-20	1
0	0.06595623	-0.99775183	0.0005782491	0	-1.256637e-07	0	0.06595623	-0.99775183	0.0005782491	2.964058e-20	1
0	0.06595623	-0.99775183	0.0005782491	0	0	0	0.06595623	-0.99775183	0.0005782491	2.964063e-20	1
0	0.06595623	-0.99775183	0.0005782491	0	1.256637e-07	0	0.06595623	-0.99775183	0.0005782491	2.964068e-20	1
0	0.06595623	-0.99775183	0.0005782491	0	2.513274e-07	0	0.06595623	-0.99775183	0.0005782491	2.964073e-20	1
0	0.06595623	-0.99775183	0.0005782491	0	6.283185e-07	0	0.06595623	-0.99775183	0.0005782491	2.964088e-20	1
0	0.06595623	-0.99775183	0.0005782491	0	1.256637e-06	0	0.06595623	-0.99775183	0.0005782491	2.9641132e-20	1
0	0.06595623	-0.99775183	0.0005782491	0	2.513274e-06	0	0.06595623	-0.99775183	0.0005782491	2.9641633e-20	1
0	0.06595623	-0.99775183	0.0005782491	0	6.2831855e-06	0	0.06595623	-0.99775183	0.0005782491	2.9643135e-20	1
0	0.06595623	-0.99775183	0.0005782491	0	1.2566371e-05	0	0.06595623	-0.99775183	0.0005782491	2.964564e-20	1
0	0.06595623	-0.99775183	0.0005782491	0	2.5132742e-05	0	0.06595623	-0.99775183	0.0005782491	2.9650644e-20	1
0	0.0670993	-0.99767554	0.0005857335	0	6.283185e-05	0	0.0670993	-0.99767554	0.0005857335	2.9665663e-20	1
0	0.0670993	-0.99767554	0.0005857335	0	0.0001256637	0	0.0670993	-0.99767554	0.0005857335	2.9690698e-20	1
0	0.0670993	-0.99767554	0.0005857335	0	0.0002513274	0	0.0670993	-0.99767554	0.0005857335	2.9740765e-20	1
0	0.06925395	-0.9975281	0.0005998225	0	0.0006283185	0	0.06925395	-0.9975281	0.0005998225	2.9890953e-20	1
0	0.07074988	-0.99742293	0.00060959626	0	0.0010053096	0	0.07074988	-0.99742293	0.00060959626	3.0041125e-20	1
0	0.07074988	-0.99742293	0.00060959626	0	0.001256637	0	0.07074988	-0.99742293	0.00060959626	3.0141237e-20	1
0	0.074557364	-0.9971453	0.0006344407	0	0.0018849556	0	0.074557364	-0.9971453	0.0006344407	3.039147e-20	1
0	0.0775293	-0.99691844	0.00065379665	0	0.002513274	0	0.0775293	-0.99691844	0.00065379665	3.0641652e-20	1
0	0.08429654	-0.99636847	0.0006977621	0	0.0037699111	0	0.08429654	-0.99636847	0.0006977621	3.1141825e-20	1
0	0.10226132	-0.9946836	0.00081353704	0	0.0062831854	0	0.10226132	-0.9946836	0.00081353704	3.2141117e-20	1
0	0.14181471	-0.98981476	0.001062342	0	0.009424778	0	0.14181471	-0.98981476	0.001062342	3.338656e-20	1
0	0.8917817	0.45217025	-0.0021412647	0	0.012566371	0	0.8917817	0.45217025	-0.0021412647	2.6378736e-20	1
0	-0.032858573	0.9993919	-0.0003599084	0	0.018849555	0	-0.032858573	0.9993919	-0.0003599084	2.2121674e-20	1
0	-0.02807167	0.99953836	-0.00032793463	0	0.025132742	0	-0.02807167	0.99953836	-0.00032793463	1.9613748e-20	1
0	-0.021738406	0.9996971	-0.00028525502	0	0.03769911	0	-0.021738406	0.9996971	-0.00028525502	1.459711e-20	1
0	-0.01772843	0.9997771	-0.00025783354	0	0.050265484	0	-0.01772843	0.9997771	-0.00025783354	9.579902e-21	1
0	-0.014967141	0.999823	-0.00023862	0	0.06283186	0	-0.014967141	0.999823	-0.00023862	4.5623874e-21	1
