# t (s)	mx ()	my ()	mz ()	B_extx (T)	B_exty (T)	B_extz (T)	mx ()	my ()	mz ()	E_total (J)	branch ()
0	-0.025063142	0.99962044	0.0008867934	0	0.06283186	0	-0.025063142	0.99962044	0.0008867934	4.572139e-21	-1
0	-0.029627662	0.99949473	0.00089890475	0	0.050265484	0	-0.029627662	0.99949473	0.00089890475	9.588449e-21	-1
0	-0.036213353	0.99927676	0.0009133164	0	0.03769911	0	-0.036213353	0.99927676	0.0009133164	1.4603929e-20	-1
0	-0.04650488	0.99884963	0.0009317127	0	0.025132742	0	-0.04650488	0.99884963	0.0009317127	1.9617858e-20	-1
0	-0.05416268	0.99846303	0.0009435761	0	0.018849555	0	-0.05416268	0.99846303	0.0009435761	2.212378e-20	-1
0	-0.064756334	0.9978311	0.0009583138	0	0.012566371	0	-0.064756334	0.9978311	0.0009583138	2.462845e-20	-1
0	-0.07175738	0.9973514	0.00096730853	0	0.009424778	0	-0.07175738	0.9973514	0.00096730853	2.588007e-20	-1
0	-0.08040049	0.9966912	0.0009777893	0	0.0062831854	0	-0.08040049	0.9966912	0.0009777893	2.713098e-20	-1
0	-0.08893794	0.995965	0.0009875863	0	0.0037699111	0	-0.08893794	0.995965	0.0009875863	2.8131014e-20	-1
0	-0.09391929	0.9955071	0.000993073	0	0.002513274	0	-0.09391929	0.9955071	0.000993073	2.8630724e-20	-1
0	-0.09662841	0.9952476	0.0009960015	0	0.0018849556	0	-0.09662841	0.9952476	0.0009960015	2.888049e-20	-1
0	-0.099491194	0.9949652	0.0009990458	0	0.001256637	0	-0.099491194	0.9949652	0.0009990458	2.9130186e-20	-1
0	-0.099491194	0.9949652	0.0009990458	0	0.0010053096	0	-0.099491194	0.9949652	0.0009990458	2.9230052e-20	-1
0	-0.10252752	0.9946567	0.0010022233	0	0.0006283185	0	-0.10252752	0.9946567	0.0010022233	2.937981e-20	-1
0	-0.104442835	0.9944572	0.0010042007	0	0.0002513274	0	-0.104442835	0.9944572	0.0010042007	2.952955e-20	-1
0	-0.104442835	0.9944572	0.0010042007	0	0.0001256637	0	-0.104442835	0.9944572	0.0010042007	2.9579455e-20	-1
0	-0.104442835	0.9944572	0.0010042007	0	6.283185e-05	0	-0.104442835	0.9944572	0.0010042007	2.960441e-20	-1
0	-0.104442835	0.9944572	0.0010042007	0	2.5132742e-05	0	-0.104442835	0.9944572	0.0010042007	2.9619383e-20	-1
0	-0.104442835	0.9944572	0.0010042007	0	1.2566371e-05	0	-0.104442835	0.9944572	0.0010042007	2.9624372e-20	-1
0	-0.104442835	0.9944572	0.0010042007	0	6.2831855e-06	0	-0.104442835	0.9944572	0.0010042007	2.962687e-20	-1
0	-0.104442835	0.9944572	0.0010042007	0	2.513274e-06	0	-0.104442835	0.9944572	0.0010042007	2.9628366e-20	-1
0	-0.104442835	0.9944572	0.0010042007	0	1.256637e-06	0	-0.104442835	0.9944572	0.0010042007	2.9628863e-20	-1
0	-0.104442835	0.9944572	0.0010042007	0	6.283185e-07	0	-0.104442835	0.9944572	0.0010042007	2.9629115e-20	-1
0	-0.104442835	0.9944572	0.0010042007	0	2.513274e-07	0	-0.104442835	0.9944572	0.0010042007	2.9629264e-20	-1
0	-0.104442835	0.9944572	0.0010042007	0	1.256637e-07	0	-0.104442835	0.9944572	0.0010042007	2.9629312e-20	-1
0	-0.104442835	0.9944572	0.0010042007	0	0	0	-0.104442835	0.9944572	0.0010042007	2.9629364e-20	-1
0	-0.104442835	0.9944572	0.0010042007	0	-1.256637e-07	0	-0.104442835	0.9944572	0.0010042007	2.9629412e-20	-1
0	-0.104442835	0.9944572	0.0010042007	0	-2.513274e-07	0	-0.104442835	0.9944572	0.0010042007	2.9629464e-20	-1
0	-0.104442835	0.9944572	0.0010042007	0	-6.283185e-07	0	-0.104442835	0.9944572	0.0010042007	2.9629613e-20	-1
0	-0.104442835	0.9944572	0.0010042007	0	-1.256637e-06	0	-0.104442835	0.9944572	0.0010042007	2.962986e-20	-1
0	-0.104442835	0.9944572	0.0010042007	0	-2.513274e-06	0	-0.104442835	0.9944572	0.0010042007	2.9630362e-20	-1
0	-0.104442835	0.9944572	0.0010042007	0	-6.2831855e-06	0	-0.104442835	0.9944572	0.0010042007	2.963186e-20	-1
0	-0.104442835	0.9944572	0.0010042007	0	-1.2566371e-05	0	-0.104442835	0.9944572	0.0010042007	2.9634353e-20	-1
0	-0.104442835	0.9944572	0.0010042007	0	-2.5132742e-05	0	-0.104442835	0.9944572	0.0010042007	2.9639345e-20	-1
0	-0.10608329	0.99428344	0.0010058805	0	-6.283185e-05	0	-0.10608329	0.99428344	0.0010058805	2.9654305e-20	-1
0	-0.10608329	0.99428344	0.0010058805	0	-0.0001256637	0	-0.10608329	0.99428344	0.0010058805	2.9679253e-20	-1
0	-0.10608329	0.99428344	0.0010058805	0	-0.0002513274	0	-0.10608329	0.99428344	0.0010058805	2.9729152e-20	-1
0	-0.109185845	0.99394715	0.0010090182	0	-0.0006283185	0	-0.109185845	0.99394715	0.0010090182	2.9878807e-20	-1
0	-0.11135994	0.99370575	0.0010111852	0	-0.0010053096	0	-0.11135994	0.99370575	0.0010111852	3.0028433e-20	-1
0	-0.11135994	0.99370575	0.0010111852	0	-0.001256637	0	-0.11135994	0.99370575	0.0010111852	3.012817e-20	-1
0	-0.11677779	0.9930831	0.0010164846	0	-0.0018849556	0	-0.11677779	0.9930831	0.0010164846	3.0377413e-20	-1
0	-0.12099769	0.9925773	0.0010205146	0	-0.002513274	0	-0.12099769	0.9925773	0.0010205146	3.062654e-20	-1
0	-0.1304299	0.99138093	0.0010292083	0	-0.0037699111	0	-0.1304299	0.99138093	0.0010292083	3.1124373e-20	-1
0	-0.15492016	0.9878473	0.0010498865	0	-0.0062831854	0	-0.15492016	0.9878473	0.0010498865	3.2117804e-20	-1
0	-0.20799844	0.9780412	0.0010854674	0	-0.009424778	0	-0.20799844	0.9780412	0.0010854674	3.3352103e-20	-1
0	0.06476717	-0.99783033	-0.0009583306	0	-0.012566371	0	0.06476717	-0.99783033	-0.0009583306	2.462845e-20	-1
0	0.05416547	-0.99846286	-0.0009435805	0	-0.018849555	0	0.05416547	-0.99846286	-0.0009435805	2.2123778e-20	-1
0	0.04651428	-0.9988493	-0.0009317611	0	-0.025132742	0	0.04651428	-0.9988493	-0.0009317611	1.9617861e-20	-1
0	0.03622001	-0.99927664	-0.0009133251	0	-0.03769911	0	0.03622001	-0.99927664	-0.0009133251	1.460393e-20	-1
0	0.029632773	-0.99949455	-0.00089891057	0	-0.050265484	0	0.029632773	-0.99949455	-0.00089891057	9.588448e-21	-1
0	0.025065571	-0.9996203	-0.0008867951	0	-0.06283186	0	0.025065571	-0.9996203	-0.0008867951	4.572136e-21	-1
0	0.025065571	-0.9996203	-0.0008867951	0	-0.06283186	0	0.025065571	-0.9996203	-0.0008867951	4.572136e-21	1
0	0.029631514	-0.99949455	-0.0008989006	0	-0.050265484	0	0.029631514	-0.99949455	-0.0008989006	9.588447e-21	1
0	0.036210977	-0.9992769	-0.00091330905	0	-0.03769911	0	0.036210977	-0.9992769	-0.00091330905	1.4603925e-20	1
0	0.046509534	-0.9988494	-0.0009317555	0	-0.025132742	0	0.046509534	-0.9988494	-0.0009317555	1.9617865e-20	1
0	0.054157153	-0.9984633	-0.0009435725	0	-0.018849555	0	0.054157153	-0.9984633	-0.0009435725	2.2123779e-20	1
0	0.06476763	-0.99783033	-0.00095833064	0	-0.012566371	0	0.06476763	-0.99783033	-0.00095833064	2.4628451e-20	1
0	0.07175858	-0.99735135	-0.00096730876	0	-0.009424778	0	0.07175858	-0.99735135	-0.00096730876	2.5880071e-20	1
0	0.08040493	-0.99669087	-0.0009777935	0	-0.0062831854	0	0.08040493	-0.99669087	-0.0009777935	2.713098e-20	1
0	0.08894819	-0.99596405	-0.0009875959	0	-0.0037699111	0	0.08894819	-0.99596405	-0.0009875959	2.8131014e-20	1
0	0.09393804	-0.9955054	-0.0009930973	0	-0.002513274	0	0.09393804	-0.9955054	-0.0009930973	2.8630724e-20	1
0	0.096631676	-0.99524724	-0.0009960071	0	-0.0018849556	0	0.096631676	-0.99524724	-0.0009960071	2.8880488e-20	1
0	0.09949255	-0.9949651	-0.0009990532	0	-0.001256637	0	0.09949255	-0.9949651	-0.0009990532	2.913019e-20	1
0	0.100683704	-0.99484515	-0.001000301	0	-0.0010053096	0	0.100683704	-0.99484515	-0.001000301	2.923005e-20	1
0	0.10250683	-0.9946588	-0.0010022043	0	-0.0006283185	0	0.10250683	-0.9946588	-0.0010022043	2.9379814e-20	1
0	0.10443905	-0.9944576	-0.0010042023	0	-0.0002513274	0	0.10443905	-0.9944576	-0.0010042023	2.9529547e-20	1
0	0.10443905	-0.9944576	-0.0010042023	0	-0.0001256637	0	0.10443905	-0.9944576	-0.0010042023	2.9579452e-20	1
0	0.10443905	-0.9944576	-0.0010042023	0	-6.283185e-05	0	0.10443905	-0.9944576	-0.0010042023	2.9604406e-20	1
0	0.10443905	-0.9944576	-0.0010042023	0	-2.5132742e-05	0	0.10443905	-0.9944576	-0.0010042023	2.961938e-20	1
0	0.10443905	-0.9944576	-0.0010042023	0	-1.2566371e-05	0	0.10443905	-0.9944576	-0.0010042023	2.962437e-20	1
0	0.10443905	-0.9944576	-0.0010042023	0	-6.2831855e-06	0	0.10443905	-0.9944576	-0.0010042023	2.9626863e-20	1
0	0.10443905	-0.9944576	-0.0010042023	0	-2.513274e-06	0	0.10443905	-0.9944576	-0.0010042023	2.9628362e-20	1
0	0.10443905	-0.9944576	-0.0010042023	0	-1.256637e-06	0	0.10443905	-0.9944576	-0.0010042023	2.962886e-20	1
0	0.10443905	-0.9944576	-0.0010042023	0	-6.283185e-07	0	0.10443905	-0.9944576	-0.0010042023	2.962911e-20	1
0	0.10443905	-0.9944576	-0.0010042023	0	-2.513274e-07	0	0.10443905	-0.9944576	-0.0010042023	2.962926e-20	1
0	0.10443905	-0.9944576	-0.0010042023	0	-1.256637e-07	0	0.10443905	-0.9944576	-0.0010042023	2.962931e-20	1
0	0.10443905	-0.9944576	-0.0010042023	0	0	0	0.10443905	-0.9944576	-0.0010042023	2.962936e-20	1
0	0.10443905	-0.9944576	-0.0010042023	0	1.256637e-07	0	0.10443905	-0.9944576	-0.0010042023	2.962941e-20	1
0	0.10443905	-0.9944576	-0.0010042023	0	2.513274e-07	0	0.10443905	-0.9944576	-0.0010042023	2.962946e-20	1
0	0.10443905	-0.9944576	-0.0010042023	0	6.283185e-07	0	0.10443905	-0.9944576	-0.0010042023	2.962961e-20	1
0	0.10443905	-0.9944576	-0.0010042023	0	1.256637e-06	0	0.10443905	-0.9944576	-0.0010042023	2.9629858e-20	1
0	0.10443905	-0.9944576	-0.0010042023	0	2.513274e-06	0	0.10443905	-0.9944576	-0.0010042023	2.963036e-20	1
0	0.10443905	-0.9944576	-0.0010042023	0	6.2831855e-06	0	0.10443905	-0.9944576	-0.0010042023	2.9631855e-20	1
0	0.10443905	-0.9944576	-0.0010042023	0	1.2566371e-05	0	0.10443905	-0.9944576	-0.0010042023	2.963435e-20	1
0	0.10443905	-0.9944576	-0.0010042023	0	2.5132742e-05	0	0.10443905	-0.9944576	-0.0010042023	2.9639342e-20	1
0	0.10608621	-0.9942831	-0.0010058846	0	6.283185e-05	0	0.10608621	-0.9942831	-0.0010058846	2.9654305e-20	1
0	0.10608621	-0.9942831	-0.0010058846	0	0.0001256637	0	0.10608621	-0.9942831	-0.0010058846	2.9679257e-20	1
0	0.10608621	-0.9942831	-0.0010058846	0	0.0002513274	0	0.10608621	-0.9942831	-0.0010058846	2.9729152e-20	1
0	0.109172374	-0.99394864	-0.0010090051	0	0.0006283185	0	0.109172374	-0.99394864	-0.0010090051	2.987881e-20	1
0	0.111346275	-0.9937073	-0.0010111728	0	0.0010053096	0	0.111346275	-0.9937073	-0.0010111728	3.0028437e-20	1
0	0.111346275	-0.9937073	-0.0010111728	0	0.001256637	0	0.111346275	-0.9937073	-0.0010111728	3.0128176e-20	1
0	0.11678852	-0.9930818	-0.0010164947	0	0.0018849556	0	0.11678852	-0.9930818	-0.0010164947	3.037741e-20	1
0	0.12098805	-0.9925785	-0.0010204884	0	0.002513274	0	0.12098805	-0.9925785	-0.0010204884	3.062654e-20	1
0	0.1304194	-0.99138236	-0.0010291822	0	0.0037699111	0	0.1304194	-0.99138236	-0.0010291822	3.1124377e-20	1
0	0.15496717	-0.98783994	-0.0010499209	0	0.0062831854	0	0.15496717	-0.98783994	-0.0010499209	3.211781e-20	1
0	0.20799191	-0.9780426	-0.0010854644	0	0.009424778	0	0.20799191	-0.9780426	-0.0010854644	3.3352103e-20	1
0	-0.9504316	0.3106023	-0.00028110726	0	0.012566371	0	-0.9504316	0.3106023	-0.00028110726	2.6986889e-20	1
0	-0.054168478	0.9984627	0.0009436042	0	0.018849555	0	-0.054168478	0.9984627	0.0009436042	2.212378e-20	1
0	-0.046512585	0.9988493	0.0009317543	0	0.025132742	0	-0.046512585	0.9988493	0.0009317543	1.9617861e-20	1
0	-0.03621977	0.9992766	0.00091333885	0	0.03769911	0	-0.03621977	0.9992766	0.00091333885	1.4603925e-20	1
0	-0.02963441	0.9994945	0.0008989132	0	0.050265484	0	-0.02963441	0.9994945	0.0008989132	9.5884474e-21	1
0	-0.025064856	0.9996203	0.0008867915	0	0.06283186	0	-0.025064856	0.9996203	0.0008867915	4.5721342e-21	1
