# t (s)	mx ()	my ()	mz ()	B_extx (T)	B_exty (T)	B_extz (T)	mx ()	my ()	mz ()	E_total (J)	maxTorque (T)	branch ()
0	-0.1126162	0.99355495	-0.0052905735	0	0.06283186	0	-0.1126162	0.99355495	-0.0052905735	3.069449e-21	1.1373963e-07	-1
0	-0.13066226	0.9913404	-0.0053812647	0	0.050265484	0	-0.13066226	0.9913404	-0.0053812647	8.050442e-21	1.7582774e-07	-1
0	-0.1546735	0.9878751	-0.0054792725	0	0.03769911	0	-0.1546735	0.9878751	-0.0054792725	1.3017483e-20	1.3601318e-07	-1
0	-0.18765593	0.98213845	-0.0055799996	0	0.025132742	0	-0.18765593	0.98213845	-0.0055799996	1.7962014e-20	4.6632337e-08	-1
0	-0.20898455	0.9778185	-0.0056272014	0	0.018849555	0	-0.20898455	0.9778185	-0.0056272014	2.0421293e-20	1.3856493e-07	-1
0	-0.23475954	0.9719479	-0.0056672757	0	0.012566371	0	-0.23475954	0.9719479	-0.0056672757	2.2867912e-20	6.481381e-08	-1
0	-0.24973178	0.9682063	-0.0056824973	0	0.009424778	0	-0.24973178	0.9682063	-0.0056824973	2.4085065e-20	3.1111736e-07	-1
0	-0.26640427	0.96374893	-0.0056927586	0	0.0062831854	0	-0.26640427	0.96374893	-0.0056927586	2.5297086e-20	1.8081815e-07	-1
0	-0.281173	0.9595413	-0.005696127	0	0.0037699111	0	-0.281173	0.9595413	-0.005696127	2.6262346e-20	3.0870626e-07	-1
0	-0.2891094	0.95717835	-0.005695761	0	0.002513274	0	-0.2891094	0.95717835	-0.005695761	2.6743307e-20	1.5084494e-07	-1
0	-0.29322037	0.9559262	-0.0056949854	0	0.0018849556	0	-0.29322037	0.9559262	-0.0056949854	2.698333e-20	3.3146276e-07	-1
0	-0.2974424	0.95462006	-0.005693772	0	0.001256637	0	-0.2974424	0.95462006	-0.005693772	2.722303e-20	2.6773245e-07	-1
0	-0.2974424	0.95462006	-0.005693772	0	0.0010053096	0	-0.2974424	0.95462006	-0.005693772	2.7318845e-20	7.970217e-05	-1
0	-0.3017743	0.95325863	-0.005692092	0	0.0006283185	0	-0.3017743	0.95325863	-0.005692092	2.7462403e-20	2.522085e-07	-1
0	-0.3017743	0.95325863	-0.005692092	0	0.0002513274	0	-0.3017743	0.95325863	-0.005692092	2.760592e-20	0.000121456	-1
0	-0.3053242	0.95212686	-0.0056903884	0	0.0001256637	0	-0.3053242	0.95212686	-0.0056903884	2.765365e-20	2.2762059e-07	-1
0	-0.3053242	0.95212686	-0.0056903884	0	6.283185e-05	0	-0.3053242	0.95212686	-0.0056903884	2.767754e-20	2.0654013e-05	-1
0	-0.3053242	0.95212686	-0.0056903884	0	2.5132742e-05	0	-0.3053242	0.95212686	-0.0056903884	2.7691874e-20	3.291181e-05	-1
0	-0.3053242	0.95212686	-0.0056903884	0	1.2566371e-05	0	-0.3053242	0.95212686	-0.0056903884	2.7696653e-20	3.7000973e-05	-1
0	-0.3053242	0.95212686	-0.0056903884	0	6.2831855e-06	0	-0.3053242	0.95212686	-0.0056903884	2.769904e-20	3.904071e-05	-1
0	-0.3053242	0.95212686	-0.0056903884	0	2.513274e-06	0	-0.3053242	0.95212686	-0.0056903884	2.7700476e-20	4.026649e-05	-1
0	-0.3053242	0.95212686	-0.0056903884	0	1.256637e-06	0	-0.3053242	0.95212686	-0.0056903884	2.7700954e-20	4.067831e-05	-1
0	-0.3053242	0.95212686	-0.0056903884	0	6.283185e-07	0	-0.3053242	0.95212686	-0.0056903884	2.7701193e-20	4.0881798e-05	-1
0	-0.3053242	0.95212686	-0.0056903884	0	2.513274e-07	0	-0.3053242	0.95212686	-0.0056903884	2.7701335e-20	4.1002924e-05	-1
0	-0.3053242	0.95212686	-0.0056903884	0	1.256637e-07	0	-0.3053242	0.95212686	-0.0056903884	2.7701384e-20	4.1046525e-05	-1
0	-0.3053242	0.95212686	-0.0056903884	0	0	0	-0.3053242	0.95212686	-0.0056903884	2.7701432e-20	4.1085288e-05	-1
0	-0.3053242	0.95212686	-0.0056903884	0	-1.256637e-07	0	-0.3053242	0.95212686	-0.0056903884	2.770148e-20	4.112405e-05	-1
0	-0.3053242	0.95212686	-0.0056903884	0	-2.513274e-07	0	-0.3053242	0.95212686	-0.0056903884	2.7701526e-20	4.1167652e-05	-1
0	-0.3053242	0.95212686	-0.0056903884	0	-6.283185e-07	0	-0.3053242	0.95212686	-0.0056903884	2.770167e-20	4.128878e-05	-1
0	-0.3053242	0.95212686	-0.0056903884	0	-1.256637e-06	0	-0.3053242	0.95212686	-0.0056903884	2.770191e-20	4.1492265e-05	-1
0	-0.3053242	0.95212686	-0.0056903884	0	-2.513274e-06	0	-0.3053242	0.95212686	-0.0056903884	2.770239e-20	4.1904088e-05	-1
0	-0.3053242	0.95212686	-0.0056903884	0	-6.2831855e-06	0	-0.3053242	0.95212686	-0.0056903884	2.770382e-20	4.312987e-05	-1
0	-0.3053242	0.95212686	-0.0056903884	0	-1.2566371e-05	0	-0.3053242	0.95212686	-0.0056903884	2.770621e-20	4.5169603e-05	-1
0	-0.3053242	0.95212686	-0.0056903884	0	-2.5132742e-05	0	-0.3053242	0.95212686	-0.0056903884	2.7710987e-20	4.9258768e-05	-1
0	-0.3053242	0.95212686	-0.0056903884	0	-6.283185e-05	0	-0.3053242	0.95212686	-0.0056903884	2.7725323e-20	6.1516555e-05	-1
0	-0.3053242	0.95212686	-0.0056903884	0	-0.0001256637	0	-0.3053242	0.95212686	-0.0056903884	2.7749215e-20	8.194299e-05	-1
0	-0.3053242	0.95212686	-0.0056903884	0	-0.0002513274	0	-0.3053242	0.95212686	-0.0056903884	2.7796997e-20	0.00012280069	-1
0	-0.310794	0.9503544	-0.005687192	0	-0.0006283185	0	-0.310794	0.9503544	-0.005687192	2.794008e-20	2.0009797e-07	-1
0	-0.310794	0.9503544	-0.005687192	0	-0.0010053096	0	-0.310794	0.9503544	-0.005687192	2.8083163e-20	0.00012483471	-1
0	-0.31549418	0.9488034	-0.0056838933	0	-0.001256637	0	-0.31549418	0.9488034	-0.0056838933	2.8178347e-20	1.1682894e-07	-1
0	-0.32033032	0.9471806	-0.0056799715	0	-0.0018849556	0	-0.32033032	0.9471806	-0.0056799715	2.841623e-20	1.3305286e-07	-1
0	-0.32530248	0.94548345	-0.0056753885	0	-0.002513274	0	-0.32530248	0.94548345	-0.0056753885	2.8653688e-20	3.536409e-07	-1
0	-0.33571768	0.9418334	-0.005663979	0	-0.0037699111	0	-0.33571768	0.9418334	-0.005663979	2.9127278e-20	2.1814299e-07	-1
0	-0.3586989	0.9333179	-0.0056303088	0	-0.0062831854	0	-0.3586989	0.9333179	-0.0056303088	3.0068474e-20	2.571745e-07	-1
0	-0.3928162	0.9194721	-0.0055594184	0	-0.009424778	0	-0.3928162	0.9194721	-0.0055594184	3.1231215e-20	2.2558602e-07	-1
0	-0.4367265	0.8994365	-0.0054332158	0	-0.012566371	0	-0.4367265	0.8994365	-0.0054332158	3.237314e-20	1.6760531e-07	-1
0	0.20898783	-0.9778179	0.0056272056	0	-0.018849555	0	0.20898783	-0.9778179	0.0056272056	2.0421294e-20	1.684133e-07	-1
0	0.18765756	-0.98213816	0.005580002	0	-0.025132742	0	0.18765756	-0.98213816	0.005580002	1.7962015e-20	1.553482e-07	-1
0	0.15467525	-0.98787487	0.005479276	0	-0.03769911	0	0.15467525	-0.98787487	0.005479276	1.3017479e-20	1.1892909e-07	-1
0	0.13066396	-0.99134016	0.0053812694	0	-0.050265484	0	0.13066396	-0.99134016	0.0053812694	8.050446e-21	1.3583981e-07	-1
0	0.1126173	-0.99355483	0.005290577	0	-0.06283186	0	0.1126173	-0.99355483	0.005290577	3.06945e-21	6.52443e-08	-1
0	0.1126173	-0.99355483	0.005290577	0	-0.06283186	0	0.1126173	-0.99355483	0.005290577	3.06945e-21	6.52443e-08	1
0	0.13066342	-0.9913402	0.005381267	0	-0.050265484	0	0.13066342	-0.9913402	0.005381267	8.050445e-21	6.130958e-08	1
0	0.15467545	-0.98787475	0.005479277	0	-0.03769911	0	0.15467545	-0.98787475	0.005479277	1.30174794e-20	1.04535374e-07	1
0	0.18765473	-0.98213863	0.005579998	0	-0.025132742	0	0.18765473	-0.98213863	0.005579998	1.7962012e-20	2.1399353e-07	1
0	0.20898497	-0.9778185	0.005627202	0	-0.018849555	0	0.20898497	-0.9778185	0.005627202	2.0421298e-20	8.663449e-08	1
0	0.23475838	-0.97194815	0.005667275	0	-0.012566371	0	0.23475838	-0.97194815	0.005667275	2.286791e-20	1.6464459e-07	1
0	0.24973372	-0.9682058	0.005682498	0	-0.009424778	0	0.24973372	-0.9682058	0.005682498	2.4085068e-20	1.14303e-07	1
0	0.2664035	-0.9637492	0.0056927595	0	-0.0062831854	0	0.2664035	-0.9637492	0.0056927595	2.5297086e-20	2.3374159e-07	1
0	0.28117305	-0.95954126	0.005696127	0	-0.0037699111	0	0.28117305	-0.95954126	0.005696127	2.6262345e-20	2.863121e-07	1
0	0.28910974	-0.9571783	0.005695761	0	-0.002513274	0	0.28910974	-0.9571783	0.005695761	2.6743305e-20	2.98003e-07	1
0	0.2932204	-0.9559262	0.0056949854	0	-0.0018849556	0	0.2932204	-0.9559262	0.0056949854	2.698333e-20	2.6467197e-07	1
0	0.2974453	-0.95461917	0.00569377	0	-0.001256637	0	0.2974453	-0.95461917	0.00569377	2.7223034e-20	1.3995728e-07	1
0	0.2974453	-0.95461917	0.00569377	0	-0.0010053096	0	0.2974453	-0.95461917	0.00569377	2.731885e-20	7.977569e-05	1
0	0.3017801	-0.95325685	0.005692086	0	-0.0006283185	0	0.3017801	-0.95325685	0.005692086	2.74624e-20	2.5647415e-07	1
0	0.3017801	-0.95325685	0.005692086	0	-0.0002513274	0	0.3017801	-0.95325685	0.005692086	2.760592e-20	0.00012111553	1
0	0.30532402	-0.952127	0.0056903875	0	-0.0001256637	0	0.30532402	-0.952127	0.0056903875	2.7653646e-20	3.9235528e-07	1
0	0.30532402	-0.952127	0.0056903875	0	-6.283185e-05	0	0.30532402	-0.952127	0.0056903875	2.7677538e-20	2.0671432e-05	1
0	0.30532402	-0.952127	0.0056903875	0	-2.5132742e-05	0	0.30532402	-0.952127	0.0056903875	2.769187e-20	3.292922e-05	1
0	0.30532402	-0.952127	0.0056903875	0	-1.2566371e-05	0	0.30532402	-0.952127	0.0056903875	2.769665e-20	3.701838e-05	1
0	0.30532402	-0.952127	0.0056903875	0	-6.2831855e-06	0	0.30532402	-0.952127	0.0056903875	2.7699038e-20	3.905811e-05	1
0	0.30532402	-0.952127	0.0056903875	0	-2.513274e-06	0	0.30532402	-0.952127	0.0056903875	2.7700472e-20	4.0283896e-05	1
0	0.30532402	-0.952127	0.0056903875	0	-1.256637e-06	0	0.30532402	-0.952127	0.0056903875	2.770095e-20	4.069572e-05	1
0	0.30532402	-0.952127	0.0056903875	0	-6.283185e-07	0	0.30532402	-0.952127	0.0056903875	2.770119e-20	4.0899205e-05	1
0	0.30532402	-0.952127	0.0056903875	0	-2.513274e-07	0	0.30532402	-0.952127	0.0056903875	2.7701332e-20	4.1020332e-05	1
0	0.30532402	-0.952127	0.0056903875	0	-1.256637e-07	0	0.30532402	-0.952127	0.0056903875	2.770138e-20	4.1063937e-05	1
0	0.30532402	-0.952127	0.0056903875	0	0	0	0.30532402	-0.952127	0.0056903875	2.770143e-20	4.1102696e-05	1
0	0.30532402	-0.952127	0.0056903875	0	1.256637e-07	0	0.30532402	-0.952127	0.0056903875	2.7701474e-20	4.1141455e-05	1
0	0.30532402	-0.952127	0.0056903875	0	2.513274e-07	0	0.30532402	-0.952127	0.0056903875	2.7701523e-20	4.118506e-05	1
0	0.30532402	-0.952127	0.0056903875	0	6.283185e-07	0	0.30532402	-0.952127	0.0056903875	2.7701668e-20	4.1306183e-05	1
0	0.30532402	-0.952127	0.0056903875	0	1.256637e-06	0	0.30532402	-0.952127	0.0056903875	2.7701904e-20	4.1509673e-05	1
0	0.30532402	-0.952127	0.0056903875	0	2.513274e-06	0	0.30532402	-0.952127	0.0056903875	2.7702382e-20	4.1921496e-05	1
0	0.30532402	-0.952127	0.0056903875	0	6.2831855e-06	0	0.30532402	-0.952127	0.0056903875	2.7703817e-20	4.3147276e-05	1
0	0.30532402	-0.952127	0.0056903875	0	1.2566371e-05	0	0.30532402	-0.952127	0.0056903875	2.7706205e-20	4.518701e-05	1
0	0.30532402	-0.952127	0.0056903875	0	2.5132742e-05	0	0.30532402	-0.952127	0.0056903875	2.7710983e-20	4.927617e-05	1
0	0.30532402	-0.952127	0.0056903875	0	6.283185e-05	0	0.30532402	-0.952127	0.0056903875	2.772532e-20	6.153395e-05	1
0	0.30532402	-0.952127	0.0056903875	0	0.0001256637	0	0.30532402	-0.952127	0.0056903875	2.774921e-20	8.1960374e-05	1
0	0.30532402	-0.952127	0.0056903875	0	0.0002513274	0	0.30532402	-0.952127	0.0056903875	2.7796994e-20	0.00012281805	1
0	0.31079847	-0.9503529	0.0056871865	0	0.0006283185	0	0.31079847	-0.9503529	0.0056871865	2.7940077e-20	2.3412045e-07	1
0	0.31079847	-0.9503529	0.0056871865	0	0.0010053096	0	0.31079847	-0.9503529	0.0056871865	2.808316e-20	0.00012467241	1
0	0.31549475	-0.94880325	0.0056838915	0	0.001256637	0	0.31549475	-0.94880325	0.0056838915	2.817835e-20	1.2856097e-07	1
0	0.32033142	-0.9471803	0.0056799706	0	0.0018849556	0	0.32033142	-0.9471803	0.0056799706	2.8416233e-20	2.1003775e-07	1
0	0.32530284	-0.9454833	0.0056753876	0	0.002513274	0	0.32530284	-0.9454833	0.0056753876	2.8653688e-20	2.227157e-07	1
0	0.33572322	-0.94183135	0.0056639705	0	0.0037699111	0	0.33572322	-0.94183135	0.0056639705	2.9127278e-20	2.5476265e-07	1
0	0.3586988	-0.933318	0.005630309	0	0.0062831854	0	0.3586988	-0.933318	0.005630309	3.0068474e-20	2.0038254e-07	1
0	0.39280832	-0.91947556	0.00555944	0	0.009424778	0	0.39280832	-0.91947556	0.00555944	3.1231212e-20	2.3823289e-07	1
0	0.4367265	-0.8994365	0.0054332158	0	0.012566371	0	0.4367265	-0.8994365	0.0054332158	3.237314e-20	1.8381965e-07	1
0	-0.208987	0.977818	-0.0056272047	0	0.018849555	0	-0.208987	0.977818	-0.0056272047	2.0421294e-20	9.69642e-08	1
0	-0.18765727	0.98213816	-0.0055800015	0	0.025132742	0	-0.18765727	0.98213816	-0.0055800015	1.7962015e-20	1.11854625e-07	1
0	-0.15467572	0.98787475	-0.005479277	0	0.03769911	0	-0.15467572	0.98787475	-0.005479277	1.3017481e-20	1.3201695e-07	1
0	-0.13066378	0.99134016	-0.0053812684	0	0.050265484	0	-0.13066378	0.99134016	-0.0053812684	8.0504424e-21	2.4602366e-07	1
0	-0.112616435	0.99355495	-0.0052905744	0	0.06283186	0	-0.112616435	0.99355495	-0.0052905744	3.0694504e-21	5.826463e-08	1
