# t (s)	mx ()	my ()	mz ()	B_extx (T)	B_exty (T)	B_extz (T)	mx ()	my ()	mz ()	E_total (J)	branch ()
0	0.18657586	0.98235726	0.002585051	0	0.06283186	0	0.18657586	0.98235726	0.002585051	3.9317793e-21	-1
0	0.22698656	0.9738064	0.0029656217	0	0.050265484	0	0.22698656	0.9738064	0.0029656217	8.842052e-21	-1
0	0.28072354	0.9596846	0.0034190824	0	0.03769911	0	0.28072354	0.9596846	0.0034190824	1.3696631e-20	-1
0	0.35063773	0.93638825	0.003906161	0	0.025132742	0	0.35063773	0.93638825	0.003906161	1.8459169e-20	-1
0	0.39238203	0.9196669	0.0041343123	0	0.018849555	0	0.39238203	0.9196669	0.0041343123	2.0788682e-20	-1
0	0.4391896	0.89824414	0.0043282956	0	0.012566371	0	0.4391896	0.89824414	0.0043282956	2.3070596e-20	-1
0	0.46471232	0.885303	0.0044046	0	0.009424778	0	0.46471232	0.885303	0.0044046	2.418961e-20	-1
0	0.4918118	0.8705338	0.0044615874	0	0.0062831854	0	0.4918118	0.8705338	0.0044615874	2.5291278e-20	-1
0	0.5148102	0.8571286	0.004489758	0	0.0037699111	0	0.5148102	0.8571286	0.004489758	2.615843e-20	-1
0	0.52682334	0.8497951	0.0044968706	0	0.002513274	0	0.52682334	0.8497951	0.0044968706	2.6586763e-20	-1
0	0.5329373	0.84597296	0.0044984557	0	0.0018849556	0	0.5329373	0.84597296	0.0044984557	2.6799518e-20	-1
0	0.5391665	0.84201527	0.0044986345	0	0.001256637	0	0.5391665	0.84201527	0.0044986345	2.7011303e-20	-1
0	0.5391665	0.84201527	0.0044986345	0	0.0010053096	0	0.5391665	0.84201527	0.0044986345	2.7095816e-20	-1
0	0.5454973	0.8379265	0.0044973223	0	0.0006283185	0	0.5454973	0.8379265	0.0044973223	2.722207e-20	-1
0	0.5454973	0.8379265	0.0044973223	0	0.0002513274	0	0.5454973	0.8379265	0.0044973223	2.7348226e-20	-1
0	0.5454973	0.8379265	0.0044973223	0	0.0001256637	0	0.5454973	0.8379265	0.0044973223	2.7390277e-20	-1
0	0.5454973	0.8379265	0.0044973223	0	6.283185e-05	0	0.5454973	0.8379265	0.0044973223	2.7411302e-20	-1
0	0.5516716	0.83387315	0.004494575	0	2.5132742e-05	0	0.5516716	0.83387315	0.004494575	2.742343e-20	-1
0	0.5516716	0.83387315	0.004494575	0	1.2566371e-05	0	0.5516716	0.83387315	0.004494575	2.742762e-20	-1
0	0.5516716	0.83387315	0.004494575	0	6.2831855e-06	0	0.5516716	0.83387315	0.004494575	2.742971e-20	-1
0	0.5516716	0.83387315	0.004494575	0	2.513274e-06	0	0.5516716	0.83387315	0.004494575	2.7430967e-20	-1
0	0.5516716	0.83387315	0.004494575	0	1.256637e-06	0	0.5516716	0.83387315	0.004494575	2.7431384e-20	-1
0	0.5516716	0.83387315	0.004494575	0	6.283185e-07	0	0.5516716	0.83387315	0.004494575	2.7431594e-20	-1
0	0.5516716	0.83387315	0.004494575	0	2.513274e-07	0	0.5516716	0.83387315	0.004494575	2.743172e-20	-1
0	0.5516716	0.83387315	0.004494575	0	1.256637e-07	0	0.5516716	0.83387315	0.004494575	2.743176e-20	-1
0	0.5516716	0.83387315	0.004494575	0	0	0	0.5516716	0.83387315	0.004494575	2.7431804e-20	-1
0	0.5516716	0.83387315	0.004494575	0	-1.256637e-07	0	0.5516716	0.83387315	0.004494575	2.7431846e-20	-1
0	0.5516716	0.83387315	0.004494575	0	-2.513274e-07	0	0.5516716	0.83387315	0.004494575	2.7431888e-20	-1
0	0.5516716	0.83387315	0.004494575	0	-6.283185e-07	0	0.5516716	0.83387315	0.004494575	2.743201e-20	-1
0	0.5516716	0.83387315	0.004494575	0	-1.256637e-06	0	0.5516716	0.83387315	0.004494575	2.743222e-20	-1
0	0.5516716	0.83387315	0.004494575	0	-2.513274e-06	0	0.5516716	0.83387315	0.004494575	2.743264e-20	-1
0	0.5516716	0.83387315	0.004494575	0	-6.2831855e-06	0	0.5516716	0.83387315	0.004494575	2.7433894e-20	-1
0	0.5516716	0.83387315	0.004494575	0	-1.2566371e-05	0	0.5516716	0.83387315	0.004494575	2.7435988e-20	-1
0	0.5516716	0.83387315	0.004494575	0	-2.5132742e-05	0	0.5516716	0.83387315	0.004494575	2.7440172e-20	-1
0	0.5516716	0.83387315	0.004494575	0	-6.283185e-05	0	0.5516716	0.83387315	0.004494575	2.7452725e-20	-1
0	0.5516716	0.83387315	0.004494575	0	-0.0001256637	0	0.5516716	0.83387315	0.004494575	2.747365e-20	-1
0	0.5516716	0.83387315	0.004494575	0	-0.0002513274	0	0.5516716	0.83387315	0.004494575	2.7515497e-20	-1
0	0.5584765	0.8293297	0.0044898717	0	-0.0006283185	0	0.5584765	0.8293297	0.0044898717	2.764045e-20	-1
0	0.5584765	0.8293297	0.0044898717	0	-0.0010053096	0	0.5584765	0.8293297	0.0044898717	2.776531e-20	-1
0	0.5651419	0.82480085	0.0044835284	0	-0.001256637	0	0.5651419	0.82480085	0.0044835284	2.7847985e-20	-1
0	0.57192665	0.8201095	0.004475303	0	-0.0018849556	0	0.57192665	0.8201095	0.004475303	2.805436e-20	-1
0	0.57885575	0.8152324	0.004465037	0	-0.002513274	0	0.57885575	0.8152324	0.004465037	2.8259533e-20	-1
0	0.5931678	0.8048763	0.0044378014	0	-0.0037699111	0	0.5931678	0.8048763	0.0044378014	2.86661e-20	-1
0	0.6238222	0.78135324	0.0043516057	0	-0.0062831854	0	0.6238222	0.78135324	0.0043516057	2.9462513e-20	-1
0	0.667838	0.74407876	0.00415915	0	-0.009424778	0	0.667838	0.74407876	0.00415915	3.0420588e-20	-1
0	0.72429454	0.6892443	0.003788683	0	-0.012566371	0	0.72429454	0.6892443	0.003788683	3.1322554e-20	-1
0	-0.39237452	-0.9196701	-0.004134277	0	-0.018849555	0	-0.39237452	-0.9196701	-0.004134277	2.0788684e-20	-1
0	-0.35063493	-0.9363893	-0.0039061452	0	-0.025132742	0	-0.35063493	-0.9363893	-0.0039061452	1.845917e-20	-1
0	-0.28073132	-0.95968235	-0.003419142	0	-0.03769911	0	-0.28073132	-0.95968235	-0.003419142	1.3696633e-20	-1
0	-0.22699526	-0.97380435	-0.0029656985	0	-0.050265484	0	-0.22699526	-0.97380435	-0.0029656985	8.8420494e-21	-1
0	-0.1865826	-0.98235595	-0.0025851165	0	-0.06283186	0	-0.1865826	-0.98235595	-0.0025851165	3.931778e-21	-1
0	-0.1865826	-0.98235595	-0.0025851165	0	-0.06283186	0	-0.1865826	-0.98235595	-0.0025851165	3.931778e-21	1
0	-0.22699234	-0.97380507	-0.002965673	0	-0.050265484	0	-0.22699234	-0.97380507	-0.002965673	8.8420535e-21	1
0	-0.2807194	-0.9596858	-0.0034190472	0	-0.03769911	0	-0.2807194	-0.9596858	-0.0034190472	1.3696626e-20	1
0	-0.3506394	-0.93638766	-0.0039061708	0	-0.025132742	0	-0.3506394	-0.93638766	-0.0039061708	1.8459169e-20	1
0	-0.39238504	-0.9196656	-0.004134326	0	-0.018849555	0	-0.39238504	-0.9196656	-0.004134326	2.078868e-20	1
0	-0.43918824	-0.89824486	-0.0043282914	0	-0.012566371	0	-0.43918824	-0.89824486	-0.0043282914	2.307059e-20	1
0	-0.46471363	-0.8853024	-0.0044046035	0	-0.009424778	0	-0.46471363	-0.8853024	-0.0044046035	2.418961e-20	1
0	-0.49182466	-0.87052643	-0.004461606	0	-0.0062831854	0	-0.49182466	-0.87052643	-0.004461606	2.5291277e-20	1
0	-0.51481044	-0.8571285	-0.004489759	0	-0.0037699111	0	-0.51481044	-0.8571285	-0.004489759	2.6158432e-20	1
0	-0.52680475	-0.84980667	-0.004496868	0	-0.002513274	0	-0.52680475	-0.84980667	-0.004496868	2.6586766e-20	1
0	-0.5329379	-0.84597254	-0.0044984557	0	-0.0018849556	0	-0.5329379	-0.84597254	-0.0044984557	2.679952e-20	1
0	-0.5391662	-0.84201545	-0.004498635	0	-0.001256637	0	-0.5391662	-0.84201545	-0.004498635	2.7011303e-20	1
0	-0.5391662	-0.84201545	-0.004498635	0	-0.0010053096	0	-0.5391662	-0.84201545	-0.004498635	2.7095818e-20	1
0	-0.5454956	-0.8379276	-0.004497323	0	-0.0006283185	0	-0.5454956	-0.8379276	-0.004497323	2.7222075e-20	1
0	-0.5454956	-0.8379276	-0.004497323	0	-0.0002513274	0	-0.5454956	-0.8379276	-0.004497323	2.734823e-20	1
0	-0.5454956	-0.8379276	-0.004497323	0	-0.0001256637	0	-0.5454956	-0.8379276	-0.004497323	2.739028e-20	1
0	-0.5454956	-0.8379276	-0.004497323	0	-6.283185e-05	0	-0.5454956	-0.8379276	-0.004497323	2.7411308e-20	1
0	-0.5516648	-0.8338777	-0.004494586	0	-2.5132742e-05	0	-0.5516648	-0.8338777	-0.004494586	2.742343e-20	1
0	-0.5516648	-0.8338777	-0.004494586	0	-1.2566371e-05	0	-0.5516648	-0.8338777	-0.004494586	2.742762e-20	1
0	-0.5516648	-0.8338777	-0.004494586	0	-6.2831855e-06	0	-0.5516648	-0.8338777	-0.004494586	2.742971e-20	1
0	-0.5516648	-0.8338777	-0.004494586	0	-2.513274e-06	0	-0.5516648	-0.8338777	-0.004494586	2.7430967e-20	1
0	-0.5516648	-0.8338777	-0.004494586	0	-1.256637e-06	0	-0.5516648	-0.8338777	-0.004494586	2.7431384e-20	1
0	-0.5516648	-0.8338777	-0.004494586	0	-6.283185e-07	0	-0.5516648	-0.8338777	-0.004494586	2.7431594e-20	1
0	-0.5516648	-0.8338777	-0.004494586	0	-2.513274e-07	0	-0.5516648	-0.8338777	-0.004494586	2.743172e-20	1
0	-0.5516648	-0.8338777	-0.004494586	0	-1.256637e-07	0	-0.5516648	-0.8338777	-0.004494586	2.743176e-20	1
0	-0.5516648	-0.8338777	-0.004494586	0	0	0	-0.5516648	-0.8338777	-0.004494586	2.7431804e-20	1
0	-0.5516648	-0.8338777	-0.004494586	0	1.256637e-07	0	-0.5516648	-0.8338777	-0.004494586	2.7431846e-20	1
0	-0.5516648	-0.8338777	-0.004494586	0	2.513274e-07	0	-0.5516648	-0.8338777	-0.004494586	2.7431888e-20	1
0	-0.5516648	-0.8338777	-0.004494586	0	6.283185e-07	0	-0.5516648	-0.8338777	-0.004494586	2.7432014e-20	1
0	-0.5516648	-0.8338777	-0.004494586	0	1.256637e-06	0	-0.5516648	-0.8338777	-0.004494586	2.743222e-20	1
0	-0.5516648	-0.8338777	-0.004494586	0	2.513274e-06	0	-0.5516648	-0.8338777	-0.004494586	2.743264e-20	1
0	-0.5516648	-0.8338777	-0.004494586	0	6.2831855e-06	0	-0.5516648	-0.8338777	-0.004494586	2.7433894e-20	1
0	-0.5516648	-0.8338777	-0.004494586	0	1.2566371e-05	0	-0.5516648	-0.8338777	-0.004494586	2.7435988e-20	1
0	-0.5516648	-0.8338777	-0.004494586	0	2.5132742e-05	0	-0.5516648	-0.8338777	-0.004494586	2.7440172e-20	1
0	-0.5516648	-0.8338777	-0.004494586	0	6.283185e-05	0	-0.5516648	-0.8338777	-0.004494586	2.7452725e-20	1
0	-0.5516648	-0.8338777	-0.004494586	0	0.0001256637	0	-0.5516648	-0.8338777	-0.004494586	2.747365e-20	1
0	-0.5516648	-0.8338777	-0.004494586	0	0.0002513274	0	-0.5516648	-0.8338777	-0.004494586	2.75155e-20	1
0	-0.55847967	-0.8293276	-0.0044898693	0	0.0006283185	0	-0.55847967	-0.8293276	-0.0044898693	2.764045e-20	1
0	-0.56247056	-0.82662535	-0.004486275	0	0.0010053096	0	-0.56247056	-0.82662535	-0.004486275	2.776511e-20	1
0	-0.56247056	-0.82662535	-0.004486275	0	0.001256637	0	-0.56247056	-0.82662535	-0.004486275	2.7848076e-20	1
0	-0.57193357	-0.8201047	-0.0044752927	0	0.0018849556	0	-0.57193357	-0.8201047	-0.0044752927	2.805436e-20	1
0	-0.5788536	-0.8152338	-0.0044650408	0	0.002513274	0	-0.5788536	-0.8152338	-0.0044650408	2.8259537e-20	1
0	-0.59313977	-0.80489695	-0.0044378703	0	0.0037699111	0	-0.59313977	-0.80489695	-0.0044378703	2.86661e-20	1
0	-0.62381625	-0.781358	-0.004351627	0	0.0062831854	0	-0.62381625	-0.781358	-0.004351627	2.9462513e-20	1
0	-0.6678349	-0.7440815	-0.004159166	0	0.009424778	0	-0.6678349	-0.7440815	-0.004159166	3.0420588e-20	1
0	-0.7242967	-0.689242	-0.0037886666	0	0.012566371	0	-0.7242967	-0.689242	-0.0037886666	3.1322554e-20	1
0	0.3923902	0.9196634	0.00413435	0	0.018849555	0	0.3923902	0.9196634	0.00413435	2.0788684e-20	1
0	0.35063604	0.93638885	0.003906157	0	0.025132742	0	0.35063604	0.93638885	0.003906157	1.845917e-20	1
0	0.28072953	0.9596829	0.0034191282	0	0.03769911	0	0.28072953	0.9596829	0.0034191282	1.3696633e-20	1
0	0.22699448	0.97380453	0.0029656917	0	0.050265484	0	0.22699448	0.97380453	0.0029656917	8.842049e-21	1
0	0.18658242	0.9823561	0.0025851135	0	0.06283186	0	0.18658242	0.9823561	0.0025851135	3.931777e-21	1
