# t (s)	mx ()	my ()	mz ()	B_extx (T)	B_exty (T)	B_extz (T)	mx ()	my ()	mz ()	E_total (J)	branch ()
0	0.99489963	0.10016659	0.002481062	0.06283186	0	0	0.99489963	0.10016659	0.002481062	2.6256603e-21	-1
0	0.9933139	0.1148133	0.002530511	0.050265484	0	0	0.9933139	0.1148133	0.002530511	7.614851e-21	-1
0	0.9908925	0.13409501	0.0025848106	0.03769911	0	0	0.9908925	0.13409501	0.0025848106	1.259418e-20	-1
0	0.9869691	0.16041888	0.0026424443	0.025132742	0	0	0.9869691	0.16041888	0.0026424443	1.7557976e-20	-1
0	0.9840478	0.1774464	0.002670822	0.018849555	0	0	0.9840478	0.1774464	0.002670822	2.0031041e-20	-1
0	0.98009694	0.19809338	0.002696674	0.012566371	0	0	0.98009694	0.19809338	0.002696674	2.2495566e-20	-1
0	0.9775795	0.21015596	0.0027076497	0.009424778	0	0	0.9775795	0.21015596	0.0027076497	2.372369e-20	-1
0	0.9745908	0.22359666	0.0027164519	0.0062831854	0	0	0.9745908	0.22359666	0.0027164519	2.4948368e-20	-1
0	0.9717683	0.23555222	0.0027213104	0.0037699111	0	0	0.9717683	0.23555222	0.0027213104	2.5925185e-20	-1
0	0.9701848	0.24198705	0.0027227914	0.002513274	0	0	0.9701848	0.24198705	0.0027227914	2.6412473e-20	-1
0	0.96934545	0.2453256	0.0027232533	0.0018849556	0	0	0.96934545	0.2453256	0.0027232533	2.6655816e-20	-1
0	0.96847093	0.24875285	0.0027234843	0.001256637	0	0	0.96847093	0.24875285	0.0027234843	2.6898936e-20	-1
0	0.96847093	0.24875285	0.0027234843	0.0010053096	0	0	0.96847093	0.24875285	0.0027234843	2.6996143e-20	-1
0	0.96755993	0.25227058	0.0027235448	0.0006283185	0	0	0.96755993	0.25227058	0.0027235448	2.7141838e-20	-1
0	0.9669949	0.2544263	0.002723453	0.0002513274	0	0	0.9669949	0.2544263	0.002723453	2.7287464e-20	-1
0	0.9669949	0.2544263	0.002723453	0.0001256637	0	0	0.9669949	0.2544263	0.002723453	2.7335993e-20	-1
0	0.9669949	0.2544263	0.002723453	6.283185e-05	0	0	0.9669949	0.2544263	0.002723453	2.7360256e-20	-1
0	0.9669949	0.2544263	0.002723453	2.5132742e-05	0	0	0.9669949	0.2544263	0.002723453	2.7374815e-20	-1
0	0.9669949	0.2544263	0.002723453	1.2566371e-05	0	0	0.9669949	0.2544263	0.002723453	2.737967e-20	-1
0	0.9669949	0.2544263	0.002723453	6.2831855e-06	0	0	0.9669949	0.2544263	0.002723453	2.7382095e-20	-1
0	0.9669949	0.2544263	0.002723453	2.513274e-06	0	0	0.9669949	0.2544263	0.002723453	2.738355e-20	-1
0	0.9669949	0.2544263	0.002723453	1.256637e-06	0	0	0.9669949	0.2544263	0.002723453	2.7384037e-20	-1
0	0.9669949	0.2544263	0.002723453	6.283185e-07	0	0	0.9669949	0.2544263	0.002723453	2.738428e-20	-1
0	0.9669949	0.2544263	0.002723453	2.513274e-07	0	0	0.9669949	0.2544263	0.002723453	2.7384425e-20	-1
0	0.9669949	0.2544263	0.002723453	1.256637e-07	0	0	0.9669949	0.2544263	0.002723453	2.7384473e-20	-1
0	0.9669949	0.2544263	0.002723453	0	0	0	0.9669949	0.2544263	0.002723453	2.7384522e-20	-1
0	0.9669949	0.2544263	0.002723453	-1.256637e-07	0	0	0.9669949	0.2544263	0.002723453	2.738457e-20	-1
0	0.9669949	0.2544263	0.002723453	-2.513274e-07	0	0	0.9669949	0.2544263	0.002723453	2.738462e-20	-1
0	0.9669949	0.2544263	0.002723453	-6.283185e-07	0	0	0.9669949	0.2544263	0.002723453	2.7384764e-20	-1
0	0.9669949	0.2544263	0.002723453	-1.256637e-06	0	0	0.9669949	0.2544263	0.002723453	2.7385006e-20	-1
0	0.9669949	0.2544263	0.002723453	-2.513274e-06	0	0	0.9669949	0.2544263	0.002723453	2.738549e-20	-1
0	0.9669949	0.2544263	0.002723453	-6.2831855e-06	0	0	0.9669949	0.2544263	0.002723453	2.738695e-20	-1
0	0.9669949	0.2544263	0.002723453	-1.2566371e-05	0	0	0.9669949	0.2544263	0.002723453	2.7389375e-20	-1
0	0.9669949	0.2544263	0.002723453	-2.5132742e-05	0	0	0.9669949	0.2544263	0.002723453	2.7394228e-20	-1
0	0.9665122	0.2562526	0.002723308	-6.283185e-05	0	0	0.9665122	0.2562526	0.002723308	2.740876e-20	-1
0	0.9665122	0.2562526	0.002723308	-0.0001256637	0	0	0.9665122	0.2562526	0.002723308	2.743301e-20	-1
0	0.9665122	0.2562526	0.002723308	-0.0002513274	0	0	0.9665122	0.2562526	0.002723308	2.7481515e-20	-1
0	0.9656161	0.25960648	0.0027228808	-0.0006283185	0	0	0.9656161	0.25960648	0.0027228808	2.7626928e-20	-1
0	0.9649991	0.26188943	0.002722472	-0.0010053096	0	0	0.9649991	0.26188943	0.002722472	2.7772256e-20	-1
0	0.9649991	0.26188943	0.002722472	-0.001256637	0	0	0.9649991	0.26188943	0.002722472	2.7869114e-20	-1
0	0.9635006	0.26734614	0.002721115	-0.0018849556	0	0	0.9635006	0.26734614	0.002721115	2.8111e-20	-1
0	0.962369	0.27138835	0.0027197641	-0.002513274	0	0	0.962369	0.27138835	0.0027197641	2.8352624e-20	-1
0	0.9599401	0.27985287	0.0027159827	-0.0037699111	0	0	0.9599401	0.27985287	0.0027159827	2.8834986e-20	-1
0	0.9543255	0.29842645	0.002703272	-0.0062831854	0	0	0.9543255	0.29842645	0.002703272	2.979576e-20	-1
0	0.94540894	0.32555607	0.0026741088	-0.009424778	0	0	0.94540894	0.32555607	0.0026741088	3.098775e-20	-1
0	0.93324184	0.3589302	0.0026217103	-0.012566371	0	0	0.93324184	0.3589302	0.0026217103	3.216668e-20	-1
0	0.88081104	0.47317612	0.002319571	-0.018849555	0	0	0.88081104	0.47317612	0.002319571	3.4456793e-20	-1
0	-0.98696864	-0.16042188	-0.002642447	-0.025132742	0	0	-0.98696864	-0.16042188	-0.002642447	1.7557972e-20	-1
0	-0.9908925	-0.13409495	-0.0025848076	-0.03769911	0	0	-0.9908925	-0.13409495	-0.0025848076	1.2594178e-20	-1
0	-0.99331385	-0.11481446	-0.0025305147	-0.050265484	0	0	-0.99331385	-0.11481446	-0.0025305147	7.614849e-21	-1
0	-0.9948995	-0.100168124	-0.0024810731	-0.06283186	0	0	-0.9948995	-0.100168124	-0.0024810731	2.6256587e-21	-1
0	-0.9948995	-0.100168124	-0.0024810731	-0.06283186	0	0	-0.9948995	-0.100168124	-0.0024810731	2.6256587e-21	1
0	-0.993314	-0.11481284	-0.0025305091	-0.050265484	0	0	-0.993314	-0.11481284	-0.0025305091	7.614852e-21	1
0	-0.9908924	-0.13409612	-0.002584815	-0.03769911	0	0	-0.9908924	-0.13409612	-0.002584815	1.259418e-20	1
0	-0.9869691	-0.16041875	-0.002642443	-0.025132742	0	0	-0.9869691	-0.16041875	-0.002642443	1.7557975e-20	1
0	-0.9840468	-0.17745212	-0.0026708278	-0.018849555	0	0	-0.9840468	-0.17745212	-0.0026708278	2.0031043e-20	1
0	-0.9800954	-0.19810104	-0.0026966766	-0.012566371	0	0	-0.9800954	-0.19810104	-0.0026966766	2.2495568e-20	1
0	-0.97758365	-0.21013632	-0.0027076423	-0.009424778	0	0	-0.97758365	-0.21013632	-0.0027076423	2.372369e-20	1
0	-0.974591	-0.22359574	-0.0027164514	-0.0062831854	0	0	-0.974591	-0.22359574	-0.0027164514	2.4948368e-20	1
0	-0.9717699	-0.23554596	-0.0027213101	-0.0037699111	0	0	-0.9717699	-0.23554596	-0.0027213101	2.5925185e-20	1
0	-0.97018516	-0.24198592	-0.0027227914	-0.002513274	0	0	-0.97018516	-0.24198592	-0.0027227914	2.6412473e-20	1
0	-0.9693452	-0.24532634	-0.0027232526	-0.0018849556	0	0	-0.9693452	-0.24532634	-0.0027232526	2.6655814e-20	1
0	-0.9684708	-0.24875331	-0.002723509	-0.001256637	0	0	-0.9684708	-0.24875331	-0.002723509	2.689894e-20	1
0	-0.9684708	-0.24875331	-0.002723509	-0.0010053096	0	0	-0.9684708	-0.24875331	-0.002723509	2.6996144e-20	1
0	-0.9675572	-0.25228125	-0.002723541	-0.0006283185	0	0	-0.9675572	-0.25228125	-0.002723541	2.7141838e-20	1
0	-0.9669931	-0.25443333	-0.0027234526	-0.0002513274	0	0	-0.9669931	-0.25443333	-0.0027234526	2.7287464e-20	1
0	-0.9669931	-0.25443333	-0.0027234526	-0.0001256637	0	0	-0.9669931	-0.25443333	-0.0027234526	2.7335993e-20	1
0	-0.9669931	-0.25443333	-0.0027234526	-6.283185e-05	0	0	-0.9669931	-0.25443333	-0.0027234526	2.7360256e-20	1
0	-0.9669931	-0.25443333	-0.0027234526	-2.5132742e-05	0	0	-0.9669931	-0.25443333	-0.0027234526	2.7374815e-20	1
0	-0.9669931	-0.25443333	-0.0027234526	-1.2566371e-05	0	0	-0.9669931	-0.25443333	-0.0027234526	2.737967e-20	1
0	-0.9669931	-0.25443333	-0.0027234526	-6.2831855e-06	0	0	-0.9669931	-0.25443333	-0.0027234526	2.7382095e-20	1
0	-0.9669931	-0.25443333	-0.0027234526	-2.513274e-06	0	0	-0.9669931	-0.25443333	-0.0027234526	2.738355e-20	1
0	-0.9669931	-0.25443333	-0.0027234526	-1.256637e-06	0	0	-0.9669931	-0.25443333	-0.0027234526	2.7384037e-20	1
0	-0.9669931	-0.25443333	-0.0027234526	-6.283185e-07	0	0	-0.9669931	-0.25443333	-0.0027234526	2.738428e-20	1
0	-0.9669931	-0.25443333	-0.0027234526	-2.513274e-07	0	0	-0.9669931	-0.25443333	-0.0027234526	2.7384425e-20	1
0	-0.9669931	-0.25443333	-0.0027234526	-1.256637e-07	0	0	-0.9669931	-0.25443333	-0.0027234526	2.7384473e-20	1
0	-0.9669931	-0.25443333	-0.0027234526	0	0	0	-0.9669931	-0.25443333	-0.0027234526	2.7384522e-20	1
0	-0.9669931	-0.25443333	-0.0027234526	1.256637e-07	0	0	-0.9669931	-0.25443333	-0.0027234526	2.738457e-20	1
0	-0.9669931	-0.25443333	-0.0027234526	2.513274e-07	0	0	-0.9669931	-0.25443333	-0.0027234526	2.738462e-20	1
0	-0.9669931	-0.25443333	-0.0027234526	6.283185e-07	0	0	-0.9669931	-0.25443333	-0.0027234526	2.7384764e-20	1
0	-0.9669931	-0.25443333	-0.0027234526	1.256637e-06	0	0	-0.9669931	-0.25443333	-0.0027234526	2.7385006e-20	1
0	-0.9669931	-0.25443333	-0.0027234526	2.513274e-06	0	0	-0.9669931	-0.25443333	-0.0027234526	2.738549e-20	1
0	-0.9669931	-0.25443333	-0.0027234526	6.2831855e-06	0	0	-0.9669931	-0.25443333	-0.0027234526	2.738695e-20	1
0	-0.9669931	-0.25443333	-0.0027234526	1.2566371e-05	0	0	-0.9669931	-0.25443333	-0.0027234526	2.7389375e-20	1
0	-0.9669931	-0.25443333	-0.0027234526	2.5132742e-05	0	0	-0.9669931	-0.25443333	-0.0027234526	2.7394225e-20	1
0	-0.9665127	-0.25625098	-0.0027233087	6.283185e-05	0	0	-0.9665127	-0.25625098	-0.0027233087	2.740876e-20	1
0	-0.9665127	-0.25625098	-0.0027233087	0.0001256637	0	0	-0.9665127	-0.25625098	-0.0027233087	2.7433012e-20	1
0	-0.9665127	-0.25625098	-0.0027233087	0.0002513274	0	0	-0.9665127	-0.25625098	-0.0027233087	2.7481515e-20	1
0	-0.96561754	-0.2596016	-0.0027228831	0.0006283185	0	0	-0.96561754	-0.2596016	-0.0027228831	2.7626928e-20	1
0	-0.96500194	-0.2618788	-0.0027224475	0.0010053096	0	0	-0.96500194	-0.2618788	-0.0027224475	2.777226e-20	1
0	-0.96458197	-0.26342034	-0.0027221483	0.001256637	0	0	-0.96458197	-0.26342034	-0.0027221483	2.7869095e-20	1
0	-0.96350163	-0.2673422	-0.0027211197	0.0018849556	0	0	-0.96350163	-0.2673422	-0.0027211197	2.8110996e-20	1
0	-0.9623692	-0.27138746	-0.0027197567	0.002513274	0	0	-0.9623692	-0.27138746	-0.0027197567	2.8352624e-20	1
0	-0.9599458	-0.27983314	-0.0027160011	0.0037699111	0	0	-0.9599458	-0.27983314	-0.0027160011	2.8834986e-20	1
0	-0.9543318	-0.29840618	-0.0027032925	0.0062831854	0	0	-0.9543318	-0.29840618	-0.0027032925	2.979576e-20	1
0	-0.9454069	-0.32556176	-0.0026741005	0.009424778	0	0	-0.9454069	-0.32556176	-0.0026741005	3.098775e-20	1
0	-0.9332435	-0.35892558	-0.0026217196	0.012566371	0	0	-0.9332435	-0.35892558	-0.0026217196	3.216668e-20	1
0	0.9840466	0.17745334	0.0026708287	0.018849555	0	0	0.9840466	0.17745334	0.0026708287	2.0031041e-20	1
0	0.98696816	0.16042483	0.00264245	0.025132742	0	0	0.98696816	0.16042483	0.00264245	1.7557973e-20	1
0	0.99089205	0.13409878	0.0025848174	0.03769911	0	0	0.99089205	0.13409878	0.0025848174	1.25941794e-20	1
0	0.99331367	0.114815444	0.002530515	0.050265484	0	0	0.99331367	0.114815444	0.002530515	7.614853e-21	1
0	0.99489933	0.1001696	0.002481019	0.06283186	0	0	0.99489933	0.1001696	0.002481019	2.6256575e-21	1
