# t (s)	mx ()	my ()	mz ()	B_extx (T)	B_exty (T)	B_extz (T)	mx ()	my ()	mz ()	E_total (J)	branch ()
0	0.99980235	0.016239397	-0.0021090573	0.06283186	0	0	0.99980235	0.016239397	-0.0021090573	2.3106763e-21	-1
0	0.9997631	0.018458098	-0.0021257596	0.050265484	0	0	0.9997631	0.018458098	-0.0021257596	7.328095e-21	-1
0	0.9997039	0.021384131	-0.0021427833	0.03769911	0	0	0.9997039	0.021384131	-0.0021427833	1.2345282e-20	-1
0	0.99960893	0.025404856	-0.002160103	0.025132742	0	0	0.99960893	0.025404856	-0.002160103	1.736208e-20	-1
0	0.999538	0.028041864	-0.002168844	0.018849555	0	0	0.999538	0.028041864	-0.002168844	1.9870266e-20	-1
0	0.9994415	0.03127713	-0.0021775956	0.012566371	0	0	0.9994415	0.03127713	-0.0021775956	2.2378249e-20	-1
0	0.99937916	0.033201236	-0.0021819542	0.009424778	0	0	0.99937916	0.033201236	-0.0021819542	2.3632133e-20	-1
0	0.9993043	0.03537637	-0.002186282	0.0062831854	0	0	0.9993043	0.03537637	-0.002186282	2.4885937e-20	-1
0	0.9992332	0.03732609	-0.0021897075	0.0037699111	0	0	0.9992332	0.03732609	-0.0021897075	2.5888903e-20	-1
0	0.9991931	0.038380694	-0.0021914016	0.002513274	0	0	0.9991931	0.038380694	-0.0021914016	2.639036e-20	-1
0	0.99917173	0.03892995	-0.002192243	0.0018849556	0	0	0.99917173	0.03892995	-0.002192243	2.664108e-20	-1
0	0.9991492	0.039503433	-0.0021930793	0.001256637	0	0	0.9991492	0.039503433	-0.0021930793	2.6891794e-20	-1
0	0.9991492	0.039503433	-0.0021930793	0.0010053096	0	0	0.9991492	0.039503433	-0.0021930793	2.6992078e-20	-1
0	0.9991257	0.040090792	-0.0021939196	0.0006283185	0	0	0.9991257	0.040090792	-0.0021939196	2.7142504e-20	-1
0	0.9991112	0.040451936	-0.0021944111	0.0002513274	0	0	0.9991112	0.040451936	-0.0021944111	2.7292928e-20	-1
0	0.9991112	0.040451936	-0.0021944111	0.0001256637	0	0	0.9991112	0.040451936	-0.0021944111	2.734307e-20	-1
0	0.9991112	0.040451936	-0.0021944111	6.283185e-05	0	0	0.9991112	0.040451936	-0.0021944111	2.7368137e-20	-1
0	0.9991112	0.040451936	-0.0021944111	2.5132742e-05	0	0	0.9991112	0.040451936	-0.0021944111	2.738318e-20	-1
0	0.9991112	0.040451936	-0.0021944111	1.2566371e-05	0	0	0.9991112	0.040451936	-0.0021944111	2.7388196e-20	-1
0	0.9991112	0.040451936	-0.0021944111	6.2831855e-06	0	0	0.9991112	0.040451936	-0.0021944111	2.73907e-20	-1
0	0.9991112	0.040451936	-0.0021944111	2.513274e-06	0	0	0.9991112	0.040451936	-0.0021944111	2.7392206e-20	-1
0	0.9991112	0.040451936	-0.0021944111	1.256637e-06	0	0	0.9991112	0.040451936	-0.0021944111	2.7392706e-20	-1
0	0.9991112	0.040451936	-0.0021944111	6.283185e-07	0	0	0.9991112	0.040451936	-0.0021944111	2.739296e-20	-1
0	0.9991112	0.040451936	-0.0021944111	2.513274e-07	0	0	0.9991112	0.040451936	-0.0021944111	2.7393107e-20	-1
0	0.9991112	0.040451936	-0.0021944111	1.256637e-07	0	0	0.9991112	0.040451936	-0.0021944111	2.739316e-20	-1
0	0.9991112	0.040451936	-0.0021944111	0	0	0	0.9991112	0.040451936	-0.0021944111	2.7393207e-20	-1
0	0.9991112	0.040451936	-0.0021944111	-1.256637e-07	0	0	0.9991112	0.040451936	-0.0021944111	2.739326e-20	-1
0	0.9991112	0.040451936	-0.0021944111	-2.513274e-07	0	0	0.9991112	0.040451936	-0.0021944111	2.7393307e-20	-1
0	0.9991112	0.040451936	-0.0021944111	-6.283185e-07	0	0	0.9991112	0.040451936	-0.0021944111	2.739346e-20	-1
0	0.9991112	0.040451936	-0.0021944111	-1.256637e-06	0	0	0.9991112	0.040451936	-0.0021944111	2.7393708e-20	-1
0	0.9991112	0.040451936	-0.0021944111	-2.513274e-06	0	0	0.9991112	0.040451936	-0.0021944111	2.7394212e-20	-1
0	0.9991112	0.040451936	-0.0021944111	-6.2831855e-06	0	0	0.9991112	0.040451936	-0.0021944111	2.7395715e-20	-1
0	0.9991112	0.040451936	-0.0021944111	-1.2566371e-05	0	0	0.9991112	0.040451936	-0.0021944111	2.7398222e-20	-1
0	0.9991112	0.040451936	-0.0021944111	-2.5132742e-05	0	0	0.9991112	0.040451936	-0.0021944111	2.7403237e-20	-1
0	0.9990989	0.040752366	-0.0021948086	-6.283185e-05	0	0	0.9990989	0.040752366	-0.0021948086	2.7418275e-20	-1
0	0.9990989	0.040752366	-0.0021948086	-0.0001256637	0	0	0.9990989	0.040752366	-0.0021948086	2.7443345e-20	-1
0	0.9990989	0.040752366	-0.0021948086	-0.0002513274	0	0	0.9990989	0.040752366	-0.0021948086	2.7493483e-20	-1
0	0.9990759	0.041311897	-0.0021955643	-0.0006283185	0	0	0.9990759	0.041311897	-0.0021955643	2.76439e-20	-1
0	0.99906015	0.04168918	-0.0021960558	-0.0010053096	0	0	0.99906015	0.04168918	-0.0021960558	2.779432e-20	-1
0	0.99906015	0.04168918	-0.0021960558	-0.001256637	0	0	0.99906015	0.04168918	-0.0021960558	2.7894595e-20	-1
0	0.99902135	0.04260769	-0.002197192	-0.0018849556	0	0	0.99902135	0.04260769	-0.002197192	2.8145276e-20	-1
0	0.9989917	0.043295145	-0.002197994	-0.002513274	0	0	0.9989917	0.043295145	-0.002197994	2.8395954e-20	-1
0	0.9989288	0.04472049	-0.002199578	-0.0037699111	0	0	0.9989288	0.04472049	-0.002199578	2.889728e-20	-1
0	0.99878174	0.047887586	-0.0022026184	-0.0062831854	0	0	0.99878174	0.047887586	-0.0022026184	2.9899836e-20	-1
0	0.9985484	0.05252216	-0.0022061067	-0.009424778	0	0	0.9985484	0.05252216	-0.0022061067	3.1152795e-20	-1
0	0.99823487	0.05816827	-0.0022090403	-0.012566371	0	0	0.99823487	0.05816827	-0.0022090403	3.240541e-20	-1
0	0.99717444	0.07414289	-0.00221153	-0.018849555	0	0	0.99717444	0.07414289	-0.00221153	3.4909067e-20	-1
0	0.994632	0.102744795	-0.002201009	-0.025132742	0	0	0.994632	0.102744795	-0.002201009	3.7408568e-20	-1
0	-0.9997039	-0.021384016	0.0021427835	-0.03769911	0	0	-0.9997039	-0.021384016	0.0021427835	1.23452805e-20	-1
0	-0.999763	-0.018461755	0.0021257661	-0.050265484	0	0	-0.999763	-0.018461755	0.0021257661	7.328098e-21	-1
0	-0.99980235	-0.01624018	0.0021090573	-0.06283186	0	0	-0.99980235	-0.01624018	0.0021090573	2.3106822e-21	-1
0	-0.99980235	-0.01624018	0.0021090573	-0.06283186	0	0	-0.99980235	-0.01624018	0.0021090573	2.3106822e-21	1
0	-0.999763	-0.018459637	0.0021257605	-0.050265484	0	0	-0.999763	-0.018459637	0.0021257605	7.328099e-21	1
0	-0.9997039	-0.021383815	0.0021427851	-0.03769911	0	0	-0.9997039	-0.021383815	0.0021427851	1.2345281e-20	1
0	-0.9996089	-0.025407812	0.002160103	-0.025132742	0	0	-0.9996089	-0.025407812	0.002160103	1.7362082e-20	1
0	-0.99953806	-0.028040279	0.0021688438	-0.018849555	0	0	-0.99953806	-0.028040279	0.0021688438	1.9870264e-20	1
0	-0.9994413	-0.031282753	0.0021774787	-0.012566371	0	0	-0.9994413	-0.031282753	0.0021774787	2.2378245e-20	1
0	-0.9993791	-0.03320399	0.00218195	-0.009424778	0	0	-0.9993791	-0.03320399	0.00218195	2.3632132e-20	1
0	-0.99930453	-0.03537017	0.0021862811	-0.0062831854	0	0	-0.99930453	-0.03537017	0.0021862811	2.4885936e-20	1
0	-0.9992332	-0.037324674	0.0021897075	-0.0037699111	0	0	-0.9992332	-0.037324674	0.0021897075	2.5888905e-20	1
0	-0.99919295	-0.03838588	0.002191405	-0.002513274	0	0	-0.99919295	-0.03838588	0.002191405	2.639036e-20	1
0	-0.99917185	-0.03892964	0.0021922435	-0.0018849556	0	0	-0.99917185	-0.03892964	0.0021922435	2.6641075e-20	1
0	-0.99914956	-0.039495707	0.0021930812	-0.001256637	0	0	-0.99914956	-0.039495707	0.0021930812	2.6891794e-20	1
0	-0.99914956	-0.039495707	0.0021930812	-0.0010053096	0	0	-0.99914956	-0.039495707	0.0021930812	2.699208e-20	1
0	-0.9991255	-0.04009775	0.0021939136	-0.0006283185	0	0	-0.9991255	-0.04009775	0.0021939136	2.7142504e-20	1
0	-0.9991116	-0.040441874	0.0021944111	-0.0002513274	0	0	-0.9991116	-0.040441874	0.0021944111	2.7292924e-20	1
0	-0.9991116	-0.040441874	0.0021944111	-0.0001256637	0	0	-0.9991116	-0.040441874	0.0021944111	2.7343066e-20	1
0	-0.9991116	-0.040441874	0.0021944111	-6.283185e-05	0	0	-0.9991116	-0.040441874	0.0021944111	2.7368133e-20	1
0	-0.9991116	-0.040441874	0.0021944111	-2.5132742e-05	0	0	-0.9991116	-0.040441874	0.0021944111	2.7383178e-20	1
0	-0.9991116	-0.040441874	0.0021944111	-1.2566371e-05	0	0	-0.9991116	-0.040441874	0.0021944111	2.7388192e-20	1
0	-0.9991116	-0.040441874	0.0021944111	-6.2831855e-06	0	0	-0.9991116	-0.040441874	0.0021944111	2.7390697e-20	1
0	-0.9991116	-0.040441874	0.0021944111	-2.513274e-06	0	0	-0.9991116	-0.040441874	0.0021944111	2.7392202e-20	1
0	-0.9991116	-0.040441874	0.0021944111	-1.256637e-06	0	0	-0.9991116	-0.040441874	0.0021944111	2.7392703e-20	1
0	-0.9991116	-0.040441874	0.0021944111	-6.283185e-07	0	0	-0.9991116	-0.040441874	0.0021944111	2.7392955e-20	1
0	-0.9991116	-0.040441874	0.0021944111	-2.513274e-07	0	0	-0.9991116	-0.040441874	0.0021944111	2.7393104e-20	1
0	-0.9991116	-0.040441874	0.0021944111	-1.256637e-07	0	0	-0.9991116	-0.040441874	0.0021944111	2.7393156e-20	1
0	-0.9991116	-0.040441874	0.0021944111	0	0	0	-0.9991116	-0.040441874	0.0021944111	2.7393204e-20	1
0	-0.9991116	-0.040441874	0.0021944111	1.256637e-07	0	0	-0.9991116	-0.040441874	0.0021944111	2.7393256e-20	1
0	-0.9991116	-0.040441874	0.0021944111	2.513274e-07	0	0	-0.9991116	-0.040441874	0.0021944111	2.7393304e-20	1
0	-0.9991116	-0.040441874	0.0021944111	6.283185e-07	0	0	-0.9991116	-0.040441874	0.0021944111	2.7393456e-20	1
0	-0.9991116	-0.040441874	0.0021944111	1.256637e-06	0	0	-0.9991116	-0.040441874	0.0021944111	2.7393708e-20	1
0	-0.9991116	-0.040441874	0.0021944111	2.513274e-06	0	0	-0.9991116	-0.040441874	0.0021944111	2.739421e-20	1
0	-0.9991116	-0.040441874	0.0021944111	6.2831855e-06	0	0	-0.9991116	-0.040441874	0.0021944111	2.739571e-20	1
0	-0.9991116	-0.040441874	0.0021944111	1.2566371e-05	0	0	-0.9991116	-0.040441874	0.0021944111	2.739822e-20	1
0	-0.9991116	-0.040441874	0.0021944111	2.5132742e-05	0	0	-0.9991116	-0.040441874	0.0021944111	2.7403234e-20	1
0	-0.99909896	-0.040751252	0.002194826	6.283185e-05	0	0	-0.99909896	-0.040751252	0.002194826	2.7418275e-20	1
0	-0.99909896	-0.040751252	0.002194826	0.0001256637	0	0	-0.99909896	-0.040751252	0.002194826	2.7443345e-20	1
0	-0.99909896	-0.040751252	0.002194826	0.0002513274	0	0	-0.99909896	-0.040751252	0.002194826	2.7493483e-20	1
0	-0.9990759	-0.041311003	0.0021955646	0.0006283185	0	0	-0.9990759	-0.041311003	0.0021955646	2.76439e-20	1
0	-0.99906003	-0.0416936	0.0021960537	0.0010053096	0	0	-0.99906003	-0.0416936	0.0021960537	2.779432e-20	1
0	-0.99906003	-0.0416936	0.0021960537	0.001256637	0	0	-0.99906003	-0.0416936	0.0021960537	2.7894595e-20	1
0	-0.9990213	-0.042609394	0.0021971916	0.0018849556	0	0	-0.9990213	-0.042609394	0.0021971916	2.8145276e-20	1
0	-0.9989921	-0.043287247	0.0021979949	0.002513274	0	0	-0.9989921	-0.043287247	0.0021979949	2.8395957e-20	1
0	-0.9989286	-0.04472515	0.0021995753	0.0037699111	0	0	-0.9989286	-0.04472515	0.0021995753	2.8897283e-20	1
0	-0.99878204	-0.047881253	0.0022026196	0.0062831854	0	0	-0.99878204	-0.047881253	0.0022026196	2.9899836e-20	1
0	-0.9985483	-0.052522257	0.0022061088	0.009424778	0	0	-0.9985483	-0.052522257	0.0022061088	3.1152795e-20	1
0	-0.99823505	-0.0581654	0.0022090413	0.012566371	0	0	-0.99823505	-0.0581654	0.0022090413	3.240541e-20	1
0	-0.9971736	-0.07415365	0.0022115246	0.018849555	0	0	-0.9971736	-0.07415365	0.0022115246	3.4909064e-20	1
0	-0.99462795	-0.10278365	0.0022009755	0.025132742	0	0	-0.99462795	-0.10278365	0.0022009755	3.7408568e-20	1
0	0.9997039	0.021385413	-0.0021427837	0.03769911	0	0	0.9997039	0.021385413	-0.0021427837	1.234528e-20	1
0	0.999763	0.018461797	-0.0021257563	0.050265484	0	0	0.999763	0.018461797	-0.0021257563	7.328096e-21	1
0	0.99980235	0.016240068	-0.002109057	0.06283186	0	0	0.99980235	0.016240068	-0.002109057	2.3106761e-21	1
