# t (s)	mx ()	my ()	mz ()	B_extx (T)	B_exty (T)	B_extz (T)	mx ()	my ()	mz ()	E_total (J)	branch ()
0	0.17901361	0.9837681	0.0008677234	0	0.06283186	0	0.17901361	0.9837681	0.0008677234	3.3738155e-21	-1
0	0.21218096	0.9771462	0.00090696715	0	0.050265484	0	0.21218096	0.9771462	0.00090696715	8.295441e-21	-1
0	0.2550411	0.96683776	0.0009504915	0	0.03769911	0	0.2550411	0.96683776	0.0009504915	1.317532e-20	-1
0	0.31027406	0.95054233	0.0009951377	0	0.025132742	0	0.31027406	0.95054233	0.0009951377	1.7989661e-20	-1
0	0.34356773	0.9390148	0.0010158997	0	0.018849555	0	0.34356773	0.9390148	0.0010158997	2.0360923e-20	-1
0	0.38144296	0.92426896	0.0010338952	0	0.012566371	0	0.38144296	0.92426896	0.0010338952	2.269942e-20	-1
0	0.40239406	0.9153372	0.0010412708	0	0.009424778	0	0.40239406	0.9153372	0.0010412708	2.3853554e-20	-1
0	0.42489022	0.9051088	0.0010471458	0	0.0062831854	0	0.42489022	0.9051088	0.0010471458	2.4995695e-20	-1
0	0.4442038	0.89578384	0.0010504986	0	0.0037699111	0	0.4442038	0.89578384	0.0010504986	2.5899561e-20	-1
0	0.45435828	0.8906739	0.001051632	0	0.002513274	0	0.45435828	0.8906739	0.001051632	2.6347846e-20	-1
0	0.45956764	0.8879961	0.001052042	0	0.0018849556	0	0.45956764	0.8879961	0.001052042	2.6571003e-20	-1
0	0.46486884	0.88523114	0.0010523539	0	0.001256637	0	0.46486884	0.88523114	0.0010523539	2.6793474e-20	-1
0	0.46486884	0.88523114	0.0010523539	0	0.0010053096	0	0.46486884	0.88523114	0.0010523539	2.6882325e-20	-1
0	0.47028303	0.88236547	0.0010525447	0	0.0006283185	0	0.47028303	0.88236547	0.0010525447	2.7015244e-20	-1
0	0.47357836	0.88060045	0.0010526015	0	0.0002513274	0	0.47357836	0.88060045	0.0010526015	2.7147958e-20	-1
0	0.47357836	0.88060045	0.0010526015	0	0.0001256637	0	0.47357836	0.88060045	0.0010526015	2.7192154e-20	-1
0	0.47357836	0.88060045	0.0010526015	0	6.283185e-05	0	0.47357836	0.88060045	0.0010526015	2.721425e-20	-1
0	0.47357836	0.88060045	0.0010526015	0	2.5132742e-05	0	0.47357836	0.88060045	0.0010526015	2.7227506e-20	-1
0	0.47357836	0.88060045	0.0010526015	0	1.2566371e-05	0	0.47357836	0.88060045	0.0010526015	2.7231926e-20	-1
0	0.47357836	0.88060045	0.0010526015	0	6.2831855e-06	0	0.47357836	0.88060045	0.0010526015	2.7234136e-20	-1
0	0.47357836	0.88060045	0.0010526015	0	2.513274e-06	0	0.47357836	0.88060045	0.0010526015	2.723546e-20	-1
0	0.47357836	0.88060045	0.0010526015	0	1.256637e-06	0	0.47357836	0.88060045	0.0010526015	2.7235904e-20	-1
0	0.47357836	0.88060045	0.0010526015	0	6.283185e-07	0	0.47357836	0.88060045	0.0010526015	2.7236124e-20	-1
0	0.47357836	0.88060045	0.0010526015	0	2.513274e-07	0	0.47357836	0.88060045	0.0010526015	2.7236256e-20	-1
0	0.47357836	0.88060045	0.0010526015	0	1.256637e-07	0	0.47357836	0.88060045	0.0010526015	2.72363e-20	-1
0	0.47357836	0.88060045	0.0010526015	0	0	0	0.47357836	0.88060045	0.0010526015	2.7236347e-20	-1
0	0.47357836	0.88060045	0.0010526015	0	-1.256637e-07	0	0.47357836	0.88060045	0.0010526015	2.723639e-20	-1
0	0.47357836	0.88060045	0.0010526015	0	-2.513274e-07	0	0.47357836	0.88060045	0.0010526015	2.7236434e-20	-1
0	0.47357836	0.88060045	0.0010526015	0	-6.283185e-07	0	0.47357836	0.88060045	0.0010526015	2.7236566e-20	-1
0	0.47357836	0.88060045	0.0010526015	0	-1.256637e-06	0	0.47357836	0.88060045	0.0010526015	2.7236786e-20	-1
0	0.47357836	0.88060045	0.0010526015	0	-2.513274e-06	0	0.47357836	0.88060045	0.0010526015	2.723723e-20	-1
0	0.47357836	0.88060045	0.0010526015	0	-6.2831855e-06	0	0.47357836	0.88060045	0.0010526015	2.7238554e-20	-1
0	0.47357836	0.88060045	0.0010526015	0	-1.2566371e-05	0	0.47357836	0.88060045	0.0010526015	2.7240764e-20	-1
0	0.47357836	0.88060045	0.0010526015	0	-2.5132742e-05	0	0.47357836	0.88060045	0.0010526015	2.7245184e-20	-1
0	0.47357836	0.88060045	0.0010526015	0	-6.283185e-05	0	0.47357836	0.88060045	0.0010526015	2.725844e-20	-1
0	0.47692293	0.87879276	0.001052612	0	-0.0001256637	0	0.47692293	0.87879276	0.001052612	2.7280404e-20	-1
0	0.47692293	0.87879276	0.001052612	0	-0.0002513274	0	0.47692293	0.87879276	0.001052612	2.7324506e-20	-1
0	0.4814321	0.87632966	0.001052554	0	-0.0006283185	0	0.4814321	0.87632966	0.001052554	2.7456564e-20	-1
0	0.48484203	0.87444687	0.0010524554	0	-0.0010053096	0	0.48484203	0.87444687	0.0010524554	2.7588357e-20	-1
0	0.48484203	0.87444687	0.0010524554	0	-0.001256637	0	0.48484203	0.87444687	0.0010524554	2.7676126e-20	-1
0	0.49302307	0.8698586	0.0010520163	0	-0.0018849556	0	0.49302307	0.8698586	0.0010520163	2.7894744e-20	-1
0	0.4990285	0.866426	0.0010515176	0	-0.002513274	0	0.4990285	0.866426	0.0010515176	2.8112586e-20	-1
0	0.511448	0.8591505	0.0010500147	0	-0.0037699111	0	0.511448	0.8591505	0.0010500147	2.8545602e-20	-1
0	0.53837866	0.84253025	0.0010445755	0	-0.0062831854	0	0.53837866	0.84253025	0.0010445755	2.939984e-20	-1
0	0.5774672	0.8162274	0.0010314519	0	-0.009424778	0	0.5774672	0.8162274	0.0010314519	3.0441197e-20	-1
0	0.6278802	0.7781055	0.0010056598	0	-0.012566371	0	0.6278802	0.7781055	0.0010056598	3.144317e-20	-1
0	2.2776658e-06	0.0018950291	-3.2186508e-06	0	-0.018849555	0	2.2776658e-06	0.0018950291	-3.2186508e-06	2.2173418e-18	-1
0	2.2627646e-06	0.0025248118	-4.298985e-06	0	-0.025132742	0	2.2627646e-06	0.0025248118	-4.298985e-06	2.2173476e-18	-1
0	2.2291788e-06	0.003784371	-6.444752e-06	0	-0.03769911	0	2.2291788e-06	0.003784371	-6.444752e-06	2.2173633e-18	-1
0	2.1963497e-06	0.00504392	-8.5532665e-06	0	-0.050265484	0	2.1963497e-06	0.00504392	-8.5532665e-06	2.2173852e-18	-1
0	2.1627056e-06	0.006303454	-1.0706484e-05	0	-0.06283186	0	2.1627056e-06	0.006303454	-1.0706484e-05	2.2174138e-18	-1
0	2.1627056e-06	0.006303454	-1.0706484e-05	0	-0.06283186	0	2.1627056e-06	0.006303454	-1.0706484e-05	2.2174138e-18	1
0	2.1962333e-06	0.005043919	-8.575618e-06	0	-0.050265484	0	2.1962333e-06	0.005043919	-8.575618e-06	2.2173852e-18	1
0	2.2291788e-06	0.003784371	-6.444752e-06	0	-0.03769911	0	2.2291788e-06	0.003784371	-6.444752e-06	2.2173635e-18	1
0	2.2618915e-06	0.0025248118	-4.313886e-06	0	-0.025132742	0	2.2618915e-06	0.0025248118	-4.313886e-06	2.2173476e-18	1
0	2.2756285e-06	0.001895027	-3.233552e-06	0	-0.018849555	0	2.2756285e-06	0.001895027	-3.233552e-06	2.2173418e-18	1
0	2.2936729e-06	0.0012652448	-2.1383166e-06	0	-0.012566371	0	2.2936729e-06	0.0012652448	-2.1383166e-06	2.2173379e-18	1
0	2.3017055e-06	0.0009503524	-1.6316772e-06	0	-0.009424778	0	2.3017055e-06	0.0009503524	-1.6316772e-06	2.2173364e-18	1
0	2.3113098e-06	0.0006354606	-1.0803342e-06	0	-0.0062831854	0	2.3113098e-06	0.0006354606	-1.0803342e-06	2.2173356e-18	1
0	2.3155008e-06	0.00038354617	-6.7055225e-07	0	-0.0037699111	0	2.3155008e-06	0.00038354617	-6.7055225e-07	2.217335e-18	1
0	2.3191678e-06	0.00025758735	-4.4703484e-07	0	-0.002513274	0	2.3191678e-06	0.00025758735	-4.4703484e-07	2.217335e-18	1
0	2.0682346e-06	0.00019459192	-3.2782555e-07	0	-0.0018849556	0	2.0682346e-06	0.00019459192	-3.2782555e-07	2.2173348e-18	1
0	2.4053152e-06	0.00013158783	-2.2351742e-07	0	-0.001256637	0	2.4053152e-06	0.00013158783	-2.2351742e-07	2.2173348e-18	1
0	2.2439053e-06	0.00010642118	-2.0116568e-07	0	-0.0010053096	0	2.2439053e-06	0.00010642118	-2.0116568e-07	2.2173348e-18	1
0	2.3718458e-06	6.858347e-05	-1.1920929e-07	0	-0.0006283185	0	2.3718458e-06	6.858347e-05	-1.1920929e-07	2.2173346e-18	1
0	2.3299945e-06	3.0870797e-05	-6.7055225e-08	0	-0.0002513274	0	2.3299945e-06	3.0870797e-05	-6.7055225e-08	2.2173346e-18	1
0	2.3238244e-06	1.8269755e-05	-4.4703484e-08	0	-0.0001256637	0	2.3238244e-06	1.8269755e-05	-4.4703484e-08	2.2173346e-18	1
0	2.3245811e-06	1.197221e-05	-4.4703484e-08	0	-6.283185e-05	0	2.3245811e-06	1.197221e-05	-4.4703484e-08	2.2173346e-18	1
0	2.3249886e-06	8.193223e-06	-2.9802322e-08	0	-2.5132742e-05	0	2.3249886e-06	8.193223e-06	-2.9802322e-08	2.2173348e-18	1
0	2.3266184e-06	6.9334783e-06	-2.2351742e-08	0	-1.2566371e-05	0	2.3266184e-06	6.9334783e-06	-2.2351742e-08	2.217335e-18	1
0	2.3256289e-06	6.303715e-06	-2.2351742e-08	0	-6.2831855e-06	0	2.3256289e-06	6.303715e-06	-2.2351742e-08	2.217335e-18	1
0	2.3257453e-06	5.925831e-06	-2.2351742e-08	0	-2.513274e-06	0	2.3257453e-06	5.925831e-06	-2.2351742e-08	2.217335e-18	1
0	2.325396e-06	5.800044e-06	-2.2351742e-08	0	-1.256637e-06	0	2.325396e-06	5.800044e-06	-2.2351742e-08	2.217335e-18	1
0	2.325396e-06	5.7369907e-06	-2.2351742e-08	0	-6.283185e-07	0	2.325396e-06	5.7369907e-06	-2.2351742e-08	2.217335e-18	1
0	2.325396e-06	5.7369907e-06	-2.2351742e-08	0	-2.513274e-07	0	2.325396e-06	5.7369907e-06	-2.2351742e-08	2.217335e-18	1
0	2.325396e-06	5.7369907e-06	-2.2351742e-08	0	-1.256637e-07	0	2.325396e-06	5.7369907e-06	-2.2351742e-08	2.217335e-18	1
0	2.3255707e-06	5.674039e-06	-2.2351742e-08	0	0	0	2.3255707e-06	5.674039e-06	-2.2351742e-08	2.217335e-18	1
0	2.3255707e-06	5.674039e-06	-2.2351742e-08	0	1.256637e-07	0	2.3255707e-06	5.674039e-06	-2.2351742e-08	2.217335e-18	1
0	2.3255707e-06	5.674039e-06	-2.2351742e-08	0	2.513274e-07	0	2.3255707e-06	5.674039e-06	-2.2351742e-08	2.217335e-18	1
0	2.3255125e-06	5.6110875e-06	-2.2351742e-08	0	6.283185e-07	0	2.3255125e-06	5.6110875e-06	-2.2351742e-08	2.217335e-18	1
0	2.3255125e-06	5.5480486e-06	-2.2351742e-08	0	1.256637e-06	0	2.3255125e-06	5.5480486e-06	-2.2351742e-08	2.217335e-18	1
0	2.3256289e-06	5.422102e-06	-2.2351742e-08	0	2.513274e-06	0	2.3256289e-06	5.422102e-06	-2.2351742e-08	2.217335e-18	1
0	2.3255707e-06	5.0443778e-06	-2.2351742e-08	0	6.2831855e-06	0	2.3255707e-06	5.0443778e-06	-2.2351742e-08	2.217335e-18	1
0	2.3256289e-06	4.4143962e-06	-2.2351742e-08	0	1.2566371e-05	0	2.3256289e-06	4.4143962e-06	-2.2351742e-08	2.217335e-18	1
0	2.3250468e-06	3.1547825e-06	-7.450581e-09	0	2.5132742e-05	0	2.3250468e-06	3.1547825e-06	-7.450581e-09	2.2173348e-18	1
0	2.32592e-06	-6.2388426e-07	-7.450581e-09	0	6.283185e-05	0	2.32592e-06	-6.2388426e-07	-7.450581e-09	2.2173348e-18	1
0	2.3270259e-06	-6.9230446e-06	-7.450581e-09	0	0.0001256637	0	2.3270259e-06	-6.9230446e-06	-7.450581e-09	2.2173348e-18	1
0	2.3258617e-06	-1.9517669e-05	1.4901161e-08	0	0.0002513274	0	2.3258617e-06	-1.9517669e-05	1.4901161e-08	2.2173348e-18	1
0	2.3270259e-06	-5.7304875e-05	8.195639e-08	0	0.0006283185	0	2.3270259e-06	-5.7304875e-05	8.195639e-08	2.2173346e-18	1
0	2.3279572e-06	-9.5091804e-05	1.4901161e-07	0	0.0010053096	0	2.3279572e-06	-9.5091804e-05	1.4901161e-07	2.2173348e-18	1
0	2.3284229e-06	-0.00012028312	1.8626451e-07	0	0.001256637	0	2.3284229e-06	-0.00012028312	1.8626451e-07	2.2173348e-18	1
0	2.3297616e-06	-0.0001832614	3.054738e-07	0	0.0018849556	0	2.3297616e-06	-0.0001832614	3.054738e-07	2.2173348e-18	1
0	2.330984e-06	-0.00024624	4.0978193e-07	0	0.002513274	0	2.330984e-06	-0.00024624	4.0978193e-07	2.2173348e-18	1
0	2.334884e-06	-0.00037219716	6.2584877e-07	0	0.0037699111	0	2.334884e-06	-0.00037219716	6.2584877e-07	2.217335e-18	1
0	2.3411121e-06	-0.0006241118	1.0579824e-06	0	0.0062831854	0	2.3411121e-06	-0.0006241118	1.0579824e-06	2.2173354e-18	1
0	2.3492612e-06	-0.00093900436	1.5944242e-06	0	0.009424778	0	2.3492612e-06	-0.00093900436	1.5944242e-06	2.2173364e-18	1
0	2.3572356e-06	-0.0012538969	2.1457672e-06	0	0.012566371	0	2.3572356e-06	-0.0012538969	2.1457672e-06	2.2173377e-18	1
0	2.3721368e-06	-0.0018836819	3.181398e-06	0	0.018849555	0	2.3721368e-06	-0.0018836819	3.181398e-06	2.2173418e-18	1
0	2.3871544e-06	-0.0025134655	4.2393804e-06	0	0.025132742	0	2.3871544e-06	-0.0025134655	4.2393804e-06	2.2173474e-18	1
0	2.418412e-06	-0.0037730262	6.4000487e-06	0	0.03769911	0	2.418412e-06	-0.0037730262	6.4000487e-06	2.217363e-18	1
0	2.4490291e-06	-0.0050325766	8.530915e-06	0	0.050265484	0	2.4490291e-06	-0.0050325766	8.530915e-06	2.2173852e-18	1
0	2.4786568e-06	-0.0062921126	1.0661781e-05	0	0.06283186	0	2.4786568e-06	-0.0062921126	1.0661781e-05	2.2174136e-18	1
