# t (s)	mx ()	my ()	mz ()	B_extx (T)	B_exty (T)	B_extz (T)	mx ()	my ()	mz ()	E_total (J)	branch ()
0	0.99954844	0.027773954	0.0020321945	0.06283186	0	0	0.99954844	0.027773954	0.0020321945	2.3211952e-21	-1
0	0.99943477	0.03157349	0.0020494813	0.050265484	0	0	0.99943477	0.03157349	0.0020494813	7.337174e-21	-1
0	0.9992634	0.036572553	0.0020673187	0.03769911	0	0	0.9992634	0.036572553	0.0020673187	1.23524416e-20	-1
0	0.9989871	0.043446183	0.002085697	0.025132742	0	0	0.9989871	0.043446183	0.002085697	1.7366613e-20	-1
0	0.99878085	0.0479445	0.002095045	0.018849555	0	0	0.99878085	0.0479445	0.002095045	1.9873082e-20	-1
0	0.9984993	0.053476643	0.0021044058	0.012566371	0	0	0.9984993	0.053476643	0.0021044058	2.237894e-20	-1
0	0.99831843	0.05674646	0.0021090838	0.009424778	0	0	0.99831843	0.05674646	0.0021090838	2.3631578e-20	-1
0	0.9981014	0.060436614	0.0021136063	0.0062831854	0	0	0.9981014	0.060436614	0.0021136063	2.4883961e-20	-1
0	0.9978944	0.06375833	0.0021171696	0.0037699111	0	0	0.9978944	0.06375833	0.0021171696	2.5885653e-20	-1
0	0.9977776	0.06555903	0.002118907	0.002513274	0	0	0.9977776	0.06555903	0.002118907	2.6386417e-20	-1
0	0.9977157	0.06649217	0.0021197624	0.0018849556	0	0	0.9977157	0.06649217	0.0021197624	2.6636778e-20	-1
0	0.9976506	0.06746058	0.002120608	0.001256637	0	0	0.9976506	0.06746058	0.002120608	2.6887121e-20	-1
0	0.9976506	0.06746058	0.002120608	0.0010053096	0	0	0.9976506	0.06746058	0.002120608	2.6987255e-20	-1
0	0.9975827	0.06845737	0.0021214434	0.0006283185	0	0	0.9975827	0.06845737	0.0021214434	2.713745e-20	-1
0	0.99754035	0.069069356	0.0021219375	0.0002513274	0	0	0.99754035	0.069069356	0.0021219375	2.7287632e-20	-1
0	0.99754035	0.069069356	0.0021219375	0.0001256637	0	0	0.99754035	0.069069356	0.0021219375	2.7337696e-20	-1
0	0.99754035	0.069069356	0.0021219375	6.283185e-05	0	0	0.99754035	0.069069356	0.0021219375	2.7362724e-20	-1
0	0.99754035	0.069069356	0.0021219375	2.5132742e-05	0	0	0.99754035	0.069069356	0.0021219375	2.7377743e-20	-1
0	0.99754035	0.069069356	0.0021219375	1.2566371e-05	0	0	0.99754035	0.069069356	0.0021219375	2.738275e-20	-1
0	0.99754035	0.069069356	0.0021219375	6.2831855e-06	0	0	0.99754035	0.069069356	0.0021219375	2.7385252e-20	-1
0	0.99754035	0.069069356	0.0021219375	2.513274e-06	0	0	0.99754035	0.069069356	0.0021219375	2.7386755e-20	-1
0	0.99754035	0.069069356	0.0021219375	1.256637e-06	0	0	0.99754035	0.069069356	0.0021219375	2.7387255e-20	-1
0	0.99754035	0.069069356	0.0021219375	6.283185e-07	0	0	0.99754035	0.069069356	0.0021219375	2.7387507e-20	-1
0	0.99754035	0.069069356	0.0021219375	2.513274e-07	0	0	0.99754035	0.069069356	0.0021219375	2.7387656e-20	-1
0	0.99754035	0.069069356	0.0021219375	1.256637e-07	0	0	0.99754035	0.069069356	0.0021219375	2.7387708e-20	-1
0	0.99754035	0.069069356	0.0021219375	0	0	0	0.99754035	0.069069356	0.0021219375	2.7387756e-20	-1
0	0.99754035	0.069069356	0.0021219375	-1.256637e-07	0	0	0.99754035	0.069069356	0.0021219375	2.7387808e-20	-1
0	0.99754035	0.069069356	0.0021219375	-2.513274e-07	0	0	0.99754035	0.069069356	0.0021219375	2.7387856e-20	-1
0	0.99754035	0.069069356	0.0021219375	-6.283185e-07	0	0	0.99754035	0.069069356	0.0021219375	2.7388008e-20	-1
0	0.99754035	0.069069356	0.0021219375	-1.256637e-06	0	0	0.99754035	0.069069356	0.0021219375	2.7388257e-20	-1
0	0.99754035	0.069069356	0.0021219375	-2.513274e-06	0	0	0.99754035	0.069069356	0.0021219375	2.7388758e-20	-1
0	0.99754035	0.069069356	0.0021219375	-6.2831855e-06	0	0	0.99754035	0.069069356	0.0021219375	2.739026e-20	-1
0	0.99754035	0.069069356	0.0021219375	-1.2566371e-05	0	0	0.99754035	0.069069356	0.0021219375	2.739276e-20	-1
0	0.99754035	0.069069356	0.0021219375	-2.5132742e-05	0	0	0.99754035	0.069069356	0.0021219375	2.739777e-20	-1
0	0.99754035	0.069069356	0.0021219375	-6.283185e-05	0	0	0.99754035	0.069069356	0.0021219375	2.7412788e-20	-1
0	0.9974968	0.06969543	0.0021224266	-0.0001256637	0	0	0.9974968	0.06969543	0.0021224266	2.7437814e-20	-1
0	0.9974968	0.06969543	0.0021224266	-0.0002513274	0	0	0.9974968	0.06969543	0.0021224266	2.7487874e-20	-1
0	0.9974388	0.07051921	0.0021230737	-0.0006283185	0	0	0.9974388	0.07051921	0.0021230737	2.763805e-20	-1
0	0.99739146	0.07118521	0.0021235505	-0.0010053096	0	0	0.99739146	0.07118521	0.0021235505	2.7788215e-20	-1
0	0.99739146	0.07118521	0.0021235505	-0.001256637	0	0	0.99739146	0.07118521	0.0021235505	2.7888323e-20	-1
0	0.9972787	0.0727458	0.0021246446	-0.0018849556	0	0	0.9972787	0.0727458	0.0021246446	2.8138574e-20	-1
0	0.99719346	0.073903516	0.0021254038	-0.002513274	0	0	0.99719346	0.073903516	0.0021254038	2.8388806e-20	-1
0	0.99701047	0.076330066	0.0021268583	-0.0037699111	0	0	0.99701047	0.076330066	0.0021268583	2.8889205e-20	-1
0	0.99658525	0.08168857	0.002129476	-0.0062831854	0	0	0.99658525	0.08168857	0.002129476	2.9889696e-20	-1
0	0.995906	0.08958176	0.0021319187	-0.009424778	0	0	0.995906	0.08958176	0.0021319187	3.113963e-20	-1
0	0.99499667	0.09916372	0.002132908	-0.012566371	0	0	0.99499667	0.09916372	0.002132908	3.238858e-20	-1
0	0.9918809	0.12656488	0.002125396	-0.018849555	0	0	0.9918809	0.12656488	0.002125396	3.4881854e-20	-1
0	0.9837971	0.17882138	0.0020745455	-0.025132742	0	0	0.9837971	0.17882138	0.0020745455	3.7362527e-20	-1
0	-0.99926317	-0.03657777	-0.0020673205	-0.03769911	0	0	-0.99926317	-0.03657777	-0.0020673205	1.235244e-20	-1
0	-0.9994346	-0.031577744	-0.0020494855	-0.050265484	0	0	-0.9994346	-0.031577744	-0.0020494855	7.337171e-21	-1
0	-0.99954844	-0.027774755	-0.002032198	-0.06283186	0	0	-0.99954844	-0.027774755	-0.002032198	2.3211946e-21	-1
0	-0.99954844	-0.027774755	-0.002032198	-0.06283186	0	0	-0.99954844	-0.027774755	-0.002032198	2.3211946e-21	1
0	-0.99943465	-0.03157536	-0.0020494843	-0.050265484	0	0	-0.99943465	-0.03157536	-0.0020494843	7.337169e-21	1
0	-0.9992633	-0.036574915	-0.0020673196	-0.03769911	0	0	-0.9992633	-0.036574915	-0.0020673196	1.2352441e-20	1
0	-0.99898756	-0.043437205	-0.0020856964	-0.025132742	0	0	-0.99898756	-0.043437205	-0.0020856964	1.7366612e-20	1
0	-0.99878085	-0.04794398	-0.0020950462	-0.018849555	0	0	-0.99878085	-0.04794398	-0.0020950462	1.9873082e-20	1
0	-0.9984993	-0.05347707	-0.0021044053	-0.012566371	0	0	-0.9984993	-0.05347707	-0.0021044053	2.2378938e-20	1
0	-0.99831843	-0.056745205	-0.0021090372	-0.009424778	0	0	-0.99831843	-0.056745205	-0.0021090372	2.3631571e-20	1
0	-0.9981014	-0.06043709	-0.0021136063	-0.0062831854	0	0	-0.9981014	-0.06043709	-0.0021136063	2.4883958e-20	1
0	-0.9978943	-0.06376071	-0.00211717	-0.0037699111	0	0	-0.9978943	-0.06376071	-0.00211717	2.588565e-20	1
0	-0.99777776	-0.065556675	-0.002118907	-0.002513274	0	0	-0.99777776	-0.065556675	-0.002118907	2.6386417e-20	1
0	-0.99771523	-0.06650056	-0.002119762	-0.0018849556	0	0	-0.99771523	-0.06650056	-0.002119762	2.6636778e-20	1
0	-0.9976505	-0.06746273	-0.0021206003	-0.001256637	0	0	-0.9976505	-0.06746273	-0.0021206003	2.6887121e-20	1
0	-0.9976505	-0.06746273	-0.0021206003	-0.0010053096	0	0	-0.9976505	-0.06746273	-0.0021206003	2.6987255e-20	1
0	-0.9975827	-0.068456784	-0.0021214422	-0.0006283185	0	0	-0.9975827	-0.068456784	-0.0021214422	2.7137447e-20	1
0	-0.9975407	-0.069065645	-0.0021219356	-0.0002513274	0	0	-0.9975407	-0.069065645	-0.0021219356	2.7287635e-20	1
0	-0.9975407	-0.069065645	-0.0021219356	-0.0001256637	0	0	-0.9975407	-0.069065645	-0.0021219356	2.73377e-20	1
0	-0.9975407	-0.069065645	-0.0021219356	-6.283185e-05	0	0	-0.9975407	-0.069065645	-0.0021219356	2.7362728e-20	1
0	-0.9975407	-0.069065645	-0.0021219356	-2.5132742e-05	0	0	-0.9975407	-0.069065645	-0.0021219356	2.7377746e-20	1
0	-0.9975407	-0.069065645	-0.0021219356	-1.2566371e-05	0	0	-0.9975407	-0.069065645	-0.0021219356	2.7382754e-20	1
0	-0.9975407	-0.069065645	-0.0021219356	-6.2831855e-06	0	0	-0.9975407	-0.069065645	-0.0021219356	2.7385255e-20	1
0	-0.9975407	-0.069065645	-0.0021219356	-2.513274e-06	0	0	-0.9975407	-0.069065645	-0.0021219356	2.7386758e-20	1
0	-0.9975407	-0.069065645	-0.0021219356	-1.256637e-06	0	0	-0.9975407	-0.069065645	-0.0021219356	2.738726e-20	1
0	-0.9975407	-0.069065645	-0.0021219356	-6.283185e-07	0	0	-0.9975407	-0.069065645	-0.0021219356	2.738751e-20	1
0	-0.9975407	-0.069065645	-0.0021219356	-2.513274e-07	0	0	-0.9975407	-0.069065645	-0.0021219356	2.738766e-20	1
0	-0.9975407	-0.069065645	-0.0021219356	-1.256637e-07	0	0	-0.9975407	-0.069065645	-0.0021219356	2.738771e-20	1
0	-0.9975407	-0.069065645	-0.0021219356	0	0	0	-0.9975407	-0.069065645	-0.0021219356	2.738776e-20	1
0	-0.9975407	-0.069065645	-0.0021219356	1.256637e-07	0	0	-0.9975407	-0.069065645	-0.0021219356	2.738781e-20	1
0	-0.9975407	-0.069065645	-0.0021219356	2.513274e-07	0	0	-0.9975407	-0.069065645	-0.0021219356	2.738786e-20	1
0	-0.9975407	-0.069065645	-0.0021219356	6.283185e-07	0	0	-0.9975407	-0.069065645	-0.0021219356	2.738801e-20	1
0	-0.9975407	-0.069065645	-0.0021219356	1.256637e-06	0	0	-0.9975407	-0.069065645	-0.0021219356	2.738826e-20	1
0	-0.9975407	-0.069065645	-0.0021219356	2.513274e-06	0	0	-0.9975407	-0.069065645	-0.0021219356	2.738876e-20	1
0	-0.9975407	-0.069065645	-0.0021219356	6.2831855e-06	0	0	-0.9975407	-0.069065645	-0.0021219356	2.7390264e-20	1
0	-0.9975407	-0.069065645	-0.0021219356	1.2566371e-05	0	0	-0.9975407	-0.069065645	-0.0021219356	2.7392765e-20	1
0	-0.9975407	-0.069065645	-0.0021219356	2.5132742e-05	0	0	-0.9975407	-0.069065645	-0.0021219356	2.7397773e-20	1
0	-0.9975045	-0.06958548	-0.0021223438	6.283185e-05	0	0	-0.9975045	-0.06958548	-0.0021223438	2.7412785e-20	1
0	-0.9975045	-0.06958548	-0.0021223438	0.0001256637	0	0	-0.9975045	-0.06958548	-0.0021223438	2.7437817e-20	1
0	-0.9975045	-0.06958548	-0.0021223438	0.0002513274	0	0	-0.9975045	-0.06958548	-0.0021223438	2.7487874e-20	1
0	-0.9974377	-0.070535034	-0.0021230727	0.0006283185	0	0	-0.9974377	-0.070535034	-0.0021230727	2.763805e-20	1
0	-0.99739194	-0.0711788	-0.0021235514	0.0010053096	0	0	-0.99739194	-0.0711788	-0.0021235514	2.7788218e-20	1
0	-0.99739194	-0.0711788	-0.0021235514	0.001256637	0	0	-0.99739194	-0.0711788	-0.0021235514	2.7888326e-20	1
0	-0.99727887	-0.072743624	-0.0021246448	0.0018849556	0	0	-0.99727887	-0.072743624	-0.0021246448	2.8138578e-20	1
0	-0.99719465	-0.073888265	-0.0021254048	0.002513274	0	0	-0.99719465	-0.073888265	-0.0021254048	2.8388806e-20	1
0	-0.99701047	-0.07632941	-0.0021268618	0.0037699111	0	0	-0.99701047	-0.07632941	-0.0021268618	2.8889202e-20	1
0	-0.99658525	-0.081687815	-0.002129476	0.0062831854	0	0	-0.99658525	-0.081687815	-0.002129476	2.9889696e-20	1
0	-0.99590755	-0.08956428	-0.0021319236	0.009424778	0	0	-0.99590755	-0.08956428	-0.0021319236	3.113963e-20	1
0	-0.9949956	-0.09917468	-0.0021328998	0.012566371	0	0	-0.9949956	-0.09917468	-0.0021328998	3.2388583e-20	1
0	-0.99188113	-0.12656283	-0.0021253973	0.018849555	0	0	-0.99188113	-0.12656283	-0.0021253973	3.488185e-20	1
0	-0.98379636	-0.17882492	-0.0020745401	0.025132742	0	0	-0.98379636	-0.17882492	-0.0020745401	3.736253e-20	1
0	0.99926335	0.036573373	0.002067319	0.03769911	0	0	0.99926335	0.036573373	0.002067319	1.2352443e-20	1
0	0.9994346	0.03157722	0.0020494848	0.050265484	0	0	0.9994346	0.03157722	0.0020494848	7.337172e-21	1
0	0.99954844	0.027774975	0.0020321966	0.06283186	0	0	0.99954844	0.027774975	0.0020321966	2.3211984e-21	1
