# t (s)	mx ()	my ()	mz ()	B_extx (T)	B_exty (T)	B_extz (T)	mx ()	my ()	mz ()	E_total (J)	branch ()
0	-0.13552815	0.9906864	-0.0052330876	0	0.06283186	0	-0.13552815	0.9906864	-0.0052330876	3.823515e-21	-1
0	-0.16572559	0.9860785	-0.005598278	0	0.050265484	0	-0.16572559	0.9860785	-0.005598278	8.784754e-21	-1
0	-0.20834348	0.9779526	-0.0060459618	0	0.03769911	0	-0.20834348	0.9779526	-0.0060459618	1.371499e-20	-1
0	-0.26876214	0.9630882	-0.006546637	0	0.025132742	0	-0.26876214	0.9630882	-0.006546637	1.858935e-20	-1
0	-0.30756468	0.95139813	-0.0067832805	0	0.018849555	0	-0.30756468	0.95139813	-0.0067832805	2.0992075e-20	-1
0	-0.35324642	0.93538797	-0.0069736433	0	0.012566371	0	-0.35324642	0.93538797	-0.0069736433	2.3360332e-20	-1
0	-0.37903118	0.92523384	-0.0070378026	0	0.009424778	0	-0.37903118	0.92523384	-0.0070378026	2.4527694e-20	-1
0	-0.4070577	0.9132438	-0.0070713223	0	0.0062831854	0	-0.4070577	0.9132438	-0.0070713223	2.56812e-20	-1
0	-0.4313345	0.90202594	-0.007069397	0	0.0037699111	0	-0.4313345	0.90202594	-0.007069397	2.659233e-20	-1
0	-0.4441313	0.89579153	-0.0070567117	0	0.002513274	0	-0.4441313	0.89579153	-0.0070567117	2.7043468e-20	-1
0	-0.45072705	0.89248955	-0.0070469994	0	0.0018849556	0	-0.45072705	0.89248955	-0.0070469994	2.7267828e-20	-1
0	-0.45745456	0.8890586	-0.007034866	0	0.001256637	0	-0.45745456	0.8890586	-0.007034866	2.749135e-20	-1
0	-0.45745456	0.8890586	-0.007034866	0	0.0010053096	0	-0.45745456	0.8890586	-0.007034866	2.7580586e-20	-1
0	-0.46433228	0.8854846	-0.007020126	0	0.0006283185	0	-0.46433228	0.8854846	-0.007020126	2.7713992e-20	-1
0	-0.46853465	0.8832673	-0.007009954	0	0.0002513274	0	-0.46853465	0.8832673	-0.007009954	2.784714e-20	-1
0	-0.46853465	0.8832673	-0.007009954	0	0.0001256637	0	-0.46853465	0.8832673	-0.007009954	2.7891467e-20	-1
0	-0.46853465	0.8832673	-0.007009954	0	6.283185e-05	0	-0.46853465	0.8832673	-0.007009954	2.791363e-20	-1
0	-0.46853465	0.8832673	-0.007009954	0	2.5132742e-05	0	-0.46853465	0.8832673	-0.007009954	2.792693e-20	-1
0	-0.46853465	0.8832673	-0.007009954	0	1.2566371e-05	0	-0.46853465	0.8832673	-0.007009954	2.793136e-20	-1
0	-0.46853465	0.8832673	-0.007009954	0	6.2831855e-06	0	-0.46853465	0.8832673	-0.007009954	2.7933576e-20	-1
0	-0.46853465	0.8832673	-0.007009954	0	2.513274e-06	0	-0.46853465	0.8832673	-0.007009954	2.7934907e-20	-1
0	-0.46853465	0.8832673	-0.007009954	0	1.256637e-06	0	-0.46853465	0.8832673	-0.007009954	2.793535e-20	-1
0	-0.46853465	0.8832673	-0.007009954	0	6.283185e-07	0	-0.46853465	0.8832673	-0.007009954	2.7935573e-20	-1
0	-0.46853465	0.8832673	-0.007009954	0	2.513274e-07	0	-0.46853465	0.8832673	-0.007009954	2.7935705e-20	-1
0	-0.46853465	0.8832673	-0.007009954	0	1.256637e-07	0	-0.46853465	0.8832673	-0.007009954	2.793575e-20	-1
0	-0.46853465	0.8832673	-0.007009954	0	0	0	-0.46853465	0.8832673	-0.007009954	2.7935792e-20	-1
0	-0.46853465	0.8832673	-0.007009954	0	-1.256637e-07	0	-0.46853465	0.8832673	-0.007009954	2.7935838e-20	-1
0	-0.46853465	0.8832673	-0.007009954	0	-2.513274e-07	0	-0.46853465	0.8832673	-0.007009954	2.7935883e-20	-1
0	-0.46853465	0.8832673	-0.007009954	0	-6.283185e-07	0	-0.46853465	0.8832673	-0.007009954	2.7936015e-20	-1
0	-0.46853465	0.8832673	-0.007009954	0	-1.256637e-06	0	-0.46853465	0.8832673	-0.007009954	2.7936235e-20	-1
0	-0.46853465	0.8832673	-0.007009954	0	-2.513274e-06	0	-0.46853465	0.8832673	-0.007009954	2.793668e-20	-1
0	-0.46853465	0.8832673	-0.007009954	0	-6.2831855e-06	0	-0.46853465	0.8832673	-0.007009954	2.793801e-20	-1
0	-0.46853465	0.8832673	-0.007009954	0	-1.2566371e-05	0	-0.46853465	0.8832673	-0.007009954	2.7940226e-20	-1
0	-0.46853465	0.8832673	-0.007009954	0	-2.5132742e-05	0	-0.46853465	0.8832673	-0.007009954	2.794466e-20	-1
0	-0.46853465	0.8832673	-0.007009954	0	-6.283185e-05	0	-0.46853465	0.8832673	-0.007009954	2.7957958e-20	-1
0	-0.4727702	0.8810066	-0.0069988193	0	-0.0001256637	0	-0.4727702	0.8810066	-0.0069988193	2.797995e-20	-1
0	-0.4727702	0.8810066	-0.0069988193	0	-0.0002513274	0	-0.4727702	0.8810066	-0.0069988193	2.8024162e-20	-1
0	-0.47852346	0.8778938	-0.0069822483	0	-0.0006283185	0	-0.47852346	0.8778938	-0.0069822483	2.815649e-20	-1
0	-0.48290908	0.87548816	-0.0069685024	0	-0.0010053096	0	-0.48290908	0.87548816	-0.0069685024	2.828848e-20	-1
0	-0.48290908	0.87548816	-0.0069685024	0	-0.001256637	0	-0.48290908	0.87548816	-0.0069685024	2.8376353e-20	-1
0	-0.49338096	0.8696277	-0.0069317804	0	-0.0018849556	0	-0.49338096	0.8696277	-0.0069317804	2.8595017e-20	-1
0	-0.50109124	0.86520636	-0.006901218	0	-0.002513274	0	-0.50109124	0.86520636	-0.006901218	2.8812675e-20	-1
0	-0.51710737	0.85572743	-0.006828194	0	-0.0037699111	0	-0.51710737	0.85572743	-0.006828194	2.9244538e-20	-1
0	-0.55221546	0.8334974	-0.006622995	0	-0.0062831854	0	-0.55221546	0.8334974	-0.006622995	3.0092676e-20	-1
0	-0.60475856	0.7961887	-0.0062009674	0	-0.009424778	0	-0.60475856	0.7961887	-0.0062009674	3.111644e-20	-1
0	-0.6806364	0.732379	-0.0053565353	0	-0.012566371	0	-0.6806364	0.732379	-0.0053565353	3.208031e-20	-1
0	0.3075813	-0.95139277	0.006783358	0	-0.018849555	0	0.3075813	-0.95139277	0.006783358	2.099207e-20	-1
0	0.26877147	-0.9630856	0.0065466985	0	-0.025132742	0	0.26877147	-0.9630856	0.0065466985	1.8589348e-20	-1
0	0.20834644	-0.977952	0.0060459888	0	-0.03769911	0	0.20834644	-0.977952	0.0060459888	1.3714992e-20	-1
0	0.16573387	-0.9860771	0.005598364	0	-0.050265484	0	0.16573387	-0.9860771	0.005598364	8.7847534e-21	-1
0	0.13553262	-0.9906858	0.005233138	0	-0.06283186	0	0.13553262	-0.9906858	0.005233138	3.823511e-21	-1
0	0.13553262	-0.9906858	0.005233138	0	-0.06283186	0	0.13553262	-0.9906858	0.005233138	3.823511e-21	1
0	0.16572656	-0.98607826	0.005598287	0	-0.050265484	0	0.16572656	-0.98607826	0.005598287	8.784753e-21	1
0	0.20833996	-0.9779534	0.006045928	0	-0.03769911	0	0.20833996	-0.9779534	0.006045928	1.371499e-20	1
0	0.268762	-0.9630882	0.006546637	0	-0.025132742	0	0.268762	-0.9630882	0.006546637	1.8589351e-20	1
0	0.30756634	-0.95139754	0.006783288	0	-0.018849555	0	0.30756634	-0.95139754	0.006783288	2.0992072e-20	1
0	0.35325015	-0.93538654	0.006973654	0	-0.012566371	0	0.35325015	-0.93538654	0.006973654	2.3360332e-20	1
0	0.37903088	-0.92523396	0.0070378017	0	-0.009424778	0	0.37903088	-0.92523396	0.0070378017	2.4527695e-20	1
0	0.40705994	-0.9132428	0.007071322	0	-0.0062831854	0	0.40705994	-0.9132428	0.007071322	2.5681203e-20	1
0	0.43130833	-0.90203846	0.0070694285	0	-0.0037699111	0	0.43130833	-0.90203846	0.0070694285	2.6592333e-20	1
0	0.44413885	-0.8957877	0.007056698	0	-0.002513274	0	0.44413885	-0.8957877	0.007056698	2.7043467e-20	1
0	0.45071986	-0.89249325	0.0070470143	0	-0.0018849556	0	0.45071986	-0.89249325	0.0070470143	2.726783e-20	1
0	0.4574563	-0.88905776	0.0070348624	0	-0.001256637	0	0.4574563	-0.88905776	0.0070348624	2.7491354e-20	1
0	0.4574563	-0.88905776	0.0070348624	0	-0.0010053096	0	0.4574563	-0.88905776	0.0070348624	2.758059e-20	1
0	0.464328	-0.88548684	0.007020137	0	-0.0006283185	0	0.464328	-0.88548684	0.007020137	2.7713992e-20	1
0	0.4685253	-0.8832723	0.007009981	0	-0.0002513274	0	0.4685253	-0.8832723	0.007009981	2.7847142e-20	1
0	0.4685253	-0.8832723	0.007009981	0	-0.0001256637	0	0.4685253	-0.8832723	0.007009981	2.7891467e-20	1
0	0.4685253	-0.8832723	0.007009981	0	-6.283185e-05	0	0.4685253	-0.8832723	0.007009981	2.7913633e-20	1
0	0.4685253	-0.8832723	0.007009981	0	-2.5132742e-05	0	0.4685253	-0.8832723	0.007009981	2.792693e-20	1
0	0.4685253	-0.8832723	0.007009981	0	-1.2566371e-05	0	0.4685253	-0.8832723	0.007009981	2.7931363e-20	1
0	0.4685253	-0.8832723	0.007009981	0	-6.2831855e-06	0	0.4685253	-0.8832723	0.007009981	2.793358e-20	1
0	0.4685253	-0.8832723	0.007009981	0	-2.513274e-06	0	0.4685253	-0.8832723	0.007009981	2.7934907e-20	1
0	0.4685253	-0.8832723	0.007009981	0	-1.256637e-06	0	0.4685253	-0.8832723	0.007009981	2.7935353e-20	1
0	0.4685253	-0.8832723	0.007009981	0	-6.283185e-07	0	0.4685253	-0.8832723	0.007009981	2.7935573e-20	1
0	0.4685253	-0.8832723	0.007009981	0	-2.513274e-07	0	0.4685253	-0.8832723	0.007009981	2.7935705e-20	1
0	0.4685253	-0.8832723	0.007009981	0	-1.256637e-07	0	0.4685253	-0.8832723	0.007009981	2.793575e-20	1
0	0.4685253	-0.8832723	0.007009981	0	0	0	0.4685253	-0.8832723	0.007009981	2.7935796e-20	1
0	0.4685253	-0.8832723	0.007009981	0	1.256637e-07	0	0.4685253	-0.8832723	0.007009981	2.793584e-20	1
0	0.4685253	-0.8832723	0.007009981	0	2.513274e-07	0	0.4685253	-0.8832723	0.007009981	2.7935883e-20	1
0	0.4685253	-0.8832723	0.007009981	0	6.283185e-07	0	0.4685253	-0.8832723	0.007009981	2.7936015e-20	1
0	0.4685253	-0.8832723	0.007009981	0	1.256637e-06	0	0.4685253	-0.8832723	0.007009981	2.7936238e-20	1
0	0.4685253	-0.8832723	0.007009981	0	2.513274e-06	0	0.4685253	-0.8832723	0.007009981	2.793668e-20	1
0	0.4685253	-0.8832723	0.007009981	0	6.2831855e-06	0	0.4685253	-0.8832723	0.007009981	2.7938012e-20	1
0	0.4685253	-0.8832723	0.007009981	0	1.2566371e-05	0	0.4685253	-0.8832723	0.007009981	2.794023e-20	1
0	0.4685253	-0.8832723	0.007009981	0	2.5132742e-05	0	0.4685253	-0.8832723	0.007009981	2.7944662e-20	1
0	0.4685253	-0.8832723	0.007009981	0	6.283185e-05	0	0.4685253	-0.8832723	0.007009981	2.7957958e-20	1
0	0.47277844	-0.8810022	0.006998793	0	0.0001256637	0	0.47277844	-0.8810022	0.006998793	2.797995e-20	1
0	0.47277844	-0.8810022	0.006998793	0	0.0002513274	0	0.47277844	-0.8810022	0.006998793	2.8024162e-20	1
0	0.47852105	-0.8778951	0.006982256	0	0.0006283185	0	0.47852105	-0.8778951	0.006982256	2.815649e-20	1
0	0.48290658	-0.8754895	0.0069685113	0	0.0010053096	0	0.48290658	-0.8754895	0.0069685113	2.828848e-20	1
0	0.48290658	-0.8754895	0.0069685113	0	0.001256637	0	0.48290658	-0.8754895	0.0069685113	2.8376353e-20	1
0	0.49338177	-0.86962724	0.006931776	0	0.0018849556	0	0.49338177	-0.86962724	0.006931776	2.8595013e-20	1
0	0.5010989	-0.86520195	0.0069011822	0	0.002513274	0	0.5010989	-0.86520195	0.0069011822	2.8812678e-20	1
0	0.5171193	-0.8557203	0.00682813	0	0.0037699111	0	0.5171193	-0.8557203	0.00682813	2.9244534e-20	1
0	0.55221665	-0.8334966	0.006622986	0	0.0062831854	0	0.55221665	-0.8334966	0.006622986	3.0092672e-20	1
0	0.6047673	-0.79618216	0.0062008835	0	0.009424778	0	0.6047673	-0.79618216	0.0062008835	3.111644e-20	1
0	0.680609	-0.7324045	0.0053568934	0	0.012566371	0	0.680609	-0.7324045	0.0053568934	3.2080307e-20	1
0	-0.30756533	0.9513979	-0.0067832833	0	0.018849555	0	-0.30756533	0.9513979	-0.0067832833	2.0992072e-20	1
0	-0.2687813	0.96308285	-0.006546762	0	0.025132742	0	-0.2687813	0.96308285	-0.006546762	1.858935e-20	1
0	-0.20835182	0.9779509	-0.0060460363	0	0.03769911	0	-0.20835182	0.9779509	-0.0060460363	1.371499e-20	1
0	-0.16574147	0.9860759	-0.0055984445	0	0.050265484	0	-0.16574147	0.9860759	-0.0055984445	8.784754e-21	1
0	-0.13553306	0.9906857	-0.0052331425	0	0.06283186	0	-0.13553306	0.9906857	-0.0052331425	3.82351e-21	1
