# t (s)	mx ()	my ()	mz ()	B_extx (T)	B_exty (T)	B_extz (T)	mx ()	my ()	mz ()	E_total (J)	branch ()
0	0.015826836	0.99980545	0.0034005954	0	0.06283186	0	0.015826836	0.99980545	0.0034005954	2.399265e-21	-1
0	0.018003523	0.99976766	0.003427947	0	0.050265484	0	0.018003523	0.99976766	0.003427947	7.416711e-21	-1
0	0.020881193	0.9997108	0.0034560054	0	0.03769911	0	0.020881193	0.9997108	0.0034560054	1.2433915e-20	-1
0	0.024847157	0.9996192	0.0034848792	0	0.025132742	0	0.024847157	0.9996192	0.0034848792	1.7450758e-20	-1
0	0.027451321	0.9995506	0.0034996571	0	0.018849555	0	0.027451321	0.9995506	0.0034996571	1.995898e-20	-1
0	0.030669767	0.9994565	0.0035147103	0	0.012566371	0	0.030669767	0.9994565	0.0035147103	2.2466988e-20	-1
0	0.03258305	0.9993957	0.00352233	0	0.009424778	0	0.03258305	0.9993957	0.00352233	2.3720897e-20	-1
0	0.03474492	0.99932253	0.003530012	0	0.0062831854	0	0.03474492	0.99932253	0.003530012	2.497472e-20	-1
0	0.03669156	0.99925274	0.003536198	0	0.0037699111	0	0.03669156	0.99925274	0.003536198	2.597771e-20	-1
0	0.03774628	0.99921334	0.0035393017	0	0.002513274	0	0.03774628	0.99921334	0.0035393017	2.6479173e-20	-1
0	0.038303584	0.9991921	0.0035408582	0	0.0018849556	0	0.038303584	0.9991921	0.0035408582	2.67299e-20	-1
0	0.038872935	0.99917006	0.0035424153	0	0.001256637	0	0.038872935	0.99917006	0.0035424153	2.6980617e-20	-1
0	0.038872935	0.99917006	0.0035424153	0	0.0010053096	0	0.038872935	0.99917006	0.0035424153	2.7080903e-20	-1
0	0.039464444	0.9991468	0.0035439744	0	0.0006283185	0	0.039464444	0.9991468	0.0035439744	2.7231332e-20	-1
0	0.039815813	0.9991329	0.0035449076	0	0.0002513274	0	0.039815813	0.9991329	0.0035449076	2.738176e-20	-1
0	0.039815813	0.9991329	0.0035449076	0	0.0001256637	0	0.039815813	0.9991329	0.0035449076	2.74319e-20	-1
0	0.039815813	0.9991329	0.0035449076	0	6.283185e-05	0	0.039815813	0.9991329	0.0035449076	2.745697e-20	-1
0	0.039815813	0.9991329	0.0035449076	0	2.5132742e-05	0	0.039815813	0.9991329	0.0035449076	2.7472016e-20	-1
0	0.039815813	0.9991329	0.0035449076	0	1.2566371e-05	0	0.039815813	0.9991329	0.0035449076	2.747703e-20	-1
0	0.039815813	0.9991329	0.0035449076	0	6.2831855e-06	0	0.039815813	0.9991329	0.0035449076	2.7479538e-20	-1
0	0.039815813	0.9991329	0.0035449076	0	2.513274e-06	0	0.039815813	0.9991329	0.0035449076	2.748104e-20	-1
0	0.039815813	0.9991329	0.0035449076	0	1.256637e-06	0	0.039815813	0.9991329	0.0035449076	2.748154e-20	-1
0	0.039815813	0.9991329	0.0035449076	0	6.283185e-07	0	0.039815813	0.9991329	0.0035449076	2.7481793e-20	-1
0	0.039815813	0.9991329	0.0035449076	0	2.513274e-07	0	0.039815813	0.9991329	0.0035449076	2.7481942e-20	-1
0	0.039815813	0.9991329	0.0035449076	0	1.256637e-07	0	0.039815813	0.9991329	0.0035449076	2.7481993e-20	-1
0	0.039815813	0.9991329	0.0035449076	0	0	0	0.039815813	0.9991329	0.0035449076	2.7482042e-20	-1
0	0.039815813	0.9991329	0.0035449076	0	-1.256637e-07	0	0.039815813	0.9991329	0.0035449076	2.7482094e-20	-1
0	0.039815813	0.9991329	0.0035449076	0	-2.513274e-07	0	0.039815813	0.9991329	0.0035449076	2.7482142e-20	-1
0	0.039815813	0.9991329	0.0035449076	0	-6.283185e-07	0	0.039815813	0.9991329	0.0035449076	2.7482294e-20	-1
0	0.039815813	0.9991329	0.0035449076	0	-1.256637e-06	0	0.039815813	0.9991329	0.0035449076	2.7482546e-20	-1
0	0.039815813	0.9991329	0.0035449076	0	-2.513274e-06	0	0.039815813	0.9991329	0.0035449076	2.7483047e-20	-1
0	0.039815813	0.9991329	0.0035449076	0	-6.2831855e-06	0	0.039815813	0.9991329	0.0035449076	2.748455e-20	-1
0	0.039815813	0.9991329	0.0035449076	0	-1.2566371e-05	0	0.039815813	0.9991329	0.0035449076	2.7487057e-20	-1
0	0.039815813	0.9991329	0.0035449076	0	-2.5132742e-05	0	0.039815813	0.9991329	0.0035449076	2.749207e-20	-1
0	0.040126488	0.99912035	0.003545688	0	-6.283185e-05	0	0.040126488	0.99912035	0.003545688	2.7507113e-20	-1
0	0.040126488	0.99912035	0.003545688	0	-0.0001256637	0	0.040126488	0.99912035	0.003545688	2.7532183e-20	-1
0	0.040126488	0.99912035	0.003545688	0	-0.0002513274	0	0.040126488	0.99912035	0.003545688	2.7582325e-20	-1
0	0.04068519	0.9990977	0.003547091	0	-0.0006283185	0	0.04068519	0.9990977	0.003547091	2.7732742e-20	-1
0	0.04107941	0.9990815	0.0035480284	0	-0.0010053096	0	0.04107941	0.9990815	0.0035480284	2.7883163e-20	-1
0	0.04107941	0.9990815	0.0035480284	0	-0.001256637	0	0.04107941	0.9990815	0.0035480284	2.7983443e-20	-1
0	0.041998386	0.9990432	0.0035502147	0	-0.0018849556	0	0.041998386	0.9990432	0.0035502147	2.823413e-20	-1
0	0.04268027	0.99901426	0.0035517714	0	-0.002513274	0	0.04268027	0.99901426	0.0035517714	2.8484808e-20	-1
0	0.04412528	0.9989513	0.0035548941	0	-0.0037699111	0	0.04412528	0.9989513	0.0035548941	2.898615e-20	-1
0	0.047306925	0.9988054	0.0035611084	0	-0.0062831854	0	0.047306925	0.9988054	0.0035611084	2.9988725e-20	-1
0	0.052035756	0.99856985	0.003568776	0	-0.009424778	0	0.052035756	0.99856985	0.003568776	3.1241717e-20	-1
0	0.05782324	0.99825096	0.0035761748	0	-0.012566371	0	0.05782324	0.99825096	0.0035761748	3.2494352e-20	-1
0	0.07445544	0.997147	0.0035886155	0	-0.018849555	0	0.07445544	0.997147	0.0035886155	3.499801e-20	-1
0	0.1060313	0.9942826	0.003587926	0	-0.025132742	0	0.1060313	0.9942826	0.003587926	3.749717e-20	-1
0	-0.020883763	-0.9997108	-0.0034560065	0	-0.03769911	0	-0.020883763	-0.9997108	-0.0034560065	1.24339205e-20	-1
0	-0.018010616	-0.99976754	-0.0034279507	0	-0.050265484	0	-0.018010616	-0.99976754	-0.0034279507	7.416709e-21	-1
0	-0.01582712	-0.99980533	-0.0034005954	0	-0.06283186	0	-0.01582712	-0.99980533	-0.0034005954	2.3992669e-21	-1
0	-0.01582712	-0.99980533	-0.0034005954	0	-0.06283186	0	-0.01582712	-0.99980533	-0.0034005954	2.3992669e-21	1
0	-0.018005807	-0.99976766	-0.0034279407	0	-0.050265484	0	-0.018005807	-0.99976766	-0.0034279407	7.416708e-21	1
0	-0.020881325	-0.9997108	-0.0034560054	0	-0.03769911	0	-0.020881325	-0.9997108	-0.0034560054	1.2433915e-20	1
0	-0.024848275	-0.9996191	-0.0034848782	0	-0.025132742	0	-0.024848275	-0.9996191	-0.0034848782	1.7450761e-20	1
0	-0.027454408	-0.99955046	-0.0034996676	0	-0.018849555	0	-0.027454408	-0.99955046	-0.0034996676	1.9958978e-20	1
0	-0.030667981	-0.9994565	-0.0035147094	0	-0.012566371	0	-0.030667981	-0.9994565	-0.0035147094	2.2466988e-20	1
0	-0.032583036	-0.9993957	-0.003522331	0	-0.009424778	0	-0.032583036	-0.9993957	-0.003522331	2.3720898e-20	1
0	-0.03474495	-0.99932253	-0.0035300122	0	-0.0062831854	0	-0.03474495	-0.99932253	-0.0035300122	2.497472e-20	1
0	-0.036694136	-0.9992527	-0.0035361988	0	-0.0037699111	0	-0.036694136	-0.9992527	-0.0035361988	2.5977709e-20	1
0	-0.037753478	-0.9992131	-0.003539304	0	-0.002513274	0	-0.037753478	-0.9992131	-0.003539304	2.6479176e-20	1
0	-0.038306683	-0.999192	-0.0035408593	0	-0.0018849556	0	-0.038306683	-0.999192	-0.0035408593	2.6729899e-20	1
0	-0.038868412	-0.9991702	-0.0035424135	0	-0.001256637	0	-0.038868412	-0.9991702	-0.0035424135	2.6980619e-20	1
0	-0.038868412	-0.9991702	-0.0035424135	0	-0.0010053096	0	-0.038868412	-0.9991702	-0.0035424135	2.7080905e-20	1
0	-0.039454423	-0.9991472	-0.003543971	0	-0.0006283185	0	-0.039454423	-0.9991472	-0.003543971	2.723133e-20	1
0	-0.039823793	-0.9991325	-0.0035449099	0	-0.0002513274	0	-0.039823793	-0.9991325	-0.0035449099	2.7381762e-20	1
0	-0.039823793	-0.9991325	-0.0035449099	0	-0.0001256637	0	-0.039823793	-0.9991325	-0.0035449099	2.7431904e-20	1
0	-0.039823793	-0.9991325	-0.0035449099	0	-6.283185e-05	0	-0.039823793	-0.9991325	-0.0035449099	2.7456974e-20	1
0	-0.039823793	-0.9991325	-0.0035449099	0	-2.5132742e-05	0	-0.039823793	-0.9991325	-0.0035449099	2.7472016e-20	1
0	-0.039823793	-0.9991325	-0.0035449099	0	-1.2566371e-05	0	-0.039823793	-0.9991325	-0.0035449099	2.747703e-20	1
0	-0.039823793	-0.9991325	-0.0035449099	0	-6.2831855e-06	0	-0.039823793	-0.9991325	-0.0035449099	2.7479538e-20	1
0	-0.039823793	-0.9991325	-0.0035449099	0	-2.513274e-06	0	-0.039823793	-0.9991325	-0.0035449099	2.748104e-20	1
0	-0.039823793	-0.9991325	-0.0035449099	0	-1.256637e-06	0	-0.039823793	-0.9991325	-0.0035449099	2.7481544e-20	1
0	-0.039823793	-0.9991325	-0.0035449099	0	-6.283185e-07	0	-0.039823793	-0.9991325	-0.0035449099	2.7481793e-20	1
0	-0.039823793	-0.9991325	-0.0035449099	0	-2.513274e-07	0	-0.039823793	-0.9991325	-0.0035449099	2.7481945e-20	1
0	-0.039823793	-0.9991325	-0.0035449099	0	-1.256637e-07	0	-0.039823793	-0.9991325	-0.0035449099	2.7481993e-20	1
0	-0.039823793	-0.9991325	-0.0035449099	0	0	0	-0.039823793	-0.9991325	-0.0035449099	2.7482045e-20	1
0	-0.039823793	-0.9991325	-0.0035449099	0	1.256637e-07	0	-0.039823793	-0.9991325	-0.0035449099	2.7482094e-20	1
0	-0.039823793	-0.9991325	-0.0035449099	0	2.513274e-07	0	-0.039823793	-0.9991325	-0.0035449099	2.7482145e-20	1
0	-0.039823793	-0.9991325	-0.0035449099	0	6.283185e-07	0	-0.039823793	-0.9991325	-0.0035449099	2.7482294e-20	1
0	-0.039823793	-0.9991325	-0.0035449099	0	1.256637e-06	0	-0.039823793	-0.9991325	-0.0035449099	2.7482546e-20	1
0	-0.039823793	-0.9991325	-0.0035449099	0	2.513274e-06	0	-0.039823793	-0.9991325	-0.0035449099	2.7483047e-20	1
0	-0.039823793	-0.9991325	-0.0035449099	0	6.2831855e-06	0	-0.039823793	-0.9991325	-0.0035449099	2.7484552e-20	1
0	-0.039823793	-0.9991325	-0.0035449099	0	1.2566371e-05	0	-0.039823793	-0.9991325	-0.0035449099	2.7487057e-20	1
0	-0.039823793	-0.9991325	-0.0035449099	0	2.5132742e-05	0	-0.039823793	-0.9991325	-0.0035449099	2.749207e-20	1
0	-0.04012827	-0.99912024	-0.0035456894	0	6.283185e-05	0	-0.04012827	-0.99912024	-0.0035456894	2.7507113e-20	1
0	-0.04012827	-0.99912024	-0.0035456894	0	0.0001256637	0	-0.04012827	-0.99912024	-0.0035456894	2.7532183e-20	1
0	-0.04012827	-0.99912024	-0.0035456894	0	0.0002513274	0	-0.04012827	-0.99912024	-0.0035456894	2.7582325e-20	1
0	-0.040693246	-0.99909735	-0.0035470931	0	0.0006283185	0	-0.040693246	-0.99909735	-0.0035470931	2.7732745e-20	1
0	-0.04107756	-0.9990816	-0.0035480298	0	0.0010053096	0	-0.04107756	-0.9990816	-0.0035480298	2.7883163e-20	1
0	-0.04107756	-0.9990816	-0.0035480298	0	0.001256637	0	-0.04107756	-0.9990816	-0.0035480298	2.7983443e-20	1
0	-0.04199379	-0.99904346	-0.0035502133	0	0.0018849556	0	-0.04199379	-0.99904346	-0.0035502133	2.8234127e-20	1
0	-0.042682625	-0.99901414	-0.0035517742	0	0.002513274	0	-0.042682625	-0.99901414	-0.0035517742	2.848481e-20	1
0	-0.044127554	-0.9989512	-0.0035548955	0	0.0037699111	0	-0.044127554	-0.9989512	-0.0035548955	2.8986147e-20	1
0	-0.047314987	-0.99880505	-0.0035611098	0	0.0062831854	0	-0.047314987	-0.99880505	-0.0035611098	2.9988725e-20	1
0	-0.052043505	-0.99856937	-0.0035687769	0	0.009424778	0	-0.052043505	-0.99856937	-0.0035687769	3.1241713e-20	1
0	-0.057818063	-0.9982512	-0.0035761748	0	0.012566371	0	-0.057818063	-0.9982512	-0.0035761748	3.2494356e-20	1
0	-0.07447261	-0.9971458	-0.0035886117	0	0.018849555	0	-0.07447261	-0.9971458	-0.0035886117	3.499801e-20	1
0	-0.1060315	-0.9942825	-0.0035879288	0	0.025132742	0	-0.1060315	-0.9942825	-0.0035879288	3.749717e-20	1
0	0.020881042	0.99971086	0.003456005	0	0.03769911	0	0.020881042	0.99971086	0.003456005	1.2433917e-20	1
0	0.01800732	0.99976766	0.0034279493	0	0.050265484	0	0.01800732	0.99976766	0.0034279493	7.416712e-21	1
0	0.015831761	0.99980533	0.0034005982	0	0.06283186	0	0.015831761	0.99980533	0.0034005982	2.3992693e-21	1
