# t (s)	mx ()	my ()	mz ()	B_extx (T)	B_exty (T)	B_extz (T)	mx ()	my ()	mz ()	E_total (J)	branch ()
0	-0.021013368	0.99971026	-0.0028066058	0	0.06283186	0	-0.021013368	0.99971026	-0.0028066058	4.5009143e-21	-1
0	-0.024834417	0.99962175	-0.002815415	0	0.050265484	0	-0.024834417	0.99962175	-0.002815415	9.517763e-21	-1
0	-0.03035998	0.9994683	-0.0028177937	0	0.03769911	0	-0.03035998	0.9994683	-0.0028177937	1.4534025e-20	-1
0	-0.039009042	0.9991672	-0.0028077469	0	0.025132742	0	-0.039009042	0.9991672	-0.0028077469	1.95492e-20	-1
0	-0.045451596	0.99889433	-0.0027939435	0	0.018849555	0	-0.045451596	0.99889433	-0.0027939435	2.2056046e-20	-1
0	-0.054386742	0.998447	-0.0027694413	0	0.012566371	0	-0.054386742	0.998447	-0.0027694413	2.4562012e-20	-1
0	-0.060282387	0.998108	-0.002750827	0	0.009424778	0	-0.060282387	0.998108	-0.002750827	2.5814486e-20	-1
0	-0.06759787	0.99763876	-0.002725801	0	0.0062831854	0	-0.06759787	0.99763876	-0.002725801	2.7066461e-20	-1
0	-0.07482216	0.9971225	-0.002699408	0	0.0037699111	0	-0.07482216	0.9971225	-0.002699408	2.8067547e-20	-1
0	-0.07903588	0.9967971	-0.002683372	0	0.002513274	0	-0.07903588	0.9967971	-0.002683372	2.8567875e-20	-1
0	-0.08132008	0.99661314	-0.002674501	0	0.0018849556	0	-0.08132008	0.99661314	-0.002674501	2.8817977e-20	-1
0	-0.083768174	0.99641025	-0.0026648522	0	0.001256637	0	-0.083768174	0.99641025	-0.0026648522	2.9068025e-20	-1
0	-0.083768174	0.99641025	-0.0026648522	0	0.0010053096	0	-0.083768174	0.99641025	-0.0026648522	2.9168033e-20	-1
0	-0.086333625	0.996191	-0.0026546218	0	0.0006283185	0	-0.086333625	0.996191	-0.0026546218	2.931802e-20	-1
0	-0.0879319	0.9960511	-0.002648185	0	0.0002513274	0	-0.0879319	0.9960511	-0.002648185	2.9467993e-20	-1
0	-0.0879319	0.9960511	-0.002648185	0	0.0001256637	0	-0.0879319	0.9960511	-0.002648185	2.951798e-20	-1
0	-0.0879319	0.9960511	-0.002648185	0	6.283185e-05	0	-0.0879319	0.9960511	-0.002648185	2.9542972e-20	-1
0	-0.0879319	0.9960511	-0.002648185	0	2.5132742e-05	0	-0.0879319	0.9960511	-0.002648185	2.9557968e-20	-1
0	-0.0879319	0.9960511	-0.002648185	0	1.2566371e-05	0	-0.0879319	0.9960511	-0.002648185	2.9562967e-20	-1
0	-0.0879319	0.9960511	-0.002648185	0	6.2831855e-06	0	-0.0879319	0.9960511	-0.002648185	2.9565464e-20	-1
0	-0.0879319	0.9960511	-0.002648185	0	2.513274e-06	0	-0.0879319	0.9960511	-0.002648185	2.9566964e-20	-1
0	-0.0879319	0.9960511	-0.002648185	0	1.256637e-06	0	-0.0879319	0.9960511	-0.002648185	2.9567464e-20	-1
0	-0.0879319	0.9960511	-0.002648185	0	6.283185e-07	0	-0.0879319	0.9960511	-0.002648185	2.9567716e-20	-1
0	-0.0879319	0.9960511	-0.002648185	0	2.513274e-07	0	-0.0879319	0.9960511	-0.002648185	2.9567865e-20	-1
0	-0.0879319	0.9960511	-0.002648185	0	1.256637e-07	0	-0.0879319	0.9960511	-0.002648185	2.9567914e-20	-1
0	-0.0879319	0.9960511	-0.002648185	0	0	0	-0.0879319	0.9960511	-0.002648185	2.9567965e-20	-1
0	-0.0879319	0.9960511	-0.002648185	0	-1.256637e-07	0	-0.0879319	0.9960511	-0.002648185	2.9568014e-20	-1
0	-0.0879319	0.9960511	-0.002648185	0	-2.513274e-07	0	-0.0879319	0.9960511	-0.002648185	2.9568065e-20	-1
0	-0.0879319	0.9960511	-0.002648185	0	-6.283185e-07	0	-0.0879319	0.9960511	-0.002648185	2.9568214e-20	-1
0	-0.0879319	0.9960511	-0.002648185	0	-1.256637e-06	0	-0.0879319	0.9960511	-0.002648185	2.9568466e-20	-1
0	-0.0879319	0.9960511	-0.002648185	0	-2.513274e-06	0	-0.0879319	0.9960511	-0.002648185	2.9568964e-20	-1
0	-0.0879319	0.9960511	-0.002648185	0	-6.2831855e-06	0	-0.0879319	0.9960511	-0.002648185	2.9570463e-20	-1
0	-0.0879319	0.9960511	-0.002648185	0	-1.2566371e-05	0	-0.0879319	0.9960511	-0.002648185	2.9572964e-20	-1
0	-0.0879319	0.9960511	-0.002648185	0	-2.5132742e-05	0	-0.0879319	0.9960511	-0.002648185	2.9577962e-20	-1
0	-0.0879319	0.9960511	-0.002648185	0	-6.283185e-05	0	-0.0879319	0.9960511	-0.002648185	2.9592958e-20	-1
0	-0.089610845	0.99590135	-0.00264137	0	-0.0001256637	0	-0.089610845	0.99590135	-0.00264137	2.9617942e-20	-1
0	-0.089610845	0.99590135	-0.00264137	0	-0.0002513274	0	-0.089610845	0.99590135	-0.00264137	2.966792e-20	-1
0	-0.09196319	0.99568665	-0.0026317225	0	-0.0006283185	0	-0.09196319	0.99568665	-0.0026317225	2.9817838e-20	-1
0	-0.09377056	0.99551797	-0.0026242582	0	-0.0010053096	0	-0.09377056	0.99551797	-0.0026242582	2.9967726e-20	-1
0	-0.09377056	0.99551797	-0.0026242582	0	-0.001256637	0	-0.09377056	0.99551797	-0.0026242582	3.0067647e-20	-1
0	-0.098356195	0.995075	-0.0026050382	0	-0.0018849556	0	-0.098356195	0.995075	-0.0026050382	3.031737e-20	-1
0	-0.1018749	0.9947207	-0.002590075	0	-0.002513274	0	-0.1018749	0.9947207	-0.002590075	3.056702e-20	-1
0	-0.10985342	0.9938705	-0.0025554374	0	-0.0037699111	0	-0.10985342	0.9938705	-0.0025554374	3.1066012e-20	-1
0	-0.13024388	0.99140275	-0.0024632125	0	-0.0062831854	0	-0.13024388	0.99140275	-0.0024632125	3.206243e-20	-1
0	-0.17158604	0.98508495	-0.0022636987	0	-0.009424778	0	-0.17158604	0.98508495	-0.0022636987	3.3302892e-20	-1
0	0.054400943	-0.9984462	0.002769353	0	-0.012566371	0	0.054400943	-0.9984462	0.002769353	2.456201e-20	-1
0	0.04545112	-0.9988943	0.0027939458	0	-0.018849555	0	0.04545112	-0.9988943	0.0027939458	2.2056044e-20	-1
0	0.03901525	-0.99916697	0.0028077224	0	-0.025132742	0	0.03901525	-0.99916697	0.0028077224	1.9549197e-20	-1
0	0.030368911	-0.9994681	0.0028177584	0	-0.03769911	0	0.030368911	-0.9994681	0.0028177584	1.4534025e-20	-1
0	0.02485003	-0.9996214	0.0028153572	0	-0.050265484	0	0.02485003	-0.9996214	0.0028153572	9.517762e-21	-1
0	0.021014774	-0.99971026	0.0028065797	0	-0.06283186	0	0.021014774	-0.99971026	0.0028065797	4.500915e-21	-1
0	0.021014774	-0.99971026	0.0028065797	0	-0.06283186	0	0.021014774	-0.99971026	0.0028065797	4.500915e-21	1
0	0.024842642	-0.9996216	0.0028153872	0	-0.050265484	0	0.024842642	-0.9996216	0.0028153872	9.5177655e-21	1
0	0.030364964	-0.9994682	0.0028177784	0	-0.03769911	0	0.030364964	-0.9994682	0.0028177784	1.4534024e-20	1
0	0.039003134	-0.99916744	0.0028077713	0	-0.025132742	0	0.039003134	-0.99916744	0.0028077713	1.9549199e-20	1
0	0.045445982	-0.9988946	0.002793965	0	-0.018849555	0	0.045445982	-0.9988946	0.002793965	2.2056044e-20	1
0	0.054384574	-0.9984472	0.002769422	0	-0.012566371	0	0.054384574	-0.9984472	0.002769422	2.4562012e-20	1
0	0.06029001	-0.99810755	0.0027508154	0	-0.009424778	0	0.06029001	-0.99810755	0.0027508154	2.5814488e-20	1
0	0.06759444	-0.997639	0.0027258154	0	-0.0062831854	0	0.06759444	-0.997639	0.0027258154	2.7066463e-20	1
0	0.07483118	-0.9971218	0.0026993665	0	-0.0037699111	0	0.07483118	-0.9971218	0.0026993665	2.8067547e-20	1
0	0.079039864	-0.9967967	0.0026833515	0	-0.002513274	0	0.079039864	-0.9967967	0.0026833515	2.856787e-20	1
0	0.0813237	-0.99661285	0.0026744842	0	-0.0018849556	0	0.0813237	-0.99661285	0.0026744842	2.8817974e-20	1
0	0.08375115	-0.9964117	0.0026649288	0	-0.001256637	0	0.08375115	-0.9964117	0.0026649288	2.9068022e-20	1
0	0.08375115	-0.9964117	0.0026649288	0	-0.0010053096	0	0.08375115	-0.9964117	0.0026649288	2.916803e-20	1
0	0.08631321	-0.9961928	0.0026547136	0	-0.0006283185	0	0.08631321	-0.9961928	0.0026547136	2.931802e-20	1
0	0.08793472	-0.99605083	0.0026481745	0	-0.0002513274	0	0.08793472	-0.99605083	0.0026481745	2.946799e-20	1
0	0.08793472	-0.99605083	0.0026481745	0	-0.0001256637	0	0.08793472	-0.99605083	0.0026481745	2.9517976e-20	1
0	0.08793472	-0.99605083	0.0026481745	0	-6.283185e-05	0	0.08793472	-0.99605083	0.0026481745	2.9542972e-20	1
0	0.08793472	-0.99605083	0.0026481745	0	-2.5132742e-05	0	0.08793472	-0.99605083	0.0026481745	2.9557968e-20	1
0	0.08793472	-0.99605083	0.0026481745	0	-1.2566371e-05	0	0.08793472	-0.99605083	0.0026481745	2.9562967e-20	1
0	0.08793472	-0.99605083	0.0026481745	0	-6.2831855e-06	0	0.08793472	-0.99605083	0.0026481745	2.9565464e-20	1
0	0.08793472	-0.99605083	0.0026481745	0	-2.513274e-06	0	0.08793472	-0.99605083	0.0026481745	2.9566964e-20	1
0	0.08793472	-0.99605083	0.0026481745	0	-1.256637e-06	0	0.08793472	-0.99605083	0.0026481745	2.9567464e-20	1
0	0.08793472	-0.99605083	0.0026481745	0	-6.283185e-07	0	0.08793472	-0.99605083	0.0026481745	2.9567713e-20	1
0	0.08793472	-0.99605083	0.0026481745	0	-2.513274e-07	0	0.08793472	-0.99605083	0.0026481745	2.9567865e-20	1
0	0.08793472	-0.99605083	0.0026481745	0	-1.256637e-07	0	0.08793472	-0.99605083	0.0026481745	2.9567914e-20	1
0	0.08793472	-0.99605083	0.0026481745	0	0	0	0.08793472	-0.99605083	0.0026481745	2.9567965e-20	1
0	0.08793472	-0.99605083	0.0026481745	0	1.256637e-07	0	0.08793472	-0.99605083	0.0026481745	2.9568014e-20	1
0	0.08793472	-0.99605083	0.0026481745	0	2.513274e-07	0	0.08793472	-0.99605083	0.0026481745	2.9568065e-20	1
0	0.08793472	-0.99605083	0.0026481745	0	6.283185e-07	0	0.08793472	-0.99605083	0.0026481745	2.9568214e-20	1
0	0.08793472	-0.99605083	0.0026481745	0	1.256637e-06	0	0.08793472	-0.99605083	0.0026481745	2.9568463e-20	1
0	0.08793472	-0.99605083	0.0026481745	0	2.513274e-06	0	0.08793472	-0.99605083	0.0026481745	2.9568964e-20	1
0	0.08793472	-0.99605083	0.0026481745	0	6.2831855e-06	0	0.08793472	-0.99605083	0.0026481745	2.9570463e-20	1
0	0.08793472	-0.99605083	0.0026481745	0	1.2566371e-05	0	0.08793472	-0.99605083	0.0026481745	2.9572964e-20	1
0	0.08793472	-0.99605083	0.0026481745	0	2.5132742e-05	0	0.08793472	-0.99605083	0.0026481745	2.9577962e-20	1
0	0.08793472	-0.99605083	0.0026481745	0	6.283185e-05	0	0.08793472	-0.99605083	0.0026481745	2.9592958e-20	1
0	0.08961418	-0.995901	0.0026413556	0	0.0001256637	0	0.08961418	-0.995901	0.0026413556	2.961794e-20	1
0	0.08961418	-0.995901	0.0026413556	0	0.0002513274	0	0.08961418	-0.995901	0.0026413556	2.9667918e-20	1
0	0.091947615	-0.9956882	0.0026317919	0	0.0006283185	0	0.091947615	-0.9956882	0.0026317919	2.9817838e-20	1
0	0.09377422	-0.9955176	0.0026242414	0	0.0010053096	0	0.09377422	-0.9955176	0.0026242414	2.9967733e-20	1
0	0.09377422	-0.9955176	0.0026242414	0	0.001256637	0	0.09377422	-0.9955176	0.0026242414	3.0067653e-20	1
0	0.09835781	-0.99507487	0.0026050308	0	0.0018849556	0	0.09835781	-0.99507487	0.0026050308	3.0317375e-20	1
0	0.10191265	-0.9947168	0.002589905	0	0.002513274	0	0.10191265	-0.9947168	0.002589905	3.056702e-20	1
0	0.109843686	-0.99387157	0.0025554746	0	0.0037699111	0	0.109843686	-0.99387157	0.0025554746	3.1066015e-20	1
0	0.13023773	-0.9914036	0.0024632416	0	0.0062831854	0	0.13023773	-0.9914036	0.0024632416	3.206243e-20	1
0	0.17163613	-0.9850762	0.0022634428	0	0.009424778	0	0.17163613	-0.9850762	0.0022634428	3.3302896e-20	1
0	0.8897743	0.45610887	0.0016683771	0	0.012566371	0	0.8897743	0.45610887	0.0016683771	2.6117184e-20	1
0	-0.0454491	0.9988944	-0.0027939454	0	0.018849555	0	-0.0454491	0.9988944	-0.0027939454	2.2056046e-20	1
0	-0.03901675	0.9991669	-0.0028077182	0	0.025132742	0	-0.03901675	0.9991669	-0.0028077182	1.9549199e-20	1
0	-0.030371502	0.999468	-0.0028177495	0	0.03769911	0	-0.030371502	0.999468	-0.0028177495	1.4534025e-20	1
0	-0.024845883	0.9996215	-0.0028153737	0	0.050265484	0	-0.024845883	0.9996215	-0.0028153737	9.5177615e-21	1
0	-0.021015111	0.99971026	-0.0028066062	0	0.06283186	0	-0.021015111	0.99971026	-0.0028066062	4.5009155e-21	1
