# t (s)	mx ()	my ()	mz ()	B_extx (T)	B_exty (T)	B_extz (T)	mx ()	my ()	mz ()	E_total (J)	branch ()
0	0.9984077	0.055244327	0.00086572743	0.06283186	0	0	0.9984077	0.055244327	0.00086572743	2.344247e-21	-1
0	0.9979582	0.062828556	0.00087497523	0.050265484	0	0	0.9979582	0.062828556	0.00087497523	7.353708e-21	-1
0	0.99728143	0.07276812	0.00088475156	0.03769911	0	0	0.99728143	0.07276812	0.00088475156	1.2360389e-20	-1
0	0.9961932	0.086379066	0.0008949955	0.025132742	0	0	0.9961932	0.086379066	0.0008949955	1.7362749e-20	-1
0	0.9953854	0.095226854	0.0009001703	0.018849555	0	0	0.9953854	0.095226854	0.0009001703	1.9861487e-20	-1
0	0.99429023	0.106041536	0.00090521725	0.012566371	0	0	0.99429023	0.106041536	0.00090521725	2.2357857e-20	-1
0	0.9935906	0.112402	0.0009076034	0.009424778	0	0	0.9935906	0.112402	0.0009076034	2.3604894e-20	-1
0	0.9927547	0.11955318	0.0009098077	0.0062831854	0	0	0.9927547	0.11955318	0.0009098077	2.4850971e-20	-1
0	0.9919602	0.12596896	0.00091138855	0.0037699111	0	0	0.9919602	0.12596896	0.00091138855	2.5847011e-20	-1
0	0.9915179	0.12940186	0.0009120937	0.002513274	0	0	0.9915179	0.12940186	0.0009120937	2.6344717e-20	-1
0	0.9912802	0.13120824	0.00091242185	0.0018849556	0	0	0.9912802	0.13120824	0.00091242185	2.6593483e-20	-1
0	0.9910342	0.13305223	0.00091273035	0.001256637	0	0	0.9910342	0.13305223	0.00091273035	2.6842193e-20	-1
0	0.9910342	0.13305223	0.00091273035	0.0010053096	0	0	0.9910342	0.13305223	0.00091273035	2.6941664e-20	-1
0	0.9907767	0.13495448	0.00091301755	0.0006283185	0	0	0.9907767	0.13495448	0.00091301755	2.7090834e-20	-1
0	0.9906172	0.13611934	0.0009131802	0.0002513274	0	0	0.9906172	0.13611934	0.0009131802	2.723999e-20	-1
0	0.9906172	0.13611934	0.0009131802	0.0001256637	0	0	0.9906172	0.13611934	0.0009131802	2.7289703e-20	-1
0	0.9906172	0.13611934	0.0009131802	6.283185e-05	0	0	0.9906172	0.13611934	0.0009131802	2.731456e-20	-1
0	0.9905188	0.13683268	0.00091327284	2.5132742e-05	0	0	0.9905188	0.13683268	0.00091327284	2.732947e-20	-1
0	0.9905188	0.13683268	0.00091327284	1.2566371e-05	0	0	0.9905188	0.13683268	0.00091327284	2.7334442e-20	-1
0	0.9905188	0.13683268	0.00091327284	6.2831855e-06	0	0	0.9905188	0.13683268	0.00091327284	2.7336927e-20	-1
0	0.9905188	0.13683268	0.00091327284	2.513274e-06	0	0	0.9905188	0.13683268	0.00091327284	2.733842e-20	-1
0	0.9905188	0.13683268	0.00091327284	1.256637e-06	0	0	0.9905188	0.13683268	0.00091327284	2.7338914e-20	-1
0	0.9905188	0.13683268	0.00091327284	6.283185e-07	0	0	0.9905188	0.13683268	0.00091327284	2.7339163e-20	-1
0	0.9905188	0.13683268	0.00091327284	2.513274e-07	0	0	0.9905188	0.13683268	0.00091327284	2.7339314e-20	-1
0	0.9905188	0.13683268	0.00091327284	1.256637e-07	0	0	0.9905188	0.13683268	0.00091327284	2.7339363e-20	-1
0	0.9905188	0.13683268	0.00091327284	0	0	0	0.9905188	0.13683268	0.00091327284	2.733941e-20	-1
0	0.9905188	0.13683268	0.00091327284	-1.256637e-07	0	0	0.9905188	0.13683268	0.00091327284	2.7339463e-20	-1
0	0.9905188	0.13683268	0.00091327284	-2.513274e-07	0	0	0.9905188	0.13683268	0.00091327284	2.733951e-20	-1
0	0.9905188	0.13683268	0.00091327284	-6.283185e-07	0	0	0.9905188	0.13683268	0.00091327284	2.733966e-20	-1
0	0.9905188	0.13683268	0.00091327284	-1.256637e-06	0	0	0.9905188	0.13683268	0.00091327284	2.733991e-20	-1
0	0.9905188	0.13683268	0.00091327284	-2.513274e-06	0	0	0.9905188	0.13683268	0.00091327284	2.7340407e-20	-1
0	0.9905188	0.13683268	0.00091327284	-6.2831855e-06	0	0	0.9905188	0.13683268	0.00091327284	2.7341896e-20	-1
0	0.9905188	0.13683268	0.00091327284	-1.2566371e-05	0	0	0.9905188	0.13683268	0.00091327284	2.7344384e-20	-1
0	0.9905188	0.13683268	0.00091327284	-2.5132742e-05	0	0	0.9905188	0.13683268	0.00091327284	2.7349354e-20	-1
0	0.9905188	0.13683268	0.00091327284	-6.283185e-05	0	0	0.9905188	0.13683268	0.00091327284	2.7364266e-20	-1
0	0.9905188	0.13683268	0.00091327284	-0.0001256637	0	0	0.9905188	0.13683268	0.00091327284	2.7389123e-20	-1
0	0.9905188	0.13683268	0.00091327284	-0.0002513274	0	0	0.9905188	0.13683268	0.00091327284	2.743883e-20	-1
0	0.99022746	0.13892399	0.0009135122	-0.0006283185	0	0	0.99022746	0.13892399	0.0009135122	2.7587918e-20	-1
0	0.99005353	0.14015716	0.00091365585	-0.0010053096	0	0	0.99005353	0.14015716	0.00091365585	2.7736988e-20	-1
0	0.9899347	0.14099343	0.00091373816	-0.001256637	0	0	0.9899347	0.14099343	0.00091373816	2.783636e-20	-1
0	0.9896275	0.14313164	0.0009139188	-0.0018849556	0	0	0.9896275	0.14313164	0.0009139188	2.8084717e-20	-1
0	0.9893071	0.14532757	0.00091407663	-0.002513274	0	0	0.9893071	0.14532757	0.00091407663	2.8333e-20	-1
0	0.9886185	0.1499368	0.0009142745	-0.0037699111	0	0	0.9886185	0.1499368	0.0009142745	2.8829316e-20	-1
0	0.9870244	0.16008642	0.00091415213	-0.0062831854	0	0	0.9870244	0.16008642	0.00091415213	2.9820818e-20	-1
0	0.98450124	0.17492326	0.00091261114	-0.009424778	0	0	0.98450124	0.17492326	0.00091261114	3.1057653e-20	-1
0	0.9811326	0.1929101	0.00090866064	-0.012566371	0	0	0.9811326	0.1929101	0.00090866064	3.229083e-20	-1
0	0.9694257	0.2450155	0.0008846512	-0.018849555	0	0	0.9694257	0.2450155	0.0008846512	3.4739996e-20	-1
0	-0.99619293	-0.08638278	-0.0008949963	-0.025132742	0	0	-0.99619293	-0.08638278	-0.0008949963	1.7362747e-20	-1
0	-0.9972806	-0.072779626	-0.00088475476	-0.03769911	0	0	-0.9972806	-0.072779626	-0.00088475476	1.236039e-20	-1
0	-0.99795794	-0.06283188	-0.0008749765	-0.050265484	0	0	-0.99795794	-0.06283188	-0.0008749765	7.353704e-21	-1
0	-0.9984077	-0.055245396	-0.0008657282	-0.06283186	0	0	-0.9984077	-0.055245396	-0.0008657282	2.3442476e-21	-1
0	-0.9984077	-0.055245396	-0.0008657282	-0.06283186	0	0	-0.9984077	-0.055245396	-0.0008657282	2.3442476e-21	1
0	-0.9979582	-0.06282773	-0.00087496685	-0.050265484	0	0	-0.9979582	-0.06282773	-0.00087496685	7.353707e-21	1
0	-0.9972806	-0.07277924	-0.0008847548	-0.03769911	0	0	-0.9972806	-0.07277924	-0.0008847548	1.2360393e-20	1
0	-0.9961932	-0.08637969	-0.0008949955	-0.025132742	0	0	-0.9961932	-0.08637969	-0.0008949955	1.7362749e-20	1
0	-0.9953854	-0.09522722	-0.00090017513	-0.018849555	0	0	-0.9953854	-0.09522722	-0.00090017513	1.9861487e-20	1
0	-0.9942901	-0.106042914	-0.0009052167	-0.012566371	0	0	-0.9942901	-0.106042914	-0.0009052167	2.2357855e-20	1
0	-0.993591	-0.1123983	-0.0009076004	-0.009424778	0	0	-0.993591	-0.1123983	-0.0009076004	2.3604893e-20	1
0	-0.9927552	-0.119549006	-0.00090980716	-0.0062831854	0	0	-0.9927552	-0.119549006	-0.00090980716	2.485097e-20	1
0	-0.9919634	-0.1259442	-0.0009113883	-0.0037699111	0	0	-0.9919634	-0.1259442	-0.0009113883	2.5847006e-20	1
0	-0.9915173	-0.12940644	-0.0009120945	-0.002513274	0	0	-0.9915173	-0.12940644	-0.0009120945	2.6344714e-20	1
0	-0.9912808	-0.13120368	-0.000912423	-0.0018849556	0	0	-0.9912808	-0.13120368	-0.000912423	2.6593483e-20	1
0	-0.9910342	-0.13305207	-0.00091272907	-0.001256637	0	0	-0.9910342	-0.13305207	-0.00091272907	2.6842193e-20	1
0	-0.9909324	-0.13380745	-0.00091284973	-0.0010053096	0	0	-0.9909324	-0.13380745	-0.00091284973	2.6941657e-20	1
0	-0.9907768	-0.13495387	-0.0009130187	-0.0006283185	0	0	-0.9907768	-0.13495387	-0.0009130187	2.7090834e-20	1
0	-0.9906173	-0.13611919	-0.00091318064	-0.0002513274	0	0	-0.9906173	-0.13611919	-0.00091318064	2.723999e-20	1
0	-0.9906173	-0.13611919	-0.00091318064	-0.0001256637	0	0	-0.9906173	-0.13611919	-0.00091318064	2.7289703e-20	1
0	-0.9906173	-0.13611919	-0.00091318064	-6.283185e-05	0	0	-0.9906173	-0.13611919	-0.00091318064	2.731456e-20	1
0	-0.9906173	-0.13611919	-0.00091318064	-2.5132742e-05	0	0	-0.9906173	-0.13611919	-0.00091318064	2.7329476e-20	1
0	-0.9906173	-0.13611919	-0.00091318064	-1.2566371e-05	0	0	-0.9906173	-0.13611919	-0.00091318064	2.7334448e-20	1
0	-0.9906173	-0.13611919	-0.00091318064	-6.2831855e-06	0	0	-0.9906173	-0.13611919	-0.00091318064	2.7336933e-20	1
0	-0.9906173	-0.13611919	-0.00091318064	-2.513274e-06	0	0	-0.9906173	-0.13611919	-0.00091318064	2.7338426e-20	1
0	-0.9906173	-0.13611919	-0.00091318064	-1.256637e-06	0	0	-0.9906173	-0.13611919	-0.00091318064	2.733892e-20	1
0	-0.9906173	-0.13611919	-0.00091318064	-6.283185e-07	0	0	-0.9906173	-0.13611919	-0.00091318064	2.733917e-20	1
0	-0.9906173	-0.13611919	-0.00091318064	-2.513274e-07	0	0	-0.9906173	-0.13611919	-0.00091318064	2.7339318e-20	1
0	-0.9906173	-0.13611919	-0.00091318064	-1.256637e-07	0	0	-0.9906173	-0.13611919	-0.00091318064	2.733937e-20	1
0	-0.9906173	-0.13611919	-0.00091318064	0	0	0	-0.9906173	-0.13611919	-0.00091318064	2.7339418e-20	1
0	-0.9906173	-0.13611919	-0.00091318064	1.256637e-07	0	0	-0.9906173	-0.13611919	-0.00091318064	2.733947e-20	1
0	-0.9906173	-0.13611919	-0.00091318064	2.513274e-07	0	0	-0.9906173	-0.13611919	-0.00091318064	2.7339518e-20	1
0	-0.9906173	-0.13611919	-0.00091318064	6.283185e-07	0	0	-0.9906173	-0.13611919	-0.00091318064	2.7339667e-20	1
0	-0.9906173	-0.13611919	-0.00091318064	1.256637e-06	0	0	-0.9906173	-0.13611919	-0.00091318064	2.7339915e-20	1
0	-0.9906173	-0.13611919	-0.00091318064	2.513274e-06	0	0	-0.9906173	-0.13611919	-0.00091318064	2.7340413e-20	1
0	-0.9906173	-0.13611919	-0.00091318064	6.2831855e-06	0	0	-0.9906173	-0.13611919	-0.00091318064	2.7341906e-20	1
0	-0.9906173	-0.13611919	-0.00091318064	1.2566371e-05	0	0	-0.9906173	-0.13611919	-0.00091318064	2.734439e-20	1
0	-0.9906173	-0.13611919	-0.00091318064	2.5132742e-05	0	0	-0.9906173	-0.13611919	-0.00091318064	2.734936e-20	1
0	-0.99048054	-0.13710965	-0.00091330765	6.283185e-05	0	0	-0.99048054	-0.13710965	-0.00091330765	2.7364266e-20	1
0	-0.99048054	-0.13710965	-0.00091330765	0.0001256637	0	0	-0.99048054	-0.13710965	-0.00091330765	2.738912e-20	1
0	-0.99048054	-0.13710965	-0.00091330765	0.0002513274	0	0	-0.99048054	-0.13710965	-0.00091330765	2.7438828e-20	1
0	-0.9902272	-0.13892531	-0.00091352384	0.0006283185	0	0	-0.9902272	-0.13892531	-0.00091352384	2.758792e-20	1
0	-0.99005306	-0.14016056	-0.0009136561	0.0010053096	0	0	-0.99005306	-0.14016056	-0.0009136561	2.773699e-20	1
0	-0.99005306	-0.14016056	-0.0009136561	0.001256637	0	0	-0.99005306	-0.14016056	-0.0009136561	2.7836363e-20	1
0	-0.98962873	-0.14312294	-0.0009139235	0.0018849556	0	0	-0.98962873	-0.14312294	-0.0009139235	2.808472e-20	1
0	-0.9893071	-0.14532752	-0.0009140766	0.002513274	0	0	-0.9893071	-0.14532752	-0.0009140766	2.8333e-20	1
0	-0.9886184	-0.14993718	-0.0009142769	0.0037699111	0	0	-0.9886184	-0.14993718	-0.0009142769	2.8829316e-20	1
0	-0.9870244	-0.16008663	-0.00091415195	0.0062831854	0	0	-0.9870244	-0.16008663	-0.00091415195	2.9820818e-20	1
0	-0.98450124	-0.17492309	-0.00091261114	0.009424778	0	0	-0.98450124	-0.17492309	-0.00091261114	3.1057653e-20	1
0	-0.98113275	-0.19290955	-0.00090865046	0.012566371	0	0	-0.98113275	-0.19290955	-0.00090865046	3.2290827e-20	1
0	-0.9694235	-0.24502426	-0.00088459754	0.018849555	0	0	-0.9694235	-0.24502426	-0.00088459754	3.4739993e-20	1
0	0.99619293	0.086382434	0.000894996	0.025132742	0	0	0.99619293	0.086382434	0.000894996	1.736275e-20	1
0	0.99728036	0.0727825	0.0008847558	0.03769911	0	0	0.99728036	0.0727825	0.0008847558	1.2360388e-20	1
0	0.99795806	0.06282963	0.0008749756	0.050265484	0	0	0.99795806	0.06282963	0.0008749756	7.353707e-21	1
0	0.9984077	0.055244993	0.0008657275	0.06283186	0	0	0.9984077	0.055244993	0.0008657275	2.3442482e-21	1
