# t (s)	mx ()	my ()	mz ()	B_extx (T)	B_exty (T)	B_extz (T)	mx ()	my ()	mz ()	E_total (J)	branch ()
0	-0.021824945	0.9996947	0.002088142	0	0.06283186	0	-0.021824945	0.9996947	0.002088142	4.5218e-21	-1
0	-0.025764864	0.9996	0.0021135996	0	0.050265484	0	-0.025764864	0.9996	0.0021135996	9.538558e-21	-1
0	-0.031428818	0.999437	0.002143099	0	0.03769911	0	-0.031428818	0.999437	0.002143099	1.4554684e-20	-1
0	-0.040250003	0.9991195	0.0021795174	0	0.025132742	0	-0.040250003	0.9991195	0.0021795174	1.9569667e-20	-1
0	-0.046794623	0.9988338	0.002202195	0	0.018849555	0	-0.046794623	0.9988338	0.002202195	2.207638e-20	-1
0	-0.05584887	0.9983676	0.0022298591	0	0.012566371	0	-0.05584887	0.9983676	0.0022298591	2.4582165e-20	-1
0	-0.06180404	0.9980161	0.002246399	0	0.009424778	0	-0.06180404	0.9980161	0.002246399	2.5834537e-20	-1
0	-0.06916711	0.99753225	0.0022655178	0	0.0062831854	0	-0.06916711	0.99753225	0.0022655178	2.7086386e-20	-1
0	-0.076420836	0.99700224	0.0022831722	0	0.0037699111	0	-0.076420836	0.99700224	0.0022831722	2.808736e-20	-1
0	-0.080651075	0.9966686	0.0022929986	0	0.002513274	0	-0.080651075	0.9966686	0.0022929986	2.8587624e-20	-1
0	-0.08294386	0.99648017	0.0022982084	0	0.0018849556	0	-0.08294386	0.99648017	0.0022982084	2.883769e-20	-1
0	-0.0854	0.99627244	0.0023036757	0	0.001256637	0	-0.0854	0.99627244	0.0023036757	2.9087703e-20	-1
0	-0.0854	0.99627244	0.0023036757	0	0.0010053096	0	-0.0854	0.99627244	0.0023036757	2.9187698e-20	-1
0	-0.08794774	0.9960506	0.0023092702	0	0.0006283185	0	-0.08794774	0.9960506	0.0023092702	2.9337666e-20	-1
0	-0.08957348	0.9959055	0.0023127743	0	0.0002513274	0	-0.08957348	0.9959055	0.0023127743	2.9487616e-20	-1
0	-0.08957348	0.9959055	0.0023127743	0	0.0001256637	0	-0.08957348	0.9959055	0.0023127743	2.9537595e-20	-1
0	-0.08957348	0.9959055	0.0023127743	0	6.283185e-05	0	-0.08957348	0.9959055	0.0023127743	2.9562585e-20	-1
0	-0.08957348	0.9959055	0.0023127743	0	2.5132742e-05	0	-0.08957348	0.9959055	0.0023127743	2.957758e-20	-1
0	-0.08957348	0.9959055	0.0023127743	0	1.2566371e-05	0	-0.08957348	0.9959055	0.0023127743	2.9582577e-20	-1
0	-0.08957348	0.9959055	0.0023127743	0	6.2831855e-06	0	-0.08957348	0.9959055	0.0023127743	2.9585077e-20	-1
0	-0.08957348	0.9959055	0.0023127743	0	2.513274e-06	0	-0.08957348	0.9959055	0.0023127743	2.9586577e-20	-1
0	-0.08957348	0.9959055	0.0023127743	0	1.256637e-06	0	-0.08957348	0.9959055	0.0023127743	2.9587074e-20	-1
0	-0.08957348	0.9959055	0.0023127743	0	6.283185e-07	0	-0.08957348	0.9959055	0.0023127743	2.9587326e-20	-1
0	-0.08957348	0.9959055	0.0023127743	0	2.513274e-07	0	-0.08957348	0.9959055	0.0023127743	2.9587475e-20	-1
0	-0.08957348	0.9959055	0.0023127743	0	1.256637e-07	0	-0.08957348	0.9959055	0.0023127743	2.9587527e-20	-1
0	-0.08957348	0.9959055	0.0023127743	0	0	0	-0.08957348	0.9959055	0.0023127743	2.9587575e-20	-1
0	-0.08957348	0.9959055	0.0023127743	0	-1.256637e-07	0	-0.08957348	0.9959055	0.0023127743	2.9587627e-20	-1
0	-0.08957348	0.9959055	0.0023127743	0	-2.513274e-07	0	-0.08957348	0.9959055	0.0023127743	2.9587675e-20	-1
0	-0.08957348	0.9959055	0.0023127743	0	-6.283185e-07	0	-0.08957348	0.9959055	0.0023127743	2.9587827e-20	-1
0	-0.08957348	0.9959055	0.0023127743	0	-1.256637e-06	0	-0.08957348	0.9959055	0.0023127743	2.9588076e-20	-1
0	-0.08957348	0.9959055	0.0023127743	0	-2.513274e-06	0	-0.08957348	0.9959055	0.0023127743	2.9588577e-20	-1
0	-0.08957348	0.9959055	0.0023127743	0	-6.2831855e-06	0	-0.08957348	0.9959055	0.0023127743	2.9590076e-20	-1
0	-0.08957348	0.9959055	0.0023127743	0	-1.2566371e-05	0	-0.08957348	0.9959055	0.0023127743	2.9592574e-20	-1
0	-0.08957348	0.9959055	0.0023127743	0	-2.5132742e-05	0	-0.08957348	0.9959055	0.0023127743	2.9597572e-20	-1
0	-0.08957348	0.9959055	0.0023127743	0	-6.283185e-05	0	-0.08957348	0.9959055	0.0023127743	2.9612565e-20	-1
0	-0.09125472	0.9957528	0.0023163748	0	-0.0001256637	0	-0.09125472	0.9957528	0.0023163748	2.9637545e-20	-1
0	-0.09125472	0.9957528	0.0023163748	0	-0.0002513274	0	-0.09125472	0.9957528	0.0023163748	2.968752e-20	-1
0	-0.093605384	0.9955343	0.0023213266	0	-0.0006283185	0	-0.093605384	0.9955343	0.0023213266	2.9837406e-20	-1
0	-0.09543213	0.99536073	0.0023251292	0	-0.0010053096	0	-0.09543213	0.99536073	0.0023251292	2.998728e-20	-1
0	-0.09543213	0.99536073	0.0023251292	0	-0.001256637	0	-0.09543213	0.99536073	0.0023251292	3.0087186e-20	-1
0	-0.10000777	0.99491096	0.00233445	0	-0.0018849556	0	-0.10000777	0.99491096	0.00233445	3.0336868e-20	-1
0	-0.10358273	0.9945448	0.0023415368	0	-0.002513274	0	-0.10358273	0.9945448	0.0023415368	3.0586473e-20	-1
0	-0.111560814	0.9936807	0.0023567984	0	-0.0037699111	0	-0.111560814	0.9936807	0.0023567984	3.1085376e-20	-1
0	-0.13210085	0.99115705	0.0023927372	0	-0.0062831854	0	-0.13210085	0.99115705	0.0023927372	3.2081573e-20	-1
0	0.98462033	-0.17424959	0.0009988068	0	-0.009424778	0	0.98462033	-0.17424959	0.0009988068	2.7201227e-20	-1
0	0.9419149	-0.33552986	0.00055134867	0	-0.012566371	0	0.9419149	-0.33552986	0.00055134867	2.6898442e-20	-1
0	0.046807297	-0.9988332	-0.002202222	0	-0.018849555	0	0.046807297	-0.9988332	-0.002202222	2.2076378e-20	-1
0	0.040257942	-0.9991193	-0.0021795381	0	-0.025132742	0	0.040257942	-0.9991193	-0.0021795381	1.9569663e-20	-1
0	0.031434253	-0.99943686	-0.0021431106	0	-0.03769911	0	0.031434253	-0.99943686	-0.0021431106	1.4554687e-20	-1
0	0.025767826	-0.99959993	-0.0021135877	0	-0.050265484	0	0.025767826	-0.99959993	-0.0021135877	9.5385565e-21	-1
0	0.021825649	-0.9996947	-0.0020881435	0	-0.06283186	0	0.021825649	-0.9996947	-0.0020881435	4.521802e-21	-1
0	0.021825649	-0.9996947	-0.0020881435	0	-0.06283186	0	0.021825649	-0.9996947	-0.0020881435	4.521802e-21	1
0	0.02576483	-0.9996	-0.0021136163	0	-0.050265484	0	0.02576483	-0.9996	-0.0021136163	9.538554e-21	1
0	0.03142943	-0.999437	-0.0021430957	0	-0.03769911	0	0.03142943	-0.999437	-0.0021430957	1.455469e-20	1
0	0.040249176	-0.9991195	-0.0021795202	0	-0.025132742	0	0.040249176	-0.9991195	-0.0021795202	1.9569665e-20	1
0	0.046796825	-0.99883366	-0.0022021998	0	-0.018849555	0	0.046796825	-0.99883366	-0.0022021998	2.2076378e-20	1
0	0.05584507	-0.9983678	-0.0022298498	0	-0.012566371	0	0.05584507	-0.9983678	-0.0022298498	2.4582168e-20	1
0	0.061805107	-0.9980161	-0.0022464101	0	-0.009424778	0	0.061805107	-0.9980161	-0.0022464101	2.5834539e-20	1
0	0.06915495	-0.9975331	-0.0022654948	0	-0.0062831854	0	0.06915495	-0.9975331	-0.0022654948	2.7086388e-20	1
0	0.0764121	-0.99700284	-0.0022831552	0	-0.0037699111	0	0.0764121	-0.99700284	-0.0022831552	2.808736e-20	1
0	0.08065141	-0.9966686	-0.0022930081	0	-0.002513274	0	0.08065141	-0.9966686	-0.0022930081	2.8587624e-20	1
0	0.08294985	-0.99647963	-0.00229822	0	-0.0018849556	0	0.08294985	-0.99647963	-0.00229822	2.883769e-20	1
0	0.08536869	-0.9962752	-0.002303619	0	-0.001256637	0	0.08536869	-0.9962752	-0.002303619	2.9087703e-20	1
0	0.08536869	-0.9962752	-0.002303619	0	-0.0010053096	0	0.08536869	-0.9962752	-0.002303619	2.9187698e-20	1
0	0.08797805	-0.99604785	-0.002309326	0	-0.0006283185	0	0.08797805	-0.99604785	-0.002309326	2.9337666e-20	1
0	0.08955656	-0.99590707	-0.002312751	0	-0.0002513274	0	0.08955656	-0.99590707	-0.002312751	2.9487616e-20	1
0	0.08955656	-0.99590707	-0.002312751	0	-0.0001256637	0	0.08955656	-0.99590707	-0.002312751	2.9537595e-20	1
0	0.08955656	-0.99590707	-0.002312751	0	-6.283185e-05	0	0.08955656	-0.99590707	-0.002312751	2.9562585e-20	1
0	0.08955656	-0.99590707	-0.002312751	0	-2.5132742e-05	0	0.08955656	-0.99590707	-0.002312751	2.957758e-20	1
0	0.08955656	-0.99590707	-0.002312751	0	-1.2566371e-05	0	0.08955656	-0.99590707	-0.002312751	2.9582577e-20	1
0	0.08955656	-0.99590707	-0.002312751	0	-6.2831855e-06	0	0.08955656	-0.99590707	-0.002312751	2.9585077e-20	1
0	0.08955656	-0.99590707	-0.002312751	0	-2.513274e-06	0	0.08955656	-0.99590707	-0.002312751	2.9586577e-20	1
0	0.08955656	-0.99590707	-0.002312751	0	-1.256637e-06	0	0.08955656	-0.99590707	-0.002312751	2.9587074e-20	1
0	0.08955656	-0.99590707	-0.002312751	0	-6.283185e-07	0	0.08955656	-0.99590707	-0.002312751	2.9587326e-20	1
0	0.08955656	-0.99590707	-0.002312751	0	-2.513274e-07	0	0.08955656	-0.99590707	-0.002312751	2.9587475e-20	1
0	0.08955656	-0.99590707	-0.002312751	0	-1.256637e-07	0	0.08955656	-0.99590707	-0.002312751	2.9587527e-20	1
0	0.08955656	-0.99590707	-0.002312751	0	0	0	0.08955656	-0.99590707	-0.002312751	2.9587575e-20	1
0	0.08955656	-0.99590707	-0.002312751	0	1.256637e-07	0	0.08955656	-0.99590707	-0.002312751	2.9587627e-20	1
0	0.08955656	-0.99590707	-0.002312751	0	2.513274e-07	0	0.08955656	-0.99590707	-0.002312751	2.9587675e-20	1
0	0.08955656	-0.99590707	-0.002312751	0	6.283185e-07	0	0.08955656	-0.99590707	-0.002312751	2.9587824e-20	1
0	0.08955656	-0.99590707	-0.002312751	0	1.256637e-06	0	0.08955656	-0.99590707	-0.002312751	2.9588076e-20	1
0	0.08955656	-0.99590707	-0.002312751	0	2.513274e-06	0	0.08955656	-0.99590707	-0.002312751	2.9588574e-20	1
0	0.08955656	-0.99590707	-0.002312751	0	6.2831855e-06	0	0.08955656	-0.99590707	-0.002312751	2.9590076e-20	1
0	0.08955656	-0.99590707	-0.002312751	0	1.2566371e-05	0	0.08955656	-0.99590707	-0.002312751	2.9592574e-20	1
0	0.08955656	-0.99590707	-0.002312751	0	2.5132742e-05	0	0.08955656	-0.99590707	-0.002312751	2.9597572e-20	1
0	0.08955656	-0.99590707	-0.002312751	0	6.283185e-05	0	0.08955656	-0.99590707	-0.002312751	2.9612565e-20	1
0	0.09125145	-0.99575305	-0.0023163673	0	0.0001256637	0	0.09125145	-0.99575305	-0.0023163673	2.9637545e-20	1
0	0.09125145	-0.99575305	-0.0023163673	0	0.0002513274	0	0.09125145	-0.99575305	-0.0023163673	2.968752e-20	1
0	0.093590036	-0.99553573	-0.00232132	0	0.0006283185	0	0.093590036	-0.99553573	-0.00232132	2.9837413e-20	1
0	0.09540607	-0.99536324	-0.002325082	0	0.0010053096	0	0.09540607	-0.99536324	-0.002325082	2.998728e-20	1
0	0.09540607	-0.99536324	-0.002325082	0	0.001256637	0	0.09540607	-0.99536324	-0.002325082	3.0087186e-20	1
0	0.10003123	-0.9949086	-0.0023344904	0	0.0018849556	0	0.10003123	-0.9949086	-0.0023344904	3.0336865e-20	1
0	0.1035907	-0.9945439	-0.0023415526	0	0.002513274	0	0.1035907	-0.9945439	-0.0023415526	3.058647e-20	1
0	0.111552775	-0.99368167	-0.0023567858	0	0.0037699111	0	0.111552775	-0.99368167	-0.0023567858	3.1085376e-20	1
0	0.13210303	-0.9911567	-0.0023927412	0	0.0062831854	0	0.13210303	-0.9911567	-0.0023927412	3.2081576e-20	1
0	0.17455734	-0.9845619	-0.0024528075	0	0.009424778	0	0.17455734	-0.9845619	-0.0024528075	3.332162e-20	1
0	0.90933084	0.41577637	0.00090354204	0	0.012566371	0	0.90933084	0.41577637	0.00090354204	2.6193122e-20	1
0	-0.046796888	0.99883366	0.0022021998	0	0.018849555	0	-0.046796888	0.99883366	0.0022021998	2.2076376e-20	1
0	-0.04028035	0.9991183	0.0021795868	0	0.025132742	0	-0.04028035	0.9991183	0.0021795868	1.9569668e-20	1
0	-0.031434607	0.99943686	0.002143112	0	0.03769911	0	-0.031434607	0.99943686	0.002143112	1.4554687e-20	1
0	-0.025766984	0.99959993	0.0021136208	0	0.050265484	0	-0.025766984	0.99959993	0.0021136208	9.538555e-21	1
0	-0.021827137	0.99969465	0.0020881519	0	0.06283186	0	-0.021827137	0.99969465	0.0020881519	4.5217986e-21	1
