# t (s)	mx ()	my ()	mz ()	B_extx (T)	B_exty (T)	B_extz (T)	mx ()	my ()	mz ()	E_total (J)	branch ()
0	-0.026770264	0.99957573	-0.0012506159	0	0.06283186	0	-0.026770264	0.99957573	-0.0012506159	4.5731504e-21	-1
0	-0.03167455	0.9994315	-0.001250593	0	0.050265484	0	-0.03167455	0.9994315	-0.001250593	9.589198e-21	-1
0	-0.03876172	0.9991808	-0.0012457696	0	0.03769911	0	-0.03876172	0.9991808	-0.0012457696	1.4604281e-20	-1
0	-0.049852617	0.99868774	-0.0012317601	0	0.025132742	0	-0.049852617	0.99868774	-0.0012317601	1.961759e-20	-1
0	-0.05812025	0.99824	-0.0012182808	0	0.018849555	0	-0.05812025	0.99824	-0.0012182808	2.2123033e-20	-1
0	-0.06957011	0.99750644	-0.0011969579	0	0.012566371	0	-0.06957011	0.99750644	-0.0011969579	2.4627028e-20	-1
0	-0.077127516	0.99695	-0.0011816911	0	0.009424778	0	-0.077127516	0.99695	-0.0011816911	2.5878195e-20	-1
0	-0.086468324	0.99618256	-0.0011618026	0	0.0062831854	0	-0.086468324	0.99618256	-0.0011618026	2.7128542e-20	-1
0	-0.09569025	0.9953383	-0.0011412861	0	0.0037699111	0	-0.09569025	0.9953383	-0.0011412861	2.8128005e-20	-1
0	-0.10109073	0.9948038	-0.0011289206	0	0.002513274	0	-0.10109073	0.9948038	-0.0011289206	2.8627387e-20	-1
0	-0.10399606	0.994504	-0.0011221778	0	0.0018849556	0	-0.10399606	0.994504	-0.0011221778	2.887697e-20	-1
0	-0.1071045	0.99417377	-0.0011148934	0	0.001256637	0	-0.1071045	0.99417377	-0.0011148934	2.9126474e-20	-1
0	-0.1071045	0.99417377	-0.0011148934	0	0.0010053096	0	-0.1071045	0.99417377	-0.0011148934	2.922626e-20	-1
0	-0.110337615	0.99381983	-0.0011072542	0	0.0006283185	0	-0.110337615	0.99381983	-0.0011072542	2.937589e-20	-1
0	-0.112431735	0.9935849	-0.0011022587	0	0.0002513274	0	-0.112431735	0.9935849	-0.0011022587	2.95255e-20	-1
0	-0.112431735	0.9935849	-0.0011022587	0	0.0001256637	0	-0.112431735	0.9935849	-0.0011022587	2.9575365e-20	-1
0	-0.112431735	0.9935849	-0.0011022587	0	6.283185e-05	0	-0.112431735	0.9935849	-0.0011022587	2.9600296e-20	-1
0	-0.112431735	0.9935849	-0.0011022587	0	2.5132742e-05	0	-0.112431735	0.9935849	-0.0011022587	2.9615257e-20	-1
0	-0.112431735	0.9935849	-0.0011022587	0	1.2566371e-05	0	-0.112431735	0.9935849	-0.0011022587	2.9620242e-20	-1
0	-0.112431735	0.9935849	-0.0011022587	0	6.2831855e-06	0	-0.112431735	0.9935849	-0.0011022587	2.9622737e-20	-1
0	-0.112431735	0.9935849	-0.0011022587	0	2.513274e-06	0	-0.112431735	0.9935849	-0.0011022587	2.9624233e-20	-1
0	-0.112431735	0.9935849	-0.0011022587	0	1.256637e-06	0	-0.112431735	0.9935849	-0.0011022587	2.962473e-20	-1
0	-0.112431735	0.9935849	-0.0011022587	0	6.283185e-07	0	-0.112431735	0.9935849	-0.0011022587	2.962498e-20	-1
0	-0.112431735	0.9935849	-0.0011022587	0	2.513274e-07	0	-0.112431735	0.9935849	-0.0011022587	2.9625128e-20	-1
0	-0.112431735	0.9935849	-0.0011022587	0	1.256637e-07	0	-0.112431735	0.9935849	-0.0011022587	2.962518e-20	-1
0	-0.112431735	0.9935849	-0.0011022587	0	0	0	-0.112431735	0.9935849	-0.0011022587	2.9625228e-20	-1
0	-0.112431735	0.9935849	-0.0011022587	0	-1.256637e-07	0	-0.112431735	0.9935849	-0.0011022587	2.962528e-20	-1
0	-0.112431735	0.9935849	-0.0011022587	0	-2.513274e-07	0	-0.112431735	0.9935849	-0.0011022587	2.9625328e-20	-1
0	-0.112431735	0.9935849	-0.0011022587	0	-6.283185e-07	0	-0.112431735	0.9935849	-0.0011022587	2.9625477e-20	-1
0	-0.112431735	0.9935849	-0.0011022587	0	-1.256637e-06	0	-0.112431735	0.9935849	-0.0011022587	2.9625726e-20	-1
0	-0.112431735	0.9935849	-0.0011022587	0	-2.513274e-06	0	-0.112431735	0.9935849	-0.0011022587	2.9626227e-20	-1
0	-0.112431735	0.9935849	-0.0011022587	0	-6.2831855e-06	0	-0.112431735	0.9935849	-0.0011022587	2.9627723e-20	-1
0	-0.112431735	0.9935849	-0.0011022587	0	-1.2566371e-05	0	-0.112431735	0.9935849	-0.0011022587	2.9630214e-20	-1
0	-0.112431735	0.9935849	-0.0011022587	0	-2.5132742e-05	0	-0.112431735	0.9935849	-0.0011022587	2.9635203e-20	-1
0	-0.112431735	0.9935849	-0.0011022587	0	-6.283185e-05	0	-0.112431735	0.9935849	-0.0011022587	2.965016e-20	-1
0	-0.11458722	0.99333847	-0.0010970922	0	-0.0001256637	0	-0.11458722	0.99333847	-0.0010970922	2.967507e-20	-1
0	-0.11458722	0.99333847	-0.0010970922	0	-0.0002513274	0	-0.11458722	0.99333847	-0.0010970922	2.972492e-20	-1
0	-0.11756083	0.9929906	-0.0010899202	0	-0.0006283185	0	-0.11756083	0.9929906	-0.0010899202	2.987444e-20	-1
0	-0.119901136	0.9927105	-0.001084238	0	-0.0010053096	0	-0.119901136	0.9927105	-0.001084238	3.0023916e-20	-1
0	-0.119901136	0.9927105	-0.001084238	0	-0.001256637	0	-0.119901136	0.9927105	-0.001084238	3.0123556e-20	-1
0	-0.12576416	0.9919842	-0.0010698678	0	-0.0018849556	0	-0.12576416	0.9919842	-0.0010698678	3.037253e-20	-1
0	-0.13027152	0.9914019	-0.0010586974	0	-0.002513274	0	-0.13027152	0.9914019	-0.0010586974	3.062137e-20	-1
0	-0.14051281	0.9900012	-0.0010329395	0	-0.0037699111	0	-0.14051281	0.9900012	-0.0010329395	3.1118564e-20	-1
0	-0.16705683	0.98586607	-0.00096420094	0	-0.0062831854	0	-0.16705683	0.98586607	-0.00096420094	3.2110344e-20	-1
0	-0.22541007	0.9741732	-0.0008064591	0	-0.009424778	0	-0.22541007	0.9741732	-0.0008064591	3.3341237e-20	-1
0	0.06958045	-0.9975058	0.0011969385	0	-0.012566371	0	0.06958045	-0.9975058	0.0011969385	2.4627028e-20	-1
0	0.05812361	-0.99823976	0.0012182737	0	-0.018849555	0	0.05812361	-0.99823976	0.0012182737	2.2123033e-20	-1
0	0.049859338	-0.9986874	0.0012317454	0	-0.025132742	0	0.049859338	-0.9986874	0.0012317454	1.9617588e-20	-1
0	0.038768433	-0.9991805	0.0012457545	0	-0.03769911	0	0.038768433	-0.9991805	0.0012457545	1.4604282e-20	-1
0	0.031680368	-0.9994313	0.0012505798	0	-0.050265484	0	0.031680368	-0.9994313	0.0012505798	9.589196e-21	-1
0	0.026772415	-0.9995756	0.001250597	0	-0.06283186	0	0.026772415	-0.9995756	0.001250597	4.573149e-21	-1
0	0.026772415	-0.9995756	0.001250597	0	-0.06283186	0	0.026772415	-0.9995756	0.001250597	4.573149e-21	1
0	0.0316792	-0.9994314	0.0012505825	0	-0.050265484	0	0.0316792	-0.9994314	0.0012505825	9.589195e-21	1
0	0.03876207	-0.9991808	0.0012457694	0	-0.03769911	0	0.03876207	-0.9991808	0.0012457694	1.4604281e-20	1
0	0.049854375	-0.9986876	0.001231756	0	-0.025132742	0	0.049854375	-0.9986876	0.001231756	1.9617588e-20	1
0	0.058116496	-0.9982402	0.0012182721	0	-0.018849555	0	0.058116496	-0.9982402	0.0012182721	2.2123033e-20	1
0	0.06957826	-0.9975059	0.0011969499	0	-0.012566371	0	0.06957826	-0.9975059	0.0011969499	2.4627026e-20	1
0	0.07712822	-0.9969499	0.0011816889	0	-0.009424778	0	0.07712822	-0.9969499	0.0011816889	2.5878195e-20	1
0	0.086461574	-0.99618316	0.0011618189	0	-0.0062831854	0	0.086461574	-0.99618316	0.0011618189	2.712854e-20	1
0	0.09570244	-0.9953371	0.0011412294	0	-0.0037699111	0	0.09570244	-0.9953371	0.0011412294	2.8128005e-20	1
0	0.101081714	-0.99480474	0.0011289434	0	-0.002513274	0	0.101081714	-0.99480474	0.0011289434	2.8627383e-20	1
0	0.103982076	-0.99450547	0.0011222153	0	-0.0018849556	0	0.103982076	-0.99450547	0.0011222153	2.8876972e-20	1
0	0.10708892	-0.99417543	0.0011149326	0	-0.001256637	0	0.10708892	-0.99417543	0.0011149326	2.9126474e-20	1
0	0.10708892	-0.99417543	0.0011149326	0	-0.0010053096	0	0.10708892	-0.99417543	0.0011149326	2.922626e-20	1
0	0.11037997	-0.9938151	0.0011071465	0	-0.0006283185	0	0.11037997	-0.9938151	0.0011071465	2.9375895e-20	1
0	0.112435654	-0.9935845	0.0011022482	0	-0.0002513274	0	0.112435654	-0.9935845	0.0011022482	2.95255e-20	1
0	0.11313324	-0.99350524	0.0011005863	0	-0.0001256637	0	0.11313324	-0.99350524	0.0011005863	2.957536e-20	1
0	0.11313324	-0.99350524	0.0011005863	0	-6.283185e-05	0	0.11313324	-0.99350524	0.0011005863	2.9600293e-20	1
0	0.11313324	-0.99350524	0.0011005863	0	-2.5132742e-05	0	0.11313324	-0.99350524	0.0011005863	2.961525e-20	1
0	0.11313324	-0.99350524	0.0011005863	0	-1.2566371e-05	0	0.11313324	-0.99350524	0.0011005863	2.9620236e-20	1
0	0.11313324	-0.99350524	0.0011005863	0	-6.2831855e-06	0	0.11313324	-0.99350524	0.0011005863	2.9622727e-20	1
0	0.11313324	-0.99350524	0.0011005863	0	-2.513274e-06	0	0.11313324	-0.99350524	0.0011005863	2.9624223e-20	1
0	0.11313324	-0.99350524	0.0011005863	0	-1.256637e-06	0	0.11313324	-0.99350524	0.0011005863	2.9624724e-20	1
0	0.11313324	-0.99350524	0.0011005863	0	-6.283185e-07	0	0.11313324	-0.99350524	0.0011005863	2.9624973e-20	1
0	0.11313324	-0.99350524	0.0011005863	0	-2.513274e-07	0	0.11313324	-0.99350524	0.0011005863	2.962512e-20	1
0	0.11313324	-0.99350524	0.0011005863	0	-1.256637e-07	0	0.11313324	-0.99350524	0.0011005863	2.962517e-20	1
0	0.11313324	-0.99350524	0.0011005863	0	0	0	0.11313324	-0.99350524	0.0011005863	2.962522e-20	1
0	0.11313324	-0.99350524	0.0011005863	0	1.256637e-07	0	0.11313324	-0.99350524	0.0011005863	2.962527e-20	1
0	0.11313324	-0.99350524	0.0011005863	0	2.513274e-07	0	0.11313324	-0.99350524	0.0011005863	2.9625322e-20	1
0	0.11313324	-0.99350524	0.0011005863	0	6.283185e-07	0	0.11313324	-0.99350524	0.0011005863	2.962547e-20	1
0	0.11313324	-0.99350524	0.0011005863	0	1.256637e-06	0	0.11313324	-0.99350524	0.0011005863	2.962572e-20	1
0	0.11313324	-0.99350524	0.0011005863	0	2.513274e-06	0	0.11313324	-0.99350524	0.0011005863	2.962622e-20	1
0	0.11313324	-0.99350524	0.0011005863	0	6.2831855e-06	0	0.11313324	-0.99350524	0.0011005863	2.9627713e-20	1
0	0.11313324	-0.99350524	0.0011005863	0	1.2566371e-05	0	0.11313324	-0.99350524	0.0011005863	2.9630207e-20	1
0	0.11313324	-0.99350524	0.0011005863	0	2.5132742e-05	0	0.11313324	-0.99350524	0.0011005863	2.9635193e-20	1
0	0.11313324	-0.99350524	0.0011005863	0	6.283185e-05	0	0.11313324	-0.99350524	0.0011005863	2.965015e-20	1
0	0.11313324	-0.99350524	0.0011005863	0	0.0001256637	0	0.11313324	-0.99350524	0.0011005863	2.9675082e-20	1
0	0.11531341	-0.9932543	0.0010953441	0	0.0002513274	0	0.11531341	-0.9932543	0.0010953441	2.9724923e-20	1
0	0.11757451	-0.99298894	0.0010898844	0	0.0006283185	0	0.11757451	-0.99298894	0.0010898844	2.987444e-20	1
0	0.119923905	-0.9927077	0.0010841799	0	0.0010053096	0	0.119923905	-0.9927077	0.0010841799	3.002392e-20	1
0	0.119923905	-0.9927077	0.0010841799	0	0.001256637	0	0.119923905	-0.9927077	0.0010841799	3.0123556e-20	1
0	0.12575594	-0.99198526	0.0010698647	0	0.0018849556	0	0.12575594	-0.99198526	0.0010698647	3.0372528e-20	1
0	0.13031554	-0.9913961	0.0010585818	0	0.002513274	0	0.13031554	-0.9913961	0.0010585818	3.0621367e-20	1
0	0.14051354	-0.9900011	0.0010329376	0	0.0037699111	0	0.14051354	-0.9900011	0.0010329376	3.1118564e-20	1
0	0.16705036	-0.98586714	0.0009642193	0	0.0062831854	0	0.16705036	-0.98586714	0.0009642193	3.2110347e-20	1
0	0.2254293	-0.9741688	0.000806406	0	0.009424778	0	0.2254293	-0.9741688	0.000806406	3.3341237e-20	1
0	0.8981383	0.43942064	0.0009856244	0	0.012566371	0	0.8981383	0.43942064	0.0009856244	2.604769e-20	1
0	-0.058122776	0.9982399	-0.0012182757	0	0.018849555	0	-0.058122776	0.9982399	-0.0012182757	2.2123033e-20	1
0	-0.049857862	0.9986874	-0.0012317484	0	0.025132742	0	-0.049857862	0.9986874	-0.0012317484	1.9617587e-20	1
0	-0.038767263	0.99918056	-0.0012457571	0	0.03769911	0	-0.038767263	0.99918056	-0.0012457571	1.4604281e-20	1
0	-0.03168087	0.99943125	-0.0012505816	0	0.050265484	0	-0.03168087	0.99943125	-0.0012505816	9.589198e-21	1
0	-0.026772581	0.9995756	-0.0012506109	0	0.06283186	0	-0.026772581	0.9995756	-0.0012506109	4.5731488e-21	1
