# t (s)	mx ()	my ()	mz ()	B_extx (T)	B_exty (T)	B_extz (T)	mx ()	my ()	mz ()	E_total (J)	branch ()
0	-0.029185642	0.99949956	-0.0032955036	0	0.06283186	0	-0.029185642	0.99949956	-0.0032955036	4.870019e-21	-1
0	-0.07411741	0.9971713	-0.003622426	0	0.050265484	0	-0.07411741	0.9971713	-0.003622426	9.882508e-21	-1
0	-0.23107061	0.97283435	-0.004787295	0	0.03769911	0	-0.23107061	0.97283435	-0.004787295	1.4841023e-20	-1
0	-0.38850906	0.92129886	-0.005958897	0	0.025132742	0	-0.38850906	0.92129886	-0.005958897	1.9602096e-20	-1
0	-0.4590592	0.88823533	-0.0064290855	0	0.018849555	0	-0.4590592	0.88823533	-0.0064290855	2.1873476e-20	-1
0	-0.52759755	0.8492986	-0.0068188524	0	0.012566371	0	-0.52759755	0.8492986	-0.0068188524	2.405483e-20	-1
0	-0.5618714	0.8270154	-0.006979704	0	0.009424778	0	-0.5618714	0.8270154	-0.006979704	2.5106641e-20	-1
0	-0.5966123	0.8023068	-0.0071137063	0	0.0062831854	0	-0.5966123	0.8023068	-0.0071137063	2.612902e-20	-1
0	-0.6251118	0.7803011	-0.0071981885	0	0.0037699111	0	-0.6251118	0.7803011	-0.0071981885	2.6923428e-20	-1
0	-0.6397007	0.7683842	-0.007231446	0	0.002513274	0	-0.6397007	0.7683842	-0.007231446	2.731206e-20	-1
0	-0.6471266	0.7621397	-0.0072455686	0	0.0018849556	0	-0.6471266	0.7621397	-0.0072455686	2.7504085e-20	-1
0	-0.6545857	0.7557421	-0.0072577763	0	0.001256637	0	-0.6545857	0.7557421	-0.0072577763	2.7694527e-20	-1
0	-0.6545857	0.7557421	-0.0072577763	0	0.0010053096	0	-0.6545857	0.7557421	-0.0072577763	2.7770382e-20	-1
0	-0.662175	0.74910045	-0.0072680674	0	0.0006283185	0	-0.662175	0.74910045	-0.0072680674	2.788333e-20	-1
0	-0.662175	0.74910045	-0.0072680674	0	0.0002513274	0	-0.662175	0.74910045	-0.0072680674	2.7996112e-20	-1
0	-0.6683167	0.7436257	-0.007274784	0	0.0001256637	0	-0.6683167	0.7436257	-0.007274784	2.803316e-20	-1
0	-0.6683167	0.7436257	-0.007274784	0	6.283185e-05	0	-0.6683167	0.7436257	-0.007274784	2.8051817e-20	-1
0	-0.6683167	0.7436257	-0.007274784	0	2.5132742e-05	0	-0.6683167	0.7436257	-0.007274784	2.8063013e-20	-1
0	-0.6683167	0.7436257	-0.007274784	0	1.2566371e-05	0	-0.6683167	0.7436257	-0.007274784	2.8066745e-20	-1
0	-0.6683167	0.7436257	-0.007274784	0	6.2831855e-06	0	-0.6683167	0.7436257	-0.007274784	2.8068613e-20	-1
0	-0.6683167	0.7436257	-0.007274784	0	2.513274e-06	0	-0.6683167	0.7436257	-0.007274784	2.806973e-20	-1
0	-0.6683167	0.7436257	-0.007274784	0	1.256637e-06	0	-0.6683167	0.7436257	-0.007274784	2.8070106e-20	-1
0	-0.6683167	0.7436257	-0.007274784	0	6.283185e-07	0	-0.6683167	0.7436257	-0.007274784	2.807029e-20	-1
0	-0.6683167	0.7436257	-0.007274784	0	2.513274e-07	0	-0.6683167	0.7436257	-0.007274784	2.8070403e-20	-1
0	-0.6683167	0.7436257	-0.007274784	0	1.256637e-07	0	-0.6683167	0.7436257	-0.007274784	2.8070442e-20	-1
0	-0.6683167	0.7436257	-0.007274784	0	0	0	-0.6683167	0.7436257	-0.007274784	2.8070477e-20	-1
0	-0.6683167	0.7436257	-0.007274784	0	-1.256637e-07	0	-0.6683167	0.7436257	-0.007274784	2.8070516e-20	-1
0	-0.6683167	0.7436257	-0.007274784	0	-2.513274e-07	0	-0.6683167	0.7436257	-0.007274784	2.8070552e-20	-1
0	-0.6683167	0.7436257	-0.007274784	0	-6.283185e-07	0	-0.6683167	0.7436257	-0.007274784	2.8070665e-20	-1
0	-0.6683167	0.7436257	-0.007274784	0	-1.256637e-06	0	-0.6683167	0.7436257	-0.007274784	2.8070852e-20	-1
0	-0.6683167	0.7436257	-0.007274784	0	-2.513274e-06	0	-0.6683167	0.7436257	-0.007274784	2.8071224e-20	-1
0	-0.6683167	0.7436257	-0.007274784	0	-6.2831855e-06	0	-0.6683167	0.7436257	-0.007274784	2.8072345e-20	-1
0	-0.6683167	0.7436257	-0.007274784	0	-1.2566371e-05	0	-0.6683167	0.7436257	-0.007274784	2.807421e-20	-1
0	-0.6683167	0.7436257	-0.007274784	0	-2.5132742e-05	0	-0.6683167	0.7436257	-0.007274784	2.807794e-20	-1
0	-0.6683167	0.7436257	-0.007274784	0	-6.283185e-05	0	-0.6683167	0.7436257	-0.007274784	2.8089138e-20	-1
0	-0.6683167	0.7436257	-0.007274784	0	-0.0001256637	0	-0.6683167	0.7436257	-0.007274784	2.8107798e-20	-1
0	-0.6683167	0.7436257	-0.007274784	0	-0.0002513274	0	-0.6683167	0.7436257	-0.007274784	2.8145114e-20	-1
0	-0.6776469	0.7351327	-0.0072821286	0	-0.0006283185	0	-0.6776469	0.7351327	-0.0072821286	2.8255798e-20	-1
0	-0.6776469	0.7351327	-0.0072821286	0	-0.0010053096	0	-0.6776469	0.7351327	-0.0072821286	2.8366476e-20	-1
0	-0.68558264	0.72773695	-0.007285567	0	-0.001256637	0	-0.68558264	0.72773695	-0.007285567	2.8439335e-20	-1
0	-0.6936553	0.72004604	-0.0072862813	0	-0.0018849556	0	-0.6936553	0.72004604	-0.0072862813	2.8620986e-20	-1
0	-0.70192146	0.7119901	-0.0072840247	0	-0.002513274	0	-0.70192146	0.7119901	-0.0072840247	2.8800658e-20	-1
0	-0.71896756	0.69477296	-0.0072693108	0	-0.0037699111	0	-0.71896756	0.69477296	-0.0072693108	2.9153725e-20	-1
0	-0.75655675	0.65364337	-0.0071837665	0	-0.0062831854	0	-0.75655675	0.65364337	-0.0071837665	2.9831322e-20	-1
0	-0.8189815	0.5735131	-0.006844128	0	-0.009424778	0	-0.8189815	0.5735131	-0.006844128	3.0606927e-20	-1
0	0.9134798	0.40658283	-0.0011686427	0	-0.012566371	0	0.9134798	0.40658283	-0.0011686427	3.0016533e-20	-1
0	0.45905477	-0.8882376	0.0064290576	0	-0.018849555	0	0.45905477	-0.8882376	0.0064290576	2.1873476e-20	-1
0	0.38847452	-0.9213134	0.0059586614	0	-0.025132742	0	0.38847452	-0.9213134	0.0059586614	1.9602095e-20	-1
0	0.23107424	-0.9728335	0.0047873245	0	-0.03769911	0	0.23107424	-0.9728335	0.0047873245	1.4841021e-20	-1
0	0.07413643	-0.99716985	0.003622557	0	-0.050265484	0	0.07413643	-0.99716985	0.003622557	9.8825085e-21	-1
0	0.029165238	-0.99950016	0.003295369	0	-0.06283186	0	0.029165238	-0.99950016	0.003295369	4.870018e-21	-1
0	0.029165238	-0.99950016	0.003295369	0	-0.06283186	0	0.029165238	-0.99950016	0.003295369	4.870018e-21	1
0	0.07409053	-0.9971733	0.0036222409	0	-0.050265484	0	0.07409053	-0.9971733	0.0036222409	9.882511e-21	1
0	0.23107609	-0.9728331	0.0047873347	0	-0.03769911	0	0.23107609	-0.9728331	0.0047873347	1.4841023e-20	1
0	0.38850978	-0.9212986	0.0059589026	0	-0.025132742	0	0.38850978	-0.9212986	0.0059589026	1.9602098e-20	1
0	0.45905185	-0.88823915	0.006429041	0	-0.018849555	0	0.45905185	-0.88823915	0.006429041	2.1873478e-20	1
0	0.5275986	-0.8492979	0.006818858	0	-0.012566371	0	0.5275986	-0.8492979	0.006818858	2.4054832e-20	1
0	0.5618491	-0.82703054	0.006979614	0	-0.009424778	0	0.5618491	-0.82703054	0.006979614	2.5106638e-20	1
0	0.5966177	-0.8023028	0.007113723	0	-0.0062831854	0	0.5966177	-0.8023028	0.007113723	2.6129018e-20	1
0	0.6251135	-0.7802998	0.007198192	0	-0.0037699111	0	0.6251135	-0.7802998	0.007198192	2.6923428e-20	1
0	0.6396985	-0.7683861	0.0072314437	0	-0.002513274	0	0.6396985	-0.7683861	0.0072314437	2.731206e-20	1
0	0.6471045	-0.7621585	0.007245535	0	-0.0018849556	0	0.6471045	-0.7621585	0.007245535	2.7504082e-20	1
0	0.65458953	-0.75573874	0.0072577805	0	-0.001256637	0	0.65458953	-0.75573874	0.0072577805	2.769453e-20	1
0	0.65458953	-0.75573874	0.0072577805	0	-0.0010053096	0	0.65458953	-0.75573874	0.0072577805	2.7770382e-20	1
0	0.66216886	-0.74910593	0.007268062	0	-0.0006283185	0	0.66216886	-0.74910593	0.007268062	2.7883328e-20	1
0	0.66216886	-0.74910593	0.007268062	0	-0.0002513274	0	0.66216886	-0.74910593	0.007268062	2.7996112e-20	1
0	0.66830456	-0.7436366	0.007274775	0	-0.0001256637	0	0.66830456	-0.7436366	0.007274775	2.8033157e-20	1
0	0.66830456	-0.7436366	0.007274775	0	-6.283185e-05	0	0.66830456	-0.7436366	0.007274775	2.8051814e-20	1
0	0.66830456	-0.7436366	0.007274775	0	-2.5132742e-05	0	0.66830456	-0.7436366	0.007274775	2.806301e-20	1
0	0.66830456	-0.7436366	0.007274775	0	-1.2566371e-05	0	0.66830456	-0.7436366	0.007274775	2.8066742e-20	1
0	0.66830456	-0.7436366	0.007274775	0	-6.2831855e-06	0	0.66830456	-0.7436366	0.007274775	2.806861e-20	1
0	0.66830456	-0.7436366	0.007274775	0	-2.513274e-06	0	0.66830456	-0.7436366	0.007274775	2.8069728e-20	1
0	0.66830456	-0.7436366	0.007274775	0	-1.256637e-06	0	0.66830456	-0.7436366	0.007274775	2.8070103e-20	1
0	0.66830456	-0.7436366	0.007274775	0	-6.283185e-07	0	0.66830456	-0.7436366	0.007274775	2.807029e-20	1
0	0.66830456	-0.7436366	0.007274775	0	-2.513274e-07	0	0.66830456	-0.7436366	0.007274775	2.80704e-20	1
0	0.66830456	-0.7436366	0.007274775	0	-1.256637e-07	0	0.66830456	-0.7436366	0.007274775	2.807044e-20	1
0	0.66830456	-0.7436366	0.007274775	0	0	0	0.66830456	-0.7436366	0.007274775	2.8070474e-20	1
0	0.66830456	-0.7436366	0.007274775	0	1.256637e-07	0	0.66830456	-0.7436366	0.007274775	2.8070513e-20	1
0	0.66830456	-0.7436366	0.007274775	0	2.513274e-07	0	0.66830456	-0.7436366	0.007274775	2.807055e-20	1
0	0.66830456	-0.7436366	0.007274775	0	6.283185e-07	0	0.66830456	-0.7436366	0.007274775	2.8070662e-20	1
0	0.66830456	-0.7436366	0.007274775	0	1.256637e-06	0	0.66830456	-0.7436366	0.007274775	2.807085e-20	1
0	0.66830456	-0.7436366	0.007274775	0	2.513274e-06	0	0.66830456	-0.7436366	0.007274775	2.807122e-20	1
0	0.66830456	-0.7436366	0.007274775	0	6.2831855e-06	0	0.66830456	-0.7436366	0.007274775	2.8072342e-20	1
0	0.66830456	-0.7436366	0.007274775	0	1.2566371e-05	0	0.66830456	-0.7436366	0.007274775	2.8074206e-20	1
0	0.66830456	-0.7436366	0.007274775	0	2.5132742e-05	0	0.66830456	-0.7436366	0.007274775	2.8077938e-20	1
0	0.66830456	-0.7436366	0.007274775	0	6.283185e-05	0	0.66830456	-0.7436366	0.007274775	2.8089134e-20	1
0	0.66830456	-0.7436366	0.007274775	0	0.0001256637	0	0.66830456	-0.7436366	0.007274775	2.8107794e-20	1
0	0.66830456	-0.7436366	0.007274775	0	0.0002513274	0	0.66830456	-0.7436366	0.007274775	2.8145114e-20	1
0	0.6776489	-0.7351308	0.0072821286	0	0.0006283185	0	0.6776489	-0.7351308	0.0072821286	2.82558e-20	1
0	0.6776489	-0.7351308	0.0072821286	0	0.0010053096	0	0.6776489	-0.7351308	0.0072821286	2.836648e-20	1
0	0.6855843	-0.7277354	0.007285555	0	0.001256637	0	0.6855843	-0.7277354	0.007285555	2.8439335e-20	1
0	0.69365925	-0.72004235	0.0072862804	0	0.0018849556	0	0.69365925	-0.72004235	0.0072862804	2.8620986e-20	1
0	0.7018968	-0.71201456	0.0072840424	0	0.002513274	0	0.7018968	-0.71201456	0.0072840424	2.880066e-20	1
0	0.7189653	-0.69477534	0.0072693154	0	0.0037699111	0	0.7189653	-0.69477534	0.0072693154	2.9153725e-20	1
0	0.7565458	-0.65365607	0.007183806	0	0.0062831854	0	0.7565458	-0.65365607	0.007183806	2.9831325e-20	1
0	0.8189291	-0.5735879	0.0068445466	0	0.009424778	0	0.8189291	-0.5735879	0.0068445466	3.0606927e-20	1
0	0.62914956	0.77708125	-0.001506898	0	0.012566371	0	0.62914956	0.77708125	-0.001506898	2.3583617e-20	1
0	0.5646323	0.82516074	-0.0014711616	0	0.018849555	0	0.5646323	0.82516074	-0.0014711616	2.1572308e-20	1
0	0.49445385	0.8690444	-0.0014680376	0	0.025132742	0	0.49445385	0.8690444	-0.0014680376	1.9446003e-20	1
0	0.30507877	0.9522189	-0.0017405306	0	0.03769911	0	0.30507877	0.9522189	-0.0017405306	1.4876601e-20	1
0	-0.074070886	0.99717474	-0.0036221053	0	0.050265484	0	-0.074070886	0.99717474	-0.0036221053	9.882509e-21	1
0	-0.029198991	0.9994992	-0.0032955902	0	0.06283186	0	-0.029198991	0.9994992	-0.0032955902	4.8700178e-21	1
