# t (s)	mx ()	my ()	mz ()	B_extx (T)	B_exty (T)	B_extz (T)	mx ()	my ()	mz ()	E_total (J)	branch ()
0	-0.034364387	0.9993428	-0.0016022304	0	0.06283186	0	-0.034364387	0.9993428	-0.0016022304	4.5690707e-21	-1
0	-0.040693223	0.999104	-0.0016338141	0	0.050265484	0	-0.040693223	0.999104	-0.0016338141	9.583728e-21	-1
0	-0.04982128	0.9986894	-0.001673951	0	0.03769911	0	-0.04982128	0.9986894	-0.001673951	1.4596806e-20	-1
0	-0.06407213	0.997875	-0.0017292749	0	0.025132742	0	-0.06407213	0.997875	-0.0017292749	1.9606938e-20	-1
0	-0.074659556	0.9971377	-0.0017668754	0	0.018849555	0	-0.074659556	0.9971377	-0.0017668754	2.2110001e-20	-1
0	-0.08926509	0.9959351	-0.0018155774	0	0.012566371	0	-0.08926509	0.9959351	-0.0018155774	2.4610698e-20	-1
0	-0.09886718	0.9950268	-0.0018460465	0	0.009424778	0	-0.09886718	0.9950268	-0.0018460465	2.585968e-20	-1
0	-0.110649675	0.9937843	-0.0018820553	0	0.0062831854	0	-0.110649675	0.9937843	-0.0018820553	2.7107332e-20	-1
0	-0.12225709	0.992422	-0.001916221	0	0.0037699111	0	-0.12225709	0.992422	-0.001916221	2.8104143e-20	-1
0	-0.12899764	0.9915676	-0.0019354883	0	0.002513274	0	-0.12899764	0.9915676	-0.0019354883	2.8601983e-20	-1
0	-0.13264674	0.99108565	-0.0019457547	0	0.0018849556	0	-0.13264674	0.99108565	-0.0019457547	2.8850732e-20	-1
0	-0.13651666	0.99055946	-0.001956508	0	0.001256637	0	-0.13651666	0.99055946	-0.001956508	2.9099354e-20	-1
0	-0.13651666	0.99055946	-0.001956508	0	0.0010053096	0	-0.13651666	0.99055946	-0.001956508	2.9198778e-20	-1
0	-0.14058611	0.98998964	-0.0019676825	0	0.0006283185	0	-0.14058611	0.98998964	-0.0019676825	2.9347838e-20	-1
0	-0.14318219	0.9896172	-0.0019747321	0	0.0002513274	0	-0.14318219	0.9896172	-0.0019747321	2.949686e-20	-1
0	-0.14318219	0.9896172	-0.0019747321	0	0.0001256637	0	-0.14318219	0.9896172	-0.0019747321	2.9546523e-20	-1
0	-0.14318219	0.9896172	-0.0019747321	0	6.283185e-05	0	-0.14318219	0.9896172	-0.0019747321	2.9571355e-20	-1
0	-0.14318219	0.9896172	-0.0019747321	0	2.5132742e-05	0	-0.14318219	0.9896172	-0.0019747321	2.9586254e-20	-1
0	-0.14318219	0.9896172	-0.0019747321	0	1.2566371e-05	0	-0.14318219	0.9896172	-0.0019747321	2.959122e-20	-1
0	-0.14318219	0.9896172	-0.0019747321	0	6.2831855e-06	0	-0.14318219	0.9896172	-0.0019747321	2.9593705e-20	-1
0	-0.14318219	0.9896172	-0.0019747321	0	2.513274e-06	0	-0.14318219	0.9896172	-0.0019747321	2.9595194e-20	-1
0	-0.14318219	0.9896172	-0.0019747321	0	1.256637e-06	0	-0.14318219	0.9896172	-0.0019747321	2.9595692e-20	-1
0	-0.14318219	0.9896172	-0.0019747321	0	6.283185e-07	0	-0.14318219	0.9896172	-0.0019747321	2.959594e-20	-1
0	-0.14318219	0.9896172	-0.0019747321	0	2.513274e-07	0	-0.14318219	0.9896172	-0.0019747321	2.959609e-20	-1
0	-0.14318219	0.9896172	-0.0019747321	0	1.256637e-07	0	-0.14318219	0.9896172	-0.0019747321	2.9596138e-20	-1
0	-0.14318219	0.9896172	-0.0019747321	0	0	0	-0.14318219	0.9896172	-0.0019747321	2.9596186e-20	-1
0	-0.14318219	0.9896172	-0.0019747321	0	-1.256637e-07	0	-0.14318219	0.9896172	-0.0019747321	2.9596238e-20	-1
0	-0.14318219	0.9896172	-0.0019747321	0	-2.513274e-07	0	-0.14318219	0.9896172	-0.0019747321	2.9596286e-20	-1
0	-0.14318219	0.9896172	-0.0019747321	0	-6.283185e-07	0	-0.14318219	0.9896172	-0.0019747321	2.9596435e-20	-1
0	-0.14318219	0.9896172	-0.0019747321	0	-1.256637e-06	0	-0.14318219	0.9896172	-0.0019747321	2.9596684e-20	-1
0	-0.14318219	0.9896172	-0.0019747321	0	-2.513274e-06	0	-0.14318219	0.9896172	-0.0019747321	2.959718e-20	-1
0	-0.14318219	0.9896172	-0.0019747321	0	-6.2831855e-06	0	-0.14318219	0.9896172	-0.0019747321	2.959867e-20	-1
0	-0.14318219	0.9896172	-0.0019747321	0	-1.2566371e-05	0	-0.14318219	0.9896172	-0.0019747321	2.9601153e-20	-1
0	-0.1451447	0.98933107	-0.001980023	0	-2.5132742e-05	0	-0.1451447	0.98933107	-0.001980023	2.9606106e-20	-1
0	-0.1451447	0.98933107	-0.001980023	0	-6.283185e-05	0	-0.1451447	0.98933107	-0.001980023	2.9621002e-20	-1
0	-0.1451447	0.98933107	-0.001980023	0	-0.0001256637	0	-0.1451447	0.98933107	-0.001980023	2.9645827e-20	-1
0	-0.1451447	0.98933107	-0.001980023	0	-0.0002513274	0	-0.1451447	0.98933107	-0.001980023	2.9695477e-20	-1
0	-0.14958052	0.9886695	-0.0019918666	0	-0.0006283185	0	-0.14958052	0.9886695	-0.0019918666	2.9844344e-20	-1
0	-0.15249673	0.98822355	-0.0019995612	0	-0.0010053096	0	-0.15249673	0.98822355	-0.0019995612	2.9993155e-20	-1
0	-0.15249673	0.98822355	-0.0019995612	0	-0.001256637	0	-0.15249673	0.98822355	-0.0019995612	3.0092346e-20	-1
0	-0.1597924	0.9870692	-0.0020184913	0	-0.0018849556	0	-0.1597924	0.9870692	-0.0020184913	3.034012e-20	-1
0	-0.16545945	0.9861343	-0.002032881	0	-0.002513274	0	-0.16545945	0.9861343	-0.002032881	3.0587685e-20	-1
0	-0.17818996	0.9839119	-0.0020641973	0	-0.0037699111	0	-0.17818996	0.9839119	-0.0020641973	3.108204e-20	-1
0	-0.21178116	0.9772271	-0.0021399292	0	-0.0062831854	0	-0.21178116	0.9772271	-0.0021399292	3.206656e-20	-1
0	-0.29721272	0.9547031	-0.0022826632	0	-0.009424778	0	-0.29721272	0.9547031	-0.0022826632	3.3282058e-20	-1
0	-0.89424133	-0.44729406	0.0012086806	0	-0.012566371	0	-0.89424133	-0.44729406	0.0012086806	2.5978323e-20	-1
0	0.07465652	-0.99713796	0.0017668668	0	-0.018849555	0	0.07465652	-0.99713796	0.0017668668	2.2110005e-20	-1
0	0.064086765	-0.997874	0.0017293184	0	-0.025132742	0	0.064086765	-0.997874	0.0017293184	1.9606937e-20	-1
0	0.049823403	-0.9986893	0.0016739578	0	-0.03769911	0	0.049823403	-0.9986893	0.0016739578	1.4596804e-20	-1
0	0.04069601	-0.99910396	0.0016338254	0	-0.050265484	0	0.04069601	-0.99910396	0.0016338254	9.58373e-21	-1
0	0.03437103	-0.99934256	0.0016022517	0	-0.06283186	0	0.03437103	-0.99934256	0.0016022517	4.5690715e-21	-1
0	0.03437103	-0.99934256	0.0016022517	0	-0.06283186	0	0.03437103	-0.99934256	0.0016022517	4.5690715e-21	1
0	0.040693507	-0.9991041	0.0016338158	0	-0.050265484	0	0.040693507	-0.9991041	0.0016338158	9.583726e-21	1
0	0.04982082	-0.9986894	0.0016739436	0	-0.03769911	0	0.04982082	-0.9986894	0.0016739436	1.4596806e-20	1
0	0.0640774	-0.9978746	0.0017292907	0	-0.025132742	0	0.0640774	-0.9978746	0.0017292907	1.960694e-20	1
0	0.07466434	-0.99713737	0.0017668898	0	-0.018849555	0	0.07466434	-0.99713737	0.0017668898	2.2110003e-20	1
0	0.08926572	-0.9959351	0.0018155721	0	-0.012566371	0	0.08926572	-0.9959351	0.0018155721	2.4610691e-20	1
0	0.09884878	-0.9950286	0.0018459917	0	-0.009424778	0	0.09884878	-0.9950286	0.0018459917	2.5859682e-20	1
0	0.1106455	-0.9937848	0.0018820575	0	-0.0062831854	0	0.1106455	-0.9937848	0.0018820575	2.7107336e-20	1
0	0.12227364	-0.99241996	0.001916264	0	-0.0037699111	0	0.12227364	-0.99241996	0.001916264	2.8104143e-20	1
0	0.128994	-0.9915681	0.001935479	0	-0.002513274	0	0.128994	-0.9915681	0.001935479	2.8601983e-20	1
0	0.1326457	-0.99108577	0.0019457492	0	-0.0018849556	0	0.1326457	-0.99108577	0.0019457492	2.8850732e-20	1
0	0.13650775	-0.99056077	0.0019564847	0	-0.001256637	0	0.13650775	-0.99056077	0.0019564847	2.9099358e-20	1
0	0.13811702	-0.9903375	0.0019609197	0	-0.0010053096	0	0.13811702	-0.9903375	0.0019609197	2.9198765e-20	1
0	0.14060056	-0.9899876	0.0019677198	0	-0.0006283185	0	0.14060056	-0.9899876	0.0019677198	2.9347838e-20	1
0	0.14318365	-0.989617	0.001974736	0	-0.0002513274	0	0.14318365	-0.989617	0.001974736	2.949686e-20	1
0	0.14318365	-0.989617	0.001974736	0	-0.0001256637	0	0.14318365	-0.989617	0.001974736	2.9546523e-20	1
0	0.14318365	-0.989617	0.001974736	0	-6.283185e-05	0	0.14318365	-0.989617	0.001974736	2.9571355e-20	1
0	0.14318365	-0.989617	0.001974736	0	-2.5132742e-05	0	0.14318365	-0.989617	0.001974736	2.9586257e-20	1
0	0.14318365	-0.989617	0.001974736	0	-1.2566371e-05	0	0.14318365	-0.989617	0.001974736	2.9591223e-20	1
0	0.14318365	-0.989617	0.001974736	0	-6.2831855e-06	0	0.14318365	-0.989617	0.001974736	2.9593705e-20	1
0	0.14318365	-0.989617	0.001974736	0	-2.513274e-06	0	0.14318365	-0.989617	0.001974736	2.9595194e-20	1
0	0.14318365	-0.989617	0.001974736	0	-1.256637e-06	0	0.14318365	-0.989617	0.001974736	2.9595692e-20	1
0	0.14318365	-0.989617	0.001974736	0	-6.283185e-07	0	0.14318365	-0.989617	0.001974736	2.959594e-20	1
0	0.14318365	-0.989617	0.001974736	0	-2.513274e-07	0	0.14318365	-0.989617	0.001974736	2.959609e-20	1
0	0.14318365	-0.989617	0.001974736	0	-1.256637e-07	0	0.14318365	-0.989617	0.001974736	2.9596138e-20	1
0	0.14318365	-0.989617	0.001974736	0	0	0	0.14318365	-0.989617	0.001974736	2.959619e-20	1
0	0.14318365	-0.989617	0.001974736	0	1.256637e-07	0	0.14318365	-0.989617	0.001974736	2.9596238e-20	1
0	0.14318365	-0.989617	0.001974736	0	2.513274e-07	0	0.14318365	-0.989617	0.001974736	2.9596286e-20	1
0	0.14318365	-0.989617	0.001974736	0	6.283185e-07	0	0.14318365	-0.989617	0.001974736	2.9596435e-20	1
0	0.14318365	-0.989617	0.001974736	0	1.256637e-06	0	0.14318365	-0.989617	0.001974736	2.9596684e-20	1
0	0.14318365	-0.989617	0.001974736	0	2.513274e-06	0	0.14318365	-0.989617	0.001974736	2.959718e-20	1
0	0.14318365	-0.989617	0.001974736	0	6.2831855e-06	0	0.14318365	-0.989617	0.001974736	2.959867e-20	1
0	0.14318365	-0.989617	0.001974736	0	1.2566371e-05	0	0.14318365	-0.989617	0.001974736	2.9601156e-20	1
0	0.14318365	-0.989617	0.001974736	0	2.5132742e-05	0	0.14318365	-0.989617	0.001974736	2.9606122e-20	1
0	0.14540276	-0.9892931	0.0019807038	0	6.283185e-05	0	0.14540276	-0.9892931	0.0019807038	2.9621e-20	1
0	0.14540276	-0.9892931	0.0019807038	0	0.0001256637	0	0.14540276	-0.9892931	0.0019807038	2.9645824e-20	1
0	0.14540276	-0.9892931	0.0019807038	0	0.0002513274	0	0.14540276	-0.9892931	0.0019807038	2.969547e-20	1
0	0.14958042	-0.9886696	0.0019918666	0	0.0006283185	0	0.14958042	-0.9886696	0.0019918666	2.9844344e-20	1
0	0.15248287	-0.9882257	0.001999525	0	0.0010053096	0	0.15248287	-0.9882257	0.001999525	2.999316e-20	1
0	0.15248287	-0.9882257	0.001999525	0	0.001256637	0	0.15248287	-0.9882257	0.001999525	3.009235e-20	1
0	0.15981998	-0.9870647	0.0020185583	0	0.0018849556	0	0.15981998	-0.9870647	0.0020185583	3.034012e-20	1
0	0.16546783	-0.98613286	0.002032876	0	0.002513274	0	0.16546783	-0.98613286	0.002032876	3.0587682e-20	1
0	0.17819631	-0.9839107	0.0020642118	0	0.0037699111	0	0.17819631	-0.9839107	0.0020642118	3.108204e-20	1
0	0.21172884	-0.9772384	0.0021398235	0	0.0062831854	0	0.21172884	-0.9772384	0.0021398235	3.206656e-20	1
0	0.29683453	-0.9548209	0.002282214	0	0.009424778	0	0.29683453	-0.9548209	0.002282214	3.328206e-20	1
0	0.8942626	0.4472515	-0.0012087927	0	0.012566371	0	0.8942626	0.4472515	-0.0012087927	2.5978321e-20	1
0	-0.07466623	0.99713725	-0.0017668952	0	0.018849555	0	-0.07466623	0.99713725	-0.0017668952	2.2110006e-20	1
0	-0.06407902	0.9978745	-0.0017292893	0	0.025132742	0	-0.06407902	0.9978745	-0.0017292893	1.9606938e-20	1
0	-0.04982863	0.998689	-0.0016739732	0	0.03769911	0	-0.04982863	0.998689	-0.0016739732	1.4596802e-20	1
0	-0.040696874	0.9991039	-0.0016338254	0	0.050265484	0	-0.040696874	0.9991039	-0.0016338254	9.5837315e-21	1
0	-0.034372855	0.99934244	-0.0016022568	0	0.06283186	0	-0.034372855	0.99934244	-0.0016022568	4.5690702e-21	1
