# t (s)	mx ()	my ()	mz ()	B_extx (T)	B_exty (T)	B_extz (T)	mx ()	my ()	mz ()	E_total (J)	branch ()
0	-0.067552894	0.9976445	-0.002849862	0	0.06283186	0	-0.067552894	0.9976445	-0.002849862	4.67935e-21	-1
0	-0.08116614	0.99662775	-0.0028885445	0	0.050265484	0	-0.08116614	0.99662775	-0.0028885445	9.683712e-21	-1
0	-0.10102822	0.99480844	-0.002932011	0	0.03769911	0	-0.10102822	0.99480844	-0.002932011	1.46812e-20	-1
0	-0.13211842	0.99115497	-0.0029800874	0	0.025132742	0	-0.13211842	0.99115497	-0.0029800874	1.9665625e-20	-1
0	-0.1548019	0.98786354	-0.003004115	0	0.018849555	0	-0.1548019	0.98786354	-0.003004115	2.2148858e-20	-1
0	-0.1851536	0.982623	-0.003024493	0	0.012566371	0	-0.1851536	0.982623	-0.003024493	2.4621616e-20	-1
0	-0.20436683	0.97880447	-0.0030311178	0	0.009424778	0	-0.20436683	0.97880447	-0.0030311178	2.5852154e-20	-1
0	-0.22725898	0.97374034	-0.0030330475	0	0.0062831854	0	-0.22725898	0.97374034	-0.0030330475	2.7077156e-20	-1
0	-0.24898571	0.9684088	-0.0030290943	0	0.0037699111	0	-0.24898571	0.9684088	-0.0030290943	2.805194e-20	-1
0	-0.26124883	0.9651706	-0.0030244384	0	0.002513274	0	-0.26124883	0.9651706	-0.0030244384	2.8537137e-20	-1
0	-0.2678172	0.9633675	-0.0030212288	0	0.0018849556	0	-0.2678172	0.9633675	-0.0030212288	2.87791e-20	-1
0	-0.27467084	0.9614346	-0.0030173585	0	0.001256637	0	-0.27467084	0.9614346	-0.0030173585	2.9020595e-20	-1
0	-0.27467084	0.9614346	-0.0030173585	0	0.0010053096	0	-0.27467084	0.9614346	-0.0030173585	2.9117094e-20	-1
0	-0.28188425	0.9593431	-0.003012706	0	0.0006283185	0	-0.28188425	0.9593431	-0.003012706	2.9261582e-20	-1
0	-0.28188425	0.9593431	-0.003012706	0	0.0002513274	0	-0.28188425	0.9593431	-0.003012706	2.9406016e-20	-1
0	-0.28791267	0.9575499	-0.0030083607	0	0.0001256637	0	-0.28791267	0.9575499	-0.0030083607	2.945398e-20	-1
0	-0.28791267	0.9575499	-0.0030083607	0	6.283185e-05	0	-0.28791267	0.9575499	-0.0030083607	2.947801e-20	-1
0	-0.28791267	0.9575499	-0.0030083607	0	2.5132742e-05	0	-0.28791267	0.9575499	-0.0030083607	2.9492424e-20	-1
0	-0.28791267	0.9575499	-0.0030083607	0	1.2566371e-05	0	-0.28791267	0.9575499	-0.0030083607	2.9497228e-20	-1
0	-0.28791267	0.9575499	-0.0030083607	0	6.2831855e-06	0	-0.28791267	0.9575499	-0.0030083607	2.9499632e-20	-1
0	-0.28791267	0.9575499	-0.0030083607	0	2.513274e-06	0	-0.28791267	0.9575499	-0.0030083607	2.9501073e-20	-1
0	-0.28791267	0.9575499	-0.0030083607	0	1.256637e-06	0	-0.28791267	0.9575499	-0.0030083607	2.9501555e-20	-1
0	-0.28791267	0.9575499	-0.0030083607	0	6.283185e-07	0	-0.28791267	0.9575499	-0.0030083607	2.9501794e-20	-1
0	-0.28791267	0.9575499	-0.0030083607	0	2.513274e-07	0	-0.28791267	0.9575499	-0.0030083607	2.950194e-20	-1
0	-0.28791267	0.9575499	-0.0030083607	0	1.256637e-07	0	-0.28791267	0.9575499	-0.0030083607	2.9501988e-20	-1
0	-0.28791267	0.9575499	-0.0030083607	0	0	0	-0.28791267	0.9575499	-0.0030083607	2.9502036e-20	-1
0	-0.28791267	0.9575499	-0.0030083607	0	-1.256637e-07	0	-0.28791267	0.9575499	-0.0030083607	2.9502085e-20	-1
0	-0.28791267	0.9575499	-0.0030083607	0	-2.513274e-07	0	-0.28791267	0.9575499	-0.0030083607	2.950213e-20	-1
0	-0.28791267	0.9575499	-0.0030083607	0	-6.283185e-07	0	-0.28791267	0.9575499	-0.0030083607	2.9502275e-20	-1
0	-0.28791267	0.9575499	-0.0030083607	0	-1.256637e-06	0	-0.28791267	0.9575499	-0.0030083607	2.9502515e-20	-1
0	-0.28791267	0.9575499	-0.0030083607	0	-2.513274e-06	0	-0.28791267	0.9575499	-0.0030083607	2.9502996e-20	-1
0	-0.28791267	0.9575499	-0.0030083607	0	-6.2831855e-06	0	-0.28791267	0.9575499	-0.0030083607	2.9504437e-20	-1
0	-0.28791267	0.9575499	-0.0030083607	0	-1.2566371e-05	0	-0.28791267	0.9575499	-0.0030083607	2.950684e-20	-1
0	-0.28791267	0.9575499	-0.0030083607	0	-2.5132742e-05	0	-0.28791267	0.9575499	-0.0030083607	2.9511646e-20	-1
0	-0.28791267	0.9575499	-0.0030083607	0	-6.283185e-05	0	-0.28791267	0.9575499	-0.0030083607	2.9526063e-20	-1
0	-0.28791267	0.9575499	-0.0030083607	0	-0.0001256637	0	-0.28791267	0.9575499	-0.0030083607	2.955009e-20	-1
0	-0.28791267	0.9575499	-0.0030083607	0	-0.0002513274	0	-0.28791267	0.9575499	-0.0030083607	2.9598144e-20	-1
0	-0.29744756	0.9546293	-0.0030006561	0	-0.0006283185	0	-0.29744756	0.9546293	-0.0030006561	2.9741873e-20	-1
0	-0.30244794	0.95305574	-0.002996209	0	-0.0010053096	0	-0.30244794	0.95305574	-0.002996209	2.988548e-20	-1
0	-0.30244794	0.95305574	-0.002996209	0	-0.001256637	0	-0.30244794	0.95305574	-0.002996209	2.998114e-20	-1
0	-0.31484777	0.9490291	-0.0029839692	0	-0.0018849556	0	-0.31484777	0.9490291	-0.0029839692	3.021959e-20	-1
0	-0.32438242	0.94581056	-0.002973395	0	-0.002513274	0	-0.32438242	0.94581056	-0.002973395	3.0457327e-20	-1
0	-0.34561014	0.9382572	-0.0029462413	0	-0.0037699111	0	-0.34561014	0.9382572	-0.0029462413	3.0930154e-20	-1
0	-0.40236586	0.9153422	-0.0028495102	0	-0.0062831854	0	-0.40236586	0.9153422	-0.0028495102	3.1861575e-20	-1
0	-0.88476074	-0.46576232	-0.00030908058	0	-0.009424778	0	-0.88476074	-0.46576232	-0.00030908058	2.590167e-20	-1
0	-0.84495366	-0.53456783	-0.0002214371	0	-0.012566371	0	-0.84495366	-0.53456783	-0.0002214371	2.5274998e-20	-1
0	0.15480597	-0.9878628	0.0030041141	0	-0.018849555	0	0.15480597	-0.9878628	0.0030041141	2.2148855e-20	-1
0	0.13212289	-0.9911544	0.002980094	0	-0.025132742	0	0.13212289	-0.9911544	0.002980094	1.966562e-20	-1
0	0.10104869	-0.9948063	0.0029320307	0	-0.03769911	0	0.10104869	-0.9948063	0.0029320307	1.46812e-20	-1
0	0.08117105	-0.99662733	0.0028885496	0	-0.050265484	0	0.08117105	-0.99662733	0.0028885496	9.683713e-21	-1
0	0.06755704	-0.99764425	0.0028498727	0	-0.06283186	0	0.06755704	-0.99764425	0.0028498727	4.679349e-21	-1
0	0.06755704	-0.99764425	0.0028498727	0	-0.06283186	0	0.06755704	-0.99764425	0.0028498727	4.679349e-21	1
0	0.081166774	-0.9966277	0.002888545	0	-0.050265484	0	0.081166774	-0.9966277	0.002888545	9.683709e-21	1
0	0.1010426	-0.9948069	0.002932025	0	-0.03769911	0	0.1010426	-0.9948069	0.002932025	1.4681202e-20	1
0	0.13211447	-0.9911555	0.0029800856	0	-0.025132742	0	0.13211447	-0.9911555	0.0029800856	1.9665625e-20	1
0	0.15479234	-0.987865	0.0030041104	0	-0.018849555	0	0.15479234	-0.987865	0.0030041104	2.2148853e-20	1
0	0.18515144	-0.9826234	0.0030244915	0	-0.012566371	0	0.18515144	-0.9826234	0.0030244915	2.4621617e-20	1
0	0.20438915	-0.9787998	0.0030311143	0	-0.009424778	0	0.20438915	-0.9787998	0.0030311143	2.5852149e-20	1
0	0.22726688	-0.97373843	0.0030330452	0	-0.0062831854	0	0.22726688	-0.97373843	0.0030330452	2.7077156e-20	1
0	0.24900085	-0.968405	0.0030290866	0	-0.0037699111	0	0.24900085	-0.968405	0.0030290866	2.805194e-20	1
0	0.26124382	-0.965172	0.0030244421	0	-0.002513274	0	0.26124382	-0.965172	0.0030244421	2.853714e-20	1
0	0.267811	-0.9633692	0.0030212335	0	-0.0018849556	0	0.267811	-0.9633692	0.0030212335	2.87791e-20	1
0	0.27467257	-0.9614341	0.0030173576	0	-0.001256637	0	0.27467257	-0.9614341	0.0030173576	2.902059e-20	1
0	0.27467257	-0.9614341	0.0030173576	0	-0.0010053096	0	0.27467257	-0.9614341	0.0030173576	2.911709e-20	1
0	0.28187674	-0.9593452	0.0030127103	0	-0.0006283185	0	0.28187674	-0.9593452	0.0030127103	2.9261582e-20	1
0	0.2863781	-0.9580103	0.003009506	0	-0.0002513274	0	0.2863781	-0.9580103	0.003009506	2.9405915e-20	1
0	0.2863781	-0.9580103	0.003009506	0	-0.0001256637	0	0.2863781	-0.9580103	0.003009506	2.9453992e-20	1
0	0.2863781	-0.9580103	0.003009506	0	-6.283185e-05	0	0.2863781	-0.9580103	0.003009506	2.9478032e-20	1
0	0.2863781	-0.9580103	0.003009506	0	-2.5132742e-05	0	0.2863781	-0.9580103	0.003009506	2.9492456e-20	1
0	0.2863781	-0.9580103	0.003009506	0	-1.2566371e-05	0	0.2863781	-0.9580103	0.003009506	2.9497264e-20	1
0	0.2863781	-0.9580103	0.003009506	0	-6.2831855e-06	0	0.2863781	-0.9580103	0.003009506	2.9499665e-20	1
0	0.2863781	-0.9580103	0.003009506	0	-2.513274e-06	0	0.2863781	-0.9580103	0.003009506	2.950111e-20	1
0	0.2863781	-0.9580103	0.003009506	0	-1.256637e-06	0	0.2863781	-0.9580103	0.003009506	2.950159e-20	1
0	0.2863781	-0.9580103	0.003009506	0	-6.283185e-07	0	0.2863781	-0.9580103	0.003009506	2.950183e-20	1
0	0.2863781	-0.9580103	0.003009506	0	-2.513274e-07	0	0.2863781	-0.9580103	0.003009506	2.9501975e-20	1
0	0.2863781	-0.9580103	0.003009506	0	-1.256637e-07	0	0.2863781	-0.9580103	0.003009506	2.9502023e-20	1
0	0.2863781	-0.9580103	0.003009506	0	0	0	0.2863781	-0.9580103	0.003009506	2.950207e-20	1
0	0.2863781	-0.9580103	0.003009506	0	1.256637e-07	0	0.2863781	-0.9580103	0.003009506	2.9502117e-20	1
0	0.2863781	-0.9580103	0.003009506	0	2.513274e-07	0	0.2863781	-0.9580103	0.003009506	2.9502166e-20	1
0	0.2863781	-0.9580103	0.003009506	0	6.283185e-07	0	0.2863781	-0.9580103	0.003009506	2.950231e-20	1
0	0.2863781	-0.9580103	0.003009506	0	1.256637e-06	0	0.2863781	-0.9580103	0.003009506	2.950255e-20	1
0	0.2863781	-0.9580103	0.003009506	0	2.513274e-06	0	0.2863781	-0.9580103	0.003009506	2.950303e-20	1
0	0.2863781	-0.9580103	0.003009506	0	6.2831855e-06	0	0.2863781	-0.9580103	0.003009506	2.9504473e-20	1
0	0.2863781	-0.9580103	0.003009506	0	1.2566371e-05	0	0.2863781	-0.9580103	0.003009506	2.9506877e-20	1
0	0.2863781	-0.9580103	0.003009506	0	2.5132742e-05	0	0.2863781	-0.9580103	0.003009506	2.9511685e-20	1
0	0.2863781	-0.9580103	0.003009506	0	6.283185e-05	0	0.2863781	-0.9580103	0.003009506	2.952611e-20	1
0	0.2863781	-0.9580103	0.003009506	0	0.0001256637	0	0.2863781	-0.9580103	0.003009506	2.955015e-20	1
0	0.29259944	-0.9561273	0.0030047027	0	0.0002513274	0	0.29259944	-0.9561273	0.0030047027	2.9598035e-20	1
0	0.29259944	-0.9561273	0.0030047027	0	0.0006283185	0	0.29259944	-0.9561273	0.0030047027	2.9741987e-20	1
0	0.3024648	-0.95305043	0.0029961895	0	0.0010053096	0	0.3024648	-0.95305043	0.0029961895	2.9885483e-20	1
0	0.3024648	-0.95305043	0.0029961895	0	0.001256637	0	0.3024648	-0.95305043	0.0029961895	2.998114e-20	1
0	0.31484276	-0.94903076	0.0029839755	0	0.0018849556	0	0.31484276	-0.94903076	0.0029839755	3.021959e-20	1
0	0.32443756	-0.9457916	0.0029733242	0	0.002513274	0	0.32443756	-0.9457916	0.0029733242	3.0457327e-20	1
0	0.3456198	-0.9382537	0.0029462273	0	0.0037699111	0	0.3456198	-0.9382537	0.0029462273	3.0930147e-20	1
0	0.40235436	-0.9153472	0.0028495346	0	0.0062831854	0	0.40235436	-0.9153472	0.0028495346	3.1861575e-20	1
0	-0.9992293	-0.03746043	-0.0003714369	0	0.009424778	0	-0.9992293	-0.03746043	-0.0003714369	2.7926777e-20	1
0	-0.18516302	0.9826212	-0.0030244929	0	0.012566371	0	-0.18516302	0.9826212	-0.0030244929	2.4621616e-20	1
0	-0.1547918	0.9878651	-0.0030041113	0	0.018849555	0	-0.1547918	0.9878651	-0.0030041113	2.2148856e-20	1
0	-0.13212377	0.9911543	-0.0029800888	0	0.025132742	0	-0.13212377	0.9911543	-0.0029800888	1.9665625e-20	1
0	-0.10105069	0.9948061	-0.0029320323	0	0.03769911	0	-0.10105069	0.9948061	-0.0029320323	1.46812e-20	1
0	-0.081168726	0.99662757	-0.002888544	0	0.050265484	0	-0.081168726	0.99662757	-0.002888544	9.683712e-21	1
0	-0.06755456	0.99764436	-0.0028498666	0	0.06283186	0	-0.06755456	0.99764436	-0.0028498666	4.679351e-21	1
