# t (s)	mx ()	my ()	mz ()	B_extx (T)	B_exty (T)	B_extz (T)	mx ()	my ()	mz ()	E_total (J)	branch ()
0	0.9998694	-0.010615351	0.0045929863	0.06283186	0	0	0.9998694	-0.010615351	0.0045929863	2.520231e-21	-1
0	0.99985135	-0.012124853	0.004629109	0.050265484	0	0	0.99985135	-0.012124853	0.004629109	7.538038e-21	-1
0	0.9998239	-0.014141446	0.004665926	0.03769911	0	0	0.9998239	-0.014141446	0.004665926	1.2555739e-20	-1
0	0.9997791	-0.016956326	0.0047034435	0.025132742	0	0	0.9997791	-0.016956326	0.0047034435	1.7573255e-20	-1
0	0.99974513	-0.018829595	0.0047224537	0.018849555	0	0	0.99974513	-0.018829595	0.0047224537	2.0081918e-20	-1
0	0.9996978	-0.021167247	0.0047415965	0.012566371	0	0	0.9996978	-0.021167247	0.0047415965	2.259047e-20	-1
0	0.9996669	-0.022567717	0.0047512036	0.009424778	0	0	0.9996669	-0.022567717	0.0047512036	2.3844701e-20	-1
0	0.9996294	-0.024160402	0.004760801	0.0062831854	0	0	0.9996294	-0.024160402	0.004760801	2.5098886e-20	-1
0	0.9995929	-0.025618903	0.0047684675	0.0037699111	0	0	0.9995929	-0.025618903	0.0047684675	2.6102196e-20	-1
0	0.9995724	-0.026403334	0.0047722887	0.002513274	0	0	0.9995724	-0.026403334	0.0047722887	2.6603838e-20	-1
0	0.9995613	-0.026818175	0.004774195	0.0018849556	0	0	0.9995613	-0.026818175	0.004774195	2.6854654e-20	-1
0	0.99954927	-0.027258407	0.004776098	0.001256637	0	0	0.99954927	-0.027258407	0.004776098	2.7105468e-20	-1
0	0.99954927	-0.027258407	0.004776098	0.0010053096	0	0	0.99954927	-0.027258407	0.004776098	2.7205793e-20	-1
0	0.9995371	-0.027700033	0.0047779963	0.0006283185	0	0	0.9995371	-0.027700033	0.0047779963	2.735628e-20	-1
0	0.9995295	-0.027971718	0.004779136	0.0002513274	0	0	0.9995295	-0.027971718	0.004779136	2.7506764e-20	-1
0	0.9995295	-0.027971718	0.004779136	0.0001256637	0	0	0.9995295	-0.027971718	0.004779136	2.7556924e-20	-1
0	0.9995295	-0.027971718	0.004779136	6.283185e-05	0	0	0.9995295	-0.027971718	0.004779136	2.7582005e-20	-1
0	0.9995295	-0.027971718	0.004779136	2.5132742e-05	0	0	0.9995295	-0.027971718	0.004779136	2.7597052e-20	-1
0	0.9995295	-0.027971718	0.004779136	1.2566371e-05	0	0	0.9995295	-0.027971718	0.004779136	2.760207e-20	-1
0	0.9995295	-0.027971718	0.004779136	6.2831855e-06	0	0	0.9995295	-0.027971718	0.004779136	2.7604578e-20	-1
0	0.9995295	-0.027971718	0.004779136	2.513274e-06	0	0	0.9995295	-0.027971718	0.004779136	2.7606083e-20	-1
0	0.9995295	-0.027971718	0.004779136	1.256637e-06	0	0	0.9995295	-0.027971718	0.004779136	2.7606584e-20	-1
0	0.9995295	-0.027971718	0.004779136	6.283185e-07	0	0	0.9995295	-0.027971718	0.004779136	2.7606836e-20	-1
0	0.9995295	-0.027971718	0.004779136	2.513274e-07	0	0	0.9995295	-0.027971718	0.004779136	2.7606985e-20	-1
0	0.9995295	-0.027971718	0.004779136	1.256637e-07	0	0	0.9995295	-0.027971718	0.004779136	2.7607037e-20	-1
0	0.9995295	-0.027971718	0.004779136	0	0	0	0.9995295	-0.027971718	0.004779136	2.7607085e-20	-1
0	0.9995295	-0.027971718	0.004779136	-1.256637e-07	0	0	0.9995295	-0.027971718	0.004779136	2.7607137e-20	-1
0	0.9995295	-0.027971718	0.004779136	-2.513274e-07	0	0	0.9995295	-0.027971718	0.004779136	2.7607185e-20	-1
0	0.9995295	-0.027971718	0.004779136	-6.283185e-07	0	0	0.9995295	-0.027971718	0.004779136	2.7607337e-20	-1
0	0.9995295	-0.027971718	0.004779136	-1.256637e-06	0	0	0.9995295	-0.027971718	0.004779136	2.760759e-20	-1
0	0.9995295	-0.027971718	0.004779136	-2.513274e-06	0	0	0.9995295	-0.027971718	0.004779136	2.760809e-20	-1
0	0.9995295	-0.027971718	0.004779136	-6.2831855e-06	0	0	0.9995295	-0.027971718	0.004779136	2.7609592e-20	-1
0	0.9995295	-0.027971718	0.004779136	-1.2566371e-05	0	0	0.9995295	-0.027971718	0.004779136	2.7612103e-20	-1
0	0.9995295	-0.027971718	0.004779136	-2.5132742e-05	0	0	0.9995295	-0.027971718	0.004779136	2.7617118e-20	-1
0	0.9995228	-0.028208252	0.0047800792	-6.283185e-05	0	0	0.9995228	-0.028208252	0.0047800792	2.7632165e-20	-1
0	0.9995228	-0.028208252	0.0047800792	-0.0001256637	0	0	0.9995228	-0.028208252	0.0047800792	2.7657246e-20	-1
0	0.9995228	-0.028208252	0.0047800792	-0.0002513274	0	0	0.9995228	-0.028208252	0.0047800792	2.7707407e-20	-1
0	0.99951077	-0.028631534	0.0047817808	-0.0006283185	0	0	0.99951077	-0.028631534	0.0047817808	2.7857892e-20	-1
0	0.9995023	-0.028922379	0.0047829114	-0.0010053096	0	0	0.9995023	-0.028922379	0.0047829114	2.800837e-20	-1
0	0.9995023	-0.028922379	0.0047829114	-0.001256637	0	0	0.9995023	-0.028922379	0.0047829114	2.8108693e-20	-1
0	0.99948156	-0.02962876	0.0047855377	-0.0018849556	0	0	0.99948156	-0.02962876	0.0047855377	2.8359487e-20	-1
0	0.99946594	-0.030149113	0.004787407	-0.002513274	0	0	0.99946594	-0.030149113	0.004787407	2.861028e-20	-1
0	0.99943185	-0.031252727	0.00479116	-0.0037699111	0	0	0.99943185	-0.031252727	0.00479116	2.9111856e-20	-1
0	0.9993512	-0.03372549	0.004798422	-0.0062831854	0	0	0.9993512	-0.03372549	0.004798422	3.0114948e-20	-1
0	0.9992194	-0.037419297	0.004807142	-0.009424778	0	0	0.9992194	-0.037419297	0.004807142	3.1368686e-20	-1
0	0.9990354	-0.04203712	0.0048151254	-0.012566371	0	0	0.9990354	-0.04203712	0.0048151254	3.262222e-20	-1
0	0.9983572	-0.055855565	0.00482582	-0.018849555	0	0	0.9983572	-0.055855565	0.00482582	3.5128322e-20	-1
0	0.99639285	-0.08387178	0.0048104664	-0.025132742	0	0	0.99639285	-0.08387178	0.0048104664	3.7631493e-20	-1
0	-0.9998239	0.014138102	-0.0046659242	-0.03769911	0	0	-0.9998239	0.014138102	-0.0046659242	1.25557366e-20	-1
0	-0.99985135	0.012128138	-0.0046291137	-0.050265484	0	0	-0.99985135	0.012128138	-0.0046291137	7.5380396e-21	-1
0	-0.9998694	0.010615893	-0.0045929877	-0.06283186	0	0	-0.9998694	0.010615893	-0.0045929877	2.5202327e-21	-1
0	-0.9998694	0.010615893	-0.0045929877	-0.06283186	0	0	-0.9998694	0.010615893	-0.0045929877	2.5202327e-21	1
0	-0.9998513	0.012126921	-0.0046291137	-0.050265484	0	0	-0.9998513	0.012126921	-0.0046291137	7.538038e-21	1
0	-0.9998239	0.014141351	-0.0046659247	-0.03769911	0	0	-0.9998239	0.014141351	-0.0046659247	1.2555737e-20	1
0	-0.9997791	0.016954992	-0.0047034426	-0.025132742	0	0	-0.9997791	0.016954992	-0.0047034426	1.7573253e-20	1
0	-0.99974513	0.018829456	-0.0047224537	-0.018849555	0	0	-0.99974513	0.018829456	-0.0047224537	2.0081916e-20	1
0	-0.9996978	0.021166759	-0.0047415975	-0.012566371	0	0	-0.9996978	0.021166759	-0.0047415975	2.259047e-20	1
0	-0.9996669	0.022565812	-0.0047512003	-0.009424778	0	0	-0.9996669	0.022565812	-0.0047512003	2.3844698e-20	1
0	-0.99962926	0.024165895	-0.0047608037	-0.0062831854	0	0	-0.99962926	0.024165895	-0.0047608037	2.5098886e-20	1
0	-0.99959284	0.02562112	-0.0047684684	-0.0037699111	0	0	-0.99959284	0.02562112	-0.0047684684	2.61022e-20	1
0	-0.99957216	0.02641272	-0.00477229	-0.002513274	0	0	-0.99957216	0.02641272	-0.00477229	2.6603838e-20	1
0	-0.99956095	0.026830126	-0.0047741956	-0.0018849556	0	0	-0.99956095	0.026830126	-0.0047741956	2.6854654e-20	1
0	-0.9995494	0.027252983	-0.004776098	-0.001256637	0	0	-0.9995494	0.027252983	-0.004776098	2.7105468e-20	1
0	-0.9995494	0.027252983	-0.004776098	-0.0010053096	0	0	-0.9995494	0.027252983	-0.004776098	2.7205793e-20	1
0	-0.9995371	0.02769823	-0.0047779963	-0.0006283185	0	0	-0.9995371	0.02769823	-0.0047779963	2.7356278e-20	1
0	-0.9995296	0.02796815	-0.004779134	-0.0002513274	0	0	-0.9995296	0.02796815	-0.004779134	2.7506764e-20	1
0	-0.9995296	0.02796815	-0.004779134	-0.0001256637	0	0	-0.9995296	0.02796815	-0.004779134	2.7556924e-20	1
0	-0.9995296	0.02796815	-0.004779134	-6.283185e-05	0	0	-0.9995296	0.02796815	-0.004779134	2.7582005e-20	1
0	-0.9995296	0.02796815	-0.004779134	-2.5132742e-05	0	0	-0.9995296	0.02796815	-0.004779134	2.7597052e-20	1
0	-0.9995296	0.02796815	-0.004779134	-1.2566371e-05	0	0	-0.9995296	0.02796815	-0.004779134	2.760207e-20	1
0	-0.9995296	0.02796815	-0.004779134	-6.2831855e-06	0	0	-0.9995296	0.02796815	-0.004779134	2.7604578e-20	1
0	-0.9995296	0.02796815	-0.004779134	-2.513274e-06	0	0	-0.9995296	0.02796815	-0.004779134	2.7606083e-20	1
0	-0.9995296	0.02796815	-0.004779134	-1.256637e-06	0	0	-0.9995296	0.02796815	-0.004779134	2.7606584e-20	1
0	-0.9995296	0.02796815	-0.004779134	-6.283185e-07	0	0	-0.9995296	0.02796815	-0.004779134	2.7606836e-20	1
0	-0.9995296	0.02796815	-0.004779134	-2.513274e-07	0	0	-0.9995296	0.02796815	-0.004779134	2.7606985e-20	1
0	-0.9995296	0.02796815	-0.004779134	-1.256637e-07	0	0	-0.9995296	0.02796815	-0.004779134	2.7607037e-20	1
0	-0.9995296	0.02796815	-0.004779134	0	0	0	-0.9995296	0.02796815	-0.004779134	2.7607085e-20	1
0	-0.9995296	0.02796815	-0.004779134	1.256637e-07	0	0	-0.9995296	0.02796815	-0.004779134	2.7607137e-20	1
0	-0.9995296	0.02796815	-0.004779134	2.513274e-07	0	0	-0.9995296	0.02796815	-0.004779134	2.7607185e-20	1
0	-0.9995296	0.02796815	-0.004779134	6.283185e-07	0	0	-0.9995296	0.02796815	-0.004779134	2.7607337e-20	1
0	-0.9995296	0.02796815	-0.004779134	1.256637e-06	0	0	-0.9995296	0.02796815	-0.004779134	2.760759e-20	1
0	-0.9995296	0.02796815	-0.004779134	2.513274e-06	0	0	-0.9995296	0.02796815	-0.004779134	2.760809e-20	1
0	-0.9995296	0.02796815	-0.004779134	6.2831855e-06	0	0	-0.9995296	0.02796815	-0.004779134	2.7609592e-20	1
0	-0.9995296	0.02796815	-0.004779134	1.2566371e-05	0	0	-0.9995296	0.02796815	-0.004779134	2.7612103e-20	1
0	-0.9995296	0.02796815	-0.004779134	2.5132742e-05	0	0	-0.9995296	0.02796815	-0.004779134	2.7617118e-20	1
0	-0.9995229	0.02820467	-0.0047800764	6.283185e-05	0	0	-0.9995229	0.02820467	-0.0047800764	2.7632165e-20	1
0	-0.9995229	0.02820467	-0.0047800764	0.0001256637	0	0	-0.9995229	0.02820467	-0.0047800764	2.7657246e-20	1
0	-0.9995229	0.02820467	-0.0047800764	0.0002513274	0	0	-0.9995229	0.02820467	-0.0047800764	2.7707407e-20	1
0	-0.99951077	0.0286313	-0.00478178	0.0006283185	0	0	-0.99951077	0.0286313	-0.00478178	2.7857892e-20	1
0	-0.9995023	0.028922532	-0.0047829114	0.0010053096	0	0	-0.9995023	0.028922532	-0.0047829114	2.800837e-20	1
0	-0.9995023	0.028922532	-0.0047829114	0.001256637	0	0	-0.9995023	0.028922532	-0.0047829114	2.8108693e-20	1
0	-0.9994818	0.029621266	-0.0047855414	0.0018849556	0	0	-0.9994818	0.029621266	-0.0047855414	2.835949e-20	1
0	-0.99946606	0.030146118	-0.004787411	0.002513274	0	0	-0.99946606	0.030146118	-0.004787411	2.861028e-20	1
0	-0.99943197	0.031250827	-0.0047911247	0.0037699111	0	0	-0.99943197	0.031250827	-0.0047911247	2.9111853e-20	1
0	-0.99935126	0.033724047	-0.004798468	0.0062831854	0	0	-0.99935126	0.033724047	-0.004798468	3.0114948e-20	1
0	-0.9992192	0.03742616	-0.0048071397	0.009424778	0	0	-0.9992192	0.03742616	-0.0048071397	3.1368686e-20	1
0	-0.9990355	0.042036027	-0.004815125	0.012566371	0	0	-0.9990355	0.042036027	-0.004815125	3.262222e-20	1
0	-0.99835694	0.055859476	-0.004825812	0.018849555	0	0	-0.99835694	0.055859476	-0.004825812	3.5128322e-20	1
0	-0.9963949	0.08384784	-0.004810506	0.025132742	0	0	-0.9963949	0.08384784	-0.004810506	3.7631493e-20	1
0	0.9998239	-0.014141881	0.004665927	0.03769911	0	0	0.9998239	-0.014141881	0.004665927	1.2555736e-20	1
0	0.99985135	-0.012127984	0.0046291146	0.050265484	0	0	0.99985135	-0.012127984	0.0046291146	7.538037e-21	1
0	0.99986935	-0.010615982	0.0045929872	0.06283186	0	0	0.99986935	-0.010615982	0.0045929872	2.5202307e-21	1
