# t (s)	mx ()	my ()	mz ()	B_extx (T)	B_exty (T)	B_extz (T)	mx ()	my ()	mz ()	E_total (J)	branch ()
0	-0.02726505	0.9995483	-0.0054740347	0	0.06283186	0	-0.02726505	0.9995483	-0.0054740347	4.1590286e-21	-1
0	-0.031985097	0.99940735	-0.005519446	0	0.050265484	0	-0.031985097	0.99940735	-0.005519446	9.174942e-21	-1
0	-0.038658034	0.9991703	-0.005565486	0	0.03769911	0	-0.038658034	0.9991703	-0.005565486	1.4189931e-20	-1
0	-0.048811167	0.99872434	-0.005611442	0	0.025132742	0	-0.048811167	0.99872434	-0.005611442	1.9203279e-20	-1
0	-0.056144953	0.99833816	-0.0056336746	0	0.018849555	0	-0.056144953	0.99833816	-0.0056336746	2.1708879e-20	-1
0	-0.06601013	0.9977335	-0.005654321	0	0.012566371	0	-0.06601013	0.9977335	-0.005654321	2.4213263e-20	-1
0	-0.07234526	0.9972936	-0.0056634415	0	0.009424778	0	-0.07234526	0.9972936	-0.0056634415	2.5464786e-20	-1
0	-0.07997577	0.99670994	-0.0056711263	0	0.0062831854	0	-0.07997577	0.99670994	-0.0056711263	2.6715666e-20	-1
0	-0.08732635	0.9960922	-0.0056756823	0	0.0037699111	0	-0.08732635	0.9960922	-0.0056756823	2.7715772e-20	-1
0	-0.09150044	0.99571705	-0.005677217	0	0.002513274	0	-0.09150044	0.99571705	-0.005677217	2.821557e-20	-1
0	-0.09378053	0.99550474	-0.0056777084	0	0.0018849556	0	-0.09378053	0.99550474	-0.0056777084	2.846539e-20	-1
0	-0.0961542	0.995278	-0.005678013	0	0.001256637	0	-0.0961542	0.995278	-0.005678013	2.8715158e-20	-1
0	-0.0961542	0.995278	-0.005678013	0	0.0010053096	0	-0.0961542	0.995278	-0.005678013	2.8815053e-20	-1
0	-0.09864502	0.995034	-0.005678136	0	0.0006283185	0	-0.09864502	0.995034	-0.005678136	2.896487e-20	-1
0	-0.100182764	0.9948802	-0.005678106	0	0.0002513274	0	-0.100182764	0.9948802	-0.005678106	2.9114667e-20	-1
0	-0.100182764	0.9948802	-0.005678106	0	0.0001256637	0	-0.100182764	0.9948802	-0.005678106	2.9164595e-20	-1
0	-0.100182764	0.9948802	-0.005678106	0	6.283185e-05	0	-0.100182764	0.9948802	-0.005678106	2.918956e-20	-1
0	-0.100182764	0.9948802	-0.005678106	0	2.5132742e-05	0	-0.100182764	0.9948802	-0.005678106	2.9204536e-20	-1
0	-0.100182764	0.9948802	-0.005678106	0	1.2566371e-05	0	-0.100182764	0.9948802	-0.005678106	2.920953e-20	-1
0	-0.100182764	0.9948802	-0.005678106	0	6.2831855e-06	0	-0.100182764	0.9948802	-0.005678106	2.9212026e-20	-1
0	-0.100182764	0.9948802	-0.005678106	0	2.513274e-06	0	-0.100182764	0.9948802	-0.005678106	2.9213525e-20	-1
0	-0.100182764	0.9948802	-0.005678106	0	1.256637e-06	0	-0.100182764	0.9948802	-0.005678106	2.9214022e-20	-1
0	-0.100182764	0.9948802	-0.005678106	0	6.283185e-07	0	-0.100182764	0.9948802	-0.005678106	2.921427e-20	-1
0	-0.100182764	0.9948802	-0.005678106	0	2.513274e-07	0	-0.100182764	0.9948802	-0.005678106	2.9214423e-20	-1
0	-0.100182764	0.9948802	-0.005678106	0	1.256637e-07	0	-0.100182764	0.9948802	-0.005678106	2.921447e-20	-1
0	-0.100182764	0.9948802	-0.005678106	0	0	0	-0.100182764	0.9948802	-0.005678106	2.9214523e-20	-1
0	-0.100182764	0.9948802	-0.005678106	0	-1.256637e-07	0	-0.100182764	0.9948802	-0.005678106	2.9214572e-20	-1
0	-0.100182764	0.9948802	-0.005678106	0	-2.513274e-07	0	-0.100182764	0.9948802	-0.005678106	2.9214623e-20	-1
0	-0.100182764	0.9948802	-0.005678106	0	-6.283185e-07	0	-0.100182764	0.9948802	-0.005678106	2.9214772e-20	-1
0	-0.100182764	0.9948802	-0.005678106	0	-1.256637e-06	0	-0.100182764	0.9948802	-0.005678106	2.921502e-20	-1
0	-0.100182764	0.9948802	-0.005678106	0	-2.513274e-06	0	-0.100182764	0.9948802	-0.005678106	2.9215522e-20	-1
0	-0.100182764	0.9948802	-0.005678106	0	-6.2831855e-06	0	-0.100182764	0.9948802	-0.005678106	2.9217018e-20	-1
0	-0.100182764	0.9948802	-0.005678106	0	-1.2566371e-05	0	-0.100182764	0.9948802	-0.005678106	2.9219515e-20	-1
0	-0.100182764	0.9948802	-0.005678106	0	-2.5132742e-05	0	-0.100182764	0.9948802	-0.005678106	2.9224508e-20	-1
0	-0.10151529	0.994745	-0.0056780046	0	-6.283185e-05	0	-0.10151529	0.994745	-0.0056780046	2.9239478e-20	-1
0	-0.10151529	0.994745	-0.0056780046	0	-0.0001256637	0	-0.10151529	0.994745	-0.0056780046	2.9264438e-20	-1
0	-0.10151529	0.994745	-0.0056780046	0	-0.0002513274	0	-0.10151529	0.994745	-0.0056780046	2.931436e-20	-1
0	-0.103983216	0.9944898	-0.0056776702	0	-0.0006283185	0	-0.103983216	0.9944898	-0.0056776702	2.9464096e-20	-1
0	-0.105724365	0.99430615	-0.005677281	0	-0.0010053096	0	-0.105724365	0.99430615	-0.005677281	2.961381e-20	-1
0	-0.105724365	0.99430615	-0.005677281	0	-0.001256637	0	-0.105724365	0.99430615	-0.005677281	2.9713607e-20	-1
0	-0.109984696	0.99384344	-0.005675964	0	-0.0018849556	0	-0.109984696	0.99384344	-0.005675964	2.996302e-20	-1
0	-0.113231555	0.9934784	-0.005674582	0	-0.002513274	0	-0.113231555	0.9934784	-0.005674582	3.0212358e-20	-1
0	-0.12039432	0.99263525	-0.005670397	0	-0.0037699111	0	-0.12039432	0.99263525	-0.005670397	3.0710728e-20	-1
0	-0.13787693	0.99035645	-0.005654307	0	-0.0062831854	0	-0.13787693	0.99035645	-0.005654307	3.1705972e-20	-1
0	-0.16936418	0.9854566	-0.0056066494	0	-0.009424778	0	-0.16936418	0.9854566	-0.0056066494	3.2945764e-20	-1
0	-0.22802655	0.97354865	-0.0054622972	0	-0.012566371	0	-0.22802655	0.97354865	-0.0054622972	3.4176082e-20	-1
0	0.05615209	-0.99833775	0.0056336736	0	-0.018849555	0	0.05615209	-0.99833775	0.0056336736	2.1708882e-20	-1
0	0.048820347	-0.998724	0.0056114392	0	-0.025132742	0	0.048820347	-0.998724	0.0056114392	1.9203282e-20	-1
0	0.038670927	-0.9991698	0.0055654864	0	-0.03769911	0	0.038670927	-0.9991698	0.0055654864	1.4189931e-20	-1
0	0.03199272	-0.9994071	0.005519443	0	-0.050265484	0	0.03199272	-0.9994071	0.005519443	9.1749395e-21	-1
0	0.027266528	-0.9995483	0.0054740384	0	-0.06283186	0	0.027266528	-0.9995483	0.0054740384	4.1590253e-21	-1
0	0.027266528	-0.9995483	0.0054740384	0	-0.06283186	0	0.027266528	-0.9995483	0.0054740384	4.1590253e-21	1
0	0.031988308	-0.9994073	0.005519447	0	-0.050265484	0	0.031988308	-0.9994073	0.005519447	9.17494e-21	1
0	0.038665242	-0.99917	0.0055654873	0	-0.03769911	0	0.038665242	-0.99917	0.0055654873	1.4189933e-20	1
0	0.048815127	-0.9987242	0.005611441	0	-0.025132742	0	0.048815127	-0.9987242	0.005611441	1.9203282e-20	1
0	0.05614771	-0.998338	0.005633675	0	-0.018849555	0	0.05614771	-0.998338	0.005633675	2.1708885e-20	1
0	0.066010065	-0.9977335	0.005654321	0	-0.012566371	0	0.066010065	-0.9977335	0.005654321	2.4213266e-20	1
0	0.07233332	-0.9972944	0.005663443	0	-0.009424778	0	0.07233332	-0.9972944	0.005663443	2.5464784e-20	1
0	0.07997143	-0.9967103	0.0056711356	0	-0.0062831854	0	0.07997143	-0.9967103	0.0056711356	2.6715669e-20	1
0	0.08732713	-0.9960922	0.0056756902	0	-0.0037699111	0	0.08732713	-0.9960922	0.0056756902	2.7715772e-20	1
0	0.09152439	-0.9957149	0.0056772027	0	-0.002513274	0	0.09152439	-0.9957149	0.0056772027	2.8215567e-20	1
0	0.09379643	-0.9955032	0.0056776945	0	-0.0018849556	0	0.09379643	-0.9955032	0.0056776945	2.8465388e-20	1
0	0.096142314	-0.9952792	0.0056780353	0	-0.001256637	0	0.096142314	-0.9952792	0.0056780353	2.8715158e-20	1
0	0.096142314	-0.9952792	0.0056780353	0	-0.0010053096	0	0.096142314	-0.9952792	0.0056780353	2.8815053e-20	1
0	0.09861857	-0.9950366	0.005678159	0	-0.0006283185	0	0.09861857	-0.9950366	0.005678159	2.896487e-20	1
0	0.100174785	-0.99488103	0.005678124	0	-0.0002513274	0	0.100174785	-0.99488103	0.005678124	2.9114667e-20	1
0	0.100174785	-0.99488103	0.005678124	0	-0.0001256637	0	0.100174785	-0.99488103	0.005678124	2.9164595e-20	1
0	0.100174785	-0.99488103	0.005678124	0	-6.283185e-05	0	0.100174785	-0.99488103	0.005678124	2.918956e-20	1
0	0.100174785	-0.99488103	0.005678124	0	-2.5132742e-05	0	0.100174785	-0.99488103	0.005678124	2.920454e-20	1
0	0.100174785	-0.99488103	0.005678124	0	-1.2566371e-05	0	0.100174785	-0.99488103	0.005678124	2.920953e-20	1
0	0.100174785	-0.99488103	0.005678124	0	-6.2831855e-06	0	0.100174785	-0.99488103	0.005678124	2.921203e-20	1
0	0.100174785	-0.99488103	0.005678124	0	-2.513274e-06	0	0.100174785	-0.99488103	0.005678124	2.9213525e-20	1
0	0.100174785	-0.99488103	0.005678124	0	-1.256637e-06	0	0.100174785	-0.99488103	0.005678124	2.9214026e-20	1
0	0.100174785	-0.99488103	0.005678124	0	-6.283185e-07	0	0.100174785	-0.99488103	0.005678124	2.9214274e-20	1
0	0.100174785	-0.99488103	0.005678124	0	-2.513274e-07	0	0.100174785	-0.99488103	0.005678124	2.9214423e-20	1
0	0.100174785	-0.99488103	0.005678124	0	-1.256637e-07	0	0.100174785	-0.99488103	0.005678124	2.9214475e-20	1
0	0.100174785	-0.99488103	0.005678124	0	0	0	0.100174785	-0.99488103	0.005678124	2.9214523e-20	1
0	0.100174785	-0.99488103	0.005678124	0	1.256637e-07	0	0.100174785	-0.99488103	0.005678124	2.9214575e-20	1
0	0.100174785	-0.99488103	0.005678124	0	2.513274e-07	0	0.100174785	-0.99488103	0.005678124	2.9214623e-20	1
0	0.100174785	-0.99488103	0.005678124	0	6.283185e-07	0	0.100174785	-0.99488103	0.005678124	2.9214775e-20	1
0	0.100174785	-0.99488103	0.005678124	0	1.256637e-06	0	0.100174785	-0.99488103	0.005678124	2.9215024e-20	1
0	0.100174785	-0.99488103	0.005678124	0	2.513274e-06	0	0.100174785	-0.99488103	0.005678124	2.9215522e-20	1
0	0.100174785	-0.99488103	0.005678124	0	6.2831855e-06	0	0.100174785	-0.99488103	0.005678124	2.921702e-20	1
0	0.100174785	-0.99488103	0.005678124	0	1.2566371e-05	0	0.100174785	-0.99488103	0.005678124	2.921952e-20	1
0	0.100174785	-0.99488103	0.005678124	0	2.5132742e-05	0	0.100174785	-0.99488103	0.005678124	2.922451e-20	1
0	0.101506144	-0.99474597	0.005678014	0	6.283185e-05	0	0.101506144	-0.99474597	0.005678014	2.9239474e-20	1
0	0.101506144	-0.99474597	0.005678014	0	0.0001256637	0	0.101506144	-0.99474597	0.005678014	2.9264435e-20	1
0	0.101506144	-0.99474597	0.005678014	0	0.0002513274	0	0.101506144	-0.99474597	0.005678014	2.9314357e-20	1
0	0.10399738	-0.99448836	0.005677663	0	0.0006283185	0	0.10399738	-0.99448836	0.005677663	2.9464093e-20	1
0	0.1057253	-0.99430597	0.0056772856	0	0.0010053096	0	0.1057253	-0.99430597	0.0056772856	2.9613806e-20	1
0	0.1057253	-0.99430597	0.0056772856	0	0.001256637	0	0.1057253	-0.99430597	0.0056772856	2.9713604e-20	1
0	0.10997932	-0.99384403	0.0056759696	0	0.0018849556	0	0.10997932	-0.99384403	0.0056759696	2.9963025e-20	1
0	0.11328709	-0.9934721	0.005674516	0	0.002513274	0	0.11328709	-0.9934721	0.005674516	3.0212355e-20	1
0	0.12034303	-0.99264145	0.005670462	0	0.0037699111	0	0.12034303	-0.99264145	0.005670462	3.071073e-20	1
0	0.13787377	-0.9903569	0.0056542996	0	0.0062831854	0	0.13787377	-0.9903569	0.0056542996	3.1705972e-20	1
0	0.1693702	-0.9854555	0.005606642	0	0.009424778	0	0.1693702	-0.9854555	0.005606642	3.2945764e-20	1
0	0.22799137	-0.9735569	0.00546241	0	0.012566371	0	0.22799137	-0.9735569	0.00546241	3.4176085e-20	1
0	-0.056151696	0.9983378	-0.0056336736	0	0.018849555	0	-0.056151696	0.9983378	-0.0056336736	2.1708882e-20	1
0	-0.048818402	0.99872404	-0.005611441	0	0.025132742	0	-0.048818402	0.99872404	-0.005611441	1.9203277e-20	1
0	-0.038668696	0.9991699	-0.0055654882	0	0.03769911	0	-0.038668696	0.9991699	-0.0055654882	1.4189928e-20	1
0	-0.031992067	0.9994071	-0.005519447	0	0.050265484	0	-0.031992067	0.9994071	-0.005519447	9.174938e-21	1
0	-0.027267087	0.9995483	-0.00547404	0	0.06283186	0	-0.027267087	0.9995483	-0.00547404	4.1590233e-21	1
