# t (s)	mx ()	my ()	mz ()	B_extx (T)	B_exty (T)	B_extz (T)	mx ()	my ()	mz ()	E_total (J)	branch ()
0	-0.013696347	0.9998406	-0.0011894691	0	0.06283186	0	-0.013696347	0.9998406	-0.0011894691	4.549302e-21	-1
0	-0.0161721	0.9998028	-0.0011945677	0	0.050265484	0	-0.0161721	0.9998028	-0.0011945677	9.5669205e-21	-1
0	-0.01973262	0.9997381	-0.0011977113	0	0.03769911	0	-0.01973262	0.9997381	-0.0011977113	1.458429e-20	-1
0	-0.025307175	0.99961174	-0.0011969209	0	0.025132742	0	-0.025307175	0.99961174	-0.0011969209	1.9601206e-20	-1
0	-0.02946866	0.9994972	-0.00119381	0	0.018849555	0	-0.02946866	0.9994972	-0.00119381	2.2109352e-20	-1
0	-0.035234645	0.99931	-0.0011874315	0	0.012566371	0	-0.035234645	0.99931	-0.0011874315	2.4617126e-20	-1
0	-0.039064944	0.9991673	-0.0011822709	0	0.009424778	0	-0.039064944	0.9991673	-0.0011822709	2.5870804e-20	-1
0	-0.043803755	0.9989704	-0.0011752066	0	0.0062831854	0	-0.043803755	0.9989704	-0.0011752066	2.7124267e-20	-1
0	-0.04850153	0.9987531	-0.0011676038	0	0.0037699111	0	-0.04850153	0.9987531	-0.0011676038	2.8126832e-20	-1
0	-0.051257648	0.9986152	-0.0011629276	0	0.002513274	0	-0.051257648	0.9986152	-0.0011629276	2.8628023e-20	-1
0	-0.052758247	0.99853694	-0.0011603229	0	0.0018849556	0	-0.052758247	0.99853694	-0.0011603229	2.887859e-20	-1
0	-0.05434829	0.9984516	-0.0011575229	0	0.001256637	0	-0.05434829	0.9984516	-0.0011575229	2.9129136e-20	-1
0	-0.05434829	0.9984516	-0.0011575229	0	0.0010053096	0	-0.05434829	0.9984516	-0.0011575229	2.922935e-20	-1
0	-0.0560283	0.9983586	-0.0011545245	0	0.0006283185	0	-0.0560283	0.9983586	-0.0011545245	2.9379662e-20	-1
0	-0.057081327	0.9982989	-0.0011526388	0	0.0002513274	0	-0.057081327	0.9982989	-0.0011526388	2.9529967e-20	-1
0	-0.057081327	0.9982989	-0.0011526388	0	0.0001256637	0	-0.057081327	0.9982989	-0.0011526388	2.9580066e-20	-1
0	-0.057081327	0.9982989	-0.0011526388	0	6.283185e-05	0	-0.057081327	0.9982989	-0.0011526388	2.9605117e-20	-1
0	-0.057081327	0.9982989	-0.0011526388	0	2.5132742e-05	0	-0.057081327	0.9982989	-0.0011526388	2.9620145e-20	-1
0	-0.05778086	0.9982586	-0.0011513536	0	1.2566371e-05	0	-0.05778086	0.9982586	-0.0011513536	2.9625154e-20	-1
0	-0.05778086	0.9982586	-0.0011513536	0	6.2831855e-06	0	-0.05778086	0.9982586	-0.0011513536	2.962766e-20	-1
0	-0.05778086	0.9982586	-0.0011513536	0	2.513274e-06	0	-0.05778086	0.9982586	-0.0011513536	2.9629164e-20	-1
0	-0.05778086	0.9982586	-0.0011513536	0	1.256637e-06	0	-0.05778086	0.9982586	-0.0011513536	2.9629664e-20	-1
0	-0.05778086	0.9982586	-0.0011513536	0	6.283185e-07	0	-0.05778086	0.9982586	-0.0011513536	2.9629913e-20	-1
0	-0.05778086	0.9982586	-0.0011513536	0	2.513274e-07	0	-0.05778086	0.9982586	-0.0011513536	2.9630065e-20	-1
0	-0.05778086	0.9982586	-0.0011513536	0	1.256637e-07	0	-0.05778086	0.9982586	-0.0011513536	2.9630114e-20	-1
0	-0.05778086	0.9982586	-0.0011513536	0	0	0	-0.05778086	0.9982586	-0.0011513536	2.9630165e-20	-1
0	-0.05778086	0.9982586	-0.0011513536	0	-1.256637e-07	0	-0.05778086	0.9982586	-0.0011513536	2.9630214e-20	-1
0	-0.05778086	0.9982586	-0.0011513536	0	-2.513274e-07	0	-0.05778086	0.9982586	-0.0011513536	2.9630265e-20	-1
0	-0.05778086	0.9982586	-0.0011513536	0	-6.283185e-07	0	-0.05778086	0.9982586	-0.0011513536	2.9630414e-20	-1
0	-0.05778086	0.9982586	-0.0011513536	0	-1.256637e-06	0	-0.05778086	0.9982586	-0.0011513536	2.9630666e-20	-1
0	-0.05778086	0.9982586	-0.0011513536	0	-2.513274e-06	0	-0.05778086	0.9982586	-0.0011513536	2.9631167e-20	-1
0	-0.05778086	0.9982586	-0.0011513536	0	-6.2831855e-06	0	-0.05778086	0.9982586	-0.0011513536	2.963267e-20	-1
0	-0.05778086	0.9982586	-0.0011513536	0	-1.2566371e-05	0	-0.05778086	0.9982586	-0.0011513536	2.9635174e-20	-1
0	-0.05778086	0.9982586	-0.0011513536	0	-2.5132742e-05	0	-0.05778086	0.9982586	-0.0011513536	2.9640185e-20	-1
0	-0.05778086	0.9982586	-0.0011513536	0	-6.283185e-05	0	-0.05778086	0.9982586	-0.0011513536	2.9655213e-20	-1
0	-0.05778086	0.9982586	-0.0011513536	0	-0.0001256637	0	-0.05778086	0.9982586	-0.0011513536	2.968026e-20	-1
0	-0.05778086	0.9982586	-0.0011513536	0	-0.0002513274	0	-0.05778086	0.9982586	-0.0011513536	2.973036e-20	-1
0	-0.0597176	0.99814445	-0.0011478019	0	-0.0006283185	0	-0.0597176	0.99814445	-0.0011478019	2.988064e-20	-1
0	-0.060928244	0.9980712	-0.0011455532	0	-0.0010053096	0	-0.060928244	0.9980712	-0.0011455532	3.0030905e-20	-1
0	-0.060928244	0.9980712	-0.0011455532	0	-0.001256637	0	-0.060928244	0.9980712	-0.0011455532	3.013108e-20	-1
0	-0.06394299	0.99788237	-0.0011398867	0	-0.0018849556	0	-0.06394299	0.99788237	-0.0011398867	3.0381494e-20	-1
0	-0.066298276	0.99772847	-0.0011353954	0	-0.002513274	0	-0.066298276	0.99772847	-0.0011353954	3.0631868e-20	-1
0	-0.07154269	0.99736583	-0.0011252193	0	-0.0037699111	0	-0.07154269	0.99736583	-0.0011252193	3.1132487e-20	-1
0	-0.085007936	0.9963076	-0.0010979644	0	-0.0062831854	0	-0.085007936	0.9963076	-0.0010979644	3.2133056e-20	-1
0	-0.112204015	0.99361	-0.0010397274	0	-0.009424778	0	-0.112204015	0.99361	-0.0010397274	3.3381607e-20	-1
0	-0.17659491	0.9842005	-0.0008918461	0	-0.012566371	0	-0.17659491	0.9842005	-0.0008918461	3.4623984e-20	-1
0	0.029469654	-0.9994972	0.0011938082	0	-0.018849555	0	0.029469654	-0.9994972	0.0011938082	2.2109349e-20	-1
0	0.025323039	-0.99961126	0.0011968897	0	-0.025132742	0	0.025323039	-0.99961126	0.0011968897	1.9601206e-20	-1
0	0.0197405	-0.999738	0.0011976657	0	-0.03769911	0	0.0197405	-0.999738	0.0011976657	1.4584291e-20	-1
0	0.016173575	-0.9998028	0.0011945653	0	-0.050265484	0	0.016173575	-0.9998028	0.0011945653	9.566922e-21	-1
0	0.013699472	-0.9998406	0.001189464	0	-0.06283186	0	0.013699472	-0.9998406	0.001189464	4.549303e-21	-1
0	0.013699472	-0.9998406	0.001189464	0	-0.06283186	0	0.013699472	-0.9998406	0.001189464	4.549303e-21	1
0	0.016169522	-0.99980295	0.0011945777	0	-0.050265484	0	0.016169522	-0.99980295	0.0011945777	9.566921e-21	1
0	0.019736793	-0.9997381	0.0011976764	0	-0.03769911	0	0.019736793	-0.9997381	0.0011976764	1.458429e-20	1
0	0.025318658	-0.9996114	0.0011968979	0	-0.025132742	0	0.025318658	-0.9996114	0.0011968979	1.9601206e-20	1
0	0.029460609	-0.9994974	0.0011938263	0	-0.018849555	0	0.029460609	-0.9994974	0.0011938263	2.210935e-20	1
0	0.0352427	-0.99930966	0.0011874116	0	-0.012566371	0	0.0352427	-0.99930966	0.0011874116	2.4617126e-20	1
0	0.0390562	-0.9991676	0.0011822787	0	-0.009424778	0	0.0390562	-0.9991676	0.0011822787	2.58708e-20	1
0	0.04379651	-0.99897075	0.0011752126	0	-0.0062831854	0	0.04379651	-0.99897075	0.0011752126	2.7124264e-20	1
0	0.04850296	-0.99875295	0.0011676016	0	-0.0037699111	0	0.04850296	-0.99875295	0.0011676016	2.812683e-20	1
0	0.05126434	-0.9986148	0.0011629133	0	-0.002513274	0	0.05126434	-0.9986148	0.0011629133	2.8628023e-20	1
0	0.052767657	-0.99853647	0.0011603009	0	-0.0018849556	0	0.052767657	-0.99853647	0.0011603009	2.8878588e-20	1
0	0.054316588	-0.99845326	0.0011575895	0	-0.001256637	0	0.054316588	-0.99845326	0.0011575895	2.9129143e-20	1
0	0.05501882	-0.99841475	0.0011563278	0	-0.0010053096	0	0.05501882	-0.99841475	0.0011563278	2.922935e-20	1
0	0.0560305	-0.9983584	0.0011545141	0	-0.0006283185	0	0.0560305	-0.9983584	0.0011545141	2.9379662e-20	1
0	0.05708216	-0.99829876	0.0011526246	0	-0.0002513274	0	0.05708216	-0.99829876	0.0011526246	2.952997e-20	1
0	0.05708216	-0.99829876	0.0011526246	0	-0.0001256637	0	0.05708216	-0.99829876	0.0011526246	2.958007e-20	1
0	0.05708216	-0.99829876	0.0011526246	0	-6.283185e-05	0	0.05708216	-0.99829876	0.0011526246	2.9605117e-20	1
0	0.05708216	-0.99829876	0.0011526246	0	-2.5132742e-05	0	0.05708216	-0.99829876	0.0011526246	2.962015e-20	1
0	0.05708216	-0.99829876	0.0011526246	0	-1.2566371e-05	0	0.05708216	-0.99829876	0.0011526246	2.9625157e-20	1
0	0.05708216	-0.99829876	0.0011526246	0	-6.2831855e-06	0	0.05708216	-0.99829876	0.0011526246	2.9627664e-20	1
0	0.05708216	-0.99829876	0.0011526246	0	-2.513274e-06	0	0.05708216	-0.99829876	0.0011526246	2.9629167e-20	1
0	0.05708216	-0.99829876	0.0011526246	0	-1.256637e-06	0	0.05708216	-0.99829876	0.0011526246	2.9629668e-20	1
0	0.05708216	-0.99829876	0.0011526246	0	-6.283185e-07	0	0.05708216	-0.99829876	0.0011526246	2.9629917e-20	1
0	0.05708216	-0.99829876	0.0011526246	0	-2.513274e-07	0	0.05708216	-0.99829876	0.0011526246	2.9630068e-20	1
0	0.05708216	-0.99829876	0.0011526246	0	-1.256637e-07	0	0.05708216	-0.99829876	0.0011526246	2.9630117e-20	1
0	0.05708216	-0.99829876	0.0011526246	0	0	0	0.05708216	-0.99829876	0.0011526246	2.963017e-20	1
0	0.05708216	-0.99829876	0.0011526246	0	1.256637e-07	0	0.05708216	-0.99829876	0.0011526246	2.963022e-20	1
0	0.05708216	-0.99829876	0.0011526246	0	2.513274e-07	0	0.05708216	-0.99829876	0.0011526246	2.963027e-20	1
0	0.05708216	-0.99829876	0.0011526246	0	6.283185e-07	0	0.05708216	-0.99829876	0.0011526246	2.963042e-20	1
0	0.05708216	-0.99829876	0.0011526246	0	1.256637e-06	0	0.05708216	-0.99829876	0.0011526246	2.963067e-20	1
0	0.05708216	-0.99829876	0.0011526246	0	2.513274e-06	0	0.05708216	-0.99829876	0.0011526246	2.963117e-20	1
0	0.05708216	-0.99829876	0.0011526246	0	6.2831855e-06	0	0.05708216	-0.99829876	0.0011526246	2.9632673e-20	1
0	0.05708216	-0.99829876	0.0011526246	0	1.2566371e-05	0	0.05708216	-0.99829876	0.0011526246	2.963518e-20	1
0	0.05708216	-0.99829876	0.0011526246	0	2.5132742e-05	0	0.05708216	-0.99829876	0.0011526246	2.964019e-20	1
0	0.058002915	-0.9982457	0.0011509464	0	6.283185e-05	0	0.058002915	-0.9982457	0.0011509464	2.965521e-20	1
0	0.058002915	-0.9982457	0.0011509464	0	0.0001256637	0	0.058002915	-0.9982457	0.0011509464	2.9680258e-20	1
0	0.058002915	-0.9982457	0.0011509464	0	0.0002513274	0	0.058002915	-0.9982457	0.0011509464	2.9730358e-20	1
0	0.059717894	-0.9981444	0.0011478004	0	0.0006283185	0	0.059717894	-0.9981444	0.0011478004	2.9880636e-20	1
0	0.06091643	-0.9980719	0.0011455785	0	0.0010053096	0	0.06091643	-0.9980719	0.0011455785	3.0030905e-20	1
0	0.061756216	-0.9980203	0.0011440085	0	0.001256637	0	0.061756216	-0.9980203	0.0011440085	3.013108e-20	1
0	0.06395547	-0.99788165	0.0011398625	0	0.0018849556	0	0.06395547	-0.99788165	0.0011398625	3.0381497e-20	1
0	0.06628695	-0.9977293	0.0011354072	0	0.002513274	0	0.06628695	-0.9977293	0.0011354072	3.0631868e-20	1
0	0.07153414	-0.9973664	0.0011252016	0	0.0037699111	0	0.07153414	-0.9973664	0.0011252016	3.1132493e-20	1
0	0.08509249	-0.99630034	0.0010977783	0	0.0062831854	0	0.08509249	-0.99630034	0.0010977783	3.2133062e-20	1
0	0.11213134	-0.99361825	0.0010398945	0	0.009424778	0	0.11213134	-0.99361825	0.0010398945	3.3381607e-20	1
0	0.17656115	-0.98420656	0.00089192716	0	0.012566371	0	0.17656115	-0.98420656	0.00089192716	3.4623974e-20	1
0	-0.029463701	0.9994973	-0.0011938205	0	0.018849555	0	-0.029463701	0.9994973	-0.0011938205	2.2109352e-20	1
0	-0.02531695	0.9996114	-0.0011969011	0	0.025132742	0	-0.02531695	0.9996114	-0.0011969011	1.9601203e-20	1
0	-0.019745652	0.99973786	-0.001197655	0	0.03769911	0	-0.019745652	0.99973786	-0.001197655	1.4584293e-20	1
0	-0.016173815	0.9998028	-0.001194565	0	0.050265484	0	-0.016173815	0.9998028	-0.001194565	9.566922e-21	1
0	-0.013697265	0.9998406	-0.001189468	0	0.06283186	0	-0.013697265	0.9998406	-0.001189468	4.5493e-21	1
