# t (s)	mx ()	my ()	mz ()	B_extx (T)	B_exty (T)	B_extz (T)	mx ()	my ()	mz ()	E_total (J)	branch ()
0	-0.041431136	0.9990461	-0.007736587	0	0.06283186	0	-0.041431136	0.9990461	-0.007736587	3.4666493e-21	-1
0	-0.048678696	0.99871767	-0.0078015495	0	0.050265484	0	-0.048678696	0.99871767	-0.0078015495	8.479606e-21	-1
0	-0.058901176	0.99816525	-0.0078650415	0	0.03769911	0	-0.058901176	0.99816525	-0.0078650415	1.3490419e-20	-1
0	-0.07432697	0.9971334	-0.00792103	0	0.025132742	0	-0.07432697	0.9971334	-0.00792103	1.8497418e-20	-1
0	-0.08536222	0.99624807	-0.007940985	0	0.018849555	0	-0.08536222	0.99624807	-0.007940985	2.0998439e-20	-1
0	-0.09997782	0.99488616	-0.007948449	0	0.012566371	0	-0.09997782	0.99488616	-0.007948449	2.34967e-20	-1
0	-0.109208435	0.99391437	-0.007943826	0	0.009424778	0	-0.109208435	0.99391437	-0.007943826	2.4744324e-20	-1
0	-0.12016	0.99264884	-0.007930201	0	0.0062831854	0	-0.12016	0.99264884	-0.007930201	2.5990558e-20	-1
0	-0.13050711	0.99134064	-0.007909873	0	0.0037699111	0	-0.13050711	0.99134064	-0.007909873	2.698625e-20	-1
0	-0.13632345	0.9905571	-0.007895462	0	0.002513274	0	-0.13632345	0.9905571	-0.007895462	2.748356e-20	-1
0	-0.13942152	0.9901254	-0.007886956	0	0.0018849556	0	-0.13942152	0.9901254	-0.007886956	2.7732064e-20	-1
0	-0.14263946	0.9896667	-0.007877518	0	0.001256637	0	-0.14263946	0.9896667	-0.007877518	2.7980454e-20	-1
0	-0.14263946	0.9896667	-0.007877518	0	0.0010053096	0	-0.14263946	0.9896667	-0.007877518	2.8079786e-20	-1
0	-0.1460008	0.98917603	-0.007867008	0	0.0006283185	0	-0.1460008	0.98917603	-0.007867008	2.822872e-20	-1
0	-0.14809185	0.98886496	-0.007860138	0	0.0002513274	0	-0.14809185	0.98886496	-0.007860138	2.8377626e-20	-1
0	-0.14809185	0.98886496	-0.007860138	0	0.0001256637	0	-0.14809185	0.98886496	-0.007860138	2.8427254e-20	-1
0	-0.14809185	0.98886496	-0.007860138	0	6.283185e-05	0	-0.14809185	0.98886496	-0.007860138	2.8452066e-20	-1
0	-0.14809185	0.98886496	-0.007860138	0	2.5132742e-05	0	-0.14809185	0.98886496	-0.007860138	2.8466955e-20	-1
0	-0.14809185	0.98886496	-0.007860138	0	1.2566371e-05	0	-0.14809185	0.98886496	-0.007860138	2.847192e-20	-1
0	-0.14809185	0.98886496	-0.007860138	0	6.2831855e-06	0	-0.14809185	0.98886496	-0.007860138	2.84744e-20	-1
0	-0.14809185	0.98886496	-0.007860138	0	2.513274e-06	0	-0.14809185	0.98886496	-0.007860138	2.8475886e-20	-1
0	-0.14809185	0.98886496	-0.007860138	0	1.256637e-06	0	-0.14809185	0.98886496	-0.007860138	2.8476384e-20	-1
0	-0.14809185	0.98886496	-0.007860138	0	6.283185e-07	0	-0.14809185	0.98886496	-0.007860138	2.8476633e-20	-1
0	-0.14809185	0.98886496	-0.007860138	0	2.513274e-07	0	-0.14809185	0.98886496	-0.007860138	2.847678e-20	-1
0	-0.14809185	0.98886496	-0.007860138	0	1.256637e-07	0	-0.14809185	0.98886496	-0.007860138	2.847683e-20	-1
0	-0.14809185	0.98886496	-0.007860138	0	0	0	-0.14809185	0.98886496	-0.007860138	2.8476882e-20	-1
0	-0.14809185	0.98886496	-0.007860138	0	-1.256637e-07	0	-0.14809185	0.98886496	-0.007860138	2.847693e-20	-1
0	-0.14809185	0.98886496	-0.007860138	0	-2.513274e-07	0	-0.14809185	0.98886496	-0.007860138	2.847698e-20	-1
0	-0.14809185	0.98886496	-0.007860138	0	-6.283185e-07	0	-0.14809185	0.98886496	-0.007860138	2.8477127e-20	-1
0	-0.14809185	0.98886496	-0.007860138	0	-1.256637e-06	0	-0.14809185	0.98886496	-0.007860138	2.8477376e-20	-1
0	-0.14809185	0.98886496	-0.007860138	0	-2.513274e-06	0	-0.14809185	0.98886496	-0.007860138	2.8477874e-20	-1
0	-0.14809185	0.98886496	-0.007860138	0	-6.2831855e-06	0	-0.14809185	0.98886496	-0.007860138	2.8479363e-20	-1
0	-0.14809185	0.98886496	-0.007860138	0	-1.2566371e-05	0	-0.14809185	0.98886496	-0.007860138	2.8481845e-20	-1
0	-0.14809185	0.98886496	-0.007860138	0	-2.5132742e-05	0	-0.14809185	0.98886496	-0.007860138	2.8486805e-20	-1
0	-0.14988305	0.9885949	-0.007854056	0	-6.283185e-05	0	-0.14988305	0.9885949	-0.007854056	2.8501678e-20	-1
0	-0.14988305	0.9885949	-0.007854056	0	-0.0001256637	0	-0.14988305	0.9885949	-0.007854056	2.8526483e-20	-1
0	-0.14988305	0.9885949	-0.007854056	0	-0.0002513274	0	-0.14988305	0.9885949	-0.007854056	2.8576095e-20	-1
0	-0.15319717	0.98808646	-0.007842323	0	-0.0006283185	0	-0.15319717	0.98808646	-0.007842323	2.8724874e-20	-1
0	-0.15549043	0.987728	-0.007833831	0	-0.0010053096	0	-0.15549043	0.987728	-0.007833831	2.8873612e-20	-1
0	-0.15549043	0.987728	-0.007833831	0	-0.001256637	0	-0.15549043	0.987728	-0.007833831	2.897275e-20	-1
0	-0.16108519	0.9868305	-0.007811928	0	-0.0018849556	0	-0.16108519	0.9868305	-0.007811928	2.9220443e-20	-1
0	-0.16531122	0.98613083	-0.007794267	0	-0.002513274	0	-0.16531122	0.98613083	-0.007794267	2.9467973e-20	-1
0	-0.17443696	0.9845567	-0.0077528646	0	-0.0037699111	0	-0.17443696	0.9845567	-0.0077528646	2.996248e-20	-1
0	-0.19581732	0.98052615	-0.0076392265	0	-0.0062831854	0	-0.19581732	0.98052615	-0.0076392265	3.094877e-20	-1
0	-0.23092833	0.9728518	-0.0074048177	0	-0.009424778	0	-0.23092833	0.9728518	-0.0074048177	3.2174547e-20	-1
0	-0.2828702	0.95903134	-0.0069581494	0	-0.012566371	0	-0.2828702	0.95903134	-0.0069581494	3.3387414e-20	-1
0	0.08536939	-0.9962475	0.007940963	0	-0.018849555	0	0.08536939	-0.9962475	0.007940963	2.099844e-20	-1
0	0.07434906	-0.99713165	0.00792101	0	-0.025132742	0	0.07434906	-0.99713165	0.00792101	1.849742e-20	-1
0	0.058907818	-0.9981649	0.007865053	0	-0.03769911	0	0.058907818	-0.9981649	0.007865053	1.3490418e-20	-1
0	0.04868238	-0.9987174	0.0078015532	0	-0.050265484	0	0.04868238	-0.9987174	0.0078015532	8.479605e-21	-1
0	0.041433826	-0.99904585	0.007736589	0	-0.06283186	0	0.041433826	-0.99904585	0.007736589	3.466649e-21	-1
0	0.041433826	-0.99904585	0.007736589	0	-0.06283186	0	0.041433826	-0.99904585	0.007736589	3.466649e-21	1
0	0.048677858	-0.99871767	0.0078015705	0	-0.050265484	0	0.048677858	-0.99871767	0.0078015705	8.479605e-21	1
0	0.058905907	-0.998165	0.007865041	0	-0.03769911	0	0.058905907	-0.998165	0.007865041	1.34904175e-20	1
0	0.07433489	-0.99713266	0.007921019	0	-0.025132742	0	0.07433489	-0.99713266	0.007921019	1.8497418e-20	1
0	0.08536025	-0.99624825	0.007940989	0	-0.018849555	0	0.08536025	-0.99624825	0.007940989	2.099844e-20	1
0	0.09997982	-0.9948859	0.007948441	0	-0.012566371	0	0.09997982	-0.9948859	0.007948441	2.3496699e-20	1
0	0.10920311	-0.993915	0.007943818	0	-0.009424778	0	0.10920311	-0.993915	0.007943818	2.4744323e-20	1
0	0.12016015	-0.99264884	0.007930201	0	-0.0062831854	0	0.12016015	-0.99264884	0.007930201	2.5990561e-20	1
0	0.13050023	-0.9913416	0.0079099	0	-0.0037699111	0	0.13050023	-0.9913416	0.0079099	2.698625e-20	1
0	0.13632396	-0.99055696	0.007895473	0	-0.002513274	0	0.13632396	-0.99055696	0.007895473	2.748356e-20	1
0	0.13941002	-0.9901271	0.007887003	0	-0.0018849556	0	0.13941002	-0.9901271	0.007887003	2.7732064e-20	1
0	0.14263928	-0.9896667	0.007877518	0	-0.001256637	0	0.14263928	-0.9896667	0.007877518	2.7980454e-20	1
0	0.14263928	-0.9896667	0.007877518	0	-0.0010053096	0	0.14263928	-0.9896667	0.007877518	2.8079786e-20	1
0	0.14600249	-0.9891758	0.007867002	0	-0.0006283185	0	0.14600249	-0.9891758	0.007867002	2.8228727e-20	1
0	0.14809473	-0.98886454	0.007860103	0	-0.0002513274	0	0.14809473	-0.98886454	0.007860103	2.8377626e-20	1
0	0.14809473	-0.98886454	0.007860103	0	-0.0001256637	0	0.14809473	-0.98886454	0.007860103	2.8427254e-20	1
0	0.14809473	-0.98886454	0.007860103	0	-6.283185e-05	0	0.14809473	-0.98886454	0.007860103	2.8452066e-20	1
0	0.14809473	-0.98886454	0.007860103	0	-2.5132742e-05	0	0.14809473	-0.98886454	0.007860103	2.8466955e-20	1
0	0.14809473	-0.98886454	0.007860103	0	-1.2566371e-05	0	0.14809473	-0.98886454	0.007860103	2.847192e-20	1
0	0.14809473	-0.98886454	0.007860103	0	-6.2831855e-06	0	0.14809473	-0.98886454	0.007860103	2.84744e-20	1
0	0.14809473	-0.98886454	0.007860103	0	-2.513274e-06	0	0.14809473	-0.98886454	0.007860103	2.8475886e-20	1
0	0.14809473	-0.98886454	0.007860103	0	-1.256637e-06	0	0.14809473	-0.98886454	0.007860103	2.8476384e-20	1
0	0.14809473	-0.98886454	0.007860103	0	-6.283185e-07	0	0.14809473	-0.98886454	0.007860103	2.8476633e-20	1
0	0.14809473	-0.98886454	0.007860103	0	-2.513274e-07	0	0.14809473	-0.98886454	0.007860103	2.847678e-20	1
0	0.14809473	-0.98886454	0.007860103	0	-1.256637e-07	0	0.14809473	-0.98886454	0.007860103	2.847683e-20	1
0	0.14809473	-0.98886454	0.007860103	0	0	0	0.14809473	-0.98886454	0.007860103	2.847688e-20	1
0	0.14809473	-0.98886454	0.007860103	0	1.256637e-07	0	0.14809473	-0.98886454	0.007860103	2.847693e-20	1
0	0.14809473	-0.98886454	0.007860103	0	2.513274e-07	0	0.14809473	-0.98886454	0.007860103	2.847698e-20	1
0	0.14809473	-0.98886454	0.007860103	0	6.283185e-07	0	0.14809473	-0.98886454	0.007860103	2.8477127e-20	1
0	0.14809473	-0.98886454	0.007860103	0	1.256637e-06	0	0.14809473	-0.98886454	0.007860103	2.8477376e-20	1
0	0.14809473	-0.98886454	0.007860103	0	2.513274e-06	0	0.14809473	-0.98886454	0.007860103	2.8477874e-20	1
0	0.14809473	-0.98886454	0.007860103	0	6.2831855e-06	0	0.14809473	-0.98886454	0.007860103	2.847936e-20	1
0	0.14809473	-0.98886454	0.007860103	0	1.2566371e-05	0	0.14809473	-0.98886454	0.007860103	2.848184e-20	1
0	0.14809473	-0.98886454	0.007860103	0	2.5132742e-05	0	0.14809473	-0.98886454	0.007860103	2.8486805e-20	1
0	0.14987785	-0.9885957	0.007854071	0	6.283185e-05	0	0.14987785	-0.9885957	0.007854071	2.8501678e-20	1
0	0.14987785	-0.9885957	0.007854071	0	0.0001256637	0	0.14987785	-0.9885957	0.007854071	2.8526483e-20	1
0	0.14987785	-0.9885957	0.007854071	0	0.0002513274	0	0.14987785	-0.9885957	0.007854071	2.8576098e-20	1
0	0.1532023	-0.9880856	0.007842295	0	0.0006283185	0	0.1532023	-0.9880856	0.007842295	2.8724874e-20	1
0	0.15548521	-0.9877287	0.007833858	0	0.0010053096	0	0.15548521	-0.9877287	0.007833858	2.887361e-20	1
0	0.15548521	-0.9877287	0.007833858	0	0.001256637	0	0.15548521	-0.9877287	0.007833858	2.8972747e-20	1
0	0.16110739	-0.9868268	0.0078118206	0	0.0018849556	0	0.16110739	-0.9868268	0.0078118206	2.9220436e-20	1
0	0.16531448	-0.98613036	0.007794246	0	0.002513274	0	0.16531448	-0.98613036	0.007794246	2.9467973e-20	1
0	0.1744228	-0.9845592	0.007752955	0	0.0037699111	0	0.1744228	-0.9845592	0.007752955	2.9962475e-20	1
0	0.19580457	-0.9805287	0.0076393066	0	0.0062831854	0	0.19580457	-0.9805287	0.0076393066	3.0948772e-20	1
0	0.23091766	-0.9728544	0.0074049034	0	0.009424778	0	0.23091766	-0.9728544	0.0074049034	3.2174544e-20	1
0	0.28288054	-0.95902824	0.006958046	0	0.012566371	0	0.28288054	-0.95902824	0.006958046	3.3387414e-20	1
0	-0.08536933	0.9962475	-0.007940993	0	0.018849555	0	-0.08536933	0.9962475	-0.007940993	2.099844e-20	1
0	-0.07434332	0.99713206	-0.007921015	0	0.025132742	0	-0.07434332	0.99713206	-0.007921015	1.8497416e-20	1
0	-0.058906607	0.998165	-0.0078650415	0	0.03769911	0	-0.058906607	0.998165	-0.0078650415	1.349042e-20	1
0	-0.048679702	0.99871755	-0.0078015523	0	0.050265484	0	-0.048679702	0.99871755	-0.0078015523	8.479608e-21	1
0	-0.04143434	0.9990459	-0.007736585	0	0.06283186	0	-0.04143434	0.9990459	-0.007736585	3.4666485e-21	1
