# t (s)	mx ()	my ()	mz ()	B_extx (T)	B_exty (T)	B_extz (T)	mx ()	my ()	mz ()	E_total (J)	branch ()
0	0.999822	0.014702126	0.0024876897	0.06283186	0	0	0.999822	0.014702126	0.0024876897	4.542452e-21	-1
0	0.99973655	0.01961972	0.00260865	0.050265484	0	0	0.99973655	0.01961972	0.00260865	9.559881e-21	-1
0	0.999496	0.02936756	0.0028300993	0.03769911	0	0	0.999496	0.02936756	0.0028300993	1.457658e-20	-1
0	0.9982806	0.057302352	0.0034194742	0.025132742	0	0	0.9982806	0.057302352	0.0034194742	1.9590461e-20	-1
0	0.99471223	0.101894066	0.00429526	0.018849555	0	0	0.99471223	0.101894066	0.00429526	2.2092073e-20	-1
0	0.9753516	0.22017229	0.006244924	0.012566371	0	0	0.9753516	0.22017229	0.006244924	2.456994e-20	-1
0	0.9519485	0.30583972	0.007231215	0.009424778	0	0	0.9519485	0.30583972	0.007231215	2.578001e-20	-1
0	0.9182514	0.39561903	0.0077837915	0.0062831854	0	0	0.9182514	0.39561903	0.0077837915	2.695427e-20	-1
0	0.88323295	0.46858257	0.007812589	0.0037699111	0	0	0.88323295	0.46858257	0.007812589	2.7858994e-20	-1
0	0.8624232	0.5058501	0.0076672146	0.002513274	0	0	0.8624232	0.5058501	0.0076672146	2.829712e-20	-1
0	0.8510041	0.5248287	0.0075493422	0.0018849556	0	0	0.8510041	0.5248287	0.0075493422	2.8512098e-20	-1
0	0.83881646	0.5440916	0.0073986286	0.001256637	0	0	0.83881646	0.5440916	0.0073986286	2.8724118e-20	-1
0	0.83881646	0.5440916	0.0073986286	0.0010053096	0	0	0.83881646	0.5440916	0.0073986286	2.8808313e-20	-1
0	0.8257309	0.56374955	0.007211926	0.0006283185	0	0	0.8257309	0.56374955	0.007211926	2.893297e-20	-1
0	0.81738985	0.5757754	0.007081074	0.0002513274	0	0	0.81738985	0.5757754	0.007081074	2.905666e-20	-1
0	0.81738985	0.5757754	0.007081074	0.0001256637	0	0	0.81738985	0.5757754	0.007081074	2.909768e-20	-1
0	0.81738985	0.5757754	0.007081074	6.283185e-05	0	0	0.81738985	0.5757754	0.007081074	2.9118192e-20	-1
0	0.81738985	0.5757754	0.007081074	2.5132742e-05	0	0	0.81738985	0.5757754	0.007081074	2.91305e-20	-1
0	0.81738985	0.5757754	0.007081074	1.2566371e-05	0	0	0.81738985	0.5757754	0.007081074	2.91346e-20	-1
0	0.81738985	0.5757754	0.007081074	6.2831855e-06	0	0	0.81738985	0.5757754	0.007081074	2.9136652e-20	-1
0	0.81738985	0.5757754	0.007081074	2.513274e-06	0	0	0.81738985	0.5757754	0.007081074	2.9137883e-20	-1
0	0.81738985	0.5757754	0.007081074	1.256637e-06	0	0	0.81738985	0.5757754	0.007081074	2.9138293e-20	-1
0	0.81738985	0.5757754	0.007081074	6.283185e-07	0	0	0.81738985	0.5757754	0.007081074	2.9138497e-20	-1
0	0.81738985	0.5757754	0.007081074	2.513274e-07	0	0	0.81738985	0.5757754	0.007081074	2.913862e-20	-1
0	0.81738985	0.5757754	0.007081074	1.256637e-07	0	0	0.81738985	0.5757754	0.007081074	2.9138662e-20	-1
0	0.81738985	0.5757754	0.007081074	0	0	0	0.81738985	0.5757754	0.007081074	2.9138704e-20	-1
0	0.81738985	0.5757754	0.007081074	-1.256637e-07	0	0	0.81738985	0.5757754	0.007081074	2.9138742e-20	-1
0	0.81738985	0.5757754	0.007081074	-2.513274e-07	0	0	0.81738985	0.5757754	0.007081074	2.9138784e-20	-1
0	0.81738985	0.5757754	0.007081074	-6.283185e-07	0	0	0.81738985	0.5757754	0.007081074	2.9138907e-20	-1
0	0.81738985	0.5757754	0.007081074	-1.256637e-06	0	0	0.81738985	0.5757754	0.007081074	2.9139114e-20	-1
0	0.81738985	0.5757754	0.007081074	-2.513274e-06	0	0	0.81738985	0.5757754	0.007081074	2.913952e-20	-1
0	0.81738985	0.5757754	0.007081074	-6.2831855e-06	0	0	0.81738985	0.5757754	0.007081074	2.9140752e-20	-1
0	0.81738985	0.5757754	0.007081074	-1.2566371e-05	0	0	0.81738985	0.5757754	0.007081074	2.9142804e-20	-1
0	0.81738985	0.5757754	0.007081074	-2.5132742e-05	0	0	0.81738985	0.5757754	0.007081074	2.9146908e-20	-1
0	0.81738985	0.5757754	0.007081074	-6.283185e-05	0	0	0.81738985	0.5757754	0.007081074	2.9159212e-20	-1
0	0.80863965	0.58800006	0.0069349604	-0.0001256637	0	0	0.80863965	0.58800006	0.0069349604	2.917907e-20	-1
0	0.80863965	0.58800006	0.0069349604	-0.0002513274	0	0	0.80863965	0.58800006	0.0069349604	2.9219654e-20	-1
0	0.79630256	0.6046016	0.0067151776	-0.0006283185	0	0	0.79630256	0.6046016	0.0067151776	2.9340167e-20	-1
0	0.79630256	0.6046016	0.0067151776	-0.0010053096	0	0	0.79630256	0.6046016	0.0067151776	2.9460054e-20	-1
0	0.7795428	0.6260617	0.0063941893	-0.001256637	0	0	0.7795428	0.6260617	0.0063941893	2.9537902e-20	-1
0	0.7608539	0.6486465	0.0060108956	-0.0018849556	0	0	0.7608539	0.6486465	0.0060108956	2.9731207e-20	-1
0	0.73995733	0.6723884	0.005557237	-0.002513274	0	0	0.73995733	0.6723884	0.005557237	2.9919556e-20	-1
0	0.68662393	0.7267747	0.0043202806	-0.0037699111	0	0	0.68662393	0.7267747	0.0043202806	3.027832e-20	-1
0	-0.9182131	-0.39570755	-0.007784053	-0.0062831854	0	0	-0.9182131	-0.39570755	-0.007784053	2.6954267e-20	-1
0	-0.9518924	-0.30601418	-0.007232777	-0.009424778	0	0	-0.9518924	-0.30601418	-0.007232777	2.5780013e-20	-1
0	-0.97532725	-0.22027992	-0.006246401	-0.012566371	0	0	-0.97532725	-0.22027992	-0.006246401	2.4569943e-20	-1
0	-0.99471617	-0.101855144	-0.0042945305	-0.018849555	0	0	-0.99471617	-0.101855144	-0.0042945305	2.209207e-20	-1
0	-0.99827707	-0.057363197	-0.0034207003	-0.025132742	0	0	-0.99827707	-0.057363197	-0.0034207003	1.9590463e-20	-1
0	-0.99949527	-0.029393593	-0.0028306423	-0.03769911	0	0	-0.99949527	-0.029393593	-0.0028306423	1.4576578e-20	-1
0	-0.99973637	-0.019623753	-0.0026087337	-0.050265484	0	0	-0.99973637	-0.019623753	-0.0026087337	9.559879e-21	-1
0	-0.999822	-0.014706063	-0.002487773	-0.06283186	0	0	-0.999822	-0.014706063	-0.002487773	4.54245e-21	-1
0	-0.999822	-0.014706063	-0.002487773	-0.06283186	0	0	-0.999822	-0.014706063	-0.002487773	4.54245e-21	1
0	-0.9997364	-0.019621588	-0.002608683	-0.050265484	0	0	-0.9997364	-0.019621588	-0.002608683	9.559882e-21	1
0	-0.99949586	-0.029372934	-0.0028302139	-0.03769911	0	0	-0.99949586	-0.029372934	-0.0028302139	1.4576578e-20	1
0	-0.9982778	-0.057351466	-0.0034204605	-0.025132742	0	0	-0.9982778	-0.057351466	-0.0034204605	1.9590461e-20	1
0	-0.9947171	-0.10184698	-0.0042943815	-0.018849555	0	0	-0.9947171	-0.10184698	-0.0042943815	2.209207e-20	1
0	-0.9753448	-0.22020233	-0.0062453356	-0.012566371	0	0	-0.9753448	-0.22020233	-0.0062453356	2.4569943e-20	1
0	-0.95193666	-0.3058765	-0.007231546	-0.009424778	0	0	-0.95193666	-0.3058765	-0.007231546	2.578001e-20	1
0	-0.918255	-0.39561057	-0.007783766	-0.0062831854	0	0	-0.918255	-0.39561057	-0.007783766	2.6954272e-20	1
0	-0.88319397	-0.46865588	-0.0078124013	-0.0037699111	0	0	-0.88319397	-0.46865588	-0.0078124013	2.7858994e-20	1
0	-0.8624202	-0.5058552	-0.0076671857	-0.002513274	0	0	-0.8624202	-0.5058552	-0.0076671857	2.829712e-20	1
0	-0.8510095	-0.5248199	-0.007549406	-0.0018849556	0	0	-0.8510095	-0.5248199	-0.007549406	2.8512098e-20	1
0	-0.8388175	-0.54409015	-0.0073986417	-0.001256637	0	0	-0.8388175	-0.54409015	-0.0073986417	2.872412e-20	1
0	-0.8388175	-0.54409015	-0.0073986417	-0.0010053096	0	0	-0.8388175	-0.54409015	-0.0073986417	2.8808313e-20	1
0	-0.82577443	-0.563686	-0.007212598	-0.0006283185	0	0	-0.82577443	-0.563686	-0.007212598	2.893297e-20	1
0	-0.81738365	-0.5757842	-0.0070809713	-0.0002513274	0	0	-0.81738365	-0.5757842	-0.0070809713	2.905666e-20	1
0	-0.81738365	-0.5757842	-0.0070809713	-0.0001256637	0	0	-0.81738365	-0.5757842	-0.0070809713	2.9097684e-20	1
0	-0.81738365	-0.5757842	-0.0070809713	-6.283185e-05	0	0	-0.81738365	-0.5757842	-0.0070809713	2.9118192e-20	1
0	-0.81738365	-0.5757842	-0.0070809713	-2.5132742e-05	0	0	-0.81738365	-0.5757842	-0.0070809713	2.91305e-20	1
0	-0.81738365	-0.5757842	-0.0070809713	-1.2566371e-05	0	0	-0.81738365	-0.5757842	-0.0070809713	2.91346e-20	1
0	-0.81738365	-0.5757842	-0.0070809713	-6.2831855e-06	0	0	-0.81738365	-0.5757842	-0.0070809713	2.9136652e-20	1
0	-0.81738365	-0.5757842	-0.0070809713	-2.513274e-06	0	0	-0.81738365	-0.5757842	-0.0070809713	2.9137883e-20	1
0	-0.81738365	-0.5757842	-0.0070809713	-1.256637e-06	0	0	-0.81738365	-0.5757842	-0.0070809713	2.9138293e-20	1
0	-0.81738365	-0.5757842	-0.0070809713	-6.283185e-07	0	0	-0.81738365	-0.5757842	-0.0070809713	2.9138497e-20	1
0	-0.81738365	-0.5757842	-0.0070809713	-2.513274e-07	0	0	-0.81738365	-0.5757842	-0.0070809713	2.9138623e-20	1
0	-0.81738365	-0.5757842	-0.0070809713	-1.256637e-07	0	0	-0.81738365	-0.5757842	-0.0070809713	2.9138662e-20	1
0	-0.81738365	-0.5757842	-0.0070809713	0	0	0	-0.81738365	-0.5757842	-0.0070809713	2.9138704e-20	1
0	-0.81738365	-0.5757842	-0.0070809713	1.256637e-07	0	0	-0.81738365	-0.5757842	-0.0070809713	2.9138746e-20	1
0	-0.81738365	-0.5757842	-0.0070809713	2.513274e-07	0	0	-0.81738365	-0.5757842	-0.0070809713	2.9138784e-20	1
0	-0.81738365	-0.5757842	-0.0070809713	6.283185e-07	0	0	-0.81738365	-0.5757842	-0.0070809713	2.9138907e-20	1
0	-0.81738365	-0.5757842	-0.0070809713	1.256637e-06	0	0	-0.81738365	-0.5757842	-0.0070809713	2.9139114e-20	1
0	-0.81738365	-0.5757842	-0.0070809713	2.513274e-06	0	0	-0.81738365	-0.5757842	-0.0070809713	2.9139524e-20	1
0	-0.81738365	-0.5757842	-0.0070809713	6.2831855e-06	0	0	-0.81738365	-0.5757842	-0.0070809713	2.9140755e-20	1
0	-0.81738365	-0.5757842	-0.0070809713	1.2566371e-05	0	0	-0.81738365	-0.5757842	-0.0070809713	2.9142804e-20	1
0	-0.81738365	-0.5757842	-0.0070809713	2.5132742e-05	0	0	-0.81738365	-0.5757842	-0.0070809713	2.9146908e-20	1
0	-0.81738365	-0.5757842	-0.0070809713	6.283185e-05	0	0	-0.81738365	-0.5757842	-0.0070809713	2.9159215e-20	1
0	-0.8086597	-0.58797246	-0.0069353106	0.0001256637	0	0	-0.8086597	-0.58797246	-0.0069353106	2.917907e-20	1
0	-0.8086597	-0.58797246	-0.0069353106	0.0002513274	0	0	-0.8086597	-0.58797246	-0.0069353106	2.921965e-20	1
0	-0.79629993	-0.60460496	-0.006715129	0.0006283185	0	0	-0.79629993	-0.60460496	-0.006715129	2.934017e-20	1
0	-0.79629993	-0.60460496	-0.006715129	0.0010053096	0	0	-0.79629993	-0.60460496	-0.006715129	2.9460057e-20	1
0	-0.7794429	-0.6261861	-0.0063921763	0.001256637	0	0	-0.7794429	-0.6261861	-0.0063921763	2.9537902e-20	1
0	-0.76090777	-0.64858323	-0.0060120504	0.0018849556	0	0	-0.76090777	-0.64858323	-0.0060120504	2.9731204e-20	1
0	-0.7399416	-0.6724058	-0.005556882	0.002513274	0	0	-0.7399416	-0.6724058	-0.005556882	2.9919556e-20	1
0	-0.68662643	-0.72677225	-0.004320348	0.0037699111	0	0	-0.68662643	-0.72677225	-0.004320348	3.0278323e-20	1
0	0.8749182	-0.48393196	-0.0072365226	0.0062831854	0	0	0.8749182	-0.48393196	-0.0072365226	2.7042433e-20	1
0	0.9538498	-0.29991525	-0.0043085553	0.009424778	0	0	0.9538498	-0.29991525	-0.0043085553	2.5898935e-20	1
0	0.97534275	0.22021142	0.0062454585	0.012566371	0	0	0.97534275	0.22021142	0.0062454585	2.4569941e-20	1
0	0.9947117	0.101899266	0.0042953566	0.018849555	0	0	0.9947117	0.101899266	0.0042953566	2.209207e-20	1
0	0.99827766	0.05735325	0.0034204929	0.025132742	0	0	0.99827766	0.05735325	0.0034204929	1.9590464e-20	1
0	0.99949574	0.029379036	0.0028303394	0.03769911	0	0	0.99949574	0.029379036	0.0028303394	1.4576578e-20	1
0	0.9997363	0.019625328	0.0026087677	0.050265484	0	0	0.9997363	0.019625328	0.0026087677	9.559881e-21	1
0	0.99982196	0.014707321	0.0024877982	0.06283186	0	0	0.99982196	0.014707321	0.0024877982	4.5424494e-21	1
