# t (s)	mx ()	my ()	mz ()	B_extx (T)	B_exty (T)	B_extz (T)	mx ()	my ()	mz ()	E_total (J)	branch ()
0	-0.09408726	0.9954859	-0.004185822	0	0.06283186	0	-0.09408726	0.9954859	-0.004185822	4.6727594e-21	-1
0	-0.114625	0.99332786	-0.0043201866	0	0.050265484	0	-0.114625	0.99332786	-0.0043201866	9.663695e-21	-1
0	-0.14465073	0.98939717	-0.004497757	0	0.03769911	0	-0.14465073	0.98939717	-0.004497757	1.4639888e-20	-1
0	-0.19051795	0.9815901	-0.0047382037	0	0.025132742	0	-0.19051795	0.9815901	-0.0047382037	1.958795e-20	-1
0	-0.22262901	0.9748032	-0.0048875595	0	0.018849555	0	-0.22262901	0.9748032	-0.0048875595	2.2043056e-20	-1
0	-0.26355028	0.96453655	-0.0050555225	0	0.012566371	0	-0.26355028	0.96453655	-0.0050555225	2.4477113e-20	-1
0	-0.28833073	0.9574157	-0.0051444685	0	0.009424778	0	-0.28833073	0.9574157	-0.0051444685	2.5682947e-20	-1
0	-0.31674868	0.948387	-0.005233922	0	0.0062831854	0	-0.31674868	0.948387	-0.005233922	2.6878725e-20	-1
0	-0.3427093	0.93931186	-0.0053031743	0	0.0037699111	0	-0.3427093	0.93931186	-0.0053031743	2.782623e-20	-1
0	-0.3570474	0.93395257	-0.005336037	0	0.002513274	0	-0.3570474	0.93395257	-0.005336037	2.8296304e-20	-1
0	-0.36460716	0.93102556	-0.0053517697	0	0.0018849556	0	-0.36460716	0.93102556	-0.0053517697	2.8530293e-20	-1
0	-0.3724571	0.9279113	-0.0053669107	0	0.001256637	0	-0.3724571	0.9279113	-0.0053669107	2.876352e-20	-1
0	-0.3724571	0.9279113	-0.0053669107	0	0.0010053096	0	-0.3724571	0.9279113	-0.0053669107	2.8856654e-20	-1
0	-0.3806224	0.9245899	-0.0053813444	0	0.0006283185	0	-0.3806224	0.9245899	-0.0053813444	2.8995944e-20	-1
0	-0.3806224	0.9245899	-0.0053813444	0	0.0002513274	0	-0.3806224	0.9245899	-0.0053813444	2.9135146e-20	-1
0	-0.3874059	0.92176664	-0.005392297	0	0.0001256637	0	-0.3874059	0.92176664	-0.005392297	2.9181265e-20	-1
0	-0.3874059	0.92176664	-0.005392297	0	6.283185e-05	0	-0.3874059	0.92176664	-0.005392297	2.9204393e-20	-1
0	-0.3874059	0.92176664	-0.005392297	0	2.5132742e-05	0	-0.3874059	0.92176664	-0.005392297	2.921827e-20	-1
0	-0.3874059	0.92176664	-0.005392297	0	1.2566371e-05	0	-0.3874059	0.92176664	-0.005392297	2.92229e-20	-1
0	-0.3874059	0.92176664	-0.005392297	0	6.2831855e-06	0	-0.3874059	0.92176664	-0.005392297	2.922521e-20	-1
0	-0.3874059	0.92176664	-0.005392297	0	2.513274e-06	0	-0.3874059	0.92176664	-0.005392297	2.9226598e-20	-1
0	-0.3874059	0.92176664	-0.005392297	0	1.256637e-06	0	-0.3874059	0.92176664	-0.005392297	2.922706e-20	-1
0	-0.3874059	0.92176664	-0.005392297	0	6.283185e-07	0	-0.3874059	0.92176664	-0.005392297	2.9227293e-20	-1
0	-0.3874059	0.92176664	-0.005392297	0	2.513274e-07	0	-0.3874059	0.92176664	-0.005392297	2.9227432e-20	-1
0	-0.3874059	0.92176664	-0.005392297	0	1.256637e-07	0	-0.3874059	0.92176664	-0.005392297	2.9227477e-20	-1
0	-0.3874059	0.92176664	-0.005392297	0	0	0	-0.3874059	0.92176664	-0.005392297	2.9227522e-20	-1
0	-0.3874059	0.92176664	-0.005392297	0	-1.256637e-07	0	-0.3874059	0.92176664	-0.005392297	2.9227567e-20	-1
0	-0.3874059	0.92176664	-0.005392297	0	-2.513274e-07	0	-0.3874059	0.92176664	-0.005392297	2.9227616e-20	-1
0	-0.3874059	0.92176664	-0.005392297	0	-6.283185e-07	0	-0.3874059	0.92176664	-0.005392297	2.9227755e-20	-1
0	-0.3874059	0.92176664	-0.005392297	0	-1.256637e-06	0	-0.3874059	0.92176664	-0.005392297	2.9227984e-20	-1
0	-0.3874059	0.92176664	-0.005392297	0	-2.513274e-06	0	-0.3874059	0.92176664	-0.005392297	2.9228446e-20	-1
0	-0.3874059	0.92176664	-0.005392297	0	-6.2831855e-06	0	-0.3874059	0.92176664	-0.005392297	2.9229836e-20	-1
0	-0.3874059	0.92176664	-0.005392297	0	-1.2566371e-05	0	-0.3874059	0.92176664	-0.005392297	2.923215e-20	-1
0	-0.3874059	0.92176664	-0.005392297	0	-2.5132742e-05	0	-0.3874059	0.92176664	-0.005392297	2.9236773e-20	-1
0	-0.3874059	0.92176664	-0.005392297	0	-6.283185e-05	0	-0.3874059	0.92176664	-0.005392297	2.925065e-20	-1
0	-0.3874059	0.92176664	-0.005392297	0	-0.0001256637	0	-0.3874059	0.92176664	-0.005392297	2.9273783e-20	-1
0	-0.39263862	0.91954863	-0.005400095	0	-0.0002513274	0	-0.39263862	0.91954863	-0.005400095	2.9319876e-20	-1
0	-0.39263862	0.91954863	-0.005400095	0	-0.0006283185	0	-0.39263862	0.91954863	-0.005400095	2.945832e-20	-1
0	-0.40357155	0.9148005	-0.005414515	0	-0.0010053096	0	-0.40357155	0.9148005	-0.005414515	2.9596054e-20	-1
0	-0.40357155	0.9148005	-0.005414515	0	-0.001256637	0	-0.40357155	0.9148005	-0.005414515	2.968787e-20	-1
0	-0.4171379	0.9086914	-0.0054288236	0	-0.0018849556	0	-0.4171379	0.9086914	-0.0054288236	2.991636e-20	-1
0	-0.4274826	0.90386844	-0.0054369876	0	-0.002513274	0	-0.4274826	0.90386844	-0.0054369876	3.0143777e-20	-1
0	-0.4502065	0.89276206	-0.0054463074	0	-0.0037699111	0	-0.4502065	0.89276206	-0.0054463074	3.0594687e-20	-1
0	-0.50916624	0.86048603	-0.0054115066	0	-0.0062831854	0	-0.50916624	0.86048603	-0.0054115066	3.1476122e-20	-1
0	-0.8479272	-0.52984	0.0013527789	0	-0.009424778	0	-0.8479272	-0.52984	0.0013527789	2.5610966e-20	-1
0	-0.80955845	-0.5867774	0.0012838831	0	-0.012566371	0	-0.80955845	-0.5867774	0.0012838831	2.4910832e-20	-1
0	-0.67850536	-0.734372	0.0011706834	0	-0.018849555	0	-0.67850536	-0.734372	0.0011706834	2.327292e-20	-1
0	0.19052473	-0.9815887	0.004738235	0	-0.025132742	0	0.19052473	-0.9815887	0.004738235	1.9587949e-20	-1
0	0.14466041	-0.98939574	0.0044978014	0	-0.03769911	0	0.14466041	-0.98939574	0.0044978014	1.463989e-20	-1
0	0.11463432	-0.9933267	0.004320232	0	-0.050265484	0	0.11463432	-0.9933267	0.004320232	9.66369e-21	-1
0	0.09408645	-0.995486	0.004185817	0	-0.06283186	0	0.09408645	-0.995486	0.004185817	4.672759e-21	-1
0	0.09408645	-0.995486	0.004185817	0	-0.06283186	0	0.09408645	-0.995486	0.004185817	4.672759e-21	1
0	0.114629775	-0.99332726	0.0043201842	0	-0.050265484	0	0.114629775	-0.99332726	0.0043201842	9.663689e-21	1
0	0.14465386	-0.9893967	0.0044977637	0	-0.03769911	0	0.14465386	-0.9893967	0.0044977637	1.4639888e-20	1
0	0.19051914	-0.9815898	0.0047382102	0	-0.025132742	0	0.19051914	-0.9815898	0.0047382102	1.958795e-20	1
0	0.2226225	-0.97480476	0.004887531	0	-0.018849555	0	0.2226225	-0.97480476	0.004887531	2.204306e-20	1
0	0.2635703	-0.96453106	0.0050555915	0	-0.012566371	0	0.2635703	-0.96453106	0.0050555915	2.4477116e-20	1
0	0.28831056	-0.9574219	0.0051444164	0	-0.009424778	0	0.28831056	-0.9574219	0.0051444164	2.5682952e-20	1
0	0.31671292	-0.94839895	0.005233828	0	-0.0062831854	0	0.31671292	-0.94839895	0.005233828	2.6878725e-20	1
0	0.34270746	-0.9393126	0.0053031696	0	-0.0037699111	0	0.34270746	-0.9393126	0.0053031696	2.782623e-20	1
0	0.35705328	-0.9339503	0.005336051	0	-0.002513274	0	0.35705328	-0.9339503	0.005336051	2.82963e-20	1
0	0.36460936	-0.9310247	0.0053517744	0	-0.0018849556	0	0.36460936	-0.9310247	0.0053517744	2.8530287e-20	1
0	0.3725068	-0.92789125	0.005366991	0	-0.001256637	0	0.3725068	-0.92789125	0.005366991	2.876352e-20	1
0	0.3725068	-0.92789125	0.005366991	0	-0.0010053096	0	0.3725068	-0.92789125	0.005366991	2.885665e-20	1
0	0.38063544	-0.92458457	0.0053813616	0	-0.0006283185	0	0.38063544	-0.92458457	0.0053813616	2.899594e-20	1
0	0.38063544	-0.92458457	0.0053813616	0	-0.0002513274	0	0.38063544	-0.92458457	0.0053813616	2.9135143e-20	1
0	0.38740766	-0.9217658	0.005392299	0	-0.0001256637	0	0.38740766	-0.9217658	0.005392299	2.918126e-20	1
0	0.38740766	-0.9217658	0.005392299	0	-6.283185e-05	0	0.38740766	-0.9217658	0.005392299	2.9204393e-20	1
0	0.38740766	-0.9217658	0.005392299	0	-2.5132742e-05	0	0.38740766	-0.9217658	0.005392299	2.921827e-20	1
0	0.38740766	-0.9217658	0.005392299	0	-1.2566371e-05	0	0.38740766	-0.9217658	0.005392299	2.9222895e-20	1
0	0.38740766	-0.9217658	0.005392299	0	-6.2831855e-06	0	0.38740766	-0.9217658	0.005392299	2.922521e-20	1
0	0.38740766	-0.9217658	0.005392299	0	-2.513274e-06	0	0.38740766	-0.9217658	0.005392299	2.9226598e-20	1
0	0.38740766	-0.9217658	0.005392299	0	-1.256637e-06	0	0.38740766	-0.9217658	0.005392299	2.922706e-20	1
0	0.38740766	-0.9217658	0.005392299	0	-6.283185e-07	0	0.38740766	-0.9217658	0.005392299	2.922729e-20	1
0	0.38740766	-0.9217658	0.005392299	0	-2.513274e-07	0	0.38740766	-0.9217658	0.005392299	2.922743e-20	1
0	0.38740766	-0.9217658	0.005392299	0	-1.256637e-07	0	0.38740766	-0.9217658	0.005392299	2.9227477e-20	1
0	0.38740766	-0.9217658	0.005392299	0	0	0	0.38740766	-0.9217658	0.005392299	2.9227522e-20	1
0	0.38740766	-0.9217658	0.005392299	0	1.256637e-07	0	0.38740766	-0.9217658	0.005392299	2.9227567e-20	1
0	0.38740766	-0.9217658	0.005392299	0	2.513274e-07	0	0.38740766	-0.9217658	0.005392299	2.9227616e-20	1
0	0.38740766	-0.9217658	0.005392299	0	6.283185e-07	0	0.38740766	-0.9217658	0.005392299	2.9227752e-20	1
0	0.38740766	-0.9217658	0.005392299	0	1.256637e-06	0	0.38740766	-0.9217658	0.005392299	2.9227984e-20	1
0	0.38740766	-0.9217658	0.005392299	0	2.513274e-06	0	0.38740766	-0.9217658	0.005392299	2.9228446e-20	1
0	0.38740766	-0.9217658	0.005392299	0	6.2831855e-06	0	0.38740766	-0.9217658	0.005392299	2.9229836e-20	1
0	0.38740766	-0.9217658	0.005392299	0	1.2566371e-05	0	0.38740766	-0.9217658	0.005392299	2.923215e-20	1
0	0.38740766	-0.9217658	0.005392299	0	2.5132742e-05	0	0.38740766	-0.9217658	0.005392299	2.9236773e-20	1
0	0.38740766	-0.9217658	0.005392299	0	6.283185e-05	0	0.38740766	-0.9217658	0.005392299	2.925065e-20	1
0	0.38740766	-0.9217658	0.005392299	0	0.0001256637	0	0.38740766	-0.9217658	0.005392299	2.927378e-20	1
0	0.38740766	-0.9217658	0.005392299	0	0.0002513274	0	0.38740766	-0.9217658	0.005392299	2.932004e-20	1
0	0.3980186	-0.91723144	0.0054075113	0	0.0006283185	0	0.3980186	-0.91723144	0.0054075113	2.9458138e-20	1
0	0.3980186	-0.91723144	0.0054075113	0	0.0010053096	0	0.3980186	-0.91723144	0.0054075113	2.959623e-20	1
0	0.4073426	-0.91312665	0.0054188976	0	0.001256637	0	0.4073426	-0.91312665	0.0054188976	2.9687787e-20	1
0	0.41714224	-0.9086894	0.005428826	0	0.0018849556	0	0.41714224	-0.9086894	0.005428826	2.9916363e-20	1
0	0.42746794	-0.90387535	0.0054369816	0	0.002513274	0	0.42746794	-0.90387535	0.0054369816	3.0143777e-20	1
0	0.45017332	-0.89277875	0.0054463074	0	0.0037699111	0	0.45017332	-0.89277875	0.0054463074	3.059469e-20	1
0	0.5091605	-0.86048937	0.005411515	0	0.0062831854	0	0.5091605	-0.86048937	0.005411515	3.1476125e-20	1
0	0.84792304	0.5298468	-0.0013527574	0	0.009424778	0	0.84792304	0.5298468	-0.0013527574	2.5610966e-20	1
0	0.80957973	0.58674794	-0.0012839183	0	0.012566371	0	0.80957973	0.58674794	-0.0012839183	2.4910828e-20	1
0	0.67848015	0.7343954	-0.001170685	0	0.018849555	0	0.67848015	0.7343954	-0.001170685	2.3272919e-20	1
0	-0.19051656	0.98159033	-0.0047381995	0	0.025132742	0	-0.19051656	0.98159033	-0.0047381995	1.958795e-20	1
0	-0.14465342	0.9893967	-0.0044977674	0	0.03769911	0	-0.14465342	0.9893967	-0.0044977674	1.463989e-20	1
0	-0.114635825	0.99332654	-0.0043202406	0	0.050265484	0	-0.114635825	0.99332654	-0.0043202406	9.663693e-21	1
0	-0.09408953	0.99548566	-0.0041858326	0	0.06283186	0	-0.09408953	0.99548566	-0.0041858326	4.672754e-21	1
