# t (s)	mx ()	my ()	mz ()	B_extx (T)	B_exty (T)	B_extz (T)	mx ()	my ()	mz ()	E_total (J)	branch ()
0	-0.031782955	0.9994285	-0.0013808762	0	0.06283186	0	-0.031782955	0.9994285	-0.0013808762	4.5649085e-21	-1
0	-0.037662417	0.99922335	-0.001422557	0	0.050265484	0	-0.037662417	0.99922335	-0.001422557	9.580075e-21	-1
0	-0.046169393	0.9988653	-0.0014785395	0	0.03769911	0	-0.046169393	0.9988653	-0.0014785395	1.4593875e-20	-1
0	-0.05952902	0.9981568	-0.0015606119	0	0.025132742	0	-0.05952902	0.9981568	-0.0015606119	1.9605129e-20	-1
0	-0.06949644	0.9975114	-0.001619089	0	0.018849555	0	-0.06949644	0.9975114	-0.001619089	2.210901e-20	-1
0	-0.08335409	0.99644774	-0.0016978573	0	0.012566371	0	-0.08335409	0.99644774	-0.0016978573	2.4610801e-20	-1
0	-0.09251508	0.99563813	-0.0017486871	0	0.009424778	0	-0.09251508	0.99563813	-0.0017486871	2.586049e-20	-1
0	-0.10386029	0.9945175	-0.0018104763	0	0.0062831854	0	-0.10386029	0.9945175	-0.0018104763	2.7108977e-20	-1
0	-0.11512228	0.99327564	-0.0018706417	0	0.0037699111	0	-0.11512228	0.99327564	-0.0018706417	2.8106586e-20	-1
0	-0.12168224	0.99249256	-0.0019052108	0	0.002513274	0	-0.12168224	0.99249256	-0.0019052108	2.8604865e-20	-1
0	-0.12525466	0.99204767	-0.0019238204	0	0.0018849556	0	-0.12525466	0.99204767	-0.0019238204	2.8853853e-20	-1
0	-0.12903872	0.9915621	-0.0019434497	0	0.001256637	0	-0.12903872	0.9915621	-0.0019434497	2.910272e-20	-1
0	-0.12903872	0.9915621	-0.0019434497	0	0.0010053096	0	-0.12903872	0.9915621	-0.0019434497	2.9202245e-20	-1
0	-0.1330579	0.9910302	-0.0019641616	0	0.0006283185	0	-0.1330579	0.9910302	-0.0019641616	2.9351464e-20	-1
0	-0.13559838	0.9906856	-0.0019771769	0	0.0002513274	0	-0.13559838	0.9906856	-0.0019771769	2.9500647e-20	-1
0	-0.13559838	0.9906856	-0.0019771769	0	0.0001256637	0	-0.13559838	0.9906856	-0.0019771769	2.9550362e-20	-1
0	-0.13559838	0.9906856	-0.0019771769	0	6.283185e-05	0	-0.13559838	0.9906856	-0.0019771769	2.9575222e-20	-1
0	-0.13559838	0.9906856	-0.0019771769	0	2.5132742e-05	0	-0.13559838	0.9906856	-0.0019771769	2.9590138e-20	-1
0	-0.13559838	0.9906856	-0.0019771769	0	1.2566371e-05	0	-0.13559838	0.9906856	-0.0019771769	2.959511e-20	-1
0	-0.13559838	0.9906856	-0.0019771769	0	6.2831855e-06	0	-0.13559838	0.9906856	-0.0019771769	2.9597595e-20	-1
0	-0.13559838	0.9906856	-0.0019771769	0	2.513274e-06	0	-0.13559838	0.9906856	-0.0019771769	2.9599088e-20	-1
0	-0.13559838	0.9906856	-0.0019771769	0	1.256637e-06	0	-0.13559838	0.9906856	-0.0019771769	2.9599582e-20	-1
0	-0.13559838	0.9906856	-0.0019771769	0	6.283185e-07	0	-0.13559838	0.9906856	-0.0019771769	2.959983e-20	-1
0	-0.13559838	0.9906856	-0.0019771769	0	2.513274e-07	0	-0.13559838	0.9906856	-0.0019771769	2.9599983e-20	-1
0	-0.13559838	0.9906856	-0.0019771769	0	1.256637e-07	0	-0.13559838	0.9906856	-0.0019771769	2.960003e-20	-1
0	-0.13559838	0.9906856	-0.0019771769	0	0	0	-0.13559838	0.9906856	-0.0019771769	2.960008e-20	-1
0	-0.13559838	0.9906856	-0.0019771769	0	-1.256637e-07	0	-0.13559838	0.9906856	-0.0019771769	2.960013e-20	-1
0	-0.13559838	0.9906856	-0.0019771769	0	-2.513274e-07	0	-0.13559838	0.9906856	-0.0019771769	2.960018e-20	-1
0	-0.13559838	0.9906856	-0.0019771769	0	-6.283185e-07	0	-0.13559838	0.9906856	-0.0019771769	2.960033e-20	-1
0	-0.13559838	0.9906856	-0.0019771769	0	-1.256637e-06	0	-0.13559838	0.9906856	-0.0019771769	2.9600577e-20	-1
0	-0.13559838	0.9906856	-0.0019771769	0	-2.513274e-06	0	-0.13559838	0.9906856	-0.0019771769	2.9601075e-20	-1
0	-0.13559838	0.9906856	-0.0019771769	0	-6.2831855e-06	0	-0.13559838	0.9906856	-0.0019771769	2.9602568e-20	-1
0	-0.13559838	0.9906856	-0.0019771769	0	-1.2566371e-05	0	-0.13559838	0.9906856	-0.0019771769	2.9605053e-20	-1
0	-0.13559838	0.9906856	-0.0019771769	0	-2.5132742e-05	0	-0.13559838	0.9906856	-0.0019771769	2.9610025e-20	-1
0	-0.13778676	0.9903833	-0.0019883441	0	-6.283185e-05	0	-0.13778676	0.9903833	-0.0019883441	2.962492e-20	-1
0	-0.13778676	0.9903833	-0.0019883441	0	-0.0001256637	0	-0.13778676	0.9903833	-0.0019883441	2.9649772e-20	-1
0	-0.13778676	0.9903833	-0.0019883441	0	-0.0002513274	0	-0.13778676	0.9903833	-0.0019883441	2.9699477e-20	-1
0	-0.14194678	0.9897951	-0.0020094528	0	-0.0006283185	0	-0.14194678	0.9897951	-0.0020094528	2.9848515e-20	-1
0	-0.14479148	0.9893826	-0.002023804	0	-0.0010053096	0	-0.14479148	0.9893826	-0.002023804	2.9997505e-20	-1
0	-0.14479148	0.9893826	-0.002023804	0	-0.001256637	0	-0.14479148	0.9893826	-0.002023804	3.0096808e-20	-1
0	-0.15207374	0.9882886	-0.0020601866	0	-0.0018849556	0	-0.15207374	0.9882886	-0.0020601866	3.034488e-20	-1
0	-0.15772548	0.98740155	-0.002088085	0	-0.002513274	0	-0.15772548	0.98740155	-0.002088085	3.0592758e-20	-1
0	-0.17049694	0.9852748	-0.0021499938	0	-0.0037699111	0	-0.17049694	0.9852748	-0.0021499938	3.108777e-20	-1
0	-0.20485058	0.978704	-0.002308108	0	-0.0062831854	0	-0.20485058	0.978704	-0.002308108	3.207373e-20	-1
0	-0.30415535	0.9525114	-0.0026801205	0	-0.009424778	0	-0.30415535	0.9525114	-0.0026801205	3.3290317e-20	-1
0	-0.89077294	-0.45415515	0.0020899312	0	-0.012566371	0	-0.89077294	-0.45415515	0.0020899312	2.6098312e-20	-1
0	0.06950064	-0.997511	0.0016191115	0	-0.018849555	0	0.06950064	-0.997511	0.0016191115	2.210901e-20	-1
0	0.05952821	-0.9981568	0.0015606056	0	-0.025132742	0	0.05952821	-0.9981568	0.0015606056	1.9605132e-20	-1
0	0.04617157	-0.9988652	0.0014785514	0	-0.03769911	0	0.04617157	-0.9988652	0.0014785514	1.4593876e-20	-1
0	0.037668295	-0.9992231	0.0014225882	0	-0.050265484	0	0.037668295	-0.9992231	0.0014225882	9.580073e-21	-1
0	0.031782687	-0.99942863	0.0013808706	0	-0.06283186	0	0.031782687	-0.99942863	0.0013808706	4.5649093e-21	-1
0	0.031782687	-0.99942863	0.0013808706	0	-0.06283186	0	0.031782687	-0.99942863	0.0013808706	4.5649093e-21	1
0	0.037658073	-0.9992235	0.0014225335	0	-0.050265484	0	0.037658073	-0.9992235	0.0014225335	9.5800714e-21	1
0	0.046165165	-0.9988655	0.0014785165	0	-0.03769911	0	0.046165165	-0.9988655	0.0014785165	1.4593878e-20	1
0	0.059504624	-0.9981582	0.0015604799	0	-0.025132742	0	0.059504624	-0.9981582	0.0015604799	1.960513e-20	1
0	0.06950062	-0.997511	0.0016191181	0	-0.018849555	0	0.06950062	-0.997511	0.0016191181	2.210901e-20	1
0	0.08335689	-0.9964475	0.0016978461	0	-0.012566371	0	0.08335689	-0.9964475	0.0016978461	2.4610801e-20	1
0	0.09251666	-0.9956379	0.001748699	0	-0.009424778	0	0.09251666	-0.9956379	0.001748699	2.5860488e-20	1
0	0.10387034	-0.9945164	0.0018105282	0	-0.0062831854	0	0.10387034	-0.9945164	0.0018105282	2.7108974e-20	1
0	0.11510149	-0.993278	0.0018705346	0	-0.0037699111	0	0.11510149	-0.993278	0.0018705346	2.810658e-20	1
0	0.12168071	-0.9924928	0.0019051628	0	-0.002513274	0	0.12168071	-0.9924928	0.0019051628	2.860487e-20	1
0	0.12528014	-0.9920444	0.0019239495	0	-0.0018849556	0	0.12528014	-0.9920444	0.0019239495	2.8853853e-20	1
0	0.12904155	-0.9915618	0.0019434645	0	-0.001256637	0	0.12904155	-0.9915618	0.0019434645	2.9102725e-20	1
0	0.12904155	-0.9915618	0.0019434645	0	-0.0010053096	0	0.12904155	-0.9915618	0.0019434645	2.9202248e-20	1
0	0.13305622	-0.99103045	0.0019641533	0	-0.0006283185	0	0.13305622	-0.99103045	0.0019641533	2.9351467e-20	1
0	0.13559912	-0.99068546	0.0019771815	0	-0.0002513274	0	0.13559912	-0.99068546	0.0019771815	2.950064e-20	1
0	0.13559912	-0.99068546	0.0019771815	0	-0.0001256637	0	0.13559912	-0.99068546	0.0019771815	2.955036e-20	1
0	0.13559912	-0.99068546	0.0019771815	0	-6.283185e-05	0	0.13559912	-0.99068546	0.0019771815	2.9575216e-20	1
0	0.13559912	-0.99068546	0.0019771815	0	-2.5132742e-05	0	0.13559912	-0.99068546	0.0019771815	2.959013e-20	1
0	0.13559912	-0.99068546	0.0019771815	0	-1.2566371e-05	0	0.13559912	-0.99068546	0.0019771815	2.9595104e-20	1
0	0.13559912	-0.99068546	0.0019771815	0	-6.2831855e-06	0	0.13559912	-0.99068546	0.0019771815	2.959759e-20	1
0	0.13559912	-0.99068546	0.0019771815	0	-2.513274e-06	0	0.13559912	-0.99068546	0.0019771815	2.959908e-20	1
0	0.13559912	-0.99068546	0.0019771815	0	-1.256637e-06	0	0.13559912	-0.99068546	0.0019771815	2.959958e-20	1
0	0.13559912	-0.99068546	0.0019771815	0	-6.283185e-07	0	0.13559912	-0.99068546	0.0019771815	2.9599828e-20	1
0	0.13559912	-0.99068546	0.0019771815	0	-2.513274e-07	0	0.13559912	-0.99068546	0.0019771815	2.9599976e-20	1
0	0.13559912	-0.99068546	0.0019771815	0	-1.256637e-07	0	0.13559912	-0.99068546	0.0019771815	2.9600025e-20	1
0	0.13559912	-0.99068546	0.0019771815	0	0	0	0.13559912	-0.99068546	0.0019771815	2.9600073e-20	1
0	0.13559912	-0.99068546	0.0019771815	0	1.256637e-07	0	0.13559912	-0.99068546	0.0019771815	2.9600125e-20	1
0	0.13559912	-0.99068546	0.0019771815	0	2.513274e-07	0	0.13559912	-0.99068546	0.0019771815	2.9600174e-20	1
0	0.13559912	-0.99068546	0.0019771815	0	6.283185e-07	0	0.13559912	-0.99068546	0.0019771815	2.9600322e-20	1
0	0.13559912	-0.99068546	0.0019771815	0	1.256637e-06	0	0.13559912	-0.99068546	0.0019771815	2.960057e-20	1
0	0.13559912	-0.99068546	0.0019771815	0	2.513274e-06	0	0.13559912	-0.99068546	0.0019771815	2.960107e-20	1
0	0.13559912	-0.99068546	0.0019771815	0	6.2831855e-06	0	0.13559912	-0.99068546	0.0019771815	2.960256e-20	1
0	0.13559912	-0.99068546	0.0019771815	0	1.2566371e-05	0	0.13559912	-0.99068546	0.0019771815	2.9605046e-20	1
0	0.13559912	-0.99068546	0.0019771815	0	2.5132742e-05	0	0.13559912	-0.99068546	0.0019771815	2.961002e-20	1
0	0.13778642	-0.9903834	0.0019883448	0	6.283185e-05	0	0.13778642	-0.9903834	0.0019883448	2.962492e-20	1
0	0.13778642	-0.9903834	0.0019883448	0	0.0001256637	0	0.13778642	-0.9903834	0.0019883448	2.9649772e-20	1
0	0.13778642	-0.9903834	0.0019883448	0	0.0002513274	0	0.13778642	-0.9903834	0.0019883448	2.9699474e-20	1
0	0.14190842	-0.9898006	0.0020092633	0	0.0006283185	0	0.14190842	-0.9898006	0.0020092633	2.9848515e-20	1
0	0.14481989	-0.98937845	0.0020239437	0	0.0010053096	0	0.14481989	-0.98937845	0.0020239437	2.9997505e-20	1
0	0.14481989	-0.98937845	0.0020239437	0	0.001256637	0	0.14481989	-0.98937845	0.0020239437	3.0096808e-20	1
0	0.15205798	-0.988291	0.0020601102	0	0.0018849556	0	0.15205798	-0.988291	0.0020601102	3.0344882e-20	1
0	0.15772481	-0.98740166	0.0020880844	0	0.002513274	0	0.15772481	-0.98740166	0.0020880844	3.059276e-20	1
0	0.17050627	-0.98527324	0.0021500376	0	0.0037699111	0	0.17050627	-0.98527324	0.0021500376	3.1087774e-20	1
0	0.20486978	-0.9786999	0.002308194	0	0.0062831854	0	0.20486978	-0.9786999	0.002308194	3.207373e-20	1
0	0.30421776	-0.9524915	0.0026803063	0	0.009424778	0	0.30421776	-0.9524915	0.0026803063	3.3290317e-20	1
0	0.8907721	0.4541568	-0.0020899219	0	0.012566371	0	0.8907721	0.4541568	-0.0020899219	2.6098314e-20	1
0	-0.069500595	0.997511	-0.0016191103	0	0.018849555	0	-0.069500595	0.997511	-0.0016191103	2.210901e-20	1
0	-0.059532683	0.99815655	-0.0015606276	0	0.025132742	0	-0.059532683	0.99815655	-0.0015606276	1.9605126e-20	1
0	-0.046171755	0.9988652	-0.0014785524	0	0.03769911	0	-0.046171755	0.9988652	-0.0014785524	1.4593878e-20	1
0	-0.037667636	0.9992231	-0.0014225903	0	0.050265484	0	-0.037667636	0.9992231	-0.0014225903	9.580077e-21	1
0	-0.031785164	0.9994285	-0.0013808876	0	0.06283186	0	-0.031785164	0.9994285	-0.0013808876	4.5649073e-21	1
