# t (s)	mx ()	my ()	mz ()	B_extx (T)	B_exty (T)	B_extz (T)	mx ()	my ()	mz ()	E_total (J)	branch ()
0	-0.0071819825	0.9999076	0.0019270454	0	0.06283186	0	-0.0071819825	0.9999076	0.0019270454	4.516032e-21	-1
0	-0.008468686	0.99989676	0.001943013	0	0.050265484	0	-0.008468686	0.99989676	0.001943013	9.534052e-21	-1
0	-0.010316331	0.9998786	0.0019593476	0	0.03769911	0	-0.010316331	0.9998786	0.0019593476	1.4552e-20	-1
0	-0.013188418	0.99984396	0.0019761415	0	0.025132742	0	-0.013188418	0.99984396	0.0019761415	1.9569814e-20	-1
0	-0.015330255	0.999813	0.0019847571	0	0.018849555	0	-0.015330255	0.999813	0.0019847571	2.2078648e-20	-1
0	-0.018283963	0.9997629	0.0019935546	0	0.012566371	0	-0.018283963	0.9997629	0.0019935546	2.4587367e-20	-1
0	-0.020228326	0.9997252	0.0019980357	0	0.009424778	0	-0.020228326	0.9997252	0.0019980357	2.5841676e-20	-1
0	-0.022666123	0.99967265	0.0020025815	0	0.0062831854	0	-0.022666123	0.99967265	0.0020025815	2.7095926e-20	-1
0	-0.025070097	0.999615	0.0020062667	0	0.0037699111	0	-0.025070097	0.999615	0.0020062667	2.8099274e-20	-1
0	-0.026457906	0.9995791	0.002008124	0	0.002513274	0	-0.026457906	0.9995791	0.002008124	2.860092e-20	-1
0	-0.02721462	0.99955875	0.0020090537	0	0.0018849556	0	-0.02721462	0.99955875	0.0020090537	2.8851737e-20	-1
0	-0.02804292	0.9995358	0.0020099923	0	0.001256637	0	-0.02804292	0.9995358	0.0020099923	2.910255e-20	-1
0	-0.028359063	0.99952686	0.0020103636	0	0.0010053096	0	-0.028359063	0.99952686	0.0020103636	2.9202875e-20	-1
0	-0.028870532	0.9995122	0.0020109257	0	0.0006283185	0	-0.028870532	0.9995122	0.0020109257	2.9353357e-20	-1
0	-0.029414948	0.9994962	0.0020114882	0	0.0002513274	0	-0.029414948	0.9994962	0.0020114882	2.9503836e-20	-1
0	-0.029414948	0.9994962	0.0020114882	0	0.0001256637	0	-0.029414948	0.9994962	0.0020114882	2.9553994e-20	-1
0	-0.029414948	0.9994962	0.0020114882	0	6.283185e-05	0	-0.029414948	0.9994962	0.0020114882	2.9579074e-20	-1
0	-0.029751066	0.9994863	0.0020118286	0	2.5132742e-05	0	-0.029751066	0.9994863	0.0020118286	2.9594128e-20	-1
0	-0.029751066	0.9994863	0.0020118286	0	1.2566371e-05	0	-0.029751066	0.9994863	0.0020118286	2.9599143e-20	-1
0	-0.029751066	0.9994863	0.0020118286	0	6.2831855e-06	0	-0.029751066	0.9994863	0.0020118286	2.960165e-20	-1
0	-0.029751066	0.9994863	0.0020118286	0	2.513274e-06	0	-0.029751066	0.9994863	0.0020118286	2.9603156e-20	-1
0	-0.029751066	0.9994863	0.0020118286	0	1.256637e-06	0	-0.029751066	0.9994863	0.0020118286	2.9603657e-20	-1
0	-0.029751066	0.9994863	0.0020118286	0	6.283185e-07	0	-0.029751066	0.9994863	0.0020118286	2.960391e-20	-1
0	-0.029751066	0.9994863	0.0020118286	0	2.513274e-07	0	-0.029751066	0.9994863	0.0020118286	2.9604057e-20	-1
0	-0.029751066	0.9994863	0.0020118286	0	1.256637e-07	0	-0.029751066	0.9994863	0.0020118286	2.960411e-20	-1
0	-0.029751066	0.9994863	0.0020118286	0	0	0	-0.029751066	0.9994863	0.0020118286	2.9604158e-20	-1
0	-0.029751066	0.9994863	0.0020118286	0	-1.256637e-07	0	-0.029751066	0.9994863	0.0020118286	2.960421e-20	-1
0	-0.029751066	0.9994863	0.0020118286	0	-2.513274e-07	0	-0.029751066	0.9994863	0.0020118286	2.9604258e-20	-1
0	-0.029751066	0.9994863	0.0020118286	0	-6.283185e-07	0	-0.029751066	0.9994863	0.0020118286	2.960441e-20	-1
0	-0.029751066	0.9994863	0.0020118286	0	-1.256637e-06	0	-0.029751066	0.9994863	0.0020118286	2.9604662e-20	-1
0	-0.029751066	0.9994863	0.0020118286	0	-2.513274e-06	0	-0.029751066	0.9994863	0.0020118286	2.9605162e-20	-1
0	-0.029751066	0.9994863	0.0020118286	0	-6.2831855e-06	0	-0.029751066	0.9994863	0.0020118286	2.9606668e-20	-1
0	-0.029751066	0.9994863	0.0020118286	0	-1.2566371e-05	0	-0.029751066	0.9994863	0.0020118286	2.9609176e-20	-1
0	-0.029751066	0.9994863	0.0020118286	0	-2.5132742e-05	0	-0.029751066	0.9994863	0.0020118286	2.961419e-20	-1
0	-0.029751066	0.9994863	0.0020118286	0	-6.283185e-05	0	-0.029751066	0.9994863	0.0020118286	2.9629238e-20	-1
0	-0.029751066	0.9994863	0.0020118286	0	-0.0001256637	0	-0.029751066	0.9994863	0.0020118286	2.9654318e-20	-1
0	-0.029751066	0.9994863	0.0020118286	0	-0.0002513274	0	-0.029751066	0.9994863	0.0020118286	2.9704476e-20	-1
0	-0.030755073	0.9994558	0.0020128046	0	-0.0006283185	0	-0.030755073	0.9994558	0.0020128046	2.985495e-20	-1
0	-0.031358056	0.9994371	0.0020133671	0	-0.0010053096	0	-0.031358056	0.9994371	0.0020133671	3.0005418e-20	-1
0	-0.031745054	0.9994248	0.0020137406	0	-0.001256637	0	-0.031745054	0.9994248	0.0020137406	3.0105733e-20	-1
0	-0.032867674	0.99938846	0.0020146822	0	-0.0018849556	0	-0.032867674	0.99938846	0.0020146822	3.0356504e-20	-1
0	-0.034072526	0.99934804	0.0020156228	0	-0.002513274	0	-0.034072526	0.99934804	0.0020156228	3.0607276e-20	-1
0	-0.03671006	0.99925447	0.0020174934	0	-0.0037699111	0	-0.03671006	0.99925447	0.0020174934	3.1108773e-20	-1
0	-0.043466255	0.998983	0.0020211414	0	-0.0062831854	0	-0.043466255	0.998983	0.0020211414	3.21116e-20	-1
0	-0.056538373	0.99832773	0.0020250832	0	-0.009424778	0	-0.056538373	0.99832773	0.0020250832	3.3364595e-20	-1
0	-0.08155429	0.99659455	0.0020257547	0	-0.012566371	0	-0.08155429	0.99659455	0.0020257547	3.4616242e-20	-1
0	0.01533519	-0.9998129	-0.0019847576	0	-0.018849555	0	0.01533519	-0.9998129	-0.0019847576	2.2078644e-20	-1
0	0.013194553	-0.9998439	-0.0019761422	0	-0.025132742	0	0.013194553	-0.9998439	-0.0019761422	1.9569819e-20	-1
0	0.010317439	-0.9998785	-0.001959349	0	-0.03769911	0	0.010317439	-0.9998785	-0.001959349	1.4552e-20	-1
0	0.008469515	-0.99989676	-0.0019430115	0	-0.050265484	0	0.008469515	-0.99989676	-0.0019430115	9.5340514e-21	-1
0	0.0071832156	-0.9999076	-0.0019270475	0	-0.06283186	0	0.0071832156	-0.9999076	-0.0019270475	4.5160338e-21	-1
0	0.0071832156	-0.9999076	-0.0019270475	0	-0.06283186	0	0.0071832156	-0.9999076	-0.0019270475	4.5160338e-21	1
0	0.008468412	-0.99989676	-0.0019430113	0	-0.050265484	0	0.008468412	-0.99989676	-0.0019430113	9.534052e-21	1
0	0.010316645	-0.9998786	-0.0019593486	0	-0.03769911	0	0.010316645	-0.9998786	-0.0019593486	1.4551999e-20	1
0	0.013192538	-0.99984396	-0.001976143	0	-0.025132742	0	0.013192538	-0.99984396	-0.001976143	1.9569817e-20	1
0	0.015331697	-0.99981296	-0.001984757	0	-0.018849555	0	0.015331697	-0.99981296	-0.001984757	2.2078643e-20	1
0	0.018293265	-0.9997627	-0.001993557	0	-0.012566371	0	0.018293265	-0.9997627	-0.001993557	2.4587372e-20	1
0	0.020241003	-0.9997249	-0.001998038	0	-0.009424778	0	0.020241003	-0.9997249	-0.001998038	2.5841676e-20	1
0	0.022666993	-0.99967253	-0.0020025834	0	-0.0062831854	0	0.022666993	-0.99967253	-0.0020025834	2.7095926e-20	1
0	0.025060292	-0.9996153	-0.0020062663	0	-0.0037699111	0	0.025060292	-0.9996153	-0.0020062663	2.8099277e-20	1
0	0.026459485	-0.9995791	-0.0020081224	0	-0.002513274	0	0.026459485	-0.9995791	-0.0020081224	2.860092e-20	1
0	0.027224436	-0.9995585	-0.0020090549	0	-0.0018849556	0	0.027224436	-0.9995585	-0.0020090549	2.885174e-20	1
0	0.028023588	-0.99953634	-0.0020099967	0	-0.001256637	0	0.028023588	-0.99953634	-0.0020099967	2.9102547e-20	1
0	0.028337691	-0.99952745	-0.0020103622	0	-0.0010053096	0	0.028337691	-0.99952745	-0.0020103622	2.920287e-20	1
0	0.02888396	-0.99951184	-0.0020109299	0	-0.0006283185	0	0.02888396	-0.99951184	-0.0020109299	2.9353357e-20	1
0	0.029418455	-0.9994962	-0.0020114898	0	-0.0002513274	0	0.029418455	-0.9994962	-0.0020114898	2.9503836e-20	1
0	0.029418455	-0.9994962	-0.0020114898	0	-0.0001256637	0	0.029418455	-0.9994962	-0.0020114898	2.9553997e-20	1
0	0.029418455	-0.9994962	-0.0020114898	0	-6.283185e-05	0	0.029418455	-0.9994962	-0.0020114898	2.9579077e-20	1
0	0.029418455	-0.9994962	-0.0020114898	0	-2.5132742e-05	0	0.029418455	-0.9994962	-0.0020114898	2.9594125e-20	1
0	0.029418455	-0.9994962	-0.0020114898	0	-1.2566371e-05	0	0.029418455	-0.9994962	-0.0020114898	2.959914e-20	1
0	0.029418455	-0.9994962	-0.0020114898	0	-6.2831855e-06	0	0.029418455	-0.9994962	-0.0020114898	2.9601647e-20	1
0	0.029418455	-0.9994962	-0.0020114898	0	-2.513274e-06	0	0.029418455	-0.9994962	-0.0020114898	2.9603153e-20	1
0	0.029418455	-0.9994962	-0.0020114898	0	-1.256637e-06	0	0.029418455	-0.9994962	-0.0020114898	2.9603654e-20	1
0	0.029418455	-0.9994962	-0.0020114898	0	-6.283185e-07	0	0.029418455	-0.9994962	-0.0020114898	2.9603906e-20	1
0	0.029418455	-0.9994962	-0.0020114898	0	-2.513274e-07	0	0.029418455	-0.9994962	-0.0020114898	2.9604057e-20	1
0	0.029418455	-0.9994962	-0.0020114898	0	-1.256637e-07	0	0.029418455	-0.9994962	-0.0020114898	2.9604106e-20	1
0	0.029418455	-0.9994962	-0.0020114898	0	0	0	0.029418455	-0.9994962	-0.0020114898	2.9604158e-20	1
0	0.029418455	-0.9994962	-0.0020114898	0	1.256637e-07	0	0.029418455	-0.9994962	-0.0020114898	2.9604206e-20	1
0	0.029418455	-0.9994962	-0.0020114898	0	2.513274e-07	0	0.029418455	-0.9994962	-0.0020114898	2.9604258e-20	1
0	0.029418455	-0.9994962	-0.0020114898	0	6.283185e-07	0	0.029418455	-0.9994962	-0.0020114898	2.9604406e-20	1
0	0.029418455	-0.9994962	-0.0020114898	0	1.256637e-06	0	0.029418455	-0.9994962	-0.0020114898	2.960466e-20	1
0	0.029418455	-0.9994962	-0.0020114898	0	2.513274e-06	0	0.029418455	-0.9994962	-0.0020114898	2.960516e-20	1
0	0.029418455	-0.9994962	-0.0020114898	0	6.2831855e-06	0	0.029418455	-0.9994962	-0.0020114898	2.9606665e-20	1
0	0.029418455	-0.9994962	-0.0020114898	0	1.2566371e-05	0	0.029418455	-0.9994962	-0.0020114898	2.9609172e-20	1
0	0.029418455	-0.9994962	-0.0020114898	0	2.5132742e-05	0	0.029418455	-0.9994962	-0.0020114898	2.9614187e-20	1
0	0.029877387	-0.9994825	-0.0020119585	0	6.283185e-05	0	0.029877387	-0.9994825	-0.0020119585	2.9629238e-20	1
0	0.029877387	-0.9994825	-0.0020119585	0	0.0001256637	0	0.029877387	-0.9994825	-0.0020119585	2.9654315e-20	1
0	0.029877387	-0.9994825	-0.0020119585	0	0.0002513274	0	0.029877387	-0.9994825	-0.0020119585	2.9704476e-20	1
0	0.030749835	-0.999456	-0.0020128037	0	0.0006283185	0	0.030749835	-0.999456	-0.0020128037	2.985495e-20	1
0	0.03137394	-0.99943656	-0.0020133685	0	0.0010053096	0	0.03137394	-0.99943656	-0.0020133685	3.000542e-20	1
0	0.03137394	-0.99943656	-0.0020133685	0	0.001256637	0	0.03137394	-0.99943656	-0.0020133685	3.0105733e-20	1
0	0.03288928	-0.99938774	-0.0020146836	0	0.0018849556	0	0.03288928	-0.99938774	-0.0020146836	3.0356507e-20	1
0	0.03406503	-0.9993483	-0.0020156156	0	0.002513274	0	0.03406503	-0.9993483	-0.0020156156	3.0607276e-20	1
0	0.036720622	-0.9992541	-0.0020174938	0	0.0037699111	0	0.036720622	-0.9992541	-0.0020174938	3.1108776e-20	1
0	0.04344135	-0.9989841	-0.0020211427	0	0.0062831854	0	0.04344135	-0.9989841	-0.0020211427	3.2111604e-20	1
0	0.056487046	-0.9983307	-0.0020250874	0	0.009424778	0	0.056487046	-0.9983307	-0.0020250874	3.3364595e-20	1
0	0.08155325	-0.99659467	-0.0020257498	0	0.012566371	0	0.08155325	-0.99659467	-0.0020257498	3.4616245e-20	1
0	-0.015339868	0.99981284	0.001984788	0	0.018849555	0	-0.015339868	0.99981284	0.001984788	2.2078643e-20	1
0	-0.013202085	0.9998438	0.001976144	0	0.025132742	0	-0.013202085	0.9998438	0.001976144	1.9569817e-20	1
0	-0.010318	0.9998785	0.0019593248	0	0.03769911	0	-0.010318	0.9998785	0.0019593248	1.4552e-20	1
0	-0.00846973	0.9998967	0.0019430112	0	0.050265484	0	-0.00846973	0.9998967	0.0019430112	9.5340514e-21	1
0	-0.0071828924	0.9999076	0.0019270459	0	0.06283186	0	-0.0071828924	0.9999076	0.0019270459	4.516034e-21	1
