# t (s)	mx ()	my ()	mz ()	B_extx (T)	B_exty (T)	B_extz (T)	mx ()	my ()	mz ()	E_total (J)	branch ()
0	-0.039713904	0.9991455	6.356233e-05	0	0.06283186	0	-0.039713904	0.9991455	6.356233e-05	4.624654e-21	-1
0	-0.047144823	0.9988215	7.520405e-05	0	0.050265484	0	-0.047144823	0.9988215	7.520405e-05	9.6381276e-21	-1
0	-0.057900064	0.9982546	9.215479e-05	0	0.03769911	0	-0.057900064	0.9982546	9.215479e-05	1.464944e-20	-1
0	-0.0747616	0.99713194	0.000118938275	0	0.025132742	0	-0.0747616	0.99713194	0.000118938275	1.9656718e-20	-1
0	-0.08729236	0.9961121	0.00013897145	0	0.018849555	0	-0.08729236	0.9961121	0.00013897145	2.2157593e-20	-1
0	-0.10457352	0.9944447	0.0001667169	0	0.012566371	0	-0.10457352	0.9944447	0.0001667169	2.4655181e-20	-1
0	-0.11588183	0.99318933	0.00018491372	0	0.009424778	0	-0.11588183	0.99318933	0.00018491372	2.5902091e-20	-1
0	-0.1297793	0.9914676	0.00020727498	0	0.0062831854	0	-0.1297793	0.9914676	0.00020727498	2.7147147e-20	-1
0	-0.14344393	0.98958147	0.00022922049	0	0.0037699111	0	-0.14344393	0.98958147	0.00022922049	2.8141386e-20	-1
0	-0.15133011	0.9884052	0.00024184963	0	0.002513274	0	-0.15133011	0.9884052	0.00024184963	2.8637717e-20	-1
0	-0.15560904	0.98774016	0.00024868763	0	0.0018849556	0	-0.15560904	0.98774016	0.00024868763	2.888565e-20	-1
0	-0.16012359	0.98701775	0.00025588868	0	0.001256637	0	-0.16012359	0.98701775	0.00025588868	2.9133408e-20	-1
0	-0.16200694	0.9867101	0.00025888905	0	0.0010053096	0	-0.16200694	0.9867101	0.00025888905	2.9232463e-20	-1
0	-0.16491206	0.98622835	0.00026351074	0	0.0006283185	0	-0.16491206	0.98622835	0.00026351074	2.938098e-20	-1
0	-0.16791308	0.98572147	0.00026827655	0	0.0002513274	0	-0.16791308	0.98572147	0.00026827655	2.9529424e-20	-1
0	-0.16791308	0.98572147	0.00026827655	0	0.0001256637	0	-0.16791308	0.98572147	0.00026827655	2.9578893e-20	-1
0	-0.16791308	0.98572147	0.00026827655	0	6.283185e-05	0	-0.16791308	0.98572147	0.00026827655	2.9603624e-20	-1
0	-0.16791308	0.98572147	0.00026827655	0	2.5132742e-05	0	-0.16791308	0.98572147	0.00026827655	2.9618465e-20	-1
0	-0.16791308	0.98572147	0.00026827655	0	1.2566371e-05	0	-0.16791308	0.98572147	0.00026827655	2.9623412e-20	-1
0	-0.16791308	0.98572147	0.00026827655	0	6.2831855e-06	0	-0.16791308	0.98572147	0.00026827655	2.9625887e-20	-1
0	-0.16791308	0.98572147	0.00026827655	0	2.513274e-06	0	-0.16791308	0.98572147	0.00026827655	2.962737e-20	-1
0	-0.16791308	0.98572147	0.00026827655	0	1.256637e-06	0	-0.16791308	0.98572147	0.00026827655	2.9627865e-20	-1
0	-0.16791308	0.98572147	0.00026827655	0	6.283185e-07	0	-0.16791308	0.98572147	0.00026827655	2.9628114e-20	-1
0	-0.16791308	0.98572147	0.00026827655	0	2.513274e-07	0	-0.16791308	0.98572147	0.00026827655	2.9628262e-20	-1
0	-0.16791308	0.98572147	0.00026827655	0	1.256637e-07	0	-0.16791308	0.98572147	0.00026827655	2.962831e-20	-1
0	-0.16791308	0.98572147	0.00026827655	0	0	0	-0.16791308	0.98572147	0.00026827655	2.962836e-20	-1
0	-0.16791308	0.98572147	0.00026827655	0	-1.256637e-07	0	-0.16791308	0.98572147	0.00026827655	2.962841e-20	-1
0	-0.16791308	0.98572147	0.00026827655	0	-2.513274e-07	0	-0.16791308	0.98572147	0.00026827655	2.962846e-20	-1
0	-0.16791308	0.98572147	0.00026827655	0	-6.283185e-07	0	-0.16791308	0.98572147	0.00026827655	2.9628608e-20	-1
0	-0.16791308	0.98572147	0.00026827655	0	-1.256637e-06	0	-0.16791308	0.98572147	0.00026827655	2.9628853e-20	-1
0	-0.16791308	0.98572147	0.00026827655	0	-2.513274e-06	0	-0.16791308	0.98572147	0.00026827655	2.962935e-20	-1
0	-0.16791308	0.98572147	0.00026827655	0	-6.2831855e-06	0	-0.16791308	0.98572147	0.00026827655	2.9630834e-20	-1
0	-0.16791308	0.98572147	0.00026827655	0	-1.2566371e-05	0	-0.16791308	0.98572147	0.00026827655	2.9633306e-20	-1
0	-0.16791308	0.98572147	0.00026827655	0	-2.5132742e-05	0	-0.16791308	0.98572147	0.00026827655	2.9638253e-20	-1
0	-0.17051867	0.9852737	0.00027241083	0	-6.283185e-05	0	-0.17051867	0.9852737	0.00027241083	2.965306e-20	-1
0	-0.17051867	0.9852737	0.00027241083	0	-0.0001256637	0	-0.17051867	0.9852737	0.00027241083	2.9677783e-20	-1
0	-0.17051867	0.9852737	0.00027241083	0	-0.0002513274	0	-0.17051867	0.9852737	0.00027241083	2.972723e-20	-1
0	-0.17538872	0.9844178	0.00028011692	0	-0.0006283185	0	-0.17538872	0.9844178	0.00028011692	2.9875473e-20	-1
0	-0.17880347	0.9838028	0.00028550514	0	-0.0010053096	0	-0.17880347	0.9838028	0.00028550514	3.0023635e-20	-1
0	-0.17880347	0.9838028	0.00028550514	0	-0.001256637	0	-0.17880347	0.9838028	0.00028550514	3.012238e-20	-1
0	-0.18731083	0.9822173	0.0002988776	0	-0.0018849556	0	-0.18731083	0.9822173	0.0002988776	3.036897e-20	-1
0	-0.1939329	0.9809303	0.00030922017	0	-0.002513274	0	-0.1939329	0.9809303	0.00030922017	3.0615273e-20	-1
0	-0.2087723	0.9778773	0.00033219362	0	-0.0037699111	0	-0.2087723	0.9778773	0.00033219362	3.110682e-20	-1
0	-0.24822159	0.9686088	0.00039136197	0	-0.0062831854	0	-0.24822159	0.9686088	0.00039136197	3.208412e-20	-1
0	-0.9274378	-0.3736729	-0.0008272013	0	-0.009424778	0	-0.9274378	-0.3736729	-0.0008272013	2.6346491e-20	-1
0	-0.8862182	-0.46298152	-0.0006873394	0	-0.012566371	0	-0.8862182	-0.46298152	-0.0006873394	2.5823962e-20	-1
0	0.087283134	-0.9961128	-0.0001389566	0	-0.018849555	0	0.087283134	-0.9961128	-0.0001389566	2.2157593e-20	-1
0	0.07476543	-0.9971317	-0.00011893945	0	-0.025132742	0	0.07476543	-0.9971317	-0.00011893945	1.965672e-20	-1
0	0.05790475	-0.9982543	-9.216225e-05	0	-0.03769911	0	0.05790475	-0.9982543	-9.216225e-05	1.464944e-20	-1
0	0.047146358	-0.99882144	-7.520918e-05	0	-0.050265484	0	0.047146358	-0.99882144	-7.520918e-05	9.638128e-21	-1
0	0.03972245	-0.9991452	-6.357582e-05	0	-0.06283186	0	0.03972245	-0.9991452	-6.357582e-05	4.624655e-21	-1
0	0.03971511	-0.9991455	-6.355939e-05	0	-0.06283186	0	0.03971511	-0.9991455	-6.355939e-05	4.6246533e-21	1
0	0.047144253	-0.9988215	-7.519488e-05	0	-0.050265484	0	0.047144253	-0.9988215	-7.519488e-05	9.638126e-21	1
0	0.057899192	-0.99825466	-9.2151946e-05	0	-0.03769911	0	0.057899192	-0.99825466	-9.2151946e-05	1.464944e-20	1
0	0.0747599	-0.99713206	-0.00011893471	0	-0.025132742	0	0.0747599	-0.99713206	-0.00011893471	1.9656716e-20	1
0	0.08729815	-0.9961115	-0.00013898108	0	-0.018849555	0	0.08729815	-0.9961115	-0.00013898108	2.2157595e-20	1
0	0.10456294	-0.9944458	-0.0001667013	0	-0.012566371	0	0.10456294	-0.9944458	-0.0001667013	2.465518e-20	1
0	0.11588451	-0.99318904	-0.00018491811	0	-0.009424778	0	0.11588451	-0.99318904	-0.00018491811	2.590209e-20	1
0	0.1297884	-0.9914664	-0.00020728857	0	-0.0062831854	0	0.1297884	-0.9914664	-0.00020728857	2.7147147e-20	1
0	0.14342105	-0.9895848	-0.00022918265	0	-0.0037699111	0	0.14342105	-0.9895848	-0.00022918265	2.8141382e-20	1
0	0.15133208	-0.988405	-0.00024185312	0	-0.002513274	0	0.15133208	-0.988405	-0.00024185312	2.8637717e-20	1
0	0.15558788	-0.98774344	-0.00024865428	0	-0.0018849556	0	0.15558788	-0.98774344	-0.00024865428	2.888565e-20	1
0	0.16012877	-0.9870169	-0.00025589735	0	-0.001256637	0	0.16012877	-0.9870169	-0.00025589735	2.9133408e-20	1
0	0.1620054	-0.9867103	-0.0002588864	0	-0.0010053096	0	0.1620054	-0.9867103	-0.0002588864	2.923246e-20	1
0	0.16491526	-0.98622787	-0.0002635154	0	-0.0006283185	0	0.16491526	-0.98622787	-0.0002635154	2.938098e-20	1
0	0.167925	-0.9857194	-0.00026829558	0	-0.0002513274	0	0.167925	-0.9857194	-0.00026829558	2.9529424e-20	1
0	0.167925	-0.9857194	-0.00026829558	0	-0.0001256637	0	0.167925	-0.9857194	-0.00026829558	2.957889e-20	1
0	0.167925	-0.9857194	-0.00026829558	0	-6.283185e-05	0	0.167925	-0.9857194	-0.00026829558	2.9603624e-20	1
0	0.167925	-0.9857194	-0.00026829558	0	-2.5132742e-05	0	0.167925	-0.9857194	-0.00026829558	2.9618465e-20	1
0	0.167925	-0.9857194	-0.00026829558	0	-1.2566371e-05	0	0.167925	-0.9857194	-0.00026829558	2.9623412e-20	1
0	0.167925	-0.9857194	-0.00026829558	0	-6.2831855e-06	0	0.167925	-0.9857194	-0.00026829558	2.9625887e-20	1
0	0.167925	-0.9857194	-0.00026829558	0	-2.513274e-06	0	0.167925	-0.9857194	-0.00026829558	2.962737e-20	1
0	0.167925	-0.9857194	-0.00026829558	0	-1.256637e-06	0	0.167925	-0.9857194	-0.00026829558	2.9627865e-20	1
0	0.167925	-0.9857194	-0.00026829558	0	-6.283185e-07	0	0.167925	-0.9857194	-0.00026829558	2.962811e-20	1
0	0.167925	-0.9857194	-0.00026829558	0	-2.513274e-07	0	0.167925	-0.9857194	-0.00026829558	2.962826e-20	1
0	0.167925	-0.9857194	-0.00026829558	0	-1.256637e-07	0	0.167925	-0.9857194	-0.00026829558	2.962831e-20	1
0	0.167925	-0.9857194	-0.00026829558	0	0	0	0.167925	-0.9857194	-0.00026829558	2.962836e-20	1
0	0.167925	-0.9857194	-0.00026829558	0	1.256637e-07	0	0.167925	-0.9857194	-0.00026829558	2.9628408e-20	1
0	0.167925	-0.9857194	-0.00026829558	0	2.513274e-07	0	0.167925	-0.9857194	-0.00026829558	2.962846e-20	1
0	0.167925	-0.9857194	-0.00026829558	0	6.283185e-07	0	0.167925	-0.9857194	-0.00026829558	2.9628608e-20	1
0	0.167925	-0.9857194	-0.00026829558	0	1.256637e-06	0	0.167925	-0.9857194	-0.00026829558	2.9628853e-20	1
0	0.167925	-0.9857194	-0.00026829558	0	2.513274e-06	0	0.167925	-0.9857194	-0.00026829558	2.9629348e-20	1
0	0.167925	-0.9857194	-0.00026829558	0	6.2831855e-06	0	0.167925	-0.9857194	-0.00026829558	2.963083e-20	1
0	0.167925	-0.9857194	-0.00026829558	0	1.2566371e-05	0	0.167925	-0.9857194	-0.00026829558	2.9633306e-20	1
0	0.167925	-0.9857194	-0.00026829558	0	2.5132742e-05	0	0.167925	-0.9857194	-0.00026829558	2.9638253e-20	1
0	0.167925	-0.9857194	-0.00026829558	0	6.283185e-05	0	0.167925	-0.9857194	-0.00026829558	2.9653094e-20	1
0	0.167925	-0.9857194	-0.00026829558	0	0.0001256637	0	0.167925	-0.9857194	-0.00026829558	2.9677828e-20	1
0	0.17210394	-0.98499775	-0.00027492078	0	0.0002513274	0	0.17210394	-0.98499775	-0.00027492078	2.9727223e-20	1
0	0.17538154	-0.9844191	-0.0002801054	0	0.0006283185	0	0.17538154	-0.9844191	-0.0002801054	2.9875476e-20	1
0	0.17538154	-0.9844191	-0.0002801054	0	0.0010053096	0	0.17538154	-0.9844191	-0.0002801054	3.0023684e-20	1
0	0.18114462	-0.9833741	-0.00028919388	0	0.001256637	0	0.18114462	-0.9833741	-0.00028919388	3.0122357e-20	1
0	0.18731621	-0.98221636	-0.0002988864	0	0.0018849556	0	0.18731621	-0.98221636	-0.0002988864	3.036897e-20	1
0	0.19394812	-0.98092735	-0.0003092484	0	0.002513274	0	0.19394812	-0.98092735	-0.0003092484	3.0615273e-20	1
0	0.20878732	-0.97787416	-0.00033221376	0	0.0037699111	0	0.20878732	-0.97787416	-0.00033221376	3.110682e-20	1
0	0.24831861	-0.9685839	-0.00039150263	0	0.0062831854	0	0.24831861	-0.9685839	-0.00039150263	3.208412e-20	1
0	-0.99556243	0.093337506	-0.0008197055	0	0.009424778	0	-0.99556243	0.093337506	-0.0008197055	2.7490924e-20	1
0	-0.96044135	0.27813256	-0.000498506	0	0.012566371	0	-0.96044135	0.27813256	-0.000498506	2.7283887e-20	1
0	-0.087296724	0.9961117	0.0001389849	0	0.018849555	0	-0.087296724	0.9961117	0.0001389849	2.215759e-20	1
0	-0.07477015	0.99713135	0.000118951546	0	0.025132742	0	-0.07477015	0.99713135	0.000118951546	1.9656721e-20	1
0	-0.057904143	0.99825436	9.216108e-05	0	0.03769911	0	-0.057904143	0.99825436	9.216108e-05	1.4649438e-20	1
0	-0.04714694	0.9988214	7.52052e-05	0	0.050265484	0	-0.04714694	0.9988214	7.52052e-05	9.638128e-21	1
0	-0.039714653	0.9991455	6.356361e-05	0	0.06283186	0	-0.039714653	0.9991455	6.356361e-05	4.6246517e-21	1
