# t (s)	mx ()	my ()	mz ()	B_extx (T)	B_exty (T)	B_extz (T)	mx ()	my ()	mz ()	E_total (J)	branch ()
0	0.9999063	-0.00755285	0.0018724033	0.06283186	0	0	0.9999063	-0.00755285	0.0018724033	2.2937632e-21	-1
0	0.99989724	-0.008582836	0.0018868817	0.050265484	0	0	0.99989724	-0.008582836	0.0018868817	7.311782e-21	-1
0	0.9998839	-0.009937946	0.0019015973	0.03769911	0	0	0.9998839	-0.009937946	0.0019015973	1.232974e-20	-1
0	0.9998628	-0.011800768	0.0019165394	0.025132742	0	0	0.9998628	-0.011800768	0.0019165394	1.7347614e-20	-1
0	0.9998473	-0.013016095	0.001924092	0.018849555	0	0	0.9998473	-0.013016095	0.001924092	1.9856503e-20	-1
0	0.9998262	-0.01451881	0.0019316948	0.012566371	0	0	0.9998262	-0.01451881	0.0019316948	2.2365347e-20	-1
0	0.99981266	-0.015409561	0.0019354974	0.009424778	0	0	0.99981266	-0.015409561	0.0019354974	2.3619748e-20	-1
0	0.9997965	-0.016410867	0.0019393262	0.0062831854	0	0	0.9997965	-0.016410867	0.0019393262	2.4874129e-20	-1
0	0.999781	-0.01731763	0.0019423862	0.0037699111	0	0	0.999781	-0.01731763	0.0019423862	2.5877618e-20	-1
0	0.9997724	-0.017803475	0.0019439138	0.002513274	0	0	0.9997724	-0.017803475	0.0019439138	2.637936e-20	-1
0	0.9997679	-0.018050484	0.0019446745	0.0018849556	0	0	0.9997679	-0.018050484	0.0019446745	2.6630227e-20	-1
0	0.9997629	-0.018324025	0.0019454367	0.001256637	0	0	0.9997629	-0.018324025	0.0019454367	2.688109e-20	-1
0	0.9997629	-0.018324025	0.0019454367	0.0010053096	0	0	0.9997629	-0.018324025	0.0019454367	2.6981436e-20	-1
0	0.9997579	-0.018595131	0.0019461997	0.0006283185	0	0	0.9997579	-0.018595131	0.0019461997	2.7131957e-20	-1
0	0.9997548	-0.018757585	0.001946657	0.0002513274	0	0	0.9997548	-0.018757585	0.001946657	2.7282478e-20	-1
0	0.9997548	-0.018757585	0.001946657	0.0001256637	0	0	0.9997548	-0.018757585	0.001946657	2.733265e-20	-1
0	0.9997548	-0.018757585	0.001946657	6.283185e-05	0	0	0.9997548	-0.018757585	0.001946657	2.7357735e-20	-1
0	0.9997548	-0.018757585	0.001946657	2.5132742e-05	0	0	0.9997548	-0.018757585	0.001946657	2.737279e-20	-1
0	0.9997548	-0.018757585	0.001946657	1.2566371e-05	0	0	0.9997548	-0.018757585	0.001946657	2.7377804e-20	-1
0	0.9997548	-0.018757585	0.001946657	6.2831855e-06	0	0	0.9997548	-0.018757585	0.001946657	2.7380315e-20	-1
0	0.9997548	-0.018757585	0.001946657	2.513274e-06	0	0	0.9997548	-0.018757585	0.001946657	2.738182e-20	-1
0	0.9997548	-0.018757585	0.001946657	1.256637e-06	0	0	0.9997548	-0.018757585	0.001946657	2.738232e-20	-1
0	0.9997548	-0.018757585	0.001946657	6.283185e-07	0	0	0.9997548	-0.018757585	0.001946657	2.7382573e-20	-1
0	0.9997548	-0.018757585	0.001946657	2.513274e-07	0	0	0.9997548	-0.018757585	0.001946657	2.7382722e-20	-1
0	0.9997548	-0.018757585	0.001946657	1.256637e-07	0	0	0.9997548	-0.018757585	0.001946657	2.7382774e-20	-1
0	0.9997548	-0.018757585	0.001946657	0	0	0	0.9997548	-0.018757585	0.001946657	2.7382822e-20	-1
0	0.9997548	-0.018757585	0.001946657	-1.256637e-07	0	0	0.9997548	-0.018757585	0.001946657	2.7382874e-20	-1
0	0.9997548	-0.018757585	0.001946657	-2.513274e-07	0	0	0.9997548	-0.018757585	0.001946657	2.7382922e-20	-1
0	0.9997548	-0.018757585	0.001946657	-6.283185e-07	0	0	0.9997548	-0.018757585	0.001946657	2.7383074e-20	-1
0	0.9997548	-0.018757585	0.001946657	-1.256637e-06	0	0	0.9997548	-0.018757585	0.001946657	2.7383323e-20	-1
0	0.9997548	-0.018757585	0.001946657	-2.513274e-06	0	0	0.9997548	-0.018757585	0.001946657	2.7383827e-20	-1
0	0.9997548	-0.018757585	0.001946657	-6.2831855e-06	0	0	0.9997548	-0.018757585	0.001946657	2.7385333e-20	-1
0	0.9997548	-0.018757585	0.001946657	-1.2566371e-05	0	0	0.9997548	-0.018757585	0.001946657	2.738784e-20	-1
0	0.9997548	-0.018757585	0.001946657	-2.5132742e-05	0	0	0.9997548	-0.018757585	0.001946657	2.7392858e-20	-1
0	0.99975216	-0.01889744	0.0019470383	-6.283185e-05	0	0	0.99975216	-0.01889744	0.0019470383	2.740791e-20	-1
0	0.99975216	-0.01889744	0.0019470383	-0.0001256637	0	0	0.99975216	-0.01889744	0.0019470383	2.7432993e-20	-1
0	0.99975216	-0.01889744	0.0019470383	-0.0002513274	0	0	0.99975216	-0.01889744	0.0019470383	2.7483166e-20	-1
0	0.99974716	-0.019157521	0.0019477227	-0.0006283185	0	0	0.99974716	-0.019157521	0.0019477227	2.7633687e-20	-1
0	0.9997437	-0.019336084	0.0019481794	-0.0010053096	0	0	0.9997437	-0.019336084	0.0019481794	2.77842e-20	-1
0	0.9997437	-0.019336084	0.0019481794	-0.001256637	0	0	0.9997437	-0.019336084	0.0019481794	2.7884543e-20	-1
0	0.9997355	-0.019754983	0.001949244	-0.0018849556	0	0	0.9997355	-0.019754983	0.001949244	2.8135405e-20	-1
0	0.99972916	-0.020069916	0.0019500025	-0.002513274	0	0	0.99972916	-0.020069916	0.0019500025	2.838626e-20	-1
0	0.99971545	-0.020734496	0.0019515168	-0.0037699111	0	0	0.99971545	-0.020734496	0.0019515168	2.8887974e-20	-1
0	0.99968386	-0.022195954	0.0019545278	-0.0062831854	0	0	0.99968386	-0.022195954	0.0019545278	2.9891373e-20	-1
0	0.9996338	-0.024336146	0.0019582512	-0.009424778	0	0	0.9996338	-0.024336146	0.0019582512	3.1145573e-20	-1
0	0.9995666	-0.026947234	0.0019618557	-0.012566371	0	0	0.9995666	-0.026947234	0.0019618557	3.23997e-20	-1
0	0.99934125	-0.034283392	0.0019684732	-0.018849555	0	0	0.99934125	-0.034283392	0.0019684732	3.4907616e-20	-1
0	0.99881744	-0.04712116	0.0019727282	-0.025132742	0	0	0.99881744	-0.04712116	0.0019727282	3.7414665e-20	-1
0	-0.9998839	0.009936691	-0.0019015918	-0.03769911	0	0	-0.9998839	0.009936691	-0.0019015918	1.23297426e-20	-1
0	-0.9998972	0.008583456	-0.0018868825	-0.050265484	0	0	-0.9998972	0.008583456	-0.0018868825	7.3117814e-21	-1
0	-0.9999063	0.0075537856	-0.0018724033	-0.06283186	0	0	-0.9999063	0.0075537856	-0.0018724033	2.293765e-21	-1
0	-0.9999063	0.0075537856	-0.0018724033	-0.06283186	0	0	-0.9999063	0.0075537856	-0.0018724033	2.293765e-21	1
0	-0.99989724	0.008582335	-0.0018868814	-0.050265484	0	0	-0.99989724	0.008582335	-0.0018868814	7.311782e-21	1
0	-0.9998839	0.009936955	-0.0019015939	-0.03769911	0	0	-0.9998839	0.009936955	-0.0019015939	1.23297426e-20	1
0	-0.9998628	0.011800678	-0.0019165385	-0.025132742	0	0	-0.9998628	0.011800678	-0.0019165385	1.7347616e-20	1
0	-0.9998473	0.013020262	-0.0019240971	-0.018849555	0	0	-0.9998473	0.013020262	-0.0019240971	1.9856505e-20	1
0	-0.99982613	0.014522071	-0.0019316948	-0.012566371	0	0	-0.99982613	0.014522071	-0.0019316948	2.2365347e-20	1
0	-0.9998127	0.015407479	-0.0019355079	-0.009424778	0	0	-0.9998127	0.015407479	-0.0019355079	2.3619747e-20	1
0	-0.9997966	0.016407337	-0.0019393272	-0.0062831854	0	0	-0.9997966	0.016407337	-0.0019393272	2.487413e-20	1
0	-0.99978113	0.017314635	-0.0019423838	-0.0037699111	0	0	-0.99978113	0.017314635	-0.0019423838	2.5877622e-20	1
0	-0.9997724	0.017804254	-0.0019439121	-0.002513274	0	0	-0.9997724	0.017804254	-0.0019439121	2.6379357e-20	1
0	-0.9997678	0.018062083	-0.0019446791	-0.0018849556	0	0	-0.9997678	0.018062083	-0.0019446791	2.6630227e-20	1
0	-0.9997629	0.01832465	-0.0019454348	-0.001256637	0	0	-0.9997629	0.01832465	-0.0019454348	2.6881094e-20	1
0	-0.9997629	0.01832465	-0.0019454348	-0.0010053096	0	0	-0.9997629	0.01832465	-0.0019454348	2.698144e-20	1
0	-0.9997579	0.018594582	-0.0019461995	-0.0006283185	0	0	-0.9997579	0.018594582	-0.0019461995	2.7131957e-20	1
0	-0.9997548	0.018757353	-0.0019466571	-0.0002513274	0	0	-0.9997548	0.018757353	-0.0019466571	2.7282478e-20	1
0	-0.9997548	0.018757353	-0.0019466571	-0.0001256637	0	0	-0.9997548	0.018757353	-0.0019466571	2.7332652e-20	1
0	-0.9997548	0.018757353	-0.0019466571	-6.283185e-05	0	0	-0.9997548	0.018757353	-0.0019466571	2.735774e-20	1
0	-0.9997548	0.018757353	-0.0019466571	-2.5132742e-05	0	0	-0.9997548	0.018757353	-0.0019466571	2.737279e-20	1
0	-0.9997548	0.018757353	-0.0019466571	-1.2566371e-05	0	0	-0.9997548	0.018757353	-0.0019466571	2.7377807e-20	1
0	-0.9997548	0.018757353	-0.0019466571	-6.2831855e-06	0	0	-0.9997548	0.018757353	-0.0019466571	2.7380315e-20	1
0	-0.9997548	0.018757353	-0.0019466571	-2.513274e-06	0	0	-0.9997548	0.018757353	-0.0019466571	2.738182e-20	1
0	-0.9997548	0.018757353	-0.0019466571	-1.256637e-06	0	0	-0.9997548	0.018757353	-0.0019466571	2.7382325e-20	1
0	-0.9997548	0.018757353	-0.0019466571	-6.283185e-07	0	0	-0.9997548	0.018757353	-0.0019466571	2.7382573e-20	1
0	-0.9997548	0.018757353	-0.0019466571	-2.513274e-07	0	0	-0.9997548	0.018757353	-0.0019466571	2.7382725e-20	1
0	-0.9997548	0.018757353	-0.0019466571	-1.256637e-07	0	0	-0.9997548	0.018757353	-0.0019466571	2.7382774e-20	1
0	-0.9997548	0.018757353	-0.0019466571	0	0	0	-0.9997548	0.018757353	-0.0019466571	2.7382825e-20	1
0	-0.9997548	0.018757353	-0.0019466571	1.256637e-07	0	0	-0.9997548	0.018757353	-0.0019466571	2.7382874e-20	1
0	-0.9997548	0.018757353	-0.0019466571	2.513274e-07	0	0	-0.9997548	0.018757353	-0.0019466571	2.7382926e-20	1
0	-0.9997548	0.018757353	-0.0019466571	6.283185e-07	0	0	-0.9997548	0.018757353	-0.0019466571	2.7383074e-20	1
0	-0.9997548	0.018757353	-0.0019466571	1.256637e-06	0	0	-0.9997548	0.018757353	-0.0019466571	2.7383326e-20	1
0	-0.9997548	0.018757353	-0.0019466571	2.513274e-06	0	0	-0.9997548	0.018757353	-0.0019466571	2.7383827e-20	1
0	-0.9997548	0.018757353	-0.0019466571	6.2831855e-06	0	0	-0.9997548	0.018757353	-0.0019466571	2.7385333e-20	1
0	-0.9997548	0.018757353	-0.0019466571	1.2566371e-05	0	0	-0.9997548	0.018757353	-0.0019466571	2.7387843e-20	1
0	-0.9997548	0.018757353	-0.0019466571	2.5132742e-05	0	0	-0.9997548	0.018757353	-0.0019466571	2.7392858e-20	1
0	-0.9997522	0.01889594	-0.0019470382	6.283185e-05	0	0	-0.9997522	0.01889594	-0.0019470382	2.740791e-20	1
0	-0.9997516	0.018925484	-0.0019471142	0.0001256637	0	0	-0.9997516	0.018925484	-0.0019471142	2.7432993e-20	1
0	-0.9997516	0.018925484	-0.0019471142	0.0002513274	0	0	-0.9997516	0.018925484	-0.0019471142	2.7483166e-20	1
0	-0.99974716	0.019160053	-0.0019477226	0.0006283185	0	0	-0.99974716	0.019160053	-0.0019477226	2.7633684e-20	1
0	-0.9997438	0.019331519	-0.0019481785	0.0010053096	0	0	-0.9997438	0.019331519	-0.0019481785	2.7784202e-20	1
0	-0.9997438	0.019331519	-0.0019481785	0.001256637	0	0	-0.9997438	0.019331519	-0.0019481785	2.7884546e-20	1
0	-0.99973536	0.019759454	-0.0019492435	0.0018849556	0	0	-0.99973536	0.019759454	-0.0019492435	2.8135408e-20	1
0	-0.99972904	0.020072976	-0.0019500004	0.002513274	0	0	-0.99972904	0.020072976	-0.0019500004	2.8386263e-20	1
0	-0.99971545	0.020737644	-0.0019515166	0.0037699111	0	0	-0.99971545	0.020737644	-0.0019515166	2.8887974e-20	1
0	-0.999684	0.022190616	-0.001954528	0.0062831854	0	0	-0.999684	0.022190616	-0.001954528	2.9891373e-20	1
0	-0.9996339	0.024333566	-0.0019582456	0.009424778	0	0	-0.9996339	0.024333566	-0.0019582456	3.1145573e-20	1
0	-0.99956673	0.026940811	-0.0019618561	0.012566371	0	0	-0.99956673	0.026940811	-0.0019618561	3.2399695e-20	1
0	-0.99934125	0.034283012	-0.0019684732	0.018849555	0	0	-0.99934125	0.034283012	-0.0019684732	3.4907616e-20	1
0	-0.99881697	0.047131367	-0.0019727247	0.025132742	0	0	-0.99881697	0.047131367	-0.0019727247	3.7414662e-20	1
0	0.9998839	-0.009941124	0.0019015939	0.03769911	0	0	0.9998839	-0.009941124	0.0019015939	1.2329742e-20	1
0	0.9998972	-0.008584418	0.0018868805	0.050265484	0	0	0.9998972	-0.008584418	0.0018868805	7.3117814e-21	1
0	0.9999063	-0.0075541697	0.0018724017	0.06283186	0	0	0.9999063	-0.0075541697	0.0018724017	2.293769e-21	1
