# t (s)	mx ()	my ()	mz ()	B_extx (T)	B_exty (T)	B_extz (T)	mx ()	my ()	mz ()	E_total (J)	branch ()
0	-0.06621137	0.9977354	0.0025521012	0	0.06283186	0	-0.06621137	0.9977354	0.0025521012	4.647707e-21	-1
0	-0.079265	0.9967817	0.00262317	0	0.050265484	0	-0.079265	0.9967817	0.00262317	9.652663e-21	-1
0	-0.0982409	0.99508846	0.0027171974	0	0.03769911	0	-0.0982409	0.99508846	0.0027171974	1.4651206e-20	-1
0	-0.12778506	0.9917238	0.002850059	0	0.025132742	0	-0.12778506	0.9917238	0.002850059	1.9637662e-20	-1
0	-0.1493487	0.9887035	0.0029396452	0	0.018849555	0	-0.1493487	0.9887035	0.0029396452	2.2122634e-20	-1
0	-0.17830062	0.9838904	0.003051831	0	0.012566371	0	-0.17830062	0.9838904	0.003051831	2.4597998e-20	-1
0	-0.19674137	0.9803666	0.003118675	0	0.009424778	0	-0.19674137	0.9803666	0.003118675	2.58303e-20	-1
0	-0.21877745	0.9756818	0.003193833	0	0.0062831854	0	-0.21877745	0.9756818	0.003193833	2.7057506e-20	-1
0	-0.23985457	0.9707116	0.0032607268	0	0.0037699111	0	-0.23985457	0.9707116	0.0032607268	2.8034414e-20	-1
0	-0.25177187	0.9676868	0.0032963213	0	0.002513274	0	-0.25177187	0.9676868	0.0032963213	2.8520826e-20	-1
0	-0.2581742	0.9659971	0.00331475	0	0.0018849556	0	-0.2581742	0.9659971	0.00331475	2.8763432e-20	-1
0	-0.2648962	0.9641742	0.003333569	0	0.001256637	0	-0.2648962	0.9641742	0.003333569	2.90056e-20	-1
0	-0.2648962	0.9641742	0.003333569	0	0.0010053096	0	-0.2648962	0.9641742	0.003333569	2.9102372e-20	-1
0	-0.27197874	0.962199	0.0033527943	0	0.0006283185	0	-0.27197874	0.962199	0.0033527943	2.9247287e-20	-1
0	-0.27638844	0.9609406	0.0033644543	0	0.0002513274	0	-0.27638844	0.9609406	0.0033644543	2.9392054e-20	-1
0	-0.27638844	0.9609406	0.0033644543	0	0.0001256637	0	-0.27638844	0.9609406	0.0033644543	2.944028e-20	-1
0	-0.27638844	0.9609406	0.0033644543	0	6.283185e-05	0	-0.27638844	0.9609406	0.0033644543	2.9464393e-20	-1
0	-0.27638844	0.9609406	0.0033644543	0	2.5132742e-05	0	-0.27638844	0.9609406	0.0033644543	2.947886e-20	-1
0	-0.27638844	0.9609406	0.0033644543	0	1.2566371e-05	0	-0.27638844	0.9609406	0.0033644543	2.9483683e-20	-1
0	-0.27638844	0.9609406	0.0033644543	0	6.2831855e-06	0	-0.27638844	0.9609406	0.0033644543	2.9486094e-20	-1
0	-0.27638844	0.9609406	0.0033644543	0	2.513274e-06	0	-0.27638844	0.9609406	0.0033644543	2.948754e-20	-1
0	-0.27638844	0.9609406	0.0033644543	0	1.256637e-06	0	-0.27638844	0.9609406	0.0033644543	2.9488023e-20	-1
0	-0.27638844	0.9609406	0.0033644543	0	6.283185e-07	0	-0.27638844	0.9609406	0.0033644543	2.9488265e-20	-1
0	-0.27638844	0.9609406	0.0033644543	0	2.513274e-07	0	-0.27638844	0.9609406	0.0033644543	2.9488407e-20	-1
0	-0.27638844	0.9609406	0.0033644543	0	1.256637e-07	0	-0.27638844	0.9609406	0.0033644543	2.9488456e-20	-1
0	-0.27638844	0.9609406	0.0033644543	0	0	0	-0.27638844	0.9609406	0.0033644543	2.9488504e-20	-1
0	-0.27638844	0.9609406	0.0033644543	0	-1.256637e-07	0	-0.27638844	0.9609406	0.0033644543	2.9488553e-20	-1
0	-0.27638844	0.9609406	0.0033644543	0	-2.513274e-07	0	-0.27638844	0.9609406	0.0033644543	2.94886e-20	-1
0	-0.27638844	0.9609406	0.0033644543	0	-6.283185e-07	0	-0.27638844	0.9609406	0.0033644543	2.9488746e-20	-1
0	-0.27638844	0.9609406	0.0033644543	0	-1.256637e-06	0	-0.27638844	0.9609406	0.0033644543	2.9488986e-20	-1
0	-0.27638844	0.9609406	0.0033644543	0	-2.513274e-06	0	-0.27638844	0.9609406	0.0033644543	2.948947e-20	-1
0	-0.27638844	0.9609406	0.0033644543	0	-6.2831855e-06	0	-0.27638844	0.9609406	0.0033644543	2.9490915e-20	-1
0	-0.27638844	0.9609406	0.0033644543	0	-1.2566371e-05	0	-0.27638844	0.9609406	0.0033644543	2.9493328e-20	-1
0	-0.27638844	0.9609406	0.0033644543	0	-2.5132742e-05	0	-0.27638844	0.9609406	0.0033644543	2.949815e-20	-1
0	-0.27638844	0.9609406	0.0033644543	0	-6.283185e-05	0	-0.27638844	0.9609406	0.0033644543	2.951262e-20	-1
0	-0.28096867	0.95961046	0.0033763	0	-0.0001256637	0	-0.28096867	0.95961046	0.0033763	2.9536633e-20	-1
0	-0.28096867	0.95961046	0.0033763	0	-0.0002513274	0	-0.28096867	0.95961046	0.0033763	2.958479e-20	-1
0	-0.28729895	0.95773304	0.003392234	0	-0.0006283185	0	-0.28729895	0.95773304	0.003392234	2.9729075e-20	-1
0	-0.2922486	0.95623326	0.0034043305	0	-0.0010053096	0	-0.2922486	0.95623326	0.0034043305	2.9873156e-20	-1
0	-0.2922486	0.95623326	0.0034043305	0	-0.001256637	0	-0.2922486	0.95623326	0.0034043305	2.9969135e-20	-1
0	-0.3045468	0.9523852	0.003432971	0	-0.0018849556	0	-0.3045468	0.9523852	0.003432971	3.0208416e-20	-1
0	-0.31405517	0.94929016	0.0034537162	0	-0.002513274	0	-0.31405517	0.94929016	0.0034537162	3.044701e-20	-1
0	-0.33539432	0.9419576	0.003495613	0	-0.0037699111	0	-0.33539432	0.9419576	0.003495613	3.0921643e-20	-1
0	-0.39373985	0.9190851	0.0035746517	0	-0.0062831854	0	-0.39373985	0.9190851	0.0035746517	3.1856926e-20	-1
0	-0.89421624	-0.44734555	-0.0016128031	0	-0.009424778	0	-0.89421624	-0.44734555	-0.0016128031	2.603005e-20	-1
0	-0.853639	-0.5205885	-0.0014458932	0	-0.012566371	0	-0.853639	-0.5205885	-0.0014458932	2.5423939e-20	-1
0	0.14934576	-0.9887039	-0.002939634	0	-0.018849555	0	0.14934576	-0.9887039	-0.002939634	2.2122634e-20	-1
0	0.12779522	-0.9917225	-0.0028500888	0	-0.025132742	0	0.12779522	-0.9917225	-0.0028500888	1.9637664e-20	-1
0	0.098244004	-0.9950881	-0.0027172107	0	-0.03769911	0	0.098244004	-0.9950881	-0.0027172107	1.4651204e-20	-1
0	0.07927095	-0.99678123	-0.0026231932	0	-0.050265484	0	0.07927095	-0.99678123	-0.0026231932	9.652665e-21	-1
0	0.066212475	-0.9977354	-0.002552107	0	-0.06283186	0	0.066212475	-0.9977354	-0.002552107	4.6477073e-21	-1
0	0.066212475	-0.9977354	-0.002552107	0	-0.06283186	0	0.066212475	-0.9977354	-0.002552107	4.6477073e-21	1
0	0.079264835	-0.9967817	-0.0026231697	0	-0.050265484	0	0.079264835	-0.9967817	-0.0026231697	9.652661e-21	1
0	0.09824068	-0.99508846	-0.002717197	0	-0.03769911	0	0.09824068	-0.99508846	-0.002717197	1.4651207e-20	1
0	0.12778936	-0.9917233	-0.0028500655	0	-0.025132742	0	0.12778936	-0.9917233	-0.0028500655	1.9637662e-20	1
0	0.14934403	-0.9887042	-0.002939628	0	-0.018849555	0	0.14934403	-0.9887042	-0.002939628	2.2122635e-20	1
0	0.17830238	-0.98389006	-0.0030518435	0	-0.012566371	0	0.17830238	-0.98389006	-0.0030518435	2.4597998e-20	1
0	0.19672525	-0.9803698	-0.0031185723	0	-0.009424778	0	0.19672525	-0.9803698	-0.0031185723	2.5830301e-20	1
0	0.21878529	-0.97568	-0.0031938548	0	-0.0062831854	0	0.21878529	-0.97568	-0.0031938548	2.7057503e-20	1
0	0.2398096	-0.9707227	-0.0032605976	0	-0.0037699111	0	0.2398096	-0.9707227	-0.0032605976	2.803441e-20	1
0	0.2517703	-0.96768725	-0.003296317	0	-0.002513274	0	0.2517703	-0.96768725	-0.003296317	2.8520826e-20	1
0	0.25816542	-0.9659995	-0.003314726	0	-0.0018849556	0	0.25816542	-0.9659995	-0.003314726	2.8763432e-20	1
0	0.2648971	-0.9641739	-0.003333571	0	-0.001256637	0	0.2648971	-0.9641739	-0.003333571	2.90056e-20	1
0	0.2648971	-0.9641739	-0.003333571	0	-0.0010053096	0	0.2648971	-0.9641739	-0.003333571	2.9102376e-20	1
0	0.27196562	-0.9622026	-0.0033527617	0	-0.0006283185	0	0.27196562	-0.9622026	-0.0033527617	2.9247287e-20	1
0	0.2763899	-0.96094024	-0.0033644573	0	-0.0002513274	0	0.2763899	-0.96094024	-0.0033644573	2.9392057e-20	1
0	0.2763899	-0.96094024	-0.0033644573	0	-0.0001256637	0	0.2763899	-0.96094024	-0.0033644573	2.9440282e-20	1
0	0.2763899	-0.96094024	-0.0033644573	0	-6.283185e-05	0	0.2763899	-0.96094024	-0.0033644573	2.9464396e-20	1
0	0.2763899	-0.96094024	-0.0033644573	0	-2.5132742e-05	0	0.2763899	-0.96094024	-0.0033644573	2.9478862e-20	1
0	0.2763899	-0.96094024	-0.0033644573	0	-1.2566371e-05	0	0.2763899	-0.96094024	-0.0033644573	2.9483686e-20	1
0	0.2763899	-0.96094024	-0.0033644573	0	-6.2831855e-06	0	0.2763899	-0.96094024	-0.0033644573	2.9486097e-20	1
0	0.2763899	-0.96094024	-0.0033644573	0	-2.513274e-06	0	0.2763899	-0.96094024	-0.0033644573	2.9487545e-20	1
0	0.2763899	-0.96094024	-0.0033644573	0	-1.256637e-06	0	0.2763899	-0.96094024	-0.0033644573	2.9488026e-20	1
0	0.2763899	-0.96094024	-0.0033644573	0	-6.283185e-07	0	0.2763899	-0.96094024	-0.0033644573	2.9488268e-20	1
0	0.2763899	-0.96094024	-0.0033644573	0	-2.513274e-07	0	0.2763899	-0.96094024	-0.0033644573	2.948841e-20	1
0	0.2763899	-0.96094024	-0.0033644573	0	-1.256637e-07	0	0.2763899	-0.96094024	-0.0033644573	2.948846e-20	1
0	0.2763899	-0.96094024	-0.0033644573	0	0	0	0.2763899	-0.96094024	-0.0033644573	2.9488507e-20	1
0	0.2763899	-0.96094024	-0.0033644573	0	1.256637e-07	0	0.2763899	-0.96094024	-0.0033644573	2.9488556e-20	1
0	0.2763899	-0.96094024	-0.0033644573	0	2.513274e-07	0	0.2763899	-0.96094024	-0.0033644573	2.9488604e-20	1
0	0.2763899	-0.96094024	-0.0033644573	0	6.283185e-07	0	0.2763899	-0.96094024	-0.0033644573	2.948875e-20	1
0	0.2763899	-0.96094024	-0.0033644573	0	1.256637e-06	0	0.2763899	-0.96094024	-0.0033644573	2.948899e-20	1
0	0.2763899	-0.96094024	-0.0033644573	0	2.513274e-06	0	0.2763899	-0.96094024	-0.0033644573	2.9489474e-20	1
0	0.2763899	-0.96094024	-0.0033644573	0	6.2831855e-06	0	0.2763899	-0.96094024	-0.0033644573	2.9490918e-20	1
0	0.2763899	-0.96094024	-0.0033644573	0	1.2566371e-05	0	0.2763899	-0.96094024	-0.0033644573	2.949333e-20	1
0	0.2763899	-0.96094024	-0.0033644573	0	2.5132742e-05	0	0.2763899	-0.96094024	-0.0033644573	2.9498152e-20	1
0	0.2763899	-0.96094024	-0.0033644573	0	6.283185e-05	0	0.2763899	-0.96094024	-0.0033644573	2.9512622e-20	1
0	0.28096664	-0.95961106	-0.003376295	0	0.0001256637	0	0.28096664	-0.95961106	-0.003376295	2.9536633e-20	1
0	0.28096664	-0.95961106	-0.003376295	0	0.0002513274	0	0.28096664	-0.95961106	-0.003376295	2.958479e-20	1
0	0.2873037	-0.9577316	-0.0033922452	0	0.0006283185	0	0.2873037	-0.9577316	-0.0033922452	2.972908e-20	1
0	0.29224563	-0.95623416	-0.0034043225	0	0.0010053096	0	0.29224563	-0.95623416	-0.0034043225	2.9873156e-20	1
0	0.29224563	-0.95623416	-0.0034043225	0	0.001256637	0	0.29224563	-0.95623416	-0.0034043225	2.9969132e-20	1
0	0.3045451	-0.9523857	-0.0034329721	0	0.0018849556	0	0.3045451	-0.9523857	-0.0034329721	3.0208413e-20	1
0	0.31405085	-0.9492916	-0.0034537073	0	0.002513274	0	0.31405085	-0.9492916	-0.0034537073	3.044701e-20	1
0	0.33533454	-0.94197893	-0.0034955083	0	0.0037699111	0	0.33533454	-0.94197893	-0.0034955083	3.092164e-20	1
0	0.39370745	-0.919099	-0.0035746256	0	0.0062831854	0	0.39370745	-0.919099	-0.0035746256	3.1856923e-20	1
0	0.8942158	0.4473464	0.001612802	0	0.009424778	0	0.8942158	0.4473464	0.001612802	2.6030052e-20	1
0	0.8536452	0.52057844	0.0014459195	0	0.012566371	0	0.8536452	0.52057844	0.0014459195	2.5423939e-20	1
0	-0.14935717	0.9887022	0.002939676	0	0.018849555	0	-0.14935717	0.9887022	0.002939676	2.2122634e-20	1
0	-0.12779285	0.9917228	0.0028500804	0	0.025132742	0	-0.12779285	0.9917228	0.0028500804	1.9637662e-20	1
0	-0.09824647	0.99508786	0.0027172156	0	0.03769911	0	-0.09824647	0.99508786	0.0027172156	1.4651206e-20	1
0	-0.07927491	0.9967809	0.0026232097	0	0.050265484	0	-0.07927491	0.9967809	0.0026232097	9.652664e-21	1
0	-0.066214055	0.99773526	0.002552114	0	0.06283186	0	-0.066214055	0.99773526	0.002552114	4.647707e-21	1
