# t (s)	mx ()	my ()	mz ()	B_extx (T)	B_exty (T)	B_extz (T)	mx ()	my ()	mz ()	E_total (J)	branch ()
0	0.983647	-0.17967804	0.0007777278	0.06283186	0	0	0.983647	-0.17967804	0.0007777278	3.3767861e-21	-1
0	0.9769864	-0.21291575	0.0007981546	0.050265484	0	0	0.9769864	-0.21291575	0.0007981546	8.297712e-21	-1
0	0.96662235	-0.25585607	0.0008222747	0.03769911	0	0	0.96662235	-0.25585607	0.0008222747	1.3176663e-20	-1
0	0.9502605	-0.31113604	0.0008494179	0.025132742	0	0	0.9502605	-0.31113604	0.0008494179	1.798977e-20	-1
0	0.93869174	-0.3444492	0.0008632535	0.018849555	0	0	0.93869174	-0.3444492	0.0008632535	2.0360275e-20	-1
0	0.9238975	-0.38234168	0.00087617274	0.012566371	0	0	0.9238975	-0.38234168	0.00087617274	2.2697902e-20	-1
0	0.9149422	-0.40329134	0.000881823	0.009424778	0	0	0.9149422	-0.40329134	0.000881823	2.3851553e-20	-1
0	0.9046781	-0.42580646	0.00088655064	0.0062831854	0	0	0.9046781	-0.42580646	0.00088655064	2.4993169e-20	-1
0	0.89531654	-0.44514483	0.0008893866	0.0037699111	0	0	0.89531654	-0.44514483	0.0008893866	2.5896592e-20	-1
0	0.8901916	-0.45530248	0.0008903879	0.002513274	0	0	0.8901916	-0.45530248	0.0008903879	2.6344636e-20	-1
0	0.8875114	-0.4605028	0.00089076447	0.0018849556	0	0	0.8875114	-0.4605028	0.00089076447	2.6567673e-20	-1
0	0.8847366	-0.4658093	0.0008910496	0.001256637	0	0	0.8847366	-0.4658093	0.0008910496	2.6790025e-20	-1
0	0.8847366	-0.4658093	0.0008910496	0.0010053096	0	0	0.8847366	-0.4658093	0.0008910496	2.6878827e-20	-1
0	0.8818641	-0.47122252	0.0008912354	0.0006283185	0	0	0.8818641	-0.47122252	0.0008912354	2.7011667e-20	-1
0	0.88009125	-0.47452396	0.0008912955	0.0002513274	0	0	0.88009125	-0.47452396	0.0008912955	2.7144303e-20	-1
0	0.88009125	-0.47452396	0.0008912955	0.0001256637	0	0	0.88009125	-0.47452396	0.0008912955	2.718847e-20	-1
0	0.88009125	-0.47452396	0.0008912955	6.283185e-05	0	0	0.88009125	-0.47452396	0.0008912955	2.7210555e-20	-1
0	0.88009125	-0.47452396	0.0008912955	2.5132742e-05	0	0	0.88009125	-0.47452396	0.0008912955	2.7223806e-20	-1
0	0.88009125	-0.47452396	0.0008912955	1.2566371e-05	0	0	0.88009125	-0.47452396	0.0008912955	2.7228223e-20	-1
0	0.88009125	-0.47452396	0.0008912955	6.2831855e-06	0	0	0.88009125	-0.47452396	0.0008912955	2.723043e-20	-1
0	0.88009125	-0.47452396	0.0008912955	2.513274e-06	0	0	0.88009125	-0.47452396	0.0008912955	2.7231755e-20	-1
0	0.88009125	-0.47452396	0.0008912955	1.256637e-06	0	0	0.88009125	-0.47452396	0.0008912955	2.7232198e-20	-1
0	0.88009125	-0.47452396	0.0008912955	6.283185e-07	0	0	0.88009125	-0.47452396	0.0008912955	2.7232418e-20	-1
0	0.88009125	-0.47452396	0.0008912955	2.513274e-07	0	0	0.88009125	-0.47452396	0.0008912955	2.723255e-20	-1
0	0.88009125	-0.47452396	0.0008912955	1.256637e-07	0	0	0.88009125	-0.47452396	0.0008912955	2.7232595e-20	-1
0	0.88009125	-0.47452396	0.0008912955	0	0	0	0.88009125	-0.47452396	0.0008912955	2.7232637e-20	-1
0	0.88009125	-0.47452396	0.0008912955	-1.256637e-07	0	0	0.88009125	-0.47452396	0.0008912955	2.7232682e-20	-1
0	0.88009125	-0.47452396	0.0008912955	-2.513274e-07	0	0	0.88009125	-0.47452396	0.0008912955	2.7232728e-20	-1
0	0.88009125	-0.47452396	0.0008912955	-6.283185e-07	0	0	0.88009125	-0.47452396	0.0008912955	2.723286e-20	-1
0	0.88009125	-0.47452396	0.0008912955	-1.256637e-06	0	0	0.88009125	-0.47452396	0.0008912955	2.723308e-20	-1
0	0.88009125	-0.47452396	0.0008912955	-2.513274e-06	0	0	0.88009125	-0.47452396	0.0008912955	2.7233523e-20	-1
0	0.88009125	-0.47452396	0.0008912955	-6.2831855e-06	0	0	0.88009125	-0.47452396	0.0008912955	2.7234847e-20	-1
0	0.88009125	-0.47452396	0.0008912955	-1.2566371e-05	0	0	0.88009125	-0.47452396	0.0008912955	2.7237054e-20	-1
0	0.88009125	-0.47452396	0.0008912955	-2.5132742e-05	0	0	0.88009125	-0.47452396	0.0008912955	2.724147e-20	-1
0	0.88009125	-0.47452396	0.0008912955	-6.283185e-05	0	0	0.88009125	-0.47452396	0.0008912955	2.7254722e-20	-1
0	0.8782855	-0.47785634	0.0008913161	-0.0001256637	0	0	0.8782855	-0.47785634	0.0008913161	2.7276672e-20	-1
0	0.8782855	-0.47785634	0.0008913161	-0.0002513274	0	0	0.8782855	-0.47785634	0.0008913161	2.7320748e-20	-1
0	0.8758144	-0.48236868	0.0008912743	-0.0006283185	0	0	0.8758144	-0.48236868	0.0008912743	2.745273e-20	-1
0	0.87391603	-0.48579818	0.00089118973	-0.0010053096	0	0	0.87391603	-0.48579818	0.00089118973	2.7584444e-20	-1
0	0.87391603	-0.48579818	0.00089118973	-0.001256637	0	0	0.87391603	-0.48579818	0.00089118973	2.767216e-20	-1
0	0.8693154	-0.49398047	0.00089080364	-0.0018849556	0	0	0.8693154	-0.49398047	0.00089080364	2.7890646e-20	-1
0	0.86587137	-0.4999902	0.00089034624	-0.002513274	0	0	0.86587137	-0.4999902	0.00089034624	2.8108347e-20	-1
0	0.85856724	-0.5124266	0.000888921	-0.0037699111	0	0	0.85856724	-0.5124266	0.000888921	2.8541075e-20	-1
0	0.84188247	-0.5393909	0.00088345585	-0.0062831854	0	0	0.84188247	-0.5393909	0.00088345585	2.9394703e-20	-1
0	0.8154639	-0.578545	0.00086911966	-0.009424778	0	0	0.8154639	-0.578545	0.00086911966	3.043519e-20	-1
0	0.77710617	-0.6291168	0.00083754736	-0.012566371	0	0	0.77710617	-0.6291168	0.00083754736	3.143608e-20	-1
0	-0.77898145	-0.62679195	-0.00086281286	-0.018849555	0	0	-0.77898145	-0.62679195	-0.00086281286	2.2572953e-20	-1
0	-0.9502572	0.31114626	-0.0008494217	-0.025132742	0	0	-0.9502572	0.31114626	-0.0008494217	1.7989771e-20	-1
0	-0.9666228	0.2558545	-0.000822274	-0.03769911	0	0	-0.9666228	0.2558545	-0.000822274	1.31766624e-20	-1
0	-0.9769844	0.21292499	-0.00079815835	-0.050265484	0	0	-0.9769844	0.21292499	-0.00079815835	8.2977145e-21	-1
0	-0.9836483	0.17967032	-0.00077772466	-0.06283186	0	0	-0.9836483	0.17967032	-0.00077772466	3.37679e-21	-1
0	-0.9836476	0.1796746	-0.00077772664	-0.06283186	0	0	-0.9836476	0.1796746	-0.00077772664	3.3767861e-21	1
0	-0.97698617	0.2129165	-0.0007981543	-0.050265484	0	0	-0.97698617	0.2129165	-0.0007981543	8.29771e-21	1
0	-0.9666238	0.25585097	-0.0008222733	-0.03769911	0	0	-0.9666238	0.25585097	-0.0008222733	1.3176665e-20	1
0	-0.9502553	0.3111521	-0.0008494238	-0.025132742	0	0	-0.9502553	0.3111521	-0.0008494238	1.798977e-20	1
0	-0.9386858	0.34446555	-0.0008632586	-0.018849555	0	0	-0.9386858	0.34446555	-0.0008632586	2.0360274e-20	1
0	-0.92389935	0.38233745	-0.00087617256	-0.012566371	0	0	-0.92389935	0.38233745	-0.00087617256	2.2697902e-20	1
0	-0.6174589	-0.78640425	-0.0010020756	-0.009424778	0	0	-0.6174589	-0.78640425	-0.0010020756	2.5173481e-20	1
0	-0.5718435	-0.82017946	-0.0010265708	-0.0062831854	0	0	-0.5718435	-0.82017946	-0.0010265708	2.591957e-20	1
0	-0.53469384	-0.844875	-0.0010408547	-0.0037699111	0	0	-0.53469384	-0.844875	-0.0010408547	2.6474983e-20	1
0	-0.51560545	-0.85666156	-0.0010461479	-0.002513274	0	0	-0.51560545	-0.85666156	-0.0010461479	2.6738544e-20	1
0	-0.5058797	-0.8624426	-0.0010483011	-0.0018849556	0	0	-0.5058797	-0.8624426	-0.0010483011	2.68667e-20	1
0	-0.4960017	-0.8681633	-0.001050109	-0.001256637	0	0	-0.4960017	-0.8681633	-0.001050109	2.6992404e-20	1
0	-0.49203062	-0.87042093	-0.0010507292	-0.0010053096	0	0	-0.49203062	-0.87042093	-0.0010507292	2.7041988e-20	1
0	-0.48600268	-0.8738022	-0.0010515507	-0.0006283185	0	0	-0.48600268	-0.8738022	-0.0010515507	2.711561e-20	1
0	-0.47990942	-0.87716484	-0.0010522353	-0.0002513274	0	0	-0.47990942	-0.87716484	-0.0010522353	2.7188328e-20	1
0	-0.47990942	-0.87716484	-0.0010522353	-0.0001256637	0	0	-0.47990942	-0.87716484	-0.0010522353	2.7212413e-20	1
0	-0.47683683	-0.87883955	-0.0010525247	-6.283185e-05	0	0	-0.47683683	-0.87883955	-0.0010525247	2.722433e-20	1
0	-0.47683683	-0.87883955	-0.0010525247	-2.5132742e-05	0	0	-0.47683683	-0.87883955	-0.0010525247	2.723151e-20	1
0	-0.47683683	-0.87883955	-0.0010525247	-1.2566371e-05	0	0	-0.47683683	-0.87883955	-0.0010525247	2.7233904e-20	1
0	-0.47683683	-0.87883955	-0.0010525247	-6.2831855e-06	0	0	-0.47683683	-0.87883955	-0.0010525247	2.72351e-20	1
0	-0.47683683	-0.87883955	-0.0010525247	-2.513274e-06	0	0	-0.47683683	-0.87883955	-0.0010525247	2.7235817e-20	1
0	-0.47683683	-0.87883955	-0.0010525247	-1.256637e-06	0	0	-0.47683683	-0.87883955	-0.0010525247	2.7236056e-20	1
0	-0.47683683	-0.87883955	-0.0010525247	-6.283185e-07	0	0	-0.47683683	-0.87883955	-0.0010525247	2.7236175e-20	1
0	-0.47683683	-0.87883955	-0.0010525247	-2.513274e-07	0	0	-0.47683683	-0.87883955	-0.0010525247	2.723625e-20	1
0	-0.47683683	-0.87883955	-0.0010525247	-1.256637e-07	0	0	-0.47683683	-0.87883955	-0.0010525247	2.7236272e-20	1
0	-0.47683683	-0.87883955	-0.0010525247	0	0	0	-0.47683683	-0.87883955	-0.0010525247	2.7236295e-20	1
0	-0.47683683	-0.87883955	-0.0010525247	1.256637e-07	0	0	-0.47683683	-0.87883955	-0.0010525247	2.723632e-20	1
0	-0.47683683	-0.87883955	-0.0010525247	2.513274e-07	0	0	-0.47683683	-0.87883955	-0.0010525247	2.7236343e-20	1
0	-0.47683683	-0.87883955	-0.0010525247	6.283185e-07	0	0	-0.47683683	-0.87883955	-0.0010525247	2.7236414e-20	1
0	-0.47683683	-0.87883955	-0.0010525247	1.256637e-06	0	0	-0.47683683	-0.87883955	-0.0010525247	2.7236534e-20	1
0	-0.47683683	-0.87883955	-0.0010525247	2.513274e-06	0	0	-0.47683683	-0.87883955	-0.0010525247	2.7236773e-20	1
0	-0.47683683	-0.87883955	-0.0010525247	6.2831855e-06	0	0	-0.47683683	-0.87883955	-0.0010525247	2.7237494e-20	1
0	-0.47683683	-0.87883955	-0.0010525247	1.2566371e-05	0	0	-0.47683683	-0.87883955	-0.0010525247	2.723869e-20	1
0	-0.47683683	-0.87883955	-0.0010525247	2.5132742e-05	0	0	-0.47683683	-0.87883955	-0.0010525247	2.7241084e-20	1
0	-0.47683683	-0.87883955	-0.0010525247	6.283185e-05	0	0	-0.47683683	-0.87883955	-0.0010525247	2.724826e-20	1
0	-0.4737389	-0.880514	-0.0010527787	0.0001256637	0	0	-0.4737389	-0.880514	-0.0010527787	2.726011e-20	1
0	-0.4737389	-0.880514	-0.0010527787	0.0002513274	0	0	-0.4737389	-0.880514	-0.0010527787	2.7283884e-20	1
0	-0.46542013	-0.88494116	-0.001053273	0.0006283185	0	0	-0.46542013	-0.88494116	-0.001053273	2.7354372e-20	1
0	-0.4590745	-0.888251	-0.0010534644	0.0010053096	0	0	-0.4590745	-0.888251	-0.0010534644	2.7423968e-20	1
0	-0.45480764	-0.8904443	-0.0010535035	0.001256637	0	0	-0.45480764	-0.8904443	-0.0010535035	2.7469834e-20	1
0	-0.44395548	-0.89590657	-0.0010532744	0.0018849556	0	0	-0.44395548	-0.89590657	-0.0010532744	2.7582602e-20	1
0	-0.4328219	-0.9013405	-0.00105255	0.002513274	0	0	-0.4328219	-0.9013405	-0.00105255	2.769261e-20	1
0	-0.40961978	-0.9121241	-0.0010494457	0.0037699111	0	0	-0.40961978	-0.9121241	-0.0010494457	2.7904056e-20	1
0	-0.35784572	-0.9336624	-0.001034733	0.0062831854	0	0	-0.35784572	-0.9336624	-0.001034733	2.828992e-20	1
0	-0.27367204	-0.9617241	-0.0009880436	0.009424778	0	0	-0.27367204	-0.9617241	-0.0009880436	2.8689493e-20	1
0	0.92389375	-0.3823508	0.0008761748	0.012566371	0	0	0.92389375	-0.3823508	0.0008761748	2.26979e-20	1
0	0.93868804	-0.34445935	0.00086325663	0.018849555	0	0	0.93868804	-0.34445935	0.00086325663	2.0360277e-20	1
0	0.950256	-0.31114987	0.00084943	0.025132742	0	0	0.950256	-0.31114987	0.00084943	1.7989771e-20	1
0	0.96662354	-0.25585186	0.0008222674	0.03769911	0	0	0.96662354	-0.25585186	0.0008222674	1.3176663e-20	1
0	0.9769853	-0.21292084	0.00079815986	0.050265484	0	0	0.9769853	-0.21292084	0.00079815986	8.2977145e-21	1
0	0.98364645	-0.1796806	0.00077772886	0.06283186	0	0	0.98364645	-0.1796806	0.00077772886	3.3767873e-21	1
