# t (s)	mx ()	my ()	mz ()	B_extx (T)	B_exty (T)	B_extz (T)	mx ()	my ()	mz ()	E_total (J)	branch ()
0	-0.017591992	0.999779	0.0016047427	0	0.06283186	0	-0.017591992	0.999779	0.0016047427	4.531316e-21	-1
0	-0.020820092	0.99971616	0.001637976	0	0.050265484	0	-0.020820092	0.99971616	0.001637976	9.5485675e-21	-1
0	-0.025496062	0.99960685	0.001680816	0	0.03769911	0	-0.025496062	0.99960685	0.001680816	1.4565405e-20	-1
0	-0.03285469	0.9993911	0.001741187	0	0.025132742	0	-0.03285469	0.9993911	0.001741187	1.9581459e-20	-1
0	-0.03838113	0.99919343	0.0017832969	0	0.018849555	0	-0.03838113	0.99919343	0.0017832969	2.2088958e-20	-1
0	-0.04614482	0.99886423	0.0018396769	0	0.012566371	0	-0.04614482	0.99886423	0.0018396769	2.459581e-20	-1
0	-0.051316038	0.99861145	0.001876005	0	0.009424778	0	-0.051316038	0.99861145	0.001876005	2.5848861e-20	-1
0	-0.057781782	0.99825764	0.0019204083	0	0.0062831854	0	-0.057781782	0.99825764	0.0019204083	2.7101537e-20	-1
0	-0.06426869	0.9978605	0.0019640466	0	0.0037699111	0	-0.06426869	0.9978605	0.0019640466	2.81033e-20	-1
0	-0.06807798	0.9976075	0.0019893092	0	0.002513274	0	-0.06807798	0.9976075	0.0019893092	2.8604012e-20	-1
0	-0.07016057	0.997463	0.0020030173	0	0.0018849556	0	-0.07016057	0.997463	0.0020030173	2.8854325e-20	-1
0	-0.07237799	0.9973043	0.0020175385	0	0.001256637	0	-0.07237799	0.9973043	0.0020175385	2.910459e-20	-1
0	-0.07237799	0.9973043	0.0020175385	0	0.0010053096	0	-0.07237799	0.9973043	0.0020175385	2.9204688e-20	-1
0	-0.07473379	0.9971304	0.0020328853	0	0.0006283185	0	-0.07473379	0.9971304	0.0020328853	2.9354818e-20	-1
0	-0.07622206	0.9970176	0.0020425403	0	0.0002513274	0	-0.07622206	0.9970176	0.0020425403	2.9504935e-20	-1
0	-0.07622206	0.9970176	0.0020425403	0	0.0001256637	0	-0.07622206	0.9970176	0.0020425403	2.955497e-20	-1
0	-0.07622206	0.9970176	0.0020425403	0	6.283185e-05	0	-0.07622206	0.9970176	0.0020425403	2.957999e-20	-1
0	-0.07622206	0.9970176	0.0020425403	0	2.5132742e-05	0	-0.07622206	0.9970176	0.0020425403	2.9594997e-20	-1
0	-0.07622206	0.9970176	0.0020425403	0	1.2566371e-05	0	-0.07622206	0.9970176	0.0020425403	2.9600002e-20	-1
0	-0.07622206	0.9970176	0.0020425403	0	6.2831855e-06	0	-0.07622206	0.9970176	0.0020425403	2.9602503e-20	-1
0	-0.07622206	0.9970176	0.0020425403	0	2.513274e-06	0	-0.07622206	0.9970176	0.0020425403	2.9604002e-20	-1
0	-0.07622206	0.9970176	0.0020425403	0	1.256637e-06	0	-0.07622206	0.9970176	0.0020425403	2.9604503e-20	-1
0	-0.07622206	0.9970176	0.0020425403	0	6.283185e-07	0	-0.07622206	0.9970176	0.0020425403	2.9604755e-20	-1
0	-0.07622206	0.9970176	0.0020425403	0	2.513274e-07	0	-0.07622206	0.9970176	0.0020425403	2.9604904e-20	-1
0	-0.07622206	0.9970176	0.0020425403	0	1.256637e-07	0	-0.07622206	0.9970176	0.0020425403	2.9604956e-20	-1
0	-0.07622206	0.9970176	0.0020425403	0	0	0	-0.07622206	0.9970176	0.0020425403	2.9605004e-20	-1
0	-0.07622206	0.9970176	0.0020425403	0	-1.256637e-07	0	-0.07622206	0.9970176	0.0020425403	2.9605056e-20	-1
0	-0.07622206	0.9970176	0.0020425403	0	-2.513274e-07	0	-0.07622206	0.9970176	0.0020425403	2.9605104e-20	-1
0	-0.07622206	0.9970176	0.0020425403	0	-6.283185e-07	0	-0.07622206	0.9970176	0.0020425403	2.9605256e-20	-1
0	-0.07622206	0.9970176	0.0020425403	0	-1.256637e-06	0	-0.07622206	0.9970176	0.0020425403	2.9605505e-20	-1
0	-0.07622206	0.9970176	0.0020425403	0	-2.513274e-06	0	-0.07622206	0.9970176	0.0020425403	2.9606006e-20	-1
0	-0.07622206	0.9970176	0.0020425403	0	-6.2831855e-06	0	-0.07622206	0.9970176	0.0020425403	2.9607505e-20	-1
0	-0.07622206	0.9970176	0.0020425403	0	-1.2566371e-05	0	-0.07622206	0.9970176	0.0020425403	2.961001e-20	-1
0	-0.07622206	0.9970176	0.0020425403	0	-2.5132742e-05	0	-0.07622206	0.9970176	0.0020425403	2.961501e-20	-1
0	-0.07751249	0.996918	0.0020508878	0	-6.283185e-05	0	-0.07751249	0.996918	0.0020508878	2.9630013e-20	-1
0	-0.07751249	0.996918	0.0020508878	0	-0.0001256637	0	-0.07751249	0.996918	0.0020508878	2.965503e-20	-1
0	-0.07751249	0.996918	0.0020508878	0	-0.0002513274	0	-0.07751249	0.996918	0.0020508878	2.970506e-20	-1
0	-0.079937935	0.9967263	0.002066506	0	-0.0006283185	0	-0.079937935	0.9967263	0.002066506	2.985513e-20	-1
0	-0.08167447	0.9965853	0.002077633	0	-0.0010053096	0	-0.08167447	0.9965853	0.002077633	3.0005185e-20	-1
0	-0.08167447	0.9965853	0.002077633	0	-0.001256637	0	-0.08167447	0.9965853	0.002077633	3.0105213e-20	-1
0	-0.08595984	0.9962244	0.002104939	0	-0.0018849556	0	-0.08595984	0.9962244	0.002104939	3.0355215e-20	-1
0	-0.08931865	0.9959285	0.0021261673	0	-0.002513274	0	-0.08931865	0.9959285	0.0021261673	3.060516e-20	-1
0	-0.09689014	0.99521977	0.0021735032	0	-0.0037699111	0	-0.09689014	0.99521977	0.0021735032	3.1104792e-20	-1
0	-0.11720149	0.99303055	0.0022969567	0	-0.0062831854	0	-0.11720149	0.99303055	0.0022969567	3.21027e-20	-1
0	-0.16270718	0.9865906	0.0025544656	0	-0.009424778	0	-0.16270718	0.9865906	0.0025544656	3.3345292e-20	-1
0	0.04614129	-0.9988644	-0.001839656	0	-0.012566371	0	0.04614129	-0.9988644	-0.001839656	2.4595812e-20	-1
0	0.038395457	-0.99919295	-0.0017833898	0	-0.018849555	0	0.038395457	-0.99919295	-0.0017833898	2.2088957e-20	-1
0	0.03286165	-0.99939084	-0.0017412318	0	-0.025132742	0	0.03286165	-0.99939084	-0.0017412318	1.9581464e-20	-1
0	0.025494952	-0.99960697	-0.0016807931	0	-0.03769911	0	0.025494952	-0.99960697	-0.0016807931	1.4565403e-20	-1
0	0.020822283	-0.9997161	-0.001637992	0	-0.050265484	0	0.020822283	-0.9997161	-0.001637992	9.548571e-21	-1
0	0.017592955	-0.999779	-0.0016047482	0	-0.06283186	0	0.017592955	-0.999779	-0.0016047482	4.5313216e-21	-1
0	0.017592955	-0.999779	-0.0016047482	0	-0.06283186	0	0.017592955	-0.999779	-0.0016047482	4.5313216e-21	1
0	0.020820271	-0.99971616	-0.0016379801	0	-0.050265484	0	0.020820271	-0.99971616	-0.0016379801	9.54857e-21	1
0	0.025497189	-0.99960685	-0.0016808182	0	-0.03769911	0	0.025497189	-0.99960685	-0.0016808182	1.4565402e-20	1
0	0.032858558	-0.99939084	-0.001741213	0	-0.025132742	0	0.032858558	-0.99939084	-0.001741213	1.958146e-20	1
0	0.03838861	-0.9991932	-0.0017833458	0	-0.018849555	0	0.03838861	-0.9991932	-0.0017833458	2.2088957e-20	1
0	0.04613982	-0.99886453	-0.0018396381	0	-0.012566371	0	0.04613982	-0.99886453	-0.0018396381	2.4595808e-20	1
0	0.051316474	-0.99861145	-0.0018760113	0	-0.009424778	0	0.051316474	-0.99861145	-0.0018760113	2.5848863e-20	1
0	0.05779002	-0.99825716	-0.0019204607	0	-0.0062831854	0	0.05779002	-0.99825716	-0.0019204607	2.7101537e-20	1
0	0.06427063	-0.9978603	-0.0019640527	0	-0.0037699111	0	0.06427063	-0.9978603	-0.0019640527	2.8103297e-20	1
0	0.068076305	-0.9976076	-0.0019892966	0	-0.002513274	0	0.068076305	-0.9976076	-0.0019892966	2.8604012e-20	1
0	0.07017321	-0.9974621	-0.002003097	0	-0.0018849556	0	0.07017321	-0.9974621	-0.002003097	2.8854318e-20	1
0	0.072369404	-0.99730504	-0.002017485	0	-0.001256637	0	0.072369404	-0.99730504	-0.002017485	2.910459e-20	1
0	0.072369404	-0.99730504	-0.002017485	0	-0.0010053096	0	0.072369404	-0.99730504	-0.002017485	2.9204688e-20	1
0	0.07473189	-0.9971305	-0.0020328767	0	-0.0006283185	0	0.07473189	-0.9971305	-0.0020328767	2.935482e-20	1
0	0.076204	-0.997019	-0.0020424281	0	-0.0002513274	0	0.076204	-0.997019	-0.0020424281	2.950493e-20	1
0	0.076204	-0.997019	-0.0020424281	0	-0.0001256637	0	0.076204	-0.997019	-0.0020424281	2.955497e-20	1
0	0.076204	-0.997019	-0.0020424281	0	-6.283185e-05	0	0.076204	-0.997019	-0.0020424281	2.9579985e-20	1
0	0.076204	-0.997019	-0.0020424281	0	-2.5132742e-05	0	0.076204	-0.997019	-0.0020424281	2.9594997e-20	1
0	0.076204	-0.997019	-0.0020424281	0	-1.2566371e-05	0	0.076204	-0.997019	-0.0020424281	2.96e-20	1
0	0.076204	-0.997019	-0.0020424281	0	-6.2831855e-06	0	0.076204	-0.997019	-0.0020424281	2.9602503e-20	1
0	0.076204	-0.997019	-0.0020424281	0	-2.513274e-06	0	0.076204	-0.997019	-0.0020424281	2.9604002e-20	1
0	0.076204	-0.997019	-0.0020424281	0	-1.256637e-06	0	0.076204	-0.997019	-0.0020424281	2.9604503e-20	1
0	0.076204	-0.997019	-0.0020424281	0	-6.283185e-07	0	0.076204	-0.997019	-0.0020424281	2.9604752e-20	1
0	0.076204	-0.997019	-0.0020424281	0	-2.513274e-07	0	0.076204	-0.997019	-0.0020424281	2.9604904e-20	1
0	0.076204	-0.997019	-0.0020424281	0	-1.256637e-07	0	0.076204	-0.997019	-0.0020424281	2.9604952e-20	1
0	0.076204	-0.997019	-0.0020424281	0	0	0	0.076204	-0.997019	-0.0020424281	2.9605004e-20	1
0	0.076204	-0.997019	-0.0020424281	0	1.256637e-07	0	0.076204	-0.997019	-0.0020424281	2.9605053e-20	1
0	0.076204	-0.997019	-0.0020424281	0	2.513274e-07	0	0.076204	-0.997019	-0.0020424281	2.9605104e-20	1
0	0.076204	-0.997019	-0.0020424281	0	6.283185e-07	0	0.076204	-0.997019	-0.0020424281	2.9605253e-20	1
0	0.076204	-0.997019	-0.0020424281	0	1.256637e-06	0	0.076204	-0.997019	-0.0020424281	2.9605505e-20	1
0	0.076204	-0.997019	-0.0020424281	0	2.513274e-06	0	0.076204	-0.997019	-0.0020424281	2.9606003e-20	1
0	0.076204	-0.997019	-0.0020424281	0	6.2831855e-06	0	0.076204	-0.997019	-0.0020424281	2.9607505e-20	1
0	0.076204	-0.997019	-0.0020424281	0	1.2566371e-05	0	0.076204	-0.997019	-0.0020424281	2.9610006e-20	1
0	0.076204	-0.997019	-0.0020424281	0	2.5132742e-05	0	0.076204	-0.997019	-0.0020424281	2.961501e-20	1
0	0.07749206	-0.99691963	-0.0020507576	0	6.283185e-05	0	0.07749206	-0.99691963	-0.0020507576	2.9630013e-20	1
0	0.07749206	-0.99691963	-0.0020507576	0	0.0001256637	0	0.07749206	-0.99691963	-0.0020507576	2.965503e-20	1
0	0.07749206	-0.99691963	-0.0020507576	0	0.0002513274	0	0.07749206	-0.99691963	-0.0020507576	2.9705057e-20	1
0	0.07993126	-0.99672675	-0.0020664618	0	0.0006283185	0	0.07993126	-0.99672675	-0.0020664618	2.9855133e-20	1
0	0.08164334	-0.9965879	-0.0020774412	0	0.0010053096	0	0.08164334	-0.9965879	-0.0020774412	3.000518e-20	1
0	0.08164334	-0.9965879	-0.0020774412	0	0.001256637	0	0.08164334	-0.9965879	-0.0020774412	3.0105206e-20	1
0	0.085955575	-0.99622476	-0.0021049108	0	0.0018849556	0	0.085955575	-0.99622476	-0.0021049108	3.0355215e-20	1
0	0.089319795	-0.99592847	-0.0021261745	0	0.002513274	0	0.089319795	-0.99592847	-0.0021261745	3.0605156e-20	1
0	0.096935935	-0.9952153	-0.002173779	0	0.0037699111	0	0.096935935	-0.9952153	-0.002173779	3.110479e-20	1
0	0.11720346	-0.9930303	-0.0022969604	0	0.0062831854	0	0.11720346	-0.9930303	-0.0022969604	3.2102702e-20	1
0	0.16270393	-0.9865911	-0.0025544483	0	0.009424778	0	0.16270393	-0.9865911	-0.0025544483	3.3345292e-20	1
0	0.8967037	0.44233304	0.002251959	0	0.012566371	0	0.8967037	0.44233304	0.002251959	2.6406717e-20	1
0	6.4254855e-06	-0.0018612418	9.208918e-06	0	0.018849555	0	6.4254855e-06	-0.0018612418	9.208918e-06	2.219684e-18	1
0	6.2929466e-06	-0.0024842406	1.2300909e-05	0	0.025132742	0	6.2929466e-06	-0.0024842406	1.2300909e-05	2.2196897e-18	1
0	6.0577877e-06	-0.003730186	1.8492341e-05	0	0.03769911	0	6.0577877e-06	-0.003730186	1.8492341e-05	2.219705e-18	1
0	5.820242e-06	-0.0049761226	2.4683774e-05	0	0.050265484	0	5.820242e-06	-0.0049761226	2.4683774e-05	2.219727e-18	1
0	5.5826386e-06	-0.006222048	3.0837953e-05	0	0.06283186	0	5.5826386e-06	-0.006222048	3.0837953e-05	2.219755e-18	1
