# t (s)	mx ()	my ()	mz ()	B_extx (T)	B_exty (T)	B_extz (T)	mx ()	my ()	mz ()	E_total (J)	branch ()
0	0.98961806	-0.14318144	0.00233179	0.06283186	0	0	0.98961806	-0.14318144	0.00233179	4.3306863e-21	-1
0	0.9805038	-0.19605997	0.0030465089	0.050265484	0	0	0.9805038	-0.19605997	0.0030465089	9.277099e-21	-1
0	0.9615972	-0.2740925	0.003988914	0.03769911	0	0	0.9615972	-0.2740925	0.003988914	1.4155666e-20	-1
0	0.92729795	-0.373989	0.00495532	0.025132742	0	0	0.92729795	-0.373989	0.00495532	1.8902785e-20	-1
0	0.9029237	-0.42947853	0.0053544757	0.018849555	0	0	0.9029237	-0.42947853	0.0053544757	2.1200141e-20	-1
0	0.8727113	-0.48792607	0.0056543914	0.012566371	0	0	0.8727113	-0.48792607	0.0056543914	2.3429256e-20	-1
0	0.85499704	-0.51832855	0.0057578627	0.009424778	0	0	0.85499704	-0.51832855	0.0057578627	2.4513276e-20	-1
0	0.8351433	-0.54973507	0.005824931	0.0062831854	0	0	0.8351433	-0.54973507	0.005824931	2.5573757e-20	-1
0	0.81741226	-0.57576215	0.0058487635	0.0037699111	0	0	0.81741226	-0.57576215	0.0058487635	2.6403245e-20	-1
0	0.80786	-0.5890868	0.0058495547	0.002513274	0	0	0.80786	-0.5890868	0.0058495547	2.6811087e-20	-1
0	0.80286855	-0.59587026	0.0058469335	0.0018849556	0	0	0.80286855	-0.59587026	0.0058469335	2.7013174e-20	-1
0	0.7977408	-0.60271645	0.0058422126	0.001256637	0	0	0.7977408	-0.60271645	0.0058422126	2.721399e-20	-1
0	0.7977408	-0.60271645	0.0058422126	0.0010053096	0	0	0.7977408	-0.60271645	0.0058422126	2.7294062e-20	-1
0	0.7924571	-0.6096455	0.00583529	0.0006283185	0	0	0.7924571	-0.6096455	0.00583529	2.7413505e-20	-1
0	0.7924571	-0.6096455	0.00583529	0.0002513274	0	0	0.7924571	-0.6096455	0.00583529	2.7532813e-20	-1
0	0.78811526	-0.61524713	0.0058281086	0.0001256637	0	0	0.78811526	-0.61524713	0.0058281086	2.7572146e-20	-1
0	0.78811526	-0.61524713	0.0058281086	6.283185e-05	0	0	0.78811526	-0.61524713	0.0058281086	2.759192e-20	-1
0	0.78811526	-0.61524713	0.0058281086	2.5132742e-05	0	0	0.78811526	-0.61524713	0.0058281086	2.7603786e-20	-1
0	0.78811526	-0.61524713	0.0058281086	1.2566371e-05	0	0	0.78811526	-0.61524713	0.0058281086	2.760774e-20	-1
0	0.78811526	-0.61524713	0.0058281086	6.2831855e-06	0	0	0.78811526	-0.61524713	0.0058281086	2.7609722e-20	-1
0	0.78811526	-0.61524713	0.0058281086	2.513274e-06	0	0	0.78811526	-0.61524713	0.0058281086	2.7610908e-20	-1
0	0.78811526	-0.61524713	0.0058281086	1.256637e-06	0	0	0.78811526	-0.61524713	0.0058281086	2.7611302e-20	-1
0	0.78811526	-0.61524713	0.0058281086	6.283185e-07	0	0	0.78811526	-0.61524713	0.0058281086	2.76115e-20	-1
0	0.78811526	-0.61524713	0.0058281086	2.513274e-07	0	0	0.78811526	-0.61524713	0.0058281086	2.761162e-20	-1
0	0.78811526	-0.61524713	0.0058281086	1.256637e-07	0	0	0.78811526	-0.61524713	0.0058281086	2.7611657e-20	-1
0	0.78811526	-0.61524713	0.0058281086	0	0	0	0.78811526	-0.61524713	0.0058281086	2.76117e-20	-1
0	0.78811526	-0.61524713	0.0058281086	-1.256637e-07	0	0	0.78811526	-0.61524713	0.0058281086	2.7611738e-20	-1
0	0.78811526	-0.61524713	0.0058281086	-2.513274e-07	0	0	0.78811526	-0.61524713	0.0058281086	2.7611777e-20	-1
0	0.78811526	-0.61524713	0.0058281086	-6.283185e-07	0	0	0.78811526	-0.61524713	0.0058281086	2.7611896e-20	-1
0	0.78811526	-0.61524713	0.0058281086	-1.256637e-06	0	0	0.78811526	-0.61524713	0.0058281086	2.7612093e-20	-1
0	0.78811526	-0.61524713	0.0058281086	-2.513274e-06	0	0	0.78811526	-0.61524713	0.0058281086	2.7612488e-20	-1
0	0.78811526	-0.61524713	0.0058281086	-6.2831855e-06	0	0	0.78811526	-0.61524713	0.0058281086	2.7613677e-20	-1
0	0.78811526	-0.61524713	0.0058281086	-1.2566371e-05	0	0	0.78811526	-0.61524713	0.0058281086	2.7615654e-20	-1
0	0.78811526	-0.61524713	0.0058281086	-2.5132742e-05	0	0	0.78811526	-0.61524713	0.0058281086	2.761961e-20	-1
0	0.78811526	-0.61524713	0.0058281086	-6.283185e-05	0	0	0.78811526	-0.61524713	0.0058281086	2.7631474e-20	-1
0	0.78811526	-0.61524713	0.0058281086	-0.0001256637	0	0	0.78811526	-0.61524713	0.0058281086	2.765125e-20	-1
0	0.78811526	-0.61524713	0.0058281086	-0.0002513274	0	0	0.78811526	-0.61524713	0.0058281086	2.76908e-20	-1
0	0.78139126	-0.6237632	0.005814461	-0.0006283185	0	0	0.78139126	-0.6237632	0.005814461	2.780845e-20	-1
0	0.78139126	-0.6237632	0.005814461	-0.0010053096	0	0	0.78139126	-0.6237632	0.005814461	2.7926092e-20	-1
0	0.7755729	-0.630982	0.0058002933	-0.001256637	0	0	0.7755729	-0.630982	0.0058002933	2.8003796e-20	-1
0	0.76958644	-0.6382688	0.005783576	-0.0018849556	0	0	0.76958644	-0.6382688	0.005783576	2.819766e-20	-1
0	0.76335335	-0.64570963	0.005763963	-0.002513274	0	0	0.76335335	-0.64570963	0.005763963	2.8389992e-20	-1
0	0.7501971	-0.6609477	0.0057157744	-0.0037699111	0	0	0.7501971	-0.6609477	0.0057157744	2.8769823e-20	-1
0	0.72034967	-0.6933557	0.0055770213	-0.0062831854	0	0	0.72034967	-0.6933557	0.0055770213	2.9508272e-20	-1
0	0.67257917	-0.7397881	0.005291162	-0.009424778	0	0	0.67257917	-0.7397881	0.005291162	3.0383665e-20	-1
0	0.5960938	-0.80270696	0.0047404333	-0.012566371	0	0	0.5960938	-0.80270696	0.0047404333	3.1184877e-20	-1
0	-0.90292084	0.42948437	-0.005354511	-0.018849555	0	0	-0.90292084	0.42948437	-0.005354511	2.1200138e-20	-1
0	-0.92728806	0.37401354	-0.004955516	-0.025132742	0	0	-0.92728806	0.37401354	-0.004955516	1.8902781e-20	-1
0	-0.96159196	0.27411088	-0.003989123	-0.03769911	0	0	-0.96159196	0.27411088	-0.003989123	1.4155666e-20	-1
0	-0.9805011	0.19607362	-0.0030466798	-0.050265484	0	0	-0.9805011	0.19607362	-0.0030466798	9.2771e-21	-1
0	-0.9896164	0.14319262	-0.0023319894	-0.06283186	0	0	-0.9896164	0.14319262	-0.0023319894	4.3306835e-21	-1
0	-0.9896164	0.14319262	-0.0023319894	-0.06283186	0	0	-0.9896164	0.14319262	-0.0023319894	4.3306835e-21	1
0	-0.9805052	0.1960532	-0.0030464162	-0.050265484	0	0	-0.9805052	0.1960532	-0.0030464162	9.277101e-21	1
0	-0.9616003	0.27408135	-0.0039887964	-0.03769911	0	0	-0.9616003	0.27408135	-0.0039887964	1.4155666e-20	1
0	-0.92729974	0.37398466	-0.0049552857	-0.025132742	0	0	-0.92729974	0.37398466	-0.0049552857	1.8902785e-20	1
0	-0.902928	0.4294694	-0.0053544207	-0.018849555	0	0	-0.902928	0.4294694	-0.0053544207	2.1200143e-20	1
0	-0.8727258	0.48790008	-0.0056542926	-0.012566371	0	0	-0.8727258	0.48790008	-0.0056542926	2.3429256e-20	1
0	-0.8549958	0.5183306	-0.0057578674	-0.009424778	0	0	-0.8549958	0.5183306	-0.0057578674	2.4513273e-20	1
0	-0.8351413	0.54973805	-0.005824934	-0.0062831854	0	0	-0.8351413	0.54973805	-0.005824934	2.5573754e-20	1
0	-0.81742877	0.57573867	-0.005848768	-0.0037699111	0	0	-0.81742877	0.57573867	-0.005848768	2.6403243e-20	1
0	-0.8078575	0.5890902	-0.0058495533	-0.002513274	0	0	-0.8078575	0.5890902	-0.0058495533	2.6811085e-20	1
0	-0.8028753	0.59586126	-0.0058469423	-0.0018849556	0	0	-0.8028753	0.59586126	-0.0058469423	2.7013176e-20	1
0	-0.797742	0.6027148	-0.005842215	-0.001256637	0	0	-0.797742	0.6027148	-0.005842215	2.721399e-20	1
0	-0.797742	0.6027148	-0.005842215	-0.0010053096	0	0	-0.797742	0.6027148	-0.005842215	2.7294062e-20	1
0	-0.7924559	0.6096471	-0.005835287	-0.0006283185	0	0	-0.7924559	0.6096471	-0.005835287	2.7413502e-20	1
0	-0.7924559	0.6096471	-0.005835287	-0.0002513274	0	0	-0.7924559	0.6096471	-0.005835287	2.753281e-20	1
0	-0.7881104	0.6152533	-0.0058280984	-0.0001256637	0	0	-0.7881104	0.6152533	-0.0058280984	2.7572146e-20	1
0	-0.7881104	0.6152533	-0.0058280984	-6.283185e-05	0	0	-0.7881104	0.6152533	-0.0058280984	2.759192e-20	1
0	-0.7881104	0.6152533	-0.0058280984	-2.5132742e-05	0	0	-0.7881104	0.6152533	-0.0058280984	2.7603786e-20	1
0	-0.7881104	0.6152533	-0.0058280984	-1.2566371e-05	0	0	-0.7881104	0.6152533	-0.0058280984	2.760774e-20	1
0	-0.7881104	0.6152533	-0.0058280984	-6.2831855e-06	0	0	-0.7881104	0.6152533	-0.0058280984	2.760972e-20	1
0	-0.7881104	0.6152533	-0.0058280984	-2.513274e-06	0	0	-0.7881104	0.6152533	-0.0058280984	2.7610908e-20	1
0	-0.7881104	0.6152533	-0.0058280984	-1.256637e-06	0	0	-0.7881104	0.6152533	-0.0058280984	2.7611302e-20	1
0	-0.7881104	0.6152533	-0.0058280984	-6.283185e-07	0	0	-0.7881104	0.6152533	-0.0058280984	2.76115e-20	1
0	-0.7881104	0.6152533	-0.0058280984	-2.513274e-07	0	0	-0.7881104	0.6152533	-0.0058280984	2.761162e-20	1
0	-0.7881104	0.6152533	-0.0058280984	-1.256637e-07	0	0	-0.7881104	0.6152533	-0.0058280984	2.7611657e-20	1
0	-0.7881104	0.6152533	-0.0058280984	0	0	0	-0.7881104	0.6152533	-0.0058280984	2.7611696e-20	1
0	-0.7881104	0.6152533	-0.0058280984	1.256637e-07	0	0	-0.7881104	0.6152533	-0.0058280984	2.7611738e-20	1
0	-0.7881104	0.6152533	-0.0058280984	2.513274e-07	0	0	-0.7881104	0.6152533	-0.0058280984	2.7611777e-20	1
0	-0.7881104	0.6152533	-0.0058280984	6.283185e-07	0	0	-0.7881104	0.6152533	-0.0058280984	2.7611896e-20	1
0	-0.7881104	0.6152533	-0.0058280984	1.256637e-06	0	0	-0.7881104	0.6152533	-0.0058280984	2.7612093e-20	1
0	-0.7881104	0.6152533	-0.0058280984	2.513274e-06	0	0	-0.7881104	0.6152533	-0.0058280984	2.7612488e-20	1
0	-0.7881104	0.6152533	-0.0058280984	6.2831855e-06	0	0	-0.7881104	0.6152533	-0.0058280984	2.7613677e-20	1
0	-0.7881104	0.6152533	-0.0058280984	1.2566371e-05	0	0	-0.7881104	0.6152533	-0.0058280984	2.7615654e-20	1
0	-0.7881104	0.6152533	-0.0058280984	2.5132742e-05	0	0	-0.7881104	0.6152533	-0.0058280984	2.761961e-20	1
0	-0.7881104	0.6152533	-0.0058280984	6.283185e-05	0	0	-0.7881104	0.6152533	-0.0058280984	2.7631474e-20	1
0	-0.7881104	0.6152533	-0.0058280984	0.0001256637	0	0	-0.7881104	0.6152533	-0.0058280984	2.765125e-20	1
0	-0.7881104	0.6152533	-0.0058280984	0.0002513274	0	0	-0.7881104	0.6152533	-0.0058280984	2.76908e-20	1
0	-0.7813965	0.62375677	-0.0058144745	0.0006283185	0	0	-0.7813965	0.62375677	-0.0058144745	2.780845e-20	1
0	-0.7813965	0.62375677	-0.0058144745	0.0010053096	0	0	-0.7813965	0.62375677	-0.0058144745	2.7926092e-20	1
0	-0.77559185	0.6309588	-0.0058003506	0.001256637	0	0	-0.77559185	0.6309588	-0.0058003506	2.8003793e-20	1
0	-0.76956475	0.63829505	-0.005783503	0.0018849556	0	0	-0.76956475	0.63829505	-0.005783503	2.8197657e-20	1
0	-0.76335406	0.6457088	-0.0057639657	0.002513274	0	0	-0.76335406	0.6457088	-0.0057639657	2.8389992e-20	1
0	-0.7502168	0.6609254	-0.00571586	0.0037699111	0	0	-0.7502168	0.6609254	-0.00571586	2.8769823e-20	1
0	-0.7203423	0.6933634	-0.0055769803	0.0062831854	0	0	-0.7203423	0.6933634	-0.0055769803	2.9508272e-20	1
0	-0.672572	0.7397946	-0.0052911136	0.009424778	0	0	-0.672572	0.7397946	-0.0052911136	3.0383665e-20	1
0	-0.5960355	0.80275023	-0.004739983	0.012566371	0	0	-0.5960355	0.80275023	-0.004739983	3.1184877e-20	1
0	0.902931	-0.42946315	0.0053543826	0.018849555	0	0	0.902931	-0.42946315	0.0053543826	2.1200145e-20	1
0	0.9272883	-0.37401277	0.0049555106	0.025132742	0	0	0.9272883	-0.37401277	0.0049555106	1.8902783e-20	1
0	0.96159387	-0.27410406	0.0039890464	0.03769911	0	0	0.96159387	-0.27410406	0.0039890464	1.4155665e-20	1
0	0.98050153	-0.19607165	0.0030466546	0.050265484	0	0	0.98050153	-0.19607165	0.0030466546	9.2770996e-21	1
0	0.9896165	-0.14319193	0.0023319377	0.06283186	0	0	0.9896165	-0.14319193	0.0023319377	4.330682e-21	1
