# t (s)	mx ()	my ()	mz ()	B_extx (T)	B_exty (T)	B_extz (T)	mx ()	my ()	mz ()	E_total (J)	branch ()
0	-0.0818854	0.9965646	-0.003875755	0	0.06283186	0	-0.0818854	0.9965646	-0.003875755	4.3684293e-21	-1
0	-0.10931839	0.9939246	-0.0043973457	0	0.050265484	0	-0.10931839	0.9939246	-0.0043973457	9.363958e-21	-1
0	-0.15762329	0.9874071	-0.0052473326	0	0.03769911	0	-0.15762329	0.9874071	-0.0052473326	1.4338234e-20	-1
0	-0.24433158	0.9695771	-0.006546171	0	0.025132742	0	-0.24433158	0.9695771	-0.006546171	1.9256157e-20	-1
0	-0.3059197	0.95192385	-0.007265754	0	0.018849555	0	-0.3059197	0.95192385	-0.007265754	2.1668518e-20	-1
0	-0.37852755	0.9254324	-0.007861938	0	0.012566371	0	-0.37852755	0.9254324	-0.007861938	2.4025999e-20	-1
0	-0.41849804	0.90804636	-0.008060838	0	0.009424778	0	-0.41849804	0.90804636	-0.008060838	2.5176488e-20	-1
0	-0.460973	0.88722825	-0.008163006	0	0.0062831854	0	-0.460973	0.88722825	-0.008163006	2.630307e-20	-1
0	-0.4969531	0.8675792	-0.00815654	0	0.0037699111	0	-0.4969531	0.8675792	-0.00815654	2.7183963e-20	-1
0	-0.5157423	0.85653937	-0.008117827	0	0.002513274	0	-0.5157423	0.85653937	-0.008117827	2.7616624e-20	-1
0	-0.5253393	0.85068536	-0.008088473	0	0.0018849556	0	-0.5253393	0.85068536	-0.008088473	2.783082e-20	-1
0	-0.5351186	0.84456635	-0.008051786	0	0.001256637	0	-0.5351186	0.84456635	-0.008051786	2.8043517e-20	-1
0	-0.5351186	0.84456635	-0.008051786	0	0.0010053096	0	-0.5351186	0.84456635	-0.008051786	2.8128286e-20	-1
0	-0.5450522	0.8381883	-0.008007469	0	0.0006283185	0	-0.5450522	0.8381883	-0.008007469	2.8254638e-20	-1
0	-0.5511142	0.834214	-0.00797689	0	0.0002513274	0	-0.5511142	0.834214	-0.00797689	2.838053e-20	-1
0	-0.5511142	0.834214	-0.00797689	0	0.0001256637	0	-0.5511142	0.834214	-0.00797689	2.8422398e-20	-1
0	-0.5511142	0.834214	-0.00797689	0	6.283185e-05	0	-0.5511142	0.834214	-0.00797689	2.844333e-20	-1
0	-0.5511142	0.834214	-0.00797689	0	2.5132742e-05	0	-0.5511142	0.834214	-0.00797689	2.845589e-20	-1
0	-0.5511142	0.834214	-0.00797689	0	1.2566371e-05	0	-0.5511142	0.834214	-0.00797689	2.8460076e-20	-1
0	-0.5511142	0.834214	-0.00797689	0	6.2831855e-06	0	-0.5511142	0.834214	-0.00797689	2.846217e-20	-1
0	-0.5511142	0.834214	-0.00797689	0	2.513274e-06	0	-0.5511142	0.834214	-0.00797689	2.8463427e-20	-1
0	-0.5511142	0.834214	-0.00797689	0	1.256637e-06	0	-0.5511142	0.834214	-0.00797689	2.8463844e-20	-1
0	-0.5511142	0.834214	-0.00797689	0	6.283185e-07	0	-0.5511142	0.834214	-0.00797689	2.8464054e-20	-1
0	-0.5511142	0.834214	-0.00797689	0	2.513274e-07	0	-0.5511142	0.834214	-0.00797689	2.846418e-20	-1
0	-0.5511142	0.834214	-0.00797689	0	1.256637e-07	0	-0.5511142	0.834214	-0.00797689	2.8464222e-20	-1
0	-0.5511142	0.834214	-0.00797689	0	0	0	-0.5511142	0.834214	-0.00797689	2.8464264e-20	-1
0	-0.5511142	0.834214	-0.00797689	0	-1.256637e-07	0	-0.5511142	0.834214	-0.00797689	2.8464306e-20	-1
0	-0.5511142	0.834214	-0.00797689	0	-2.513274e-07	0	-0.5511142	0.834214	-0.00797689	2.8464348e-20	-1
0	-0.5511142	0.834214	-0.00797689	0	-6.283185e-07	0	-0.5511142	0.834214	-0.00797689	2.846447e-20	-1
0	-0.5511142	0.834214	-0.00797689	0	-1.256637e-06	0	-0.5511142	0.834214	-0.00797689	2.846468e-20	-1
0	-0.5511142	0.834214	-0.00797689	0	-2.513274e-06	0	-0.5511142	0.834214	-0.00797689	2.84651e-20	-1
0	-0.5511142	0.834214	-0.00797689	0	-6.2831855e-06	0	-0.5511142	0.834214	-0.00797689	2.8466358e-20	-1
0	-0.5511142	0.834214	-0.00797689	0	-1.2566371e-05	0	-0.5511142	0.834214	-0.00797689	2.8468448e-20	-1
0	-0.5511142	0.834214	-0.00797689	0	-2.5132742e-05	0	-0.5511142	0.834214	-0.00797689	2.8472636e-20	-1
0	-0.5511142	0.834214	-0.00797689	0	-6.283185e-05	0	-0.5511142	0.834214	-0.00797689	2.8485195e-20	-1
0	-0.5572535	0.83012474	-0.007943175	0	-0.0001256637	0	-0.5572535	0.83012474	-0.007943175	2.850582e-20	-1
0	-0.5572535	0.83012474	-0.007943175	0	-0.0002513274	0	-0.5572535	0.83012474	-0.007943175	2.854748e-20	-1
0	-0.5655467	0.82449603	-0.007893218	0	-0.0006283185	0	-0.5655467	0.82449603	-0.007893218	2.8671896e-20	-1
0	-0.5718957	0.8201041	-0.0078515075	0	-0.0010053096	0	-0.5718957	0.8201041	-0.0078515075	2.87957e-20	-1
0	-0.5718957	0.8201041	-0.0078515075	0	-0.001256637	0	-0.5718957	0.8201041	-0.0078515075	2.8878013e-20	-1
0	-0.58695054	0.80939597	-0.007740574	0	-0.0018849556	0	-0.58695054	0.80939597	-0.007740574	2.908194e-20	-1
0	-0.5980631	0.8012189	-0.007647685	0	-0.002513274	0	-0.5980631	0.8012189	-0.007647685	2.928402e-20	-1
0	-0.6212953	0.78333974	-0.0074229203	0	-0.0037699111	0	-0.6212953	0.78333974	-0.0074229203	2.9681706e-20	-1
0	-0.6735226	0.73891616	-0.006763745	0	-0.0062831854	0	-0.6735226	0.73891616	-0.006763745	3.0446832e-20	-1
0	-0.7672163	0.64111733	-0.005035919	0	-0.009424778	0	-0.7672163	0.64111733	-0.005035919	3.132181e-20	-1
0	0.37853742	-0.9254284	0.007861996	0	-0.012566371	0	0.37853742	-0.9254284	0.007861996	2.4026002e-20	-1
0	0.30594766	-0.9519148	0.0072660306	0	-0.018849555	0	0.30594766	-0.9519148	0.0072660306	2.1668516e-20	-1
0	0.24435434	-0.96957135	0.006546462	0	-0.025132742	0	0.24435434	-0.96957135	0.006546462	1.9256156e-20	-1
0	0.15762609	-0.98740673	0.0052473787	0	-0.03769911	0	0.15762609	-0.98740673	0.0052473787	1.4338234e-20	-1
0	0.10932802	-0.99392354	0.0043975185	0	-0.050265484	0	0.10932802	-0.99392354	0.0043975185	9.363962e-21	-1
0	0.08190364	-0.99656314	0.0038760966	0	-0.06283186	0	0.08190364	-0.99656314	0.0038760966	4.3684345e-21	-1
0	0.08190364	-0.99656314	0.0038760966	0	-0.06283186	0	0.08190364	-0.99656314	0.0038760966	4.3684345e-21	1
0	0.10932127	-0.9939243	0.004397397	0	-0.050265484	0	0.10932127	-0.9939243	0.004397397	9.363963e-21	1
0	0.15761644	-0.98740816	0.005247225	0	-0.03769911	0	0.15761644	-0.98740816	0.005247225	1.4338234e-20	1
0	0.24435166	-0.96957195	0.0065464294	0	-0.025132742	0	0.24435166	-0.96957195	0.0065464294	1.9256159e-20	1
0	0.30591175	-0.95192635	0.007265675	0	-0.018849555	0	0.30591175	-0.95192635	0.007265675	2.166852e-20	1
0	0.37850785	-0.92544043	0.007861823	0	-0.012566371	0	0.37850785	-0.92544043	0.007861823	2.4025999e-20	1
0	0.4184956	-0.90804756	0.00806083	0	-0.009424778	0	0.4184956	-0.90804756	0.00806083	2.5176492e-20	1
0	0.4609725	-0.8872285	0.008163005	0	-0.0062831854	0	0.4609725	-0.8872285	0.008163005	2.6303072e-20	1
0	0.49698308	-0.86756206	0.008156487	0	-0.0037699111	0	0.49698308	-0.86756206	0.008156487	2.7183963e-20	1
0	0.5157237	-0.8565507	0.008117884	0	-0.002513274	0	0.5157237	-0.8565507	0.008117884	2.7616624e-20	1
0	0.52533895	-0.8506856	0.008088473	0	-0.0018849556	0	0.52533895	-0.8506856	0.008088473	2.783082e-20	1
0	0.5351187	-0.8445662	0.008051787	0	-0.001256637	0	0.5351187	-0.8445662	0.008051787	2.8043517e-20	1
0	0.5351187	-0.8445662	0.008051787	0	-0.0010053096	0	0.5351187	-0.8445662	0.008051787	2.8128283e-20	1
0	0.54506093	-0.83818257	0.008007422	0	-0.0006283185	0	0.54506093	-0.83818257	0.008007422	2.825464e-20	1
0	0.5511167	-0.8342124	0.007976875	0	-0.0002513274	0	0.5511167	-0.8342124	0.007976875	2.8380538e-20	1
0	0.5511167	-0.8342124	0.007976875	0	-0.0001256637	0	0.5511167	-0.8342124	0.007976875	2.84224e-20	1
0	0.5511167	-0.8342124	0.007976875	0	-6.283185e-05	0	0.5511167	-0.8342124	0.007976875	2.8443336e-20	1
0	0.5511167	-0.8342124	0.007976875	0	-2.5132742e-05	0	0.5511167	-0.8342124	0.007976875	2.8455895e-20	1
0	0.5511167	-0.8342124	0.007976875	0	-1.2566371e-05	0	0.5511167	-0.8342124	0.007976875	2.846008e-20	1
0	0.5511167	-0.8342124	0.007976875	0	-6.2831855e-06	0	0.5511167	-0.8342124	0.007976875	2.8462173e-20	1
0	0.5551647	-0.8315234	0.007954955	0	-2.513274e-06	0	0.5551647	-0.8315234	0.007954955	2.8463295e-20	1
0	0.5551647	-0.8315234	0.007954955	0	-1.256637e-06	0	0.5551647	-0.8315234	0.007954955	2.8463715e-20	1
0	0.5551647	-0.8315234	0.007954955	0	-6.283185e-07	0	0.5551647	-0.8315234	0.007954955	2.846392e-20	1
0	0.5551647	-0.8315234	0.007954955	0	-2.513274e-07	0	0.5551647	-0.8315234	0.007954955	2.8464047e-20	1
0	0.5551647	-0.8315234	0.007954955	0	-1.256637e-07	0	0.5551647	-0.8315234	0.007954955	2.846409e-20	1
0	0.5551647	-0.8315234	0.007954955	0	0	0	0.5551647	-0.8315234	0.007954955	2.846413e-20	1
0	0.5551647	-0.8315234	0.007954955	0	1.256637e-07	0	0.5551647	-0.8315234	0.007954955	2.8464173e-20	1
0	0.5551647	-0.8315234	0.007954955	0	2.513274e-07	0	0.5551647	-0.8315234	0.007954955	2.8464215e-20	1
0	0.5551647	-0.8315234	0.007954955	0	6.283185e-07	0	0.5551647	-0.8315234	0.007954955	2.8464338e-20	1
0	0.5551647	-0.8315234	0.007954955	0	1.256637e-06	0	0.5551647	-0.8315234	0.007954955	2.8464548e-20	1
0	0.5551647	-0.8315234	0.007954955	0	2.513274e-06	0	0.5551647	-0.8315234	0.007954955	2.8464965e-20	1
0	0.5551647	-0.8315234	0.007954955	0	6.2831855e-06	0	0.5551647	-0.8315234	0.007954955	2.8466216e-20	1
0	0.5551647	-0.8315234	0.007954955	0	1.2566371e-05	0	0.5551647	-0.8315234	0.007954955	2.8468303e-20	1
0	0.5551647	-0.8315234	0.007954955	0	2.5132742e-05	0	0.5551647	-0.8315234	0.007954955	2.8472478e-20	1
0	0.5551647	-0.8315234	0.007954955	0	6.283185e-05	0	0.5551647	-0.8315234	0.007954955	2.8484995e-20	1
0	0.5551647	-0.8315234	0.007954955	0	0.0001256637	0	0.5551647	-0.8315234	0.007954955	2.8505862e-20	1
0	0.5551647	-0.8315234	0.007954955	0	0.0002513274	0	0.5551647	-0.8315234	0.007954955	2.854759e-20	1
0	0.5655564	-0.82448936	0.007893153	0	0.0006283185	0	0.5655564	-0.82448936	0.007893153	2.8671896e-20	1
0	0.57186997	-0.820122	0.007851692	0	0.0010053096	0	0.57186997	-0.820122	0.007851692	2.8795702e-20	1
0	0.57186997	-0.820122	0.007851692	0	0.001256637	0	0.57186997	-0.820122	0.007851692	2.8878016e-20	1
0	0.58695424	-0.8093933	0.0077405423	0	0.0018849556	0	0.58695424	-0.8093933	0.0077405423	2.9081942e-20	1
0	0.59808224	-0.8012047	0.00764751	0	0.002513274	0	0.59808224	-0.8012047	0.00764751	2.9284016e-20	1
0	0.62128496	-0.78334796	0.007423033	0	0.0037699111	0	0.62128496	-0.78334796	0.007423033	2.9681706e-20	1
0	0.6735337	-0.7389059	0.0067635775	0	0.0062831854	0	0.6735337	-0.7389059	0.0067635775	3.0446825e-20	1
0	0.7672306	-0.6411003	0.0050355997	0	0.009424778	0	0.7672306	-0.6411003	0.0050355997	3.132181e-20	1
0	-0.37850213	0.9254428	-0.007861787	0	0.012566371	0	-0.37850213	0.9254428	-0.007861787	2.4025999e-20	1
0	-0.30594802	0.95191467	-0.0072660353	0	0.018849555	0	-0.30594802	0.95191467	-0.0072660353	2.1668521e-20	1
0	-0.24436337	0.969569	-0.0065465807	0	0.025132742	0	-0.24436337	0.969569	-0.0065465807	1.925616e-20	1
0	-0.15763652	0.987405	-0.0052475487	0	0.03769911	0	-0.15763652	0.987405	-0.0052475487	1.4338232e-20	1
0	-0.109333485	0.99392295	-0.0043976167	0	0.050265484	0	-0.109333485	0.99392295	-0.0043976167	9.363965e-21	1
0	-0.08190576	0.99656296	-0.0038761366	0	0.06283186	0	-0.08190576	0.99656296	-0.0038761366	4.3684325e-21	1
