# t (s)	mx ()	my ()	mz ()	B_extx (T)	B_exty (T)	B_extz (T)	mx ()	my ()	mz ()	E_total (J)	branch ()
0	0.072468504	0.99729824	-0.0019799543	0	0.06283186	0	0.072468504	0.99729824	-0.0019799543	4.9047178e-21	-1
0	0.13945872	0.9901501	-0.0012058087	0	0.050265484	0	0.13945872	0.9901501	-0.0012058087	9.896991e-21	-1
0	0.30650103	0.95176363	0.00069684023	0	0.03769911	0	0.30650103	0.95176363	0.00069684023	1.4788804e-20	-1
0	0.47161067	0.88165283	0.0022749342	0	0.025132742	0	0.47161067	0.88165283	0.0022749342	1.9397498e-20	-1
0	0.5426928	0.8397532	0.0027906024	0	0.018849555	0	0.5426928	0.8397532	0.0027906024	2.1558198e-20	-1
0	0.60945475	0.7926194	0.003154892	0	0.012566371	0	0.60945475	0.7926194	0.003154892	2.360746e-20	-1
0	0.64188695	0.7665864	0.003283599	0	0.009424778	0	0.64188695	0.7665864	0.003283599	2.4585784e-20	-1
0	0.67406297	0.7384497	0.0033768127	0	0.0062831854	0	0.67406297	0.7384497	0.0033768127	2.5530165e-20	-1
0	0.69981825	0.7140879	0.0034249844	0	0.0037699111	0	0.69981825	0.7140879	0.0034249844	2.625928e-20	-1
0	0.71275806	0.7011725	0.003439853	0	0.002513274	0	0.71275806	0.7011725	0.003439853	2.661443e-20	-1
0	0.71926147	0.69449985	0.003444891	0	0.0018849556	0	0.71926147	0.69449985	0.003444891	2.6789533e-20	-1
0	0.72579145	0.687673	0.0034482817	0	0.001256637	0	0.72579145	0.687673	0.0034482817	2.6962947e-20	-1
0	0.72579145	0.687673	0.0034482817	0	0.0010053096	0	0.72579145	0.687673	0.0034482817	2.7031968e-20	-1
0	0.7323469	0.6806877	0.0034499825	0	0.0006283185	0	0.7323469	0.6806877	0.0034499825	2.7134623e-20	-1
0	0.7362938	0.67641664	0.003450172	0	0.0002513274	0	0.7362938	0.67641664	0.003450172	2.7236786e-20	-1
0	0.7362938	0.67641664	0.003450172	0	0.0001256637	0	0.7362938	0.67641664	0.003450172	2.7270733e-20	-1
0	0.7362938	0.67641664	0.003450172	0	6.283185e-05	0	0.7362938	0.67641664	0.003450172	2.7287706e-20	-1
0	0.7362938	0.67641664	0.003450172	0	2.5132742e-05	0	0.7362938	0.67641664	0.003450172	2.7297888e-20	-1
0	0.7362938	0.67641664	0.003450172	0	1.2566371e-05	0	0.7362938	0.67641664	0.003450172	2.7301284e-20	-1
0	0.7362938	0.67641664	0.003450172	0	6.2831855e-06	0	0.7362938	0.67641664	0.003450172	2.730298e-20	-1
0	0.7362938	0.67641664	0.003450172	0	2.513274e-06	0	0.7362938	0.67641664	0.003450172	2.7303998e-20	-1
0	0.7362938	0.67641664	0.003450172	0	1.256637e-06	0	0.7362938	0.67641664	0.003450172	2.7304337e-20	-1
0	0.7362938	0.67641664	0.003450172	0	6.283185e-07	0	0.7362938	0.67641664	0.003450172	2.7304508e-20	-1
0	0.7362938	0.67641664	0.003450172	0	2.513274e-07	0	0.7362938	0.67641664	0.003450172	2.730461e-20	-1
0	0.7362938	0.67641664	0.003450172	0	1.256637e-07	0	0.7362938	0.67641664	0.003450172	2.7304644e-20	-1
0	0.7362938	0.67641664	0.003450172	0	0	0	0.7362938	0.67641664	0.003450172	2.7304676e-20	-1
0	0.7362938	0.67641664	0.003450172	0	-1.256637e-07	0	0.7362938	0.67641664	0.003450172	2.7304712e-20	-1
0	0.7362938	0.67641664	0.003450172	0	-2.513274e-07	0	0.7362938	0.67641664	0.003450172	2.7304744e-20	-1
0	0.7362938	0.67641664	0.003450172	0	-6.283185e-07	0	0.7362938	0.67641664	0.003450172	2.7304848e-20	-1
0	0.7362938	0.67641664	0.003450172	0	-1.256637e-06	0	0.7362938	0.67641664	0.003450172	2.730502e-20	-1
0	0.7362938	0.67641664	0.003450172	0	-2.513274e-06	0	0.7362938	0.67641664	0.003450172	2.7305358e-20	-1
0	0.7362938	0.67641664	0.003450172	0	-6.2831855e-06	0	0.7362938	0.67641664	0.003450172	2.7306376e-20	-1
0	0.7362938	0.67641664	0.003450172	0	-1.2566371e-05	0	0.7362938	0.67641664	0.003450172	2.7308072e-20	-1
0	0.7362938	0.67641664	0.003450172	0	-2.5132742e-05	0	0.7362938	0.67641664	0.003450172	2.7311468e-20	-1
0	0.7362938	0.67641664	0.003450172	0	-6.283185e-05	0	0.7362938	0.67641664	0.003450172	2.732165e-20	-1
0	0.7362938	0.67641664	0.003450172	0	-0.0001256637	0	0.7362938	0.67641664	0.003450172	2.7338623e-20	-1
0	0.74157965	0.6706177	0.0034494342	0	-0.0002513274	0	0.74157965	0.6706177	0.0034494342	2.7371988e-20	-1
0	0.74157965	0.6706177	0.0034494342	0	-0.0006283185	0	0.74157965	0.6706177	0.0034494342	2.7472953e-20	-1
0	0.74956095	0.6616856	0.0034461413	0	-0.0010053096	0	0.74956095	0.6616856	0.0034461413	2.7572573e-20	-1
0	0.74956095	0.6616856	0.0034461413	0	-0.001256637	0	0.74956095	0.6616856	0.0034461413	2.7638986e-20	-1
0	0.75895464	0.6508906	0.0034388565	0	-0.0018849556	0	0.75895464	0.6508906	0.0034388565	2.7803137e-20	-1
0	0.7657356	0.64290035	0.0034312666	0	-0.002513274	0	0.7657356	0.64290035	0.0034312666	2.796546e-20	-1
0	0.77949417	0.62614995	0.0034097324	0	-0.0037699111	0	0.77949417	0.62614995	0.0034097324	2.828394e-20	-1
0	0.8081063	0.5887679	0.0033377816	0	-0.0062831854	0	0.8081063	0.5887679	0.0033377816	2.8894133e-20	-1
0	0.84744215	0.53060627	0.0031754724	0	-0.009424778	0	0.84744215	0.53060627	0.0031754724	2.9598077e-20	-1
0	0.8973564	0.44100618	0.0028551493	0	-0.012566371	0	0.8973564	0.44100618	0.0028551493	3.021342e-20	-1
0	-0.54270494	-0.83974534	-0.0027906802	0	-0.018849555	0	-0.54270494	-0.83974534	-0.0027906802	2.1558196e-20	-1
0	-0.47161603	-0.88165	-0.0022749777	0	-0.025132742	0	-0.47161603	-0.88165	-0.0022749777	1.93975e-20	-1
0	-0.30650228	-0.9517633	-0.00069685373	0	-0.03769911	0	-0.30650228	-0.9517633	-0.00069685373	1.47888e-20	-1
0	-0.13948889	-0.9901458	0.00120545	0	-0.050265484	0	-0.13948889	-0.9901458	0.00120545	9.896992e-21	-1
0	-0.07248732	-0.9972968	0.0019797492	0	-0.06283186	0	-0.07248732	-0.9972968	0.0019797492	4.9047174e-21	-1
0	-0.07248732	-0.9972968	0.0019797492	0	-0.06283186	0	-0.07248732	-0.9972968	0.0019797492	4.9047174e-21	1
0	-0.13946068	-0.99014974	0.0012057852	0	-0.050265484	0	-0.13946068	-0.99014974	0.0012057852	9.8969915e-21	1
0	-0.30650055	-0.9517638	-0.0006968349	0	-0.03769911	0	-0.30650055	-0.9517638	-0.0006968349	1.4788804e-20	1
0	-0.4716093	-0.88165355	-0.0022749233	0	-0.025132742	0	-0.4716093	-0.88165355	-0.0022749233	1.9397495e-20	1
0	-0.5426922	-0.8397536	-0.0027905991	0	-0.018849555	0	-0.5426922	-0.8397536	-0.0027905991	2.1558201e-20	1
0	-0.60944796	-0.7926246	-0.0031548617	0	-0.012566371	0	-0.60944796	-0.7926246	-0.0031548617	2.3607463e-20	1
0	-0.6418836	-0.76658916	-0.0032835875	0	-0.009424778	0	-0.6418836	-0.76658916	-0.0032835875	2.4585782e-20	1
0	-0.6740392	-0.7384715	-0.003376759	0	-0.0062831854	0	-0.6740392	-0.7384715	-0.003376759	2.5530164e-20	1
0	-0.69980633	-0.7140995	-0.0034249695	0	-0.0037699111	0	-0.69980633	-0.7140995	-0.0034249695	2.6259282e-20	1
0	-0.7127594	-0.70117116	-0.0034398613	0	-0.002513274	0	-0.7127594	-0.70117116	-0.0034398613	2.6614425e-20	1
0	-0.7192637	-0.6944976	-0.003444892	0	-0.0018849556	0	-0.7192637	-0.6944976	-0.003444892	2.6789533e-20	1
0	-0.7257872	-0.6876774	-0.0034482805	0	-0.001256637	0	-0.7257872	-0.6876774	-0.0034482805	2.6962946e-20	1
0	-0.7257872	-0.6876774	-0.0034482805	0	-0.0010053096	0	-0.7257872	-0.6876774	-0.0034482805	2.7031968e-20	1
0	-0.73235106	-0.6806832	-0.0034499816	0	-0.0006283185	0	-0.73235106	-0.6806832	-0.0034499816	2.7134623e-20	1
0	-0.73235106	-0.6806832	-0.0034499816	0	-0.0002513274	0	-0.73235106	-0.6806832	-0.0034499816	2.7237103e-20	1
0	-0.73761714	-0.6749735	-0.0034500912	0	-0.0001256637	0	-0.73761714	-0.6749735	-0.0034500912	2.7270694e-20	1
0	-0.73761714	-0.6749735	-0.0034500912	0	-6.283185e-05	0	-0.73761714	-0.6749735	-0.0034500912	2.7287632e-20	1
0	-0.73761714	-0.6749735	-0.0034500912	0	-2.5132742e-05	0	-0.73761714	-0.6749735	-0.0034500912	2.7297794e-20	1
0	-0.73761714	-0.6749735	-0.0034500912	0	-1.2566371e-05	0	-0.73761714	-0.6749735	-0.0034500912	2.730118e-20	1
0	-0.73761714	-0.6749735	-0.0034500912	0	-6.2831855e-06	0	-0.73761714	-0.6749735	-0.0034500912	2.7302873e-20	1
0	-0.73761714	-0.6749735	-0.0034500912	0	-2.513274e-06	0	-0.73761714	-0.6749735	-0.0034500912	2.730389e-20	1
0	-0.73761714	-0.6749735	-0.0034500912	0	-1.256637e-06	0	-0.73761714	-0.6749735	-0.0034500912	2.7304227e-20	1
0	-0.73761714	-0.6749735	-0.0034500912	0	-6.283185e-07	0	-0.73761714	-0.6749735	-0.0034500912	2.7304398e-20	1
0	-0.73761714	-0.6749735	-0.0034500912	0	-2.513274e-07	0	-0.73761714	-0.6749735	-0.0034500912	2.73045e-20	1
0	-0.73761714	-0.6749735	-0.0034500912	0	-1.256637e-07	0	-0.73761714	-0.6749735	-0.0034500912	2.7304534e-20	1
0	-0.73761714	-0.6749735	-0.0034500912	0	0	0	-0.73761714	-0.6749735	-0.0034500912	2.7304566e-20	1
0	-0.73761714	-0.6749735	-0.0034500912	0	1.256637e-07	0	-0.73761714	-0.6749735	-0.0034500912	2.7304602e-20	1
0	-0.73761714	-0.6749735	-0.0034500912	0	2.513274e-07	0	-0.73761714	-0.6749735	-0.0034500912	2.7304634e-20	1
0	-0.73761714	-0.6749735	-0.0034500912	0	6.283185e-07	0	-0.73761714	-0.6749735	-0.0034500912	2.7304738e-20	1
0	-0.73761714	-0.6749735	-0.0034500912	0	1.256637e-06	0	-0.73761714	-0.6749735	-0.0034500912	2.7304906e-20	1
0	-0.73761714	-0.6749735	-0.0034500912	0	2.513274e-06	0	-0.73761714	-0.6749735	-0.0034500912	2.7305245e-20	1
0	-0.73761714	-0.6749735	-0.0034500912	0	6.2831855e-06	0	-0.73761714	-0.6749735	-0.0034500912	2.730626e-20	1
0	-0.73761714	-0.6749735	-0.0034500912	0	1.2566371e-05	0	-0.73761714	-0.6749735	-0.0034500912	2.7307956e-20	1
0	-0.73761714	-0.6749735	-0.0034500912	0	2.5132742e-05	0	-0.73761714	-0.6749735	-0.0034500912	2.7311342e-20	1
0	-0.73761714	-0.6749735	-0.0034500912	0	6.283185e-05	0	-0.73761714	-0.6749735	-0.0034500912	2.7321504e-20	1
0	-0.73761714	-0.6749735	-0.0034500912	0	0.0001256637	0	-0.73761714	-0.6749735	-0.0034500912	2.7338442e-20	1
0	-0.73761714	-0.6749735	-0.0034500912	0	0.0002513274	0	-0.73761714	-0.6749735	-0.0034500912	2.7372314e-20	1
0	-0.7455645	-0.666185	-0.0034481199	0	0.0006283185	0	-0.7455645	-0.666185	-0.0034481199	2.747262e-20	1
0	-0.7455645	-0.666185	-0.0034481199	0	0.0010053096	0	-0.7455645	-0.666185	-0.0034481199	2.7572915e-20	1
0	-0.75223315	-0.6586463	-0.0034444472	0	0.001256637	0	-0.75223315	-0.6586463	-0.0034444472	2.7638835e-20	1
0	-0.7589605	-0.6508838	-0.0034388495	0	0.0018849556	0	-0.7589605	-0.6508838	-0.0034388495	2.7803133e-20	1
0	-0.76573485	-0.64290124	-0.0034312678	0	0.002513274	0	-0.76573485	-0.64290124	-0.0034312678	2.796546e-20	1
0	-0.77949035	-0.6261547	-0.0034097475	0	0.0037699111	0	-0.77949035	-0.6261547	-0.0034097475	2.8283942e-20	1
0	-0.8081064	-0.5887677	-0.0033377814	0	0.0062831854	0	-0.8081064	-0.5887677	-0.0033377814	2.8894133e-20	1
0	-0.8474461	-0.53059995	-0.0031754514	0	0.009424778	0	-0.8474461	-0.53059995	-0.0031754514	2.9598077e-20	1
0	-0.89735425	-0.4410106	-0.0028551663	0	0.012566371	0	-0.89735425	-0.4410106	-0.0028551663	3.021342e-20	1
0	-0.34426123	0.9387381	-0.006070447	0	0.018849555	0	-0.34426123	0.9387381	-0.006070447	2.2471198e-20	1
0	0.47161615	0.88164985	0.0022749791	0	0.025132742	0	0.47161615	0.88164985	0.0022749791	1.9397502e-20	1
0	0.3064989	0.95176435	0.00069681817	0	0.03769911	0	0.3064989	0.95176435	0.00069681817	1.4788805e-20	1
0	0.13949764	0.9901446	-0.0012053461	0	0.050265484	0	0.13949764	0.9901446	-0.0012053461	9.896988e-21	1
0	0.07248837	0.9972968	-0.0019797161	0	0.06283186	0	0.07248837	0.9972968	-0.0019797161	4.904712e-21	1
