# t (s)	mx ()	my ()	mz ()	B_extx (T)	B_exty (T)	B_extz (T)	mx ()	my ()	mz ()	E_total (J)	maxTorque (T)	LastErr ()	state_phase ()
0	0.9994589	0.030811306	0.0022180863	0.06283186	0	0	0.9994589	0.030811306	0.0022180863	2.336549e-21	2.8712048e-08	0	-1
0	0.99931777	0.03506536	0.0022373828	0.050265484	0	0	0.99931777	0.03506536	0.0022373828	7.352007e-21	5.190998e-08	8.196168e-08	-1
0	0.99910426	0.040674813	0.0022573352	0.03769911	0	0	0.99910426	0.040674813	0.0022573352	1.2366595e-20	1.5777736e-08	7.342845e-08	-1
0	0.99875855	0.048403054	0.0022779126	0.025132742	0	0	0.99875855	0.048403054	0.0022779126	1.7379811e-20	6.293178e-08	7.07809e-08	-1
0	0.9984993	0.053474605	0.002288353	0.018849555	0	0	0.9984993	0.053474605	0.002288353	1.9885638e-20	6.7850046e-08	6.33817e-08	-1
0	0.99814427	0.05972378	0.0022987542	0.012566371	0	0	0.99814427	0.05972378	0.0022987542	2.2390705e-20	6.34717e-08	6.0084744e-08	-1
0	0.9979156	0.06342511	0.0023038662	0.009424778	0	0	0.9979156	0.06342511	0.0023038662	2.3642866e-20	7.3006476e-08	8.940818e-08	-1
0	0.9976402	0.067612365	0.002308851	0.0062831854	0	0	0.9976402	0.067612365	0.002308851	2.4894707e-20	2.0883296e-07	6.707503e-08	-1
0	0.9973774	0.07137978	0.0023126928	0.0037699111	0	0	0.9973774	0.07137978	0.0023126928	2.5895912e-20	6.0806926e-08	4.4713182e-08	-1
0	0.99722874	0.07342399	0.0023145447	0.002513274	0	0	0.99722874	0.07342399	0.0023145447	2.6396411e-20	1.4145381e-07	8.940727e-08	-1
0	0.99714947	0.0744914	0.00231545	0.0018849556	0	0	0.99714947	0.0744914	0.00231545	2.6646631e-20	3.8850356e-08	4.4742272e-08	-1
0	0.9970668	0.07558899	0.0023163394	0.001256637	0	0	0.9970668	0.07558899	0.0023163394	2.689683e-20	1.1119419e-07	5.978627e-08	-1
0	0.9970668	0.07558899	0.0023163394	0.0010053096	0	0	0.9970668	0.07558899	0.0023163394	2.6996905e-20	2.4250574e-05	0	-1
0	0.9969803	0.076719895	0.0023172111	0.0006283185	0	0	0.9969803	0.076719895	0.0023172111	2.7147008e-20	7.033836e-08	6.7113405e-08	-1
0	0.9969264	0.07741629	0.0023177252	0.0002513274	0	0	0.9969264	0.07741629	0.0023177252	2.7297106e-20	4.5615312e-08	6.705563e-08	-1
0	0.9969264	0.07741629	0.0023177252	0.0001256637	0	0	0.9969264	0.07741629	0.0023177252	2.7347137e-20	1.2297323e-05	0	-1
0	0.9969264	0.07741629	0.0023177252	6.283185e-05	0	0	0.9969264	0.07741629	0.0023177252	2.7372153e-20	1.8462379e-05	0	-1
0	0.9969264	0.07741629	0.0023177252	2.5132742e-05	0	0	0.9969264	0.07741629	0.0023177252	2.7387162e-20	2.216253e-05	0	-1
0	0.9969264	0.07741629	0.0023177252	1.2566371e-05	0	0	0.9969264	0.07741629	0.0023177252	2.7392164e-20	2.3395914e-05	0	-1
0	0.9969264	0.07741629	0.0023177252	6.2831855e-06	0	0	0.9969264	0.07741629	0.0023177252	2.7394664e-20	2.4012605e-05	0	-1
0	0.9969264	0.07741629	0.0023177252	2.513274e-06	0	0	0.9969264	0.07741629	0.0023177252	2.7396167e-20	2.4381505e-05	0	-1
0	0.9969264	0.07741629	0.0023177252	1.256637e-06	0	0	0.9969264	0.07741629	0.0023177252	2.7396668e-20	2.4506333e-05	0	-1
0	0.9969264	0.07741629	0.0023177252	6.283185e-07	0	0	0.9969264	0.07741629	0.0023177252	2.7396917e-20	2.4567815e-05	0	-1
0	0.9969264	0.07741629	0.0023177252	2.513274e-07	0	0	0.9969264	0.07741629	0.0023177252	2.739707e-20	2.4605079e-05	0	-1
0	0.9969264	0.07741629	0.0023177252	1.256637e-07	0	0	0.9969264	0.07741629	0.0023177252	2.7397117e-20	2.4618119e-05	0	-1
0	0.9969264	0.07741629	0.0023177252	0	0	0	0.9969264	0.07741629	0.0023177252	2.739717e-20	2.4629297e-05	0	-1
0	0.9969264	0.07741629	0.0023177252	-1.256637e-07	0	0	0.9969264	0.07741629	0.0023177252	2.7397217e-20	2.464048e-05	0	-1
0	0.9969264	0.07741629	0.0023177252	-2.513274e-07	0	0	0.9969264	0.07741629	0.0023177252	2.7397266e-20	2.465352e-05	0	-1
0	0.9969264	0.07741629	0.0023177252	-6.283185e-07	0	0	0.9969264	0.07741629	0.0023177252	2.7397417e-20	2.4690782e-05	0	-1
0	0.9969264	0.07741629	0.0023177252	-1.256637e-06	0	0	0.9969264	0.07741629	0.0023177252	2.7397666e-20	2.4752266e-05	0	-1
0	0.9969264	0.07741629	0.0023177252	-2.513274e-06	0	0	0.9969264	0.07741629	0.0023177252	2.7398167e-20	2.4877094e-05	0	-1
0	0.9969264	0.07741629	0.0023177252	-6.2831855e-06	0	0	0.9969264	0.07741629	0.0023177252	2.739967e-20	2.5245992e-05	0	-1
0	0.9969264	0.07741629	0.0023177252	-1.2566371e-05	0	0	0.9969264	0.07741629	0.0023177252	2.740217e-20	2.5862682e-05	0	-1
0	0.9969264	0.07741629	0.0023177252	-2.5132742e-05	0	0	0.9969264	0.07741629	0.0023177252	2.7407172e-20	2.7096068e-05	0	-1
0	0.9969264	0.07741629	0.0023177252	-6.283185e-05	0	0	0.9969264	0.07741629	0.0023177252	2.742218e-20	3.079622e-05	0	-1
0	0.99687135	0.07812107	0.0023182323	-0.0001256637	0	0	0.99687135	0.07812107	0.0023182323	2.7447194e-20	1.8334545e-07	9.688553e-08	-1
0	0.99687135	0.07812107	0.0023182323	-0.0002513274	0	0	0.99687135	0.07812107	0.0023182323	2.7497222e-20	1.25433335e-05	0	-1
0	0.99679524	0.079085305	0.002318896	-0.0006283185	0	0	0.99679524	0.079085305	0.002318896	2.7647297e-20	8.490187e-08	8.213115e-08	-1
0	0.9967362	0.07982447	0.002319384	-0.0010053096	0	0	0.9967362	0.07982447	0.002319384	2.779737e-20	3.4442383e-08	8.453548e-08	-1
0	0.9967362	0.07982447	0.002319384	-0.001256637	0	0	0.9967362	0.07982447	0.002319384	2.789741e-20	2.5289575e-05	0	-1
0	0.9965922	0.08160103	0.002320489	-0.0018849556	0	0	0.9965922	0.08160103	0.002320489	2.814749e-20	1.1599274e-07	8.940818e-08	-1
0	0.9964831	0.082921416	0.0023212456	-0.002513274	0	0	0.9964831	0.082921416	0.0023212456	2.8397547e-20	2.322386e-08	7.454981e-08	-1
0	0.9962486	0.08568947	0.002322666	-0.0037699111	0	0	0.9962486	0.08568947	0.002322666	2.8897574e-20	9.643835e-08	8.9409696e-08	-1
0	0.9957013	0.091824725	0.0023250435	-0.0062831854	0	0	0.9957013	0.091824725	0.0023250435	2.9897244e-20	7.425302e-08	7.4523626e-08	-1
0	0.9948257	0.10086009	0.002326777	-0.009424778	0	0	0.9948257	0.10086009	0.002326777	3.114595e-20	7.360799e-08	5.2341342e-08	-1
0	0.9936435	0.11189899	0.0023263171	-0.012566371	0	0	0.9936435	0.11189899	0.0023263171	3.2393388e-20	8.383538e-08	8.1972594e-08	-1
0	0.98952913	0.14378476	0.002311103	-0.018849555	0	0	0.98952913	0.14378476	0.002311103	3.4882197e-20	6.3769804e-08	8.945819e-08	-1
0	0.97806203	0.20789284	0.0022262246	-0.025132742	0	0	0.97806203	0.20789284	0.0022262246	3.7353848e-20	2.0195935e-07	5.9621016e-08	-1
0	-0.99910426	-0.040674444	-0.002257335	-0.03769911	0	0	-0.99910426	-0.040674444	-0.002257335	1.2366595e-20	6.390986e-08	4.182665e-08	-1
0	-0.99931777	-0.035066046	-0.002237383	-0.050265484	0	0	-0.99931777	-0.035066046	-0.002237383	7.352009e-21	8.381783e-08	6.244724e-08	-1
0	-0.9994589	-0.0308116	-0.0022180867	-0.06283186	0	0	-0.9994589	-0.0308116	-0.0022180867	2.3365487e-21	3.638518e-08	6.705886e-08	-1
0	-0.9994589	-0.0308116	-0.0022180867	-0.06283186	0	0	-0.9994589	-0.0308116	-0.0022180867	2.3365487e-21	3.638518e-08	0	1
0	-0.99931777	-0.03506548	-0.0022373828	-0.050265484	0	0	-0.99931777	-0.03506548	-0.0022373828	7.352007e-21	6.255269e-08	4.48397e-08	1
0	-0.99910426	-0.040674493	-0.002257335	-0.03769911	0	0	-0.99910426	-0.040674493	-0.002257335	1.2366595e-20	3.3201445e-08	6.7055225e-08	1
0	-0.9987586	-0.048402987	-0.0022779126	-0.025132742	0	0	-0.9987586	-0.048402987	-0.0022779126	1.7379811e-20	4.8904926e-08	9.10082e-08	1
0	-0.9984993	-0.053474586	-0.0022883532	-0.018849555	0	0	-0.9984993	-0.053474586	-0.0022883532	1.9885638e-20	5.934747e-08	7.0904484e-08	1
0	-0.99814427	-0.05972378	-0.0022987542	-0.012566371	0	0	-0.99814427	-0.05972378	-0.0022987542	2.2390705e-20	4.027998e-08	6.032786e-08	1
0	-0.9979156	-0.06342517	-0.0023038662	-0.009424778	0	0	-0.9979156	-0.06342517	-0.0023038662	2.3642866e-20	9.358614e-08	5.247788e-08	1
0	-0.99764013	-0.06761226	-0.0023088506	-0.0062831854	0	0	-0.99764013	-0.06761226	-0.0023088506	2.4894708e-20	6.962823e-08	6.889899e-08	1
0	-0.9973774	-0.0713792	-0.0023126928	-0.0037699111	0	0	-0.9973774	-0.0713792	-0.0023126928	2.5895912e-20	9.77276e-08	9.690483e-08	1
0	-0.99722874	-0.07342416	-0.0023145452	-0.002513274	0	0	-0.99722874	-0.07342416	-0.0023145452	2.6396413e-20	6.413317e-08	8.9409696e-08	1
0	-0.99714935	-0.07449292	-0.00231545	-0.0018849556	0	0	-0.99714935	-0.07449292	-0.00231545	2.6646633e-20	8.370829e-08	9.15211e-08	1
0	-0.99706686	-0.0755889	-0.0023163394	-0.001256637	0	0	-0.99706686	-0.0755889	-0.0023163394	2.6896831e-20	1.1848446e-07	8.943152e-08	1
0	-0.99706686	-0.0755889	-0.0023163394	-0.0010053096	0	0	-0.99706686	-0.0755889	-0.0023163394	2.6996907e-20	2.4247573e-05	0	1
0	-0.99698037	-0.076719195	-0.0023172114	-0.0006283185	0	0	-0.99698037	-0.076719195	-0.0023172114	2.7147008e-20	1.4373482e-07	6.705563e-08	1
0	-0.9969265	-0.07741514	-0.0023177252	-0.0002513274	0	0	-0.9969265	-0.07741514	-0.0023177252	2.7297106e-20	3.5028116e-08	2.5420158e-08	1
0	-0.9969265	-0.07741514	-0.0023177252	-0.0001256637	0	0	-0.9969265	-0.07741514	-0.0023177252	2.7347137e-20	1.2366182e-05	0	1
0	-0.9969265	-0.07741514	-0.0023177252	-6.283185e-05	0	0	-0.9969265	-0.07741514	-0.0023177252	2.7372153e-20	1.8531238e-05	0	1
0	-0.9969265	-0.07741514	-0.0023177252	-2.5132742e-05	0	0	-0.9969265	-0.07741514	-0.0023177252	2.7387162e-20	2.222953e-05	0	1
0	-0.9969265	-0.07741514	-0.0023177252	-1.2566371e-05	0	0	-0.9969265	-0.07741514	-0.0023177252	2.7392167e-20	2.3464776e-05	0	1
0	-0.9969265	-0.07741514	-0.0023177252	-6.2831855e-06	0	0	-0.9969265	-0.07741514	-0.0023177252	2.7394668e-20	2.4079605e-05	0	1
0	-0.9969265	-0.07741514	-0.0023177252	-2.513274e-06	0	0	-0.9969265	-0.07741514	-0.0023177252	2.7396167e-20	2.4450366e-05	0	1
0	-0.9969265	-0.07741514	-0.0023177252	-1.256637e-06	0	0	-0.9969265	-0.07741514	-0.0023177252	2.7396668e-20	2.4573332e-05	0	1
0	-0.9969265	-0.07741514	-0.0023177252	-6.283185e-07	0	0	-0.9969265	-0.07741514	-0.0023177252	2.739692e-20	2.4634815e-05	0	1
0	-0.9969265	-0.07741514	-0.0023177252	-2.513274e-07	0	0	-0.9969265	-0.07741514	-0.0023177252	2.739707e-20	2.4672074e-05	0	1
0	-0.9969265	-0.07741514	-0.0023177252	-1.256637e-07	0	0	-0.9969265	-0.07741514	-0.0023177252	2.739712e-20	2.4685118e-05	0	1
0	-0.9969265	-0.07741514	-0.0023177252	0	0	0	-0.9969265	-0.07741514	-0.0023177252	2.739717e-20	2.4696297e-05	0	1
0	-0.9969265	-0.07741514	-0.0023177252	1.256637e-07	0	0	-0.9969265	-0.07741514	-0.0023177252	2.739722e-20	2.4709338e-05	0	1
0	-0.9969265	-0.07741514	-0.0023177252	2.513274e-07	0	0	-0.9969265	-0.07741514	-0.0023177252	2.739727e-20	2.472238e-05	0	1
0	-0.9969265	-0.07741514	-0.0023177252	6.283185e-07	0	0	-0.9969265	-0.07741514	-0.0023177252	2.7397417e-20	2.4757781e-05	0	1
0	-0.9969265	-0.07741514	-0.0023177252	1.256637e-06	0	0	-0.9969265	-0.07741514	-0.0023177252	2.739767e-20	2.4819261e-05	0	1
0	-0.9969265	-0.07741514	-0.0023177252	2.513274e-06	0	0	-0.9969265	-0.07741514	-0.0023177252	2.739817e-20	2.4944091e-05	0	1
0	-0.9969265	-0.07741514	-0.0023177252	6.2831855e-06	0	0	-0.9969265	-0.07741514	-0.0023177252	2.739967e-20	2.5314852e-05	0	1
0	-0.9969265	-0.07741514	-0.0023177252	1.2566371e-05	0	0	-0.9969265	-0.07741514	-0.0023177252	2.740217e-20	2.5929681e-05	0	1
0	-0.9969265	-0.07741514	-0.0023177252	2.5132742e-05	0	0	-0.9969265	-0.07741514	-0.0023177252	2.7407176e-20	2.7163063e-05	0	1
0	-0.9969265	-0.07741514	-0.0023177252	6.283185e-05	0	0	-0.9969265	-0.07741514	-0.0023177252	2.7422184e-20	3.0863215e-05	0	1
0	-0.99687135	-0.078122094	-0.0023182323	0.0001256637	0	0	-0.99687135	-0.078122094	-0.0023182323	2.7447194e-20	6.451191e-08	3.7279086e-08	1
0	-0.99687135	-0.078122094	-0.0023182323	0.0002513274	0	0	-0.99687135	-0.078122094	-0.0023182323	2.7497222e-20	1.247204e-05	0	1
0	-0.9967952	-0.07908636	-0.002318896	0.0006283185	0	0	-0.9967952	-0.07908636	-0.002318896	2.7647297e-20	1.7285636e-08	5.2179523e-08	1
0	-0.99673617	-0.07982554	-0.002319384	0.0010053096	0	0	-0.99673617	-0.07982554	-0.002319384	2.7797366e-20	5.094417e-08	4.4921837e-08	1
0	-0.99673617	-0.07982554	-0.002319384	0.001256637	0	0	-0.99673617	-0.07982554	-0.002319384	2.789741e-20	2.5232628e-05	0	1
0	-0.9965922	-0.0816012	-0.002320489	0.0018849556	0	0	-0.9965922	-0.0816012	-0.002320489	2.814749e-20	2.223236e-07	7.450617e-08	1
0	-0.9964832	-0.08292018	-0.0023212456	0.002513274	0	0	-0.9964832	-0.08292018	-0.0023212456	2.8397547e-20	1.3247153e-07	4.4764075e-08	1
0	-0.9962486	-0.08569005	-0.002322666	0.0037699111	0	0	-0.9962486	-0.08569005	-0.002322666	2.8897574e-20	6.350141e-08	3.7416253e-08	1
0	-0.9957012	-0.09182507	-0.002325044	0.0062831854	0	0	-0.9957012	-0.09182507	-0.002325044	2.9897248e-20	9.452718e-08	9.686762e-08	1
0	-0.9948256	-0.100862175	-0.0023267763	0.009424778	0	0	-0.9948256	-0.100862175	-0.0023267763	3.1145954e-20	7.8451635e-08	6.786883e-08	1
0	-0.99364364	-0.111898385	-0.0023263176	0.012566371	0	0	-0.99364364	-0.111898385	-0.0023263176	3.239339e-20	2.3593071e-07	9.6897836e-08	1
0	-0.98952866	-0.14378801	-0.0023110998	0.018849555	0	0	-0.98952866	-0.14378801	-0.0023110998	3.4882197e-20	1.8783484e-07	8.941182e-08	1
0	-0.97806215	-0.20789245	-0.0022262256	0.025132742	0	0	-0.97806215	-0.20789245	-0.0022262256	3.7353848e-20	2.1721405e-07	5.9641465e-08	1
0	0.99910426	0.04067429	0.0022573345	0.03769911	0	0	0.99910426	0.04067429	0.0022573345	1.2366594e-20	1.6773006e-07	8.5727216e-08	1
0	0.99931777	0.035065986	0.0022373833	0.050265484	0	0	0.99931777	0.035065986	0.0022373833	7.352005e-21	3.6385373e-08	8.01154e-08	1
0	0.99945885	0.030811604	0.0022180863	0.06283186	0	0	0.99945885	0.030811604	0.0022180863	2.3365447e-21	2.0595986e-07	9.2876085e-08	1
