# t (s)	mx ()	my ()	mz ()	B_extx (T)	B_exty (T)	B_extz (T)	mx ()	my ()	mz ()	E_total (J)	branch ()
0	0.18217407	0.9831842	-0.0023633062	0	0.06283186	0	0.18217407	0.9831842	-0.0023633062	3.709838e-21	-1
0	0.2218138	0.9749996	-0.0025762583	0	0.050265484	0	0.2218138	0.9749996	-0.0025762583	8.625055e-21	-1
0	0.2735796	0.96174884	-0.0028126715	0	0.03769911	0	0.2735796	0.96174884	-0.0028126715	1.3487486e-20	-1
0	0.33954203	0.94047415	-0.0030453214	0	0.025132742	0	0.33954203	0.94047415	-0.0030453214	1.8264791e-20	-1
0	0.37842527	0.92550445	-0.0031462773	0	0.018849555	0	0.37842527	0.92550445	-0.0031462773	2.0606623e-20	-1
0	0.42177778	0.9065591	-0.0032272423	0	0.012566371	0	0.42177778	0.9065591	-0.0032272423	2.2906118e-20	-1
0	0.4453664	0.89520097	-0.0032574194	0	0.009424778	0	0.4453664	0.89520097	-0.0032574194	2.403653e-20	-1
0	0.47040212	0.8822968	-0.003278907	0	0.0062831854	0	0.47040212	0.8822968	-0.003278907	2.5151758e-20	-1
0	0.4916445	0.8706337	-0.0032887517	0	0.0037699111	0	0.4916445	0.8706337	-0.0032887517	2.6031576e-20	-1
0	0.50273263	0.86427593	-0.0032908802	0	0.002513274	0	0.50273263	0.86427593	-0.0032908802	2.6466918e-20	-1
0	0.5084001	0.8609531	-0.003291181	0	0.0018849556	0	0.5084001	0.8609531	-0.003291181	2.6683372e-20	-1
0	0.5141619	0.8575233	-0.0032909466	0	0.001256637	0	0.5141619	0.8575233	-0.0032909466	2.6898978e-20	-1
0	0.5141619	0.8575233	-0.0032909466	0	0.0010053096	0	0.5141619	0.8575233	-0.0032909466	2.6985048e-20	-1
0	0.5200178	0.85398364	-0.0032901545	0	0.0006283185	0	0.5200178	0.85398364	-0.0032901545	2.7113707e-20	-1
0	0.52358294	0.85180175	-0.0032893904	0	0.0002513274	0	0.52358294	0.85180175	-0.0032893904	2.724211e-20	-1
0	0.52358294	0.85180175	-0.0032893904	0	0.0001256637	0	0.52358294	0.85180175	-0.0032893904	2.7284856e-20	-1
0	0.52358294	0.85180175	-0.0032893904	0	6.283185e-05	0	0.52358294	0.85180175	-0.0032893904	2.730623e-20	-1
0	0.52358294	0.85180175	-0.0032893904	0	2.5132742e-05	0	0.52358294	0.85180175	-0.0032893904	2.7319055e-20	-1
0	0.52358294	0.85180175	-0.0032893904	0	1.2566371e-05	0	0.52358294	0.85180175	-0.0032893904	2.732333e-20	-1
0	0.52358294	0.85180175	-0.0032893904	0	6.2831855e-06	0	0.52358294	0.85180175	-0.0032893904	2.732547e-20	-1
0	0.52358294	0.85180175	-0.0032893904	0	2.513274e-06	0	0.52358294	0.85180175	-0.0032893904	2.732675e-20	-1
0	0.52358294	0.85180175	-0.0032893904	0	1.256637e-06	0	0.52358294	0.85180175	-0.0032893904	2.7327178e-20	-1
0	0.52358294	0.85180175	-0.0032893904	0	6.283185e-07	0	0.52358294	0.85180175	-0.0032893904	2.732739e-20	-1
0	0.52358294	0.85180175	-0.0032893904	0	2.513274e-07	0	0.52358294	0.85180175	-0.0032893904	2.732752e-20	-1
0	0.52358294	0.85180175	-0.0032893904	0	1.256637e-07	0	0.52358294	0.85180175	-0.0032893904	2.7327563e-20	-1
0	0.52358294	0.85180175	-0.0032893904	0	0	0	0.52358294	0.85180175	-0.0032893904	2.7327605e-20	-1
0	0.52358294	0.85180175	-0.0032893904	0	-1.256637e-07	0	0.52358294	0.85180175	-0.0032893904	2.7327647e-20	-1
0	0.52358294	0.85180175	-0.0032893904	0	-2.513274e-07	0	0.52358294	0.85180175	-0.0032893904	2.7327692e-20	-1
0	0.52358294	0.85180175	-0.0032893904	0	-6.283185e-07	0	0.52358294	0.85180175	-0.0032893904	2.7327818e-20	-1
0	0.52358294	0.85180175	-0.0032893904	0	-1.256637e-06	0	0.52358294	0.85180175	-0.0032893904	2.732803e-20	-1
0	0.52358294	0.85180175	-0.0032893904	0	-2.513274e-06	0	0.52358294	0.85180175	-0.0032893904	2.732846e-20	-1
0	0.52358294	0.85180175	-0.0032893904	0	-6.2831855e-06	0	0.52358294	0.85180175	-0.0032893904	2.7329744e-20	-1
0	0.52358294	0.85180175	-0.0032893904	0	-1.2566371e-05	0	0.52358294	0.85180175	-0.0032893904	2.733188e-20	-1
0	0.52358294	0.85180175	-0.0032893904	0	-2.5132742e-05	0	0.52358294	0.85180175	-0.0032893904	2.7336154e-20	-1
0	0.52358294	0.85180175	-0.0032893904	0	-6.283185e-05	0	0.52358294	0.85180175	-0.0032893904	2.734898e-20	-1
0	0.52358294	0.85180175	-0.0032893904	0	-0.0001256637	0	0.52358294	0.85180175	-0.0032893904	2.7370353e-20	-1
0	0.528388	0.8488284	-0.0032880572	0	-0.0002513274	0	0.528388	0.8488284	-0.0032880572	2.741281e-20	-1
0	0.528388	0.8488284	-0.0032880572	0	-0.0006283185	0	0.528388	0.8488284	-0.0032880572	2.7540604e-20	-1
0	0.5357269	0.8442142	-0.0032852963	0	-0.0010053096	0	0.5357269	0.8442142	-0.0032852963	2.7667708e-20	-1
0	0.5357269	0.8442142	-0.0032852963	0	-0.001256637	0	0.5357269	0.8442142	-0.0032852963	2.7752443e-20	-1
0	0.544502	0.8385794	-0.0032808767	0	-0.0018849556	0	0.544502	0.8385794	-0.0032808767	2.796329e-20	-1
0	0.5509232	0.8343736	-0.0032768804	0	-0.002513274	0	0.5509232	0.8343736	-0.0032768804	2.8173187e-20	-1
0	0.5641798	0.82546514	-0.003266628	0	-0.0037699111	0	0.5641798	0.82546514	-0.003266628	2.8589708e-20	-1
0	0.59269726	0.8052285	-0.0032357255	0	-0.0062831854	0	0.59269726	0.8052285	-0.0032357255	2.9408374e-20	-1
0	0.633749	0.77332747	-0.0031715059	0	-0.009424778	0	0.633749	0.77332747	-0.0031715059	3.039959e-20	-1
0	0.68662786	0.7267791	-0.003059384	0	-0.012566371	0	0.68662786	0.7267791	-0.003059384	3.1342966e-20	-1
0	0.5500394	-0.83494925	-0.004148937	0	-0.018849555	0	0.5500394	-0.83494925	-0.004148937	2.2465574e-20	-1
0	-0.33953902	-0.9404752	0.003045313	0	-0.025132742	0	-0.33953902	-0.9404752	0.003045313	1.826479e-20	-1
0	-0.27358788	-0.9617466	0.0028126994	0	-0.03769911	0	-0.27358788	-0.9617466	0.0028126994	1.3487487e-20	-1
0	-0.22182392	-0.9749973	0.0025763074	0	-0.050265484	0	-0.22182392	-0.9749973	0.0025763074	8.6250534e-21	-1
0	-0.18217602	-0.98318386	0.0023633158	0	-0.06283186	0	-0.18217602	-0.98318386	0.0023633158	3.709838e-21	-1
0	-0.18217602	-0.98318386	0.0023633158	0	-0.06283186	0	-0.18217602	-0.98318386	0.0023633158	3.709838e-21	1
0	-0.22181849	-0.9749985	0.0025762832	0	-0.050265484	0	-0.22181849	-0.9749985	0.0025762832	8.625054e-21	1
0	-0.2735749	-0.96175027	0.0028126487	0	-0.03769911	0	-0.2735749	-0.96175027	0.0028126487	1.34874844e-20	1
0	-0.3395279	-0.9404793	0.0030452837	0	-0.025132742	0	-0.3395279	-0.9404793	0.0030452837	1.8264794e-20	1
0	-0.37842566	-0.92550427	0.003146281	0	-0.018849555	0	-0.37842566	-0.92550427	0.003146281	2.0606623e-20	1
0	-0.42178166	-0.9065572	0.0032272474	0	-0.012566371	0	-0.42178166	-0.9065572	0.0032272474	2.2906111e-20	1
0	-0.4453572	-0.8952055	0.0032574139	0	-0.009424778	0	-0.4453572	-0.8952055	0.0032574139	2.4036528e-20	1
0	-0.4703964	-0.8822998	0.0032789013	0	-0.0062831854	0	-0.4703964	-0.8822998	0.0032789013	2.5151758e-20	1
0	-0.49164388	-0.87063396	0.003288751	0	-0.0037699111	0	-0.49164388	-0.87063396	0.003288751	2.6031574e-20	1
0	-0.50273156	-0.8642765	0.0032908805	0	-0.002513274	0	-0.50273156	-0.8642765	0.0032908805	2.6466918e-20	1
0	-0.5084031	-0.8609513	0.0032911818	0	-0.0018849556	0	-0.5084031	-0.8609513	0.0032911818	2.6683372e-20	1
0	-0.5141629	-0.8575227	0.003290947	0	-0.001256637	0	-0.5141629	-0.8575227	0.003290947	2.6898978e-20	1
0	-0.5141629	-0.8575227	0.003290947	0	-0.0010053096	0	-0.5141629	-0.8575227	0.003290947	2.6985048e-20	1
0	-0.52001584	-0.85398483	0.0032901587	0	-0.0006283185	0	-0.52001584	-0.85398483	0.0032901587	2.7113707e-20	1
0	-0.5235832	-0.85180163	0.0032893983	0	-0.0002513274	0	-0.5235832	-0.85180163	0.0032893983	2.7242117e-20	1
0	-0.5235832	-0.85180163	0.0032893983	0	-0.0001256637	0	-0.5235832	-0.85180163	0.0032893983	2.7284863e-20	1
0	-0.5235832	-0.85180163	0.0032893983	0	-6.283185e-05	0	-0.5235832	-0.85180163	0.0032893983	2.7306237e-20	1
0	-0.5235832	-0.85180163	0.0032893983	0	-2.5132742e-05	0	-0.5235832	-0.85180163	0.0032893983	2.731906e-20	1
0	-0.5235832	-0.85180163	0.0032893983	0	-1.2566371e-05	0	-0.5235832	-0.85180163	0.0032893983	2.7323336e-20	1
0	-0.5235832	-0.85180163	0.0032893983	0	-6.2831855e-06	0	-0.5235832	-0.85180163	0.0032893983	2.7325475e-20	1
0	-0.5235832	-0.85180163	0.0032893983	0	-2.513274e-06	0	-0.5235832	-0.85180163	0.0032893983	2.7326758e-20	1
0	-0.5235832	-0.85180163	0.0032893983	0	-1.256637e-06	0	-0.5235832	-0.85180163	0.0032893983	2.7327185e-20	1
0	-0.5235832	-0.85180163	0.0032893983	0	-6.283185e-07	0	-0.5235832	-0.85180163	0.0032893983	2.7327398e-20	1
0	-0.5235832	-0.85180163	0.0032893983	0	-2.513274e-07	0	-0.5235832	-0.85180163	0.0032893983	2.7327527e-20	1
0	-0.5235832	-0.85180163	0.0032893983	0	-1.256637e-07	0	-0.5235832	-0.85180163	0.0032893983	2.732757e-20	1
0	-0.5235832	-0.85180163	0.0032893983	0	0	0	-0.5235832	-0.85180163	0.0032893983	2.732761e-20	1
0	-0.5235832	-0.85180163	0.0032893983	0	1.256637e-07	0	-0.5235832	-0.85180163	0.0032893983	2.7327653e-20	1
0	-0.5235832	-0.85180163	0.0032893983	0	2.513274e-07	0	-0.5235832	-0.85180163	0.0032893983	2.7327698e-20	1
0	-0.5235832	-0.85180163	0.0032893983	0	6.283185e-07	0	-0.5235832	-0.85180163	0.0032893983	2.7327824e-20	1
0	-0.5235832	-0.85180163	0.0032893983	0	1.256637e-06	0	-0.5235832	-0.85180163	0.0032893983	2.7328038e-20	1
0	-0.5235832	-0.85180163	0.0032893983	0	2.513274e-06	0	-0.5235832	-0.85180163	0.0032893983	2.7328467e-20	1
0	-0.5235832	-0.85180163	0.0032893983	0	6.2831855e-06	0	-0.5235832	-0.85180163	0.0032893983	2.732975e-20	1
0	-0.5235832	-0.85180163	0.0032893983	0	1.2566371e-05	0	-0.5235832	-0.85180163	0.0032893983	2.7331886e-20	1
0	-0.5235832	-0.85180163	0.0032893983	0	2.5132742e-05	0	-0.5235832	-0.85180163	0.0032893983	2.733616e-20	1
0	-0.5235832	-0.85180163	0.0032893983	0	6.283185e-05	0	-0.5235832	-0.85180163	0.0032893983	2.7348985e-20	1
0	-0.5235832	-0.85180163	0.0032893983	0	0.0001256637	0	-0.5235832	-0.85180163	0.0032893983	2.737036e-20	1
0	-0.5283911	-0.8488264	0.0032880555	0	0.0002513274	0	-0.5283911	-0.8488264	0.0032880555	2.7412808e-20	1
0	-0.5283911	-0.8488264	0.0032880555	0	0.0006283185	0	-0.5283911	-0.8488264	0.0032880555	2.7540604e-20	1
0	-0.5357262	-0.8442147	0.0032852967	0	0.0010053096	0	-0.5357262	-0.8442147	0.0032852967	2.766771e-20	1
0	-0.5357262	-0.8442147	0.0032852967	0	0.001256637	0	-0.5357262	-0.8442147	0.0032852967	2.7752446e-20	1
0	-0.54450315	-0.8385787	0.0032808757	0	0.0018849556	0	-0.54450315	-0.8385787	0.0032808757	2.7963293e-20	1
0	-0.5509262	-0.8343716	0.003276878	0	0.002513274	0	-0.5509262	-0.8343716	0.003276878	2.8173187e-20	1
0	-0.56416976	-0.82547194	0.0032666381	0	0.0037699111	0	-0.56416976	-0.82547194	0.0032666381	2.858971e-20	1
0	-0.59271574	-0.8052149	0.0032356982	0	0.0062831854	0	-0.59271574	-0.8052149	0.0032356982	2.9408374e-20	1
0	-0.6337402	-0.77333474	0.0031715236	0	0.009424778	0	-0.6337402	-0.77333474	0.0031715236	3.0399585e-20	1
0	-0.68659115	-0.7268138	0.0030594757	0	0.012566371	0	-0.68659115	-0.7268138	0.0030594757	3.1342966e-20	1
0	-0.5500208	0.83496153	0.004148771	0	0.018849555	0	-0.5500208	0.83496153	0.004148771	2.2465574e-20	1
0	0.339541	0.9404745	-0.0030453186	0	0.025132742	0	0.339541	0.9404745	-0.0030453186	1.8264791e-20	1
0	0.27358377	0.96174777	-0.0028126831	0	0.03769911	0	0.27358377	0.96174777	-0.0028126831	1.3487485e-20	1
0	0.2218284	0.97499627	-0.0025763279	0	0.050265484	0	0.2218284	0.97499627	-0.0025763279	8.625052e-21	1
0	0.18218088	0.9831829	-0.002363345	0	0.06283186	0	0.18218088	0.9831829	-0.002363345	3.7098396e-21	1
