# t (s)	mx ()	my ()	mz ()	B_extx (T)	B_exty (T)	B_extz (T)	mx ()	my ()	mz ()	E_total (J)	branch ()
0	0.9992211	0.037779033	0.0013931885	0.06283186	0	0	0.9992211	0.037779033	0.0013931885	2.3138364e-21	-1
0	0.9990104	0.042970542	0.0014059125	0.050265484	0	0	0.9990104	0.042970542	0.0014059125	7.327938e-21	-1
0	0.99869204	0.04980421	0.0014191432	0.03769911	0	0	0.99869204	0.04980421	0.0014191432	1.2340738e-20	-1
0	0.9981787	0.059186332	0.0014328406	0.025132742	0	0	0.9981787	0.059186332	0.0014328406	1.7351503e-20	-1
0	0.997795	0.06532788	0.0014397837	0.018849555	0	0	0.997795	0.06532788	0.0014397837	1.9855729e-20	-1
0	0.9972724	0.07286093	0.0014466548	0.012566371	0	0	0.9972724	0.07286093	0.0014466548	2.2358828e-20	-1
0	0.9969357	0.07732555	0.001449998	0.009424778	0	0	0.9969357	0.07732555	0.001449998	2.3609822e-20	-1
0	0.9965322	0.08235684	0.0014532141	0.0062831854	0	0	0.9965322	0.08235684	0.0014532141	2.4860362e-20	-1
0	0.9961486	0.0868687	0.0014556479	0.0037699111	0	0	0.9961486	0.0868687	0.0014556479	2.5860396e-20	-1
0	0.99593157	0.089319795	0.0014567995	0.002513274	0	0	0.99593157	0.089319795	0.0014567995	2.636026e-20	-1
0	0.99581695	0.09058675	0.0014573559	0.0018849556	0	0	0.99581695	0.09058675	0.0014573559	2.6610152e-20	-1
0	0.9956962	0.09190296	0.0014578976	0.001256637	0	0	0.9956962	0.09190296	0.0014578976	2.6860009e-20	-1
0	0.9956962	0.09190296	0.0014578976	0.0010053096	0	0	0.9956962	0.09190296	0.0014578976	2.6959947e-20	-1
0	0.9955708	0.093250945	0.0014584231	0.0006283185	0	0	0.9955708	0.093250945	0.0014584231	2.710984e-20	-1
0	0.9954924	0.09408297	0.0014587299	0.0002513274	0	0	0.9954924	0.09408297	0.0014587299	2.725972e-20	-1
0	0.9954924	0.09408297	0.0014587299	0.0001256637	0	0	0.9954924	0.09408297	0.0014587299	2.730968e-20	-1
0	0.9954924	0.09408297	0.0014587299	6.283185e-05	0	0	0.9954924	0.09408297	0.0014587299	2.7334658e-20	-1
0	0.9954924	0.09408297	0.0014587299	2.5132742e-05	0	0	0.9954924	0.09408297	0.0014587299	2.7349648e-20	-1
0	0.9954924	0.09408297	0.0014587299	1.2566371e-05	0	0	0.9954924	0.09408297	0.0014587299	2.7354643e-20	-1
0	0.9954924	0.09408297	0.0014587299	6.2831855e-06	0	0	0.9954924	0.09408297	0.0014587299	2.735714e-20	-1
0	0.9954924	0.09408297	0.0014587299	2.513274e-06	0	0	0.9954924	0.09408297	0.0014587299	2.735864e-20	-1
0	0.9954924	0.09408297	0.0014587299	1.256637e-06	0	0	0.9954924	0.09408297	0.0014587299	2.735914e-20	-1
0	0.9954924	0.09408297	0.0014587299	6.283185e-07	0	0	0.9954924	0.09408297	0.0014587299	2.735939e-20	-1
0	0.9954924	0.09408297	0.0014587299	2.513274e-07	0	0	0.9954924	0.09408297	0.0014587299	2.7359538e-20	-1
0	0.9954924	0.09408297	0.0014587299	1.256637e-07	0	0	0.9954924	0.09408297	0.0014587299	2.735959e-20	-1
0	0.9954924	0.09408297	0.0014587299	0	0	0	0.9954924	0.09408297	0.0014587299	2.735964e-20	-1
0	0.9954924	0.09408297	0.0014587299	-1.256637e-07	0	0	0.9954924	0.09408297	0.0014587299	2.735969e-20	-1
0	0.9954924	0.09408297	0.0014587299	-2.513274e-07	0	0	0.9954924	0.09408297	0.0014587299	2.735974e-20	-1
0	0.9954924	0.09408297	0.0014587299	-6.283185e-07	0	0	0.9954924	0.09408297	0.0014587299	2.735989e-20	-1
0	0.9954924	0.09408297	0.0014587299	-1.256637e-06	0	0	0.9954924	0.09408297	0.0014587299	2.736014e-20	-1
0	0.9954924	0.09408297	0.0014587299	-2.513274e-06	0	0	0.9954924	0.09408297	0.0014587299	2.7360637e-20	-1
0	0.9954924	0.09408297	0.0014587299	-6.2831855e-06	0	0	0.9954924	0.09408297	0.0014587299	2.7362136e-20	-1
0	0.9954924	0.09408297	0.0014587299	-1.2566371e-05	0	0	0.9954924	0.09408297	0.0014587299	2.7364634e-20	-1
0	0.9954924	0.09408297	0.0014587299	-2.5132742e-05	0	0	0.9954924	0.09408297	0.0014587299	2.7369633e-20	-1
0	0.9954924	0.09408297	0.0014587299	-6.283185e-05	0	0	0.9954924	0.09408297	0.0014587299	2.738462e-20	-1
0	0.9954126	0.09492304	0.0014590304	-0.0001256637	0	0	0.9954126	0.09492304	0.0014590304	2.7409592e-20	-1
0	0.9954126	0.09492304	0.0014590304	-0.0002513274	0	0	0.9954126	0.09492304	0.0014590304	2.7459546e-20	-1
0	0.9953015	0.096079074	0.0014594637	-0.0006283185	0	0	0.9953015	0.096079074	0.0014594637	2.76094e-20	-1
0	0.99521625	0.09695805	0.0014597035	-0.0010053096	0	0	0.99521625	0.09695805	0.0014597035	2.7759244e-20	-1
0	0.99521625	0.09695805	0.0014597035	-0.001256637	0	0	0.99521625	0.09695805	0.0014597035	2.7859136e-20	-1
0	0.9950055	0.09909433	0.0014603303	-0.0018849556	0	0	0.9950055	0.09909433	0.0014603303	2.810882e-20	-1
0	0.9948495	0.10064688	0.0014607522	-0.002513274	0	0	0.9948495	0.10064688	0.0014607522	2.8358472e-20	-1
0	0.9945116	0.103929475	0.0014615082	-0.0037699111	0	0	0.9945116	0.103929475	0.0014615082	2.8857656e-20	-1
0	0.99372107	0.111227944	0.0014626	-0.0062831854	0	0	0.99372107	0.111227944	0.0014626	2.9855462e-20	-1
0	0.992465	0.12191869	0.0014628763	-0.009424778	0	0	0.992465	0.12191869	0.0014628763	3.1101458e-20	-1
0	0.99077743	0.13493752	0.0014611251	-0.012566371	0	0	0.99077743	0.13493752	0.0014611251	3.234563e-20	-1
0	0.98494935	0.17237575	0.0014449535	-0.018849555	0	0	0.98494935	0.17237575	0.0014449535	3.482536e-20	-1
0	0.9681165	0.25012985	0.0013624076	-0.025132742	0	0	0.9681165	0.25012985	0.0013624076	3.728055e-20	-1
0	-0.99869215	-0.04980117	-0.0014191421	-0.03769911	0	0	-0.99869215	-0.04980117	-0.0014191421	1.23407415e-20	-1
0	-0.9990101	-0.042978562	-0.0014059155	-0.050265484	0	0	-0.9990101	-0.042978562	-0.0014059155	7.32794e-21	-1
0	-0.999221	-0.03778055	-0.0013931914	-0.06283186	0	0	-0.999221	-0.03778055	-0.0013931914	2.313835e-21	-1
0	-0.999221	-0.03778055	-0.0013931914	-0.06283186	0	0	-0.999221	-0.03778055	-0.0013931914	2.313835e-21	1
0	-0.9990103	-0.042972434	-0.0014059131	-0.050265484	0	0	-0.9990103	-0.042972434	-0.0014059131	7.327939e-21	1
0	-0.99869215	-0.049802087	-0.001419143	-0.03769911	0	0	-0.99869215	-0.049802087	-0.001419143	1.2340741e-20	1
0	-0.9981786	-0.05918833	-0.0014328411	-0.025132742	0	0	-0.9981786	-0.05918833	-0.0014328411	1.7351501e-20	1
0	-0.9977951	-0.06532636	-0.0014397743	-0.018849555	0	0	-0.9977951	-0.06532636	-0.0014397743	1.985573e-20	1
0	-0.9972719	-0.072867975	-0.0014466562	-0.012566371	0	0	-0.9972719	-0.072867975	-0.0014466562	2.2358828e-20	1
0	-0.99693584	-0.07732366	-0.0014499975	-0.009424778	0	0	-0.99693584	-0.07732366	-0.0014499975	2.3609827e-20	1
0	-0.9965333	-0.08234452	-0.0014532135	-0.0062831854	0	0	-0.9965333	-0.08234452	-0.0014532135	2.4860362e-20	1
0	-0.9961485	-0.08686948	-0.001455649	-0.0037699111	0	0	-0.9961485	-0.08686948	-0.001455649	2.5860395e-20	1
0	-0.9959318	-0.08931658	-0.0014567998	-0.002513274	0	0	-0.9959318	-0.08931658	-0.0014567998	2.636026e-20	1
0	-0.9958166	-0.09059085	-0.0014573559	-0.0018849556	0	0	-0.9958166	-0.09059085	-0.0014573559	2.661015e-20	1
0	-0.9956963	-0.09190188	-0.001457897	-0.001256637	0	0	-0.9956963	-0.09190188	-0.001457897	2.6860007e-20	1
0	-0.9956963	-0.09190188	-0.001457897	-0.0010053096	0	0	-0.9956963	-0.09190188	-0.001457897	2.6959946e-20	1
0	-0.9955704	-0.09325442	-0.0014584231	-0.0006283185	0	0	-0.9955704	-0.09325442	-0.0014584231	2.710984e-20	1
0	-0.9954922	-0.09408456	-0.00145873	-0.0002513274	0	0	-0.9954922	-0.09408456	-0.00145873	2.725972e-20	1
0	-0.9954922	-0.09408456	-0.00145873	-0.0001256637	0	0	-0.9954922	-0.09408456	-0.00145873	2.730968e-20	1
0	-0.9954922	-0.09408456	-0.00145873	-6.283185e-05	0	0	-0.9954922	-0.09408456	-0.00145873	2.733466e-20	1
0	-0.9954922	-0.09408456	-0.00145873	-2.5132742e-05	0	0	-0.9954922	-0.09408456	-0.00145873	2.7349648e-20	1
0	-0.9954922	-0.09408456	-0.00145873	-1.2566371e-05	0	0	-0.9954922	-0.09408456	-0.00145873	2.7354643e-20	1
0	-0.9954922	-0.09408456	-0.00145873	-6.2831855e-06	0	0	-0.9954922	-0.09408456	-0.00145873	2.735714e-20	1
0	-0.9954922	-0.09408456	-0.00145873	-2.513274e-06	0	0	-0.9954922	-0.09408456	-0.00145873	2.735864e-20	1
0	-0.9954922	-0.09408456	-0.00145873	-1.256637e-06	0	0	-0.9954922	-0.09408456	-0.00145873	2.735914e-20	1
0	-0.9954922	-0.09408456	-0.00145873	-6.283185e-07	0	0	-0.9954922	-0.09408456	-0.00145873	2.735939e-20	1
0	-0.9954922	-0.09408456	-0.00145873	-2.513274e-07	0	0	-0.9954922	-0.09408456	-0.00145873	2.7359538e-20	1
0	-0.9954922	-0.09408456	-0.00145873	-1.256637e-07	0	0	-0.9954922	-0.09408456	-0.00145873	2.735959e-20	1
0	-0.9954922	-0.09408456	-0.00145873	0	0	0	-0.9954922	-0.09408456	-0.00145873	2.735964e-20	1
0	-0.9954922	-0.09408456	-0.00145873	1.256637e-07	0	0	-0.9954922	-0.09408456	-0.00145873	2.735969e-20	1
0	-0.9954922	-0.09408456	-0.00145873	2.513274e-07	0	0	-0.9954922	-0.09408456	-0.00145873	2.735974e-20	1
0	-0.9954922	-0.09408456	-0.00145873	6.283185e-07	0	0	-0.9954922	-0.09408456	-0.00145873	2.735989e-20	1
0	-0.9954922	-0.09408456	-0.00145873	1.256637e-06	0	0	-0.9954922	-0.09408456	-0.00145873	2.736014e-20	1
0	-0.9954922	-0.09408456	-0.00145873	2.513274e-06	0	0	-0.9954922	-0.09408456	-0.00145873	2.736064e-20	1
0	-0.9954922	-0.09408456	-0.00145873	6.2831855e-06	0	0	-0.9954922	-0.09408456	-0.00145873	2.7362136e-20	1
0	-0.9954922	-0.09408456	-0.00145873	1.2566371e-05	0	0	-0.9954922	-0.09408456	-0.00145873	2.7364637e-20	1
0	-0.9954922	-0.09408456	-0.00145873	2.5132742e-05	0	0	-0.9954922	-0.09408456	-0.00145873	2.7369633e-20	1
0	-0.9954922	-0.09408456	-0.00145873	6.283185e-05	0	0	-0.9954922	-0.09408456	-0.00145873	2.738462e-20	1
0	-0.9954119	-0.09492987	-0.0014590311	0.0001256637	0	0	-0.9954119	-0.09492987	-0.0014590311	2.7409592e-20	1
0	-0.9954119	-0.09492987	-0.0014590311	0.0002513274	0	0	-0.9954119	-0.09492987	-0.0014590311	2.745955e-20	1
0	-0.9953015	-0.09607954	-0.0014594195	0.0006283185	0	0	-0.9953015	-0.09607954	-0.0014594195	2.76094e-20	1
0	-0.9952154	-0.096965805	-0.0014597022	0.0010053096	0	0	-0.9952154	-0.096965805	-0.0014597022	2.7759238e-20	1
0	-0.9952154	-0.096965805	-0.0014597022	0.001256637	0	0	-0.9952154	-0.096965805	-0.0014597022	2.785913e-20	1
0	-0.9950073	-0.099077016	-0.0014603316	0.0018849556	0	0	-0.9950073	-0.099077016	-0.0014603316	2.8108815e-20	1
0	-0.9948491	-0.10065077	-0.0014607515	0.002513274	0	0	-0.9948491	-0.10065077	-0.0014607515	2.8358475e-20	1
0	-0.99451053	-0.10393967	-0.0014615073	0.0037699111	0	0	-0.99451053	-0.10393967	-0.0014615073	2.8857653e-20	1
0	-0.99372137	-0.111225374	-0.0014625964	0.0062831854	0	0	-0.99372137	-0.111225374	-0.0014625964	2.9855462e-20	1
0	-0.9924662	-0.121909216	-0.0014628449	0.009424778	0	0	-0.9924662	-0.121909216	-0.0014628449	3.1101458e-20	1
0	-0.99077845	-0.13492951	-0.0014611287	0.012566371	0	0	-0.99077845	-0.13492951	-0.0014611287	3.2345628e-20	1
0	-0.9849479	-0.17238379	-0.001444947	0.018849555	0	0	-0.9849479	-0.17238379	-0.001444947	3.4825364e-20	1
0	-0.96812004	-0.25011593	-0.001362429	0.025132742	0	0	-0.96812004	-0.25011593	-0.001362429	3.728055e-20	1
0	0.99869204	0.04980304	0.0014191412	0.03769911	0	0	0.99869204	0.04980304	0.0014191412	1.2340741e-20	1
0	0.9990103	0.042972945	0.0014059125	0.050265484	0	0	0.9990103	0.042972945	0.0014059125	7.3279405e-21	1
0	0.9992211	0.03777992	0.001393191	0.06283186	0	0	0.9992211	0.03777992	0.001393191	2.3138376e-21	1
