# t (s)	mx ()	my ()	mz ()	B_extx (T)	B_exty (T)	B_extz (T)	mx ()	my ()	mz ()	E_total (J)	branch ()
0	0.99852824	0.053031765	3.3841725e-06	0.06283186	0	0	0.99852824	0.053031765	3.3841725e-06	2.328588e-21	-1
0	0.99811494	0.06029387	3.3941405e-06	0.050265484	0	0	0.99811494	0.06029387	3.3941405e-06	7.338736e-21	-1
0	0.99749327	0.06981222	3.4053887e-06	0.03769911	0	0	0.99749327	0.06981222	3.4053887e-06	1.2346336e-20	-1
0	0.99649525	0.08282964	3.4212144e-06	0.025132742	0	0	0.99649525	0.08282964	3.4212144e-06	1.7349966e-20	-1
0	0.99575484	0.091290794	3.430146e-06	0.018849555	0	0	0.99575484	0.091290794	3.430146e-06	1.9849541e-20	-1
0	0.9947507	0.10163888	3.4415561e-06	0.012566371	0	0	0.9947507	0.10163888	3.4415561e-06	2.2346948e-20	-1
0	0.9941101	0.10771853	3.448783e-06	0.009424778	0	0	0.9941101	0.10771853	3.448783e-06	2.3594597e-20	-1
0	0.99334383	0.1145621	3.455501e-06	0.0062831854	0	0	0.99334383	0.1145621	3.455501e-06	2.4841371e-20	-1
0	0.99261934	0.12067312	3.460595e-06	0.0037699111	0	0	0.99261934	0.12067312	3.460595e-06	2.5838037e-20	-1
0	0.992211	0.12398334	3.46345e-06	0.002513274	0	0	0.992211	0.12398334	3.46345e-06	2.633608e-20	-1
0	0.9919944	0.12570284	3.463888e-06	0.0018849556	0	0	0.9919944	0.12570284	3.463888e-06	2.6585026e-20	-1
0	0.9917691	0.12746659	3.4647696e-06	0.001256637	0	0	0.9917691	0.12746659	3.4647696e-06	2.6833914e-20	-1
0	0.9916755	0.12819196	3.465006e-06	0.0010053096	0	0	0.9916755	0.12819196	3.465006e-06	2.6933451e-20	-1
0	0.9915329	0.12928915	3.4662773e-06	0.0006283185	0	0	0.9915329	0.12928915	3.4662773e-06	2.708274e-20	-1
0	0.9913868	0.13040403	3.4659072e-06	0.0002513274	0	0	0.9913868	0.13040403	3.4659072e-06	2.723201e-20	-1
0	0.99133706	0.13078123	3.4661962e-06	0.0001256637	0	0	0.99133706	0.13078123	3.4661962e-06	2.7281764e-20	-1
0	0.9913117	0.13097262	3.466178e-06	6.283185e-05	0	0	0.9913117	0.13097262	3.466178e-06	2.7306634e-20	-1
0	0.99129695	0.13108432	3.4662235e-06	2.5132742e-05	0	0	0.99129695	0.13108432	3.4662235e-06	2.732156e-20	-1
0	0.9912921	0.13112122	3.4662921e-06	1.2566371e-05	0	0	0.9912921	0.13112122	3.4662921e-06	2.7326535e-20	-1
0	0.9912896	0.1311399	3.4662917e-06	6.2831855e-06	0	0	0.9912896	0.1311399	3.4662917e-06	2.7329023e-20	-1
0	0.99128807	0.13115169	3.466505e-06	2.513274e-06	0	0	0.99128807	0.13115169	3.466505e-06	2.7330516e-20	-1
0	0.99128747	0.1311563	3.4662608e-06	1.256637e-06	0	0	0.99128747	0.1311563	3.4662608e-06	2.7331014e-20	-1
0	0.9912871	0.1311585	3.4662494e-06	6.283185e-07	0	0	0.9912871	0.1311585	3.4662494e-06	2.7331266e-20	-1
0	0.9912871	0.1311585	3.4662494e-06	2.513274e-07	0	0	0.9912871	0.1311585	3.4662494e-06	2.7331414e-20	-1
0	0.9912871	0.1311585	3.4662494e-06	1.256637e-07	0	0	0.9912871	0.1311585	3.4662494e-06	2.7331466e-20	-1
0	0.9912871	0.1311585	3.4662494e-06	0	0	0	0.9912871	0.1311585	3.4662494e-06	2.7331514e-20	-1
0	0.9912871	0.1311585	3.4662494e-06	-1.256637e-07	0	0	0.9912871	0.1311585	3.4662494e-06	2.7331563e-20	-1
0	0.9912871	0.1311585	3.4662494e-06	-2.513274e-07	0	0	0.9912871	0.1311585	3.4662494e-06	2.7331615e-20	-1
0	0.9912871	0.1311585	3.4662494e-06	-6.283185e-07	0	0	0.9912871	0.1311585	3.4662494e-06	2.7331763e-20	-1
0	0.9912871	0.1311585	3.4662494e-06	-1.256637e-06	0	0	0.9912871	0.1311585	3.4662494e-06	2.7332012e-20	-1
0	0.9912871	0.1311585	3.4662494e-06	-2.513274e-06	0	0	0.9912871	0.1311585	3.4662494e-06	2.733251e-20	-1
0	0.9912871	0.1311585	3.4662494e-06	-6.2831855e-06	0	0	0.9912871	0.1311585	3.4662494e-06	2.7334002e-20	-1
0	0.9912871	0.1311585	3.4662494e-06	-1.2566371e-05	0	0	0.9912871	0.1311585	3.4662494e-06	2.733649e-20	-1
0	0.9912871	0.1311585	3.4662494e-06	-2.5132742e-05	0	0	0.9912871	0.1311585	3.4662494e-06	2.7341463e-20	-1
0	0.9912871	0.1311585	3.4662494e-06	-6.283185e-05	0	0	0.9912871	0.1311585	3.4662494e-06	2.7356388e-20	-1
0	0.99123645	0.13154046	3.4660175e-06	-0.0001256637	0	0	0.99123645	0.13154046	3.4660175e-06	2.7381258e-20	-1
0	0.99118483	0.13192883	3.4665156e-06	-0.0002513274	0	0	0.99118483	0.13192883	3.4665156e-06	2.7431002e-20	-1
0	0.9910308	0.13307998	3.4668074e-06	-0.0006283185	0	0	0.9910308	0.13307998	3.4668074e-06	2.7580218e-20	-1
0	0.9908703	0.13426894	3.4670256e-06	-0.0010053096	0	0	0.9908703	0.13426894	3.4670256e-06	2.772941e-20	-1
0	0.9907612	0.13507038	3.4671812e-06	-0.001256637	0	0	0.9907612	0.13507038	3.4671812e-06	2.782886e-20	-1
0	0.99048084	0.13710961	3.4672878e-06	-0.0018849556	0	0	0.99048084	0.13710961	3.4672878e-06	2.807743e-20	-1
0	0.9901887	0.13920143	3.4672007e-06	-0.002513274	0	0	0.9901887	0.13920143	3.4672007e-06	2.8325928e-20	-1
0	0.98955846	0.14361003	3.4661227e-06	-0.0037699111	0	0	0.98955846	0.14361003	3.4661227e-06	2.8822705e-20	-1
0	0.9881002	0.15331465	3.458595e-06	-0.0062831854	0	0	0.9881002	0.15331465	3.458595e-06	2.9815215e-20	-1
0	0.985796	0.16748065	3.4341851e-06	-0.009424778	0	0	0.985796	0.16748065	3.4341851e-06	3.105353e-20	-1
0	0.9827236	0.18464276	3.3750998e-06	-0.012566371	0	0	0.9827236	0.18464276	3.3750998e-06	3.2288504e-20	-1
0	0.9721317	0.23405784	2.9513421e-06	-0.018849555	0	0	0.9721317	0.23405784	2.9513421e-06	3.4742843e-20	-1
0	0.9335357	0.3581702	-1.0479656e-06	-0.025132742	0	0	0.9335357	0.3581702	-1.0479656e-06	3.7149654e-20	-1
0	-0.997493	-0.06981583	-3.405371e-06	-0.03769911	0	0	-0.997493	-0.06981583	-3.405371e-06	1.23463355e-20	-1
0	-0.9981148	-0.060295545	-3.3933911e-06	-0.050265484	0	0	-0.9981148	-0.060295545	-3.3933911e-06	7.338737e-21	-1
0	-0.9985281	-0.053032678	-3.3841716e-06	-0.06283186	0	0	-0.9985281	-0.053032678	-3.3841716e-06	2.328589e-21	-1
0	-0.9985281	-0.053032678	-3.3841716e-06	-0.06283186	0	0	-0.9985281	-0.053032678	-3.3841716e-06	2.328589e-21	1
0	-0.99811506	-0.060293086	-3.3940325e-06	-0.050265484	0	0	-0.99811506	-0.060293086	-3.3940325e-06	7.338739e-21	1
0	-0.99749297	-0.06981638	-3.4053546e-06	-0.03769911	0	0	-0.99749297	-0.06981638	-3.4053546e-06	1.2346337e-20	1
0	-0.99649525	-0.08282983	-3.42026e-06	-0.025132742	0	0	-0.99649525	-0.08282983	-3.42026e-06	1.7349968e-20	1
0	-0.99575436	-0.09129607	-3.4301474e-06	-0.018849555	0	0	-0.99575436	-0.09129607	-3.4301474e-06	1.9849545e-20	1
0	-0.994751	-0.1016362	-3.4408272e-06	-0.012566371	0	0	-0.994751	-0.1016362	-3.4408272e-06	2.2346947e-20	1
0	-0.99411	-0.10771899	-3.4487684e-06	-0.009424778	0	0	-0.99411	-0.10771899	-3.4487684e-06	2.35946e-20	1
0	-0.99334407	-0.11456017	-3.4555253e-06	-0.0062831854	0	0	-0.99334407	-0.11456017	-3.4555253e-06	2.4841368e-20	1
0	-0.9926189	-0.120676756	-3.4605641e-06	-0.0037699111	0	0	-0.9926189	-0.120676756	-3.4605641e-06	2.5838035e-20	1
0	-0.992211	-0.1239832	-3.4627712e-06	-0.002513274	0	0	-0.992211	-0.1239832	-3.4627712e-06	2.6336082e-20	1
0	-0.99199474	-0.12569991	-3.4637646e-06	-0.0018849556	0	0	-0.99199474	-0.12569991	-3.4637646e-06	2.6585021e-20	1
0	-0.9917686	-0.12747008	-3.4647942e-06	-0.001256637	0	0	-0.9917686	-0.12747008	-3.4647942e-06	2.683391e-20	1
0	-0.9916756	-0.12819108	-3.4651266e-06	-0.0010053096	0	0	-0.9916756	-0.12819108	-3.4651266e-06	2.693345e-20	1
0	-0.991533	-0.12928832	-3.4655955e-06	-0.0006283185	0	0	-0.991533	-0.12928832	-3.4655955e-06	2.7082741e-20	1
0	-0.99138653	-0.13040614	-3.4660216e-06	-0.0002513274	0	0	-0.99138653	-0.13040614	-3.4660216e-06	2.723201e-20	1
0	-0.9913368	-0.13078287	-3.4661155e-06	-0.0001256637	0	0	-0.9913368	-0.13078287	-3.4661155e-06	2.728176e-20	1
0	-0.9913118	-0.1309718	-3.4662276e-06	-6.283185e-05	0	0	-0.9913118	-0.1309718	-3.4662276e-06	2.7306638e-20	1
0	-0.9912971	-0.1310828	-3.4663449e-06	-2.5132742e-05	0	0	-0.9912971	-0.1310828	-3.4663449e-06	2.7321562e-20	1
0	-0.99129176	-0.13112345	-3.4662655e-06	-1.2566371e-05	0	0	-0.99129176	-0.13112345	-3.4662655e-06	2.7326538e-20	1
0	-0.99129176	-0.13112345	-3.4662655e-06	-6.2831855e-06	0	0	-0.99129176	-0.13112345	-3.4662655e-06	2.7329026e-20	1
0	-0.99129176	-0.13112345	-3.4662655e-06	-2.513274e-06	0	0	-0.99129176	-0.13112345	-3.4662655e-06	2.733052e-20	1
0	-0.99129176	-0.13112345	-3.4662655e-06	-1.256637e-06	0	0	-0.99129176	-0.13112345	-3.4662655e-06	2.7331017e-20	1
0	-0.99129176	-0.13112345	-3.4662655e-06	-6.283185e-07	0	0	-0.99129176	-0.13112345	-3.4662655e-06	2.7331266e-20	1
0	-0.99129176	-0.13112345	-3.4662655e-06	-2.513274e-07	0	0	-0.99129176	-0.13112345	-3.4662655e-06	2.7331414e-20	1
0	-0.99129176	-0.13112345	-3.4662655e-06	-1.256637e-07	0	0	-0.99129176	-0.13112345	-3.4662655e-06	2.7331463e-20	1
0	-0.99129176	-0.13112345	-3.4662655e-06	0	0	0	-0.99129176	-0.13112345	-3.4662655e-06	2.7331514e-20	1
0	-0.99129176	-0.13112345	-3.4662655e-06	1.256637e-07	0	0	-0.99129176	-0.13112345	-3.4662655e-06	2.7331563e-20	1
0	-0.99129176	-0.13112345	-3.4662655e-06	2.513274e-07	0	0	-0.99129176	-0.13112345	-3.4662655e-06	2.7331615e-20	1
0	-0.99129176	-0.13112345	-3.4662655e-06	6.283185e-07	0	0	-0.99129176	-0.13112345	-3.4662655e-06	2.7331763e-20	1
0	-0.99129176	-0.13112345	-3.4662655e-06	1.256637e-06	0	0	-0.99129176	-0.13112345	-3.4662655e-06	2.7332012e-20	1
0	-0.99129176	-0.13112345	-3.4662655e-06	2.513274e-06	0	0	-0.99129176	-0.13112345	-3.4662655e-06	2.733251e-20	1
0	-0.99129176	-0.13112345	-3.4662655e-06	6.2831855e-06	0	0	-0.99129176	-0.13112345	-3.4662655e-06	2.7334002e-20	1
0	-0.99129176	-0.13112345	-3.4662655e-06	1.2566371e-05	0	0	-0.99129176	-0.13112345	-3.4662655e-06	2.7336487e-20	1
0	-0.99129176	-0.13112345	-3.4662655e-06	2.5132742e-05	0	0	-0.99129176	-0.13112345	-3.4662655e-06	2.7341463e-20	1
0	-0.99129176	-0.13112345	-3.4662655e-06	6.283185e-05	0	0	-0.99129176	-0.13112345	-3.4662655e-06	2.7356388e-20	1
0	-0.99129176	-0.13112345	-3.4662655e-06	0.0001256637	0	0	-0.99129176	-0.13112345	-3.4662655e-06	2.738126e-20	1
0	-0.9911858	-0.13192171	-3.4665807e-06	0.0002513274	0	0	-0.9911858	-0.13192171	-3.4665807e-06	2.7431002e-20	1
0	-0.9910301	-0.13308543	-3.466755e-06	0.0006283185	0	0	-0.9910301	-0.13308543	-3.466755e-06	2.7580218e-20	1
0	-0.9908707	-0.13426562	-3.4670704e-06	0.0010053096	0	0	-0.9908707	-0.13426562	-3.4670704e-06	2.772941e-20	1
0	-0.990762	-0.1350644	-3.466866e-06	0.001256637	0	0	-0.990762	-0.1350644	-3.466866e-06	2.7828857e-20	1
0	-0.9904833	-0.13709167	-3.4673008e-06	0.0018849556	0	0	-0.9904833	-0.13709167	-3.4673008e-06	2.8077428e-20	1
0	-0.99018776	-0.13920853	-3.4671834e-06	0.002513274	0	0	-0.99018776	-0.13920853	-3.4671834e-06	2.8325928e-20	1
0	-0.9895569	-0.14362042	-3.4655932e-06	0.0037699111	0	0	-0.9895569	-0.14362042	-3.4655932e-06	2.88227e-20	1
0	-0.988099	-0.15332201	-3.4588254e-06	0.0062831854	0	0	-0.988099	-0.15332201	-3.4588254e-06	2.9815215e-20	1
0	-0.98579586	-0.16748157	-3.4342052e-06	0.009424778	0	0	-0.98579586	-0.16748157	-3.4342052e-06	3.105353e-20	1
0	-0.9827241	-0.1846407	-3.375152e-06	0.012566371	0	0	-0.9827241	-0.1846407	-3.375152e-06	3.22885e-20	1
0	-0.9721321	-0.23405626	-2.9505584e-06	0.018849555	0	0	-0.9721321	-0.23405626	-2.9505584e-06	3.4742846e-20	1
0	-0.9335669	-0.35808885	1.0432207e-06	0.025132742	0	0	-0.9335669	-0.35808885	1.0432207e-06	3.714965e-20	1
0	0.99749315	0.069814146	3.405421e-06	0.03769911	0	0	0.99749315	0.069814146	3.405421e-06	1.2346337e-20	1
0	0.99811494	0.060294956	3.3940964e-06	0.050265484	0	0	0.99811494	0.060294956	3.3940964e-06	7.338735e-21	1
0	0.9985281	0.053032674	3.3841657e-06	0.06283186	0	0	0.9985281	0.053032674	3.3841657e-06	2.328589e-21	1
