# t (s)	mx ()	my ()	mz ()	B_extx (T)	B_exty (T)	B_extz (T)	mx ()	my ()	mz ()	E_total (J)	branch ()
0	-0.002272321	0.9999205	0.0044263015	0	0.06283186	0	-0.002272321	0.9999205	0.0044263015	4.8391132e-21	-1
0	-0.0032293291	0.9999168	0.0044738455	0	0.050265484	0	-0.0032293291	0.9999168	0.0044738455	9.857218e-21	-1
0	-0.0055236015	0.99990565	0.004539054	0	0.03769911	0	-0.0055236015	0.99990565	0.004539054	1.4875284e-20	-1
0	-0.01837458	0.99975026	0.004736159	0	0.025132742	0	-0.01837458	0.99975026	0.004736159	1.9893123e-20	-1
0	-0.09718331	0.99517715	0.0055756494	0	0.018849555	0	-0.09718331	0.99517715	0.0055756494	2.2399057e-20	-1
0	-0.26602173	0.96384835	0.0062825093	0	0.012566371	0	-0.26602173	0.96384835	0.0062825093	2.4862547e-20	-1
0	-0.3430069	0.9391972	0.006074976	0	0.009424778	0	-0.3430069	0.9391972	0.006074976	2.605694e-20	-1
0	-0.41787875	0.9083494	0.005543505	0	0.0062831854	0	-0.41787875	0.9083494	0.005543505	2.7216624e-20	-1
0	-0.4781527	0.87810826	0.004883229	0	0.0037699111	0	-0.4781527	0.87810826	0.004883229	2.811363e-20	-1
0	-0.5090836	0.8605406	0.004466935	0	0.002513274	0	-0.5090836	0.8605406	0.004466935	2.8549974e-20	-1
0	-0.5248849	0.8509927	0.0042348187	0	0.0018849556	0	-0.5248849	0.8509927	0.0042348187	2.8764708e-20	-1
0	-0.5409858	0.8408469	0.0039852113	0	0.001256637	0	-0.5409858	0.8408469	0.0039852113	2.897698e-20	-1
0	-0.5409858	0.8408469	0.0039852113	0	0.0010053096	0	-0.5409858	0.8408469	0.0039852113	2.9061375e-20	-1
0	-0.5574384	0.8300292	0.003716919	0	0.0006283185	0	-0.5574384	0.8300292	0.003716919	2.9186622e-20	-1
0	-0.567528	0.8231622	0.0035459711	0	0.0002513274	0	-0.567528	0.8231622	0.0035459711	2.931107e-20	-1
0	-0.567528	0.8231622	0.0035459711	0	0.0001256637	0	-0.567528	0.8231622	0.0035459711	2.935238e-20	-1
0	-0.567528	0.8231622	0.0035459711	0	6.283185e-05	0	-0.567528	0.8231622	0.0035459711	2.9373038e-20	-1
0	-0.567528	0.8231622	0.0035459711	0	2.5132742e-05	0	-0.567528	0.8231622	0.0035459711	2.938543e-20	-1
0	-0.567528	0.8231622	0.0035459711	0	1.2566371e-05	0	-0.567528	0.8231622	0.0035459711	2.9389562e-20	-1
0	-0.567528	0.8231622	0.0035459711	0	6.2831855e-06	0	-0.567528	0.8231622	0.0035459711	2.9391627e-20	-1
0	-0.567528	0.8231622	0.0035459711	0	2.513274e-06	0	-0.567528	0.8231622	0.0035459711	2.9392865e-20	-1
0	-0.567528	0.8231622	0.0035459711	0	1.256637e-06	0	-0.567528	0.8231622	0.0035459711	2.9393278e-20	-1
0	-0.567528	0.8231622	0.0035459711	0	6.283185e-07	0	-0.567528	0.8231622	0.0035459711	2.9393485e-20	-1
0	-0.567528	0.8231622	0.0035459711	0	2.513274e-07	0	-0.567528	0.8231622	0.0035459711	2.939361e-20	-1
0	-0.567528	0.8231622	0.0035459711	0	1.256637e-07	0	-0.567528	0.8231622	0.0035459711	2.939365e-20	-1
0	-0.567528	0.8231622	0.0035459711	0	0	0	-0.567528	0.8231622	0.0035459711	2.9393692e-20	-1
0	-0.567528	0.8231622	0.0035459711	0	-1.256637e-07	0	-0.567528	0.8231622	0.0035459711	2.9393734e-20	-1
0	-0.567528	0.8231622	0.0035459711	0	-2.513274e-07	0	-0.567528	0.8231622	0.0035459711	2.9393776e-20	-1
0	-0.567528	0.8231622	0.0035459711	0	-6.283185e-07	0	-0.567528	0.8231622	0.0035459711	2.93939e-20	-1
0	-0.567528	0.8231622	0.0035459711	0	-1.256637e-06	0	-0.567528	0.8231622	0.0035459711	2.9394105e-20	-1
0	-0.567528	0.8231622	0.0035459711	0	-2.513274e-06	0	-0.567528	0.8231622	0.0035459711	2.939452e-20	-1
0	-0.567528	0.8231622	0.0035459711	0	-6.2831855e-06	0	-0.567528	0.8231622	0.0035459711	2.9395757e-20	-1
0	-0.567528	0.8231622	0.0035459711	0	-1.2566371e-05	0	-0.567528	0.8231622	0.0035459711	2.9397824e-20	-1
0	-0.567528	0.8231622	0.0035459711	0	-2.5132742e-05	0	-0.567528	0.8231622	0.0035459711	2.9401954e-20	-1
0	-0.567528	0.8231622	0.0035459711	0	-6.283185e-05	0	-0.567528	0.8231622	0.0035459711	2.941435e-20	-1
0	-0.57780313	0.81598145	0.0033670198	0	-0.0001256637	0	-0.57780313	0.81598145	0.0033670198	2.9434463e-20	-1
0	-0.57780313	0.81598145	0.0033670198	0	-0.0002513274	0	-0.57780313	0.81598145	0.0033670198	2.9475415e-20	-1
0	-0.59178185	0.8058996	0.0031159548	0	-0.0006283185	0	-0.59178185	0.8058996	0.0031159548	2.9597256e-20	-1
0	-0.59178185	0.8058996	0.0031159548	0	-0.0010053096	0	-0.59178185	0.8058996	0.0031159548	2.9718586e-20	-1
0	-0.6099465	0.79223895	0.0027771527	0	-0.001256637	0	-0.6099465	0.79223895	0.0027771527	2.9797782e-20	-1
0	-0.6289642	0.7772253	0.002408226	0	-0.0018849556	0	-0.6289642	0.7772253	0.002408226	2.9994716e-20	-1
0	-0.64912903	0.7604635	0.0020025142	0	-0.002513274	0	-0.64912903	0.7604635	0.0020025142	3.0187672e-20	-1
0	-0.69511867	0.7186663	0.0010306353	0	-0.0037699111	0	-0.69511867	0.7186663	0.0010306353	3.055938e-20	-1
0	-0.6667017	-0.7450699	0.0075451317	0	-0.0062831854	0	-0.6667017	-0.7450699	0.0075451317	2.6569933e-20	-1
0	-0.60866386	-0.79320157	0.006819752	0	-0.009424778	0	-0.60866386	-0.79320157	0.006819752	2.5604575e-20	-1
0	-0.54436815	-0.8386502	0.0057882117	0	-0.012566371	0	-0.54436815	-0.8386502	0.0057882117	2.458068e-20	-1
0	-0.36710578	-0.9300537	0.0022667334	0	-0.018849555	0	-0.36710578	-0.9300537	0.0022667334	2.2363566e-20	-1
0	0.018248595	-0.9997525	-0.0047346167	0	-0.025132742	0	0.018248595	-0.9997525	-0.0047346167	1.989313e-20	-1
0	0.0055914097	-0.9999052	-0.00453992	0	-0.03769911	0	0.0055914097	-0.9999052	-0.00453992	1.4875283e-20	-1
0	0.003247552	-0.9999168	-0.0044740783	0	-0.050265484	0	0.003247552	-0.9999168	-0.0044740783	9.857218e-21	-1
0	0.0022779629	-0.9999204	-0.004426377	0	-0.06283186	0	0.0022779629	-0.9999204	-0.004426377	4.839115e-21	-1
0	0.002277548	-0.9999204	-0.0044263713	0	-0.06283186	0	0.002277548	-0.9999204	-0.0044263713	4.8391152e-21	1
0	0.0032266327	-0.9999168	-0.004473809	0	-0.050265484	0	0.0032266327	-0.9999168	-0.004473809	9.857216e-21	1
0	0.0055515855	-0.99990547	-0.0045394115	0	-0.03769911	0	0.0055515855	-0.99990547	-0.0045394115	1.4875281e-20	1
0	0.01823382	-0.9997529	-0.004734436	0	-0.025132742	0	0.01823382	-0.9997529	-0.004734436	1.9893128e-20	1
0	0.09743297	-0.9951527	-0.0055777784	0	-0.018849555	0	0.09743297	-0.9951527	-0.0055777784	2.2399056e-20	1
0	0.2660358	-0.9638444	-0.006282501	0	-0.012566371	0	0.2660358	-0.9638444	-0.006282501	2.4862543e-20	1
0	0.34300542	-0.9391978	-0.0060749836	0	-0.009424778	0	0.34300542	-0.9391978	-0.0060749836	2.6056942e-20	1
0	0.41785693	-0.9083594	-0.005543712	0	-0.0062831854	0	0.41785693	-0.9083594	-0.005543712	2.721662e-20	1
0	0.47815442	-0.8781073	-0.0048832055	0	-0.0037699111	0	0.47815442	-0.8781073	-0.0048832055	2.811363e-20	1
0	0.5090735	-0.8605466	-0.0044670817	0	-0.002513274	0	0.5090735	-0.8605466	-0.0044670817	2.8549968e-20	1
0	0.5248985	-0.8509843	-0.00423461	0	-0.0018849556	0	0.5248985	-0.8509843	-0.00423461	2.876471e-20	1
0	0.5409974	-0.8408395	-0.0039850236	0	-0.001256637	0	0.5409974	-0.8408395	-0.0039850236	2.897698e-20	1
0	0.5409974	-0.8408395	-0.0039850236	0	-0.0010053096	0	0.5409974	-0.8408395	-0.0039850236	2.9061375e-20	1
0	0.55744004	-0.830028	-0.0037168902	0	-0.0006283185	0	0.55744004	-0.830028	-0.0037168902	2.918662e-20	1
0	0.5675889	-0.8231202	-0.0035449076	0	-0.0002513274	0	0.5675889	-0.8231202	-0.0035449076	2.931107e-20	1
0	0.5675889	-0.8231202	-0.0035449076	0	-0.0001256637	0	0.5675889	-0.8231202	-0.0035449076	2.9352378e-20	1
0	0.5675889	-0.8231202	-0.0035449076	0	-6.283185e-05	0	0.5675889	-0.8231202	-0.0035449076	2.9373032e-20	1
0	0.5675889	-0.8231202	-0.0035449076	0	-2.5132742e-05	0	0.5675889	-0.8231202	-0.0035449076	2.9385426e-20	1
0	0.5675889	-0.8231202	-0.0035449076	0	-1.2566371e-05	0	0.5675889	-0.8231202	-0.0035449076	2.9389556e-20	1
0	0.5675889	-0.8231202	-0.0035449076	0	-6.2831855e-06	0	0.5675889	-0.8231202	-0.0035449076	2.939162e-20	1
0	0.5675889	-0.8231202	-0.0035449076	0	-2.513274e-06	0	0.5675889	-0.8231202	-0.0035449076	2.939286e-20	1
0	0.5675889	-0.8231202	-0.0035449076	0	-1.256637e-06	0	0.5675889	-0.8231202	-0.0035449076	2.9393275e-20	1
0	0.5675889	-0.8231202	-0.0035449076	0	-6.283185e-07	0	0.5675889	-0.8231202	-0.0035449076	2.9393482e-20	1
0	0.5675889	-0.8231202	-0.0035449076	0	-2.513274e-07	0	0.5675889	-0.8231202	-0.0035449076	2.9393605e-20	1
0	0.5675889	-0.8231202	-0.0035449076	0	-1.256637e-07	0	0.5675889	-0.8231202	-0.0035449076	2.9393647e-20	1
0	0.5675889	-0.8231202	-0.0035449076	0	0	0	0.5675889	-0.8231202	-0.0035449076	2.9393685e-20	1
0	0.5675889	-0.8231202	-0.0035449076	0	1.256637e-07	0	0.5675889	-0.8231202	-0.0035449076	2.9393727e-20	1
0	0.5675889	-0.8231202	-0.0035449076	0	2.513274e-07	0	0.5675889	-0.8231202	-0.0035449076	2.939377e-20	1
0	0.5675889	-0.8231202	-0.0035449076	0	6.283185e-07	0	0.5675889	-0.8231202	-0.0035449076	2.9393892e-20	1
0	0.5675889	-0.8231202	-0.0035449076	0	1.256637e-06	0	0.5675889	-0.8231202	-0.0035449076	2.93941e-20	1
0	0.5675889	-0.8231202	-0.0035449076	0	2.513274e-06	0	0.5675889	-0.8231202	-0.0035449076	2.9394513e-20	1
0	0.5675889	-0.8231202	-0.0035449076	0	6.2831855e-06	0	0.5675889	-0.8231202	-0.0035449076	2.9395753e-20	1
0	0.5675889	-0.8231202	-0.0035449076	0	1.2566371e-05	0	0.5675889	-0.8231202	-0.0035449076	2.9397818e-20	1
0	0.5675889	-0.8231202	-0.0035449076	0	2.5132742e-05	0	0.5675889	-0.8231202	-0.0035449076	2.9401947e-20	1
0	0.5675889	-0.8231202	-0.0035449076	0	6.283185e-05	0	0.5675889	-0.8231202	-0.0035449076	2.9414342e-20	1
0	0.57779133	-0.8159898	-0.003367229	0	0.0001256637	0	0.57779133	-0.8159898	-0.003367229	2.9434463e-20	1
0	0.57779133	-0.8159898	-0.003367229	0	0.0002513274	0	0.57779133	-0.8159898	-0.003367229	2.947541e-20	1
0	0.59179133	-0.80589265	-0.003115778	0	0.0006283185	0	0.59179133	-0.80589265	-0.003115778	2.9597253e-20	1
0	0.59179133	-0.80589265	-0.003115778	0	0.0010053096	0	0.59179133	-0.80589265	-0.003115778	2.9718586e-20	1
0	0.609932	-0.79225016	-0.002777433	0	0.001256637	0	0.609932	-0.79225016	-0.002777433	2.9797782e-20	1
0	0.62896585	-0.77722394	-0.002408193	0	0.0018849556	0	0.62896585	-0.77722394	-0.002408193	2.9994716e-20	1
0	0.64914477	-0.7604501	-0.0020021906	0	0.002513274	0	0.64914477	-0.7604501	-0.0020021906	3.018767e-20	1
0	0.69514275	-0.71864307	-0.0010301087	0	0.0037699111	0	0.69514275	-0.71864307	-0.0010301087	3.055938e-20	1
0	-0.41785485	0.90836036	0.005543733	0	0.0062831854	0	-0.41785485	0.90836036	0.005543733	2.7216627e-20	1
0	-0.343097	0.9391643	0.0060745133	0	0.009424778	0	-0.343097	0.9391643	0.0060745133	2.605694e-20	1
0	-0.2660218	0.96384835	0.00628251	0	0.012566371	0	-0.2660218	0.96384835	0.00628251	2.4862547e-20	1
0	-0.09735468	0.9951604	0.0055771116	0	0.018849555	0	-0.09735468	0.9951604	0.0055771116	2.2399056e-20	1
0	-0.018379208	0.99975014	0.004736215	0	0.025132742	0	-0.018379208	0.99975014	0.004736215	1.9893128e-20	1
0	-0.0055475854	0.99990547	0.00453936	0	0.03769911	0	-0.0055475854	0.99990547	0.00453936	1.4875283e-20	1
0	-0.003246283	0.9999167	0.004474062	0	0.050265484	0	-0.003246283	0.9999167	0.004474062	9.857214e-21	1
0	-0.0022743763	0.9999205	0.0044263294	0	0.06283186	0	-0.0022743763	0.9999205	0.0044263294	4.8391136e-21	1
