# t (s)	mx ()	my ()	mz ()	B_extx (T)	B_exty (T)	B_extz (T)	mx ()	my ()	mz ()	E_total (J)	branch ()
0	-0.024271196	0.9996357	-0.0030874778	0	0.06283186	0	-0.024271196	0.9996357	-0.0030874778	4.4342253e-21	-1
0	-0.028635357	0.9995192	-0.0031237716	0	0.050265484	0	-0.028635357	0.9995192	-0.0031237716	9.450629e-21	-1
0	-0.034891672	0.9993193	-0.0031652604	0	0.03769911	0	-0.034891672	0.9993193	-0.0031652604	1.4466273e-20	-1
0	-0.044610262	0.9989314	-0.00321567	0	0.025132742	0	-0.044610262	0.9989314	-0.00321567	1.9480506e-20	-1
0	-0.051797196	0.9985838	-0.0032464592	0	0.018849555	0	-0.051797196	0.9985838	-0.0032464592	2.1986672e-20	-1
0	-0.06169881	0.99802	-0.0032833256	0	0.012566371	0	-0.06169881	0.99802	-0.0032833256	2.4491727e-20	-1
0	-0.06819183	0.99759686	-0.0033049993	0	0.009424778	0	-0.06819183	0.99759686	-0.0033049993	2.574362e-20	-1
0	-0.07618272	0.99701774	-0.0033296216	0	0.0062831854	0	-0.07618272	0.99701774	-0.0033296216	2.6994884e-20	-1
0	-0.0840494	0.9963846	-0.0033520334	0	0.0037699111	0	-0.0840494	0.9963846	-0.0033520334	2.799529e-20	-1
0	-0.08861374	0.9959886	-0.0033643246	0	0.002513274	0	-0.08861374	0.9959886	-0.0033643246	2.8495228e-20	-1
0	-0.09108728	0.9957653	-0.0033707854	0	0.0018849556	0	-0.09108728	0.9957653	-0.0033707854	2.8745118e-20	-1
0	-0.09370391	0.99552214	-0.0033774702	0	0.001256637	0	-0.09370391	0.99552214	-0.0033774702	2.8994952e-20	-1
0	-0.09370391	0.99552214	-0.0033774702	0	0.0010053096	0	-0.09370391	0.99552214	-0.0033774702	2.9094873e-20	-1
0	-0.09641128	0.99526334	-0.0033842695	0	0.0006283185	0	-0.09641128	0.99526334	-0.0033842695	2.9244722e-20	-1
0	-0.098213375	0.99508697	-0.003388647	0	0.0002513274	0	-0.098213375	0.99508697	-0.003388647	2.9394548e-20	-1
0	-0.098213375	0.99508697	-0.003388647	0	0.0001256637	0	-0.098213375	0.99508697	-0.003388647	2.9444486e-20	-1
0	-0.098213375	0.99508697	-0.003388647	0	6.283185e-05	0	-0.098213375	0.99508697	-0.003388647	2.9469453e-20	-1
0	-0.098213375	0.99508697	-0.003388647	0	2.5132742e-05	0	-0.098213375	0.99508697	-0.003388647	2.9484436e-20	-1
0	-0.098213375	0.99508697	-0.003388647	0	1.2566371e-05	0	-0.098213375	0.99508697	-0.003388647	2.9489428e-20	-1
0	-0.098213375	0.99508697	-0.003388647	0	6.2831855e-06	0	-0.098213375	0.99508697	-0.003388647	2.9491926e-20	-1
0	-0.098213375	0.99508697	-0.003388647	0	2.513274e-06	0	-0.098213375	0.99508697	-0.003388647	2.9493425e-20	-1
0	-0.098213375	0.99508697	-0.003388647	0	1.256637e-06	0	-0.098213375	0.99508697	-0.003388647	2.9493923e-20	-1
0	-0.098213375	0.99508697	-0.003388647	0	6.283185e-07	0	-0.098213375	0.99508697	-0.003388647	2.9494175e-20	-1
0	-0.098213375	0.99508697	-0.003388647	0	2.513274e-07	0	-0.098213375	0.99508697	-0.003388647	2.9494324e-20	-1
0	-0.098213375	0.99508697	-0.003388647	0	1.256637e-07	0	-0.098213375	0.99508697	-0.003388647	2.9494375e-20	-1
0	-0.098213375	0.99508697	-0.003388647	0	0	0	-0.098213375	0.99508697	-0.003388647	2.9494424e-20	-1
0	-0.098213375	0.99508697	-0.003388647	0	-1.256637e-07	0	-0.098213375	0.99508697	-0.003388647	2.9494472e-20	-1
0	-0.098213375	0.99508697	-0.003388647	0	-2.513274e-07	0	-0.098213375	0.99508697	-0.003388647	2.9494524e-20	-1
0	-0.098213375	0.99508697	-0.003388647	0	-6.283185e-07	0	-0.098213375	0.99508697	-0.003388647	2.9494672e-20	-1
0	-0.098213375	0.99508697	-0.003388647	0	-1.256637e-06	0	-0.098213375	0.99508697	-0.003388647	2.9494925e-20	-1
0	-0.098213375	0.99508697	-0.003388647	0	-2.513274e-06	0	-0.098213375	0.99508697	-0.003388647	2.9495422e-20	-1
0	-0.098213375	0.99508697	-0.003388647	0	-6.2831855e-06	0	-0.098213375	0.99508697	-0.003388647	2.949692e-20	-1
0	-0.098213375	0.99508697	-0.003388647	0	-1.2566371e-05	0	-0.098213375	0.99508697	-0.003388647	2.9499416e-20	-1
0	-0.098213375	0.99508697	-0.003388647	0	-2.5132742e-05	0	-0.098213375	0.99508697	-0.003388647	2.950441e-20	-1
0	-0.09971951	0.99493706	-0.0033923085	0	-6.283185e-05	0	-0.09971951	0.99493706	-0.0033923085	2.9519388e-20	-1
0	-0.09971951	0.99493706	-0.0033923085	0	-0.0001256637	0	-0.09971951	0.99493706	-0.0033923085	2.9544352e-20	-1
0	-0.09971951	0.99493706	-0.0033923085	0	-0.0002513274	0	-0.09971951	0.99493706	-0.0033923085	2.9594283e-20	-1
0	-0.10254598	0.9946494	-0.0033990282	0	-0.0006283185	0	-0.10254598	0.9946494	-0.0033990282	2.974404e-20	-1
0	-0.10453163	0.99444246	-0.0034036567	0	-0.0010053096	0	-0.10453163	0.99444246	-0.0034036567	2.9893777e-20	-1
0	-0.10453163	0.99444246	-0.0034036567	0	-0.001256637	0	-0.10453163	0.99444246	-0.0034036567	2.999359e-20	-1
0	-0.10943633	0.99391425	-0.003414784	0	-0.0018849556	0	-0.10943633	0.99391425	-0.003414784	3.024303e-20	-1
0	-0.113248385	0.99348664	-0.0034231453	0	-0.002513274	0	-0.113248385	0.99348664	-0.0034231453	3.0492375e-20	-1
0	-0.12176536	0.9924779	-0.0034409189	0	-0.0037699111	0	-0.12176536	0.9924779	-0.0034409189	3.099071e-20	-1
0	-0.14363864	0.98954636	-0.0034811962	0	-0.0062831854	0	-0.14363864	0.98954636	-0.0034811962	3.1985514e-20	-1
0	-0.18891507	0.98190284	-0.0035416856	0	-0.009424778	0	-0.18891507	0.98190284	-0.0035416856	3.3222982e-20	-1
0	-0.9047893	-0.42556345	0.0010885752	0	-0.012566371	0	-0.9047893	-0.42556345	0.0010885752	2.6171623e-20	-1
0	0.051789463	-0.99858415	0.0032464396	0	-0.018849555	0	0.051789463	-0.99858415	0.0032464396	2.1986674e-20	-1
0	0.04461938	-0.99893105	0.0032156936	0	-0.025132742	0	0.04461938	-0.99893105	0.0032156936	1.9480507e-20	-1
0	0.034904666	-0.99931884	0.0031653102	0	-0.03769911	0	0.034904666	-0.99931884	0.0031653102	1.4466276e-20	-1
0	0.028637733	-0.9995191	0.0031237719	0	-0.050265484	0	0.028637733	-0.9995191	0.0031237719	9.450632e-21	-1
0	0.024274029	-0.9996356	0.0030874913	0	-0.06283186	0	0.024274029	-0.9996356	0.0030874913	4.4342237e-21	-1
0	0.024274029	-0.9996356	0.0030874913	0	-0.06283186	0	0.024274029	-0.9996356	0.0030874913	4.4342237e-21	1
0	0.028632268	-0.99951935	0.003123761	0	-0.050265484	0	0.028632268	-0.99951935	0.003123761	9.450632e-21	1
0	0.034893397	-0.99931926	0.0031652825	0	-0.03769911	0	0.034893397	-0.99931926	0.0031652825	1.4466276e-20	1
0	0.04461485	-0.9989313	0.0032156818	0	-0.025132742	0	0.04461485	-0.9989313	0.0032156818	1.9480507e-20	1
0	0.051799104	-0.99858373	0.003246463	0	-0.018849555	0	0.051799104	-0.99858373	0.003246463	2.1986672e-20	1
0	0.061695818	-0.9980202	0.0032833181	0	-0.012566371	0	0.061695818	-0.9980202	0.0032833181	2.4491724e-20	1
0	0.06818757	-0.9975971	0.003304995	0	-0.009424778	0	0.06818757	-0.9975971	0.003304995	2.574362e-20	1
0	0.07618107	-0.9970178	0.0033296184	0	-0.0062831854	0	0.07618107	-0.9970178	0.0033296184	2.6994883e-20	1
0	0.08404085	-0.99638534	0.0033520143	0	-0.0037699111	0	0.08404085	-0.99638534	0.0033520143	2.7995285e-20	1
0	0.088605784	-0.9959893	0.0033643078	0	-0.002513274	0	0.088605784	-0.9959893	0.0033643078	2.8495228e-20	1
0	0.09108956	-0.99576503	0.003370788	0	-0.0018849556	0	0.09108956	-0.99576503	0.003370788	2.8745118e-20	1
0	0.09369744	-0.99552274	0.0033774604	0	-0.001256637	0	0.09369744	-0.99552274	0.0033774604	2.8994952e-20	1
0	0.09369744	-0.99552274	0.0033774604	0	-0.0010053096	0	0.09369744	-0.99552274	0.0033774604	2.9094873e-20	1
0	0.09648066	-0.99525666	0.0033844085	0	-0.0006283185	0	0.09648066	-0.99525666	0.0033844085	2.9244722e-20	1
0	0.09822638	-0.99508566	0.0033886908	0	-0.0002513274	0	0.09822638	-0.99508566	0.0033886908	2.939455e-20	1
0	0.09822638	-0.99508566	0.0033886908	0	-0.0001256637	0	0.09822638	-0.99508566	0.0033886908	2.944449e-20	1
0	0.09822638	-0.99508566	0.0033886908	0	-6.283185e-05	0	0.09822638	-0.99508566	0.0033886908	2.9469456e-20	1
0	0.09822638	-0.99508566	0.0033886908	0	-2.5132742e-05	0	0.09822638	-0.99508566	0.0033886908	2.948444e-20	1
0	0.09822638	-0.99508566	0.0033886908	0	-1.2566371e-05	0	0.09822638	-0.99508566	0.0033886908	2.948943e-20	1
0	0.09822638	-0.99508566	0.0033886908	0	-6.2831855e-06	0	0.09822638	-0.99508566	0.0033886908	2.949193e-20	1
0	0.09822638	-0.99508566	0.0033886908	0	-2.513274e-06	0	0.09822638	-0.99508566	0.0033886908	2.949343e-20	1
0	0.09822638	-0.99508566	0.0033886908	0	-1.256637e-06	0	0.09822638	-0.99508566	0.0033886908	2.9493926e-20	1
0	0.09822638	-0.99508566	0.0033886908	0	-6.283185e-07	0	0.09822638	-0.99508566	0.0033886908	2.9494178e-20	1
0	0.09822638	-0.99508566	0.0033886908	0	-2.513274e-07	0	0.09822638	-0.99508566	0.0033886908	2.9494327e-20	1
0	0.09822638	-0.99508566	0.0033886908	0	-1.256637e-07	0	0.09822638	-0.99508566	0.0033886908	2.949438e-20	1
0	0.09822638	-0.99508566	0.0033886908	0	0	0	0.09822638	-0.99508566	0.0033886908	2.9494427e-20	1
0	0.09822638	-0.99508566	0.0033886908	0	1.256637e-07	0	0.09822638	-0.99508566	0.0033886908	2.9494475e-20	1
0	0.09822638	-0.99508566	0.0033886908	0	2.513274e-07	0	0.09822638	-0.99508566	0.0033886908	2.9494527e-20	1
0	0.09822638	-0.99508566	0.0033886908	0	6.283185e-07	0	0.09822638	-0.99508566	0.0033886908	2.9494676e-20	1
0	0.09822638	-0.99508566	0.0033886908	0	1.256637e-06	0	0.09822638	-0.99508566	0.0033886908	2.9494928e-20	1
0	0.09822638	-0.99508566	0.0033886908	0	2.513274e-06	0	0.09822638	-0.99508566	0.0033886908	2.9495425e-20	1
0	0.09822638	-0.99508566	0.0033886908	0	6.2831855e-06	0	0.09822638	-0.99508566	0.0033886908	2.9496925e-20	1
0	0.09822638	-0.99508566	0.0033886908	0	1.2566371e-05	0	0.09822638	-0.99508566	0.0033886908	2.9499422e-20	1
0	0.09822638	-0.99508566	0.0033886908	0	2.5132742e-05	0	0.09822638	-0.99508566	0.0033886908	2.9504414e-20	1
0	0.09822638	-0.99508566	0.0033886908	0	6.283185e-05	0	0.09822638	-0.99508566	0.0033886908	2.9519397e-20	1
0	0.10002959	-0.9949058	0.003393047	0	0.0001256637	0	0.10002959	-0.9949058	0.003393047	2.9544345e-20	1
0	0.10002959	-0.9949058	0.003393047	0	0.0002513274	0	0.10002959	-0.9949058	0.003393047	2.9594277e-20	1
0	0.10250358	-0.9946538	0.0033989474	0	0.0006283185	0	0.10250358	-0.9946538	0.0033989474	2.9744045e-20	1
0	0.10451974	-0.9944437	0.0034036357	0	0.0010053096	0	0.10451974	-0.9944437	0.0034036357	2.9893774e-20	1
0	0.10451974	-0.9944437	0.0034036357	0	0.001256637	0	0.10451974	-0.9944437	0.0034036357	2.999359e-20	1
0	0.1094601	-0.99391156	0.0034148376	0	0.0018849556	0	0.1094601	-0.99391156	0.0034148376	3.024303e-20	1
0	0.11325027	-0.9934864	0.0034231516	0	0.002513274	0	0.11325027	-0.9934864	0.0034231516	3.0492372e-20	1
0	0.12176584	-0.99247783	0.003440919	0	0.0037699111	0	0.12176584	-0.99247783	0.003440919	3.099071e-20	1
0	0.14365062	-0.98954463	0.003481214	0	0.0062831854	0	0.14365062	-0.98954463	0.003481214	3.1985517e-20	1
0	0.18893781	-0.9818984	0.0035417064	0	0.009424778	0	0.18893781	-0.9818984	0.0035417064	3.3222982e-20	1
0	0.90479076	0.42556047	-0.0010885799	0	0.012566371	0	0.90479076	0.42556047	-0.0010885799	2.6171623e-20	1
0	-0.051794663	0.9985839	-0.0032464527	0	0.018849555	0	-0.051794663	0.9985839	-0.0032464527	2.1986674e-20	1
0	-0.04462561	0.99893075	-0.0032157088	0	0.025132742	0	-0.04462561	0.99893075	-0.0032157088	1.9480506e-20	1
0	-0.034898892	0.9993191	-0.0031653035	0	0.03769911	0	-0.034898892	0.9993191	-0.0031653035	1.4466273e-20	1
0	-0.028638422	0.9995191	-0.003123777	0	0.050265484	0	-0.028638422	0.9995191	-0.003123777	9.450634e-21	1
0	-0.024272863	0.99963564	-0.0030874757	0	0.06283186	0	-0.024272863	0.99963564	-0.0030874757	4.434225e-21	1
