# t (s)	mx ()	my ()	mz ()	B_extx (T)	B_exty (T)	B_extz (T)	mx ()	my ()	mz ()	E_total (J)	branch ()
0	-0.024682913	0.99962974	-0.0010765077	0	0.06283186	0	-0.024682913	0.99962974	-0.0010765077	4.567639e-21	-1
0	-0.029177226	0.9995078	-0.0010881906	0	0.050265484	0	-0.029177226	0.9995078	-0.0010881906	9.584004e-21	-1
0	-0.035650574	0.9992969	-0.0011012799	0	0.03769911	0	-0.035650574	0.9992969	-0.0011012799	1.4599565e-20	-1
0	-0.04575891	0.99888396	-0.0011166106	0	0.025132742	0	-0.04575891	0.99888396	-0.0011166106	1.961363e-20	-1
0	-0.05329387	0.9985096	-0.0011257082	0	0.018849555	0	-0.05329387	0.9985096	-0.0011257082	2.211965e-20	-1
0	-0.06371009	0.9978982	-0.0011362846	0	0.012566371	0	-0.06371009	0.9978982	-0.0011362846	2.4624466e-20	-1
0	-0.07056375	0.9974365	-0.0011423415	0	0.009424778	0	-0.07056375	0.9974365	-0.0011423415	2.5876177e-20	-1
0	-0.07904422	0.9967996	-0.0011490681	0	0.0062831854	0	-0.07904422	0.9967996	-0.0011490681	2.712721e-20	-1
0	-0.08742137	0.9960991	-0.0011550447	0	0.0037699111	0	-0.08742137	0.9960991	-0.0011550447	2.8127366e-20	-1
0	-0.092331946	0.99565554	-0.0011582747	0	0.002513274	0	-0.092331946	0.99565554	-0.0011582747	2.862715e-20	-1
0	-0.09497139	0.995407	-0.001159942	0	0.0018849556	0	-0.09497139	0.995407	-0.001159942	2.8876953e-20	-1
0	-0.09776834	0.9951359	-0.0011616526	0	0.001256637	0	-0.09776834	0.9951359	-0.0011616526	2.9126693e-20	-1
0	-0.09776834	0.9951359	-0.0011616526	0	0.0010053096	0	-0.09776834	0.9951359	-0.0011616526	2.9226575e-20	-1
0	-0.10073769	0.9948395	-0.0011634058	0	0.0006283185	0	-0.10073769	0.9948395	-0.0011634058	2.9376363e-20	-1
0	-0.102615975	0.99464726	-0.0011644901	0	0.0002513274	0	-0.102615975	0.99464726	-0.0011644901	2.952612e-20	-1
0	-0.102615975	0.99464726	-0.0011644901	0	0.0001256637	0	-0.102615975	0.99464726	-0.0011644901	2.9576037e-20	-1
0	-0.102615975	0.99464726	-0.0011644901	0	6.283185e-05	0	-0.102615975	0.99464726	-0.0011644901	2.9600994e-20	-1
0	-0.102615975	0.99464726	-0.0011644901	0	2.5132742e-05	0	-0.102615975	0.99464726	-0.0011644901	2.961597e-20	-1
0	-0.102615975	0.99464726	-0.0011644901	0	1.2566371e-05	0	-0.102615975	0.99464726	-0.0011644901	2.9620963e-20	-1
0	-0.102615975	0.99464726	-0.0011644901	0	6.2831855e-06	0	-0.102615975	0.99464726	-0.0011644901	2.9623457e-20	-1
0	-0.102615975	0.99464726	-0.0011644901	0	2.513274e-06	0	-0.102615975	0.99464726	-0.0011644901	2.9624957e-20	-1
0	-0.102615975	0.99464726	-0.0011644901	0	1.256637e-06	0	-0.102615975	0.99464726	-0.0011644901	2.9625454e-20	-1
0	-0.102615975	0.99464726	-0.0011644901	0	6.283185e-07	0	-0.102615975	0.99464726	-0.0011644901	2.9625703e-20	-1
0	-0.102615975	0.99464726	-0.0011644901	0	2.513274e-07	0	-0.102615975	0.99464726	-0.0011644901	2.9625855e-20	-1
0	-0.102615975	0.99464726	-0.0011644901	0	1.256637e-07	0	-0.102615975	0.99464726	-0.0011644901	2.9625903e-20	-1
0	-0.102615975	0.99464726	-0.0011644901	0	0	0	-0.102615975	0.99464726	-0.0011644901	2.9625955e-20	-1
0	-0.102615975	0.99464726	-0.0011644901	0	-1.256637e-07	0	-0.102615975	0.99464726	-0.0011644901	2.9626004e-20	-1
0	-0.102615975	0.99464726	-0.0011644901	0	-2.513274e-07	0	-0.102615975	0.99464726	-0.0011644901	2.9626052e-20	-1
0	-0.102615975	0.99464726	-0.0011644901	0	-6.283185e-07	0	-0.102615975	0.99464726	-0.0011644901	2.9626204e-20	-1
0	-0.102615975	0.99464726	-0.0011644901	0	-1.256637e-06	0	-0.102615975	0.99464726	-0.0011644901	2.9626453e-20	-1
0	-0.102615975	0.99464726	-0.0011644901	0	-2.513274e-06	0	-0.102615975	0.99464726	-0.0011644901	2.9626954e-20	-1
0	-0.102615975	0.99464726	-0.0011644901	0	-6.2831855e-06	0	-0.102615975	0.99464726	-0.0011644901	2.962845e-20	-1
0	-0.102615975	0.99464726	-0.0011644901	0	-1.2566371e-05	0	-0.102615975	0.99464726	-0.0011644901	2.9630944e-20	-1
0	-0.102615975	0.99464726	-0.0011644901	0	-2.5132742e-05	0	-0.102615975	0.99464726	-0.0011644901	2.9635936e-20	-1
0	-0.10423215	0.9944791	-0.0011654042	0	-6.283185e-05	0	-0.10423215	0.9944791	-0.0011654042	2.9650906e-20	-1
0	-0.10423215	0.9944791	-0.0011654042	0	-0.0001256637	0	-0.10423215	0.9944791	-0.0011654042	2.967586e-20	-1
0	-0.10423215	0.9944791	-0.0011654042	0	-0.0002513274	0	-0.10423215	0.9944791	-0.0011654042	2.972577e-20	-1
0	-0.107267946	0.994156	-0.0011670641	0	-0.0006283185	0	-0.107267946	0.994156	-0.0011670641	2.9875457e-20	-1
0	-0.109398976	0.99392354	-0.0011682087	0	-0.0010053096	0	-0.109398976	0.99392354	-0.0011682087	3.0025115e-20	-1
0	-0.109398976	0.99392354	-0.0011682087	0	-0.001256637	0	-0.109398976	0.99392354	-0.0011682087	3.0124874e-20	-1
0	-0.11470792	0.9933243	-0.0011709225	0	-0.0018849556	0	-0.11470792	0.9933243	-0.0011709225	3.0374172e-20	-1
0	-0.11883816	0.9928382	-0.0011729205	0	-0.002513274	0	-0.11883816	0.9928382	-0.0011729205	3.0623357e-20	-1
0	-0.12807532	0.99168795	-0.0011770485	0	-0.0037699111	0	-0.12807532	0.99168795	-0.0011770485	3.1121336e-20	-1
0	-0.1520381	0.9882952	-0.0011856838	0	-0.0062831854	0	-0.1520381	0.9882952	-0.0011856838	3.2115145e-20	-1
0	-0.2033371	0.97902155	-0.0011948287	0	-0.009424778	0	-0.2033371	0.97902155	-0.0011948287	3.3350268e-20	-1
0	-0.905316	-0.42444426	0.00024208691	0	-0.012566371	0	-0.905316	-0.42444426	0.00024208691	2.6099101e-20	-1
0	0.053288415	-0.9985099	0.0011257073	0	-0.018849555	0	0.053288415	-0.9985099	0.0011257073	2.2119646e-20	-1
0	0.045771472	-0.99888337	0.0011166187	0	-0.025132742	0	0.045771472	-0.99888337	0.0011166187	1.9613632e-20	-1
0	0.035656307	-0.99929667	0.001101257	0	-0.03769911	0	0.035656307	-0.99929667	0.001101257	1.4599567e-20	-1
0	0.029178813	-0.99950767	0.0010881927	0	-0.050265484	0	0.029178813	-0.99950767	0.0010881927	9.584003e-21	-1
0	0.024685908	-0.9996296	0.001076509	0	-0.06283186	0	0.024685908	-0.9996296	0.001076509	4.567637e-21	-1
0	0.024685908	-0.9996296	0.001076509	0	-0.06283186	0	0.024685908	-0.9996296	0.001076509	4.567637e-21	1
0	0.029175974	-0.9995078	0.0010881824	0	-0.050265484	0	0.029175974	-0.9995078	0.0010881824	9.5840046e-21	1
0	0.035652168	-0.9992968	0.0011012563	0	-0.03769911	0	0.035652168	-0.9992968	0.0011012563	1.4599565e-20	1
0	0.045764834	-0.9988836	0.0011166187	0	-0.025132742	0	0.045764834	-0.9988836	0.0011166187	1.9613633e-20	1
0	0.053276822	-0.9985105	0.0011256982	0	-0.018849555	0	0.053276822	-0.9985105	0.0011256982	2.2119648e-20	1
0	0.06371276	-0.9978981	0.0011362853	0	-0.012566371	0	0.06371276	-0.9978981	0.0011362853	2.4624464e-20	1
0	0.070565276	-0.9974364	0.001142354	0	-0.009424778	0	0.070565276	-0.9974364	0.001142354	2.5876179e-20	1
0	0.07904711	-0.99679935	0.0011490698	0	-0.0062831854	0	0.07904711	-0.99679935	0.0011490698	2.7127214e-20	1
0	0.087435484	-0.9960979	0.0011550516	0	-0.0037699111	0	0.087435484	-0.9960979	0.0011550516	2.812737e-20	1
0	0.0922993	-0.99565864	0.00115826	0	-0.002513274	0	0.0922993	-0.99565864	0.00115826	2.862715e-20	1
0	0.094965324	-0.9954076	0.0011599457	0	-0.0018849556	0	0.094965324	-0.9954076	0.0011599457	2.8876953e-20	1
0	0.09778465	-0.99513435	0.0011616598	0	-0.001256637	0	0.09778465	-0.99513435	0.0011616598	2.9126693e-20	1
0	0.09778465	-0.99513435	0.0011616598	0	-0.0010053096	0	0.09778465	-0.99513435	0.0011616598	2.9226575e-20	1
0	0.10072063	-0.9948412	0.001163403	0	-0.0006283185	0	0.10072063	-0.9948412	0.001163403	2.9376363e-20	1
0	0.102590084	-0.99465	0.0011644795	0	-0.0002513274	0	0.102590084	-0.99465	0.0011644795	2.9526125e-20	1
0	0.102590084	-0.99465	0.0011644795	0	-0.0001256637	0	0.102590084	-0.99465	0.0011644795	2.957604e-20	1
0	0.102590084	-0.99465	0.0011644795	0	-6.283185e-05	0	0.102590084	-0.99465	0.0011644795	2.9600997e-20	1
0	0.102590084	-0.99465	0.0011644795	0	-2.5132742e-05	0	0.102590084	-0.99465	0.0011644795	2.9615974e-20	1
0	0.102590084	-0.99465	0.0011644795	0	-1.2566371e-05	0	0.102590084	-0.99465	0.0011644795	2.9620966e-20	1
0	0.102590084	-0.99465	0.0011644795	0	-6.2831855e-06	0	0.102590084	-0.99465	0.0011644795	2.962346e-20	1
0	0.102590084	-0.99465	0.0011644795	0	-2.513274e-06	0	0.102590084	-0.99465	0.0011644795	2.962496e-20	1
0	0.102590084	-0.99465	0.0011644795	0	-1.256637e-06	0	0.102590084	-0.99465	0.0011644795	2.9625457e-20	1
0	0.102590084	-0.99465	0.0011644795	0	-6.283185e-07	0	0.102590084	-0.99465	0.0011644795	2.9625706e-20	1
0	0.102590084	-0.99465	0.0011644795	0	-2.513274e-07	0	0.102590084	-0.99465	0.0011644795	2.9625858e-20	1
0	0.102590084	-0.99465	0.0011644795	0	-1.256637e-07	0	0.102590084	-0.99465	0.0011644795	2.9625907e-20	1
0	0.102590084	-0.99465	0.0011644795	0	0	0	0.102590084	-0.99465	0.0011644795	2.9625958e-20	1
0	0.102590084	-0.99465	0.0011644795	0	1.256637e-07	0	0.102590084	-0.99465	0.0011644795	2.9626007e-20	1
0	0.102590084	-0.99465	0.0011644795	0	2.513274e-07	0	0.102590084	-0.99465	0.0011644795	2.9626055e-20	1
0	0.102590084	-0.99465	0.0011644795	0	6.283185e-07	0	0.102590084	-0.99465	0.0011644795	2.9626207e-20	1
0	0.102590084	-0.99465	0.0011644795	0	1.256637e-06	0	0.102590084	-0.99465	0.0011644795	2.9626456e-20	1
0	0.102590084	-0.99465	0.0011644795	0	2.513274e-06	0	0.102590084	-0.99465	0.0011644795	2.9626957e-20	1
0	0.102590084	-0.99465	0.0011644795	0	6.2831855e-06	0	0.102590084	-0.99465	0.0011644795	2.9628453e-20	1
0	0.102590084	-0.99465	0.0011644795	0	1.2566371e-05	0	0.102590084	-0.99465	0.0011644795	2.9630947e-20	1
0	0.102590084	-0.99465	0.0011644795	0	2.5132742e-05	0	0.102590084	-0.99465	0.0011644795	2.963594e-20	1
0	0.10423522	-0.99447876	0.0011654054	0	6.283185e-05	0	0.10423522	-0.99447876	0.0011654054	2.9650903e-20	1
0	0.10423522	-0.99447876	0.0011654054	0	0.0001256637	0	0.10423522	-0.99447876	0.0011654054	2.9675857e-20	1
0	0.10423522	-0.99447876	0.0011654054	0	0.0002513274	0	0.10423522	-0.99447876	0.0011654054	2.9725766e-20	1
0	0.107243225	-0.9941586	0.0011670609	0	0.0006283185	0	0.107243225	-0.9941586	0.0011670609	2.9875457e-20	1
0	0.10939188	-0.99392426	0.001168205	0	0.0010053096	0	0.10939188	-0.99392426	0.001168205	3.0025112e-20	1
0	0.1108633	-0.99376106	0.0011689404	0	0.001256637	0	0.1108633	-0.99376106	0.0011689404	3.0124865e-20	1
0	0.11470629	-0.99332446	0.001170916	0	0.0018849556	0	0.11470629	-0.99332446	0.001170916	3.037417e-20	1
0	0.11884695	-0.9928372	0.0011729235	0	0.002513274	0	0.11884695	-0.9928372	0.0011729235	3.062336e-20	1
0	0.1280736	-0.9916882	0.0011770439	0	0.0037699111	0	0.1280736	-0.9916882	0.0011770439	3.1121336e-20	1
0	0.15203564	-0.98829556	0.0011856828	0	0.0062831854	0	0.15203564	-0.98829556	0.0011856828	3.2115145e-20	1
0	0.20333575	-0.9790218	0.0011948277	0	0.009424778	0	0.20333575	-0.9790218	0.0011948277	3.335026e-20	1
0	-0.95078385	0.3095231	0.00010299706	0	0.012566371	0	-0.95078385	0.3095231	0.00010299706	2.6980577e-20	1
0	-0.05328152	0.99851024	-0.0011257008	0	0.018849555	0	-0.05328152	0.99851024	-0.0011257008	2.211965e-20	1
0	-0.045770973	0.99888337	-0.0011166185	0	0.025132742	0	-0.045770973	0.99888337	-0.0011166185	1.9613632e-20	1
0	-0.03565485	0.9992968	-0.0011012583	0	0.03769911	0	-0.03565485	0.9992968	-0.0011012583	1.4599565e-20	1
0	-0.029178835	0.9995077	-0.0010881932	0	0.050265484	0	-0.029178835	0.9995077	-0.0010881932	9.5840094e-21	1
0	-0.02468387	0.9996297	-0.0010765076	0	0.06283186	0	-0.02468387	0.9996297	-0.0010765076	4.567636e-21	1
