# t (s)	mx ()	my ()	mz ()	B_extx (T)	B_exty (T)	B_extz (T)	mx ()	my ()	mz ()	E_total (J)	branch ()
0	0.1546182	0.9878871	-0.00500987	0	0.06283186	0	0.1546182	0.9878871	-0.00500987	3.557753e-21	-1
0	0.18155232	0.9832889	-0.0051798793	0	0.050265484	0	0.18155232	0.9832889	-0.0051798793	8.504769e-21	-1
0	0.21718484	0.9760307	-0.005385819	0	0.03769911	0	0.21718484	0.9760307	-0.005385819	1.34226275e-20	-1
0	0.26516533	0.964092	-0.0056305462	0	0.025132742	0	0.26516533	0.964092	-0.0056305462	1.8293466e-20	-1
0	0.2954055	0.95525324	-0.0057643987	0	0.018849555	0	0.2954055	0.95525324	-0.0057643987	2.070204e-20	-1
0	0.33115548	0.9434477	-0.0058998754	0	0.012566371	0	0.33115548	0.9434477	-0.0058998754	2.3084932e-20	-1
0	0.35155967	0.9360311	-0.005965027	0	0.009424778	0	0.35155967	0.9360311	-0.005965027	2.4264075e-20	-1
0	0.37401605	0.92728114	-0.006025551	0	0.0062831854	0	0.37401605	0.92728114	-0.006025551	2.5433106e-20	-1
0	0.39375097	0.91907	-0.006068347	0	0.0037699111	0	0.39375097	0.91907	-0.006068347	2.63598e-20	-1
0	0.40426394	0.91449195	-0.006086954	0	0.002513274	0	0.40426394	0.91449195	-0.006086954	2.6819903e-20	-1
0	0.4097355	0.91205215	-0.0060954234	0	0.0018849556	0	0.4097355	0.91205215	-0.0060954234	2.7049071e-20	-1
0	0.4153072	0.9095273	-0.0061031953	0	0.001256637	0	0.4153072	0.9095273	-0.0061031953	2.7277615e-20	-1
0	0.4153072	0.9095273	-0.0061031953	0	0.0010053096	0	0.4153072	0.9095273	-0.0061031953	2.7368906e-20	-1
0	0.4210317	0.90689015	-0.0061102486	0	0.0006283185	0	0.4210317	0.90689015	-0.0061102486	2.7505507e-20	-1
0	0.42455286	0.90524626	-0.0061141085	0	0.0002513274	0	0.42455286	0.90524626	-0.0061141085	2.764192e-20	-1
0	0.42455286	0.90524626	-0.0061141085	0	0.0001256637	0	0.42455286	0.90524626	-0.0061141085	2.7687347e-20	-1
0	0.42455286	0.90524626	-0.0061141085	0	6.283185e-05	0	0.42455286	0.90524626	-0.0061141085	2.7710063e-20	-1
0	0.42455286	0.90524626	-0.0061141085	0	2.5132742e-05	0	0.42455286	0.90524626	-0.0061141085	2.7723692e-20	-1
0	0.42455286	0.90524626	-0.0061141085	0	1.2566371e-05	0	0.42455286	0.90524626	-0.0061141085	2.7728235e-20	-1
0	0.42455286	0.90524626	-0.0061141085	0	6.2831855e-06	0	0.42455286	0.90524626	-0.0061141085	2.7730506e-20	-1
0	0.42455286	0.90524626	-0.0061141085	0	2.513274e-06	0	0.42455286	0.90524626	-0.0061141085	2.773187e-20	-1
0	0.42455286	0.90524626	-0.0061141085	0	1.256637e-06	0	0.42455286	0.90524626	-0.0061141085	2.7732325e-20	-1
0	0.42455286	0.90524626	-0.0061141085	0	6.283185e-07	0	0.42455286	0.90524626	-0.0061141085	2.773255e-20	-1
0	0.42455286	0.90524626	-0.0061141085	0	2.513274e-07	0	0.42455286	0.90524626	-0.0061141085	2.7732687e-20	-1
0	0.42455286	0.90524626	-0.0061141085	0	1.256637e-07	0	0.42455286	0.90524626	-0.0061141085	2.7732733e-20	-1
0	0.42455286	0.90524626	-0.0061141085	0	0	0	0.42455286	0.90524626	-0.0061141085	2.7732778e-20	-1
0	0.42455286	0.90524626	-0.0061141085	0	-1.256637e-07	0	0.42455286	0.90524626	-0.0061141085	2.7732823e-20	-1
0	0.42455286	0.90524626	-0.0061141085	0	-2.513274e-07	0	0.42455286	0.90524626	-0.0061141085	2.7732868e-20	-1
0	0.42455286	0.90524626	-0.0061141085	0	-6.283185e-07	0	0.42455286	0.90524626	-0.0061141085	2.7733007e-20	-1
0	0.42455286	0.90524626	-0.0061141085	0	-1.256637e-06	0	0.42455286	0.90524626	-0.0061141085	2.7733233e-20	-1
0	0.42455286	0.90524626	-0.0061141085	0	-2.513274e-06	0	0.42455286	0.90524626	-0.0061141085	2.7733686e-20	-1
0	0.42455286	0.90524626	-0.0061141085	0	-6.2831855e-06	0	0.42455286	0.90524626	-0.0061141085	2.773505e-20	-1
0	0.42455286	0.90524626	-0.0061141085	0	-1.2566371e-05	0	0.42455286	0.90524626	-0.0061141085	2.773732e-20	-1
0	0.42455286	0.90524626	-0.0061141085	0	-2.5132742e-05	0	0.42455286	0.90524626	-0.0061141085	2.7741864e-20	-1
0	0.42455286	0.90524626	-0.0061141085	0	-6.283185e-05	0	0.42455286	0.90524626	-0.0061141085	2.7755493e-20	-1
0	0.42812085	0.90356344	-0.0061176484	0	-0.0001256637	0	0.42812085	0.90356344	-0.0061176484	2.7778085e-20	-1
0	0.42812085	0.90356344	-0.0061176484	0	-0.0002513274	0	0.42812085	0.90356344	-0.0061176484	2.7823428e-20	-1
0	0.43297678	0.9012455	-0.0061218515	0	-0.0006283185	0	0.43297678	0.9012455	-0.0061218515	2.7959235e-20	-1
0	0.43667632	0.8994578	-0.0061245803	0	-0.0010053096	0	0.43667632	0.8994578	-0.0061245803	2.8094786e-20	-1
0	0.43667632	0.8994578	-0.0061245803	0	-0.001256637	0	0.43667632	0.8994578	-0.0061245803	2.8185065e-20	-1
0	0.44558644	0.8950751	-0.0061294045	0	-0.0018849556	0	0.44558644	0.8950751	-0.0061294045	2.8409996e-20	-1
0	0.45220143	0.89174986	-0.0061313678	0	-0.002513274	0	0.45220143	0.89174986	-0.0061313678	2.8634182e-20	-1
0	0.46603668	0.88459486	-0.006130893	0	-0.0037699111	0	0.46603668	0.88459486	-0.006130893	2.907994e-20	-1
0	0.4970013	0.86756885	-0.0061060637	0	-0.0062831854	0	0.4970013	0.86756885	-0.0061060637	2.995961e-20	-1
0	0.54537225	0.8379965	-0.005995102	0	-0.009424778	0	0.54537225	0.8379965	-0.005995102	3.1030837e-20	-1
0	0.62389064	0.78128755	-0.0055962293	0	-0.012566371	0	0.62389064	0.78128755	-0.0055962293	3.2052347e-20	-1
0	-0.2954169	-0.9552498	0.005764441	0	-0.018849555	0	-0.2954169	-0.9552498	0.005764441	2.0702045e-20	-1
0	-0.26515186	-0.9640957	0.0056304904	0	-0.025132742	0	-0.26515186	-0.9640957	0.0056304904	1.8293464e-20	-1
0	-0.21719076	-0.9760294	0.005385833	0	-0.03769911	0	-0.21719076	-0.9760294	0.005385833	1.3422629e-20	-1
0	-0.18156119	-0.98328733	0.0051799193	0	-0.050265484	0	-0.18156119	-0.98328733	0.0051799193	8.504766e-21	-1
0	-0.15462221	-0.9878864	0.0050098943	0	-0.06283186	0	-0.15462221	-0.9878864	0.0050098943	3.557753e-21	-1
0	-0.15462221	-0.9878864	0.0050098943	0	-0.06283186	0	-0.15462221	-0.9878864	0.0050098943	3.557753e-21	1
0	-0.18155569	-0.9832883	0.0051798904	0	-0.050265484	0	-0.18155569	-0.9832883	0.0051798904	8.504766e-21	1
0	-0.21718371	-0.97603095	0.005385802	0	-0.03769911	0	-0.21718371	-0.97603095	0.005385802	1.3422628e-20	1
0	-0.2651575	-0.96409416	0.0056305127	0	-0.025132742	0	-0.2651575	-0.96409416	0.0056305127	1.8293463e-20	1
0	-0.29540977	-0.95525193	0.0057644155	0	-0.018849555	0	-0.29540977	-0.95525193	0.0057644155	2.0702043e-20	1
0	-0.33115995	-0.94344616	0.0058998885	0	-0.012566371	0	-0.33115995	-0.94344616	0.0058998885	2.308493e-20	1
0	-0.35157335	-0.936026	0.0059650615	0	-0.009424778	0	-0.35157335	-0.936026	0.0059650615	2.4264075e-20	1
0	-0.37401357	-0.9272822	0.006025546	0	-0.0062831854	0	-0.37401357	-0.9272822	0.006025546	2.543311e-20	1
0	-0.39372712	-0.9190802	0.006068311	0	-0.0037699111	0	-0.39372712	-0.9190802	0.006068311	2.6359803e-20	1
0	-0.40425953	-0.9144939	0.0060869474	0	-0.002513274	0	-0.40425953	-0.9144939	0.0060869474	2.6819905e-20	1
0	-0.40971518	-0.91206133	0.006095401	0	-0.0018849556	0	-0.40971518	-0.91206133	0.006095401	2.7049071e-20	1
0	-0.41530663	-0.90952754	0.006103195	0	-0.001256637	0	-0.41530663	-0.90952754	0.006103195	2.7277615e-20	1
0	-0.41530663	-0.90952754	0.006103195	0	-0.0010053096	0	-0.41530663	-0.90952754	0.006103195	2.7368906e-20	1
0	-0.4210465	-0.90688324	0.0061102603	0	-0.0006283185	0	-0.4210465	-0.90688324	0.0061102603	2.7505507e-20	1
0	-0.42454946	-0.9052478	0.0061141057	0	-0.0002513274	0	-0.42454946	-0.9052478	0.0061141057	2.7641917e-20	1
0	-0.42454946	-0.9052478	0.0061141057	0	-0.0001256637	0	-0.42454946	-0.9052478	0.0061141057	2.7687347e-20	1
0	-0.42454946	-0.9052478	0.0061141057	0	-6.283185e-05	0	-0.42454946	-0.9052478	0.0061141057	2.7710063e-20	1
0	-0.42454946	-0.9052478	0.0061141057	0	-2.5132742e-05	0	-0.42454946	-0.9052478	0.0061141057	2.7723692e-20	1
0	-0.42454946	-0.9052478	0.0061141057	0	-1.2566371e-05	0	-0.42454946	-0.9052478	0.0061141057	2.7728235e-20	1
0	-0.42454946	-0.9052478	0.0061141057	0	-6.2831855e-06	0	-0.42454946	-0.9052478	0.0061141057	2.7730506e-20	1
0	-0.42454946	-0.9052478	0.0061141057	0	-2.513274e-06	0	-0.42454946	-0.9052478	0.0061141057	2.773187e-20	1
0	-0.42454946	-0.9052478	0.0061141057	0	-1.256637e-06	0	-0.42454946	-0.9052478	0.0061141057	2.7732325e-20	1
0	-0.42454946	-0.9052478	0.0061141057	0	-6.283185e-07	0	-0.42454946	-0.9052478	0.0061141057	2.773255e-20	1
0	-0.42454946	-0.9052478	0.0061141057	0	-2.513274e-07	0	-0.42454946	-0.9052478	0.0061141057	2.7732687e-20	1
0	-0.42454946	-0.9052478	0.0061141057	0	-1.256637e-07	0	-0.42454946	-0.9052478	0.0061141057	2.7732733e-20	1
0	-0.42454946	-0.9052478	0.0061141057	0	0	0	-0.42454946	-0.9052478	0.0061141057	2.7732778e-20	1
0	-0.42454946	-0.9052478	0.0061141057	0	1.256637e-07	0	-0.42454946	-0.9052478	0.0061141057	2.7732823e-20	1
0	-0.42454946	-0.9052478	0.0061141057	0	2.513274e-07	0	-0.42454946	-0.9052478	0.0061141057	2.7732868e-20	1
0	-0.42454946	-0.9052478	0.0061141057	0	6.283185e-07	0	-0.42454946	-0.9052478	0.0061141057	2.7733007e-20	1
0	-0.42454946	-0.9052478	0.0061141057	0	1.256637e-06	0	-0.42454946	-0.9052478	0.0061141057	2.7733233e-20	1
0	-0.42454946	-0.9052478	0.0061141057	0	2.513274e-06	0	-0.42454946	-0.9052478	0.0061141057	2.7733686e-20	1
0	-0.42454946	-0.9052478	0.0061141057	0	6.2831855e-06	0	-0.42454946	-0.9052478	0.0061141057	2.773505e-20	1
0	-0.42454946	-0.9052478	0.0061141057	0	1.2566371e-05	0	-0.42454946	-0.9052478	0.0061141057	2.773732e-20	1
0	-0.42454946	-0.9052478	0.0061141057	0	2.5132742e-05	0	-0.42454946	-0.9052478	0.0061141057	2.7741864e-20	1
0	-0.42454946	-0.9052478	0.0061141057	0	6.283185e-05	0	-0.42454946	-0.9052478	0.0061141057	2.7755493e-20	1
0	-0.4281233	-0.9035622	0.00611765	0	0.0001256637	0	-0.4281233	-0.9035622	0.00611765	2.7778082e-20	1
0	-0.4281233	-0.9035622	0.00611765	0	0.0002513274	0	-0.4281233	-0.9035622	0.00611765	2.7823428e-20	1
0	-0.43297553	-0.901246	0.006121851	0	0.0006283185	0	-0.43297553	-0.901246	0.006121851	2.7959235e-20	1
0	-0.43667626	-0.8994578	0.0061245793	0	0.0010053096	0	-0.43667626	-0.8994578	0.0061245793	2.8094786e-20	1
0	-0.43667626	-0.8994578	0.0061245793	0	0.001256637	0	-0.43667626	-0.8994578	0.0061245793	2.8185065e-20	1
0	-0.4455831	-0.8950768	0.0061294073	0	0.0018849556	0	-0.4455831	-0.8950768	0.0061294073	2.8409996e-20	1
0	-0.45218292	-0.8917593	0.0061313706	0	0.002513274	0	-0.45218292	-0.8917593	0.0061313706	2.8634185e-20	1
0	-0.46604955	-0.884588	0.0061308853	0	0.0037699111	0	-0.46604955	-0.884588	0.0061308853	2.9079938e-20	1
0	-0.49702862	-0.8675531	0.00610602	0	0.0062831854	0	-0.49702862	-0.8675531	0.00610602	2.995961e-20	1
0	-0.54538894	-0.83798563	0.0059950426	0	0.009424778	0	-0.54538894	-0.83798563	0.0059950426	3.1030837e-20	1
0	-0.6238893	-0.7812886	0.005596239	0	0.012566371	0	-0.6238893	-0.7812886	0.005596239	3.205235e-20	1
0	0.29541916	0.9552491	-0.005764452	0	0.018849555	0	0.29541916	0.9552491	-0.005764452	2.0702038e-20	1
0	0.26516446	0.96409225	-0.005630543	0	0.025132742	0	0.26516446	0.96409225	-0.005630543	1.8293463e-20	1
0	0.21719015	0.9760295	-0.0053858194	0	0.03769911	0	0.21719015	0.9760295	-0.0053858194	1.34226275e-20	1
0	0.18155877	0.9832877	-0.0051799044	0	0.050265484	0	0.18155877	0.9832877	-0.0051799044	8.504764e-21	1
0	0.15462083	0.98788667	-0.005009884	0	0.06283186	0	0.15462083	0.98788667	-0.005009884	3.557754e-21	1
