# t (s)	mx ()	my ()	mz ()	B_extx (T)	B_exty (T)	B_extz (T)	mx ()	my ()	mz ()	E_total (J)	branch ()
0	-0.049033806	0.99872386	-0.0038329158	0	0.06283186	0	-0.049033806	0.99872386	-0.0038329158	4.4812203e-21	-1
0	-0.058102272	0.9982361	-0.0038733985	0	0.050265484	0	-0.058102272	0.9982361	-0.0038733985	9.4921964e-21	-1
0	-0.07112415	0.99739134	-0.003916912	0	0.03769911	0	-0.07112415	0.99739134	-0.003916912	1.4499943e-20	-1
0	-0.09122926	0.9957515	-0.0039636334	0	0.025132742	0	-0.09122926	0.9957515	-0.0039636334	1.9501733e-20	-1
0	-0.10589799	0.9942969	-0.0039874814	0	0.018849555	0	-0.10589799	0.9942969	-0.0039874814	2.1998631e-20	-1
0	-0.12575503	0.9919789	-0.0040099113	0	0.012566371	0	-0.12575503	0.9919789	-0.0040099113	2.4490905e-20	-1
0	-0.138513	0.9902766	-0.0040194276	0	0.009424778	0	-0.138513	0.9902766	-0.0040194276	2.5734452e-20	-1
0	-0.15392153	0.98799694	-0.004026486	0	0.0062831854	0	-0.15392153	0.98799694	-0.004026486	2.6975518e-20	-1
0	-0.16876623	0.9855678	-0.004029123	0	0.0037699111	0	-0.16876623	0.9855678	-0.004029123	2.7966004e-20	-1
0	-0.17724046	0.98407793	-0.00402885	0	0.002513274	0	-0.17724046	0.98407793	-0.00402885	2.8460248e-20	-1
0	-0.18179277	0.98324656	-0.0040282155	0	0.0018849556	0	-0.18179277	0.98324656	-0.0040282155	2.8707074e-20	-1
0	-0.1865888	0.982347	-0.00402717	0	0.001256637	0	-0.1865888	0.982347	-0.00402717	2.8953683e-20	-1
0	-0.1865888	0.982347	-0.00402717	0	0.0010053096	0	-0.1865888	0.982347	-0.00402717	2.9052283e-20	-1
0	-0.19162032	0.98137724	-0.004025675	0	0.0006283185	0	-0.19162032	0.98137724	-0.004025675	2.9200057e-20	-1
0	-0.1947605	0.9807584	-0.0040245363	0	0.0002513274	0	-0.1947605	0.9807584	-0.0040245363	2.934776e-20	-1
0	-0.1947605	0.9807584	-0.0040245363	0	0.0001256637	0	-0.1947605	0.9807584	-0.0040245363	2.939698e-20	-1
0	-0.1947605	0.9807584	-0.0040245363	0	6.283185e-05	0	-0.1947605	0.9807584	-0.0040245363	2.942159e-20	-1
0	-0.1947605	0.9807584	-0.0040245363	0	2.5132742e-05	0	-0.1947605	0.9807584	-0.0040245363	2.9436356e-20	-1
0	-0.1947605	0.9807584	-0.0040245363	0	1.2566371e-05	0	-0.1947605	0.9807584	-0.0040245363	2.944128e-20	-1
0	-0.1947605	0.9807584	-0.0040245363	0	6.2831855e-06	0	-0.1947605	0.9807584	-0.0040245363	2.944374e-20	-1
0	-0.1947605	0.9807584	-0.0040245363	0	2.513274e-06	0	-0.1947605	0.9807584	-0.0040245363	2.9445216e-20	-1
0	-0.1947605	0.9807584	-0.0040245363	0	1.256637e-06	0	-0.1947605	0.9807584	-0.0040245363	2.9445707e-20	-1
0	-0.1947605	0.9807584	-0.0040245363	0	6.283185e-07	0	-0.1947605	0.9807584	-0.0040245363	2.9445956e-20	-1
0	-0.1947605	0.9807584	-0.0040245363	0	2.513274e-07	0	-0.1947605	0.9807584	-0.0040245363	2.94461e-20	-1
0	-0.1947605	0.9807584	-0.0040245363	0	1.256637e-07	0	-0.1947605	0.9807584	-0.0040245363	2.9446153e-20	-1
0	-0.1947605	0.9807584	-0.0040245363	0	0	0	-0.1947605	0.9807584	-0.0040245363	2.9446202e-20	-1
0	-0.1947605	0.9807584	-0.0040245363	0	-1.256637e-07	0	-0.1947605	0.9807584	-0.0040245363	2.944625e-20	-1
0	-0.1947605	0.9807584	-0.0040245363	0	-2.513274e-07	0	-0.1947605	0.9807584	-0.0040245363	2.94463e-20	-1
0	-0.1947605	0.9807584	-0.0040245363	0	-6.283185e-07	0	-0.1947605	0.9807584	-0.0040245363	2.9446447e-20	-1
0	-0.1947605	0.9807584	-0.0040245363	0	-1.256637e-06	0	-0.1947605	0.9807584	-0.0040245363	2.9446693e-20	-1
0	-0.1947605	0.9807584	-0.0040245363	0	-2.513274e-06	0	-0.1947605	0.9807584	-0.0040245363	2.9447184e-20	-1
0	-0.1947605	0.9807584	-0.0040245363	0	-6.2831855e-06	0	-0.1947605	0.9807584	-0.0040245363	2.944866e-20	-1
0	-0.1947605	0.9807584	-0.0040245363	0	-1.2566371e-05	0	-0.1947605	0.9807584	-0.0040245363	2.9451123e-20	-1
0	-0.1947605	0.9807584	-0.0040245363	0	-2.5132742e-05	0	-0.1947605	0.9807584	-0.0040245363	2.9456044e-20	-1
0	-0.19747469	0.98021513	-0.004023418	0	-6.283185e-05	0	-0.19747469	0.98021513	-0.004023418	2.9470778e-20	-1
0	-0.19747469	0.98021513	-0.004023418	0	-0.0001256637	0	-0.19747469	0.98021513	-0.004023418	2.9495374e-20	-1
0	-0.19747469	0.98021513	-0.004023418	0	-0.0002513274	0	-0.19747469	0.98021513	-0.004023418	2.9544568e-20	-1
0	-0.20253181	0.979182	-0.0040210295	0	-0.0006283185	0	-0.20253181	0.979182	-0.0040210295	2.9692026e-20	-1
0	-0.20607366	0.97844213	-0.0040191095	0	-0.0010053096	0	-0.20607366	0.97844213	-0.0040191095	2.983939e-20	-1
0	-0.20607366	0.97844213	-0.0040191095	0	-0.001256637	0	-0.20607366	0.97844213	-0.0040191095	2.9937595e-20	-1
0	-0.21480417	0.9765613	-0.0040135477	0	-0.0018849556	0	-0.21480417	0.9765613	-0.0040135477	3.0182793e-20	-1
0	-0.22150132	0.97506297	-0.004008499	0	-0.002513274	0	-0.22150132	0.97506297	-0.004008499	3.0427648e-20	-1
0	-0.23639405	0.9715574	-0.0039948076	0	-0.0037699111	0	-0.23639405	0.9715574	-0.0039948076	3.0916134e-20	-1
0	-0.27438664	0.96151173	-0.003945039	0	-0.0062831854	0	-0.27438664	0.96151173	-0.003945039	3.1886682e-20	-1
0	-0.36520112	0.93079865	-0.003743419	0	-0.009424778	0	-0.36520112	0.93079865	-0.003743419	3.3078177e-20	-1
0	-0.87575924	-0.4824658	-8.278506e-05	0	-0.012566371	0	-0.87575924	-0.4824658	-8.278506e-05	2.5675067e-20	-1
0	0.10590334	-0.9942963	0.0039875023	0	-0.018849555	0	0.10590334	-0.9942963	0.0039875023	2.1998634e-20	-1
0	0.09123619	-0.9957509	0.0039636046	0	-0.025132742	0	0.09123619	-0.9957509	0.0039636046	1.9501736e-20	-1
0	0.07112903	-0.997391	0.0039169155	0	-0.03769911	0	0.07112903	-0.997391	0.0039169155	1.4499945e-20	-1
0	0.05810695	-0.9982358	0.0038733822	0	-0.050265484	0	0.05810695	-0.9982358	0.0038733822	9.4922e-21	-1
0	0.049036246	-0.99872375	0.0038329186	0	-0.06283186	0	0.049036246	-0.99872375	0.0038329186	4.481216e-21	-1
0	0.049036246	-0.99872375	0.0038329186	0	-0.06283186	0	0.049036246	-0.99872375	0.0038329186	4.481216e-21	1
0	0.058103837	-0.99823606	0.0038733813	0	-0.050265484	0	0.058103837	-0.99823606	0.0038733813	9.492201e-21	1
0	0.071124874	-0.99739134	0.003916912	0	-0.03769911	0	0.071124874	-0.99739134	0.003916912	1.4499943e-20	1
0	0.09122689	-0.99575174	0.0039636334	0	-0.025132742	0	0.09122689	-0.99575174	0.0039636334	1.9501735e-20	1
0	0.10590437	-0.99429625	0.0039874846	0	-0.018849555	0	0.10590437	-0.99429625	0.0039874846	2.1998634e-20	1
0	0.1257582	-0.9919785	0.004009911	0	-0.012566371	0	0.1257582	-0.9919785	0.004009911	2.4490908e-20	1
0	0.13851239	-0.99027663	0.0040194076	0	-0.009424778	0	0.13851239	-0.99027663	0.0040194076	2.5734452e-20	1
0	0.15393768	-0.98799443	0.0040264837	0	-0.0062831854	0	0.15393768	-0.98799443	0.0040264837	2.697552e-20	1
0	0.16875803	-0.98556924	0.004029096	0	-0.0037699111	0	0.16875803	-0.98556924	0.004029096	2.7966004e-20	1
0	0.17724773	-0.9840767	0.004028844	0	-0.002513274	0	0.17724773	-0.9840767	0.004028844	2.8460248e-20	1
0	0.1817978	-0.9832456	0.0040282127	0	-0.0018849556	0	0.1817978	-0.9832456	0.0040282127	2.870707e-20	1
0	0.18658528	-0.9823477	0.00402717	0	-0.001256637	0	0.18658528	-0.9823477	0.00402717	2.8953683e-20	1
0	0.18658528	-0.9823477	0.00402717	0	-0.0010053096	0	0.18658528	-0.9823477	0.00402717	2.905228e-20	1
0	0.19161627	-0.9813781	0.00402568	0	-0.0006283185	0	0.19161627	-0.9813781	0.00402568	2.9200057e-20	1
0	0.19477016	-0.9807565	0.004024527	0	-0.0002513274	0	0.19477016	-0.9807565	0.004024527	2.9347764e-20	1
0	0.19477016	-0.9807565	0.004024527	0	-0.0001256637	0	0.19477016	-0.9807565	0.004024527	2.939698e-20	1
0	0.19477016	-0.9807565	0.004024527	0	-6.283185e-05	0	0.19477016	-0.9807565	0.004024527	2.9421593e-20	1
0	0.19477016	-0.9807565	0.004024527	0	-2.5132742e-05	0	0.19477016	-0.9807565	0.004024527	2.9436356e-20	1
0	0.19477016	-0.9807565	0.004024527	0	-1.2566371e-05	0	0.19477016	-0.9807565	0.004024527	2.944128e-20	1
0	0.19477016	-0.9807565	0.004024527	0	-6.2831855e-06	0	0.19477016	-0.9807565	0.004024527	2.944374e-20	1
0	0.19477016	-0.9807565	0.004024527	0	-2.513274e-06	0	0.19477016	-0.9807565	0.004024527	2.9445216e-20	1
0	0.19477016	-0.9807565	0.004024527	0	-1.256637e-06	0	0.19477016	-0.9807565	0.004024527	2.944571e-20	1
0	0.19477016	-0.9807565	0.004024527	0	-6.283185e-07	0	0.19477016	-0.9807565	0.004024527	2.9445956e-20	1
0	0.19477016	-0.9807565	0.004024527	0	-2.513274e-07	0	0.19477016	-0.9807565	0.004024527	2.9446105e-20	1
0	0.19477016	-0.9807565	0.004024527	0	-1.256637e-07	0	0.19477016	-0.9807565	0.004024527	2.9446153e-20	1
0	0.19477016	-0.9807565	0.004024527	0	0	0	0.19477016	-0.9807565	0.004024527	2.9446202e-20	1
0	0.19477016	-0.9807565	0.004024527	0	1.256637e-07	0	0.19477016	-0.9807565	0.004024527	2.944625e-20	1
0	0.19477016	-0.9807565	0.004024527	0	2.513274e-07	0	0.19477016	-0.9807565	0.004024527	2.94463e-20	1
0	0.19477016	-0.9807565	0.004024527	0	6.283185e-07	0	0.19477016	-0.9807565	0.004024527	2.9446447e-20	1
0	0.19477016	-0.9807565	0.004024527	0	1.256637e-06	0	0.19477016	-0.9807565	0.004024527	2.9446693e-20	1
0	0.19477016	-0.9807565	0.004024527	0	2.513274e-06	0	0.19477016	-0.9807565	0.004024527	2.9447187e-20	1
0	0.19477016	-0.9807565	0.004024527	0	6.2831855e-06	0	0.19477016	-0.9807565	0.004024527	2.9448664e-20	1
0	0.19477016	-0.9807565	0.004024527	0	1.2566371e-05	0	0.19477016	-0.9807565	0.004024527	2.9451123e-20	1
0	0.19714485	-0.9802816	0.0040235613	0	2.5132742e-05	0	0.19714485	-0.9802816	0.0040235613	2.9456018e-20	1
0	0.19714485	-0.9802816	0.0040235613	0	6.283185e-05	0	0.19714485	-0.9802816	0.0040235613	2.9470775e-20	1
0	0.19714485	-0.9802816	0.0040235613	0	0.0001256637	0	0.19714485	-0.9802816	0.0040235613	2.9495374e-20	1
0	0.19714485	-0.9802816	0.0040235613	0	0.0002513274	0	0.19714485	-0.9802816	0.0040235613	2.9544568e-20	1
0	0.20253253	-0.9791819	0.004021029	0	0.0006283185	0	0.20253253	-0.9791819	0.004021029	2.9692026e-20	1
0	0.20606092	-0.9784448	0.0040191207	0	0.0010053096	0	0.20606092	-0.9784448	0.0040191207	2.983939e-20	1
0	0.20606092	-0.9784448	0.0040191207	0	0.001256637	0	0.20606092	-0.9784448	0.0040191207	2.9937595e-20	1
0	0.21478736	-0.9765649	0.0040135686	0	0.0018849556	0	0.21478736	-0.9765649	0.0040135686	3.0182793e-20	1
0	0.22152828	-0.9750568	0.00400847	0	0.002513274	0	0.22152828	-0.9750568	0.00400847	3.0427648e-20	1
0	0.23637849	-0.9715612	0.003994828	0	0.0037699111	0	0.23637849	-0.9715612	0.003994828	3.0916134e-20	1
0	0.2743779	-0.96151423	0.0039450536	0	0.0062831854	0	0.2743779	-0.96151423	0.0039450536	3.1886682e-20	1
0	0.365335	-0.9307461	0.003743032	0	0.009424778	0	0.365335	-0.9307461	0.003743032	3.3078177e-20	1
0	0.87576413	0.48245698	8.2801496e-05	0	0.012566371	0	0.87576413	0.48245698	8.2801496e-05	2.5675069e-20	1
0	-0.10590303	0.99429643	-0.0039874855	0	0.018849555	0	-0.10590303	0.99429643	-0.0039874855	2.1998636e-20	1
0	-0.09123568	0.9957509	-0.003963639	0	0.025132742	0	-0.09123568	0.9957509	-0.003963639	1.9501736e-20	1
0	-0.071128085	0.9973911	-0.0039169155	0	0.03769911	0	-0.071128085	0.9973911	-0.0039169155	1.4499943e-20	1
0	-0.058105946	0.9982359	-0.0038733808	0	0.050265484	0	-0.058105946	0.9982359	-0.0038733808	9.4922e-21	1
0	-0.049035713	0.9987238	-0.0038329165	0	0.06283186	0	-0.049035713	0.9987238	-0.0038329165	4.4812183e-21	1
