# t (s)	mx ()	my ()	mz ()	B_extx (T)	B_exty (T)	B_extz (T)	mx ()	my ()	mz ()	E_total (J)	branch ()
0	0.075645894	0.997064	-0.0030814297	0	0.06283186	0	0.075645894	0.997064	-0.0030814297	2.5355459e-21	-1
0	0.08639392	0.99618876	-0.0031250808	0	0.050265484	0	0.08639392	0.99618876	-0.0031250808	7.537263e-21	-1
0	0.10055522	0.9948572	-0.0031726859	0	0.03769911	0	0.10055522	0.9948572	-0.0031726859	1.253355e-20	-1
0	0.119995356	0.9926975	-0.003223923	0	0.025132742	0	0.119995356	0.9926975	-0.003223923	1.7521291e-20	-1
0	0.1326797	0.9910802	-0.0032501263	0	0.018849555	0	0.1326797	0.9910802	-0.0032501263	2.0010292e-20	-1
0	0.14820841	0.9888752	-0.0032754452	0	0.012566371	0	0.14820841	0.9888752	-0.0032754452	2.2494545e-20	-1
0	0.15735579	0.98745966	-0.0032871254	0	0.009424778	0	0.15735579	0.98745966	-0.0032871254	2.373435e-20	-1
0	0.1676327	0.9857656	-0.0032975422	0	0.0062831854	0	0.1676327	0.9857656	-0.0032975422	2.4972211e-20	-1
0	0.17684382	0.9841535	-0.0033045171	0	0.0037699111	0	0.17684382	0.9841535	-0.0033045171	2.5960837e-20	-1
0	0.18182352	0.9832449	-0.0033074066	0	0.002513274	0	0.18182352	0.9832449	-0.0033074066	2.6454509e-20	-1
0	0.18442357	0.9827602	-0.003308616	0	0.0018849556	0	0.18442357	0.9827602	-0.003308616	2.6701172e-20	-1
0	0.18708754	0.9822562	-0.0033097123	0	0.001256637	0	0.18708754	0.9822562	-0.0033097123	2.6947709e-20	-1
0	0.18708754	0.9822562	-0.0033097123	0	0.0010053096	0	0.18708754	0.9822562	-0.0033097123	2.7046299e-20	-1
0	0.18982768	0.98172987	-0.003310653	0	0.0006283185	0	0.18982768	0.98172987	-0.003310653	2.7194115e-20	-1
0	0.19151	0.98140275	-0.0033111374	0	0.0002513274	0	0.19151	0.98140275	-0.0033111374	2.7341896e-20	-1
0	0.19151	0.98140275	-0.0033111374	0	0.0001256637	0	0.19151	0.98140275	-0.0033111374	2.7391146e-20	-1
0	0.19151	0.98140275	-0.0033111374	0	6.283185e-05	0	0.19151	0.98140275	-0.0033111374	2.7415774e-20	-1
0	0.19151	0.98140275	-0.0033111374	0	2.5132742e-05	0	0.19151	0.98140275	-0.0033111374	2.7430547e-20	-1
0	0.19151	0.98140275	-0.0033111374	0	1.2566371e-05	0	0.19151	0.98140275	-0.0033111374	2.7435474e-20	-1
0	0.19151	0.98140275	-0.0033111374	0	6.2831855e-06	0	0.19151	0.98140275	-0.0033111374	2.7437936e-20	-1
0	0.19151	0.98140275	-0.0033111374	0	2.513274e-06	0	0.19151	0.98140275	-0.0033111374	2.7439413e-20	-1
0	0.19151	0.98140275	-0.0033111374	0	1.256637e-06	0	0.19151	0.98140275	-0.0033111374	2.7439907e-20	-1
0	0.19151	0.98140275	-0.0033111374	0	6.283185e-07	0	0.19151	0.98140275	-0.0033111374	2.7440153e-20	-1
0	0.19151	0.98140275	-0.0033111374	0	2.513274e-07	0	0.19151	0.98140275	-0.0033111374	2.7440298e-20	-1
0	0.19151	0.98140275	-0.0033111374	0	1.256637e-07	0	0.19151	0.98140275	-0.0033111374	2.744035e-20	-1
0	0.19151	0.98140275	-0.0033111374	0	0	0	0.19151	0.98140275	-0.0033111374	2.74404e-20	-1
0	0.19151	0.98140275	-0.0033111374	0	-1.256637e-07	0	0.19151	0.98140275	-0.0033111374	2.7440447e-20	-1
0	0.19151	0.98140275	-0.0033111374	0	-2.513274e-07	0	0.19151	0.98140275	-0.0033111374	2.7440495e-20	-1
0	0.19151	0.98140275	-0.0033111374	0	-6.283185e-07	0	0.19151	0.98140275	-0.0033111374	2.7440644e-20	-1
0	0.19151	0.98140275	-0.0033111374	0	-1.256637e-06	0	0.19151	0.98140275	-0.0033111374	2.744089e-20	-1
0	0.19151	0.98140275	-0.0033111374	0	-2.513274e-06	0	0.19151	0.98140275	-0.0033111374	2.7441384e-20	-1
0	0.19151	0.98140275	-0.0033111374	0	-6.2831855e-06	0	0.19151	0.98140275	-0.0033111374	2.744286e-20	-1
0	0.19151	0.98140275	-0.0033111374	0	-1.2566371e-05	0	0.19151	0.98140275	-0.0033111374	2.7445323e-20	-1
0	0.19151	0.98140275	-0.0033111374	0	-2.5132742e-05	0	0.19151	0.98140275	-0.0033111374	2.7450247e-20	-1
0	0.19151	0.98140275	-0.0033111374	0	-6.283185e-05	0	0.19151	0.98140275	-0.0033111374	2.7465023e-20	-1
0	0.19322316	0.98106664	-0.0033115447	0	-0.0001256637	0	0.19322316	0.98106664	-0.0033115447	2.7489625e-20	-1
0	0.19322316	0.98106664	-0.0033115447	0	-0.0002513274	0	0.19322316	0.98106664	-0.0033115447	2.7538862e-20	-1
0	0.19555607	0.98060393	-0.0033120103	0	-0.0006283185	0	0.19555607	0.98060393	-0.0033120103	2.7686517e-20	-1
0	0.19734097	0.980246	-0.0033122664	0	-0.0010053096	0	0.19734097	0.980246	-0.0033122664	2.7834127e-20	-1
0	0.19734097	0.980246	-0.0033122664	0	-0.001256637	0	0.19734097	0.980246	-0.0033122664	2.7932513e-20	-1
0	0.2016491	0.9793682	-0.0033125514	0	-0.0018849556	0	0.2016491	0.9793682	-0.0033125514	2.817833e-20	-1
0	0.2048248	0.9787084	-0.003312463	0	-0.002513274	0	0.2048248	0.9787084	-0.003312463	2.8423997e-20	-1
0	0.21150082	0.97728634	-0.0033115065	0	-0.0037699111	0	0.21150082	0.97728634	-0.0033115065	2.8914812e-20	-1
0	0.22626208	0.97397226	-0.0033054787	0	-0.0062831854	0	0.22626208	0.97397226	-0.0033054787	2.9894104e-20	-1
0	0.24801537	0.9686576	-0.0032869696	0	-0.009424778	0	0.24801537	0.9686576	-0.0032869696	3.1112906e-20	-1
0	0.27489167	0.96137094	-0.003248321	0	-0.012566371	0	0.27489167	0.96137094	-0.003248321	3.232389e-20	-1
0	0.36108512	0.9324075	-0.0030063181	0	-0.018849555	0	0.36108512	0.9324075	-0.0030063181	3.4706327e-20	-1
0	-0.12000066	-0.9926969	0.0032239296	0	-0.025132742	0	-0.12000066	-0.9926969	0.0032239296	1.752129e-20	-1
0	-0.100555524	-0.9948572	0.0031726928	0	-0.03769911	0	-0.100555524	-0.9948572	0.0031726928	1.2533547e-20	-1
0	-0.086396545	-0.9961885	0.0031250976	0	-0.050265484	0	-0.086396545	-0.9961885	0.0031250976	7.537261e-21	-1
0	-0.07565495	-0.9970633	0.0030814484	0	-0.06283186	0	-0.07565495	-0.9970633	0.0030814484	2.5355443e-21	-1
0	-0.07565495	-0.9970633	0.0030814484	0	-0.06283186	0	-0.07565495	-0.9970633	0.0030814484	2.5355443e-21	1
0	-0.08639426	-0.99618864	0.0031250576	0	-0.050265484	0	-0.08639426	-0.99618864	0.0031250576	7.5372625e-21	1
0	-0.10055266	-0.99485743	0.0031726817	0	-0.03769911	0	-0.10055266	-0.99485743	0.0031726817	1.2533546e-20	1
0	-0.11999795	-0.9926972	0.0032239268	0	-0.025132742	0	-0.11999795	-0.9926972	0.0032239268	1.7521293e-20	1
0	-0.13267764	-0.99108046	0.0032501244	0	-0.018849555	0	-0.13267764	-0.99108046	0.0032501244	2.001029e-20	1
0	-0.14820209	-0.9888761	0.0032754408	0	-0.012566371	0	-0.14820209	-0.9888761	0.0032754408	2.249454e-20	1
0	-0.15735719	-0.9874594	0.003287125	0	-0.009424778	0	-0.15735719	-0.9874594	0.003287125	2.3734351e-20	1
0	-0.16763414	-0.98576534	0.0032975478	0	-0.0062831854	0	-0.16763414	-0.98576534	0.0032975478	2.4972213e-20	1
0	-0.17683972	-0.9841542	0.0033045188	0	-0.0037699111	0	-0.17683972	-0.9841542	0.0033045188	2.596084e-20	1
0	-0.18182176	-0.98324525	0.003307377	0	-0.002513274	0	-0.18182176	-0.98324525	0.003307377	2.6454512e-20	1
0	-0.18442357	-0.9827602	0.003308616	0	-0.0018849556	0	-0.18442357	-0.9827602	0.003308616	2.6701172e-20	1
0	-0.18709484	-0.98225474	0.00330971	0	-0.001256637	0	-0.18709484	-0.98225474	0.00330971	2.694771e-20	1
0	-0.18709484	-0.98225474	0.00330971	0	-0.0010053096	0	-0.18709484	-0.98225474	0.00330971	2.7046299e-20	1
0	-0.18983032	-0.98172927	0.003310652	0	-0.0006283185	0	-0.18983032	-0.98172927	0.003310652	2.7194115e-20	1
0	-0.19151309	-0.98140216	0.0033111377	0	-0.0002513274	0	-0.19151309	-0.98140216	0.0033111377	2.7341896e-20	1
0	-0.19151309	-0.98140216	0.0033111377	0	-0.0001256637	0	-0.19151309	-0.98140216	0.0033111377	2.739115e-20	1
0	-0.19151309	-0.98140216	0.0033111377	0	-6.283185e-05	0	-0.19151309	-0.98140216	0.0033111377	2.7415774e-20	1
0	-0.19151309	-0.98140216	0.0033111377	0	-2.5132742e-05	0	-0.19151309	-0.98140216	0.0033111377	2.743055e-20	1
0	-0.19151309	-0.98140216	0.0033111377	0	-1.2566371e-05	0	-0.19151309	-0.98140216	0.0033111377	2.7435474e-20	1
0	-0.19151309	-0.98140216	0.0033111377	0	-6.2831855e-06	0	-0.19151309	-0.98140216	0.0033111377	2.7437936e-20	1
0	-0.19151309	-0.98140216	0.0033111377	0	-2.513274e-06	0	-0.19151309	-0.98140216	0.0033111377	2.7439413e-20	1
0	-0.19151309	-0.98140216	0.0033111377	0	-1.256637e-06	0	-0.19151309	-0.98140216	0.0033111377	2.7439907e-20	1
0	-0.19151309	-0.98140216	0.0033111377	0	-6.283185e-07	0	-0.19151309	-0.98140216	0.0033111377	2.7440153e-20	1
0	-0.19151309	-0.98140216	0.0033111377	0	-2.513274e-07	0	-0.19151309	-0.98140216	0.0033111377	2.74403e-20	1
0	-0.19151309	-0.98140216	0.0033111377	0	-1.256637e-07	0	-0.19151309	-0.98140216	0.0033111377	2.744035e-20	1
0	-0.19151309	-0.98140216	0.0033111377	0	0	0	-0.19151309	-0.98140216	0.0033111377	2.74404e-20	1
0	-0.19151309	-0.98140216	0.0033111377	0	1.256637e-07	0	-0.19151309	-0.98140216	0.0033111377	2.744045e-20	1
0	-0.19151309	-0.98140216	0.0033111377	0	2.513274e-07	0	-0.19151309	-0.98140216	0.0033111377	2.74405e-20	1
0	-0.19151309	-0.98140216	0.0033111377	0	6.283185e-07	0	-0.19151309	-0.98140216	0.0033111377	2.7440647e-20	1
0	-0.19151309	-0.98140216	0.0033111377	0	1.256637e-06	0	-0.19151309	-0.98140216	0.0033111377	2.7440893e-20	1
0	-0.19151309	-0.98140216	0.0033111377	0	2.513274e-06	0	-0.19151309	-0.98140216	0.0033111377	2.7441384e-20	1
0	-0.19151309	-0.98140216	0.0033111377	0	6.2831855e-06	0	-0.19151309	-0.98140216	0.0033111377	2.744286e-20	1
0	-0.19151309	-0.98140216	0.0033111377	0	1.2566371e-05	0	-0.19151309	-0.98140216	0.0033111377	2.7445326e-20	1
0	-0.19151309	-0.98140216	0.0033111377	0	2.5132742e-05	0	-0.19151309	-0.98140216	0.0033111377	2.745025e-20	1
0	-0.19151309	-0.98140216	0.0033111377	0	6.283185e-05	0	-0.19151309	-0.98140216	0.0033111377	2.7465027e-20	1
0	-0.19322552	-0.9810662	0.0033115563	0	0.0001256637	0	-0.19322552	-0.9810662	0.0033115563	2.7489625e-20	1
0	-0.19322552	-0.9810662	0.0033115563	0	0.0002513274	0	-0.19322552	-0.9810662	0.0033115563	2.753886e-20	1
0	-0.19556132	-0.98060286	0.0033120085	0	0.0006283185	0	-0.19556132	-0.98060286	0.0033120085	2.7686517e-20	1
0	-0.19734523	-0.9802451	0.0033122646	0	0.0010053096	0	-0.19734523	-0.9802451	0.0033122646	2.7834127e-20	1
0	-0.1985609	-0.9799994	0.0033123898	0	0.001256637	0	-0.1985609	-0.9799994	0.0033123898	2.7932503e-20	1
0	-0.20164412	-0.97936916	0.0033125533	0	0.0018849556	0	-0.20164412	-0.97936916	0.0033125533	2.8178328e-20	1
0	-0.20482454	-0.9787085	0.0033124746	0	0.002513274	0	-0.20482454	-0.9787085	0.0033124746	2.8423994e-20	1
0	-0.2115002	-0.97728646	0.0033115016	0	0.0037699111	0	-0.2115002	-0.97728646	0.0033115016	2.891481e-20	1
0	-0.22626165	-0.9739723	0.0033054794	0	0.0062831854	0	-0.22626165	-0.9739723	0.0033054794	2.9894107e-20	1
0	-0.24801046	-0.9686588	0.003286976	0	0.009424778	0	-0.24801046	-0.9686588	0.003286976	3.1112906e-20	1
0	-0.27491474	-0.9613643	0.0032482743	0	0.012566371	0	-0.27491474	-0.9613643	0.0032482743	3.2323892e-20	1
0	-0.36108702	-0.9324068	0.0030063102	0	0.018849555	0	-0.36108702	-0.9324068	0.0030063102	3.4706327e-20	1
0	0.11999394	0.99269766	-0.0032239212	0	0.025132742	0	0.11999394	0.99269766	-0.0032239212	1.752129e-20	1
0	0.100557774	0.99485683	-0.0031726912	0	0.03769911	0	0.100557774	0.99485683	-0.0031726912	1.25335465e-20	1
0	0.08639915	0.9961883	-0.0031250902	0	0.050265484	0	0.08639915	0.9961883	-0.0031250902	7.537261e-21	1
0	0.07565666	0.99706316	-0.003081452	0	0.06283186	0	0.07565666	0.99706316	-0.003081452	2.5355434e-21	1
