# t (s)	mx ()	my ()	mz ()	B_extx (T)	B_exty (T)	B_extz (T)	mx ()	my ()	mz ()	E_total (J)	branch ()
0	-0.007668449	0.9999034	-0.0022200756	0	0.06283186	0	-0.007668449	0.9999034	-0.0022200756	4.506745e-21	-1
0	-0.009047389	0.99989104	-0.0022338263	0	0.050265484	0	-0.009047389	0.99989104	-0.0022338263	9.524736e-21	-1
0	-0.011034679	0.99987024	-0.0022458697	0	0.03769911	0	-0.011034679	0.99987024	-0.0022458697	1.4542648e-20	-1
0	-0.014131227	0.9998305	-0.0022545247	0	0.025132742	0	-0.014131227	0.9998305	-0.0022545247	1.9560416e-20	-1
0	-0.016443113	0.9997947	-0.0022564041	0	0.018849555	0	-0.016443113	0.9997947	-0.0022564041	2.2069201e-20	-1
0	-0.019655794	0.9997363	-0.002255309	0	0.012566371	0	-0.019655794	0.9997363	-0.002255309	2.4577874e-20	-1
0	-0.021773301	0.9996922	-0.0022530418	0	0.009424778	0	-0.021773301	0.9996922	-0.0022530418	2.5832143e-20	-1
0	-0.024413941	0.9996309	-0.0022489897	0	0.0062831854	0	-0.024413941	0.9996309	-0.0022489897	2.7086344e-20	-1
0	-0.027032774	0.99956334	-0.0022439933	0	0.0037699111	0	-0.027032774	0.99956334	-0.0022439933	2.8089645e-20	-1
0	-0.028554104	0.9995209	-0.002240771	0	0.002513274	0	-0.028554104	0.9995209	-0.002240771	2.8591265e-20	-1
0	-0.029389445	0.99949664	-0.002238885	0	0.0018849556	0	-0.029389445	0.99949664	-0.002238885	2.884207e-20	-1
0	-0.030277066	0.9994701	-0.002236835	0	0.001256637	0	-0.030277066	0.9994701	-0.002236835	2.9092866e-20	-1
0	-0.030277066	0.9994701	-0.002236835	0	0.0010053096	0	-0.030277066	0.9994701	-0.002236835	2.919318e-20	-1
0	-0.03121167	0.99944127	-0.0022346065	0	0.0006283185	0	-0.03121167	0.99944127	-0.0022346065	2.9343654e-20	-1
0	-0.0318039	0.99942255	-0.0022331593	0	0.0002513274	0	-0.0318039	0.99942255	-0.0022331593	2.9494123e-20	-1
0	-0.0318039	0.99942255	-0.0022331593	0	0.0001256637	0	-0.0318039	0.99942255	-0.0022331593	2.9544277e-20	-1
0	-0.0318039	0.99942255	-0.0022331593	0	6.283185e-05	0	-0.0318039	0.99942255	-0.0022331593	2.9569358e-20	-1
0	-0.0318039	0.99942255	-0.0022331593	0	2.5132742e-05	0	-0.0318039	0.99942255	-0.0022331593	2.9584402e-20	-1
0	-0.0318039	0.99942255	-0.0022331593	0	1.2566371e-05	0	-0.0318039	0.99942255	-0.0022331593	2.958942e-20	-1
0	-0.0318039	0.99942255	-0.0022331593	0	6.2831855e-06	0	-0.0318039	0.99942255	-0.0022331593	2.9591928e-20	-1
0	-0.0318039	0.99942255	-0.0022331593	0	2.513274e-06	0	-0.0318039	0.99942255	-0.0022331593	2.959343e-20	-1
0	-0.0318039	0.99942255	-0.0022331593	0	1.256637e-06	0	-0.0318039	0.99942255	-0.0022331593	2.9593934e-20	-1
0	-0.0318039	0.99942255	-0.0022331593	0	6.283185e-07	0	-0.0318039	0.99942255	-0.0022331593	2.9594183e-20	-1
0	-0.0318039	0.99942255	-0.0022331593	0	2.513274e-07	0	-0.0318039	0.99942255	-0.0022331593	2.9594335e-20	-1
0	-0.0318039	0.99942255	-0.0022331593	0	1.256637e-07	0	-0.0318039	0.99942255	-0.0022331593	2.9594383e-20	-1
0	-0.0318039	0.99942255	-0.0022331593	0	0	0	-0.0318039	0.99942255	-0.0022331593	2.9594435e-20	-1
0	-0.0318039	0.99942255	-0.0022331593	0	-1.256637e-07	0	-0.0318039	0.99942255	-0.0022331593	2.9594483e-20	-1
0	-0.0318039	0.99942255	-0.0022331593	0	-2.513274e-07	0	-0.0318039	0.99942255	-0.0022331593	2.9594535e-20	-1
0	-0.0318039	0.99942255	-0.0022331593	0	-6.283185e-07	0	-0.0318039	0.99942255	-0.0022331593	2.9594684e-20	-1
0	-0.0318039	0.99942255	-0.0022331593	0	-1.256637e-06	0	-0.0318039	0.99942255	-0.0022331593	2.9594936e-20	-1
0	-0.0318039	0.99942255	-0.0022331593	0	-2.513274e-06	0	-0.0318039	0.99942255	-0.0022331593	2.9595437e-20	-1
0	-0.0318039	0.99942255	-0.0022331593	0	-6.2831855e-06	0	-0.0318039	0.99942255	-0.0022331593	2.9596942e-20	-1
0	-0.0318039	0.99942255	-0.0022331593	0	-1.2566371e-05	0	-0.0318039	0.99942255	-0.0022331593	2.959945e-20	-1
0	-0.0318039	0.99942255	-0.0022331593	0	-2.5132742e-05	0	-0.0318039	0.99942255	-0.0022331593	2.9604465e-20	-1
0	-0.0318039	0.99942255	-0.0022331593	0	-6.283185e-05	0	-0.0318039	0.99942255	-0.0022331593	2.9619512e-20	-1
0	-0.03240622	0.99940324	-0.0022316757	0	-0.0001256637	0	-0.03240622	0.99940324	-0.0022316757	2.964459e-20	-1
0	-0.03240622	0.99940324	-0.0022316757	0	-0.0002513274	0	-0.03240622	0.99940324	-0.0022316757	2.9694744e-20	-1
0	-0.0332712	0.99937475	-0.0022294796	0	-0.0006283185	0	-0.0332712	0.99937475	-0.0022294796	2.9845203e-20	-1
0	-0.03393201	0.99935246	-0.0022278018	0	-0.0010053096	0	-0.03393201	0.99935246	-0.0022278018	2.9995663e-20	-1
0	-0.03393201	0.99935246	-0.0022278018	0	-0.001256637	0	-0.03393201	0.99935246	-0.0022278018	3.0095968e-20	-1
0	-0.035612542	0.99929386	-0.0022233496	0	-0.0018849556	0	-0.035612542	0.99929386	-0.0022233496	3.034672e-20	-1
0	-0.036922824	0.99924624	-0.0022197845	0	-0.002513274	0	-0.036922824	0.99924624	-0.0022197845	3.0597466e-20	-1
0	-0.039819185	0.9991349	-0.0022116539	0	-0.0037699111	0	-0.039819185	0.9991349	-0.0022116539	3.109891e-20	-1
0	-0.047276996	0.99880946	-0.0021893303	0	-0.0062831854	0	-0.047276996	0.99880946	-0.0021893303	3.2101594e-20	-1
0	-0.0618076	0.9980149	-0.002142022	0	-0.009424778	0	-0.0618076	0.9980149	-0.002142022	3.3354288e-20	-1
0	-0.090252236	0.9958439	-0.0020409639	0	-0.012566371	0	-0.090252236	0.9958439	-0.0020409639	3.460533e-20	-1
0	0.016450567	-0.9997946	0.002256421	0	-0.018849555	0	0.016450567	-0.9997946	0.002256421	2.20692e-20	-1
0	0.0141368965	-0.99983037	0.0022545038	0	-0.025132742	0	0.0141368965	-0.99983037	0.0022545038	1.9560414e-20	-1
0	0.01103502	-0.9998703	0.002245869	0	-0.03769911	0	0.01103502	-0.9998703	0.002245869	1.454265e-20	-1
0	0.009049781	-0.99989104	0.00223382	0	-0.050265484	0	0.009049781	-0.99989104	0.00223382	9.5247376e-21	-1
0	0.0076698153	-0.9999033	0.0022200723	0	-0.06283186	0	0.0076698153	-0.9999033	0.0022200723	4.506747e-21	-1
0	0.0076698153	-0.9999033	0.0022200723	0	-0.06283186	0	0.0076698153	-0.9999033	0.0022200723	4.506747e-21	1
0	0.009048754	-0.99989104	0.002233824	0	-0.050265484	0	0.009048754	-0.99989104	0.002233824	9.5247376e-21	1
0	0.011034096	-0.9998703	0.0022458723	0	-0.03769911	0	0.011034096	-0.9998703	0.0022458723	1.454265e-20	1
0	0.014134077	-0.9998304	0.0022545345	0	-0.025132742	0	0.014134077	-0.9998304	0.0022545345	1.9560416e-20	1
0	0.0164495	-0.9997946	0.002256384	0	-0.018849555	0	0.0164495	-0.9997946	0.002256384	2.2069203e-20	1
0	0.019645015	-0.9997364	0.0022553587	0	-0.012566371	0	0.019645015	-0.9997364	0.0022553587	2.4577875e-20	1
0	0.021775987	-0.9996921	0.0022530179	0	-0.009424778	0	0.021775987	-0.9996921	0.0022530179	2.5832138e-20	1
0	0.024410209	-0.99963105	0.002249003	0	-0.0062831854	0	0.024410209	-0.99963105	0.002249003	2.7086346e-20	1
0	0.027019773	-0.99956363	0.0022440467	0	-0.0037699111	0	0.027019773	-0.99956363	0.0022440467	2.808964e-20	1
0	0.028567944	-0.9995205	0.0022407277	0	-0.002513274	0	0.028567944	-0.9995205	0.0022407277	2.8591262e-20	1
0	0.029385446	-0.99949676	0.002238903	0	-0.0018849556	0	0.029385446	-0.99949676	0.002238903	2.8842072e-20	1
0	0.030273393	-0.99947023	0.0022368468	0	-0.001256637	0	0.030273393	-0.99947023	0.0022368468	2.909286e-20	1
0	0.030273393	-0.99947023	0.0022368468	0	-0.0010053096	0	0.030273393	-0.99947023	0.0022368468	2.9193178e-20	1
0	0.031209685	-0.9994413	0.0022346163	0	-0.0006283185	0	0.031209685	-0.9994413	0.0022346163	2.934365e-20	1
0	0.031799916	-0.99942267	0.0022331742	0	-0.0002513274	0	0.031799916	-0.99942267	0.0022331742	2.949412e-20	1
0	0.031799916	-0.99942267	0.0022331742	0	-0.0001256637	0	0.031799916	-0.99942267	0.0022331742	2.9544277e-20	1
0	0.031799916	-0.99942267	0.0022331742	0	-6.283185e-05	0	0.031799916	-0.99942267	0.0022331742	2.9569355e-20	1
0	0.031799916	-0.99942267	0.0022331742	0	-2.5132742e-05	0	0.031799916	-0.99942267	0.0022331742	2.9584402e-20	1
0	0.031799916	-0.99942267	0.0022331742	0	-1.2566371e-05	0	0.031799916	-0.99942267	0.0022331742	2.9589417e-20	1
0	0.031799916	-0.99942267	0.0022331742	0	-6.2831855e-06	0	0.031799916	-0.99942267	0.0022331742	2.9591924e-20	1
0	0.031799916	-0.99942267	0.0022331742	0	-2.513274e-06	0	0.031799916	-0.99942267	0.0022331742	2.959343e-20	1
0	0.031799916	-0.99942267	0.0022331742	0	-1.256637e-06	0	0.031799916	-0.99942267	0.0022331742	2.959393e-20	1
0	0.031799916	-0.99942267	0.0022331742	0	-6.283185e-07	0	0.031799916	-0.99942267	0.0022331742	2.9594183e-20	1
0	0.031799916	-0.99942267	0.0022331742	0	-2.513274e-07	0	0.031799916	-0.99942267	0.0022331742	2.959433e-20	1
0	0.031799916	-0.99942267	0.0022331742	0	-1.256637e-07	0	0.031799916	-0.99942267	0.0022331742	2.9594383e-20	1
0	0.031799916	-0.99942267	0.0022331742	0	0	0	0.031799916	-0.99942267	0.0022331742	2.9594432e-20	1
0	0.031799916	-0.99942267	0.0022331742	0	1.256637e-07	0	0.031799916	-0.99942267	0.0022331742	2.9594483e-20	1
0	0.031799916	-0.99942267	0.0022331742	0	2.513274e-07	0	0.031799916	-0.99942267	0.0022331742	2.9594532e-20	1
0	0.031799916	-0.99942267	0.0022331742	0	6.283185e-07	0	0.031799916	-0.99942267	0.0022331742	2.9594684e-20	1
0	0.031799916	-0.99942267	0.0022331742	0	1.256637e-06	0	0.031799916	-0.99942267	0.0022331742	2.9594933e-20	1
0	0.031799916	-0.99942267	0.0022331742	0	2.513274e-06	0	0.031799916	-0.99942267	0.0022331742	2.9595437e-20	1
0	0.031799916	-0.99942267	0.0022331742	0	6.2831855e-06	0	0.031799916	-0.99942267	0.0022331742	2.959694e-20	1
0	0.031799916	-0.99942267	0.0022331742	0	1.2566371e-05	0	0.031799916	-0.99942267	0.0022331742	2.9599447e-20	1
0	0.031799916	-0.99942267	0.0022331742	0	2.5132742e-05	0	0.031799916	-0.99942267	0.0022331742	2.9604465e-20	1
0	0.032313548	-0.9994062	0.002231896	0	6.283185e-05	0	0.032313548	-0.9994062	0.002231896	2.9619512e-20	1
0	0.032313548	-0.9994062	0.002231896	0	0.0001256637	0	0.032313548	-0.9994062	0.002231896	2.964459e-20	1
0	0.032313548	-0.9994062	0.002231896	0	0.0002513274	0	0.032313548	-0.9994062	0.002231896	2.9694744e-20	1
0	0.033260085	-0.9993751	0.0022295164	0	0.0006283185	0	0.033260085	-0.9993751	0.0022295164	2.9845203e-20	1
0	0.03392052	-0.9993528	0.002227827	0	0.0010053096	0	0.03392052	-0.9993528	0.002227827	2.9995666e-20	1
0	0.03392052	-0.9993528	0.002227827	0	0.001256637	0	0.03392052	-0.9993528	0.002227827	3.009597e-20	1
0	0.035633717	-0.9992931	0.0022232744	0	0.0018849556	0	0.035633717	-0.9992931	0.0022232744	3.0346723e-20	1
0	0.0369246	-0.9992462	0.0022197778	0	0.002513274	0	0.0369246	-0.9992462	0.0022197778	3.0597466e-20	1
0	0.0398214	-0.9991348	0.0022116462	0	0.0037699111	0	0.0398214	-0.9991348	0.0022116462	3.1098912e-20	1
0	0.047291502	-0.99880874	0.0021892786	0	0.0062831854	0	0.047291502	-0.99880874	0.0021892786	3.210159e-20	1
0	0.061814897	-0.99801445	0.0021419968	0	0.009424778	0	0.061814897	-0.99801445	0.0021419968	3.335429e-20	1
0	0.09020544	-0.9958482	0.0020411508	0	0.012566371	0	0.09020544	-0.9958482	0.0020411508	3.4605327e-20	1
0	-0.016448732	0.9997946	-0.0022563862	0	0.018849555	0	-0.016448732	0.9997946	-0.0022563862	2.2069203e-20	1
0	-0.014143331	0.9998303	-0.0022544847	0	0.025132742	0	-0.014143331	0.9998303	-0.0022544847	1.9560417e-20	1
0	-0.011035919	0.9998703	-0.0022458653	0	0.03769911	0	-0.011035919	0.9998703	-0.0022458653	1.4542648e-20	1
0	-0.009050135	0.99989104	-0.0022338198	0	0.050265484	0	-0.009050135	0.99989104	-0.0022338198	9.5247376e-21	1
0	-0.0076703327	0.9999033	-0.0022200714	0	0.06283186	0	-0.0076703327	0.9999033	-0.0022200714	4.506747e-21	1
