# t (s)	mx ()	my ()	mz ()	B_extx (T)	B_exty (T)	B_extz (T)	mx ()	my ()	mz ()	E_total (J)	branch ()
0	0.99869716	0.04973948	0.0010608447	0.06283186	0	0	0.99869716	0.04973948	0.0010608447	2.332686e-21	-1
0	0.99833345	0.056554392	0.0010715988	0.050265484	0	0	0.99833345	0.056554392	0.0010715988	7.343798e-21	-1
0	0.997785	0.0655044	0.0010829092	0.03769911	0	0	0.997785	0.0655044	0.0010829092	1.2352669e-20	-1
0	0.9969044	0.077746294	0.0010946969	0.025132742	0	0	0.9969044	0.077746294	0.0010946969	1.7358033e-20	-1
0	0.9962494	0.08572238	0.0011006538	0.018849555	0	0	0.9962494	0.08572238	0.0011006538	1.9858734e-20	-1
0	0.9953606	0.095479414	0.001106485	0.012566371	0	0	0.9953606	0.095479414	0.001106485	2.235752e-20	-1
0	0.99479216	0.1012243	0.0011092615	0.009424778	0	0	0.99479216	0.1012243	0.0011092615	2.360598e-20	-1
0	0.9941125	0.1076878	0.0011118746	0.0062831854	0	0	0.9941125	0.1076878	0.0011118746	2.4853658e-20	-1
0	0.993469	0.113465995	0.001113764	0.0037699111	0	0	0.993469	0.113465995	0.001113764	2.5851137e-20	-1
0	0.9931046	0.11660954	0.0011146301	0.002513274	0	0	0.9931046	0.11660954	0.0011146301	2.6349619e-20	-1
0	0.99291277	0.118230134	0.0011150362	0.0018849556	0	0	0.99291277	0.118230134	0.0011150362	2.6598789e-20	-1
0	0.99271274	0.11989626	0.0011154248	0.001256637	0	0	0.99271274	0.11989626	0.0011154248	2.6847911e-20	-1
0	0.99262786	0.12059647	0.0011155744	0.0010053096	0	0	0.99262786	0.12059647	0.0011155744	2.6947544e-20	-1
0	0.992501	0.12163472	0.0011157736	0.0006283185	0	0	0.992501	0.12163472	0.0011157736	2.709698e-20	-1
0	0.9923711	0.122689515	0.001116002	0.0002513274	0	0	0.9923711	0.122689515	0.001116002	2.72464e-20	-1
0	0.9923711	0.122689515	0.001116002	0.0001256637	0	0	0.9923711	0.122689515	0.001116002	2.72962e-20	-1
0	0.9923711	0.122689515	0.001116002	6.283185e-05	0	0	0.9923711	0.122689515	0.001116002	2.7321104e-20	-1
0	0.9923711	0.122689515	0.001116002	2.5132742e-05	0	0	0.9923711	0.122689515	0.001116002	2.733604e-20	-1
0	0.9923711	0.122689515	0.001116002	1.2566371e-05	0	0	0.9923711	0.122689515	0.001116002	2.7341024e-20	-1
0	0.9923711	0.122689515	0.001116002	6.2831855e-06	0	0	0.9923711	0.122689515	0.001116002	2.7343512e-20	-1
0	0.9923711	0.122689515	0.001116002	2.513274e-06	0	0	0.9923711	0.122689515	0.001116002	2.7345008e-20	-1
0	0.9923711	0.122689515	0.001116002	1.256637e-06	0	0	0.9923711	0.122689515	0.001116002	2.7345505e-20	-1
0	0.9923711	0.122689515	0.001116002	6.283185e-07	0	0	0.9923711	0.122689515	0.001116002	2.7345754e-20	-1
0	0.9923711	0.122689515	0.001116002	2.513274e-07	0	0	0.9923711	0.122689515	0.001116002	2.7345903e-20	-1
0	0.9923711	0.122689515	0.001116002	1.256637e-07	0	0	0.9923711	0.122689515	0.001116002	2.7345955e-20	-1
0	0.9923711	0.122689515	0.001116002	0	0	0	0.9923711	0.122689515	0.001116002	2.7346003e-20	-1
0	0.9923711	0.122689515	0.001116002	-1.256637e-07	0	0	0.9923711	0.122689515	0.001116002	2.734605e-20	-1
0	0.9923711	0.122689515	0.001116002	-2.513274e-07	0	0	0.9923711	0.122689515	0.001116002	2.7346103e-20	-1
0	0.9923711	0.122689515	0.001116002	-6.283185e-07	0	0	0.9923711	0.122689515	0.001116002	2.7346252e-20	-1
0	0.9923711	0.122689515	0.001116002	-1.256637e-06	0	0	0.9923711	0.122689515	0.001116002	2.73465e-20	-1
0	0.9923711	0.122689515	0.001116002	-2.513274e-06	0	0	0.9923711	0.122689515	0.001116002	2.7346998e-20	-1
0	0.9923711	0.122689515	0.001116002	-6.2831855e-06	0	0	0.9923711	0.122689515	0.001116002	2.7348494e-20	-1
0	0.9923711	0.122689515	0.001116002	-1.2566371e-05	0	0	0.9923711	0.122689515	0.001116002	2.7350982e-20	-1
0	0.9923711	0.122689515	0.001116002	-2.5132742e-05	0	0	0.9923711	0.122689515	0.001116002	2.7355965e-20	-1
0	0.9922595	0.123587556	0.0011161698	-6.283185e-05	0	0	0.9922595	0.123587556	0.0011161698	2.7370896e-20	-1
0	0.9922595	0.123587556	0.0011161698	-0.0001256637	0	0	0.9922595	0.123587556	0.0011161698	2.7395795e-20	-1
0	0.9922595	0.123587556	0.0011161698	-0.0002513274	0	0	0.9922595	0.123587556	0.0011161698	2.744559e-20	-1
0	0.9920536	0.12522832	0.0011164756	-0.0006283185	0	0	0.9920536	0.12522832	0.0011164756	2.759496e-20	-1
0	0.9919107	0.12635414	0.0011166367	-0.0010053096	0	0	0.9919107	0.12635414	0.0011166367	2.7744303e-20	-1
0	0.9919107	0.12635414	0.0011166367	-0.001256637	0	0	0.9919107	0.12635414	0.0011166367	2.7843862e-20	-1
0	0.99156344	0.12904876	0.0011170158	-0.0018849556	0	0	0.99156344	0.12904876	0.0011170158	2.8092695e-20	-1
0	0.9913018	0.13104157	0.0011172504	-0.002513274	0	0	0.9913018	0.13104157	0.0011172504	2.8341473e-20	-1
0	0.9907379	0.13523512	0.0011176083	-0.0037699111	0	0	0.9907379	0.13523512	0.0011176083	2.883882e-20	-1
0	0.9894371	0.14443731	0.0011178094	-0.0062831854	0	0	0.9894371	0.14443731	0.0011178094	2.9832592e-20	-1
0	0.98737323	0.15791976	0.0011166804	-0.009424778	0	0	0.98737323	0.15791976	0.0011166804	3.107273e-20	-1
0	0.98461765	0.174265	0.0011131566	-0.012566371	0	0	0.98461765	0.174265	0.0011131566	3.2309875e-20	-1
0	0.97510576	0.22134754	0.001090528	-0.018849555	0	0	0.97510576	0.22134754	0.001090528	3.477014e-20	-1
0	0.94277596	0.33310324	0.0009664638	-0.025132742	0	0	0.94277596	0.33310324	0.0009664638	3.7188392e-20	-1
0	-0.997785	-0.065505475	-0.0010829049	-0.03769911	0	0	-0.997785	-0.065505475	-0.0010829049	1.2352666e-20	-1
0	-0.9983331	-0.056560162	-0.0010716011	-0.050265484	0	0	-0.9983331	-0.056560162	-0.0010716011	7.343801e-21	-1
0	-0.9986971	-0.04974104	-0.0010608439	-0.06283186	0	0	-0.9986971	-0.04974104	-0.0010608439	2.3326863e-21	-1
0	-0.9986971	-0.04974104	-0.0010608439	-0.06283186	0	0	-0.9986971	-0.04974104	-0.0010608439	2.3326863e-21	1
0	-0.9983334	-0.056554824	-0.001071599	-0.050265484	0	0	-0.9983334	-0.056554824	-0.001071599	7.3438e-21	1
0	-0.9977851	-0.06550236	-0.0010829067	-0.03769911	0	0	-0.9977851	-0.06550236	-0.0010829067	1.23526686e-20	1
0	-0.9969045	-0.07774529	-0.0010946966	-0.025132742	0	0	-0.9969045	-0.07774529	-0.0010946966	1.7358033e-20	1
0	-0.99624956	-0.08572106	-0.0011006554	-0.018849555	0	0	-0.99624956	-0.08572106	-0.0011006554	1.9858736e-20	1
0	-0.9953606	-0.09547906	-0.0011064857	-0.012566371	0	0	-0.9953606	-0.09547906	-0.0011064857	2.2357524e-20	1
0	-0.9947928	-0.101217344	-0.0011092653	-0.009424778	0	0	-0.9947928	-0.101217344	-0.0011092653	2.3605983e-20	1
0	-0.9941125	-0.10768843	-0.0011118662	-0.0062831854	0	0	-0.9941125	-0.10768843	-0.0011118662	2.4853658e-20	1
0	-0.9934677	-0.113477424	-0.0011137641	-0.0037699111	0	0	-0.9934677	-0.113477424	-0.0011137641	2.5851136e-20	1
0	-0.9931048	-0.116607234	-0.0011146297	-0.002513274	0	0	-0.9931048	-0.116607234	-0.0011146297	2.6349614e-20	1
0	-0.9929117	-0.11823857	-0.0011150369	-0.0018849556	0	0	-0.9929117	-0.11823857	-0.0011150369	2.6598786e-20	1
0	-0.9927108	-0.11991225	-0.0011154213	-0.001256637	0	0	-0.9927108	-0.11991225	-0.0011154213	2.6847911e-20	1
0	-0.9927108	-0.11991225	-0.0011154213	-0.0010053096	0	0	-0.9927108	-0.11991225	-0.0011154213	2.694755e-20	1
0	-0.9925022	-0.121625096	-0.0011157922	-0.0006283185	0	0	-0.9925022	-0.121625096	-0.0011157922	2.709698e-20	1
0	-0.9923707	-0.122692265	-0.0011160015	-0.0002513274	0	0	-0.9923707	-0.122692265	-0.0011160015	2.7246396e-20	1
0	-0.9923707	-0.122692265	-0.0011160015	-0.0001256637	0	0	-0.9923707	-0.122692265	-0.0011160015	2.7296198e-20	1
0	-0.9923707	-0.122692265	-0.0011160015	-6.283185e-05	0	0	-0.9923707	-0.122692265	-0.0011160015	2.73211e-20	1
0	-0.9923707	-0.122692265	-0.0011160015	-2.5132742e-05	0	0	-0.9923707	-0.122692265	-0.0011160015	2.7336038e-20	1
0	-0.9923707	-0.122692265	-0.0011160015	-1.2566371e-05	0	0	-0.9923707	-0.122692265	-0.0011160015	2.734102e-20	1
0	-0.9923707	-0.122692265	-0.0011160015	-6.2831855e-06	0	0	-0.9923707	-0.122692265	-0.0011160015	2.734351e-20	1
0	-0.9923707	-0.122692265	-0.0011160015	-2.513274e-06	0	0	-0.9923707	-0.122692265	-0.0011160015	2.7345005e-20	1
0	-0.9923707	-0.122692265	-0.0011160015	-1.256637e-06	0	0	-0.9923707	-0.122692265	-0.0011160015	2.7345502e-20	1
0	-0.9923707	-0.122692265	-0.0011160015	-6.283185e-07	0	0	-0.9923707	-0.122692265	-0.0011160015	2.734575e-20	1
0	-0.9923707	-0.122692265	-0.0011160015	-2.513274e-07	0	0	-0.9923707	-0.122692265	-0.0011160015	2.73459e-20	1
0	-0.9923707	-0.122692265	-0.0011160015	-1.256637e-07	0	0	-0.9923707	-0.122692265	-0.0011160015	2.734595e-20	1
0	-0.9923707	-0.122692265	-0.0011160015	0	0	0	-0.9923707	-0.122692265	-0.0011160015	2.7346e-20	1
0	-0.9923707	-0.122692265	-0.0011160015	1.256637e-07	0	0	-0.9923707	-0.122692265	-0.0011160015	2.7346048e-20	1
0	-0.9923707	-0.122692265	-0.0011160015	2.513274e-07	0	0	-0.9923707	-0.122692265	-0.0011160015	2.73461e-20	1
0	-0.9923707	-0.122692265	-0.0011160015	6.283185e-07	0	0	-0.9923707	-0.122692265	-0.0011160015	2.734625e-20	1
0	-0.9923707	-0.122692265	-0.0011160015	1.256637e-06	0	0	-0.9923707	-0.122692265	-0.0011160015	2.7346497e-20	1
0	-0.9923707	-0.122692265	-0.0011160015	2.513274e-06	0	0	-0.9923707	-0.122692265	-0.0011160015	2.7346995e-20	1
0	-0.9923707	-0.122692265	-0.0011160015	6.2831855e-06	0	0	-0.9923707	-0.122692265	-0.0011160015	2.734849e-20	1
0	-0.9923707	-0.122692265	-0.0011160015	1.2566371e-05	0	0	-0.9923707	-0.122692265	-0.0011160015	2.735098e-20	1
0	-0.9923707	-0.122692265	-0.0011160015	2.5132742e-05	0	0	-0.9923707	-0.122692265	-0.0011160015	2.735596e-20	1
0	-0.99225986	-0.123584814	-0.0011161698	6.283185e-05	0	0	-0.99225986	-0.123584814	-0.0011161698	2.73709e-20	1
0	-0.99225986	-0.123584814	-0.0011161698	0.0001256637	0	0	-0.99225986	-0.123584814	-0.0011161698	2.73958e-20	1
0	-0.99225986	-0.123584814	-0.0011161698	0.0002513274	0	0	-0.99225986	-0.123584814	-0.0011161698	2.7445594e-20	1
0	-0.9920531	-0.12523235	-0.0011164588	0.0006283185	0	0	-0.9920531	-0.12523235	-0.0011164588	2.7594955e-20	1
0	-0.99191105	-0.12635127	-0.0011166371	0.0010053096	0	0	-0.99191105	-0.12635127	-0.0011166371	2.7744307e-20	1
0	-0.99191105	-0.12635127	-0.0011166371	0.001256637	0	0	-0.99191105	-0.12635127	-0.0011166371	2.7843866e-20	1
0	-0.9915636	-0.12904726	-0.001117016	0.0018849556	0	0	-0.9915636	-0.12904726	-0.001117016	2.8092698e-20	1
0	-0.991302	-0.13103986	-0.0011172767	0.002513274	0	0	-0.991302	-0.13103986	-0.0011172767	2.8341473e-20	1
0	-0.9907397	-0.13522226	-0.0011176025	0.0037699111	0	0	-0.9907397	-0.13522226	-0.0011176025	2.8838822e-20	1
0	-0.98943603	-0.14444429	-0.0011178041	0.0062831854	0	0	-0.98943603	-0.14444429	-0.0011178041	2.9832592e-20	1
0	-0.9873737	-0.15791658	-0.0011166814	0.009424778	0	0	-0.9873737	-0.15791658	-0.0011166814	3.107273e-20	1
0	-0.98461753	-0.17426533	-0.0011131573	0.012566371	0	0	-0.98461753	-0.17426533	-0.0011131573	3.2309875e-20	1
0	-0.97510374	-0.22135633	-0.0010905215	0.018849555	0	0	-0.97510374	-0.22135633	-0.0010905215	3.4770143e-20	1
0	-0.94279313	-0.33305454	-0.00096653996	0.025132742	0	0	-0.94279313	-0.33305454	-0.00096653996	3.7188392e-20	1
0	0.99778485	0.06550673	0.0010829084	0.03769911	0	0	0.99778485	0.06550673	0.0010829084	1.2352667e-20	1
0	0.9983333	0.056557894	0.0010716001	0.050265484	0	0	0.9983333	0.056557894	0.0010716001	7.343798e-21	1
0	0.99869716	0.04974114	0.0010608442	0.06283186	0	0	0.99869716	0.04974114	0.0010608442	2.3326883e-21	1
