# t (s)	mx ()	my ()	mz ()	B_extx (T)	B_exty (T)	B_extz (T)	mx ()	my ()	mz ()	E_total (J)	branch ()
0	0.9999293	0.0026787296	-0.0027075252	0.06283186	0	0	0.9999293	0.0026787296	-0.0027075252	2.3391165e-21	-1
0	0.9999274	0.0030475715	-0.0027283784	0.050265484	0	0	0.9999274	0.0030475715	-0.0027283784	7.357264e-21	-1
0	0.999925	0.0035369936	-0.0027495583	0.03769911	0	0	0.999925	0.0035369936	-0.0027495583	1.2375401e-20	-1
0	0.99992156	0.004213543	-0.0027710758	0.025132742	0	0	0.99992156	0.004213543	-0.0027710758	1.7393521e-20	-1
0	0.9999191	0.004658904	-0.0027819504	0.018849555	0	0	0.9999191	0.004658904	-0.0027819504	1.9902573e-20	-1
0	0.99991596	0.005207427	-0.0027929165	0.012566371	0	0	0.99991596	0.005207427	-0.0027929165	2.241162e-20	-1
0	0.99991405	0.0055362443	-0.0027984309	0.009424778	0	0	0.99991405	0.0055362443	-0.0027984309	2.3666138e-20	-1
0	0.99991167	0.005905884	-0.002803963	0.0062831854	0	0	0.99991167	0.005905884	-0.002803963	2.492066e-20	-1
0	0.9999095	0.00624041	-0.0028084044	0.0037699111	0	0	0.9999095	0.00624041	-0.0028084044	2.5924267e-20	-1
0	0.9999083	0.0064112665	-0.0028106282	0.002513274	0	0	0.9999083	0.0064112665	-0.0028106282	2.6426073e-20	-1
0	0.9999076	0.0065169404	-0.0028117418	0.0018849556	0	0	0.9999076	0.0065169404	-0.0028117418	2.6676974e-20	-1
0	0.9999069	0.006608924	-0.0028128554	0.001256637	0	0	0.9999069	0.006608924	-0.0028128554	2.6927878e-20	-1
0	0.99990666	0.0066501806	-0.0028133004	0.0010053096	0	0	0.99990666	0.0066501806	-0.0028133004	2.7028238e-20	-1
0	0.9999062	0.0067147184	-0.0028139655	0.0006283185	0	0	0.9999062	0.0067147184	-0.0028139655	2.717878e-20	-1
0	0.9999057	0.006779862	-0.0028146564	0.0002513274	0	0	0.9999057	0.006779862	-0.0028146564	2.7329324e-20	-1
0	0.9999057	0.006779862	-0.0028146564	0.0001256637	0	0	0.9999057	0.006779862	-0.0028146564	2.7379504e-20	-1
0	0.9999057	0.006779862	-0.0028146564	6.283185e-05	0	0	0.9999057	0.006779862	-0.0028146564	2.7404594e-20	-1
0	0.9999057	0.006779862	-0.0028146564	2.5132742e-05	0	0	0.9999057	0.006779862	-0.0028146564	2.7419648e-20	-1
0	0.9999057	0.006779862	-0.0028146564	1.2566371e-05	0	0	0.9999057	0.006779862	-0.0028146564	2.7424666e-20	-1
0	0.9999057	0.006779862	-0.0028146564	6.2831855e-06	0	0	0.9999057	0.006779862	-0.0028146564	2.7427173e-20	-1
0	0.9999057	0.006779862	-0.0028146564	2.513274e-06	0	0	0.9999057	0.006779862	-0.0028146564	2.742868e-20	-1
0	0.9999057	0.006779862	-0.0028146564	1.256637e-06	0	0	0.9999057	0.006779862	-0.0028146564	2.7429183e-20	-1
0	0.9999057	0.006779862	-0.0028146564	6.283185e-07	0	0	0.9999057	0.006779862	-0.0028146564	2.7429432e-20	-1
0	0.9999057	0.006779862	-0.0028146564	2.513274e-07	0	0	0.9999057	0.006779862	-0.0028146564	2.7429584e-20	-1
0	0.9999057	0.006779862	-0.0028146564	1.256637e-07	0	0	0.9999057	0.006779862	-0.0028146564	2.7429632e-20	-1
0	0.9999057	0.006779862	-0.0028146564	0	0	0	0.9999057	0.006779862	-0.0028146564	2.7429684e-20	-1
0	0.9999057	0.006779862	-0.0028146564	-1.256637e-07	0	0	0.9999057	0.006779862	-0.0028146564	2.7429732e-20	-1
0	0.9999057	0.006779862	-0.0028146564	-2.513274e-07	0	0	0.9999057	0.006779862	-0.0028146564	2.7429784e-20	-1
0	0.9999057	0.006779862	-0.0028146564	-6.283185e-07	0	0	0.9999057	0.006779862	-0.0028146564	2.7429933e-20	-1
0	0.9999057	0.006779862	-0.0028146564	-1.256637e-06	0	0	0.9999057	0.006779862	-0.0028146564	2.7430185e-20	-1
0	0.9999057	0.006779862	-0.0028146564	-2.513274e-06	0	0	0.9999057	0.006779862	-0.0028146564	2.7430686e-20	-1
0	0.9999057	0.006779862	-0.0028146564	-6.2831855e-06	0	0	0.9999057	0.006779862	-0.0028146564	2.743219e-20	-1
0	0.9999057	0.006779862	-0.0028146564	-1.2566371e-05	0	0	0.9999057	0.006779862	-0.0028146564	2.7434702e-20	-1
0	0.9999057	0.006779862	-0.0028146564	-2.5132742e-05	0	0	0.9999057	0.006779862	-0.0028146564	2.743972e-20	-1
0	0.9999057	0.006779862	-0.0028146564	-6.283185e-05	0	0	0.9999057	0.006779862	-0.0028146564	2.7454774e-20	-1
0	0.9999053	0.0068439264	-0.002815309	-0.0001256637	0	0	0.9999053	0.0068439264	-0.002815309	2.7479864e-20	-1
0	0.9999053	0.0068439264	-0.002815309	-0.0002513274	0	0	0.9999053	0.0068439264	-0.002815309	2.7530044e-20	-1
0	0.99990463	0.0069280714	-0.002816202	-0.0006283185	0	0	0.99990463	0.0069280714	-0.002816202	2.768058e-20	-1
0	0.9999043	0.006988899	-0.0028168722	-0.0010053096	0	0	0.9999043	0.006988899	-0.0028168722	2.7831125e-20	-1
0	0.99990386	0.0070338417	-0.0028173197	-0.001256637	0	0	0.99990386	0.0070338417	-0.0028173197	2.7931485e-20	-1
0	0.9999031	0.0071460726	-0.002818436	-0.0018849556	0	0	0.9999031	0.0071460726	-0.002818436	2.8182386e-20	-1
0	0.9999021	0.007263607	-0.002819554	-0.002513274	0	0	0.9999021	0.007263607	-0.002819554	2.8433287e-20	-1
0	0.99990016	0.0075207334	-0.002821791	-0.0037699111	0	0	0.99990016	0.0075207334	-0.002821791	2.893508e-20	-1
0	0.9998957	0.00807002	-0.0028262716	-0.0062831854	0	0	0.9998957	0.00807002	-0.0028262716	2.9938688e-20	-1
0	0.9998887	0.008866727	-0.002831879	-0.009424778	0	0	0.9998887	0.008866727	-0.002831879	3.1193178e-20	-1
0	0.999879	0.009879446	-0.0028374845	-0.012566371	0	0	0.999879	0.009879446	-0.0028374845	3.244766e-20	-1
0	0.9998462	0.012735317	-0.0028486196	-0.018849555	0	0	0.9998462	0.012735317	-0.0028486196	3.495657e-20	-1
0	0.9997668	0.017886735	-0.0028592816	-0.025132742	0	0	0.9997668	0.017886735	-0.0028592816	3.7465353e-20	-1
0	-0.99992496	-0.0035368316	0.002749558	-0.03769911	0	0	-0.99992496	-0.0035368316	0.002749558	1.2375399e-20	-1
0	-0.9999274	-0.0030489562	0.0027283765	-0.050265484	0	0	-0.9999274	-0.0030489562	0.0027283765	7.357263e-21	-1
0	-0.99992925	-0.0026797978	0.0027075259	-0.06283186	0	0	-0.99992925	-0.0026797978	0.0027075259	2.3391147e-21	-1
0	-0.99992925	-0.0026794604	0.0027075252	-0.06283186	0	0	-0.99992925	-0.0026794604	0.0027075252	2.3391145e-21	1
0	-0.9999274	-0.0030473135	0.0027283793	-0.050265484	0	0	-0.9999274	-0.0030473135	0.0027283793	7.357264e-21	1
0	-0.9999249	-0.003537368	0.0027495087	-0.03769911	0	0	-0.9999249	-0.003537368	0.0027495087	1.2375402e-20	1
0	-0.99992156	-0.0042096004	0.0027710698	-0.025132742	0	0	-0.99992156	-0.0042096004	0.0027710698	1.7393521e-20	1
0	-0.9999192	-0.004656625	0.0027819513	-0.018849555	0	0	-0.9999192	-0.004656625	0.0027819513	1.9902573e-20	1
0	-0.999916	-0.0052091214	0.0027929163	-0.012566371	0	0	-0.999916	-0.0052091214	0.0027929163	2.2411622e-20	1
0	-0.99991405	-0.0055345744	0.0027984297	-0.009424778	0	0	-0.99991405	-0.0055345744	0.0027984297	2.366614e-20	1
0	-0.99991167	-0.005912021	0.002803963	-0.0062831854	0	0	-0.99991167	-0.005912021	0.002803963	2.4920656e-20	1
0	-0.9999095	-0.006239599	0.0028084032	-0.0037699111	0	0	-0.9999095	-0.006239599	0.0028084032	2.592427e-20	1
0	-0.9999082	-0.006423655	0.002810628	-0.002513274	0	0	-0.9999082	-0.006423655	0.002810628	2.6426072e-20	1
0	-0.9999076	-0.0065138377	0.0028117415	-0.0018849556	0	0	-0.9999076	-0.0065138377	0.0028117415	2.6676979e-20	1
0	-0.99990696	-0.0066070715	0.0028128559	-0.001256637	0	0	-0.99990696	-0.0066070715	0.0028128559	2.6927876e-20	1
0	-0.9999066	-0.0066643674	0.0028133015	-0.0010053096	0	0	-0.9999066	-0.0066643674	0.0028133015	2.702824e-20	1
0	-0.9999062	-0.0067173867	0.0028139628	-0.0006283185	0	0	-0.9999062	-0.0067173867	0.0028139628	2.7178777e-20	1
0	-0.9999058	-0.00677675	0.0028146398	-0.0002513274	0	0	-0.9999058	-0.00677675	0.0028146398	2.732932e-20	1
0	-0.9999056	-0.0067999577	0.0028148629	-0.0001256637	0	0	-0.9999056	-0.0067999577	0.0028148629	2.73795e-20	1
0	-0.9999055	-0.006806809	0.0028149746	-6.283185e-05	0	0	-0.9999055	-0.006806809	0.0028149746	2.740459e-20	1
0	-0.99990547	-0.006813473	0.002815041	-2.5132742e-05	0	0	-0.99990547	-0.006813473	0.002815041	2.7419648e-20	1
0	-0.99990547	-0.006816647	0.0028150645	-1.2566371e-05	0	0	-0.99990547	-0.006816647	0.0028150645	2.7424663e-20	1
0	-0.99990547	-0.0068168547	0.002815075	-6.2831855e-06	0	0	-0.99990547	-0.0068168547	0.002815075	2.742717e-20	1
0	-0.99990547	-0.006817864	0.0028150806	-2.513274e-06	0	0	-0.99990547	-0.006817864	0.0028150806	2.7428676e-20	1
0	-0.99990547	-0.0068165585	0.0028150838	-1.256637e-06	0	0	-0.99990547	-0.0068165585	0.0028150838	2.742918e-20	1
0	-0.99990547	-0.006820152	0.002815082	-6.283185e-07	0	0	-0.99990547	-0.006820152	0.002815082	2.742943e-20	1
0	-0.99990547	-0.006820062	0.002815086	-2.513274e-07	0	0	-0.99990547	-0.006820062	0.002815086	2.7429577e-20	1
0	-0.99990547	-0.0068199	0.002815085	-1.256637e-07	0	0	-0.99990547	-0.0068199	0.002815085	2.742963e-20	1
0	-0.99990547	-0.0068200873	0.0028150876	0	0	0	-0.99990547	-0.0068200873	0.0028150876	2.7429677e-20	1
0	-0.99990547	-0.00681986	0.0028150855	1.256637e-07	0	0	-0.99990547	-0.00681986	0.0028150855	2.742973e-20	1
0	-0.99990547	-0.0068195867	0.0028150864	2.513274e-07	0	0	-0.99990547	-0.0068195867	0.0028150864	2.7429778e-20	1
0	-0.99990535	-0.00682598	0.002815088	6.283185e-07	0	0	-0.99990535	-0.00682598	0.002815088	2.7429933e-20	1
0	-0.9999054	-0.0068235416	0.0028150878	1.256637e-06	0	0	-0.9999054	-0.0068235416	0.0028150878	2.743018e-20	1
0	-0.9999054	-0.0068235085	0.0028150906	2.513274e-06	0	0	-0.9999054	-0.0068235085	0.0028150906	2.7430682e-20	1
0	-0.9999054	-0.0068235085	0.0028150906	6.2831855e-06	0	0	-0.9999054	-0.0068235085	0.0028150906	2.7432188e-20	1
0	-0.9999054	-0.0068235085	0.0028150906	1.2566371e-05	0	0	-0.9999054	-0.0068235085	0.0028150906	2.7434695e-20	1
0	-0.9999054	-0.0068235085	0.0028150906	2.5132742e-05	0	0	-0.9999054	-0.0068235085	0.0028150906	2.7439713e-20	1
0	-0.99990535	-0.0068281535	0.0028151972	6.283185e-05	0	0	-0.99990535	-0.0068281535	0.0028151972	2.745477e-20	1
0	-0.9999053	-0.0068405787	0.002815309	0.0001256637	0	0	-0.9999053	-0.0068405787	0.002815309	2.7479858e-20	1
0	-0.99990517	-0.0068601184	0.002815532	0.0002513274	0	0	-0.99990517	-0.0068601184	0.002815532	2.7530044e-20	1
0	-0.99990463	-0.0069276807	0.0028162168	0.0006283185	0	0	-0.99990463	-0.0069276807	0.0028162168	2.768058e-20	1
0	-0.99990416	-0.0069932183	0.0028168792	0.0010053096	0	0	-0.99990416	-0.0069932183	0.0028168792	2.7831125e-20	1
0	-0.99990386	-0.007035956	0.0028173188	0.001256637	0	0	-0.99990386	-0.007035956	0.0028173188	2.7931482e-20	1
0	-0.99990296	-0.007153596	0.002818436	0.0018849556	0	0	-0.99990296	-0.007153596	0.002818436	2.8182386e-20	1
0	-0.9999022	-0.007261738	0.0028195535	0.002513274	0	0	-0.9999022	-0.007261738	0.0028195535	2.8433287e-20	1
0	-0.9999002	-0.0075163064	0.0028217915	0.0037699111	0	0	-0.9999002	-0.0075163064	0.0028217915	2.8935085e-20	1
0	-0.9998957	-0.008071183	0.0028262718	0.0062831854	0	0	-0.9998957	-0.008071183	0.0028262718	2.9938684e-20	1
0	-0.9998886	-0.008876769	0.0028318786	0.009424778	0	0	-0.9998886	-0.008876769	0.0028318786	3.1193178e-20	1
0	-0.99987906	-0.009873149	0.002837485	0.012566371	0	0	-0.99987906	-0.009873149	0.002837485	3.2447652e-20	1
0	-0.99984634	-0.012728924	0.0028486198	0.018849555	0	0	-0.99984634	-0.012728924	0.0028486198	3.4956575e-20	1
0	-0.99976647	-0.017908096	0.0028592779	0.025132742	0	0	-0.99976647	-0.017908096	0.0028592779	3.7465356e-20	1
0	0.999925	0.003537712	-0.0027495632	0.03769911	0	0	0.999925	0.003537712	-0.0027495632	1.23753974e-20	1
0	0.9999274	0.0030504859	-0.0027283789	0.050265484	0	0	0.9999274	0.0030504859	-0.0027283789	7.357267e-21	1
0	0.99992925	0.0026782677	-0.0027075252	0.06283186	0	0	0.99992925	0.0026782677	-0.0027075252	2.3391187e-21	1
