# t (s)	mx ()	my ()	mz ()	B_extx (T)	B_exty (T)	B_extz (T)	mx ()	my ()	mz ()	E_total (J)	branch ()
0	-0.039055645	0.9991673	0.0029079532	0	0.06283186	0	-0.039055645	0.9991673	0.0029079532	4.520484e-21	-1
0	-0.04621675	0.99886066	0.0029387726	0	0.050265484	0	-0.04621675	0.99886066	0.0029387726	9.534104e-21	-1
0	-0.05650431	0.9983303	0.0029724846	0	0.03769911	0	-0.05650431	0.9983303	0.0029724846	1.4545695e-20	-1
0	-0.07249148	0.99729526	0.003010275	0	0.025132742	0	-0.07249148	0.99729526	0.003010275	1.955354e-20	-1
0	-0.0842544	0.99636924	0.003031067	0	0.018849555	0	-0.0842544	0.99636924	0.003031067	2.2054924e-20	-1
0	-0.10035038	0.9948755	0.0030530482	0	0.012566371	0	-0.10035038	0.9948755	0.0030530482	2.4553354e-20	-1
0	-0.110809594	0.9937638	0.0030642222	0	0.009424778	0	-0.110809594	0.9937638	0.0030642222	2.5800886e-20	-1
0	-0.1235829	0.992255	0.003075115	0	0.0062831854	0	-0.1235829	0.992255	0.003075115	2.704679e-20	-1
0	-0.13603142	0.9906237	0.0030831583	0	0.0037699111	0	-0.13603142	0.9906237	0.0030831583	2.8041937e-20	-1
0	-0.1432052	0.98961127	0.003086735	0	0.002513274	0	-0.1432052	0.98961127	0.003086735	2.8538833e-20	-1
0	-0.1470783	0.9890426	0.0030883644	0	0.0018849556	0	-0.1470783	0.9890426	0.0030883644	2.878708e-20	-1
0	-0.15116116	0.9884263	0.003089856	0	0.001256637	0	-0.15116116	0.9884263	0.003089856	2.903518e-20	-1
0	-0.15116116	0.9884263	0.003089856	0	0.0010053096	0	-0.15116116	0.9884263	0.003089856	2.913439e-20	-1
0	-0.15547405	0.9877565	0.00309118	0	0.0006283185	0	-0.15547405	0.9877565	0.00309118	2.9283118e-20	-1
0	-0.15817316	0.9873276	0.0030918857	0	0.0002513274	0	-0.15817316	0.9873276	0.0030918857	2.9431797e-20	-1
0	-0.15817316	0.9873276	0.0030918857	0	0.0001256637	0	-0.15817316	0.9873276	0.0030918857	2.9481344e-20	-1
0	-0.15817316	0.9873276	0.0030918857	0	6.283185e-05	0	-0.15817316	0.9873276	0.0030918857	2.950612e-20	-1
0	-0.15817316	0.9873276	0.0030918857	0	2.5132742e-05	0	-0.15817316	0.9873276	0.0030918857	2.9520984e-20	-1
0	-0.15817316	0.9873276	0.0030918857	0	1.2566371e-05	0	-0.15817316	0.9873276	0.0030918857	2.952594e-20	-1
0	-0.15817316	0.9873276	0.0030918857	0	6.2831855e-06	0	-0.15817316	0.9873276	0.0030918857	2.9528416e-20	-1
0	-0.15817316	0.9873276	0.0030918857	0	2.513274e-06	0	-0.15817316	0.9873276	0.0030918857	2.9529902e-20	-1
0	-0.15817316	0.9873276	0.0030918857	0	1.256637e-06	0	-0.15817316	0.9873276	0.0030918857	2.95304e-20	-1
0	-0.15817316	0.9873276	0.0030918857	0	6.283185e-07	0	-0.15817316	0.9873276	0.0030918857	2.9530645e-20	-1
0	-0.15817316	0.9873276	0.0030918857	0	2.513274e-07	0	-0.15817316	0.9873276	0.0030918857	2.9530794e-20	-1
0	-0.15817316	0.9873276	0.0030918857	0	1.256637e-07	0	-0.15817316	0.9873276	0.0030918857	2.9530845e-20	-1
0	-0.15817316	0.9873276	0.0030918857	0	0	0	-0.15817316	0.9873276	0.0030918857	2.9530894e-20	-1
0	-0.15817316	0.9873276	0.0030918857	0	-1.256637e-07	0	-0.15817316	0.9873276	0.0030918857	2.9530942e-20	-1
0	-0.15817316	0.9873276	0.0030918857	0	-2.513274e-07	0	-0.15817316	0.9873276	0.0030918857	2.9530994e-20	-1
0	-0.15817316	0.9873276	0.0030918857	0	-6.283185e-07	0	-0.15817316	0.9873276	0.0030918857	2.9531143e-20	-1
0	-0.15817316	0.9873276	0.0030918857	0	-1.256637e-06	0	-0.15817316	0.9873276	0.0030918857	2.9531388e-20	-1
0	-0.15817316	0.9873276	0.0030918857	0	-2.513274e-06	0	-0.15817316	0.9873276	0.0030918857	2.9531886e-20	-1
0	-0.15817316	0.9873276	0.0030918857	0	-6.2831855e-06	0	-0.15817316	0.9873276	0.0030918857	2.9533372e-20	-1
0	-0.15817316	0.9873276	0.0030918857	0	-1.2566371e-05	0	-0.15817316	0.9873276	0.0030918857	2.9535847e-20	-1
0	-0.15817316	0.9873276	0.0030918857	0	-2.5132742e-05	0	-0.15817316	0.9873276	0.0030918857	2.9540804e-20	-1
0	-0.15817316	0.9873276	0.0030918857	0	-6.283185e-05	0	-0.15817316	0.9873276	0.0030918857	2.9555667e-20	-1
0	-0.16097897	0.9868736	0.0030925141	0	-0.0001256637	0	-0.16097897	0.9868736	0.0030925141	2.9580412e-20	-1
0	-0.16097897	0.9868736	0.0030925141	0	-0.0002513274	0	-0.16097897	0.9868736	0.0030925141	2.9629936e-20	-1
0	-0.16488555	0.986228	0.003093216	0	-0.0006283185	0	-0.16488555	0.986228	0.003093216	2.977845e-20	-1
0	-0.16792941	0.98571384	0.003093628	0	-0.0010053096	0	-0.16792941	0.98571384	0.003093628	2.9926897e-20	-1
0	-0.16792941	0.98571384	0.003093628	0	-0.001256637	0	-0.16792941	0.98571384	0.003093628	3.0025832e-20	-1
0	-0.17549622	0.9843937	0.0030941484	0	-0.0018849556	0	-0.17549622	0.9843937	0.0030941484	3.0272943e-20	-1
0	-0.18129611	0.98334134	0.003094071	0	-0.002513274	0	-0.18129611	0.98334134	0.003094071	3.051982e-20	-1
0	-0.19439742	0.98083353	0.00309234	0	-0.0037699111	0	-0.19439742	0.98083353	0.00309234	3.1012704e-20	-1
0	-0.22810635	0.9735409	0.003078548	0	-0.0062831854	0	-0.22810635	0.9735409	0.003078548	3.1993824e-20	-1
0	-0.30645972	0.9517714	0.002996508	0	-0.009424778	0	-0.30645972	0.9517714	0.002996508	3.3204497e-20	-1
0	-0.8891112	-0.4574039	-0.00018131502	0	-0.012566371	0	-0.8891112	-0.4574039	-0.00018131502	2.5854737e-20	-1
0	0.08426499	-0.9963684	-0.0030310745	0	-0.018849555	0	0.08426499	-0.9963684	-0.0030310745	2.2054926e-20	-1
0	0.07249732	-0.9972948	-0.003010279	0	-0.025132742	0	0.07249732	-0.9972948	-0.003010279	1.9553538e-20	-1
0	0.056517158	-0.9983295	-0.002972482	0	-0.03769911	0	0.056517158	-0.9983295	-0.002972482	1.4545695e-20	-1
0	0.046222396	-0.9988604	-0.0029387781	0	-0.050265484	0	0.046222396	-0.9988604	-0.0029387781	9.5341056e-21	-1
0	0.039058425	-0.9991672	-0.0029079549	0	-0.06283186	0	0.039058425	-0.9991672	-0.0029079549	4.520487e-21	-1
0	0.039058425	-0.9991672	-0.0029079549	0	-0.06283186	0	0.039058425	-0.9991672	-0.0029079549	4.520487e-21	1
0	0.046214752	-0.9988607	-0.0029387707	0	-0.050265484	0	0.046214752	-0.9988607	-0.0029387707	9.534104e-21	1
0	0.056506895	-0.9983301	-0.002972487	0	-0.03769911	0	0.056506895	-0.9983301	-0.002972487	1.4545693e-20	1
0	0.072493196	-0.99729514	-0.0030102767	0	-0.025132742	0	0.072493196	-0.99729514	-0.0030102767	1.9553542e-20	1
0	0.08425917	-0.9963689	-0.003031067	0	-0.018849555	0	0.08425917	-0.9963689	-0.003031067	2.2054928e-20	1
0	0.10034722	-0.9948758	-0.0030530468	0	-0.012566371	0	0.10034722	-0.9948758	-0.0030530468	2.4553352e-20	1
0	0.110816985	-0.99376297	-0.003064225	0	-0.009424778	0	0.110816985	-0.99376297	-0.003064225	2.5800886e-20	1
0	0.12358624	-0.9922545	-0.0030751163	0	-0.0062831854	0	0.12358624	-0.9922545	-0.0030751163	2.704679e-20	1
0	0.13604814	-0.9906213	-0.0030831753	0	-0.0037699111	0	0.13604814	-0.9906213	-0.0030831753	2.8041933e-20	1
0	0.1432305	-0.9896076	-0.0030867415	0	-0.002513274	0	0.1432305	-0.9896076	-0.0030867415	2.8538833e-20	1
0	0.1470758	-0.98904294	-0.003088369	0	-0.0018849556	0	0.1470758	-0.98904294	-0.003088369	2.8787078e-20	1
0	0.15117049	-0.9884249	-0.0030898498	0	-0.001256637	0	0.15117049	-0.9884249	-0.0030898498	2.9035177e-20	1
0	0.15117049	-0.9884249	-0.0030898498	0	-0.0010053096	0	0.15117049	-0.9884249	-0.0030898498	2.9134387e-20	1
0	0.15546891	-0.9877573	-0.0030911802	0	-0.0006283185	0	0.15546891	-0.9877573	-0.0030911802	2.9283115e-20	1
0	0.15818186	-0.98732626	-0.003091886	0	-0.0002513274	0	0.15818186	-0.98732626	-0.003091886	2.9431797e-20	1
0	0.15818186	-0.98732626	-0.003091886	0	-0.0001256637	0	0.15818186	-0.98732626	-0.003091886	2.9481347e-20	1
0	0.15818186	-0.98732626	-0.003091886	0	-6.283185e-05	0	0.15818186	-0.98732626	-0.003091886	2.950612e-20	1
0	0.15818186	-0.98732626	-0.003091886	0	-2.5132742e-05	0	0.15818186	-0.98732626	-0.003091886	2.9520984e-20	1
0	0.15818186	-0.98732626	-0.003091886	0	-1.2566371e-05	0	0.15818186	-0.98732626	-0.003091886	2.952594e-20	1
0	0.15818186	-0.98732626	-0.003091886	0	-6.2831855e-06	0	0.15818186	-0.98732626	-0.003091886	2.952842e-20	1
0	0.15818186	-0.98732626	-0.003091886	0	-2.513274e-06	0	0.15818186	-0.98732626	-0.003091886	2.9529905e-20	1
0	0.15818186	-0.98732626	-0.003091886	0	-1.256637e-06	0	0.15818186	-0.98732626	-0.003091886	2.95304e-20	1
0	0.15818186	-0.98732626	-0.003091886	0	-6.283185e-07	0	0.15818186	-0.98732626	-0.003091886	2.9530648e-20	1
0	0.15818186	-0.98732626	-0.003091886	0	-2.513274e-07	0	0.15818186	-0.98732626	-0.003091886	2.9530797e-20	1
0	0.15818186	-0.98732626	-0.003091886	0	-1.256637e-07	0	0.15818186	-0.98732626	-0.003091886	2.9530845e-20	1
0	0.15818186	-0.98732626	-0.003091886	0	0	0	0.15818186	-0.98732626	-0.003091886	2.9530894e-20	1
0	0.15818186	-0.98732626	-0.003091886	0	1.256637e-07	0	0.15818186	-0.98732626	-0.003091886	2.9530946e-20	1
0	0.15818186	-0.98732626	-0.003091886	0	2.513274e-07	0	0.15818186	-0.98732626	-0.003091886	2.9530994e-20	1
0	0.15818186	-0.98732626	-0.003091886	0	6.283185e-07	0	0.15818186	-0.98732626	-0.003091886	2.9531143e-20	1
0	0.15818186	-0.98732626	-0.003091886	0	1.256637e-06	0	0.15818186	-0.98732626	-0.003091886	2.953139e-20	1
0	0.15818186	-0.98732626	-0.003091886	0	2.513274e-06	0	0.15818186	-0.98732626	-0.003091886	2.9531886e-20	1
0	0.15818186	-0.98732626	-0.003091886	0	6.2831855e-06	0	0.15818186	-0.98732626	-0.003091886	2.9533372e-20	1
0	0.15818186	-0.98732626	-0.003091886	0	1.2566371e-05	0	0.15818186	-0.98732626	-0.003091886	2.953585e-20	1
0	0.15818186	-0.98732626	-0.003091886	0	2.5132742e-05	0	0.15818186	-0.98732626	-0.003091886	2.9540804e-20	1
0	0.15818186	-0.98732626	-0.003091886	0	6.283185e-05	0	0.15818186	-0.98732626	-0.003091886	2.955567e-20	1
0	0.16098243	-0.98687315	-0.0030925167	0	0.0001256637	0	0.16098243	-0.98687315	-0.0030925167	2.9580412e-20	1
0	0.16098243	-0.98687315	-0.0030925167	0	0.0002513274	0	0.16098243	-0.98687315	-0.0030925167	2.9629936e-20	1
0	0.16487959	-0.98622894	-0.0030932166	0	0.0006283185	0	0.16487959	-0.98622894	-0.0030932166	2.9778447e-20	1
0	0.16792122	-0.98571527	-0.0030936305	0	0.0010053096	0	0.16792122	-0.98571527	-0.0030936305	2.9926894e-20	1
0	0.16792122	-0.98571527	-0.0030936305	0	0.001256637	0	0.16792122	-0.98571527	-0.0030936305	3.002583e-20	1
0	0.17552967	-0.98438776	-0.0030941418	0	0.0018849556	0	0.17552967	-0.98438776	-0.0030941418	3.0272943e-20	1
0	0.18135342	-0.9833307	-0.0030940552	0	0.002513274	0	0.18135342	-0.9833307	-0.0030940552	3.0519817e-20	1
0	0.19441286	-0.98083043	-0.0030923495	0	0.0037699111	0	0.19441286	-0.98083043	-0.0030923495	3.10127e-20	1
0	0.22807306	-0.97354865	-0.0030785704	0	0.0062831854	0	0.22807306	-0.97354865	-0.0030785704	3.1993827e-20	1
0	0.3065828	-0.9517317	-0.0029963192	0	0.009424778	0	0.3065828	-0.9517317	-0.0029963192	3.3204497e-20	1
0	-0.9582561	0.28556603	0.0001548583	0	0.012566371	0	-0.9582561	0.28556603	0.0001548583	2.7234747e-20	1
0	-0.08426787	0.99636817	0.0030310755	0	0.018849555	0	-0.08426787	0.99636817	0.0030310755	2.2054926e-20	1
0	-0.07250324	0.9972944	0.0030102856	0	0.025132742	0	-0.07250324	0.9972944	0.0030102856	1.9553537e-20	1
0	-0.05651895	0.9983294	0.002972499	0	0.03769911	0	-0.05651895	0.9983294	0.002972499	1.4545692e-20	1
0	-0.046219267	0.9988606	0.002938773	0	0.050265484	0	-0.046219267	0.9988606	0.002938773	9.53411e-21	1
0	-0.039057687	0.99916726	0.0029079542	0	0.06283186	0	-0.039057687	0.99916726	0.0029079542	4.5204843e-21	1
