# t (s)	mx ()	my ()	mz ()	B_extx (T)	B_exty (T)	B_extz (T)	mx ()	my ()	mz ()	E_total (J)	branch ()
0	0.9989728	0.043874796	-1.4864076e-05	0.06283186	0	0	0.9989728	0.043874796	-1.4864076e-05	2.3040993e-21	-1
0	0.9986911	0.049859382	-1.5013395e-05	0.050265484	0	0	0.9986911	0.049859382	-1.5013395e-05	7.316792e-21	-1
0	0.99826705	0.05771065	-1.5169164e-05	0.03769911	0	0	0.99826705	0.05771065	-1.5169164e-05	1.232774e-20	-1
0	0.99758697	0.06845017	-1.5329817e-05	0.025132742	0	0	0.99758697	0.06845017	-1.5329817e-05	1.7335988e-20	-1
0	0.9970814	0.07544793	-1.5410445e-05	0.018849555	0	0	0.9970814	0.07544793	-1.5410445e-05	1.9838581e-20	-1
0	0.9963959	0.08400658	-1.5488891e-05	0.012566371	0	0	0.9963959	0.08400658	-1.5488891e-05	2.2339702e-20	-1
0	0.9959575	0.0890474	-1.5526453e-05	0.009424778	0	0	0.9959575	0.0890474	-1.5526453e-05	2.3589537e-20	-1
0	0.99543345	0.09472002	-1.5561829e-05	0.0062831854	0	0	0.99543345	0.09472002	-1.5561829e-05	2.483877e-20	-1
0	0.9949361	0.09980371	-1.5588023e-05	0.0037699111	0	0	0.9949361	0.09980371	-1.5588023e-05	2.5837644e-20	-1
0	0.9946568	0.102546595	-1.5600417e-05	0.002513274	0	0	0.9946568	0.102546595	-1.5600417e-05	2.6336886e-20	-1
0	0.9945092	0.10396669	-1.5606221e-05	0.0018849556	0	0	0.9945092	0.10396669	-1.5606221e-05	2.6586452e-20	-1
0	0.99435294	0.10544968	-1.5611891e-05	0.001256637	0	0	0.99435294	0.10544968	-1.5611891e-05	2.6835978e-20	-1
0	0.9942889	0.1060514	-1.5613849e-05	0.0010053096	0	0	0.9942889	0.1060514	-1.5613849e-05	2.693578e-20	-1
0	0.9941913	0.106961384	-1.5617337e-05	0.0006283185	0	0	0.9941913	0.106961384	-1.5617337e-05	2.7085467e-20	-1
0	0.9940905	0.10789333	-1.5620477e-05	0.0002513274	0	0	0.9940905	0.10789333	-1.5620477e-05	2.723514e-20	-1
0	0.9940561	0.10820922	-1.562153e-05	0.0001256637	0	0	0.9940561	0.10820922	-1.562153e-05	2.7285027e-20	-1
0	0.9940561	0.10820922	-1.562153e-05	6.283185e-05	0	0	0.9940561	0.10820922	-1.562153e-05	2.7309972e-20	-1
0	0.9940561	0.10820922	-1.562153e-05	2.5132742e-05	0	0	0.9940561	0.10820922	-1.562153e-05	2.732494e-20	-1
0	0.9940561	0.10820922	-1.562153e-05	1.2566371e-05	0	0	0.9940561	0.10820922	-1.562153e-05	2.7329928e-20	-1
0	0.9940561	0.10820922	-1.562153e-05	6.2831855e-06	0	0	0.9940561	0.10820922	-1.562153e-05	2.7332422e-20	-1
0	0.9940561	0.10820922	-1.562153e-05	2.513274e-06	0	0	0.9940561	0.10820922	-1.562153e-05	2.733392e-20	-1
0	0.9940561	0.10820922	-1.562153e-05	1.256637e-06	0	0	0.9940561	0.10820922	-1.562153e-05	2.7334416e-20	-1
0	0.9940561	0.10820922	-1.562153e-05	6.283185e-07	0	0	0.9940561	0.10820922	-1.562153e-05	2.7334668e-20	-1
0	0.9940561	0.10820922	-1.562153e-05	2.513274e-07	0	0	0.9940561	0.10820922	-1.562153e-05	2.7334817e-20	-1
0	0.9940561	0.10820922	-1.562153e-05	1.256637e-07	0	0	0.9940561	0.10820922	-1.562153e-05	2.7334865e-20	-1
0	0.9940561	0.10820922	-1.562153e-05	0	0	0	0.9940561	0.10820922	-1.562153e-05	2.7334917e-20	-1
0	0.9940561	0.10820922	-1.562153e-05	-1.256637e-07	0	0	0.9940561	0.10820922	-1.562153e-05	2.7334965e-20	-1
0	0.9940561	0.10820922	-1.562153e-05	-2.513274e-07	0	0	0.9940561	0.10820922	-1.562153e-05	2.7335017e-20	-1
0	0.9940561	0.10820922	-1.562153e-05	-6.283185e-07	0	0	0.9940561	0.10820922	-1.562153e-05	2.7335166e-20	-1
0	0.9940561	0.10820922	-1.562153e-05	-1.256637e-06	0	0	0.9940561	0.10820922	-1.562153e-05	2.7335414e-20	-1
0	0.9940561	0.10820922	-1.562153e-05	-2.513274e-06	0	0	0.9940561	0.10820922	-1.562153e-05	2.7335912e-20	-1
0	0.9940561	0.10820922	-1.562153e-05	-6.2831855e-06	0	0	0.9940561	0.10820922	-1.562153e-05	2.733741e-20	-1
0	0.9940561	0.10820922	-1.562153e-05	-1.2566371e-05	0	0	0.9940561	0.10820922	-1.562153e-05	2.7339906e-20	-1
0	0.9940561	0.10820922	-1.562153e-05	-2.5132742e-05	0	0	0.9940561	0.10820922	-1.562153e-05	2.7344895e-20	-1
0	0.9940561	0.10820922	-1.562153e-05	-6.283185e-05	0	0	0.9940561	0.10820922	-1.562153e-05	2.7359858e-20	-1
0	0.9940561	0.10820922	-1.562153e-05	-0.0001256637	0	0	0.9940561	0.10820922	-1.562153e-05	2.7384803e-20	-1
0	0.99395263	0.10915484	-1.562461e-05	-0.0002513274	0	0	0.99395263	0.10915484	-1.562461e-05	2.743468e-20	-1
0	0.9938464	0.1101167	-1.5627818e-05	-0.0006283185	0	0	0.9938464	0.1101167	-1.5627818e-05	2.7584315e-20	-1
0	0.993736	0.11110816	-1.5629506e-05	-0.0010053096	0	0	0.993736	0.11110816	-1.5629506e-05	2.7733938e-20	-1
0	0.9936615	0.11177111	-1.5632246e-05	-0.001256637	0	0	0.9936615	0.11177111	-1.5632246e-05	2.7833678e-20	-1
0	0.9934683	0.11347414	-1.5636531e-05	-0.0018849556	0	0	0.9934683	0.11347414	-1.5636531e-05	2.8082985e-20	-1
0	0.9932666	0.115224764	-1.5640568e-05	-0.002513274	0	0	0.9932666	0.115224764	-1.5640568e-05	2.8332248e-20	-1
0	0.9928335	0.11889511	-1.5648082e-05	-0.0037699111	0	0	0.9928335	0.11889511	-1.5648082e-05	2.883061e-20	-1
0	0.99182874	0.12699762	-1.5657995e-05	-0.0062831854	0	0	0.99182874	0.12699762	-1.5657995e-05	2.982663e-20	-1
0	0.99024296	0.13881183	-1.565899e-05	-0.009424778	0	0	0.99024296	0.13881183	-1.565899e-05	3.1070054e-20	-1
0	0.98812973	0.15312125	-1.5641883e-05	-0.012566371	0	0	0.98812973	0.15312125	-1.5641883e-05	3.231118e-20	-1
0	0.9809321	0.19392607	-1.5516944e-05	-0.018849555	0	0	0.9809321	0.19392607	-1.5516944e-05	3.478275e-20	-1
0	0.96024656	0.27880615	-1.5166852e-05	-0.025132742	0	0	0.96024656	0.27880615	-1.5166852e-05	3.7224233e-20	-1
0	-0.99826723	-0.05770802	1.5169258e-05	-0.03769911	0	0	-0.99826723	-0.05770802	1.5169258e-05	1.2327743e-20	-1
0	-0.99869096	-0.04986126	1.5013358e-05	-0.050265484	0	0	-0.99869096	-0.04986126	1.5013358e-05	7.316792e-21	-1
0	-0.99897283	-0.04387434	1.4863894e-05	-0.06283186	0	0	-0.99897283	-0.04387434	1.4863894e-05	2.3041037e-21	-1
0	-0.9989728	-0.04387462	1.4864062e-05	-0.06283186	0	0	-0.9989728	-0.04387462	1.4864062e-05	2.3041015e-21	1
0	-0.9986912	-0.049857125	1.5013418e-05	-0.050265484	0	0	-0.9986912	-0.049857125	1.5013418e-05	7.316792e-21	1
0	-0.9982673	-0.05770756	1.5169165e-05	-0.03769911	0	0	-0.9982673	-0.05770756	1.5169165e-05	1.2327742e-20	1
0	-0.9975871	-0.068449035	1.5329815e-05	-0.025132742	0	0	-0.9975871	-0.068449035	1.5329815e-05	1.7335993e-20	1
0	-0.99708164	-0.07544458	1.541158e-05	-0.018849555	0	0	-0.99708164	-0.07544458	1.541158e-05	1.9838581e-20	1
0	-0.99639595	-0.084006205	1.5488957e-05	-0.012566371	0	0	-0.99639595	-0.084006205	1.5488957e-05	2.2339699e-20	1
0	-0.9959579	-0.0890432	1.5526739e-05	-0.009424778	0	0	-0.9959579	-0.0890432	1.5526739e-05	2.3589538e-20	1
0	-0.99543273	-0.09472752	1.556361e-05	-0.0062831854	0	0	-0.99543273	-0.09472752	1.556361e-05	2.483877e-20	1
0	-0.9949371	-0.09979308	1.5588139e-05	-0.0037699111	0	0	-0.9949371	-0.09979308	1.5588139e-05	2.5837644e-20	1
0	-0.9946564	-0.102551006	1.5600368e-05	-0.002513274	0	0	-0.9946564	-0.102551006	1.5600368e-05	2.633689e-20	1
0	-0.9945081	-0.103977755	1.5606212e-05	-0.0018849556	0	0	-0.9945081	-0.103977755	1.5606212e-05	2.6586452e-20	1
0	-0.99435246	-0.10545382	1.5611859e-05	-0.001256637	0	0	-0.99435246	-0.10545382	1.5611859e-05	2.6835978e-20	1
0	-0.99435246	-0.10545382	1.5611859e-05	-0.0010053096	0	0	-0.99435246	-0.10545382	1.5611859e-05	2.6935781e-20	1
0	-0.99419105	-0.106963694	1.5617316e-05	-0.0006283185	0	0	-0.99419105	-0.106963694	1.5617316e-05	2.7085465e-20	1
0	-0.99409044	-0.10789431	1.5620444e-05	-0.0002513274	0	0	-0.99409044	-0.10789431	1.5620444e-05	2.7235138e-20	1
0	-0.99405634	-0.10820715	1.5621667e-05	-0.0001256637	0	0	-0.99405634	-0.10820715	1.5621667e-05	2.7285027e-20	1
0	-0.9940392	-0.10836446	1.5622049e-05	-6.283185e-05	0	0	-0.9940392	-0.10836446	1.5622049e-05	2.7309972e-20	1
0	-0.99402934	-0.10845482	1.5622303e-05	-2.5132742e-05	0	0	-0.99402934	-0.10845482	1.5622303e-05	2.732494e-20	1
0	-0.99402547	-0.10849072	1.5622642e-05	-1.2566371e-05	0	0	-0.99402547	-0.10849072	1.5622642e-05	2.7329925e-20	1
0	-0.9940239	-0.108504504	1.5622563e-05	-6.2831855e-06	0	0	-0.9940239	-0.108504504	1.5622563e-05	2.733242e-20	1
0	-0.9940226	-0.108516805	1.562253e-05	-2.513274e-06	0	0	-0.9940226	-0.108516805	1.562253e-05	2.7333915e-20	1
0	-0.9940226	-0.108516805	1.562253e-05	-1.256637e-06	0	0	-0.9940226	-0.108516805	1.562253e-05	2.7334416e-20	1
0	-0.9940226	-0.108516805	1.562253e-05	-6.283185e-07	0	0	-0.9940226	-0.108516805	1.562253e-05	2.7334665e-20	1
0	-0.9940226	-0.108516805	1.562253e-05	-2.513274e-07	0	0	-0.9940226	-0.108516805	1.562253e-05	2.7334813e-20	1
0	-0.9940226	-0.108516805	1.562253e-05	-1.256637e-07	0	0	-0.9940226	-0.108516805	1.562253e-05	2.7334865e-20	1
0	-0.9940226	-0.108516805	1.562253e-05	0	0	0	-0.9940226	-0.108516805	1.562253e-05	2.7334914e-20	1
0	-0.9940226	-0.108516805	1.562253e-05	1.256637e-07	0	0	-0.9940226	-0.108516805	1.562253e-05	2.7334965e-20	1
0	-0.9940226	-0.108516805	1.562253e-05	2.513274e-07	0	0	-0.9940226	-0.108516805	1.562253e-05	2.7335014e-20	1
0	-0.9940226	-0.108516805	1.562253e-05	6.283185e-07	0	0	-0.9940226	-0.108516805	1.562253e-05	2.7335162e-20	1
0	-0.9940226	-0.108516805	1.562253e-05	1.256637e-06	0	0	-0.9940226	-0.108516805	1.562253e-05	2.7335414e-20	1
0	-0.9940226	-0.108516805	1.562253e-05	2.513274e-06	0	0	-0.9940226	-0.108516805	1.562253e-05	2.7335912e-20	1
0	-0.9940226	-0.108516805	1.562253e-05	6.2831855e-06	0	0	-0.9940226	-0.108516805	1.562253e-05	2.7337408e-20	1
0	-0.9940226	-0.108516805	1.562253e-05	1.2566371e-05	0	0	-0.9940226	-0.108516805	1.562253e-05	2.7339903e-20	1
0	-0.9940226	-0.108516805	1.562253e-05	2.5132742e-05	0	0	-0.9940226	-0.108516805	1.562253e-05	2.734489e-20	1
0	-0.9940226	-0.108516805	1.562253e-05	6.283185e-05	0	0	-0.9940226	-0.108516805	1.562253e-05	2.7359858e-20	1
0	-0.9940226	-0.108516805	1.562253e-05	0.0001256637	0	0	-0.9940226	-0.108516805	1.562253e-05	2.73848e-20	1
0	-0.9940226	-0.108516805	1.562253e-05	0.0002513274	0	0	-0.9940226	-0.108516805	1.562253e-05	2.7434686e-20	1
0	-0.99384594	-0.11012138	1.5626705e-05	0.0006283185	0	0	-0.99384594	-0.11012138	1.5626705e-05	2.7584318e-20	1
0	-0.99373806	-0.11108994	1.5630416e-05	0.0010053096	0	0	-0.99373806	-0.11108994	1.5630416e-05	2.7733935e-20	1
0	-0.99366164	-0.11177051	1.5632493e-05	0.001256637	0	0	-0.99366164	-0.11177051	1.5632493e-05	2.7833674e-20	1
0	-0.99346817	-0.113475546	1.5636688e-05	0.0018849556	0	0	-0.99346817	-0.113475546	1.5636688e-05	2.8082985e-20	1
0	-0.9932671	-0.1152201	1.5640871e-05	0.002513274	0	0	-0.9932671	-0.1152201	1.5640871e-05	2.8332248e-20	1
0	-0.9928334	-0.11889638	1.5648093e-05	0.0037699111	0	0	-0.9928334	-0.11889638	1.5648093e-05	2.883061e-20	1
0	-0.9918288	-0.12699717	1.5657988e-05	0.0062831854	0	0	-0.9918288	-0.12699717	1.5657988e-05	2.982663e-20	1
0	-0.9902415	-0.13882187	1.5658894e-05	0.009424778	0	0	-0.9902415	-0.13882187	1.5658894e-05	3.1070057e-20	1
0	-0.98812985	-0.15312018	1.5641985e-05	0.012566371	0	0	-0.98812985	-0.15312018	1.5641985e-05	3.2311184e-20	1
0	-0.98093283	-0.19392234	1.5517031e-05	0.018849555	0	0	-0.98093283	-0.19392234	1.5517031e-05	3.478275e-20	1
0	-0.96025777	-0.27876732	1.51668955e-05	0.025132742	0	0	-0.96025777	-0.27876732	1.51668955e-05	3.7224233e-20	1
0	0.9982671	0.0577103	-1.5169108e-05	0.03769911	0	0	0.9982671	0.0577103	-1.5169108e-05	1.2327743e-20	1
0	0.99869084	0.049863562	-1.50133965e-05	0.050265484	0	0	0.99869084	0.049863562	-1.50133965e-05	7.316792e-21	1
0	0.9989728	0.043876786	-1.486408e-05	0.06283186	0	0	0.9989728	0.043876786	-1.486408e-05	2.3041033e-21	1
