# t (s)	mx ()	my ()	mz ()	B_extx (T)	B_exty (T)	B_extz (T)	mx ()	my ()	mz ()	E_total (J)	branch ()
0	0.9998392	0.013941229	0.0005948487	0.06283186	0	0	0.9998392	0.013941229	0.0005948487	2.2608395e-21	-1
0	0.9998103	0.015829703	0.00059952924	0.050265484	0	0	0.9998103	0.015829703	0.00059952924	7.27847e-21	-1
0	0.9997671	0.018310914	0.000604299	0.03769911	0	0	0.9997671	0.018310914	0.000604299	1.2295925e-20	-1
0	0.99969816	0.02171341	0.0006091543	0.025132742	0	0	0.99969816	0.02171341	0.0006091543	1.7313103e-20	-1
0	0.999647	0.023935959	0.0006116164	0.018849555	0	0	0.999647	0.023935959	0.0006116164	1.9821542e-20	-1
0	0.9995775	0.026663633	0.0006140877	0.012566371	0	0	0.9995775	0.026663633	0.0006140877	2.2329825e-20	-1
0	0.9995332	0.028271738	0.000615324	0.009424778	0	0	0.9995332	0.028271738	0.000615324	2.3583895e-20	-1
0	0.99947983	0.030090297	0.0006165579	0.0062831854	0	0	0.99947983	0.030090297	0.0006165579	2.4837903e-20	-1
0	0.9994291	0.031722993	0.0006175395	0.0037699111	0	0	0.9994291	0.031722993	0.0006175395	2.5841056e-20	-1
0	0.9994007	0.03260444	0.0006180287	0.002513274	0	0	0.9994007	0.03260444	0.0006180287	2.6342615e-20	-1
0	0.9993854	0.03306654	0.0006182739	0.0018849556	0	0	0.9993854	0.03306654	0.0006182739	2.6593388e-20	-1
0	0.9993696	0.03354101	0.00061851577	0.001256637	0	0	0.9993696	0.03354101	0.00061851577	2.6844156e-20	-1
0	0.9993696	0.03354101	0.00061851577	0.0010053096	0	0	0.9993696	0.03354101	0.00061851577	2.6944462e-20	-1
0	0.9993531	0.034026958	0.0006187585	0.0006283185	0	0	0.9993531	0.034026958	0.0006187585	2.709492e-20	-1
0	0.9993429	0.0343242	0.0006188929	0.0002513274	0	0	0.9993429	0.0343242	0.0006188929	2.7245375e-20	-1
0	0.9993429	0.0343242	0.0006188929	0.0001256637	0	0	0.9993429	0.0343242	0.0006188929	2.729553e-20	-1
0	0.9993429	0.0343242	0.0006188929	6.283185e-05	0	0	0.9993429	0.0343242	0.0006188929	2.7320603e-20	-1
0	0.9993429	0.0343242	0.0006188929	2.5132742e-05	0	0	0.9993429	0.0343242	0.0006188929	2.733565e-20	-1
0	0.9993429	0.0343242	0.0006188929	1.2566371e-05	0	0	0.9993429	0.0343242	0.0006188929	2.7340665e-20	-1
0	0.9993429	0.0343242	0.0006188929	6.2831855e-06	0	0	0.9993429	0.0343242	0.0006188929	2.7343172e-20	-1
0	0.9993429	0.0343242	0.0006188929	2.513274e-06	0	0	0.9993429	0.0343242	0.0006188929	2.7344675e-20	-1
0	0.9993429	0.0343242	0.0006188929	1.256637e-06	0	0	0.9993429	0.0343242	0.0006188929	2.734518e-20	-1
0	0.9993429	0.0343242	0.0006188929	6.283185e-07	0	0	0.9993429	0.0343242	0.0006188929	2.7345428e-20	-1
0	0.9993429	0.0343242	0.0006188929	2.513274e-07	0	0	0.9993429	0.0343242	0.0006188929	2.734558e-20	-1
0	0.9993429	0.0343242	0.0006188929	1.256637e-07	0	0	0.9993429	0.0343242	0.0006188929	2.7345628e-20	-1
0	0.9993429	0.0343242	0.0006188929	0	0	0	0.9993429	0.0343242	0.0006188929	2.734568e-20	-1
0	0.9993429	0.0343242	0.0006188929	-1.256637e-07	0	0	0.9993429	0.0343242	0.0006188929	2.7345728e-20	-1
0	0.9993429	0.0343242	0.0006188929	-2.513274e-07	0	0	0.9993429	0.0343242	0.0006188929	2.734578e-20	-1
0	0.9993429	0.0343242	0.0006188929	-6.283185e-07	0	0	0.9993429	0.0343242	0.0006188929	2.7345932e-20	-1
0	0.9993429	0.0343242	0.0006188929	-1.256637e-06	0	0	0.9993429	0.0343242	0.0006188929	2.734618e-20	-1
0	0.9993429	0.0343242	0.0006188929	-2.513274e-06	0	0	0.9993429	0.0343242	0.0006188929	2.734668e-20	-1
0	0.9993429	0.0343242	0.0006188929	-6.2831855e-06	0	0	0.9993429	0.0343242	0.0006188929	2.7348187e-20	-1
0	0.9993429	0.0343242	0.0006188929	-1.2566371e-05	0	0	0.9993429	0.0343242	0.0006188929	2.7350695e-20	-1
0	0.9993429	0.0343242	0.0006188929	-2.5132742e-05	0	0	0.9993429	0.0343242	0.0006188929	2.735571e-20	-1
0	0.9993429	0.0343242	0.0006188929	-6.283185e-05	0	0	0.9993429	0.0343242	0.0006188929	2.7370757e-20	-1
0	0.9993323	0.034631386	0.00061904744	-0.0001256637	0	0	0.9993323	0.034631386	0.00061904744	2.739583e-20	-1
0	0.9993323	0.034631386	0.00061904744	-0.0002513274	0	0	0.9993323	0.034631386	0.00061904744	2.7445982e-20	-1
0	0.9993179	0.035043556	0.0006192402	-0.0006283185	0	0	0.9993179	0.035043556	0.0006192402	2.7596438e-20	-1
0	0.9993069	0.035353504	0.0006193839	-0.0010053096	0	0	0.9993069	0.035353504	0.0006193839	2.774689e-20	-1
0	0.9993069	0.035353504	0.0006193839	-0.001256637	0	0	0.9993069	0.035353504	0.0006193839	2.784719e-20	-1
0	0.99927926	0.036125403	0.000619718	-0.0018849556	0	0	0.99927926	0.036125403	0.000619718	2.8097936e-20	-1
0	0.99925864	0.036688276	0.00061995536	-0.002513274	0	0	0.99925864	0.036688276	0.00061995536	2.834868e-20	-1
0	0.9992141	0.037879445	0.0006204259	-0.0037699111	0	0	0.9992141	0.037879445	0.0006204259	2.8850147e-20	-1
0	0.9991112	0.04049792	0.0006213465	-0.0062831854	0	0	0.9991112	0.04049792	0.0006213465	2.985301e-20	-1
0	0.998948	0.04433361	0.00062244094	-0.009424778	0	0	0.998948	0.04433361	0.00062244094	3.110642e-20	-1
0	0.99873006	0.04898965	0.0006234346	-0.012566371	0	0	0.99873006	0.04898965	0.0006234346	3.23596e-20	-1
0	0.9980078	0.061970767	0.00062480534	-0.018849555	0	0	0.9980078	0.061970767	0.00062480534	3.4864865e-20	-1
0	0.9963362	0.08467958	0.0006236809	-0.025132742	0	0	0.9963362	0.08467958	0.0006236809	3.7367354e-20	-1
0	-0.99976707	-0.018314574	-0.0006042995	-0.03769911	0	0	-0.99976707	-0.018314574	-0.0006042995	1.2295928e-20	-1
0	-0.9998102	-0.015833437	-0.00059952954	-0.050265484	0	0	-0.9998102	-0.015833437	-0.00059952954	7.278473e-21	-1
0	-0.9998392	-0.013943638	-0.00059484737	-0.06283186	0	0	-0.9998392	-0.013943638	-0.00059484737	2.2608407e-21	-1
0	-0.9998392	-0.013943638	-0.00059484737	-0.06283186	0	0	-0.9998392	-0.013943638	-0.00059484737	2.2608407e-21	1
0	-0.9998103	-0.015831843	-0.00059952895	-0.050265484	0	0	-0.9998103	-0.015831843	-0.00059952895	7.278471e-21	1
0	-0.99976707	-0.018313676	-0.0006042995	-0.03769911	0	0	-0.99976707	-0.018313676	-0.0006042995	1.2295927e-20	1
0	-0.9996982	-0.02171408	-0.00060915796	-0.025132742	0	0	-0.9996982	-0.02171408	-0.00060915796	1.7313103e-20	1
0	-0.9996471	-0.023936026	-0.00061161676	-0.018849555	0	0	-0.9996471	-0.023936026	-0.00061161676	1.9821543e-20	1
0	-0.99957776	-0.026657615	-0.00061408733	-0.012566371	0	0	-0.99957776	-0.026657615	-0.00061408733	2.2329823e-20	1
0	-0.9995332	-0.02827172	-0.000615324	-0.009424778	0	0	-0.9995332	-0.02827172	-0.000615324	2.3583895e-20	1
0	-0.9994798	-0.030091496	-0.00061655795	-0.0062831854	0	0	-0.9994798	-0.030091496	-0.00061655795	2.4837906e-20	1
0	-0.99942935	-0.031718235	-0.0006175399	-0.0037699111	0	0	-0.99942935	-0.031718235	-0.0006175399	2.5841056e-20	1
0	-0.9994007	-0.032603577	-0.00061802927	-0.002513274	0	0	-0.9994007	-0.032603577	-0.00061802927	2.634261e-20	1
0	-0.9993856	-0.0330615	-0.0006182727	-0.0018849556	0	0	-0.9993856	-0.0330615	-0.0006182727	2.6593387e-20	1
0	-0.99936974	-0.03353433	-0.00061851577	-0.001256637	0	0	-0.99936974	-0.03353433	-0.00061851577	2.6844155e-20	1
0	-0.99936974	-0.03353433	-0.00061851577	-0.0010053096	0	0	-0.99936974	-0.03353433	-0.00061851577	2.6944462e-20	1
0	-0.99935323	-0.034023114	-0.0006187579	-0.0006283185	0	0	-0.99935323	-0.034023114	-0.0006187579	2.709492e-20	1
0	-0.9993428	-0.034326375	-0.00061890297	-0.0002513274	0	0	-0.9993428	-0.034326375	-0.00061890297	2.7245378e-20	1
0	-0.9993428	-0.034326375	-0.00061890297	-0.0001256637	0	0	-0.9993428	-0.034326375	-0.00061890297	2.729553e-20	1
0	-0.9993428	-0.034326375	-0.00061890297	-6.283185e-05	0	0	-0.9993428	-0.034326375	-0.00061890297	2.7320606e-20	1
0	-0.9993428	-0.034326375	-0.00061890297	-2.5132742e-05	0	0	-0.9993428	-0.034326375	-0.00061890297	2.733565e-20	1
0	-0.9993428	-0.034326375	-0.00061890297	-1.2566371e-05	0	0	-0.9993428	-0.034326375	-0.00061890297	2.7340665e-20	1
0	-0.9993428	-0.034326375	-0.00061890297	-6.2831855e-06	0	0	-0.9993428	-0.034326375	-0.00061890297	2.7343176e-20	1
0	-0.9993428	-0.034326375	-0.00061890297	-2.513274e-06	0	0	-0.9993428	-0.034326375	-0.00061890297	2.7344678e-20	1
0	-0.9993428	-0.034326375	-0.00061890297	-1.256637e-06	0	0	-0.9993428	-0.034326375	-0.00061890297	2.734518e-20	1
0	-0.9993428	-0.034326375	-0.00061890297	-6.283185e-07	0	0	-0.9993428	-0.034326375	-0.00061890297	2.734543e-20	1
0	-0.9993428	-0.034326375	-0.00061890297	-2.513274e-07	0	0	-0.9993428	-0.034326375	-0.00061890297	2.7345583e-20	1
0	-0.9993428	-0.034326375	-0.00061890297	-1.256637e-07	0	0	-0.9993428	-0.034326375	-0.00061890297	2.734563e-20	1
0	-0.9993428	-0.034326375	-0.00061890297	0	0	0	-0.9993428	-0.034326375	-0.00061890297	2.7345683e-20	1
0	-0.9993428	-0.034326375	-0.00061890297	1.256637e-07	0	0	-0.9993428	-0.034326375	-0.00061890297	2.734573e-20	1
0	-0.9993428	-0.034326375	-0.00061890297	2.513274e-07	0	0	-0.9993428	-0.034326375	-0.00061890297	2.7345783e-20	1
0	-0.9993428	-0.034326375	-0.00061890297	6.283185e-07	0	0	-0.9993428	-0.034326375	-0.00061890297	2.7345932e-20	1
0	-0.9993428	-0.034326375	-0.00061890297	1.256637e-06	0	0	-0.9993428	-0.034326375	-0.00061890297	2.7346184e-20	1
0	-0.9993428	-0.034326375	-0.00061890297	2.513274e-06	0	0	-0.9993428	-0.034326375	-0.00061890297	2.7346685e-20	1
0	-0.9993428	-0.034326375	-0.00061890297	6.2831855e-06	0	0	-0.9993428	-0.034326375	-0.00061890297	2.734819e-20	1
0	-0.9993428	-0.034326375	-0.00061890297	1.2566371e-05	0	0	-0.9993428	-0.034326375	-0.00061890297	2.7350698e-20	1
0	-0.9993428	-0.034326375	-0.00061890297	2.5132742e-05	0	0	-0.9993428	-0.034326375	-0.00061890297	2.7355713e-20	1
0	-0.9993428	-0.034326375	-0.00061890297	6.283185e-05	0	0	-0.9993428	-0.034326375	-0.00061890297	2.7370757e-20	1
0	-0.9993324	-0.034626335	-0.00061904767	0.0001256637	0	0	-0.9993324	-0.034626335	-0.00061904767	2.7395834e-20	1
0	-0.9993324	-0.034626335	-0.00061904767	0.0002513274	0	0	-0.9993324	-0.034626335	-0.00061904767	2.7445985e-20	1
0	-0.9993179	-0.03504325	-0.00061924	0.0006283185	0	0	-0.9993179	-0.03504325	-0.00061924	2.759644e-20	1
0	-0.9993067	-0.03536155	-0.00061938376	0.0010053096	0	0	-0.9993067	-0.03536155	-0.00061938376	2.774689e-20	1
0	-0.9993067	-0.03536155	-0.00061938376	0.001256637	0	0	-0.9993067	-0.03536155	-0.00061938376	2.784719e-20	1
0	-0.9992792	-0.036125883	-0.000619719	0.0018849556	0	0	-0.9992792	-0.036125883	-0.000619719	2.8097936e-20	1
0	-0.9992585	-0.03669264	-0.0006199608	0.002513274	0	0	-0.9992585	-0.03669264	-0.0006199608	2.8348678e-20	1
0	-0.99921405	-0.037881657	-0.0006204258	0.0037699111	0	0	-0.99921405	-0.037881657	-0.0006204258	2.8850147e-20	1
0	-0.99911106	-0.040500075	-0.0006213464	0.0062831854	0	0	-0.99911106	-0.040500075	-0.0006213464	2.9853006e-20	1
0	-0.99894834	-0.044325747	-0.00062244124	0.009424778	0	0	-0.99894834	-0.044325747	-0.00062244124	3.110642e-20	1
0	-0.9987308	-0.048976418	-0.00062341965	0.012566371	0	0	-0.9987308	-0.048976418	-0.00062341965	3.23596e-20	1
0	-0.99800724	-0.061979663	-0.00062478776	0.018849555	0	0	-0.99800724	-0.061979663	-0.00062478776	3.4864865e-20	1
0	-0.99633634	-0.08467811	-0.00062368123	0.025132742	0	0	-0.99633634	-0.08467811	-0.00062368123	3.736735e-20	1
0	0.99976707	0.0183142	0.0006042995	0.03769911	0	0	0.99976707	0.0183142	0.0006042995	1.22959275e-20	1
0	0.99981016	0.015835838	0.0005995339	0.050265484	0	0	0.99981016	0.015835838	0.0005995339	7.2784745e-21	1
0	0.99983907	0.013944656	0.00059484533	0.06283186	0	0	0.99983907	0.013944656	0.00059484533	2.2608403e-21	1
