# t (s)	mx ()	my ()	mz ()	B_extx (T)	B_exty (T)	B_extz (T)	mx ()	my ()	mz ()	E_total (J)	branch ()
0	-0.05369272	0.99849117	-0.000481819	0	0.06283186	0	-0.05369272	0.99849117	-0.000481819	4.6864988e-21	-1
0	-0.06410622	0.99787545	-0.0004884793	0	0.050265484	0	-0.06410622	0.99787545	-0.0004884793	9.696019e-21	-1
0	-0.079273015	0.99678373	-0.00049624074	0	0.03769911	0	-0.079273015	0.99678373	-0.00049624074	1.4701405e-20	-1
0	-0.10308631	0.99460065	-0.0005056251	0	0.025132742	0	-0.10308631	0.99460065	-0.0005056251	1.969898e-20	-1
0	-0.120705314	0.9926146	-0.000511111	0	0.018849555	0	-0.120705314	0.9926146	-0.000511111	2.2192379e-20	-1
0	-0.1447637	0.98938954	-0.0005171191	0	0.012566371	0	-0.1447637	0.98938954	-0.0005171191	2.4679399e-20	-1
0	-0.1603305	0.9869846	-0.0005202137	0	0.009424778	0	-0.1603305	0.9869846	-0.0005202137	2.5919276e-20	-1
0	-0.17923921	0.9837239	-0.0005232792	0	0.0062831854	0	-0.17923921	0.9837239	-0.0005232792	2.7155635e-20	-1
0	-0.19752309	0.98021364	-0.0005254984	0	0.0037699111	0	-0.19752309	0.98021364	-0.0005254984	2.814132e-20	-1
0	-0.20801577	0.978039	-0.00052646035	0	0.002513274	0	-0.20801577	0.978039	-0.00052646035	2.8632705e-20	-1
0	-0.21367048	0.97681844	-0.0005268846	0	0.0018849556	0	-0.21367048	0.97681844	-0.0005268846	2.8877967e-20	-1
0	-0.2196371	0.9754932	-0.0005272633	0	0.001256637	0	-0.2196371	0.9754932	-0.0005272633	2.9122913e-20	-1
0	-0.2196371	0.9754932	-0.0005272633	0	0.0010053096	0	-0.2196371	0.9754932	-0.0005272633	2.9220824e-20	-1
0	-0.22592443	0.9740552	-0.00052757666	0	0.0006283185	0	-0.22592443	0.9740552	-0.00052757666	2.9367506e-20	-1
0	-0.22986819	0.9731314	-0.0005277471	0	0.0002513274	0	-0.22986819	0.9731314	-0.0005277471	2.951409e-20	-1
0	-0.22986819	0.9731314	-0.0005277471	0	0.0001256637	0	-0.22986819	0.9731314	-0.0005277471	2.9562928e-20	-1
0	-0.22986819	0.9731314	-0.0005277471	0	6.283185e-05	0	-0.22986819	0.9731314	-0.0005277471	2.9587346e-20	-1
0	-0.22986819	0.9731314	-0.0005277471	0	2.5132742e-05	0	-0.22986819	0.9731314	-0.0005277471	2.9601996e-20	-1
0	-0.22986819	0.9731314	-0.0005277471	0	1.2566371e-05	0	-0.22986819	0.9731314	-0.0005277471	2.9606878e-20	-1
0	-0.22986819	0.9731314	-0.0005277471	0	6.2831855e-06	0	-0.22986819	0.9731314	-0.0005277471	2.960932e-20	-1
0	-0.22986819	0.9731314	-0.0005277471	0	2.513274e-06	0	-0.22986819	0.9731314	-0.0005277471	2.9610788e-20	-1
0	-0.22986819	0.9731314	-0.0005277471	0	1.256637e-06	0	-0.22986819	0.9731314	-0.0005277471	2.9611276e-20	-1
0	-0.22986819	0.9731314	-0.0005277471	0	6.283185e-07	0	-0.22986819	0.9731314	-0.0005277471	2.9611518e-20	-1
0	-0.22986819	0.9731314	-0.0005277471	0	2.513274e-07	0	-0.22986819	0.9731314	-0.0005277471	2.9611667e-20	-1
0	-0.22986819	0.9731314	-0.0005277471	0	1.256637e-07	0	-0.22986819	0.9731314	-0.0005277471	2.9611715e-20	-1
0	-0.22986819	0.9731314	-0.0005277471	0	0	0	-0.22986819	0.9731314	-0.0005277471	2.9611764e-20	-1
0	-0.22986819	0.9731314	-0.0005277471	0	-1.256637e-07	0	-0.22986819	0.9731314	-0.0005277471	2.9611812e-20	-1
0	-0.22986819	0.9731314	-0.0005277471	0	-2.513274e-07	0	-0.22986819	0.9731314	-0.0005277471	2.961186e-20	-1
0	-0.22986819	0.9731314	-0.0005277471	0	-6.283185e-07	0	-0.22986819	0.9731314	-0.0005277471	2.9612006e-20	-1
0	-0.22986819	0.9731314	-0.0005277471	0	-1.256637e-06	0	-0.22986819	0.9731314	-0.0005277471	2.9612252e-20	-1
0	-0.22986819	0.9731314	-0.0005277471	0	-2.513274e-06	0	-0.22986819	0.9731314	-0.0005277471	2.961274e-20	-1
0	-0.22986819	0.9731314	-0.0005277471	0	-6.2831855e-06	0	-0.22986819	0.9731314	-0.0005277471	2.9614207e-20	-1
0	-0.22986819	0.9731314	-0.0005277471	0	-1.2566371e-05	0	-0.22986819	0.9731314	-0.0005277471	2.9616646e-20	-1
0	-0.22986819	0.9731314	-0.0005277471	0	-2.5132742e-05	0	-0.22986819	0.9731314	-0.0005277471	2.962153e-20	-1
0	-0.23325905	0.97232354	-0.0005278608	0	-6.283185e-05	0	-0.23325905	0.97232354	-0.0005278608	2.9636133e-20	-1
0	-0.23325905	0.97232354	-0.0005278608	0	-0.0001256637	0	-0.23325905	0.97232354	-0.0005278608	2.966053e-20	-1
0	-0.23325905	0.97232354	-0.0005278608	0	-0.0002513274	0	-0.23325905	0.97232354	-0.0005278608	2.9709326e-20	-1
0	-0.23961598	0.9707755	-0.0005280138	0	-0.0006283185	0	-0.23961598	0.9707755	-0.0005280138	2.985554e-20	-1
0	-0.2440575	0.9696676	-0.0005280734	0	-0.0010053096	0	-0.2440575	0.9696676	-0.0005280734	3.0001618e-20	-1
0	-0.2440575	0.9696676	-0.0005280734	0	-0.001256637	0	-0.2440575	0.9696676	-0.0005280734	3.0098944e-20	-1
0	-0.25510743	0.96681726	-0.000528057	0	-0.0018849556	0	-0.25510743	0.96681726	-0.000528057	3.0341764e-20	-1
0	-0.2636835	0.964512	-0.0005278659	0	-0.002513274	0	-0.2636835	0.964512	-0.0005278659	3.0584076e-20	-1
0	-0.28295678	0.9590311	-0.0005269359	0	-0.0037699111	0	-0.28295678	0.9590311	-0.0005269359	3.106679e-20	-1
0	-0.33524805	0.94201565	-0.00052067445	0	-0.0062831854	0	-0.33524805	0.94201565	-0.00052067445	3.202176e-20	-1
0	-0.9074712	-0.41982198	3.290364e-05	0	-0.009424778	0	-0.9074712	-0.41982198	3.290364e-05	2.6118286e-20	-1
0	-0.8672677	-0.49756294	3.8156682e-05	0	-0.012566371	0	-0.8672677	-0.49756294	3.8156682e-05	2.5544192e-20	-1
0	0.12071709	-0.9926132	0.000511111	0	-0.018849555	0	0.12071709	-0.9926132	0.000511111	2.2192382e-20	-1
0	0.10310407	-0.9945988	0.0005056281	0	-0.025132742	0	0.10310407	-0.9945988	0.0005056281	1.9698978e-20	-1
0	0.07927944	-0.99678326	0.00049624185	0	-0.03769911	0	0.07927944	-0.99678326	0.00049624185	1.4701407e-20	-1
0	0.06411247	-0.9978751	0.000488481	0	-0.050265484	0	0.06411247	-0.9978751	0.000488481	9.696018e-21	-1
0	0.053698033	-0.9984908	0.00048181854	0	-0.06283186	0	0.053698033	-0.9984908	0.00048181854	4.6864944e-21	-1
0	0.053698033	-0.9984908	0.00048181854	0	-0.06283186	0	0.053698033	-0.9984908	0.00048181854	4.6864944e-21	1
0	0.06410709	-0.99787545	0.0004884798	0	-0.050265484	0	0.06410709	-0.99787545	0.0004884798	9.69602e-21	1
0	0.07927338	-0.9967836	0.00049624196	0	-0.03769911	0	0.07927338	-0.9967836	0.00049624196	1.4701407e-20	1
0	0.10308604	-0.99460065	0.0005056243	0	-0.025132742	0	0.10308604	-0.99460065	0.0005056243	1.9698982e-20	1
0	0.120705225	-0.9926147	0.0005111064	0	-0.018849555	0	0.120705225	-0.9926147	0.0005111064	2.2192379e-20	1
0	0.14476633	-0.9893892	0.0005171183	0	-0.012566371	0	0.14476633	-0.9893892	0.0005171183	2.4679399e-20	1
0	0.16033337	-0.98698413	0.0005202339	0	-0.009424778	0	0.16033337	-0.98698413	0.0005202339	2.5919275e-20	1
0	0.17923102	-0.98372537	0.00052327826	0	-0.0062831854	0	0.17923102	-0.98372537	0.00052327826	2.7155632e-20	1
0	0.19752061	-0.9802141	0.00052549783	0	-0.0037699111	0	0.19752061	-0.9802141	0.00052549783	2.8141318e-20	1
0	0.20802876	-0.9780363	0.00052646076	0	-0.002513274	0	0.20802876	-0.9780363	0.00052646076	2.8632705e-20	1
0	0.21367922	-0.97681653	0.000526884	0	-0.0018849556	0	0.21367922	-0.97681653	0.000526884	2.8877974e-20	1
0	0.21964535	-0.9754913	0.0005272635	0	-0.001256637	0	0.21964535	-0.9754913	0.0005272635	2.9122916e-20	1
0	0.21964535	-0.9754913	0.0005272635	0	-0.0010053096	0	0.21964535	-0.9754913	0.0005272635	2.9220827e-20	1
0	0.22592229	-0.9740557	0.00052758475	0	-0.0006283185	0	0.22592229	-0.9740557	0.00052758475	2.936751e-20	1
0	0.22986092	-0.9731331	0.000527745	0	-0.0002513274	0	0.22986092	-0.9731331	0.000527745	2.951409e-20	1
0	0.22986092	-0.9731331	0.000527745	0	-0.0001256637	0	0.22986092	-0.9731331	0.000527745	2.9562928e-20	1
0	0.22986092	-0.9731331	0.000527745	0	-6.283185e-05	0	0.22986092	-0.9731331	0.000527745	2.9587346e-20	1
0	0.22986092	-0.9731331	0.000527745	0	-2.5132742e-05	0	0.22986092	-0.9731331	0.000527745	2.9601996e-20	1
0	0.22986092	-0.9731331	0.000527745	0	-1.2566371e-05	0	0.22986092	-0.9731331	0.000527745	2.960688e-20	1
0	0.22986092	-0.9731331	0.000527745	0	-6.2831855e-06	0	0.22986092	-0.9731331	0.000527745	2.960932e-20	1
0	0.22986092	-0.9731331	0.000527745	0	-2.513274e-06	0	0.22986092	-0.9731331	0.000527745	2.9610788e-20	1
0	0.22986092	-0.9731331	0.000527745	0	-1.256637e-06	0	0.22986092	-0.9731331	0.000527745	2.9611276e-20	1
0	0.22986092	-0.9731331	0.000527745	0	-6.283185e-07	0	0.22986092	-0.9731331	0.000527745	2.9611518e-20	1
0	0.22986092	-0.9731331	0.000527745	0	-2.513274e-07	0	0.22986092	-0.9731331	0.000527745	2.9611667e-20	1
0	0.22986092	-0.9731331	0.000527745	0	-1.256637e-07	0	0.22986092	-0.9731331	0.000527745	2.9611715e-20	1
0	0.22986092	-0.9731331	0.000527745	0	0	0	0.22986092	-0.9731331	0.000527745	2.9611764e-20	1
0	0.22986092	-0.9731331	0.000527745	0	1.256637e-07	0	0.22986092	-0.9731331	0.000527745	2.9611812e-20	1
0	0.22986092	-0.9731331	0.000527745	0	2.513274e-07	0	0.22986092	-0.9731331	0.000527745	2.961186e-20	1
0	0.22986092	-0.9731331	0.000527745	0	6.283185e-07	0	0.22986092	-0.9731331	0.000527745	2.961201e-20	1
0	0.22986092	-0.9731331	0.000527745	0	1.256637e-06	0	0.22986092	-0.9731331	0.000527745	2.9612252e-20	1
0	0.22986092	-0.9731331	0.000527745	0	2.513274e-06	0	0.22986092	-0.9731331	0.000527745	2.961274e-20	1
0	0.22986092	-0.9731331	0.000527745	0	6.2831855e-06	0	0.22986092	-0.9731331	0.000527745	2.9614207e-20	1
0	0.22986092	-0.9731331	0.000527745	0	1.2566371e-05	0	0.22986092	-0.9731331	0.000527745	2.9616646e-20	1
0	0.22986092	-0.9731331	0.000527745	0	2.5132742e-05	0	0.22986092	-0.9731331	0.000527745	2.962153e-20	1
0	0.23326552	-0.972322	0.0005278596	0	6.283185e-05	0	0.23326552	-0.972322	0.0005278596	2.963613e-20	1
0	0.23326552	-0.972322	0.0005278596	0	0.0001256637	0	0.23326552	-0.972322	0.0005278596	2.966053e-20	1
0	0.23326552	-0.972322	0.0005278596	0	0.0002513274	0	0.23326552	-0.972322	0.0005278596	2.9709326e-20	1
0	0.23961237	-0.9707763	0.00052801636	0	0.0006283185	0	0.23961237	-0.9707763	0.00052801636	2.9855543e-20	1
0	0.24408351	-0.96966106	0.0005280731	0	0.0010053096	0	0.24408351	-0.96966106	0.0005280731	3.000161e-20	1
0	0.24408351	-0.96966106	0.0005280731	0	0.001256637	0	0.24408351	-0.96966106	0.0005280731	3.0098938e-20	1
0	0.25511214	-0.96681607	0.0005280513	0	0.0018849556	0	0.25511214	-0.96681607	0.0005280513	3.0341764e-20	1
0	0.26368517	-0.9645115	0.00052786747	0	0.002513274	0	0.26368517	-0.9645115	0.00052786747	3.058408e-20	1
0	0.28294873	-0.95903355	0.0005269266	0	0.0037699111	0	0.28294873	-0.95903355	0.0005269266	3.106679e-20	1
0	0.335243	-0.94201744	0.0005206752	0	0.0062831854	0	0.335243	-0.94201744	0.0005206752	3.202176e-20	1
0	0.9074625	0.4198407	-3.29045e-05	0	0.009424778	0	0.9074625	0.4198407	-3.29045e-05	2.6118284e-20	1
0	0.8672899	0.49752444	-3.8152568e-05	0	0.012566371	0	0.8672899	0.49752444	-3.8152568e-05	2.554419e-20	1
0	-0.12070902	0.9926142	-0.00051111006	0	0.018849555	0	-0.12070902	0.9926142	-0.00051111006	2.2192379e-20	1
0	-0.10309642	0.99459964	-0.00050562655	0	0.025132742	0	-0.10309642	0.99459964	-0.00050562655	1.969898e-20	1
0	-0.07927747	0.9967834	-0.00049624173	0	0.03769911	0	-0.07927747	0.9967834	-0.00049624173	1.4701407e-20	1
0	-0.064111784	0.9978751	-0.0004884815	0	0.050265484	0	-0.064111784	0.9978751	-0.0004884815	9.6960205e-21	1
0	-0.05369433	0.99849105	-0.000481821	0	0.06283186	0	-0.05369433	0.99849105	-0.000481821	4.6864968e-21	1
