# t (s)	mx ()	my ()	mz ()	B_extx (T)	B_exty (T)	B_extz (T)	mx ()	my ()	mz ()	E_total (J)	branch ()
0	-0.010585986	0.99987864	0.0010536686	0	0.06283186	0	-0.010585986	0.99987864	0.0010536686	4.5472756e-21	-1
0	-0.012490537	0.9998559	0.0010633087	0	0.050265484	0	-0.012490537	0.9998559	0.0010633087	9.5651095e-21	-1
0	-0.015235631	0.999817	0.0010735602	0	0.03769911	0	-0.015235631	0.999817	0.0010735602	1.4582811e-20	-1
0	-0.019510668	0.99974185	0.0010847882	0	0.025132742	0	-0.019510668	0.99974185	0.0010847882	1.9600232e-20	-1
0	-0.02270336	0.99967396	0.0010910123	0	0.018849555	0	-0.02270336	0.99967396	0.0010910123	2.2108759e-20	-1
0	-0.027136113	0.999563	0.0010979119	0	0.012566371	0	-0.027136113	0.999563	0.0010979119	2.4617066e-20	-1
0	-0.030053608	0.9994793	0.001101717	0	0.009424778	0	-0.030053608	0.9994793	0.001101717	2.5871091e-20	-1
0	-0.03369538	0.9993628	0.0011058738	0	0.0062831854	0	-0.03369538	0.9993628	0.0011058738	2.7124997e-20	-1
0	-0.03731003	0.9992341	0.0011095305	0	0.0037699111	0	-0.03731003	0.9992341	0.0011095305	2.8127996e-20	-1
0	-0.039409593	0.9991534	0.0011114791	0	0.002513274	0	-0.039409593	0.9991534	0.0011114791	2.8629445e-20	-1
0	-0.04053971	0.9991081	0.0011124911	0	0.0018849556	0	-0.04053971	0.9991081	0.0011124911	2.8880155e-20	-1
0	-0.04176028	0.99905777	0.0011135421	0	0.001256637	0	-0.04176028	0.99905777	0.0011135421	2.9130845e-20	-1
0	-0.04176028	0.99905777	0.0011135421	0	0.0010053096	0	-0.04176028	0.99905777	0.0011135421	2.9231122e-20	-1
0	-0.04305063	0.9990029	0.001114622	0	0.0006283185	0	-0.04305063	0.9990029	0.001114622	2.9381526e-20	-1
0	-0.043863297	0.9989674	0.0011152843	0	0.0002513274	0	-0.043863297	0.9989674	0.0011152843	2.9531928e-20	-1
0	-0.043863297	0.9989674	0.0011152843	0	0.0001256637	0	-0.043863297	0.9989674	0.0011152843	2.9582063e-20	-1
0	-0.043863297	0.9989674	0.0011152843	0	6.283185e-05	0	-0.043863297	0.9989674	0.0011152843	2.960713e-20	-1
0	-0.043863297	0.9989674	0.0011152843	0	2.5132742e-05	0	-0.043863297	0.9989674	0.0011152843	2.9622168e-20	-1
0	-0.043863297	0.9989674	0.0011152843	0	1.2566371e-05	0	-0.043863297	0.9989674	0.0011152843	2.9627183e-20	-1
0	-0.043863297	0.9989674	0.0011152843	0	6.2831855e-06	0	-0.043863297	0.9989674	0.0011152843	2.962969e-20	-1
0	-0.043863297	0.9989674	0.0011152843	0	2.513274e-06	0	-0.043863297	0.9989674	0.0011152843	2.9631193e-20	-1
0	-0.043863297	0.9989674	0.0011152843	0	1.256637e-06	0	-0.043863297	0.9989674	0.0011152843	2.9631694e-20	-1
0	-0.043863297	0.9989674	0.0011152843	0	6.283185e-07	0	-0.043863297	0.9989674	0.0011152843	2.9631946e-20	-1
0	-0.043863297	0.9989674	0.0011152843	0	2.513274e-07	0	-0.043863297	0.9989674	0.0011152843	2.9632094e-20	-1
0	-0.043863297	0.9989674	0.0011152843	0	1.256637e-07	0	-0.043863297	0.9989674	0.0011152843	2.9632146e-20	-1
0	-0.043863297	0.9989674	0.0011152843	0	0	0	-0.043863297	0.9989674	0.0011152843	2.9632194e-20	-1
0	-0.043863297	0.9989674	0.0011152843	0	-1.256637e-07	0	-0.043863297	0.9989674	0.0011152843	2.9632246e-20	-1
0	-0.043863297	0.9989674	0.0011152843	0	-2.513274e-07	0	-0.043863297	0.9989674	0.0011152843	2.9632295e-20	-1
0	-0.043863297	0.9989674	0.0011152843	0	-6.283185e-07	0	-0.043863297	0.9989674	0.0011152843	2.9632447e-20	-1
0	-0.043863297	0.9989674	0.0011152843	0	-1.256637e-06	0	-0.043863297	0.9989674	0.0011152843	2.96327e-20	-1
0	-0.043863297	0.9989674	0.0011152843	0	-2.513274e-06	0	-0.043863297	0.9989674	0.0011152843	2.96332e-20	-1
0	-0.043863297	0.9989674	0.0011152843	0	-6.2831855e-06	0	-0.043863297	0.9989674	0.0011152843	2.9634702e-20	-1
0	-0.043863297	0.9989674	0.0011152843	0	-1.2566371e-05	0	-0.043863297	0.9989674	0.0011152843	2.963721e-20	-1
0	-0.043863297	0.9989674	0.0011152843	0	-2.5132742e-05	0	-0.043863297	0.9989674	0.0011152843	2.9642224e-20	-1
0	-0.043863297	0.9989674	0.0011152843	0	-6.283185e-05	0	-0.043863297	0.9989674	0.0011152843	2.9657262e-20	-1
0	-0.044718914	0.9989295	0.0011159674	0	-0.0001256637	0	-0.044718914	0.9989295	0.0011159674	2.968233e-20	-1
0	-0.044718914	0.9989295	0.0011159674	0	-0.0002513274	0	-0.044718914	0.9989295	0.0011159674	2.973246e-20	-1
0	-0.04588823	0.99887633	0.001116886	0	-0.0006283185	0	-0.04588823	0.99887633	0.001116886	2.9882846e-20	-1
0	-0.046818897	0.9988331	0.0011175962	0	-0.0010053096	0	-0.046818897	0.9988331	0.0011175962	3.0033232e-20	-1
0	-0.046818897	0.9988331	0.0011175962	0	-0.001256637	0	-0.046818897	0.9988331	0.0011175962	3.0133485e-20	-1
0	-0.049124546	0.9987222	0.0011193072	0	-0.0018849556	0	-0.049124546	0.9987222	0.0011193072	3.03841e-20	-1
0	-0.050913777	0.99863243	0.0011205801	0	-0.002513274	0	-0.050913777	0.99863243	0.0011205801	3.063469e-20	-1
0	-0.054941654	0.99841875	0.0011232959	0	-0.0037699111	0	-0.054941654	0.99841875	0.0011232959	3.1135802e-20	-1
0	-0.06527358	0.99779594	0.0011294712	0	-0.0062831854	0	-0.06527358	0.99779594	0.0011294712	3.2137634e-20	-1
0	-0.08558285	0.996258	0.0011391904	0	-0.009424778	0	-0.08558285	0.996258	0.0011391904	3.338866e-20	-1
0	-0.12856583	0.99162376	0.0011520998	0	-0.012566371	0	-0.12856583	0.99162376	0.0011520998	3.463634e-20	-1
0	0.022702873	-0.99967396	-0.001091016	0	-0.018849555	0	0.022702873	-0.99967396	-0.001091016	2.2108759e-20	-1
0	0.019528925	-0.9997415	-0.0010847994	0	-0.025132742	0	0.019528925	-0.9997415	-0.0010847994	1.960023e-20	-1
0	0.015237187	-0.9998169	-0.0010735596	0	-0.03769911	0	0.015237187	-0.9998169	-0.0010735596	1.458281e-20	-1
0	0.012495141	-0.99985576	-0.0010633128	0	-0.050265484	0	0.012495141	-0.99985576	-0.0010633128	9.565117e-21	-1
0	0.010587735	-0.99987864	-0.001053662	0	-0.06283186	0	0.010587735	-0.99987864	-0.001053662	4.547271e-21	-1
0	0.010587735	-0.99987864	-0.001053662	0	-0.06283186	0	0.010587735	-0.99987864	-0.001053662	4.547271e-21	1
0	0.01249158	-0.9998559	-0.0010633098	0	-0.050265484	0	0.01249158	-0.9998559	-0.0010633098	9.5651176e-21	1
0	0.015233418	-0.999817	-0.0010735582	0	-0.03769911	0	0.015233418	-0.999817	-0.0010735582	1.4582811e-20	1
0	0.019510778	-0.9997418	-0.0010847794	0	-0.025132742	0	0.019510778	-0.9997418	-0.0010847794	1.960023e-20	1
0	0.02269609	-0.9996742	-0.0010910127	0	-0.018849555	0	0.02269609	-0.9996742	-0.0010910127	2.2108757e-20	1
0	0.027131615	-0.9995631	-0.0010979096	0	-0.012566371	0	0.027131615	-0.9995631	-0.0010979096	2.4617068e-20	1
0	0.030063774	-0.99947894	-0.0011017079	0	-0.009424778	0	0.030063774	-0.99947894	-0.0011017079	2.5871093e-20	1
0	0.033700578	-0.9993626	-0.0011058754	0	-0.0062831854	0	0.033700578	-0.9993626	-0.0011058754	2.7124997e-20	1
0	0.037306093	-0.99923426	-0.0011095228	0	-0.0037699111	0	0.037306093	-0.99923426	-0.0011095228	2.8127996e-20	1
0	0.039402977	-0.9991536	-0.0011114759	0	-0.002513274	0	0.039402977	-0.9991536	-0.0011114759	2.8629445e-20	1
0	0.0405647	-0.99910706	-0.0011125004	0	-0.0018849556	0	0.0405647	-0.99910706	-0.0011125004	2.888015e-20	1
0	0.041771125	-0.9990573	-0.0011135474	0	-0.001256637	0	0.041771125	-0.9990573	-0.0011135474	2.913085e-20	1
0	0.041771125	-0.9990573	-0.0011135474	0	-0.0010053096	0	0.041771125	-0.9990573	-0.0011135474	2.9231122e-20	1
0	0.043060616	-0.99900246	-0.001114626	0	-0.0006283185	0	0.043060616	-0.99900246	-0.001114626	2.938153e-20	1
0	0.04387004	-0.9989672	-0.0011152893	0	-0.0002513274	0	0.04387004	-0.9989672	-0.0011152893	2.953193e-20	1
0	0.04387004	-0.9989672	-0.0011152893	0	-0.0001256637	0	0.04387004	-0.9989672	-0.0011152893	2.9582063e-20	1
0	0.04387004	-0.9989672	-0.0011152893	0	-6.283185e-05	0	0.04387004	-0.9989672	-0.0011152893	2.960713e-20	1
0	0.04387004	-0.9989672	-0.0011152893	0	-2.5132742e-05	0	0.04387004	-0.9989672	-0.0011152893	2.962217e-20	1
0	0.04387004	-0.9989672	-0.0011152893	0	-1.2566371e-05	0	0.04387004	-0.9989672	-0.0011152893	2.9627183e-20	1
0	0.04387004	-0.9989672	-0.0011152893	0	-6.2831855e-06	0	0.04387004	-0.9989672	-0.0011152893	2.962969e-20	1
0	0.04387004	-0.9989672	-0.0011152893	0	-2.513274e-06	0	0.04387004	-0.9989672	-0.0011152893	2.9631193e-20	1
0	0.04387004	-0.9989672	-0.0011152893	0	-1.256637e-06	0	0.04387004	-0.9989672	-0.0011152893	2.9631697e-20	1
0	0.04387004	-0.9989672	-0.0011152893	0	-6.283185e-07	0	0.04387004	-0.9989672	-0.0011152893	2.9631946e-20	1
0	0.04387004	-0.9989672	-0.0011152893	0	-2.513274e-07	0	0.04387004	-0.9989672	-0.0011152893	2.9632098e-20	1
0	0.04387004	-0.9989672	-0.0011152893	0	-1.256637e-07	0	0.04387004	-0.9989672	-0.0011152893	2.9632146e-20	1
0	0.04387004	-0.9989672	-0.0011152893	0	0	0	0.04387004	-0.9989672	-0.0011152893	2.9632198e-20	1
0	0.04387004	-0.9989672	-0.0011152893	0	1.256637e-07	0	0.04387004	-0.9989672	-0.0011152893	2.9632246e-20	1
0	0.04387004	-0.9989672	-0.0011152893	0	2.513274e-07	0	0.04387004	-0.9989672	-0.0011152893	2.9632298e-20	1
0	0.04387004	-0.9989672	-0.0011152893	0	6.283185e-07	0	0.04387004	-0.9989672	-0.0011152893	2.9632447e-20	1
0	0.04387004	-0.9989672	-0.0011152893	0	1.256637e-06	0	0.04387004	-0.9989672	-0.0011152893	2.96327e-20	1
0	0.04387004	-0.9989672	-0.0011152893	0	2.513274e-06	0	0.04387004	-0.9989672	-0.0011152893	2.96332e-20	1
0	0.04387004	-0.9989672	-0.0011152893	0	6.2831855e-06	0	0.04387004	-0.9989672	-0.0011152893	2.9634702e-20	1
0	0.04387004	-0.9989672	-0.0011152893	0	1.2566371e-05	0	0.04387004	-0.9989672	-0.0011152893	2.963721e-20	1
0	0.04387004	-0.9989672	-0.0011152893	0	2.5132742e-05	0	0.04387004	-0.9989672	-0.0011152893	2.9642224e-20	1
0	0.04387004	-0.9989672	-0.0011152893	0	6.283185e-05	0	0.04387004	-0.9989672	-0.0011152893	2.9657262e-20	1
0	0.044703923	-0.9989302	-0.0011159601	0	0.0001256637	0	0.044703923	-0.9989302	-0.0011159601	2.968233e-20	1
0	0.044703923	-0.9989302	-0.0011159601	0	0.0002513274	0	0.044703923	-0.9989302	-0.0011159601	2.973246e-20	1
0	0.045887202	-0.99887645	-0.0011168858	0	0.0006283185	0	0.045887202	-0.99887645	-0.0011168858	2.988285e-20	1
0	0.04680784	-0.99883366	-0.0011175922	0	0.0010053096	0	0.04680784	-0.99883366	-0.0011175922	3.003323e-20	1
0	0.04680784	-0.99883366	-0.0011175922	0	0.001256637	0	0.04680784	-0.99883366	-0.0011175922	3.0133482e-20	1
0	0.049136333	-0.9987216	-0.0011193126	0	0.0018849556	0	0.049136333	-0.9987216	-0.0011193126	3.0384095e-20	1
0	0.050920494	-0.99863213	-0.001120585	0	0.002513274	0	0.050920494	-0.99863213	-0.001120585	3.0634686e-20	1
0	0.054934952	-0.9984191	-0.00112329	0	0.0037699111	0	0.054934952	-0.9984191	-0.00112329	3.1135802e-20	1
0	0.06521495	-0.99779975	-0.0011294538	0	0.0062831854	0	0.06521495	-0.99779975	-0.0011294538	3.2137634e-20	1
0	0.08558824	-0.99625754	-0.0011391937	0	0.009424778	0	0.08558824	-0.99625754	-0.0011391937	3.338866e-20	1
0	0.12871134	-0.9916049	-0.0011521233	0	0.012566371	0	0.12871134	-0.9916049	-0.0011521233	3.463634e-20	1
0	-0.022712499	0.9996738	0.0010910225	0	0.018849555	0	-0.022712499	0.9996738	0.0010910225	2.2108759e-20	1
0	-0.019522624	0.9997416	0.0010847988	0	0.025132742	0	-0.019522624	0.9997416	0.0010847988	1.9600234e-20	1
0	-0.015239499	0.9998169	0.0010735623	0	0.03769911	0	-0.015239499	0.9998169	0.0010735623	1.4582813e-20	1
0	-0.012493701	0.9998559	0.0010633103	0	0.050265484	0	-0.012493701	0.9998559	0.0010633103	9.565119e-21	1
0	-0.010588682	0.9998786	0.0010536709	0	0.06283186	0	-0.010588682	0.9998786	0.0010536709	4.5472727e-21	1
