# t (s)	mx ()	my ()	mz ()	B_extx (T)	B_exty (T)	B_extz (T)	mx ()	my ()	mz ()	E_total (J)	branch ()
0	-0.037919335	0.9992153	-0.00019693645	0	0.06283186	0	-0.037919335	0.9992153	-0.00019693645	4.619238e-21	-1
0	-0.0450273	0.99891925	-0.00017515535	0	0.050265484	0	-0.0450273	0.99891925	-0.00017515535	9.6331265e-21	-1
0	-0.055334933	0.9984002	-0.00014216134	0	0.03769911	0	-0.055334933	0.9984002	-0.00014216134	1.4645036e-20	-1
0	-0.071529284	0.99736917	-8.808992e-05	0	0.025132742	0	-0.071529284	0.99736917	-8.808992e-05	1.9653246e-20	-1
0	-0.08361904	0.9964274	-4.6630783e-05	0	0.018849555	0	-0.08361904	0.9964274	-4.6630783e-05	2.2154808e-20	-1
0	-0.100327775	0.99488235	1.1692358e-05	0	0.012566371	0	-0.100327775	0.99488235	1.1692358e-05	2.4653328e-20	-1
0	-0.11133593	0.99370956	5.058881e-05	0	0.009424778	0	-0.11133593	0.99370956	5.058881e-05	2.5900836e-20	-1
0	-0.12488401	0.99209654	9.878927e-05	0	0.0062831854	0	-0.12488401	0.99209654	9.878927e-05	2.7146614e-20	-1
0	-0.13823113	0.99032366	0.0001465274	0	0.0037699111	0	-0.13823113	0.99032366	0.0001465274	2.8141537e-20	-1
0	-0.145984	0.98920953	0.00017431367	0	0.002513274	0	-0.145984	0.98920953	0.00017431367	2.8638256e-20	-1
0	-0.1501956	0.9885783	0.0001894192	0	0.0018849556	0	-0.1501956	0.9885783	0.0001894192	2.8886394e-20	-1
0	-0.15462849	0.9878942	0.00020531824	0	0.001256637	0	-0.15462849	0.9878942	0.00020531824	2.913437e-20	-1
0	-0.1564695	0.987604	0.00021192036	0	0.0010053096	0	-0.1564695	0.987604	0.00021192036	2.9233513e-20	-1
0	-0.1593529	0.98714244	0.00022226092	0	0.0006283185	0	-0.1593529	0.98714244	0.00022226092	2.9382163e-20	-1
0	-0.16232088	0.9866584	0.00023290109	0	0.0002513274	0	-0.16232088	0.9866584	0.00023290109	2.953075e-20	-1
0	-0.16330877	0.98649526	0.00023644054	0	0.0001256637	0	-0.16330877	0.98649526	0.00023644054	2.958026e-20	-1
0	-0.16330877	0.98649526	0.00023644054	0	6.283185e-05	0	-0.16330877	0.98649526	0.00023644054	2.9605014e-20	-1
0	-0.16330877	0.98649526	0.00023644054	0	2.5132742e-05	0	-0.16330877	0.98649526	0.00023644054	2.9619864e-20	-1
0	-0.16330877	0.98649526	0.00023644054	0	1.2566371e-05	0	-0.16330877	0.98649526	0.00023644054	2.9624814e-20	-1
0	-0.16330877	0.98649526	0.00023644054	0	6.2831855e-06	0	-0.16330877	0.98649526	0.00023644054	2.9627293e-20	-1
0	-0.16330877	0.98649526	0.00023644054	0	2.513274e-06	0	-0.16330877	0.98649526	0.00023644054	2.9628776e-20	-1
0	-0.16330877	0.98649526	0.00023644054	0	1.256637e-06	0	-0.16330877	0.98649526	0.00023644054	2.962927e-20	-1
0	-0.16330877	0.98649526	0.00023644054	0	6.283185e-07	0	-0.16330877	0.98649526	0.00023644054	2.962952e-20	-1
0	-0.16330877	0.98649526	0.00023644054	0	2.513274e-07	0	-0.16330877	0.98649526	0.00023644054	2.9629668e-20	-1
0	-0.16330877	0.98649526	0.00023644054	0	1.256637e-07	0	-0.16330877	0.98649526	0.00023644054	2.9629716e-20	-1
0	-0.16330877	0.98649526	0.00023644054	0	0	0	-0.16330877	0.98649526	0.00023644054	2.9629768e-20	-1
0	-0.16330877	0.98649526	0.00023644054	0	-1.256637e-07	0	-0.16330877	0.98649526	0.00023644054	2.9629816e-20	-1
0	-0.16330877	0.98649526	0.00023644054	0	-2.513274e-07	0	-0.16330877	0.98649526	0.00023644054	2.9629865e-20	-1
0	-0.16330877	0.98649526	0.00023644054	0	-6.283185e-07	0	-0.16330877	0.98649526	0.00023644054	2.9630013e-20	-1
0	-0.16330877	0.98649526	0.00023644054	0	-1.256637e-06	0	-0.16330877	0.98649526	0.00023644054	2.9630262e-20	-1
0	-0.16330877	0.98649526	0.00023644054	0	-2.513274e-06	0	-0.16330877	0.98649526	0.00023644054	2.9630757e-20	-1
0	-0.16330877	0.98649526	0.00023644054	0	-6.2831855e-06	0	-0.16330877	0.98649526	0.00023644054	2.9632243e-20	-1
0	-0.16330877	0.98649526	0.00023644054	0	-1.2566371e-05	0	-0.16330877	0.98649526	0.00023644054	2.9634718e-20	-1
0	-0.16330877	0.98649526	0.00023644054	0	-2.5132742e-05	0	-0.16330877	0.98649526	0.00023644054	2.9639668e-20	-1
0	-0.16330877	0.98649526	0.00023644054	0	-6.283185e-05	0	-0.16330877	0.98649526	0.00023644054	2.9654522e-20	-1
0	-0.16330877	0.98649526	0.00023644054	0	-0.0001256637	0	-0.16330877	0.98649526	0.00023644054	2.9679273e-20	-1
0	-0.16644837	0.98596996	0.00024769083	0	-0.0002513274	0	-0.16644837	0.98596996	0.00024769083	2.9728742e-20	-1
0	-0.16967912	0.9854187	0.00025925937	0	-0.0006283185	0	-0.16967912	0.9854187	0.00025925937	2.987714e-20	-1
0	-0.17305928	0.9848302	0.0002713551	0	-0.0010053096	0	-0.17305928	0.9848302	0.0002713551	3.0025457e-20	-1
0	-0.17305928	0.9848302	0.0002713551	0	-0.001256637	0	-0.17305928	0.9848302	0.0002713551	3.0124306e-20	-1
0	-0.18151915	0.98330486	0.0003016051	0	-0.0018849556	0	-0.18151915	0.98330486	0.0003016051	3.0371158e-20	-1
0	-0.18805	0.9820759	0.00032484136	0	-0.002513274	0	-0.18805	0.9820759	0.00032484136	3.0617745e-20	-1
0	-0.20284918	0.97912395	0.00037729525	0	-0.0037699111	0	-0.20284918	0.97912395	0.00037729525	3.1109894e-20	-1
0	-0.24236572	0.9700915	0.0005145868	0	-0.0062831854	0	-0.24236572	0.9700915	0.0005145868	3.2088575e-20	-1
0	-0.9275931	-0.37328333	-0.0018390017	0	-0.009424778	0	-0.9275931	-0.37328333	-0.0018390017	2.6402633e-20	-1
0	-0.8841567	-0.46690246	-0.0014924763	0	-0.012566371	0	-0.8841567	-0.46690246	-0.0014924763	2.5878331e-20	-1
0	0.08361246	-0.9964279	4.6656627e-05	0	-0.018849555	0	0.08361246	-0.9964279	4.6656627e-05	2.215481e-20	-1
0	0.07153772	-0.9973686	8.8061155e-05	0	-0.025132742	0	0.07153772	-0.9973686	8.8061155e-05	1.9653252e-20	-1
0	0.05533854	-0.9984	0.0001421235	0	-0.03769911	0	0.05533854	-0.9984	0.0001421235	1.4645036e-20	-1
0	0.045029566	-0.9989191	0.00017515768	0	-0.050265484	0	0.045029566	-0.9989191	0.00017515768	9.633123e-21	-1
0	0.037923634	-0.9992151	0.00019692168	0	-0.06283186	0	0.037923634	-0.9992151	0.00019692168	4.6192342e-21	-1
0	0.037923634	-0.9992151	0.00019692168	0	-0.06283186	0	0.037923634	-0.9992151	0.00019692168	4.6192342e-21	1
0	0.045024298	-0.99891937	0.00017517614	0	-0.050265484	0	0.045024298	-0.99891937	0.00017517614	9.633125e-21	1
0	0.05533039	-0.99840045	0.00014215248	0	-0.03769911	0	0.05533039	-0.99840045	0.00014215248	1.4645036e-20	1
0	0.071533315	-0.99736893	8.807491e-05	0	-0.025132742	0	0.071533315	-0.99736893	8.807491e-05	1.9653249e-20	1
0	0.08361377	-0.9964278	4.664973e-05	0	-0.018849555	0	0.08361377	-0.9964278	4.664973e-05	2.2154808e-20	1
0	0.10032731	-0.9948824	-1.1690905e-05	0	-0.012566371	0	0.10032731	-0.9948824	-1.1690905e-05	2.4653331e-20	1
0	0.11133228	-0.99371004	-5.0569746e-05	0	-0.009424778	0	0.11133228	-0.99371004	-5.0569746e-05	2.5900833e-20	1
0	0.12488734	-0.9920962	-9.880263e-05	0	-0.0062831854	0	0.12488734	-0.9920962	-9.880263e-05	2.7146614e-20	1
0	0.13822871	-0.9903239	-0.00014650327	0	-0.0037699111	0	0.13822871	-0.9903239	-0.00014650327	2.8141534e-20	1
0	0.14599091	-0.9892086	-0.00017433972	0	-0.002513274	0	0.14599091	-0.9892086	-0.00017433972	2.8638253e-20	1
0	0.15019196	-0.9885789	-0.00018940588	0	-0.0018849556	0	0.15019196	-0.9885789	-0.00018940588	2.8886397e-20	1
0	0.15463188	-0.9878936	-0.00020533003	0	-0.001256637	0	0.15463188	-0.9878936	-0.00020533003	2.9134374e-20	1
0	0.15648124	-0.9876021	-0.00021196286	0	-0.0010053096	0	0.15648124	-0.9876021	-0.00021196286	2.9233513e-20	1
0	0.15936512	-0.9871405	-0.00022230468	0	-0.0006283185	0	0.15936512	-0.9871405	-0.00022230468	2.9382163e-20	1
0	0.16232161	-0.9866583	-0.00023290375	0	-0.0002513274	0	0.16232161	-0.9866583	-0.00023290375	2.953075e-20	1
0	0.16232161	-0.9866583	-0.00023290375	0	-0.0001256637	0	0.16232161	-0.9866583	-0.00023290375	2.9580263e-20	1
0	0.16383934	-0.9864072	-0.00023834499	0	-6.283185e-05	0	0.16383934	-0.9864072	-0.00023834499	2.9605014e-20	1
0	0.16383934	-0.9864072	-0.00023834499	0	-2.5132742e-05	0	0.16383934	-0.9864072	-0.00023834499	2.9619868e-20	1
0	0.16383934	-0.9864072	-0.00023834499	0	-1.2566371e-05	0	0.16383934	-0.9864072	-0.00023834499	2.9624818e-20	1
0	0.16383934	-0.9864072	-0.00023834499	0	-6.2831855e-06	0	0.16383934	-0.9864072	-0.00023834499	2.9627293e-20	1
0	0.16383934	-0.9864072	-0.00023834499	0	-2.513274e-06	0	0.16383934	-0.9864072	-0.00023834499	2.9628776e-20	1
0	0.16383934	-0.9864072	-0.00023834499	0	-1.256637e-06	0	0.16383934	-0.9864072	-0.00023834499	2.962927e-20	1
0	0.16383934	-0.9864072	-0.00023834499	0	-6.283185e-07	0	0.16383934	-0.9864072	-0.00023834499	2.962952e-20	1
0	0.16383934	-0.9864072	-0.00023834499	0	-2.513274e-07	0	0.16383934	-0.9864072	-0.00023834499	2.9629668e-20	1
0	0.16383934	-0.9864072	-0.00023834499	0	-1.256637e-07	0	0.16383934	-0.9864072	-0.00023834499	2.9629716e-20	1
0	0.16383934	-0.9864072	-0.00023834499	0	0	0	0.16383934	-0.9864072	-0.00023834499	2.9629768e-20	1
0	0.16383934	-0.9864072	-0.00023834499	0	1.256637e-07	0	0.16383934	-0.9864072	-0.00023834499	2.9629816e-20	1
0	0.16383934	-0.9864072	-0.00023834499	0	2.513274e-07	0	0.16383934	-0.9864072	-0.00023834499	2.9629865e-20	1
0	0.16383934	-0.9864072	-0.00023834499	0	6.283185e-07	0	0.16383934	-0.9864072	-0.00023834499	2.9630013e-20	1
0	0.16383934	-0.9864072	-0.00023834499	0	1.256637e-06	0	0.16383934	-0.9864072	-0.00023834499	2.9630262e-20	1
0	0.16383934	-0.9864072	-0.00023834499	0	2.513274e-06	0	0.16383934	-0.9864072	-0.00023834499	2.9630757e-20	1
0	0.16383934	-0.9864072	-0.00023834499	0	6.2831855e-06	0	0.16383934	-0.9864072	-0.00023834499	2.9632243e-20	1
0	0.16383934	-0.9864072	-0.00023834499	0	1.2566371e-05	0	0.16383934	-0.9864072	-0.00023834499	2.9634718e-20	1
0	0.16383934	-0.9864072	-0.00023834499	0	2.5132742e-05	0	0.16383934	-0.9864072	-0.00023834499	2.9639668e-20	1
0	0.16383934	-0.9864072	-0.00023834499	0	6.283185e-05	0	0.16383934	-0.9864072	-0.00023834499	2.965452e-20	1
0	0.16383934	-0.9864072	-0.00023834499	0	0.0001256637	0	0.16383934	-0.9864072	-0.00023834499	2.967927e-20	1
0	0.16644704	-0.9859702	-0.00024768524	0	0.0002513274	0	0.16644704	-0.9859702	-0.00024768524	2.9728742e-20	1
0	0.16968729	-0.98541725	-0.00025928818	0	0.0006283185	0	0.16968729	-0.98541725	-0.00025928818	2.987714e-20	1
0	0.1730606	-0.9848299	-0.00027135928	0	0.0010053096	0	0.1730606	-0.9848299	-0.00027135928	3.0025457e-20	1
0	0.1730606	-0.9848299	-0.00027135928	0	0.001256637	0	0.1730606	-0.9848299	-0.00027135928	3.0124306e-20	1
0	0.18148659	-0.98331094	-0.000301458	0	0.0018849556	0	0.18148659	-0.98331094	-0.000301458	3.037116e-20	1
0	0.18804285	-0.98207724	-0.00032481784	0	0.002513274	0	0.18804285	-0.98207724	-0.00032481784	3.0617748e-20	1
0	0.2028293	-0.9791281	-0.00037722473	0	0.0037699111	0	0.2028293	-0.9791281	-0.00037722473	3.110989e-20	1
0	0.24234158	-0.97009754	-0.0005145043	0	0.0062831854	0	0.24234158	-0.97009754	-0.0005145043	3.208857e-20	1
0	0.9276083	0.37324566	0.0018391192	0	0.009424778	0	0.9276083	0.37324566	0.0018391192	2.6402633e-20	1
0	0.88414776	0.46691936	0.0014924034	0	0.012566371	0	0.88414776	0.46691936	0.0014924034	2.5878331e-20	1
0	-0.08362378	0.99642694	-4.661422e-05	0	0.018849555	0	-0.08362378	0.99642694	-4.661422e-05	2.2154808e-20	1
0	-0.07154241	0.99736834	-8.8043256e-05	0	0.025132742	0	-0.07154241	0.99736834	-8.8043256e-05	1.9653249e-20	1
0	-0.055337653	0.99840003	-0.00014212789	0	0.03769911	0	-0.055337653	0.99840003	-0.00014212789	1.464504e-20	1
0	-0.045029886	0.9989191	-0.00017515646	0	0.050265484	0	-0.045029886	0.9989191	-0.00017515646	9.633124e-21	1
0	-0.03792186	0.9992152	-0.00019692746	0	0.06283186	0	-0.03792186	0.9992152	-0.00019692746	4.6192415e-21	1
