# t (s)	mx ()	my ()	mz ()	B_extx (T)	B_exty (T)	B_extz (T)	mx ()	my ()	mz ()	E_total (J)	branch ()
0	-0.0022124061	0.99993163	0.0015162558	0	0.06283186	0	-0.0022124061	0.99993163	0.0015162558	4.529801e-21	-1
0	-0.0026068073	0.9999299	0.0015300106	0	0.050265484	0	-0.0026068073	0.9999299	0.0015300106	9.547957e-21	-1
0	-0.0031872503	0.9999274	0.0015446665	0	0.03769911	0	-0.0031872503	0.9999274	0.0015446665	1.456611e-20	-1
0	-0.004089468	0.99992335	0.0015607418	0	0.025132742	0	-0.004089468	0.99992335	0.0015607418	1.9584241e-20	-1
0	-0.0047626626	0.99991995	0.0015696923	0	0.018849555	0	-0.0047626626	0.99991995	0.0015696923	2.20933e-20	-1
0	-0.005700388	0.99991465	0.0015796886	0	0.012566371	0	-0.005700388	0.99991465	0.0015796886	2.4602345e-20	-1
0	-0.006323263	0.99991065	0.0015852855	0	0.009424778	0	-0.006323263	0.99991065	0.0015852855	2.585686e-20	-1
0	-0.0070944014	0.9999052	0.0015914475	0	0.0062831854	0	-0.0070944014	0.9999052	0.0015914475	2.7111374e-20	-1
0	-0.007876551	0.99989927	0.0015970031	0	0.0037699111	0	-0.007876551	0.99989927	0.0015970031	2.811497e-20	-1
0	-0.008328913	0.99989545	0.0016000131	0	0.002513274	0	-0.008328913	0.99989545	0.0016000131	2.8616772e-20	-1
0	-0.008558773	0.9998934	0.0016015327	0	0.0018849556	0	-0.008558773	0.9998934	0.0016015327	2.886767e-20	-1
0	-0.008831268	0.99989116	0.0016032129	0	0.001256637	0	-0.008831268	0.99989116	0.0016032129	2.9118573e-20	-1
0	-0.008924087	0.99989027	0.0016038229	0	0.0010053096	0	-0.008924087	0.99989027	0.0016038229	2.921893e-20	-1
0	-0.0091084	0.99988854	0.0016049084	0	0.0006283185	0	-0.0091084	0.99988854	0.0016049084	2.9369468e-20	-1
0	-0.009281907	0.99988693	0.0016059561	0	0.0002513274	0	-0.009281907	0.99988693	0.0016059561	2.9520005e-20	-1
0	-0.009281907	0.99988693	0.0016059561	0	0.0001256637	0	-0.009281907	0.99988693	0.0016059561	2.9570185e-20	-1
0	-0.009281907	0.99988693	0.0016059561	0	6.283185e-05	0	-0.009281907	0.99988693	0.0016059561	2.9595275e-20	-1
0	-0.009281907	0.99988693	0.0016059561	0	2.5132742e-05	0	-0.009281907	0.99988693	0.0016059561	2.961033e-20	-1
0	-0.009281907	0.99988693	0.0016059561	0	1.2566371e-05	0	-0.009281907	0.99988693	0.0016059561	2.9615347e-20	-1
0	-0.009281907	0.99988693	0.0016059561	0	6.2831855e-06	0	-0.009281907	0.99988693	0.0016059561	2.9617855e-20	-1
0	-0.009281907	0.99988693	0.0016059561	0	2.513274e-06	0	-0.009281907	0.99988693	0.0016059561	2.961936e-20	-1
0	-0.009281907	0.99988693	0.0016059561	0	1.256637e-06	0	-0.009281907	0.99988693	0.0016059561	2.9619864e-20	-1
0	-0.009281907	0.99988693	0.0016059561	0	6.283185e-07	0	-0.009281907	0.99988693	0.0016059561	2.9620113e-20	-1
0	-0.009281907	0.99988693	0.0016059561	0	2.513274e-07	0	-0.009281907	0.99988693	0.0016059561	2.9620265e-20	-1
0	-0.009281907	0.99988693	0.0016059561	0	1.256637e-07	0	-0.009281907	0.99988693	0.0016059561	2.9620313e-20	-1
0	-0.009281907	0.99988693	0.0016059561	0	0	0	-0.009281907	0.99988693	0.0016059561	2.9620365e-20	-1
0	-0.009281907	0.99988693	0.0016059561	0	-1.256637e-07	0	-0.009281907	0.99988693	0.0016059561	2.9620414e-20	-1
0	-0.009281907	0.99988693	0.0016059561	0	-2.513274e-07	0	-0.009281907	0.99988693	0.0016059561	2.9620465e-20	-1
0	-0.009281907	0.99988693	0.0016059561	0	-6.283185e-07	0	-0.009281907	0.99988693	0.0016059561	2.9620617e-20	-1
0	-0.009281907	0.99988693	0.0016059561	0	-1.256637e-06	0	-0.009281907	0.99988693	0.0016059561	2.9620866e-20	-1
0	-0.009281907	0.99988693	0.0016059561	0	-2.513274e-06	0	-0.009281907	0.99988693	0.0016059561	2.962137e-20	-1
0	-0.009281907	0.99988693	0.0016059561	0	-6.2831855e-06	0	-0.009281907	0.99988693	0.0016059561	2.9622873e-20	-1
0	-0.009281907	0.99988693	0.0016059561	0	-1.2566371e-05	0	-0.009281907	0.99988693	0.0016059561	2.9625383e-20	-1
0	-0.009281907	0.99988693	0.0016059561	0	-2.5132742e-05	0	-0.009281907	0.99988693	0.0016059561	2.96304e-20	-1
0	-0.009424042	0.99988556	0.0016068146	0	-6.283185e-05	0	-0.009424042	0.99988556	0.0016068146	2.9645455e-20	-1
0	-0.009424042	0.99988556	0.0016068146	0	-0.0001256637	0	-0.009424042	0.99988556	0.0016068146	2.9670542e-20	-1
0	-0.00953613	0.9998845	0.0016074323	0	-0.0002513274	0	-0.00953613	0.9998845	0.0016074323	2.9720722e-20	-1
0	-0.009737308	0.9998826	0.0016085804	0	-0.0006283185	0	-0.009737308	0.9998826	0.0016085804	2.9871263e-20	-1
0	-0.009923939	0.9998807	0.0016096749	0	-0.0010053096	0	-0.009923939	0.9998807	0.0016096749	3.0021797e-20	-1
0	-0.009923939	0.9998807	0.0016096749	0	-0.001256637	0	-0.009923939	0.9998807	0.0016096749	3.0122157e-20	-1
0	-0.010412287	0.99987566	0.0016124261	0	-0.0018849556	0	-0.010412287	0.99987566	0.0016124261	3.0373054e-20	-1
0	-0.010803625	0.99987143	0.0016145452	0	-0.002513274	0	-0.010803625	0.99987143	0.0016145452	3.0623942e-20	-1
0	-0.011679247	0.9998615	0.0016191414	0	-0.0037699111	0	-0.011679247	0.9998615	0.0016191414	3.1125727e-20	-1
0	-0.013952991	0.99983215	0.0016302601	0	-0.0062831854	0	-0.013952991	0.99983215	0.0016302601	3.2129275e-20	-1
0	-0.018386114	0.99976015	0.0016500117	0	-0.009424778	0	-0.018386114	0.99976015	0.0016500117	3.3383652e-20	-1
0	-0.0270296	0.99956334	0.0016850384	0	-0.012566371	0	-0.0270296	0.99956334	0.0016850384	3.4637878e-20	-1
0	0.004760011	-0.99992	-0.0015696825	0	-0.018849555	0	0.004760011	-0.99992	-0.0015696825	2.2093298e-20	-1
0	0.004090812	-0.99992335	-0.0015607466	0	-0.025132742	0	0.004090812	-0.99992335	-0.0015607466	1.9584243e-20	-1
0	0.0031915498	-0.9999274	-0.0015446837	0	-0.03769911	0	0.0031915498	-0.9999274	-0.0015446837	1.4566111e-20	-1
0	0.0026130686	-0.9999299	-0.0015300345	0	-0.050265484	0	0.0026130686	-0.9999299	-0.0015300345	9.5479624e-21	-1
0	0.0022109556	-0.9999317	-0.0015162502	0	-0.06283186	0	0.0022109556	-0.9999317	-0.0015162502	4.529799e-21	-1
0	0.0022109556	-0.9999317	-0.0015162502	0	-0.06283186	0	0.0022109556	-0.9999317	-0.0015162502	4.529799e-21	1
0	0.002608011	-0.9999299	-0.0015300155	0	-0.050265484	0	0.002608011	-0.9999299	-0.0015300155	9.547961e-21	1
0	0.0031854846	-0.99992746	-0.0015446607	0	-0.03769911	0	0.0031854846	-0.99992746	-0.0015446607	1.4566108e-20	1
0	0.004087076	-0.99992335	-0.0015607318	0	-0.025132742	0	0.004087076	-0.99992335	-0.0015607318	1.9584241e-20	1
0	0.004762927	-0.99991995	-0.0015696938	0	-0.018849555	0	0.004762927	-0.99991995	-0.0015696938	2.20933e-20	1
0	0.0057006413	-0.99991465	-0.0015796893	0	-0.012566371	0	0.0057006413	-0.99991465	-0.0015796893	2.4602342e-20	1
0	0.0063196877	-0.9999107	-0.0015852696	0	-0.009424778	0	0.0063196877	-0.9999107	-0.0015852696	2.5856863e-20	1
0	0.007105929	-0.9999052	-0.0015914899	0	-0.0062831854	0	0.007105929	-0.9999052	-0.0015914899	2.7111374e-20	1
0	0.007876041	-0.99989927	-0.0015970017	0	-0.0037699111	0	0.007876041	-0.99989927	-0.0015970017	2.811497e-20	1
0	0.008329295	-0.99989545	-0.0016000146	0	-0.002513274	0	0.008329295	-0.99989545	-0.0016000146	2.8616772e-20	1
0	0.008562282	-0.9998934	-0.0016015463	0	-0.0018849556	0	0.008562282	-0.9998934	-0.0016015463	2.8867673e-20	1
0	0.00883977	-0.99989104	-0.0016032436	0	-0.001256637	0	0.00883977	-0.99989104	-0.0016032436	2.911857e-20	1
0	0.00883977	-0.99989104	-0.0016032436	0	-0.0010053096	0	0.00883977	-0.99989104	-0.0016032436	2.921893e-20	1
0	0.009109666	-0.99988854	-0.001604913	0	-0.0006283185	0	0.009109666	-0.99988854	-0.001604913	2.936947e-20	1
0	0.009283677	-0.9998869	-0.0016059601	0	-0.0002513274	0	0.009283677	-0.9998869	-0.0016059601	2.9520005e-20	1
0	0.009283677	-0.9998869	-0.0016059601	0	-0.0001256637	0	0.009283677	-0.9998869	-0.0016059601	2.9570185e-20	1
0	0.009283677	-0.9998869	-0.0016059601	0	-6.283185e-05	0	0.009283677	-0.9998869	-0.0016059601	2.9595275e-20	1
0	0.009283677	-0.9998869	-0.0016059601	0	-2.5132742e-05	0	0.009283677	-0.9998869	-0.0016059601	2.961033e-20	1
0	0.009283677	-0.9998869	-0.0016059601	0	-1.2566371e-05	0	0.009283677	-0.9998869	-0.0016059601	2.9615347e-20	1
0	0.009283677	-0.9998869	-0.0016059601	0	-6.2831855e-06	0	0.009283677	-0.9998869	-0.0016059601	2.9617855e-20	1
0	0.009283677	-0.9998869	-0.0016059601	0	-2.513274e-06	0	0.009283677	-0.9998869	-0.0016059601	2.961936e-20	1
0	0.009283677	-0.9998869	-0.0016059601	0	-1.256637e-06	0	0.009283677	-0.9998869	-0.0016059601	2.9619864e-20	1
0	0.009283677	-0.9998869	-0.0016059601	0	-6.283185e-07	0	0.009283677	-0.9998869	-0.0016059601	2.9620113e-20	1
0	0.009283677	-0.9998869	-0.0016059601	0	-2.513274e-07	0	0.009283677	-0.9998869	-0.0016059601	2.9620265e-20	1
0	0.009283677	-0.9998869	-0.0016059601	0	-1.256637e-07	0	0.009283677	-0.9998869	-0.0016059601	2.9620313e-20	1
0	0.009283677	-0.9998869	-0.0016059601	0	0	0	0.009283677	-0.9998869	-0.0016059601	2.9620365e-20	1
0	0.009283677	-0.9998869	-0.0016059601	0	1.256637e-07	0	0.009283677	-0.9998869	-0.0016059601	2.9620414e-20	1
0	0.009283677	-0.9998869	-0.0016059601	0	2.513274e-07	0	0.009283677	-0.9998869	-0.0016059601	2.9620465e-20	1
0	0.009283677	-0.9998869	-0.0016059601	0	6.283185e-07	0	0.009283677	-0.9998869	-0.0016059601	2.9620617e-20	1
0	0.009283677	-0.9998869	-0.0016059601	0	1.256637e-06	0	0.009283677	-0.9998869	-0.0016059601	2.9620866e-20	1
0	0.009283677	-0.9998869	-0.0016059601	0	2.513274e-06	0	0.009283677	-0.9998869	-0.0016059601	2.962137e-20	1
0	0.009283677	-0.9998869	-0.0016059601	0	6.2831855e-06	0	0.009283677	-0.9998869	-0.0016059601	2.9622873e-20	1
0	0.009283677	-0.9998869	-0.0016059601	0	1.2566371e-05	0	0.009283677	-0.9998869	-0.0016059601	2.9625383e-20	1
0	0.009283677	-0.9998869	-0.0016059601	0	2.5132742e-05	0	0.009283677	-0.9998869	-0.0016059601	2.96304e-20	1
0	0.009449923	-0.9998853	-0.0016069005	0	6.283185e-05	0	0.009449923	-0.9998853	-0.0016069005	2.9645455e-20	1
0	0.009449923	-0.9998853	-0.0016069005	0	0.0001256637	0	0.009449923	-0.9998853	-0.0016069005	2.9670545e-20	1
0	0.009449923	-0.9998853	-0.0016069005	0	0.0002513274	0	0.009449923	-0.9998853	-0.0016069005	2.9720722e-20	1
0	0.009733016	-0.9998826	-0.0016085654	0	0.0006283185	0	0.009733016	-0.9998826	-0.0016085654	2.987126e-20	1
0	0.009927196	-0.9998807	-0.0016096872	0	0.0010053096	0	0.009927196	-0.9998807	-0.0016096872	3.0021797e-20	1
0	0.009927196	-0.9998807	-0.0016096872	0	0.001256637	0	0.009927196	-0.9998807	-0.0016096872	3.0122157e-20	1
0	0.010434436	-0.9998754	-0.0016125087	0	0.0018849556	0	0.010434436	-0.9998754	-0.0016125087	3.0373054e-20	1
0	0.010807753	-0.9998714	-0.0016145649	0	0.002513274	0	0.010807753	-0.9998714	-0.0016145649	3.0623942e-20	1
0	0.01169217	-0.99986136	-0.0016191885	0	0.0037699111	0	0.01169217	-0.99986136	-0.0016191885	3.1125727e-20	1
0	0.013945258	-0.9998323	-0.0016302313	0	0.0062831854	0	0.013945258	-0.9998323	-0.0016302313	3.2129272e-20	1
0	0.018379042	-0.99976027	-0.001649986	0	0.009424778	0	0.018379042	-0.99976027	-0.001649986	3.3383656e-20	1
0	0.026991904	-0.9995644	-0.0016849011	0	0.012566371	0	0.026991904	-0.9995644	-0.0016849011	3.4637878e-20	1
0	-0.004769954	0.9999199	0.0015697205	0	0.018849555	0	-0.004769954	0.9999199	0.0015697205	2.2093295e-20	1
0	-0.0040901545	0.99992335	0.0015607446	0	0.025132742	0	-0.0040901545	0.99992335	0.0015607446	1.9584236e-20	1
0	-0.0031901344	0.9999274	0.0015446789	0	0.03769911	0	-0.0031901344	0.9999274	0.0015446789	1.456611e-20	1
0	-0.0026106988	0.9999299	0.001530029	0	0.050265484	0	-0.0026106988	0.9999299	0.001530029	9.547961e-21	1
0	-0.002212061	0.9999317	0.0015162546	0	0.06283186	0	-0.002212061	0.9999317	0.0015162546	4.529801e-21	1
