# t (s)	mx ()	my ()	mz ()	B_extx (T)	B_exty (T)	B_extz (T)	mx ()	my ()	mz ()	E_total (J)	branch ()
0	-0.022563245	0.9996804	0.00039914408	0	0.06283186	0	-0.022563245	0.9996804	0.00039914408	4.5752163e-21	-1
0	-0.026669987	0.99957836	0.00040144025	0	0.050265484	0	-0.026669987	0.99957836	0.00040144025	9.5918806e-21	-1
0	-0.03258667	0.9994021	0.00040330677	0	0.03769911	0	-0.03258667	0.9994021	0.00040330677	1.4607872e-20	-1
0	-0.041837733	0.9990566	0.0004042997	0	0.025132742	0	-0.041837733	0.9990566	0.0004042997	1.9622614e-20	-1
0	-0.048716694	0.99874413	0.00040415084	0	0.018849555	0	-0.048716694	0.99874413	0.00040415084	2.2129136e-20	-1
0	-0.05828327	0.99823076	0.00040318037	0	0.012566371	0	-0.05828327	0.99823076	0.00040318037	2.4634654e-20	-1
0	-0.06460354	0.9978411	0.00040220405	0	0.009424778	0	-0.06460354	0.9978411	0.00040220405	2.5886824e-20	-1
0	-0.072412744	0.9973042	0.00040070916	0	0.0062831854	0	-0.072412744	0.9973042	0.00040070916	2.7138423e-20	-1
0	-0.08012448	0.99671364	0.00039900054	0	0.0037699111	0	-0.08012448	0.99671364	0.00039900054	2.8139137e-20	-1
0	-0.08465034	0.99633914	0.0003979015	0	0.002513274	0	-0.08465034	0.99633914	0.0003979015	2.8639248e-20	-1
0	-0.08708942	0.9961287	0.00039728498	0	0.0018849556	0	-0.08708942	0.9961287	0.00039728498	2.8889228e-20	-1
0	-0.08968599	0.9958981	0.0003966128	0	0.001256637	0	-0.08968599	0.9958981	0.0003966128	2.9139156e-20	-1
0	-0.090776905	0.9957992	0.0003963205	0	0.0010053096	0	-0.090776905	0.9957992	0.0003963205	2.9239106e-20	-1
0	-0.09244259	0.99564576	0.00039586972	0	0.0006283185	0	-0.09244259	0.99564576	0.00039586972	2.9389016e-20	-1
0	-0.09418596	0.9954822	0.00039539475	0	0.0002513274	0	-0.09418596	0.9954822	0.00039539475	2.9538904e-20	-1
0	-0.09418596	0.9954822	0.00039539475	0	0.0001256637	0	-0.09418596	0.9954822	0.00039539475	2.9588864e-20	-1
0	-0.09418596	0.9954822	0.00039539475	0	6.283185e-05	0	-0.09418596	0.9954822	0.00039539475	2.961384e-20	-1
0	-0.09418596	0.9954822	0.00039539475	0	2.5132742e-05	0	-0.09418596	0.9954822	0.00039539475	2.962883e-20	-1
0	-0.09418596	0.9954822	0.00039539475	0	1.2566371e-05	0	-0.09418596	0.9954822	0.00039539475	2.9633826e-20	-1
0	-0.09418596	0.9954822	0.00039539475	0	6.2831855e-06	0	-0.09418596	0.9954822	0.00039539475	2.9636324e-20	-1
0	-0.09418596	0.9954822	0.00039539475	0	2.513274e-06	0	-0.09418596	0.9954822	0.00039539475	2.9637823e-20	-1
0	-0.09418596	0.9954822	0.00039539475	0	1.256637e-06	0	-0.09418596	0.9954822	0.00039539475	2.963832e-20	-1
0	-0.09418596	0.9954822	0.00039539475	0	6.283185e-07	0	-0.09418596	0.9954822	0.00039539475	2.9638573e-20	-1
0	-0.09418596	0.9954822	0.00039539475	0	2.513274e-07	0	-0.09418596	0.9954822	0.00039539475	2.963872e-20	-1
0	-0.09418596	0.9954822	0.00039539475	0	1.256637e-07	0	-0.09418596	0.9954822	0.00039539475	2.963877e-20	-1
0	-0.09418596	0.9954822	0.00039539475	0	0	0	-0.09418596	0.9954822	0.00039539475	2.9638822e-20	-1
0	-0.09418596	0.9954822	0.00039539475	0	-1.256637e-07	0	-0.09418596	0.9954822	0.00039539475	2.963887e-20	-1
0	-0.09418596	0.9954822	0.00039539475	0	-2.513274e-07	0	-0.09418596	0.9954822	0.00039539475	2.9638922e-20	-1
0	-0.09418596	0.9954822	0.00039539475	0	-6.283185e-07	0	-0.09418596	0.9954822	0.00039539475	2.963907e-20	-1
0	-0.09418596	0.9954822	0.00039539475	0	-1.256637e-06	0	-0.09418596	0.9954822	0.00039539475	2.9639322e-20	-1
0	-0.09418596	0.9954822	0.00039539475	0	-2.513274e-06	0	-0.09418596	0.9954822	0.00039539475	2.963982e-20	-1
0	-0.09418596	0.9954822	0.00039539475	0	-6.2831855e-06	0	-0.09418596	0.9954822	0.00039539475	2.964132e-20	-1
0	-0.09418596	0.9954822	0.00039539475	0	-1.2566371e-05	0	-0.09418596	0.9954822	0.00039539475	2.9643817e-20	-1
0	-0.09418596	0.9954822	0.00039539475	0	-2.5132742e-05	0	-0.09418596	0.9954822	0.00039539475	2.9648812e-20	-1
0	-0.09418596	0.9954822	0.00039539475	0	-6.283185e-05	0	-0.09418596	0.9954822	0.00039539475	2.9663802e-20	-1
0	-0.09597304	0.9953114	0.00039489893	0	-0.0001256637	0	-0.09597304	0.9953114	0.00039489893	2.9688766e-20	-1
0	-0.09597304	0.9953114	0.00039489893	0	-0.0002513274	0	-0.09597304	0.9953114	0.00039489893	2.9738717e-20	-1
0	-0.09849447	0.99506474	0.0003941853	0	-0.0006283185	0	-0.09849447	0.99506474	0.0003941853	2.9888543e-20	-1
0	-0.1004341	0.9948707	0.00039362803	0	-0.0010053096	0	-0.1004341	0.9948707	0.00039362803	3.0038337e-20	-1
0	-0.1004341	0.9948707	0.00039362803	0	-0.001256637	0	-0.1004341	0.9948707	0.00039362803	3.0138193e-20	-1
0	-0.10537718	0.99435884	0.00039216646	0	-0.0018849556	0	-0.10537718	0.99435884	0.00039216646	3.0387743e-20	-1
0	-0.1092019	0.9939457	0.0003910066	0	-0.002513274	0	-0.1092019	0.9939457	0.0003910066	3.06372e-20	-1
0	-0.11774622	0.9929689	0.00038828855	0	-0.0037699111	0	-0.11774622	0.9929689	0.00038828855	3.113578e-20	-1
0	-0.14000426	0.99007356	0.00038062443	0	-0.0062831854	0	-0.14000426	0.99007356	0.00038062443	3.2131097e-20	-1
0	-0.18700987	0.98227406	0.00036210415	0	-0.009424778	0	-0.18700987	0.98227406	0.00036210415	3.3369186e-20	-1
0	0.058290027	-0.99823034	-0.0004031787	0	-0.012566371	0	0.058290027	-0.99823034	-0.0004031787	2.4634647e-20	-1
0	0.048740823	-0.99874294	-0.00040414423	0	-0.018849555	0	0.048740823	-0.99874294	-0.00040414423	2.212914e-20	-1
0	0.041848533	-0.9990561	-0.00040429475	0	-0.025132742	0	0.041848533	-0.9990561	-0.00040429475	1.9622616e-20	-1
0	0.032591995	-0.9994019	-0.00040330528	0	-0.03769911	0	0.032591995	-0.9994019	-0.00040330528	1.4607872e-20	-1
0	0.026672818	-0.99957824	-0.00040143676	0	-0.050265484	0	0.026672818	-0.99957824	-0.00040143676	9.591883e-21	-1
0	0.022565605	-0.9996803	-0.00039914384	0	-0.06283186	0	0.022565605	-0.9996803	-0.00039914384	4.5752127e-21	-1
0	0.02256462	-0.9996803	-0.00039914422	0	-0.06283186	0	0.02256462	-0.9996803	-0.00039914422	4.575213e-21	1
0	0.02666877	-0.9995784	-0.00040143903	0	-0.050265484	0	0.02666877	-0.9995784	-0.00040143903	9.5918806e-21	1
0	0.032588355	-0.99940205	-0.00040330432	0	-0.03769911	0	0.032588355	-0.99940205	-0.00040330432	1.4607874e-20	1
0	0.041841187	-0.99905634	-0.0004042971	0	-0.025132742	0	0.041841187	-0.99905634	-0.0004042971	1.9622613e-20	1
0	0.048735283	-0.9987432	-0.00040414566	0	-0.018849555	0	0.048735283	-0.9987432	-0.00040414566	2.2129133e-20	1
0	0.0582941	-0.9982301	-0.00040317737	0	-0.012566371	0	0.0582941	-0.9982301	-0.00040317737	2.463465e-20	1
0	0.06459779	-0.9978415	-0.0004021998	0	-0.009424778	0	0.06459779	-0.9978415	-0.0004021998	2.5886826e-20	1
0	0.07241084	-0.9973043	-0.00040070983	0	-0.0062831854	0	0.07241084	-0.9973043	-0.00040070983	2.7138426e-20	1
0	0.0801351	-0.99671286	-0.00039899722	0	-0.0037699111	0	0.0801351	-0.99671286	-0.00039899722	2.8139137e-20	1
0	0.08464944	-0.9963392	-0.0003979744	0	-0.002513274	0	0.08464944	-0.9963392	-0.0003979744	2.8639248e-20	1
0	0.08709733	-0.996128	-0.00039729144	0	-0.0018849556	0	0.08709733	-0.996128	-0.00039729144	2.8889228e-20	1
0	0.089671806	-0.9958993	-0.0003966071	0	-0.001256637	0	0.089671806	-0.9958993	-0.0003966071	2.913915e-20	1
0	0.089671806	-0.9958993	-0.0003966071	0	-0.0010053096	0	0.089671806	-0.9958993	-0.0003966071	2.923911e-20	1
0	0.09246054	-0.9956441	-0.00039586498	0	-0.0006283185	0	0.09246054	-0.9956441	-0.00039586498	2.9389016e-20	1
0	0.094171956	-0.9954835	-0.0003953998	0	-0.0002513274	0	0.094171956	-0.9954835	-0.0003953998	2.9538904e-20	1
0	0.094171956	-0.9954835	-0.0003953998	0	-0.0001256637	0	0.094171956	-0.9954835	-0.0003953998	2.9588864e-20	1
0	0.094171956	-0.9954835	-0.0003953998	0	-6.283185e-05	0	0.094171956	-0.9954835	-0.0003953998	2.961384e-20	1
0	0.094171956	-0.9954835	-0.0003953998	0	-2.5132742e-05	0	0.094171956	-0.9954835	-0.0003953998	2.962883e-20	1
0	0.094171956	-0.9954835	-0.0003953998	0	-1.2566371e-05	0	0.094171956	-0.9954835	-0.0003953998	2.9633826e-20	1
0	0.094171956	-0.9954835	-0.0003953998	0	-6.2831855e-06	0	0.094171956	-0.9954835	-0.0003953998	2.9636324e-20	1
0	0.094171956	-0.9954835	-0.0003953998	0	-2.513274e-06	0	0.094171956	-0.9954835	-0.0003953998	2.9637823e-20	1
0	0.094171956	-0.9954835	-0.0003953998	0	-1.256637e-06	0	0.094171956	-0.9954835	-0.0003953998	2.9638324e-20	1
0	0.094171956	-0.9954835	-0.0003953998	0	-6.283185e-07	0	0.094171956	-0.9954835	-0.0003953998	2.9638573e-20	1
0	0.094171956	-0.9954835	-0.0003953998	0	-2.513274e-07	0	0.094171956	-0.9954835	-0.0003953998	2.963872e-20	1
0	0.094171956	-0.9954835	-0.0003953998	0	-1.256637e-07	0	0.094171956	-0.9954835	-0.0003953998	2.9638773e-20	1
0	0.094171956	-0.9954835	-0.0003953998	0	0	0	0.094171956	-0.9954835	-0.0003953998	2.9638822e-20	1
0	0.094171956	-0.9954835	-0.0003953998	0	1.256637e-07	0	0.094171956	-0.9954835	-0.0003953998	2.9638873e-20	1
0	0.094171956	-0.9954835	-0.0003953998	0	2.513274e-07	0	0.094171956	-0.9954835	-0.0003953998	2.9638922e-20	1
0	0.094171956	-0.9954835	-0.0003953998	0	6.283185e-07	0	0.094171956	-0.9954835	-0.0003953998	2.963907e-20	1
0	0.094171956	-0.9954835	-0.0003953998	0	1.256637e-06	0	0.094171956	-0.9954835	-0.0003953998	2.9639322e-20	1
0	0.094171956	-0.9954835	-0.0003953998	0	2.513274e-06	0	0.094171956	-0.9954835	-0.0003953998	2.963982e-20	1
0	0.094171956	-0.9954835	-0.0003953998	0	6.2831855e-06	0	0.094171956	-0.9954835	-0.0003953998	2.964132e-20	1
0	0.094171956	-0.9954835	-0.0003953998	0	1.2566371e-05	0	0.094171956	-0.9954835	-0.0003953998	2.9643817e-20	1
0	0.094171956	-0.9954835	-0.0003953998	0	2.5132742e-05	0	0.094171956	-0.9954835	-0.0003953998	2.9648812e-20	1
0	0.09566949	-0.9953406	-0.0003949838	0	6.283185e-05	0	0.09566949	-0.9953406	-0.0003949838	2.9663792e-20	1
0	0.09596665	-0.995312	-0.0003949021	0	0.0001256637	0	0.09596665	-0.995312	-0.0003949021	2.968877e-20	1
0	0.09659239	-0.9952514	-0.00039473508	0	0.0002513274	0	0.09659239	-0.9952514	-0.00039473508	2.9738713e-20	1
0	0.09848639	-0.99506557	-0.00039418752	0	0.0006283185	0	0.09848639	-0.99506557	-0.00039418752	2.988854e-20	1
0	0.100463524	-0.9948677	-0.00039361825	0	0.0010053096	0	0.100463524	-0.9948677	-0.00039361825	3.003834e-20	1
0	0.100463524	-0.9948677	-0.00039361825	0	0.001256637	0	0.100463524	-0.9948677	-0.00039361825	3.0138196e-20	1
0	0.10537555	-0.994359	-0.0003921638	0	0.0018849556	0	0.10537555	-0.994359	-0.0003921638	3.0387743e-20	1
0	0.10921381	-0.9939444	-0.00039099404	0	0.002513274	0	0.10921381	-0.9939444	-0.00039099404	3.0637203e-20	1
0	0.11777117	-0.99296594	-0.0003882797	0	0.0037699111	0	0.11777117	-0.99296594	-0.0003882797	3.113578e-20	1
0	0.13999617	-0.99007475	-0.00038062624	0	0.0062831854	0	0.13999617	-0.99007475	-0.00038062624	3.2131097e-20	1
0	0.18698868	-0.9822781	-0.00036211533	0	0.009424778	0	0.18698868	-0.9822781	-0.00036211533	3.3369186e-20	1
0	-0.9498961	0.3122356	0.0001371007	0	0.012566371	0	-0.9498961	0.3122356	0.0001371007	2.6947979e-20	1
0	-0.04872922	0.99874353	0.0004041471	0	0.018849555	0	-0.04872922	0.99874353	0.0004041471	2.212914e-20	1
0	-0.04185241	0.9990559	0.00040429295	0	0.025132742	0	-0.04185241	0.9990559	0.00040429295	1.9622616e-20	1
0	-0.032593504	0.99940187	0.0004033053	0	0.03769911	0	-0.032593504	0.99940187	0.0004033053	1.4607872e-20	1
0	-0.026674267	0.99957824	0.00040143734	0	0.050265484	0	-0.026674267	0.99957824	0.00040143734	9.591882e-21	1
0	-0.02256389	0.9996804	0.00039914466	0	0.06283186	0	-0.02256389	0.9996804	0.00039914466	4.5752135e-21	1
