# t (s)	mx ()	my ()	mz ()	B_extx (T)	B_exty (T)	B_extz (T)	mx ()	my ()	mz ()	E_total (J)	branch ()
0	0.9990864	0.04120457	0.0006683522	0.06283186	0	0	0.9990864	0.04120457	0.0006683522	2.3031192e-21	-1
0	0.9988378	0.046825573	0.00067461433	0.050265484	0	0	0.9988378	0.046825573	0.00067461433	7.316454e-21	-1
0	0.99846375	0.054200396	0.0006811331	0.03769911	0	0	0.99846375	0.054200396	0.0006811331	1.2328259e-20	-1
0	0.9978633	0.06429532	0.00068787916	0.025132742	0	0	0.9978633	0.06429532	0.00068787916	1.7337675e-20	-1
0	0.9974166	0.07087873	0.0006912857	0.018849555	0	0	0.9974166	0.07087873	0.0006912857	1.984103e-20	-1
0	0.9968102	0.07893942	0.00069463754	0.012566371	0	0	0.9968102	0.07893942	0.00069463754	2.2343082e-20	-1
0	0.9964223	0.08368754	0.00069625524	0.009424778	0	0	0.9964223	0.08368754	0.00069625524	2.3593469e-20	-1
0	0.9959583	0.08903377	0.0006978003	0.0062831854	0	0	0.9959583	0.08903377	0.0006978003	2.4843328e-20	-1
0	0.99551773	0.093826085	0.00069895585	0.0037699111	0	0	0.99551773	0.093826085	0.00069895585	2.5842757e-20	-1
0	0.9952699	0.09641732	0.000699498	0.002513274	0	0	0.9952699	0.09641732	0.000699498	2.6342294e-20	-1
0	0.995138	0.09776753	0.0006997611	0.0018849556	0	0	0.995138	0.09776753	0.0006997611	2.6592017e-20	-1
0	0.9950008	0.0991529	0.0007000098	0.001256637	0	0	0.9950008	0.0991529	0.0007000098	2.6841704e-20	-1
0	0.9950008	0.0991529	0.0007000098	0.0010053096	0	0	0.9950008	0.0991529	0.0007000098	2.6941571e-20	-1
0	0.9948572	0.1005822	0.0007002539	0.0006283185	0	0	0.9948572	0.1005822	0.0007002539	2.7091356e-20	-1
0	0.99476826	0.101456895	0.00070039486	0.0002513274	0	0	0.99476826	0.101456895	0.00070039486	2.724113e-20	-1
0	0.99476826	0.101456895	0.00070039486	0.0001256637	0	0	0.99476826	0.101456895	0.00070039486	2.7291054e-20	-1
0	0.99476826	0.101456895	0.00070039486	6.283185e-05	0	0	0.99476826	0.101456895	0.00070039486	2.7316014e-20	-1
0	0.99476826	0.101456895	0.00070039486	2.5132742e-05	0	0	0.99476826	0.101456895	0.00070039486	2.733099e-20	-1
0	0.99476826	0.101456895	0.00070039486	1.2566371e-05	0	0	0.99476826	0.101456895	0.00070039486	2.7335983e-20	-1
0	0.99476826	0.101456895	0.00070039486	6.2831855e-06	0	0	0.99476826	0.101456895	0.00070039486	2.7338478e-20	-1
0	0.99476826	0.101456895	0.00070039486	2.513274e-06	0	0	0.99476826	0.101456895	0.00070039486	2.7339977e-20	-1
0	0.99476826	0.101456895	0.00070039486	1.256637e-06	0	0	0.99476826	0.101456895	0.00070039486	2.7340474e-20	-1
0	0.99476826	0.101456895	0.00070039486	6.283185e-07	0	0	0.99476826	0.101456895	0.00070039486	2.7340726e-20	-1
0	0.99476826	0.101456895	0.00070039486	2.513274e-07	0	0	0.99476826	0.101456895	0.00070039486	2.7340875e-20	-1
0	0.99476826	0.101456895	0.00070039486	1.256637e-07	0	0	0.99476826	0.101456895	0.00070039486	2.7340924e-20	-1
0	0.99476826	0.101456895	0.00070039486	0	0	0	0.99476826	0.101456895	0.00070039486	2.7340975e-20	-1
0	0.99476826	0.101456895	0.00070039486	-1.256637e-07	0	0	0.99476826	0.101456895	0.00070039486	2.7341024e-20	-1
0	0.99476826	0.101456895	0.00070039486	-2.513274e-07	0	0	0.99476826	0.101456895	0.00070039486	2.7341075e-20	-1
0	0.99476826	0.101456895	0.00070039486	-6.283185e-07	0	0	0.99476826	0.101456895	0.00070039486	2.7341224e-20	-1
0	0.99476826	0.101456895	0.00070039486	-1.256637e-06	0	0	0.99476826	0.101456895	0.00070039486	2.7341473e-20	-1
0	0.99476826	0.101456895	0.00070039486	-2.513274e-06	0	0	0.99476826	0.101456895	0.00070039486	2.7341974e-20	-1
0	0.99476826	0.101456895	0.00070039486	-6.2831855e-06	0	0	0.99476826	0.101456895	0.00070039486	2.734347e-20	-1
0	0.99476826	0.101456895	0.00070039486	-1.2566371e-05	0	0	0.99476826	0.101456895	0.00070039486	2.7345967e-20	-1
0	0.99476826	0.101456895	0.00070039486	-2.5132742e-05	0	0	0.99476826	0.101456895	0.00070039486	2.735096e-20	-1
0	0.9946929	0.1021924	0.0007005101	-6.283185e-05	0	0	0.9946929	0.1021924	0.0007005101	2.7365933e-20	-1
0	0.9946929	0.1021924	0.0007005101	-0.0001256637	0	0	0.9946929	0.1021924	0.0007005101	2.7390894e-20	-1
0	0.9946929	0.1021924	0.0007005101	-0.0002513274	0	0	0.9946929	0.1021924	0.0007005101	2.7440812e-20	-1
0	0.99455106	0.10356209	0.00070071	-0.0006283185	0	0	0.99455106	0.10356209	0.00070071	2.7590548e-20	-1
0	0.9944538	0.10449144	0.0007008393	-0.0010053096	0	0	0.9944538	0.10449144	0.0007008393	2.7740277e-20	-1
0	0.9944538	0.10449144	0.0007008393	-0.001256637	0	0	0.9944538	0.10449144	0.0007008393	2.7840088e-20	-1
0	0.99421585	0.10672941	0.00070112164	-0.0018849556	0	0	0.99421585	0.10672941	0.00070112164	2.8089587e-20	-1
0	0.9940374	0.10837713	0.00070130854	-0.002513274	0	0	0.9940374	0.10837713	0.00070130854	2.8339037e-20	-1
0	0.9936539	0.11183512	0.0007016364	-0.0037699111	0	0	0.9936539	0.11183512	0.0007016364	2.88378e-20	-1
0	0.99276173	0.11948967	0.0007020688	-0.0062831854	0	0	0.99276173	0.11948967	0.0007020688	2.98347e-20	-1
0	0.99135184	0.1306619	0.0007020312	-0.009424778	0	0	0.99135184	0.1306619	0.0007020312	3.1079395e-20	-1
0	0.9894725	0.14419469	0.0007009958	-0.012566371	0	0	0.9894725	0.14419469	0.0007009958	3.2322053e-20	-1
0	0.98307586	0.18275553	0.0006926631	-0.018849555	0	0	0.98307586	0.18275553	0.0006926631	3.479787e-20	-1
0	0.9652736	0.26088148	0.0006540631	-0.025132742	0	0	0.9652736	0.26088148	0.0006540631	3.7247245e-20	-1
0	-0.99846375	-0.054200865	-0.0006811342	-0.03769911	0	0	-0.99846375	-0.054200865	-0.0006811342	1.232826e-20	-1
0	-0.99883777	-0.04682616	-0.00067461457	-0.050265484	0	0	-0.99883777	-0.04682616	-0.00067461457	7.3164586e-21	-1
0	-0.99908626	-0.04120662	-0.0006683526	-0.06283186	0	0	-0.99908626	-0.04120662	-0.0006683526	2.3031174e-21	-1
0	-0.99908626	-0.04120662	-0.0006683526	-0.06283186	0	0	-0.99908626	-0.04120662	-0.0006683526	2.3031174e-21	1
0	-0.99883795	-0.046822485	-0.00067461364	-0.050265484	0	0	-0.99883795	-0.046822485	-0.00067461364	7.316456e-21	1
0	-0.99846363	-0.0542014	-0.0006811344	-0.03769911	0	0	-0.99846363	-0.0542014	-0.0006811344	1.2328257e-20	1
0	-0.9978632	-0.06429776	-0.0006878796	-0.025132742	0	0	-0.9978632	-0.06429776	-0.0006878796	1.7337675e-20	1
0	-0.9974165	-0.07088041	-0.0006912842	-0.018849555	0	0	-0.9974165	-0.07088041	-0.0006912842	1.9841034e-20	1
0	-0.99681044	-0.07893679	-0.0006946358	-0.012566371	0	0	-0.99681044	-0.07893679	-0.0006946358	2.2343082e-20	1
0	-0.9964224	-0.08368695	-0.0006962551	-0.009424778	0	0	-0.9964224	-0.08368695	-0.0006962551	2.3593469e-20	1
0	-0.9959583	-0.08903297	-0.00069779967	-0.0062831854	0	0	-0.9959583	-0.08903297	-0.00069779967	2.4843328e-20	1
0	-0.9955181	-0.09382194	-0.000698956	-0.0037699111	0	0	-0.9955181	-0.09382194	-0.000698956	2.5842756e-20	1
0	-0.99527	-0.096416354	-0.00069949776	-0.002513274	0	0	-0.99527	-0.096416354	-0.00069949776	2.6342295e-20	1
0	-0.99513805	-0.09776683	-0.0006997582	-0.0018849556	0	0	-0.99513805	-0.09776683	-0.0006997582	2.6592015e-20	1
0	-0.995	-0.09916051	-0.00070000987	-0.001256637	0	0	-0.995	-0.09916051	-0.00070000987	2.6841707e-20	1
0	-0.995	-0.09916051	-0.00070000987	-0.0010053096	0	0	-0.995	-0.09916051	-0.00070000987	2.6941576e-20	1
0	-0.99485743	-0.10057983	-0.0007002535	-0.0006283185	0	0	-0.99485743	-0.10057983	-0.0007002535	2.7091359e-20	1
0	-0.99476886	-0.10145176	-0.0007003951	-0.0002513274	0	0	-0.99476886	-0.10145176	-0.0007003951	2.7241132e-20	1
0	-0.99476886	-0.10145176	-0.0007003951	-0.0001256637	0	0	-0.99476886	-0.10145176	-0.0007003951	2.7291054e-20	1
0	-0.99476886	-0.10145176	-0.0007003951	-6.283185e-05	0	0	-0.99476886	-0.10145176	-0.0007003951	2.7316018e-20	1
0	-0.99476886	-0.10145176	-0.0007003951	-2.5132742e-05	0	0	-0.99476886	-0.10145176	-0.0007003951	2.7330994e-20	1
0	-0.99476886	-0.10145176	-0.0007003951	-1.2566371e-05	0	0	-0.99476886	-0.10145176	-0.0007003951	2.7335986e-20	1
0	-0.99476886	-0.10145176	-0.0007003951	-6.2831855e-06	0	0	-0.99476886	-0.10145176	-0.0007003951	2.733848e-20	1
0	-0.99476886	-0.10145176	-0.0007003951	-2.513274e-06	0	0	-0.99476886	-0.10145176	-0.0007003951	2.733998e-20	1
0	-0.99476886	-0.10145176	-0.0007003951	-1.256637e-06	0	0	-0.99476886	-0.10145176	-0.0007003951	2.7340478e-20	1
0	-0.99476886	-0.10145176	-0.0007003951	-6.283185e-07	0	0	-0.99476886	-0.10145176	-0.0007003951	2.7340726e-20	1
0	-0.99476886	-0.10145176	-0.0007003951	-2.513274e-07	0	0	-0.99476886	-0.10145176	-0.0007003951	2.7340878e-20	1
0	-0.99476886	-0.10145176	-0.0007003951	-1.256637e-07	0	0	-0.99476886	-0.10145176	-0.0007003951	2.7340927e-20	1
0	-0.99476886	-0.10145176	-0.0007003951	0	0	0	-0.99476886	-0.10145176	-0.0007003951	2.734098e-20	1
0	-0.99476886	-0.10145176	-0.0007003951	1.256637e-07	0	0	-0.99476886	-0.10145176	-0.0007003951	2.7341027e-20	1
0	-0.99476886	-0.10145176	-0.0007003951	2.513274e-07	0	0	-0.99476886	-0.10145176	-0.0007003951	2.734108e-20	1
0	-0.99476886	-0.10145176	-0.0007003951	6.283185e-07	0	0	-0.99476886	-0.10145176	-0.0007003951	2.7341227e-20	1
0	-0.99476886	-0.10145176	-0.0007003951	1.256637e-06	0	0	-0.99476886	-0.10145176	-0.0007003951	2.7341476e-20	1
0	-0.99476886	-0.10145176	-0.0007003951	2.513274e-06	0	0	-0.99476886	-0.10145176	-0.0007003951	2.7341977e-20	1
0	-0.99476886	-0.10145176	-0.0007003951	6.2831855e-06	0	0	-0.99476886	-0.10145176	-0.0007003951	2.7343473e-20	1
0	-0.99476886	-0.10145176	-0.0007003951	1.2566371e-05	0	0	-0.99476886	-0.10145176	-0.0007003951	2.734597e-20	1
0	-0.99476886	-0.10145176	-0.0007003951	2.5132742e-05	0	0	-0.99476886	-0.10145176	-0.0007003951	2.7350963e-20	1
0	-0.9946922	-0.10219939	-0.0007005099	6.283185e-05	0	0	-0.9946922	-0.10219939	-0.0007005099	2.7365933e-20	1
0	-0.9946922	-0.10219939	-0.0007005099	0.0001256637	0	0	-0.9946922	-0.10219939	-0.0007005099	2.7390894e-20	1
0	-0.9946922	-0.10219939	-0.0007005099	0.0002513274	0	0	-0.9946922	-0.10219939	-0.0007005099	2.7440812e-20	1
0	-0.99455184	-0.10355477	-0.0007007109	0.0006283185	0	0	-0.99455184	-0.10355477	-0.0007007109	2.759055e-20	1
0	-0.994455	-0.10447999	-0.00070083956	0.0010053096	0	0	-0.994455	-0.10447999	-0.00070083956	2.7740277e-20	1
0	-0.994455	-0.10447999	-0.00070083956	0.001256637	0	0	-0.994455	-0.10447999	-0.00070083956	2.784009e-20	1
0	-0.99421644	-0.10672326	-0.00070112204	0.0018849556	0	0	-0.99421644	-0.10672326	-0.00070112204	2.8089587e-20	1
0	-0.9940369	-0.10838175	-0.000701308	0.002513274	0	0	-0.9940369	-0.10838175	-0.000701308	2.8339037e-20	1
0	-0.9936549	-0.111826524	-0.000701637	0.0037699111	0	0	-0.9936549	-0.111826524	-0.000701637	2.88378e-20	1
0	-0.9927621	-0.11948619	-0.00070206635	0.0062831854	0	0	-0.9927621	-0.11948619	-0.00070206635	2.9834695e-20	1
0	-0.9913522	-0.13065967	-0.00070203154	0.009424778	0	0	-0.9913522	-0.13065967	-0.00070203154	3.1079402e-20	1
0	-0.98947203	-0.14419712	-0.0007009948	0.012566371	0	0	-0.98947203	-0.14419712	-0.0007009948	3.2322053e-20	1
0	-0.9830797	-0.18273498	-0.0006926707	0.018849555	0	0	-0.9830797	-0.18273498	-0.0006926707	3.479787e-20	1
0	-0.96526927	-0.26089752	-0.000654052	0.025132742	0	0	-0.96526927	-0.26089752	-0.000654052	3.7247245e-20	1
0	0.9984635	0.054204866	0.00068113394	0.03769911	0	0	0.9984635	0.054204866	0.00068113394	1.232826e-20	1
0	0.9988377	0.046826594	0.0006746142	0.050265484	0	0	0.9988377	0.046826594	0.0006746142	7.316457e-21	1
0	0.9990863	0.041205987	0.0006683527	0.06283186	0	0	0.9990863	0.041205987	0.0006683527	2.303118e-21	1
