# t (s)	mx ()	my ()	mz ()	B_extx (T)	B_exty (T)	B_extz (T)	mx ()	my ()	mz ()	E_total (J)	branch ()
0	0.99986804	0.01108912	0.003701143	0.06283186	0	0	0.99986804	0.01108912	0.003701143	2.421358e-21	-1
0	0.99984884	0.012639017	0.0037302566	0.050265484	0	0	0.99984884	0.012639017	0.0037302566	7.439159e-21	-1
0	0.99981993	0.014688313	0.0037599355	0.03769911	0	0	0.99981993	0.014688313	0.0037599355	1.2456843e-20	-1
0	0.99977314	0.017533023	0.0037901886	0.025132742	0	0	0.99977314	0.017533023	0.0037901886	1.7474334e-20	-1
0	0.999738	0.019410636	0.0038055354	0.018849555	0	0	0.999738	0.019410636	0.0038055354	1.9982976e-20	-1
0	0.99968946	0.021745462	0.003821006	0.012566371	0	0	0.99968946	0.021745462	0.003821006	2.2491513e-20	-1
0	0.999658	0.023132702	0.0038287677	0.009424778	0	0	0.999658	0.023132702	0.0038287677	2.374573e-20	-1
0	0.9996201	0.02470813	0.0038365624	0.0062831854	0	0	0.9996201	0.02470813	0.0038365624	2.4999909e-20	-1
0	0.9995835	0.026138853	0.00384275	0.0037699111	0	0	0.9995835	0.026138853	0.00384275	2.6003213e-20	-1
0	0.999563	0.026908759	0.003845848	0.002513274	0	0	0.999563	0.026908759	0.003845848	2.6504848e-20	-1
0	0.9995519	0.027315114	0.0038473946	0.0018849556	0	0	0.9995519	0.027315114	0.0038473946	2.6755661e-20	-1
0	0.9995402	0.027736437	0.003848938	0.001256637	0	0	0.9995402	0.027736437	0.003848938	2.7006473e-20	-1
0	0.9995402	0.027736437	0.003848938	0.0010053096	0	0	0.9995402	0.027736437	0.003848938	2.7106796e-20	-1
0	0.9995283	0.028162263	0.0038504808	0.0006283185	0	0	0.9995283	0.028162263	0.0038504808	2.7257278e-20	-1
0	0.9995208	0.028426217	0.003851405	0.0002513274	0	0	0.9995208	0.028426217	0.003851405	2.740776e-20	-1
0	0.9995208	0.028426217	0.003851405	0.0001256637	0	0	0.9995208	0.028426217	0.003851405	2.745792e-20	-1
0	0.9995208	0.028426217	0.003851405	6.283185e-05	0	0	0.9995208	0.028426217	0.003851405	2.7483e-20	-1
0	0.9995208	0.028426217	0.003851405	2.5132742e-05	0	0	0.9995208	0.028426217	0.003851405	2.749805e-20	-1
0	0.9995208	0.028426217	0.003851405	1.2566371e-05	0	0	0.9995208	0.028426217	0.003851405	2.7503067e-20	-1
0	0.9995208	0.028426217	0.003851405	6.2831855e-06	0	0	0.9995208	0.028426217	0.003851405	2.7505575e-20	-1
0	0.9995208	0.028426217	0.003851405	2.513274e-06	0	0	0.9995208	0.028426217	0.003851405	2.750708e-20	-1
0	0.9995208	0.028426217	0.003851405	1.256637e-06	0	0	0.9995208	0.028426217	0.003851405	2.750758e-20	-1
0	0.9995208	0.028426217	0.003851405	6.283185e-07	0	0	0.9995208	0.028426217	0.003851405	2.7507833e-20	-1
0	0.9995208	0.028426217	0.003851405	2.513274e-07	0	0	0.9995208	0.028426217	0.003851405	2.7507982e-20	-1
0	0.9995208	0.028426217	0.003851405	1.256637e-07	0	0	0.9995208	0.028426217	0.003851405	2.7508033e-20	-1
0	0.9995208	0.028426217	0.003851405	0	0	0	0.9995208	0.028426217	0.003851405	2.7508082e-20	-1
0	0.9995208	0.028426217	0.003851405	-1.256637e-07	0	0	0.9995208	0.028426217	0.003851405	2.7508134e-20	-1
0	0.9995208	0.028426217	0.003851405	-2.513274e-07	0	0	0.9995208	0.028426217	0.003851405	2.7508182e-20	-1
0	0.9995208	0.028426217	0.003851405	-6.283185e-07	0	0	0.9995208	0.028426217	0.003851405	2.7508334e-20	-1
0	0.9995208	0.028426217	0.003851405	-1.256637e-06	0	0	0.9995208	0.028426217	0.003851405	2.7508586e-20	-1
0	0.9995208	0.028426217	0.003851405	-2.513274e-06	0	0	0.9995208	0.028426217	0.003851405	2.7509087e-20	-1
0	0.9995152	0.028619964	0.0038520354	-6.2831855e-06	0	0	0.9995152	0.028619964	0.0038520354	2.751059e-20	-1
0	0.9995152	0.028619964	0.0038520354	-1.2566371e-05	0	0	0.9995152	0.028619964	0.0038520354	2.7513097e-20	-1
0	0.9995152	0.028619964	0.0038520354	-2.5132742e-05	0	0	0.9995152	0.028619964	0.0038520354	2.7518115e-20	-1
0	0.9995152	0.028619964	0.0038520354	-6.283185e-05	0	0	0.9995152	0.028619964	0.0038520354	2.7533162e-20	-1
0	0.9995152	0.028619964	0.0038520354	-0.0001256637	0	0	0.9995152	0.028619964	0.0038520354	2.7558243e-20	-1
0	0.9995152	0.028619964	0.0038520354	-0.0002513274	0	0	0.9995152	0.028619964	0.0038520354	2.7608403e-20	-1
0	0.9995022	0.029069053	0.003853559	-0.0006283185	0	0	0.9995022	0.029069053	0.003853559	2.7758886e-20	-1
0	0.9994939	0.029351998	0.003854476	-0.0010053096	0	0	0.9994939	0.029351998	0.003854476	2.7909368e-20	-1
0	0.9994939	0.029351998	0.003854476	-0.001256637	0	0	0.9994939	0.029351998	0.003854476	2.8009686e-20	-1
0	0.99947345	0.0300371	0.0038566166	-0.0018849556	0	0	0.99947345	0.0300371	0.0038566166	2.826048e-20	-1
0	0.9994582	0.030539688	0.0038581402	-0.002513274	0	0	0.9994582	0.030539688	0.0038581402	2.851127e-20	-1
0	0.9994252	0.031596556	0.0038611703	-0.0037699111	0	0	0.9994252	0.031596556	0.0038611703	2.9012843e-20	-1
0	0.999347	0.033974193	0.0038671412	-0.0062831854	0	0	0.999347	0.033974193	0.0038671412	3.0015926e-20	-1
0	0.9992206	0.03749887	0.0038743464	-0.009424778	0	0	0.9992206	0.03749887	0.0038743464	3.1269663e-20	-1
0	0.99904853	0.041824214	0.0038810675	-0.012566371	0	0	0.99904853	0.041824214	0.0038810675	3.2523204e-20	-1
0	0.99844116	0.054412298	0.00389117	-0.018849555	0	0	0.99844116	0.054412298	0.00389117	3.502941e-20	-1
0	0.99685144	0.07829071	0.0038861888	-0.025132742	0	0	0.99685144	0.07829071	0.0038861888	3.7533117e-20	-1
0	-0.9998199	-0.014689002	-0.0037599332	-0.03769911	0	0	-0.9998199	-0.014689002	-0.0037599332	1.2456839e-20	-1
0	-0.9998487	-0.012642762	-0.003730258	-0.050265484	0	0	-0.9998487	-0.012642762	-0.003730258	7.439161e-21	-1
0	-0.99986804	-0.011090988	-0.0037011434	-0.06283186	0	0	-0.99986804	-0.011090988	-0.0037011434	2.4213614e-21	-1
0	-0.99986804	-0.011090988	-0.0037011434	-0.06283186	0	0	-0.99986804	-0.011090988	-0.0037011434	2.4213614e-21	1
0	-0.99984884	-0.012638977	-0.003730256	-0.050265484	0	0	-0.99984884	-0.012638977	-0.003730256	7.439162e-21	1
0	-0.9998199	-0.014689123	-0.003759931	-0.03769911	0	0	-0.9998199	-0.014689123	-0.003759931	1.2456839e-20	1
0	-0.99977314	-0.0175352	-0.0037901956	-0.025132742	0	0	-0.99977314	-0.0175352	-0.0037901956	1.7474339e-20	1
0	-0.9997379	-0.019415267	-0.0038055414	-0.018849555	0	0	-0.9997379	-0.019415267	-0.0038055414	1.9982978e-20	1
0	-0.9996896	-0.021742422	-0.0038210058	-0.012566371	0	0	-0.9996896	-0.021742422	-0.0038210058	2.2491517e-20	1
0	-0.99965805	-0.023133878	-0.0038287686	-0.009424778	0	0	-0.99965805	-0.023133878	-0.0038287686	2.3745732e-20	1
0	-0.9996202	-0.024703924	-0.0038365396	-0.0062831854	0	0	-0.9996202	-0.024703924	-0.0038365396	2.4999904e-20	1
0	-0.9995834	-0.02614221	-0.003842751	-0.0037699111	0	0	-0.9995834	-0.02614221	-0.003842751	2.6003208e-20	1
0	-0.99956286	-0.026912745	-0.003845843	-0.002513274	0	0	-0.99956286	-0.026912745	-0.003845843	2.6504844e-20	1
0	-0.99955213	-0.027306985	-0.003847394	-0.0018849556	0	0	-0.99955213	-0.027306985	-0.003847394	2.6755663e-20	1
0	-0.99954057	-0.027723286	-0.0038489387	-0.001256637	0	0	-0.99954057	-0.027723286	-0.0038489387	2.700647e-20	1
0	-0.9995357	-0.027901573	-0.003849556	-0.0010053096	0	0	-0.9995357	-0.027901573	-0.003849556	2.71068e-20	1
0	-0.9995282	-0.02816341	-0.0038504845	-0.0006283185	0	0	-0.9995282	-0.02816341	-0.0038504845	2.7257278e-20	1
0	-0.99952066	-0.0284312	-0.0038514042	-0.0002513274	0	0	-0.99952066	-0.0284312	-0.0038514042	2.7407764e-20	1
0	-0.99952066	-0.0284312	-0.0038514042	-0.0001256637	0	0	-0.99952066	-0.0284312	-0.0038514042	2.7457924e-20	1
0	-0.99952066	-0.0284312	-0.0038514042	-6.283185e-05	0	0	-0.99952066	-0.0284312	-0.0038514042	2.7483005e-20	1
0	-0.99952066	-0.0284312	-0.0038514042	-2.5132742e-05	0	0	-0.99952066	-0.0284312	-0.0038514042	2.7498052e-20	1
0	-0.99952066	-0.0284312	-0.0038514042	-1.2566371e-05	0	0	-0.99952066	-0.0284312	-0.0038514042	2.750307e-20	1
0	-0.99952066	-0.0284312	-0.0038514042	-6.2831855e-06	0	0	-0.99952066	-0.0284312	-0.0038514042	2.7505578e-20	1
0	-0.99952066	-0.0284312	-0.0038514042	-2.513274e-06	0	0	-0.99952066	-0.0284312	-0.0038514042	2.7507083e-20	1
0	-0.99952066	-0.0284312	-0.0038514042	-1.256637e-06	0	0	-0.99952066	-0.0284312	-0.0038514042	2.7507584e-20	1
0	-0.99952066	-0.0284312	-0.0038514042	-6.283185e-07	0	0	-0.99952066	-0.0284312	-0.0038514042	2.7507833e-20	1
0	-0.99952066	-0.0284312	-0.0038514042	-2.513274e-07	0	0	-0.99952066	-0.0284312	-0.0038514042	2.7507985e-20	1
0	-0.99952066	-0.0284312	-0.0038514042	-1.256637e-07	0	0	-0.99952066	-0.0284312	-0.0038514042	2.7508033e-20	1
0	-0.99952066	-0.0284312	-0.0038514042	0	0	0	-0.99952066	-0.0284312	-0.0038514042	2.7508085e-20	1
0	-0.99952066	-0.0284312	-0.0038514042	1.256637e-07	0	0	-0.99952066	-0.0284312	-0.0038514042	2.7508137e-20	1
0	-0.99952066	-0.0284312	-0.0038514042	2.513274e-07	0	0	-0.99952066	-0.0284312	-0.0038514042	2.7508185e-20	1
0	-0.99952066	-0.0284312	-0.0038514042	6.283185e-07	0	0	-0.99952066	-0.0284312	-0.0038514042	2.7508337e-20	1
0	-0.99952066	-0.0284312	-0.0038514042	1.256637e-06	0	0	-0.99952066	-0.0284312	-0.0038514042	2.7508586e-20	1
0	-0.99952066	-0.0284312	-0.0038514042	2.513274e-06	0	0	-0.99952066	-0.0284312	-0.0038514042	2.7509087e-20	1
0	-0.99952066	-0.0284312	-0.0038514042	6.2831855e-06	0	0	-0.99952066	-0.0284312	-0.0038514042	2.7510593e-20	1
0	-0.99952066	-0.0284312	-0.0038514042	1.2566371e-05	0	0	-0.99952066	-0.0284312	-0.0038514042	2.75131e-20	1
0	-0.99952066	-0.0284312	-0.0038514042	2.5132742e-05	0	0	-0.99952066	-0.0284312	-0.0038514042	2.7518118e-20	1
0	-0.9995141	-0.028657658	-0.0038521728	6.283185e-05	0	0	-0.9995141	-0.028657658	-0.0038521728	2.753317e-20	1
0	-0.9995141	-0.028657658	-0.0038521728	0.0001256637	0	0	-0.9995141	-0.028657658	-0.0038521728	2.755825e-20	1
0	-0.9995141	-0.028657658	-0.0038521728	0.0002513274	0	0	-0.9995141	-0.028657658	-0.0038521728	2.760841e-20	1
0	-0.9995022	-0.029070208	-0.0038535588	0.0006283185	0	0	-0.9995022	-0.029070208	-0.0038535588	2.7758886e-20	1
0	-0.99949414	-0.02934445	-0.003854476	0.0010053096	0	0	-0.99949414	-0.02934445	-0.003854476	2.7909365e-20	1
0	-0.99949414	-0.02934445	-0.003854476	0.001256637	0	0	-0.99949414	-0.02934445	-0.003854476	2.8009686e-20	1
0	-0.9994736	-0.030034546	-0.0038566166	0.0018849556	0	0	-0.9994736	-0.030034546	-0.0038566166	2.826048e-20	1
0	-0.9994583	-0.03053623	-0.0038581402	0.002513274	0	0	-0.9994583	-0.03053623	-0.0038581402	2.851127e-20	1
0	-0.99942493	-0.03160564	-0.0038611693	0.0037699111	0	0	-0.99942493	-0.03160564	-0.0038611693	2.9012846e-20	1
0	-0.9993471	-0.033971183	-0.0038671417	0.0062831854	0	0	-0.9993471	-0.033971183	-0.0038671417	3.0015932e-20	1
0	-0.9992208	-0.037493914	-0.0038743448	0.009424778	0	0	-0.9992208	-0.037493914	-0.0038743448	3.1269663e-20	1
0	-0.99904865	-0.041821606	-0.003881069	0.012566371	0	0	-0.99904865	-0.041821606	-0.003881069	3.2523204e-20	1
0	-0.99843985	-0.054436162	-0.0038911565	0.018849555	0	0	-0.99843985	-0.054436162	-0.0038911565	3.502941e-20	1
0	-0.9968479	-0.07833485	-0.0038861344	0.025132742	0	0	-0.9968479	-0.07833485	-0.0038861344	3.753312e-20	1
0	0.9998199	0.014690071	0.0037599332	0.03769911	0	0	0.9998199	0.014690071	0.0037599332	1.2456839e-20	1
0	0.99984884	0.012640063	0.0037302566	0.050265484	0	0	0.99984884	0.012640063	0.0037302566	7.439159e-21	1
0	0.99986804	0.011091486	0.0037011434	0.06283186	0	0	0.99986804	0.011091486	0.0037011434	2.4213574e-21	1
