# t (s)	mx ()	my ()	mz ()	B_extx (T)	B_exty (T)	B_extz (T)	mx ()	my ()	mz ()	E_total (J)	branch ()
0	0.995136	0.09779123	-0.0025420007	0.06283186	0	0	0.995136	0.09779123	-0.0025420007	2.6111358e-21	-1
0	0.99364805	0.111886606	-0.002589949	0.050265484	0	0	0.99364805	0.111886606	-0.002589949	7.601741e-21	-1
0	0.99138486	0.1304073	-0.0026429351	0.03769911	0	0	0.99138486	0.1304073	-0.0026429351	1.2583112e-20	-1
0	0.9877311	0.15566112	-0.0026999984	0.025132742	0	0	0.9877311	0.15566112	-0.0026999984	1.754999e-20	-1
0	0.9850174	0.17198566	-0.0027286548	0.018849555	0	0	0.9850174	0.17198566	-0.0027286548	2.0025214e-20	-1
0	0.9813501	0.19179264	-0.0027555837	0.012566371	0	0	0.9813501	0.19179264	-0.0027555837	2.249251e-20	-1
0	0.9790169	0.20335832	-0.002767418	0.009424778	0	0	0.9790169	0.20335832	-0.002767418	2.3722314e-20	-1
0	0.9762435	0.21627116	-0.0027773464	0.0062831854	0	0	0.9762435	0.21627116	-0.0027773464	2.4948922e-20	-1
0	0.9736235	0.22776726	-0.002783319	0.0037699111	0	0	0.9736235	0.22776726	-0.002783319	2.5927493e-20	-1
0	0.9721528	0.23396029	-0.0027854294	0.002513274	0	0	0.9721528	0.23396029	-0.0027854294	2.6415741e-20	-1
0	0.9713737	0.23717234	-0.0027862187	0.0018849556	0	0	0.9713737	0.23717234	-0.0027862187	2.6659582e-20	-1
0	0.9705632	0.24046504	-0.002786816	0.001256637	0	0	0.9705632	0.24046504	-0.002786816	2.6903225e-20	-1
0	0.9705632	0.24046504	-0.002786816	0.0010053096	0	0	0.9705632	0.24046504	-0.002786816	2.700064e-20	-1
0	0.96971536	0.24385923	-0.002787209	0.0006283185	0	0	0.96971536	0.24385923	-0.002787209	2.7146656e-20	-1
0	0.9691901	0.24593708	-0.0027873246	0.0002513274	0	0	0.9691901	0.24593708	-0.0027873246	2.729261e-20	-1
0	0.9691901	0.24593708	-0.0027873246	0.0001256637	0	0	0.9691901	0.24593708	-0.0027873246	2.734125e-20	-1
0	0.9691901	0.24593708	-0.0027873246	6.283185e-05	0	0	0.9691901	0.24593708	-0.0027873246	2.736557e-20	-1
0	0.9691901	0.24593708	-0.0027873246	2.5132742e-05	0	0	0.9691901	0.24593708	-0.0027873246	2.7380163e-20	-1
0	0.9691901	0.24593708	-0.0027873246	1.2566371e-05	0	0	0.9691901	0.24593708	-0.0027873246	2.7385026e-20	-1
0	0.9691901	0.24593708	-0.0027873246	6.2831855e-06	0	0	0.9691901	0.24593708	-0.0027873246	2.738746e-20	-1
0	0.9691901	0.24593708	-0.0027873246	2.513274e-06	0	0	0.9691901	0.24593708	-0.0027873246	2.7388916e-20	-1
0	0.9691901	0.24593708	-0.0027873246	1.256637e-06	0	0	0.9691901	0.24593708	-0.0027873246	2.7389404e-20	-1
0	0.9691901	0.24593708	-0.0027873246	6.283185e-07	0	0	0.9691901	0.24593708	-0.0027873246	2.7389646e-20	-1
0	0.9691901	0.24593708	-0.0027873246	2.513274e-07	0	0	0.9691901	0.24593708	-0.0027873246	2.7389792e-20	-1
0	0.9691901	0.24593708	-0.0027873246	1.256637e-07	0	0	0.9691901	0.24593708	-0.0027873246	2.738984e-20	-1
0	0.9691901	0.24593708	-0.0027873246	0	0	0	0.9691901	0.24593708	-0.0027873246	2.738989e-20	-1
0	0.9691901	0.24593708	-0.0027873246	-1.256637e-07	0	0	0.9691901	0.24593708	-0.0027873246	2.7389937e-20	-1
0	0.9691901	0.24593708	-0.0027873246	-2.513274e-07	0	0	0.9691901	0.24593708	-0.0027873246	2.7389986e-20	-1
0	0.9691901	0.24593708	-0.0027873246	-6.283185e-07	0	0	0.9691901	0.24593708	-0.0027873246	2.7390134e-20	-1
0	0.9691901	0.24593708	-0.0027873246	-1.256637e-06	0	0	0.9691901	0.24593708	-0.0027873246	2.7390377e-20	-1
0	0.9691901	0.24593708	-0.0027873246	-2.513274e-06	0	0	0.9691901	0.24593708	-0.0027873246	2.739086e-20	-1
0	0.9691901	0.24593708	-0.0027873246	-6.2831855e-06	0	0	0.9691901	0.24593708	-0.0027873246	2.7392322e-20	-1
0	0.9691901	0.24593708	-0.0027873246	-1.2566371e-05	0	0	0.9691901	0.24593708	-0.0027873246	2.7394755e-20	-1
0	0.9691901	0.24593708	-0.0027873246	-2.5132742e-05	0	0	0.9691901	0.24593708	-0.0027873246	2.7399618e-20	-1
0	0.9687424	0.24769352	-0.0027873623	-6.283185e-05	0	0	0.9687424	0.24769352	-0.0027873623	2.741418e-20	-1
0	0.9687424	0.24769352	-0.0027873623	-0.0001256637	0	0	0.9687424	0.24769352	-0.0027873623	2.743849e-20	-1
0	0.9687424	0.24769352	-0.0027873623	-0.0002513274	0	0	0.9687424	0.24769352	-0.0027873623	2.7487105e-20	-1
0	0.96791255	0.25091428	-0.0027872708	-0.0006283185	0	0	0.96791255	0.25091428	-0.0027872708	2.763286e-20	-1
0	0.9673399	0.25311148	-0.0027870887	-0.0010053096	0	0	0.9673399	0.25311148	-0.0027870887	2.777854e-20	-1
0	0.9673399	0.25311148	-0.0027870887	-0.001256637	0	0	0.9673399	0.25311148	-0.0027870887	2.7875634e-20	-1
0	0.9659468	0.25837335	-0.002786268	-0.0018849556	0	0	0.9659468	0.25837335	-0.002786268	2.8118124e-20	-1
0	0.9649	0.26225266	-0.0027853132	-0.002513274	0	0	0.9649	0.26225266	-0.0027853132	2.8360372e-20	-1
0	0.962639	0.27042896	-0.002782308	-0.0037699111	0	0	0.962639	0.27042896	-0.002782308	2.8844046e-20	-1
0	0.957428	0.28832382	-0.0027711538	-0.0062831854	0	0	0.957428	0.28832382	-0.0027711538	2.9807725e-20	-1
0	0.9491371	0.31452733	-0.0027434453	-0.009424778	0	0	0.9491371	0.31452733	-0.0027434453	3.1003973e-20	-1
0	0.93783915	0.34674692	-0.0026909346	-0.012566371	0	0	0.93783915	0.34674692	-0.0026909346	3.2188095e-20	-1
0	0.8903579	0.45496553	-0.00236696	-0.018849555	0	0	0.8903579	0.45496553	-0.00236696	3.4493965e-20	-1
0	-0.98773015	-0.1556675	0.0027000066	-0.025132742	0	0	-0.98773015	-0.1556675	0.0027000066	1.7549994e-20	-1
0	-0.99138427	-0.13041243	0.0026429263	-0.03769911	0	0	-0.99138427	-0.13041243	0.0026429263	1.2583114e-20	-1
0	-0.99364793	-0.111887336	0.0025899531	-0.050265484	0	0	-0.99364793	-0.111887336	0.0025899531	7.601744e-21	-1
0	-0.9951359	-0.09779237	0.002542003	-0.06283186	0	0	-0.9951359	-0.09779237	0.002542003	2.6111351e-21	-1
0	-0.9951359	-0.09779237	0.002542003	-0.06283186	0	0	-0.9951359	-0.09779237	0.002542003	2.6111351e-21	1
0	-0.9936482	-0.11188569	0.0025899473	-0.050265484	0	0	-0.9936482	-0.11188569	0.0025899473	7.601739e-21	1
0	-0.9913848	-0.13040805	0.0026429337	-0.03769911	0	0	-0.9913848	-0.13040805	0.0026429337	1.2583113e-20	1
0	-0.98773074	-0.15566355	0.0027000029	-0.025132742	0	0	-0.98773074	-0.15566355	0.0027000029	1.754999e-20	1
0	-0.9850168	-0.17198929	0.0027287067	-0.018849555	0	0	-0.9850168	-0.17198929	0.0027287067	2.0025217e-20	1
0	-0.98134947	-0.1917956	0.0027556117	-0.012566371	0	0	-0.98134947	-0.1917956	0.0027556117	2.249251e-20	1
0	-0.97901726	-0.20335713	0.0027674222	-0.009424778	0	0	-0.97901726	-0.20335713	0.0027674222	2.3722314e-20	1
0	-0.9762411	-0.21628226	0.002777346	-0.0062831854	0	0	-0.9762411	-0.21628226	0.002777346	2.494892e-20	1
0	-0.9736227	-0.2277711	0.0027833185	-0.0037699111	0	0	-0.9736227	-0.2277711	0.0027833185	2.5927495e-20	1
0	-0.9721508	-0.23396894	0.0027854266	-0.002513274	0	0	-0.9721508	-0.23396894	0.0027854266	2.6415743e-20	1
0	-0.9713739	-0.23717138	0.0027862184	-0.0018849556	0	0	-0.9713739	-0.23717138	0.0027862184	2.6659582e-20	1
0	-0.97056067	-0.24047537	0.0027868135	-0.001256637	0	0	-0.97056067	-0.24047537	0.0027868135	2.6903222e-20	1
0	-0.97056067	-0.24047537	0.0027868135	-0.0010053096	0	0	-0.97056067	-0.24047537	0.0027868135	2.7000637e-20	1
0	-0.9697157	-0.24385771	0.002787212	-0.0006283185	0	0	-0.9697157	-0.24385771	0.002787212	2.7146656e-20	1
0	-0.9691909	-0.24593388	0.0027873467	-0.0002513274	0	0	-0.9691909	-0.24593388	0.0027873467	2.729261e-20	1
0	-0.9691909	-0.24593388	0.0027873467	-0.0001256637	0	0	-0.9691909	-0.24593388	0.0027873467	2.734125e-20	1
0	-0.9691909	-0.24593388	0.0027873467	-6.283185e-05	0	0	-0.9691909	-0.24593388	0.0027873467	2.736557e-20	1
0	-0.9691909	-0.24593388	0.0027873467	-2.5132742e-05	0	0	-0.9691909	-0.24593388	0.0027873467	2.7380163e-20	1
0	-0.9691909	-0.24593388	0.0027873467	-1.2566371e-05	0	0	-0.9691909	-0.24593388	0.0027873467	2.7385026e-20	1
0	-0.9691909	-0.24593388	0.0027873467	-6.2831855e-06	0	0	-0.9691909	-0.24593388	0.0027873467	2.738746e-20	1
0	-0.9691909	-0.24593388	0.0027873467	-2.513274e-06	0	0	-0.9691909	-0.24593388	0.0027873467	2.7388916e-20	1
0	-0.9691909	-0.24593388	0.0027873467	-1.256637e-06	0	0	-0.9691909	-0.24593388	0.0027873467	2.7389404e-20	1
0	-0.9691909	-0.24593388	0.0027873467	-6.283185e-07	0	0	-0.9691909	-0.24593388	0.0027873467	2.7389646e-20	1
0	-0.9691909	-0.24593388	0.0027873467	-2.513274e-07	0	0	-0.9691909	-0.24593388	0.0027873467	2.7389792e-20	1
0	-0.9691909	-0.24593388	0.0027873467	-1.256637e-07	0	0	-0.9691909	-0.24593388	0.0027873467	2.738984e-20	1
0	-0.9691909	-0.24593388	0.0027873467	0	0	0	-0.9691909	-0.24593388	0.0027873467	2.738989e-20	1
0	-0.9691909	-0.24593388	0.0027873467	1.256637e-07	0	0	-0.9691909	-0.24593388	0.0027873467	2.7389937e-20	1
0	-0.9691909	-0.24593388	0.0027873467	2.513274e-07	0	0	-0.9691909	-0.24593388	0.0027873467	2.7389986e-20	1
0	-0.9691909	-0.24593388	0.0027873467	6.283185e-07	0	0	-0.9691909	-0.24593388	0.0027873467	2.7390134e-20	1
0	-0.9691909	-0.24593388	0.0027873467	1.256637e-06	0	0	-0.9691909	-0.24593388	0.0027873467	2.7390377e-20	1
0	-0.9691909	-0.24593388	0.0027873467	2.513274e-06	0	0	-0.9691909	-0.24593388	0.0027873467	2.739086e-20	1
0	-0.9691909	-0.24593388	0.0027873467	6.2831855e-06	0	0	-0.9691909	-0.24593388	0.0027873467	2.7392322e-20	1
0	-0.9691909	-0.24593388	0.0027873467	1.2566371e-05	0	0	-0.9691909	-0.24593388	0.0027873467	2.7394755e-20	1
0	-0.9691909	-0.24593388	0.0027873467	2.5132742e-05	0	0	-0.9691909	-0.24593388	0.0027873467	2.7399618e-20	1
0	-0.9687425	-0.247693	0.0027873626	6.283185e-05	0	0	-0.9687425	-0.247693	0.0027873626	2.7414184e-20	1
0	-0.9687425	-0.247693	0.0027873626	0.0001256637	0	0	-0.9687425	-0.247693	0.0027873626	2.7438492e-20	1
0	-0.9687425	-0.247693	0.0027873626	0.0002513274	0	0	-0.9687425	-0.247693	0.0027873626	2.7487108e-20	1
0	-0.96791303	-0.25091255	0.0027872715	0.0006283185	0	0	-0.96791303	-0.25091255	0.0027872715	2.7632863e-20	1
0	-0.96734184	-0.25310412	0.0027870736	0.0010053096	0	0	-0.96734184	-0.25310412	0.0027870736	2.777854e-20	1
0	-0.96734184	-0.25310412	0.0027870736	0.001256637	0	0	-0.96734184	-0.25310412	0.0027870736	2.7875634e-20	1
0	-0.9659469	-0.2583728	0.0027862666	0.0018849556	0	0	-0.9659469	-0.2583728	0.0027862666	2.8118124e-20	1
0	-0.9648974	-0.2622624	0.0027853078	0.002513274	0	0	-0.9648974	-0.2622624	0.0027853078	2.8360372e-20	1
0	-0.9626447	-0.27040842	0.0027823239	0.0037699111	0	0	-0.9626447	-0.27040842	0.0027823239	2.884405e-20	1
0	-0.9574214	-0.28834528	0.002771129	0.0062831854	0	0	-0.9574214	-0.28834528	0.002771129	2.980772e-20	1
0	-0.9491358	-0.3145312	0.002743439	0.009424778	0	0	-0.9491358	-0.3145312	0.002743439	3.1003973e-20	1
0	-0.93784165	-0.34674	0.0026909492	0.012566371	0	0	-0.93784165	-0.34674	0.0026909492	3.2188095e-20	1
0	-0.89036095	-0.45495957	0.0023669845	0.018849555	0	0	-0.89036095	-0.45495957	0.0023669845	3.4493968e-20	1
0	0.98773146	0.15565854	-0.0026999987	0.025132742	0	0	0.98773146	0.15565854	-0.0026999987	1.7549989e-20	1
0	0.9913839	0.13041472	-0.0026429454	0.03769911	0	0	0.9913839	0.13041472	-0.0026429454	1.2583108e-20	1
0	0.99364793	0.11188786	-0.0025899485	0.050265484	0	0	0.99364793	0.11188786	-0.0025899485	7.601743e-21	1
0	0.9951359	0.09779294	-0.002542003	0.06283186	0	0	0.9951359	0.09779294	-0.002542003	2.611134e-21	1
