# t (s)	mx ()	my ()	mz ()	B_extx (T)	B_exty (T)	B_extz (T)	mx ()	my ()	mz ()	E_total (J)	branch ()
0	-0.024886802	0.999614	0.0047739223	0	0.06283186	0	-0.024886802	0.999614	0.0047739223	4.2953934e-21	-1
0	-0.02924031	0.9994951	0.004814879	0	0.050265484	0	-0.02924031	0.9994951	0.004814879	9.311683e-21	-1
0	-0.035419084	0.99929404	0.004857027	0	0.03769911	0	-0.035419084	0.99929404	0.004857027	1.4327203e-20	-1
0	-0.044863068	0.9989134	0.004900315	0	0.025132742	0	-0.044863068	0.9989134	0.004900315	1.934132e-20	-1
0	-0.051732093	0.99858046	0.0049221674	0	0.018849555	0	-0.051732093	0.99858046	0.0049221674	2.1847459e-20	-1
0	-0.06104791	0.9980533	0.00494364	0	0.012566371	0	-0.06104791	0.9980533	0.00494364	2.435254e-20	-1
0	-0.06706138	0.99766684	0.0049539055	0	0.009424778	0	-0.06706138	0.99766684	0.0049539055	2.5604495e-20	-1
0	-0.07434557	0.9971498	0.004963477	0	0.0062831854	0	-0.07434557	0.9971498	0.004963477	2.6855886e-20	-1
0	-0.08141559	0.9965968	0.0049702674	0	0.0037699111	0	-0.08141559	0.9965968	0.0049702674	2.785646e-20	-1
0	-0.08547847	0.99625623	0.0049732113	0	0.002513274	0	-0.08547847	0.99625623	0.0049732113	2.8356517e-20	-1
0	-0.08766313	0.99606615	0.0049745385	0	0.0018849556	0	-0.08766313	0.99606615	0.0049745385	2.860648e-20	-1
0	-0.08994508	0.9958625	0.0049757566	0	0.001256637	0	-0.08994508	0.9958625	0.0049757566	2.885639e-20	-1
0	-0.08994508	0.9958625	0.0049757566	0	0.0010053096	0	-0.08994508	0.9958625	0.0049757566	2.8956346e-20	-1
0	-0.092373565	0.9956399	0.004976824	0	0.0006283185	0	-0.092373565	0.9956399	0.004976824	2.910625e-20	-1
0	-0.093900934	0.9954969	0.0049774013	0	0.0002513274	0	-0.093900934	0.9954969	0.0049774013	2.925614e-20	-1
0	-0.093900934	0.9954969	0.0049774013	0	0.0001256637	0	-0.093900934	0.9954969	0.0049774013	2.9306098e-20	-1
0	-0.093900934	0.9954969	0.0049774013	0	6.283185e-05	0	-0.093900934	0.9954969	0.0049774013	2.9331078e-20	-1
0	-0.093900934	0.9954969	0.0049774013	0	2.5132742e-05	0	-0.093900934	0.9954969	0.0049774013	2.9346064e-20	-1
0	-0.093900934	0.9954969	0.0049774013	0	1.2566371e-05	0	-0.093900934	0.9954969	0.0049774013	2.9351063e-20	-1
0	-0.093900934	0.9954969	0.0049774013	0	6.2831855e-06	0	-0.093900934	0.9954969	0.0049774013	2.935356e-20	-1
0	-0.093900934	0.9954969	0.0049774013	0	2.513274e-06	0	-0.093900934	0.9954969	0.0049774013	2.9355057e-20	-1
0	-0.093900934	0.9954969	0.0049774013	0	1.256637e-06	0	-0.093900934	0.9954969	0.0049774013	2.9355557e-20	-1
0	-0.093900934	0.9954969	0.0049774013	0	6.283185e-07	0	-0.093900934	0.9954969	0.0049774013	2.9355806e-20	-1
0	-0.093900934	0.9954969	0.0049774013	0	2.513274e-07	0	-0.093900934	0.9954969	0.0049774013	2.9355958e-20	-1
0	-0.093900934	0.9954969	0.0049774013	0	1.256637e-07	0	-0.093900934	0.9954969	0.0049774013	2.9356007e-20	-1
0	-0.093900934	0.9954969	0.0049774013	0	0	0	-0.093900934	0.9954969	0.0049774013	2.9356058e-20	-1
0	-0.093900934	0.9954969	0.0049774013	0	-1.256637e-07	0	-0.093900934	0.9954969	0.0049774013	2.9356107e-20	-1
0	-0.093900934	0.9954969	0.0049774013	0	-2.513274e-07	0	-0.093900934	0.9954969	0.0049774013	2.935616e-20	-1
0	-0.093900934	0.9954969	0.0049774013	0	-6.283185e-07	0	-0.093900934	0.9954969	0.0049774013	2.9356307e-20	-1
0	-0.093900934	0.9954969	0.0049774013	0	-1.256637e-06	0	-0.093900934	0.9954969	0.0049774013	2.9356556e-20	-1
0	-0.093900934	0.9954969	0.0049774013	0	-2.513274e-06	0	-0.093900934	0.9954969	0.0049774013	2.9357057e-20	-1
0	-0.093900934	0.9954969	0.0049774013	0	-6.2831855e-06	0	-0.093900934	0.9954969	0.0049774013	2.9358556e-20	-1
0	-0.093900934	0.9954969	0.0049774013	0	-1.2566371e-05	0	-0.093900934	0.9954969	0.0049774013	2.9361054e-20	-1
0	-0.093900934	0.9954969	0.0049774013	0	-2.5132742e-05	0	-0.093900934	0.9954969	0.0049774013	2.936605e-20	-1
0	-0.093900934	0.9954969	0.0049774013	0	-6.283185e-05	0	-0.093900934	0.9954969	0.0049774013	2.9381035e-20	-1
0	-0.09545836	0.9953487	0.004977921	0	-0.0001256637	0	-0.09545836	0.9953487	0.004977921	2.940601e-20	-1
0	-0.09545836	0.9953487	0.004977921	0	-0.0002513274	0	-0.09545836	0.9953487	0.004977921	2.945596e-20	-1
0	-0.097643845	0.9951365	0.004978504	0	-0.0006283185	0	-0.097643845	0.9951365	0.004978504	2.9605796e-20	-1
0	-0.09931941	0.99497044	0.004978857	0	-0.0010053096	0	-0.09931941	0.99497044	0.004978857	2.97556e-20	-1
0	-0.09931941	0.99497044	0.004978857	0	-0.001256637	0	-0.09931941	0.99497044	0.004978857	2.9855462e-20	-1
0	-0.10350196	0.9945437	0.0049794	0	-0.0018849556	0	-0.10350196	0.9945437	0.0049794	3.0105057e-20	-1
0	-0.1067277	0.9942024	0.0049794577	0	-0.002513274	0	-0.1067277	0.9942024	0.0049794577	3.0354572e-20	-1
0	-0.11380079	0.99341697	0.0049786307	0	-0.0037699111	0	-0.11380079	0.99341697	0.0049786307	3.085332e-20	-1
0	-0.13135794	0.9912464	0.0049712365	0	-0.0062831854	0	-0.13135794	0.9912464	0.0049712365	3.1849407e-20	-1
0	-0.16379634	0.98640144	0.004940101	0	-0.009424778	0	-0.16379634	0.98640144	0.004940101	3.3090375e-20	-1
0	-0.23014298	0.9730535	0.004815333	0	-0.012566371	0	-0.23014298	0.9730535	0.004815333	3.4321465e-20	-1
0	0.051735856	-0.9985802	-0.0049221693	0	-0.018849555	0	0.051735856	-0.9985802	-0.0049221693	2.1847459e-20	-1
0	0.044870086	-0.99891305	-0.004900323	0	-0.025132742	0	0.044870086	-0.99891305	-0.004900323	1.934132e-20	-1
0	0.035427183	-0.9992938	-0.0048570298	0	-0.03769911	0	0.035427183	-0.9992938	-0.0048570298	1.4327204e-20	-1
0	0.029245153	-0.9994949	-0.0048148828	0	-0.050265484	0	0.029245153	-0.9994949	-0.0048148828	9.311686e-21	-1
0	0.02489172	-0.9996138	-0.004773926	0	-0.06283186	0	0.02489172	-0.9996138	-0.004773926	4.2953926e-21	-1
0	0.02489172	-0.9996138	-0.004773926	0	-0.06283186	0	0.02489172	-0.9996138	-0.004773926	4.2953926e-21	1
0	0.02923846	-0.99949515	-0.004814877	0	-0.050265484	0	0.02923846	-0.99949515	-0.004814877	9.311688e-21	1
0	0.035417944	-0.99929416	-0.0048570256	0	-0.03769911	0	0.035417944	-0.99929416	-0.0048570256	1.4327203e-20	1
0	0.044864632	-0.9989133	-0.004900318	0	-0.025132742	0	0.044864632	-0.9989133	-0.004900318	1.934132e-20	1
0	0.05172809	-0.9985807	-0.0049221646	0	-0.018849555	0	0.05172809	-0.9985807	-0.0049221646	2.1847456e-20	1
0	0.06104495	-0.99805355	-0.004943651	0	-0.012566371	0	0.06104495	-0.99805355	-0.004943651	2.435254e-20	1
0	0.06705095	-0.9976675	-0.004953905	0	-0.009424778	0	0.06705095	-0.9976675	-0.004953905	2.5604495e-20	1
0	0.07435204	-0.99714935	-0.004963477	0	-0.0062831854	0	0.07435204	-0.99714935	-0.004963477	2.6855889e-20	1
0	0.08142491	-0.9965961	-0.0049702646	0	-0.0037699111	0	0.08142491	-0.9965961	-0.0049702646	2.785646e-20	1
0	0.08548023	-0.996256	-0.0049732127	0	-0.002513274	0	0.08548023	-0.996256	-0.0049732127	2.8356517e-20	1
0	0.087677106	-0.9960649	-0.004974538	0	-0.0018849556	0	0.087677106	-0.9960649	-0.004974538	2.860648e-20	1
0	0.08996886	-0.99586034	-0.0049757343	0	-0.001256637	0	0.08996886	-0.99586034	-0.0049757343	2.8856393e-20	1
0	0.08996886	-0.99586034	-0.0049757343	0	-0.0010053096	0	0.08996886	-0.99586034	-0.0049757343	2.8956346e-20	1
0	0.09238539	-0.99563885	-0.004976822	0	-0.0006283185	0	0.09238539	-0.99563885	-0.004976822	2.9106253e-20	1
0	0.093887225	-0.99549824	-0.004977409	0	-0.0002513274	0	0.093887225	-0.99549824	-0.004977409	2.925614e-20	1
0	0.093887225	-0.99549824	-0.004977409	0	-0.0001256637	0	0.093887225	-0.99549824	-0.004977409	2.9306098e-20	1
0	0.093887225	-0.99549824	-0.004977409	0	-6.283185e-05	0	0.093887225	-0.99549824	-0.004977409	2.9331078e-20	1
0	0.093887225	-0.99549824	-0.004977409	0	-2.5132742e-05	0	0.093887225	-0.99549824	-0.004977409	2.9346068e-20	1
0	0.093887225	-0.99549824	-0.004977409	0	-1.2566371e-05	0	0.093887225	-0.99549824	-0.004977409	2.9351063e-20	1
0	0.093887225	-0.99549824	-0.004977409	0	-6.2831855e-06	0	0.093887225	-0.99549824	-0.004977409	2.935356e-20	1
0	0.093887225	-0.99549824	-0.004977409	0	-2.513274e-06	0	0.093887225	-0.99549824	-0.004977409	2.935506e-20	1
0	0.093887225	-0.99549824	-0.004977409	0	-1.256637e-06	0	0.093887225	-0.99549824	-0.004977409	2.9355557e-20	1
0	0.093887225	-0.99549824	-0.004977409	0	-6.283185e-07	0	0.093887225	-0.99549824	-0.004977409	2.935581e-20	1
0	0.093887225	-0.99549824	-0.004977409	0	-2.513274e-07	0	0.093887225	-0.99549824	-0.004977409	2.9355958e-20	1
0	0.093887225	-0.99549824	-0.004977409	0	-1.256637e-07	0	0.093887225	-0.99549824	-0.004977409	2.9356007e-20	1
0	0.093887225	-0.99549824	-0.004977409	0	0	0	0.093887225	-0.99549824	-0.004977409	2.9356058e-20	1
0	0.093887225	-0.99549824	-0.004977409	0	1.256637e-07	0	0.093887225	-0.99549824	-0.004977409	2.9356107e-20	1
0	0.093887225	-0.99549824	-0.004977409	0	2.513274e-07	0	0.093887225	-0.99549824	-0.004977409	2.935616e-20	1
0	0.093887225	-0.99549824	-0.004977409	0	6.283185e-07	0	0.093887225	-0.99549824	-0.004977409	2.9356307e-20	1
0	0.093887225	-0.99549824	-0.004977409	0	1.256637e-06	0	0.093887225	-0.99549824	-0.004977409	2.935656e-20	1
0	0.093887225	-0.99549824	-0.004977409	0	2.513274e-06	0	0.093887225	-0.99549824	-0.004977409	2.9357057e-20	1
0	0.093887225	-0.99549824	-0.004977409	0	6.2831855e-06	0	0.093887225	-0.99549824	-0.004977409	2.9358556e-20	1
0	0.093887225	-0.99549824	-0.004977409	0	1.2566371e-05	0	0.093887225	-0.99549824	-0.004977409	2.9361054e-20	1
0	0.093887225	-0.99549824	-0.004977409	0	2.5132742e-05	0	0.093887225	-0.99549824	-0.004977409	2.936605e-20	1
0	0.093887225	-0.99549824	-0.004977409	0	6.283185e-05	0	0.093887225	-0.99549824	-0.004977409	2.938104e-20	1
0	0.0954598	-0.9953486	-0.004977923	0	0.0001256637	0	0.0954598	-0.9953486	-0.004977923	2.940601e-20	1
0	0.0954598	-0.9953486	-0.004977923	0	0.0002513274	0	0.0954598	-0.9953486	-0.004977923	2.945596e-20	1
0	0.09763461	-0.99513733	-0.0049785078	0	0.0006283185	0	0.09763461	-0.99513733	-0.0049785078	2.9605793e-20	1
0	0.099315315	-0.9949709	-0.00497887	0	0.0010053096	0	0.099315315	-0.9949709	-0.00497887	2.9755603e-20	1
0	0.099315315	-0.9949709	-0.00497887	0	0.001256637	0	0.099315315	-0.9949709	-0.00497887	2.9855465e-20	1
0	0.10349579	-0.9945444	-0.0049794023	0	0.0018849556	0	0.10349579	-0.9945444	-0.0049794023	3.0105054e-20	1
0	0.10672419	-0.9942028	-0.0049794624	0	0.002513274	0	0.10672419	-0.9942028	-0.0049794624	3.0354565e-20	1
0	0.11380221	-0.9934168	-0.0049786293	0	0.0037699111	0	0.11380221	-0.9934168	-0.0049786293	3.085332e-20	1
0	0.13134748	-0.9912478	-0.004971248	0	0.0062831854	0	0.13134748	-0.9912478	-0.004971248	3.1849407e-20	1
0	0.16378395	-0.98640347	-0.0049401205	0	0.009424778	0	0.16378395	-0.98640347	-0.0049401205	3.3090375e-20	1
0	0.23004016	-0.9730778	-0.004815595	0	0.012566371	0	0.23004016	-0.9730778	-0.004815595	3.4321462e-20	1
0	-0.05174213	0.99858	0.0049221665	0	0.018849555	0	-0.05174213	0.99858	0.0049221665	2.1847457e-20	1
0	-0.044869915	0.99891305	0.0049003195	0	0.025132742	0	-0.044869915	0.99891305	0.0049003195	1.934132e-20	1
0	-0.035421573	0.999294	0.004857036	0	0.03769911	0	-0.035421573	0.999294	0.004857036	1.4327204e-20	1
0	-0.029241785	0.999495	0.00481488	0	0.050265484	0	-0.029241785	0.999495	0.00481488	9.3116885e-21	1
0	-0.024889354	0.99961394	0.004773925	0	0.06283186	0	-0.024889354	0.99961394	0.004773925	4.295396e-21	1
