# t (s)	mx ()	my ()	mz ()	B_extx (T)	B_exty (T)	B_extz (T)	mx ()	my ()	mz ()	E_total (J)	branch ()
0	0.999243	0.03722229	3.8758837e-05	0.06283186	0	0	0.999243	0.03722229	3.8758837e-05	2.2895327e-21	-1
0	0.9990394	0.04231544	3.9068684e-05	0.050265484	0	0	0.9990394	0.04231544	3.9068684e-05	7.303759e-21	-1
0	0.99873245	0.049009133	3.939093e-05	0.03769911	0	0	0.99873245	0.049009133	3.939093e-05	1.231673e-20	-1
0	0.99823844	0.058189962	3.972764e-05	0.025132742	0	0	0.99823844	0.058189962	3.972764e-05	1.732774e-20	-1
0	0.9978699	0.064190224	3.9901195e-05	0.018849555	0	0	0.9978699	0.064190224	3.9901195e-05	1.9832133e-20	-1
0	0.9973688	0.07154442	4.0076153e-05	0.012566371	0	0	0.9973688	0.07154442	4.0076153e-05	2.2335449e-20	-1
0	0.99704725	0.07588911	4.0162537e-05	0.009424778	0	0	0.99704725	0.07588911	4.0162537e-05	2.3586577e-20	-1
0	0.99666166	0.080789745	4.024653e-05	0.0062831854	0	0	0.99666166	0.080789745	4.024653e-05	2.4837263e-20	-1
0	0.99629545	0.08518137	4.031042e-05	0.0037699111	0	0	0.99629545	0.08518137	4.031042e-05	2.5837434e-20	-1
0	0.9960891	0.08755853	4.0340532e-05	0.002513274	0	0	0.9960891	0.08755853	4.0340532e-05	2.6337377e-20	-1
0	0.9959796	0.088794515	4.0355004e-05	0.0018849556	0	0	0.9959796	0.088794515	4.0355004e-05	2.6587307e-20	-1
0	0.99586505	0.09006878	4.036908e-05	0.001256637	0	0	0.99586505	0.09006878	4.036908e-05	2.6837208e-20	-1
0	0.99581695	0.09059872	4.0374507e-05	0.0010053096	0	0	0.99581695	0.09059872	4.0374507e-05	2.6937158e-20	-1
0	0.9957454	0.091380686	4.0382598e-05	0.0006283185	0	0	0.9957454	0.091380686	4.0382598e-05	2.7087081e-20	-1
0	0.9956701	0.0921966	4.0390267e-05	0.0002513274	0	0	0.9956701	0.0921966	4.0390267e-05	2.723699e-20	-1
0	0.99564517	0.09246546	4.039307e-05	0.0001256637	0	0	0.99564517	0.09246546	4.039307e-05	2.7286956e-20	-1
0	0.9956324	0.092602864	4.0393832e-05	6.283185e-05	0	0	0.9956324	0.092602864	4.0393832e-05	2.7311937e-20	-1
0	0.9956324	0.092602864	4.0393832e-05	2.5132742e-05	0	0	0.9956324	0.092602864	4.0393832e-05	2.732693e-20	-1
0	0.9956324	0.092602864	4.0393832e-05	1.2566371e-05	0	0	0.9956324	0.092602864	4.0393832e-05	2.7331925e-20	-1
0	0.9956324	0.092602864	4.0393832e-05	6.2831855e-06	0	0	0.9956324	0.092602864	4.0393832e-05	2.7334422e-20	-1
0	0.9956324	0.092602864	4.0393832e-05	2.513274e-06	0	0	0.9956324	0.092602864	4.0393832e-05	2.7335922e-20	-1
0	0.9956324	0.092602864	4.0393832e-05	1.256637e-06	0	0	0.9956324	0.092602864	4.0393832e-05	2.7336423e-20	-1
0	0.9956324	0.092602864	4.0393832e-05	6.283185e-07	0	0	0.9956324	0.092602864	4.0393832e-05	2.733667e-20	-1
0	0.9956324	0.092602864	4.0393832e-05	2.513274e-07	0	0	0.9956324	0.092602864	4.0393832e-05	2.733682e-20	-1
0	0.9956324	0.092602864	4.0393832e-05	1.256637e-07	0	0	0.9956324	0.092602864	4.0393832e-05	2.7336872e-20	-1
0	0.9956324	0.092602864	4.0393832e-05	0	0	0	0.9956324	0.092602864	4.0393832e-05	2.733692e-20	-1
0	0.9956324	0.092602864	4.0393832e-05	-1.256637e-07	0	0	0.9956324	0.092602864	4.0393832e-05	2.7336972e-20	-1
0	0.9956324	0.092602864	4.0393832e-05	-2.513274e-07	0	0	0.9956324	0.092602864	4.0393832e-05	2.733702e-20	-1
0	0.9956324	0.092602864	4.0393832e-05	-6.283185e-07	0	0	0.9956324	0.092602864	4.0393832e-05	2.7337172e-20	-1
0	0.9956324	0.092602864	4.0393832e-05	-1.256637e-06	0	0	0.9956324	0.092602864	4.0393832e-05	2.733742e-20	-1
0	0.9956324	0.092602864	4.0393832e-05	-2.513274e-06	0	0	0.9956324	0.092602864	4.0393832e-05	2.7337922e-20	-1
0	0.9956324	0.092602864	4.0393832e-05	-6.2831855e-06	0	0	0.9956324	0.092602864	4.0393832e-05	2.7339418e-20	-1
0	0.9956324	0.092602864	4.0393832e-05	-1.2566371e-05	0	0	0.9956324	0.092602864	4.0393832e-05	2.734192e-20	-1
0	0.9956324	0.092602864	4.0393832e-05	-2.5132742e-05	0	0	0.9956324	0.092602864	4.0393832e-05	2.7346914e-20	-1
0	0.9956324	0.092602864	4.0393832e-05	-6.283185e-05	0	0	0.9956324	0.092602864	4.0393832e-05	2.7361904e-20	-1
0	0.9956324	0.092602864	4.0393832e-05	-0.0001256637	0	0	0.9956324	0.092602864	4.0393832e-05	2.7386887e-20	-1
0	0.9956324	0.092602864	4.0393832e-05	-0.0002513274	0	0	0.9956324	0.092602864	4.0393832e-05	2.7436854e-20	-1
0	0.9954884	0.094136864	4.0407973e-05	-0.0006283185	0	0	0.9954884	0.094136864	4.0407973e-05	2.7586732e-20	-1
0	0.9954077	0.09498513	4.0415027e-05	-0.0010053096	0	0	0.9954077	0.09498513	4.0415027e-05	2.7736597e-20	-1
0	0.9954077	0.09498513	4.0415027e-05	-0.001256637	0	0	0.9954077	0.09498513	4.0415027e-05	2.7836508e-20	-1
0	0.9952092	0.09704019	4.042343e-05	-0.0018849556	0	0	0.9952092	0.09704019	4.042343e-05	2.808625e-20	-1
0	0.995059	0.09856677	4.044031e-05	-0.002513274	0	0	0.995059	0.09856677	4.044031e-05	2.8335954e-20	-1
0	0.99473745	0.10175744	4.045637e-05	-0.0037699111	0	0	0.99473745	0.10175744	4.045637e-05	2.8835248e-20	-1
0	0.9939903	0.10880737	4.047427e-05	-0.0062831854	0	0	0.9939903	0.10880737	4.047427e-05	2.9833303e-20	-1
0	0.9928026	0.119149074	4.0447972e-05	-0.009424778	0	0	0.9928026	0.119149074	4.0447972e-05	3.107968e-20	-1
0	0.99121547	0.13169149	4.032733e-05	-0.012566371	0	0	0.99121547	0.13169149	4.032733e-05	3.2324328e-20	-1
0	0.9857862	0.16753395	3.9349266e-05	-0.018849555	0	0	0.9857862	0.16753395	3.9349266e-05	3.4805582e-20	-1
0	0.9708679	0.2392397	3.3502733e-05	-0.025132742	0	0	0.9708679	0.2392397	3.3502733e-05	3.7264448e-20	-1
0	-0.9987327	-0.049003325	-3.939104e-05	-0.03769911	0	0	-0.9987327	-0.049003325	-3.939104e-05	1.2316735e-20	-1
0	-0.9990393	-0.04231613	-3.9068495e-05	-0.050265484	0	0	-0.9990393	-0.04231613	-3.9068495e-05	7.303761e-21	-1
0	-0.999243	-0.037222765	-3.875798e-05	-0.06283186	0	0	-0.999243	-0.037222765	-3.875798e-05	2.2895323e-21	-1
0	-0.999243	-0.037222765	-3.875798e-05	-0.06283186	0	0	-0.999243	-0.037222765	-3.875798e-05	2.2895323e-21	1
0	-0.9990394	-0.04231552	-3.9068596e-05	-0.050265484	0	0	-0.9990394	-0.04231552	-3.9068596e-05	7.303761e-21	1
0	-0.99873257	-0.04900714	-3.939106e-05	-0.03769911	0	0	-0.99873257	-0.04900714	-3.939106e-05	1.23167314e-20	1
0	-0.9982383	-0.05819135	-3.9727656e-05	-0.025132742	0	0	-0.9982383	-0.05819135	-3.9727656e-05	1.7327744e-20	1
0	-0.9978702	-0.064186096	-3.990119e-05	-0.018849555	0	0	-0.9978702	-0.064186096	-3.990119e-05	1.9832135e-20	1
0	-0.9973687	-0.071547434	-4.0076135e-05	-0.012566371	0	0	-0.9973687	-0.071547434	-4.0076135e-05	2.2335447e-20	1
0	-0.9970472	-0.07589072	-4.0162486e-05	-0.009424778	0	0	-0.9970472	-0.07589072	-4.0162486e-05	2.3586574e-20	1
0	-0.9966618	-0.08078839	-4.0246472e-05	-0.0062831854	0	0	-0.9966618	-0.08078839	-4.0246472e-05	2.4837264e-20	1
0	-0.99629545	-0.08518161	-4.0310362e-05	-0.0037699111	0	0	-0.99629545	-0.08518161	-4.0310362e-05	2.5837436e-20	1
0	-0.99608886	-0.08756197	-4.0340587e-05	-0.002513274	0	0	-0.99608886	-0.08756197	-4.0340587e-05	2.6337376e-20	1
0	-0.99597925	-0.088798195	-4.0355022e-05	-0.0018849556	0	0	-0.99597925	-0.088798195	-4.0355022e-05	2.6587304e-20	1
0	-0.9958658	-0.090060554	-4.036907e-05	-0.001256637	0	0	-0.9958658	-0.090060554	-4.036907e-05	2.6837211e-20	1
0	-0.99581724	-0.09059521	-4.0374536e-05	-0.0010053096	0	0	-0.99581724	-0.09059521	-4.0374536e-05	2.693716e-20	1
0	-0.995746	-0.09137352	-4.0382634e-05	-0.0006283185	0	0	-0.995746	-0.09137352	-4.0382634e-05	2.7087081e-20	1
0	-0.9956702	-0.092195526	-4.0390623e-05	-0.0002513274	0	0	-0.9956702	-0.092195526	-4.0390623e-05	2.723699e-20	1
0	-0.9956702	-0.092195526	-4.0390623e-05	-0.0001256637	0	0	-0.9956702	-0.092195526	-4.0390623e-05	2.7286956e-20	1
0	-0.9956702	-0.092195526	-4.0390623e-05	-6.283185e-05	0	0	-0.9956702	-0.092195526	-4.0390623e-05	2.731194e-20	1
0	-0.9956702	-0.092195526	-4.0390623e-05	-2.5132742e-05	0	0	-0.9956702	-0.092195526	-4.0390623e-05	2.7326933e-20	1
0	-0.9956702	-0.092195526	-4.0390623e-05	-1.2566371e-05	0	0	-0.9956702	-0.092195526	-4.0390623e-05	2.7331928e-20	1
0	-0.9956702	-0.092195526	-4.0390623e-05	-6.2831855e-06	0	0	-0.9956702	-0.092195526	-4.0390623e-05	2.7334426e-20	1
0	-0.9956702	-0.092195526	-4.0390623e-05	-2.513274e-06	0	0	-0.9956702	-0.092195526	-4.0390623e-05	2.7335925e-20	1
0	-0.9956702	-0.092195526	-4.0390623e-05	-1.256637e-06	0	0	-0.9956702	-0.092195526	-4.0390623e-05	2.7336426e-20	1
0	-0.9956702	-0.092195526	-4.0390623e-05	-6.283185e-07	0	0	-0.9956702	-0.092195526	-4.0390623e-05	2.7336675e-20	1
0	-0.9956702	-0.092195526	-4.0390623e-05	-2.513274e-07	0	0	-0.9956702	-0.092195526	-4.0390623e-05	2.7336826e-20	1
0	-0.9956702	-0.092195526	-4.0390623e-05	-1.256637e-07	0	0	-0.9956702	-0.092195526	-4.0390623e-05	2.7336875e-20	1
0	-0.9956702	-0.092195526	-4.0390623e-05	0	0	0	-0.9956702	-0.092195526	-4.0390623e-05	2.7336923e-20	1
0	-0.9956702	-0.092195526	-4.0390623e-05	1.256637e-07	0	0	-0.9956702	-0.092195526	-4.0390623e-05	2.7336975e-20	1
0	-0.9956702	-0.092195526	-4.0390623e-05	2.513274e-07	0	0	-0.9956702	-0.092195526	-4.0390623e-05	2.7337024e-20	1
0	-0.9956702	-0.092195526	-4.0390623e-05	6.283185e-07	0	0	-0.9956702	-0.092195526	-4.0390623e-05	2.7337175e-20	1
0	-0.9956702	-0.092195526	-4.0390623e-05	1.256637e-06	0	0	-0.9956702	-0.092195526	-4.0390623e-05	2.7337424e-20	1
0	-0.9956702	-0.092195526	-4.0390623e-05	2.513274e-06	0	0	-0.9956702	-0.092195526	-4.0390623e-05	2.7337925e-20	1
0	-0.9956702	-0.092195526	-4.0390623e-05	6.2831855e-06	0	0	-0.9956702	-0.092195526	-4.0390623e-05	2.7339424e-20	1
0	-0.9956702	-0.092195526	-4.0390623e-05	1.2566371e-05	0	0	-0.9956702	-0.092195526	-4.0390623e-05	2.7341922e-20	1
0	-0.9956702	-0.092195526	-4.0390623e-05	2.5132742e-05	0	0	-0.9956702	-0.092195526	-4.0390623e-05	2.7346917e-20	1
0	-0.9956702	-0.092195526	-4.0390623e-05	6.283185e-05	0	0	-0.9956702	-0.092195526	-4.0390623e-05	2.736191e-20	1
0	-0.99559414	-0.09301208	-4.039894e-05	0.0001256637	0	0	-0.99559414	-0.09301208	-4.039894e-05	2.7386884e-20	1
0	-0.9955688	-0.093282744	-4.04006e-05	0.0002513274	0	0	-0.9955688	-0.093282744	-4.04006e-05	2.7436847e-20	1
0	-0.9954892	-0.09412797	-4.0407933e-05	0.0006283185	0	0	-0.9954892	-0.09412797	-4.0407933e-05	2.7586732e-20	1
0	-0.99540734	-0.09498811	-4.0414998e-05	0.0010053096	0	0	-0.99540734	-0.09498811	-4.0414998e-05	2.77366e-20	1
0	-0.99540734	-0.09498811	-4.0414998e-05	0.001256637	0	0	-0.99540734	-0.09498811	-4.0414998e-05	2.783651e-20	1
0	-0.99520886	-0.09704413	-4.0430314e-05	0.0018849556	0	0	-0.99520886	-0.09704413	-4.0430314e-05	2.808625e-20	1
0	-0.99505967	-0.098560244	-4.044037e-05	0.002513274	0	0	-0.99505967	-0.098560244	-4.044037e-05	2.8335954e-20	1
0	-0.9947374	-0.101757824	-4.0454965e-05	0.0037699111	0	0	-0.9947374	-0.101757824	-4.0454965e-05	2.8835245e-20	1
0	-0.9939898	-0.10881167	-4.0473962e-05	0.0062831854	0	0	-0.9939898	-0.10881167	-4.0473962e-05	2.9833303e-20	1
0	-0.99280286	-0.11914757	-4.0448074e-05	0.009424778	0	0	-0.99280286	-0.11914757	-4.0448074e-05	3.1079677e-20	1
0	-0.99121606	-0.1316877	-4.032751e-05	0.012566371	0	0	-0.99121606	-0.1316877	-4.032751e-05	3.2324325e-20	1
0	-0.9857867	-0.16753103	-3.9349456e-05	0.018849555	0	0	-0.9857867	-0.16753103	-3.9349456e-05	3.4805582e-20	1
0	-0.9708662	-0.23924655	-3.3501896e-05	0.025132742	0	0	-0.9708662	-0.23924655	-3.3501896e-05	3.7264448e-20	1
0	0.99873245	0.049008057	3.9402374e-05	0.03769911	0	0	0.99873245	0.049008057	3.9402374e-05	1.2316731e-20	1
0	0.9990394	0.042316087	3.906861e-05	0.050265484	0	0	0.9990394	0.042316087	3.906861e-05	7.3037625e-21	1
0	0.9992429	0.037224352	3.8757982e-05	0.06283186	0	0	0.9992429	0.037224352	3.8757982e-05	2.2895352e-21	1
