# t (s)	mx ()	my ()	mz ()	B_extx (T)	B_exty (T)	B_extz (T)	mx ()	my ()	mz ()	E_total (J)	branch ()
0	0.04217557	0.99902284	0.0067357775	0	0.06283186	0	0.04217557	0.99902284	0.0067357775	3.0898738e-21	-1
0	0.04848797	0.998735	0.0067971162	0	0.050265484	0	0.04848797	0.998735	0.0067971162	8.102804e-21	-1
0	0.056990236	0.99828434	0.0068611577	0	0.03769911	0	0.056990236	0.99828434	0.0068611577	1.3113923e-20	-1
0	0.06902315	0.99752283	0.00692804	0	0.025132742	0	0.06902315	0.99752283	0.00692804	1.8122085e-20	-1
0	0.07712552	0.9969281	0.006962348	0	0.018849555	0	0.07712552	0.9969281	0.006962348	2.0624416e-20	-1
0	0.08732429	0.9960853	0.0069967126	0	0.012566371	0	0.08732429	0.9960853	0.0069967126	2.3124968e-20	-1
0	0.09347747	0.99552596	0.007013621	0	0.009424778	0	0.09347747	0.99552596	0.007013621	2.4374345e-20	-1
0	0.10055934	0.9948348	0.007030043	0	0.0062831854	0	0.10055934	0.9948348	0.007030043	2.5622936e-20	-1
0	0.10702869	0.99415874	0.007042567	0	0.0037699111	0	0.10702869	0.99415874	0.007042567	2.6621126e-20	-1
0	0.11056864	0.99377084	0.0070485226	0	0.002513274	0	0.11056864	0.99377084	0.0070485226	2.711995e-20	-1
0	0.11243434	0.9935613	0.0070514074	0	0.0018849556	0	0.11243434	0.9935613	0.0070514074	2.7369287e-20	-1
0	0.1143612	0.9933411	0.007054217	0	0.001256637	0	0.1143612	0.9933411	0.007054217	2.761857e-20	-1
0	0.1143612	0.9933411	0.007054217	0	0.0010053096	0	0.1143612	0.9933411	0.007054217	2.771827e-20	-1
0	0.11634876	0.99311006	0.007056948	0	0.0006283185	0	0.11634876	0.99311006	0.007056948	2.7867796e-20	-1
0	0.11757562	0.9929654	0.0070585366	0	0.0002513274	0	0.11757562	0.9929654	0.0070585366	2.80173e-20	-1
0	0.11757562	0.9929654	0.0070585366	0	0.0001256637	0	0.11757562	0.9929654	0.0070585366	2.806713e-20	-1
0	0.11757562	0.9929654	0.0070585366	0	6.283185e-05	0	0.11757562	0.9929654	0.0070585366	2.809205e-20	-1
0	0.11757562	0.9929654	0.0070585366	0	2.5132742e-05	0	0.11757562	0.9929654	0.0070585366	2.8106996e-20	-1
0	0.11757562	0.9929654	0.0070585366	0	1.2566371e-05	0	0.11757562	0.9929654	0.0070585366	2.811198e-20	-1
0	0.11757562	0.9929654	0.0070585366	0	6.2831855e-06	0	0.11757562	0.9929654	0.0070585366	2.8114473e-20	-1
0	0.11757562	0.9929654	0.0070585366	0	2.513274e-06	0	0.11757562	0.9929654	0.0070585366	2.8115966e-20	-1
0	0.11757562	0.9929654	0.0070585366	0	1.256637e-06	0	0.11757562	0.9929654	0.0070585366	2.8116464e-20	-1
0	0.11757562	0.9929654	0.0070585366	0	6.283185e-07	0	0.11757562	0.9929654	0.0070585366	2.8116716e-20	-1
0	0.11757562	0.9929654	0.0070585366	0	2.513274e-07	0	0.11757562	0.9929654	0.0070585366	2.8116864e-20	-1
0	0.11757562	0.9929654	0.0070585366	0	1.256637e-07	0	0.11757562	0.9929654	0.0070585366	2.8116913e-20	-1
0	0.11757562	0.9929654	0.0070585366	0	0	0	0.11757562	0.9929654	0.0070585366	2.8116964e-20	-1
0	0.11757562	0.9929654	0.0070585366	0	-1.256637e-07	0	0.11757562	0.9929654	0.0070585366	2.8117013e-20	-1
0	0.11757562	0.9929654	0.0070585366	0	-2.513274e-07	0	0.11757562	0.9929654	0.0070585366	2.811706e-20	-1
0	0.11757562	0.9929654	0.0070585366	0	-6.283185e-07	0	0.11757562	0.9929654	0.0070585366	2.8117213e-20	-1
0	0.11757562	0.9929654	0.0070585366	0	-1.256637e-06	0	0.11757562	0.9929654	0.0070585366	2.8117462e-20	-1
0	0.11757562	0.9929654	0.0070585366	0	-2.513274e-06	0	0.11757562	0.9929654	0.0070585366	2.811796e-20	-1
0	0.11757562	0.9929654	0.0070585366	0	-6.2831855e-06	0	0.11757562	0.9929654	0.0070585366	2.8119456e-20	-1
0	0.11757562	0.9929654	0.0070585366	0	-1.2566371e-05	0	0.11757562	0.9929654	0.0070585366	2.8121947e-20	-1
0	0.11757562	0.9929654	0.0070585366	0	-2.5132742e-05	0	0.11757562	0.9929654	0.0070585366	2.812693e-20	-1
0	0.1186236	0.99284065	0.0070598386	0	-6.283185e-05	0	0.1186236	0.99284065	0.0070598386	2.8141874e-20	-1
0	0.1186236	0.99284065	0.0070598386	0	-0.0001256637	0	0.1186236	0.99284065	0.0070598386	2.8166786e-20	-1
0	0.1186236	0.99284065	0.0070598386	0	-0.0002513274	0	0.1186236	0.99284065	0.0070598386	2.821661e-20	-1
0	0.12056139	0.992607	0.0070621157	0	-0.0006283185	0	0.12056139	0.992607	0.0070621157	2.8366062e-20	-1
0	0.12187603	0.9924463	0.0070635825	0	-0.0010053096	0	0.12187603	0.9924463	0.0070635825	2.851549e-20	-1
0	0.12187603	0.9924463	0.0070635825	0	-0.001256637	0	0.12187603	0.9924463	0.0070635825	2.8615105e-20	-1
0	0.12507316	0.992048	0.007066832	0	-0.0018849556	0	0.12507316	0.992048	0.007066832	2.8864067e-20	-1
0	0.12746164	0.9917437	0.007068989	0	-0.002513274	0	0.12746164	0.9917437	0.007068989	2.9112954e-20	-1
0	0.13251203	0.9910809	0.0070728203	0	-0.0037699111	0	0.13251203	0.9910809	0.0070728203	2.96105e-20	-1
0	0.1439635	0.989481	0.007077975	0	-0.0062831854	0	0.1439635	0.989481	0.007077975	3.0604477e-20	-1
0	0.16156283	0.9867579	0.007077082	0	-0.009424778	0	0.16156283	0.9867579	0.007077082	3.1844305e-20	-1
0	0.18446326	0.98273134	0.007061463	0	-0.012566371	0	0.18446326	0.98273134	0.007061463	3.307997e-20	-1
0	0.27332842	0.96179646	0.006863514	0	-0.018849555	0	0.27332842	0.96179646	0.006863514	3.5526325e-20	-1
0	-0.06902936	-0.9975225	-0.0069280462	0	-0.025132742	0	-0.06902936	-0.9975225	-0.0069280462	1.8122085e-20	-1
0	-0.056993663	-0.9982842	-0.0068611456	0	-0.03769911	0	-0.056993663	-0.9982842	-0.0068611456	1.3113921e-20	-1
0	-0.048492055	-0.99873483	-0.006797122	0	-0.050265484	0	-0.048492055	-0.99873483	-0.006797122	8.102803e-21	-1
0	-0.04217862	-0.9990227	-0.0067357826	0	-0.06283186	0	-0.04217862	-0.9990227	-0.0067357826	3.0898748e-21	-1
0	-0.04217862	-0.9990227	-0.0067357826	0	-0.06283186	0	-0.04217862	-0.9990227	-0.0067357826	3.0898748e-21	1
0	-0.04849179	-0.99873483	-0.006797121	0	-0.050265484	0	-0.04849179	-0.99873483	-0.006797121	8.102801e-21	1
0	-0.056991555	-0.99828434	-0.0068611577	0	-0.03769911	0	-0.056991555	-0.99828434	-0.0068611577	1.3113922e-20	1
0	-0.06902394	-0.99752283	-0.0069280425	0	-0.025132742	0	-0.06902394	-0.99752283	-0.0069280425	1.8122085e-20	1
0	-0.077124104	-0.9969282	-0.006962346	0	-0.018849555	0	-0.077124104	-0.9969282	-0.006962346	2.0624417e-20	1
0	-0.08732277	-0.9960854	-0.0069967154	0	-0.012566371	0	-0.08732277	-0.9960854	-0.0069967154	2.3124967e-20	1
0	-0.09348346	-0.9955254	-0.0070136236	0	-0.009424778	0	-0.09348346	-0.9955254	-0.0070136236	2.4374342e-20	1
0	-0.10055365	-0.99483526	-0.0070300377	0	-0.0062831854	0	-0.10055365	-0.99483526	-0.0070300377	2.5622937e-20	1
0	-0.10700913	-0.9941609	-0.0070425663	0	-0.0037699111	0	-0.10700913	-0.9941609	-0.0070425663	2.6621125e-20	1
0	-0.11056346	-0.99377143	-0.007048524	0	-0.002513274	0	-0.11056346	-0.99377143	-0.007048524	2.711995e-20	1
0	-0.11244173	-0.99356043	-0.0070514097	0	-0.0018849556	0	-0.11244173	-0.99356043	-0.0070514097	2.7369287e-20	1
0	-0.11436041	-0.9933412	-0.007054218	0	-0.001256637	0	-0.11436041	-0.9933412	-0.007054218	2.7618565e-20	1
0	-0.11436041	-0.9933412	-0.007054218	0	-0.0010053096	0	-0.11436041	-0.9933412	-0.007054218	2.771827e-20	1
0	-0.116353005	-0.9931096	-0.0070569436	0	-0.0006283185	0	-0.116353005	-0.9931096	-0.0070569436	2.7867796e-20	1
0	-0.11757709	-0.9929652	-0.0070585366	0	-0.0002513274	0	-0.11757709	-0.9929652	-0.0070585366	2.80173e-20	1
0	-0.11757709	-0.9929652	-0.0070585366	0	-0.0001256637	0	-0.11757709	-0.9929652	-0.0070585366	2.806713e-20	1
0	-0.11757709	-0.9929652	-0.0070585366	0	-6.283185e-05	0	-0.11757709	-0.9929652	-0.0070585366	2.8092046e-20	1
0	-0.11757709	-0.9929652	-0.0070585366	0	-2.5132742e-05	0	-0.11757709	-0.9929652	-0.0070585366	2.8106996e-20	1
0	-0.11757709	-0.9929652	-0.0070585366	0	-1.2566371e-05	0	-0.11757709	-0.9929652	-0.0070585366	2.811198e-20	1
0	-0.11757709	-0.9929652	-0.0070585366	0	-6.2831855e-06	0	-0.11757709	-0.9929652	-0.0070585366	2.811447e-20	1
0	-0.11757709	-0.9929652	-0.0070585366	0	-2.513274e-06	0	-0.11757709	-0.9929652	-0.0070585366	2.8115966e-20	1
0	-0.11757709	-0.9929652	-0.0070585366	0	-1.256637e-06	0	-0.11757709	-0.9929652	-0.0070585366	2.8116464e-20	1
0	-0.11757709	-0.9929652	-0.0070585366	0	-6.283185e-07	0	-0.11757709	-0.9929652	-0.0070585366	2.8116712e-20	1
0	-0.11757709	-0.9929652	-0.0070585366	0	-2.513274e-07	0	-0.11757709	-0.9929652	-0.0070585366	2.811686e-20	1
0	-0.11757709	-0.9929652	-0.0070585366	0	-1.256637e-07	0	-0.11757709	-0.9929652	-0.0070585366	2.8116913e-20	1
0	-0.11757709	-0.9929652	-0.0070585366	0	0	0	-0.11757709	-0.9929652	-0.0070585366	2.811696e-20	1
0	-0.11757709	-0.9929652	-0.0070585366	0	1.256637e-07	0	-0.11757709	-0.9929652	-0.0070585366	2.8117013e-20	1
0	-0.11757709	-0.9929652	-0.0070585366	0	2.513274e-07	0	-0.11757709	-0.9929652	-0.0070585366	2.811706e-20	1
0	-0.11757709	-0.9929652	-0.0070585366	0	6.283185e-07	0	-0.11757709	-0.9929652	-0.0070585366	2.811721e-20	1
0	-0.11757709	-0.9929652	-0.0070585366	0	1.256637e-06	0	-0.11757709	-0.9929652	-0.0070585366	2.811746e-20	1
0	-0.11757709	-0.9929652	-0.0070585366	0	2.513274e-06	0	-0.11757709	-0.9929652	-0.0070585366	2.811796e-20	1
0	-0.11757709	-0.9929652	-0.0070585366	0	6.2831855e-06	0	-0.11757709	-0.9929652	-0.0070585366	2.8119452e-20	1
0	-0.11757709	-0.9929652	-0.0070585366	0	1.2566371e-05	0	-0.11757709	-0.9929652	-0.0070585366	2.8121944e-20	1
0	-0.11757709	-0.9929652	-0.0070585366	0	2.5132742e-05	0	-0.11757709	-0.9929652	-0.0070585366	2.812693e-20	1
0	-0.11863582	-0.9928392	-0.007059792	0	6.283185e-05	0	-0.11863582	-0.9928392	-0.007059792	2.814187e-20	1
0	-0.11863582	-0.9928392	-0.007059792	0	0.0001256637	0	-0.11863582	-0.9928392	-0.007059792	2.8166783e-20	1
0	-0.11863582	-0.9928392	-0.007059792	0	0.0002513274	0	-0.11863582	-0.9928392	-0.007059792	2.821661e-20	1
0	-0.12053491	-0.9926102	-0.0070621176	0	0.0006283185	0	-0.12053491	-0.9926102	-0.0070621176	2.836606e-20	1
0	-0.121874735	-0.9924464	-0.0070635825	0	0.0010053096	0	-0.121874735	-0.9924464	-0.0070635825	2.8515494e-20	1
0	-0.121874735	-0.9924464	-0.0070635825	0	0.001256637	0	-0.121874735	-0.9924464	-0.0070635825	2.8615105e-20	1
0	-0.12506926	-0.9920485	-0.007066829	0	0.0018849556	0	-0.12506926	-0.9920485	-0.007066829	2.8864064e-20	1
0	-0.12745827	-0.99174416	-0.0070689884	0	0.002513274	0	-0.12745827	-0.99174416	-0.0070689884	2.911296e-20	1
0	-0.132527	-0.991079	-0.0070728217	0	0.0037699111	0	-0.132527	-0.991079	-0.0070728217	2.96105e-20	1
0	-0.14398219	-0.98947823	-0.0070779617	0	0.0062831854	0	-0.14398219	-0.98947823	-0.0070779617	3.060448e-20	1
0	-0.16152623	-0.9867639	-0.007077122	0	0.009424778	0	-0.16152623	-0.9867639	-0.007077122	3.1844302e-20	1
0	-0.18447572	-0.9827291	-0.0070614433	0	0.012566371	0	-0.18447572	-0.9827291	-0.0070614433	3.3079974e-20	1
0	-0.27336842	-0.9617851	-0.0068633733	0	0.018849555	0	-0.27336842	-0.9617851	-0.0068633733	3.5526322e-20	1
0	0.06902735	0.9975226	0.0069280434	0	0.025132742	0	0.06902735	0.9975226	0.0069280434	1.8122085e-20	1
0	0.056995112	0.9982841	0.0068611614	0	0.03769911	0	0.056995112	0.9982841	0.0068611614	1.3113923e-20	1
0	0.048493303	0.9987347	0.0067971214	0	0.050265484	0	0.048493303	0.9987347	0.0067971214	8.102806e-21	1
0	0.04217778	0.9990227	0.006735782	0	0.06283186	0	0.04217778	0.9990227	0.006735782	3.0898756e-21	1
