# t (s)	mx ()	my ()	mz ()	B_extx (T)	B_exty (T)	B_extz (T)	mx ()	my ()	mz ()	E_total (J)	branch ()
0	-0.013579542	0.9998412	-0.0017496443	0	0.06283186	0	-0.013579542	0.9998412	-0.0017496443	4.547207e-21	-1
0	-0.016172562	0.9998019	-0.0017392524	0	0.050265484	0	-0.016172562	0.9998019	-0.0017392524	9.564829e-21	-1
0	-0.01999285	0.99973196	-0.0017168053	0	0.03769911	0	-0.01999285	0.99973196	-0.0017168053	1.4582184e-20	-1
0	-0.02616731	0.9995886	-0.0016708868	0	0.025132742	0	-0.02616731	0.9995886	-0.0016708868	1.9599032e-20	-1
0	-0.030923598	0.99945235	-0.001631073	0	0.018849555	0	-0.030923598	0.99945235	-0.001631073	2.2107097e-20	-1
0	-0.037772015	0.99921644	-0.0015699272	0	0.012566371	0	-0.037772015	0.99921644	-0.0015699272	2.4614703e-20	-1
0	-0.04247686	0.99902725	-0.0015261882	0	0.009424778	0	-0.04247686	0.99902725	-0.0015261882	2.5868238e-20	-1
0	-0.04845813	0.9987546	-0.0014692273	0	0.0062831854	0	-0.04845813	0.9987546	-0.0014692273	2.7121485e-20	-1
0	-0.054652907	0.99843454	-0.0014089893	0	0.0037699111	0	-0.054652907	0.99843454	-0.0014089893	2.8123782e-20	-1
0	-0.058378443	0.9982234	-0.0013722953	0	0.002513274	0	-0.058378443	0.9982234	-0.0013722953	2.8624795e-20	-1
0	-0.060405742	0.99810266	-0.0013522153	0	0.0018849556	0	-0.060405742	0.99810266	-0.0013522153	2.8875263e-20	-1
0	-0.062602535	0.99796724	-0.0013303631	0	0.001256637	0	-0.062602535	0.99796724	-0.0013303631	2.9125692e-20	-1
0	-0.062602535	0.99796724	-0.0013303631	0	0.0010053096	0	-0.062602535	0.99796724	-0.0013303631	2.9225858e-20	-1
0	-0.06495551	0.9978167	-0.0013068578	0	0.0006283185	0	-0.06495551	0.9978167	-0.0013068578	2.9376088e-20	-1
0	-0.06643708	0.99771905	-0.0012920205	0	0.0002513274	0	-0.06643708	0.99771905	-0.0012920205	2.952631e-20	-1
0	-0.06643708	0.99771905	-0.0012920205	0	0.0001256637	0	-0.06643708	0.99771905	-0.0012920205	2.957638e-20	-1
0	-0.06643708	0.99771905	-0.0012920205	0	6.283185e-05	0	-0.06643708	0.99771905	-0.0012920205	2.9601414e-20	-1
0	-0.06643708	0.99771905	-0.0012920205	0	2.5132742e-05	0	-0.06643708	0.99771905	-0.0012920205	2.9616436e-20	-1
0	-0.06643708	0.99771905	-0.0012920205	0	1.2566371e-05	0	-0.06643708	0.99771905	-0.0012920205	2.962144e-20	-1
0	-0.06643708	0.99771905	-0.0012920205	0	6.2831855e-06	0	-0.06643708	0.99771905	-0.0012920205	2.9623945e-20	-1
0	-0.06643708	0.99771905	-0.0012920205	0	2.513274e-06	0	-0.06643708	0.99771905	-0.0012920205	2.9625448e-20	-1
0	-0.06643708	0.99771905	-0.0012920205	0	1.256637e-06	0	-0.06643708	0.99771905	-0.0012920205	2.962595e-20	-1
0	-0.06643708	0.99771905	-0.0012920205	0	6.283185e-07	0	-0.06643708	0.99771905	-0.0012920205	2.9626197e-20	-1
0	-0.06643708	0.99771905	-0.0012920205	0	2.513274e-07	0	-0.06643708	0.99771905	-0.0012920205	2.962635e-20	-1
0	-0.06643708	0.99771905	-0.0012920205	0	1.256637e-07	0	-0.06643708	0.99771905	-0.0012920205	2.9626398e-20	-1
0	-0.06643708	0.99771905	-0.0012920205	0	0	0	-0.06643708	0.99771905	-0.0012920205	2.962645e-20	-1
0	-0.06643708	0.99771905	-0.0012920205	0	-1.256637e-07	0	-0.06643708	0.99771905	-0.0012920205	2.9626498e-20	-1
0	-0.06643708	0.99771905	-0.0012920205	0	-2.513274e-07	0	-0.06643708	0.99771905	-0.0012920205	2.962655e-20	-1
0	-0.06643708	0.99771905	-0.0012920205	0	-6.283185e-07	0	-0.06643708	0.99771905	-0.0012920205	2.9626698e-20	-1
0	-0.06643708	0.99771905	-0.0012920205	0	-1.256637e-06	0	-0.06643708	0.99771905	-0.0012920205	2.962695e-20	-1
0	-0.06643708	0.99771905	-0.0012920205	0	-2.513274e-06	0	-0.06643708	0.99771905	-0.0012920205	2.962745e-20	-1
0	-0.06643708	0.99771905	-0.0012920205	0	-6.2831855e-06	0	-0.06643708	0.99771905	-0.0012920205	2.9628954e-20	-1
0	-0.06643708	0.99771905	-0.0012920205	0	-1.2566371e-05	0	-0.06643708	0.99771905	-0.0012920205	2.9631455e-20	-1
0	-0.06643708	0.99771905	-0.0012920205	0	-2.5132742e-05	0	-0.06643708	0.99771905	-0.0012920205	2.9636463e-20	-1
0	-0.0677717	0.99762917	-0.0012786059	0	-6.283185e-05	0	-0.0677717	0.99762917	-0.0012786059	2.9651475e-20	-1
0	-0.0677717	0.99762917	-0.0012786059	0	-0.0001256637	0	-0.0677717	0.99762917	-0.0012786059	2.967651e-20	-1
0	-0.0677717	0.99762917	-0.0012786059	0	-0.0002513274	0	-0.0677717	0.99762917	-0.0012786059	2.9726574e-20	-1
0	-0.07021168	0.99746037	-0.0012540469	0	-0.0006283185	0	-0.07021168	0.99746037	-0.0012540469	2.9876756e-20	-1
0	-0.07197412	0.9973346	-0.0012362446	0	-0.0010053096	0	-0.07197412	0.9973346	-0.0012362446	3.002692e-20	-1
0	-0.07197412	0.9973346	-0.0012362446	0	-0.001256637	0	-0.07197412	0.9973346	-0.0012362446	3.0127023e-20	-1
0	-0.07643249	0.9970026	-0.0011910405	0	-0.0018849556	0	-0.07643249	0.9970026	-0.0011910405	3.0377222e-20	-1
0	-0.0799509	0.9967264	-0.001155212	0	-0.002513274	0	-0.0799509	0.9967264	-0.001155212	3.0627364e-20	-1
0	-0.088097766	0.9960388	-0.0010717731	0	-0.0037699111	0	-0.088097766	0.9960388	-0.0010717731	3.11274e-20	-1
0	-0.11077978	0.9937701	-0.0008370288	0	-0.0062831854	0	-0.11077978	0.9937701	-0.0008370288	3.212612e-20	-1
0	-0.16861409	0.9856006	-0.00023388524	0	-0.009424778	0	-0.16861409	0.9856006	-0.00023388524	3.3369015e-20	-1
0	0.037802532	-0.99921536	0.0015696174	0	-0.012566371	0	0.037802532	-0.99921536	0.0015696174	2.4614709e-20	-1
0	0.030931257	-0.9994521	0.001631001	0	-0.018849555	0	0.030931257	-0.9994521	0.001631001	2.2107095e-20	-1
0	0.02618203	-0.99958825	0.0016707394	0	-0.025132742	0	0.02618203	-0.99958825	0.0016707394	1.959903e-20	-1
0	0.02000032	-0.9997318	0.0017167336	0	-0.03769911	0	0.02000032	-0.9997318	0.0017167336	1.4582181e-20	-1
0	0.01617939	-0.99980175	0.0017391867	0	-0.050265484	0	0.01617939	-0.99980175	0.0017391867	9.5648276e-21	-1
0	0.013581123	-0.9998412	0.0017496408	0	-0.06283186	0	0.013581123	-0.9998412	0.0017496408	4.54721e-21	-1
0	0.013581123	-0.9998412	0.0017496408	0	-0.06283186	0	0.013581123	-0.9998412	0.0017496408	4.54721e-21	1
0	0.016174689	-0.9998018	0.0017392319	0	-0.050265484	0	0.016174689	-0.9998018	0.0017392319	9.564828e-21	1
0	0.019992862	-0.9997319	0.0017168073	0	-0.03769911	0	0.019992862	-0.9997319	0.0017168073	1.4582184e-20	1
0	0.02616511	-0.99958867	0.0016709091	0	-0.025132742	0	0.02616511	-0.99958867	0.0016709091	1.9599033e-20	1
0	0.030908015	-0.9994528	0.001631235	0	-0.018849555	0	0.030908015	-0.9994528	0.001631235	2.2107095e-20	1
0	0.037785064	-0.99921596	0.0015697947	0	-0.012566371	0	0.037785064	-0.99921596	0.0015697947	2.4614709e-20	1
0	0.042480897	-0.9990271	0.0015261465	0	-0.009424778	0	0.042480897	-0.9990271	0.0015261465	2.5868242e-20	1
0	0.048489995	-0.9987531	0.0014689004	0	-0.0062831854	0	0.048489995	-0.9987531	0.0014689004	2.712148e-20	1
0	0.054681666	-0.998433	0.001408723	0	-0.0037699111	0	0.054681666	-0.998433	0.001408723	2.8123782e-20	1
0	0.058338996	-0.99822575	0.0013727016	0	-0.002513274	0	0.058338996	-0.99822575	0.0013727016	2.8624798e-20	1
0	0.060398586	-0.99810314	0.0013522911	0	-0.0018849556	0	0.060398586	-0.99810314	0.0013522911	2.8875256e-20	1
0	0.06258322	-0.9979684	0.0013305607	0	-0.001256637	0	0.06258322	-0.9979684	0.0013305607	2.9125695e-20	1
0	0.063513726	-0.99790955	0.0013213551	0	-0.0010053096	0	0.063513726	-0.99790955	0.0013213551	2.9225855e-20	1
0	0.06495665	-0.9978166	0.0013068479	0	-0.0006283185	0	0.06495665	-0.9978166	0.0013068479	2.9376088e-20	1
0	0.066447325	-0.99771833	0.0012919132	0	-0.0002513274	0	0.066447325	-0.99771833	0.0012919132	2.9526306e-20	1
0	0.066447325	-0.99771833	0.0012919132	0	-0.0001256637	0	0.066447325	-0.99771833	0.0012919132	2.9576376e-20	1
0	0.066447325	-0.99771833	0.0012919132	0	-6.283185e-05	0	0.066447325	-0.99771833	0.0012919132	2.960141e-20	1
0	0.066447325	-0.99771833	0.0012919132	0	-2.5132742e-05	0	0.066447325	-0.99771833	0.0012919132	2.9616433e-20	1
0	0.066447325	-0.99771833	0.0012919132	0	-1.2566371e-05	0	0.066447325	-0.99771833	0.0012919132	2.962144e-20	1
0	0.066447325	-0.99771833	0.0012919132	0	-6.2831855e-06	0	0.066447325	-0.99771833	0.0012919132	2.9623942e-20	1
0	0.066447325	-0.99771833	0.0012919132	0	-2.513274e-06	0	0.066447325	-0.99771833	0.0012919132	2.9625445e-20	1
0	0.066447325	-0.99771833	0.0012919132	0	-1.256637e-06	0	0.066447325	-0.99771833	0.0012919132	2.9625945e-20	1
0	0.066447325	-0.99771833	0.0012919132	0	-6.283185e-07	0	0.066447325	-0.99771833	0.0012919132	2.9626197e-20	1
0	0.066447325	-0.99771833	0.0012919132	0	-2.513274e-07	0	0.066447325	-0.99771833	0.0012919132	2.9626346e-20	1
0	0.066447325	-0.99771833	0.0012919132	0	-1.256637e-07	0	0.066447325	-0.99771833	0.0012919132	2.9626398e-20	1
0	0.066447325	-0.99771833	0.0012919132	0	0	0	0.066447325	-0.99771833	0.0012919132	2.9626446e-20	1
0	0.066447325	-0.99771833	0.0012919132	0	1.256637e-07	0	0.066447325	-0.99771833	0.0012919132	2.9626498e-20	1
0	0.066447325	-0.99771833	0.0012919132	0	2.513274e-07	0	0.066447325	-0.99771833	0.0012919132	2.9626546e-20	1
0	0.066447325	-0.99771833	0.0012919132	0	6.283185e-07	0	0.066447325	-0.99771833	0.0012919132	2.9626698e-20	1
0	0.066447325	-0.99771833	0.0012919132	0	1.256637e-06	0	0.066447325	-0.99771833	0.0012919132	2.9626947e-20	1
0	0.066447325	-0.99771833	0.0012919132	0	2.513274e-06	0	0.066447325	-0.99771833	0.0012919132	2.9627448e-20	1
0	0.066447325	-0.99771833	0.0012919132	0	6.2831855e-06	0	0.066447325	-0.99771833	0.0012919132	2.962895e-20	1
0	0.066447325	-0.99771833	0.0012919132	0	1.2566371e-05	0	0.066447325	-0.99771833	0.0012919132	2.9631455e-20	1
0	0.066447325	-0.99771833	0.0012919132	0	2.5132742e-05	0	0.066447325	-0.99771833	0.0012919132	2.963646e-20	1
0	0.066447325	-0.99771833	0.0012919132	0	6.283185e-05	0	0.066447325	-0.99771833	0.0012919132	2.965148e-20	1
0	0.06799723	-0.9976138	0.0012763513	0	0.0001256637	0	0.06799723	-0.9976138	0.0012763513	2.967651e-20	1
0	0.06799723	-0.9976138	0.0012763513	0	0.0002513274	0	0.06799723	-0.9976138	0.0012763513	2.9726574e-20	1
0	0.07023533	-0.9974587	0.0012537974	0	0.0006283185	0	0.07023533	-0.9974587	0.0012537974	2.9876756e-20	1
0	0.07197431	-0.9973346	0.0012362434	0	0.0010053096	0	0.07197431	-0.9973346	0.0012362434	3.002692e-20	1
0	0.07197431	-0.9973346	0.0012362434	0	0.001256637	0	0.07197431	-0.9973346	0.0012362434	3.0127023e-20	1
0	0.07643874	-0.99700207	0.001190973	0	0.0018849556	0	0.07643874	-0.99700207	0.001190973	3.0377222e-20	1
0	0.079949394	-0.9967265	0.001155226	0	0.002513274	0	0.079949394	-0.9967265	0.001155226	3.062736e-20	1
0	0.088097095	-0.9960389	0.0010717799	0	0.0037699111	0	0.088097095	-0.9960389	0.0010717799	3.1127407e-20	1
0	0.1107668	-0.9937716	0.00083717034	0	0.0062831854	0	0.1107668	-0.9937716	0.00083717034	3.212612e-20	1
0	0.1684697	-0.9856253	0.00023538791	0	0.009424778	0	0.1684697	-0.9856253	0.00023538791	3.3369015e-20	1
0	-0.03779289	0.9992157	-0.0015697192	0	0.012566371	0	-0.03779289	0.9992157	-0.0015697192	2.4614703e-20	1
0	-0.030930646	0.9994521	-0.0016310064	0	0.018849555	0	-0.030930646	0.9994521	-0.0016310064	2.2107098e-20	1
0	-0.026168987	0.99958855	-0.0016708705	0	0.025132742	0	-0.026168987	0.99958855	-0.0016708705	1.9599032e-20	1
0	-0.019996427	0.99973184	-0.0017167701	0	0.03769911	0	-0.019996427	0.99973184	-0.0017167701	1.4582181e-20	1
0	-0.016177185	0.99980175	-0.0017392078	0	0.050265484	0	-0.016177185	0.99980175	-0.0017392078	9.564826e-21	1
0	-0.013581224	0.9998412	-0.0017496402	0	0.06283186	0	-0.013581224	0.9998412	-0.0017496402	4.5472105e-21	1
