# t (s)	mx ()	my ()	mz ()	B_extx (T)	B_exty (T)	B_extz (T)	mx ()	my ()	mz ()	E_total (J)	branch ()
0	-0.022206362	0.9996768	0.004850967	0	0.06283186	0	-0.022206362	0.9996768	0.004850967	4.2869677e-21	-1
0	-0.026086545	0.99958205	0.004888675	0	0.050265484	0	-0.026086545	0.99958205	0.004888675	9.3036315e-21	-1
0	-0.031592913	0.99942213	0.004925917	0	0.03769911	0	-0.031592913	0.99942213	0.004925917	1.4319679e-20	-1
0	-0.040029936	0.99911857	0.004961501	0	0.025132742	0	-0.040029936	0.99911857	0.004961501	1.933461e-20	-1
0	-0.04616642	0.9988532	0.0049776984	0	0.018849555	0	-0.04616642	0.9988532	0.0049776984	2.1841342e-20	-1
0	-0.054483682	0.99843323	0.004991576	0	0.012566371	0	-0.054483682	0.99843323	0.004991576	2.4347234e-20	-1
0	-0.059863076	0.9981247	0.004996989	0	0.009424778	0	-0.059863076	0.9981247	0.004996989	2.5599707e-20	-1
0	-0.066397116	0.9977108	0.0050007547	0	0.0062831854	0	-0.066397116	0.9977108	0.0050007547	2.6851735e-20	-1
0	-0.072755635	0.99726677	0.00500199	0	0.0037699111	0	-0.072755635	0.99726677	0.00500199	2.7852926e-20	-1
0	-0.07637462	0.9969959	0.0050018346	0	0.002513274	0	-0.07637462	0.9969959	0.0050018346	2.8353338e-20	-1
0	-0.07833533	0.9968436	0.0050014965	0	0.0018849556	0	-0.07833533	0.9968436	0.0050014965	2.8603486e-20	-1
0	-0.08039141	0.99667966	0.005000969	0	0.001256637	0	-0.08039141	0.99667966	0.005000969	2.8853598e-20	-1
0	-0.08039141	0.99667966	0.005000969	0	0.0010053096	0	-0.08039141	0.99667966	0.005000969	2.8953635e-20	-1
0	-0.08255389	0.99650276	0.0050002406	0	0.0006283185	0	-0.08255389	0.99650276	0.0050002406	2.9103675e-20	-1
0	-0.08391705	0.9963888	0.004999684	0	0.0002513274	0	-0.08391705	0.9963888	0.004999684	2.9253695e-20	-1
0	-0.08391705	0.9963888	0.004999684	0	0.0001256637	0	-0.08391705	0.9963888	0.004999684	2.93037e-20	-1
0	-0.08391705	0.9963888	0.004999684	0	6.283185e-05	0	-0.08391705	0.9963888	0.004999684	2.93287e-20	-1
0	-0.08391705	0.9963888	0.004999684	0	2.5132742e-05	0	-0.08391705	0.9963888	0.004999684	2.9343702e-20	-1
0	-0.08391705	0.9963888	0.004999684	0	1.2566371e-05	0	-0.08391705	0.9963888	0.004999684	2.93487e-20	-1
0	-0.08391705	0.9963888	0.004999684	0	6.2831855e-06	0	-0.08391705	0.9963888	0.004999684	2.9351202e-20	-1
0	-0.08391705	0.9963888	0.004999684	0	2.513274e-06	0	-0.08391705	0.9963888	0.004999684	2.93527e-20	-1
0	-0.08391705	0.9963888	0.004999684	0	1.256637e-06	0	-0.08391705	0.9963888	0.004999684	2.9353202e-20	-1
0	-0.08391705	0.9963888	0.004999684	0	6.283185e-07	0	-0.08391705	0.9963888	0.004999684	2.9353454e-20	-1
0	-0.08391705	0.9963888	0.004999684	0	2.513274e-07	0	-0.08391705	0.9963888	0.004999684	2.9353603e-20	-1
0	-0.08391705	0.9963888	0.004999684	0	1.256637e-07	0	-0.08391705	0.9963888	0.004999684	2.935365e-20	-1
0	-0.08391705	0.9963888	0.004999684	0	0	0	-0.08391705	0.9963888	0.004999684	2.9353703e-20	-1
0	-0.08391705	0.9963888	0.004999684	0	-1.256637e-07	0	-0.08391705	0.9963888	0.004999684	2.935375e-20	-1
0	-0.08391705	0.9963888	0.004999684	0	-2.513274e-07	0	-0.08391705	0.9963888	0.004999684	2.9353803e-20	-1
0	-0.08391705	0.9963888	0.004999684	0	-6.283185e-07	0	-0.08391705	0.9963888	0.004999684	2.935395e-20	-1
0	-0.08391705	0.9963888	0.004999684	0	-1.256637e-06	0	-0.08391705	0.9963888	0.004999684	2.9354204e-20	-1
0	-0.08391705	0.9963888	0.004999684	0	-2.513274e-06	0	-0.08391705	0.9963888	0.004999684	2.93547e-20	-1
0	-0.08391705	0.9963888	0.004999684	0	-6.2831855e-06	0	-0.08391705	0.9963888	0.004999684	2.9356204e-20	-1
0	-0.08391705	0.9963888	0.004999684	0	-1.2566371e-05	0	-0.08391705	0.9963888	0.004999684	2.93587e-20	-1
0	-0.08391705	0.9963888	0.004999684	0	-2.5132742e-05	0	-0.08391705	0.9963888	0.004999684	2.9363703e-20	-1
0	-0.08391705	0.9963888	0.004999684	0	-6.283185e-05	0	-0.08391705	0.9963888	0.004999684	2.9378706e-20	-1
0	-0.08531946	0.9962696	0.004999038	0	-0.0001256637	0	-0.08531946	0.9962696	0.004999038	2.9403696e-20	-1
0	-0.08531946	0.9962696	0.004999038	0	-0.0002513274	0	-0.08531946	0.9962696	0.004999038	2.945369e-20	-1
0	-0.08725576	0.9961016	0.0049980395	0	-0.0006283185	0	-0.08725576	0.9961016	0.0049980395	2.960367e-20	-1
0	-0.0887662	0.9959681	0.0049971696	0	-0.0010053096	0	-0.0887662	0.9959681	0.0049971696	2.975363e-20	-1
0	-0.0887662	0.9959681	0.0049971696	0	-0.001256637	0	-0.0887662	0.9959681	0.0049971696	2.9853595e-20	-1
0	-0.09253199	0.995625	0.004994647	0	-0.0018849556	0	-0.09253199	0.995625	0.004994647	3.010345e-20	-1
0	-0.09542039	0.9953521	0.004992407	0	-0.002513274	0	-0.09542039	0.9953521	0.004992407	3.035324e-20	-1
0	-0.1017748	0.9947219	0.0049866037	0	-0.0037699111	0	-0.1017748	0.9947219	0.0049866037	3.0852606e-20	-1
0	-0.11741932	0.99299526	0.004967726	0	-0.0062831854	0	-0.11741932	0.99299526	0.004967726	3.1850208e-20	-1
0	-0.14609595	0.98918015	0.004918522	0	-0.009424778	0	-0.14609595	0.98918015	0.004918522	3.3093926e-20	-1
0	-0.20003504	0.97969097	0.004783748	0	-0.012566371	0	-0.20003504	0.97969097	0.004783748	3.433016e-20	-1
0	0.04616894	-0.9988531	-0.0049777	0	-0.018849555	0	0.04616894	-0.9988531	-0.0049777	2.1841339e-20	-1
0	0.040039204	-0.9991182	-0.004961498	0	-0.025132742	0	0.040039204	-0.9991182	-0.004961498	1.9334608e-20	-1
0	0.03160231	-0.99942183	-0.004925913	0	-0.03769911	0	0.03160231	-0.99942183	-0.004925913	1.4319679e-20	-1
0	0.026087739	-0.99958205	-0.004888652	0	-0.050265484	0	0.026087739	-0.99958205	-0.004888652	9.303631e-21	-1
0	0.022208635	-0.99967676	-0.004850965	0	-0.06283186	0	0.022208635	-0.99967676	-0.004850965	4.286965e-21	-1
0	0.022208635	-0.99967676	-0.004850965	0	-0.06283186	0	0.022208635	-0.99967676	-0.004850965	4.286965e-21	1
0	0.026086854	-0.99958205	-0.004888653	0	-0.050265484	0	0.026086854	-0.99958205	-0.004888653	9.3036315e-21	1
0	0.031599782	-0.99942195	-0.004925914	0	-0.03769911	0	0.031599782	-0.99942195	-0.004925914	1.4319679e-20	1
0	0.040031426	-0.9991185	-0.0049615	0	-0.025132742	0	0.040031426	-0.9991185	-0.0049615	1.9334607e-20	1
0	0.046165667	-0.9988532	-0.0049777017	0	-0.018849555	0	0.046165667	-0.9988532	-0.0049777017	2.1841339e-20	1
0	0.05448448	-0.9984332	-0.0049915737	0	-0.012566371	0	0.05448448	-0.9984332	-0.0049915737	2.4347231e-20	1
0	0.05987039	-0.99812424	-0.0049969796	0	-0.009424778	0	0.05987039	-0.99812424	-0.0049969796	2.5599708e-20	1
0	0.06638037	-0.9977119	-0.005000772	0	-0.0062831854	0	0.06638037	-0.9977119	-0.005000772	2.6851733e-20	1
0	0.07273485	-0.9972683	-0.0050020143	0	-0.0037699111	0	0.07273485	-0.9972683	-0.0050020143	2.7852926e-20	1
0	0.07637252	-0.99699605	-0.005001843	0	-0.002513274	0	0.07637252	-0.99699605	-0.005001843	2.8353338e-20	1
0	0.07834388	-0.99684286	-0.0050014844	0	-0.0018849556	0	0.07834388	-0.99684286	-0.0050014844	2.860349e-20	1
0	0.08037752	-0.99668086	-0.00500099	0	-0.001256637	0	0.08037752	-0.99668086	-0.00500099	2.8853604e-20	1
0	0.08037752	-0.99668086	-0.00500099	0	-0.0010053096	0	0.08037752	-0.99668086	-0.00500099	2.895364e-20	1
0	0.082566604	-0.9965017	-0.0050002187	0	-0.0006283185	0	0.082566604	-0.9965017	-0.0050002187	2.910367e-20	1
0	0.083917305	-0.99638873	-0.0049996804	0	-0.0002513274	0	0.083917305	-0.99638873	-0.0049996804	2.925369e-20	1
0	0.083917305	-0.99638873	-0.0049996804	0	-0.0001256637	0	0.083917305	-0.99638873	-0.0049996804	2.9303697e-20	1
0	0.083917305	-0.99638873	-0.0049996804	0	-6.283185e-05	0	0.083917305	-0.99638873	-0.0049996804	2.9328697e-20	1
0	0.083917305	-0.99638873	-0.0049996804	0	-2.5132742e-05	0	0.083917305	-0.99638873	-0.0049996804	2.93437e-20	1
0	0.083917305	-0.99638873	-0.0049996804	0	-1.2566371e-05	0	0.083917305	-0.99638873	-0.0049996804	2.93487e-20	1
0	0.083917305	-0.99638873	-0.0049996804	0	-6.2831855e-06	0	0.083917305	-0.99638873	-0.0049996804	2.93512e-20	1
0	0.083917305	-0.99638873	-0.0049996804	0	-2.513274e-06	0	0.083917305	-0.99638873	-0.0049996804	2.93527e-20	1
0	0.083917305	-0.99638873	-0.0049996804	0	-1.256637e-06	0	0.083917305	-0.99638873	-0.0049996804	2.93532e-20	1
0	0.083917305	-0.99638873	-0.0049996804	0	-6.283185e-07	0	0.083917305	-0.99638873	-0.0049996804	2.935345e-20	1
0	0.083917305	-0.99638873	-0.0049996804	0	-2.513274e-07	0	0.083917305	-0.99638873	-0.0049996804	2.93536e-20	1
0	0.083917305	-0.99638873	-0.0049996804	0	-1.256637e-07	0	0.083917305	-0.99638873	-0.0049996804	2.935365e-20	1
0	0.083917305	-0.99638873	-0.0049996804	0	0	0	0.083917305	-0.99638873	-0.0049996804	2.93537e-20	1
0	0.083917305	-0.99638873	-0.0049996804	0	1.256637e-07	0	0.083917305	-0.99638873	-0.0049996804	2.935375e-20	1
0	0.083917305	-0.99638873	-0.0049996804	0	2.513274e-07	0	0.083917305	-0.99638873	-0.0049996804	2.93538e-20	1
0	0.083917305	-0.99638873	-0.0049996804	0	6.283185e-07	0	0.083917305	-0.99638873	-0.0049996804	2.935395e-20	1
0	0.083917305	-0.99638873	-0.0049996804	0	1.256637e-06	0	0.083917305	-0.99638873	-0.0049996804	2.93542e-20	1
0	0.083917305	-0.99638873	-0.0049996804	0	2.513274e-06	0	0.083917305	-0.99638873	-0.0049996804	2.93547e-20	1
0	0.083917305	-0.99638873	-0.0049996804	0	6.2831855e-06	0	0.083917305	-0.99638873	-0.0049996804	2.93562e-20	1
0	0.083917305	-0.99638873	-0.0049996804	0	1.2566371e-05	0	0.083917305	-0.99638873	-0.0049996804	2.93587e-20	1
0	0.083917305	-0.99638873	-0.0049996804	0	2.5132742e-05	0	0.083917305	-0.99638873	-0.0049996804	2.93637e-20	1
0	0.083917305	-0.99638873	-0.0049996804	0	6.283185e-05	0	0.083917305	-0.99638873	-0.0049996804	2.9378702e-20	1
0	0.08531216	-0.9962702	-0.004999048	0	0.0001256637	0	0.08531216	-0.9962702	-0.004999048	2.94037e-20	1
0	0.08531216	-0.9962702	-0.004999048	0	0.0002513274	0	0.08531216	-0.9962702	-0.004999048	2.9453695e-20	1
0	0.08727023	-0.9961004	-0.004998019	0	0.0006283185	0	0.08727023	-0.9961004	-0.004998019	2.960367e-20	1
0	0.088766605	-0.9959681	-0.0049971696	0	0.0010053096	0	0.088766605	-0.9959681	-0.0049971696	2.975363e-20	1
0	0.088766605	-0.9959681	-0.0049971696	0	0.001256637	0	0.088766605	-0.9959681	-0.0049971696	2.9853595e-20	1
0	0.09254347	-0.99562395	-0.004994629	0	0.0018849556	0	0.09254347	-0.99562395	-0.004994629	3.0103448e-20	1
0	0.09541593	-0.9953525	-0.004992413	0	0.002513274	0	0.09541593	-0.9953525	-0.004992413	3.035324e-20	1
0	0.10176304	-0.9947231	-0.004986638	0	0.0037699111	0	0.10176304	-0.9947231	-0.004986638	3.0852606e-20	1
0	0.11743436	-0.99299353	-0.004967698	0	0.0062831854	0	0.11743436	-0.99299353	-0.004967698	3.1850208e-20	1
0	0.14604361	-0.98918784	-0.0049186423	0	0.009424778	0	0.14604361	-0.98918784	-0.0049186423	3.3093923e-20	1
0	0.20001453	-0.9796952	-0.0047838106	0	0.012566371	0	0.20001453	-0.9796952	-0.0047838106	3.433016e-20	1
0	-0.04617226	0.99885285	0.0049776975	0	0.018849555	0	-0.04617226	0.99885285	0.0049776975	2.1841337e-20	1
0	-0.040035598	0.9991183	0.004961497	0	0.025132742	0	-0.040035598	0.9991183	0.004961497	1.9334612e-20	1
0	-0.031604383	0.99942183	0.0049259122	0	0.03769911	0	-0.031604383	0.99942183	0.0049259122	1.4319679e-20	1
0	-0.026088003	0.99958205	0.0048886538	0	0.050265484	0	-0.026088003	0.99958205	0.0048886538	9.303633e-21	1
0	-0.02220776	0.99967676	0.004850969	0	0.06283186	0	-0.02220776	0.99967676	0.004850969	4.2869653e-21	1
