# t (s)	mx ()	my ()	mz ()	B_extx (T)	B_exty (T)	B_extz (T)	mx ()	my ()	mz ()	E_total (J)	branch ()
0	-0.0196382	0.99974203	-0.0006060307	0	0.06283186	0	-0.0196382	0.99974203	-0.0006060307	4.568052e-21	-1
0	-0.023202825	0.99966484	-0.0006079341	0	0.050265484	0	-0.023202825	0.99966484	-0.0006079341	9.585086e-21	-1
0	-0.028338691	0.99953157	-0.000608474	0	0.03769911	0	-0.028338691	0.99953157	-0.000608474	1.4601607e-20	-1
0	-0.036372893	0.9992705	-0.0006063703	0	0.025132742	0	-0.036372893	0.9992705	-0.0006063703	1.961719e-20	-1
0	-0.04235336	0.9990343	-0.00060346175	0	0.018849555	0	-0.04235336	0.9990343	-0.00060346175	2.2124338e-20	-1
0	-0.05065406	0.99864715	-0.00059829134	0	0.012566371	0	-0.05065406	0.99864715	-0.00059829134	2.4630723e-20	-1
0	-0.05614204	0.99835324	-0.0005943697	0	0.009424778	0	-0.05614204	0.99835324	-0.0005943697	2.5883475e-20	-1
0	-0.06294961	0.9979466	-0.0005891031	0	0.0062831854	0	-0.06294961	0.9979466	-0.0005891031	2.7135796e-20	-1
0	-0.069685504	0.9974984	-0.00058354856	0	0.0037699111	0	-0.069685504	0.9974984	-0.00058354856	2.813722e-20	-1
0	-0.07361543	0.99721575	-0.00058017916	0	0.002513274	0	-0.07361543	0.99721575	-0.00058017916	2.8637746e-20	-1
0	-0.07574303	0.99705625	-0.0005783204	0	0.0018849556	0	-0.07574303	0.99705625	-0.0005783204	2.8887952e-20	-1
0	-0.078017235	0.99688077	-0.00057630596	0	0.001256637	0	-0.078017235	0.99688077	-0.00057630596	2.913812e-20	-1
0	-0.078017235	0.99688077	-0.00057630596	0	0.0010053096	0	-0.078017235	0.99688077	-0.00057630596	2.923818e-20	-1
0	-0.0804292	0.99668884	-0.00057414366	0	0.0006283185	0	-0.0804292	0.99668884	-0.00057414366	2.938824e-20	-1
0	-0.0819544	0.9965644	-0.0005727663	0	0.0002513274	0	-0.0819544	0.9965644	-0.0005727663	2.9538287e-20	-1
0	-0.0819544	0.9965644	-0.0005727663	0	0.0001256637	0	-0.0819544	0.9965644	-0.0005727663	2.95883e-20	-1
0	-0.0819544	0.9965644	-0.0005727663	0	6.283185e-05	0	-0.0819544	0.9965644	-0.0005727663	2.9613305e-20	-1
0	-0.0819544	0.9965644	-0.0005727663	0	2.5132742e-05	0	-0.0819544	0.9965644	-0.0005727663	2.962831e-20	-1
0	-0.0819544	0.9965644	-0.0005727663	0	1.2566371e-05	0	-0.0819544	0.9965644	-0.0005727663	2.9633312e-20	-1
0	-0.0819544	0.9965644	-0.0005727663	0	6.2831855e-06	0	-0.0819544	0.9965644	-0.0005727663	2.963581e-20	-1
0	-0.0819544	0.9965644	-0.0005727663	0	2.513274e-06	0	-0.0819544	0.9965644	-0.0005727663	2.9637313e-20	-1
0	-0.0819544	0.9965644	-0.0005727663	0	1.256637e-06	0	-0.0819544	0.9965644	-0.0005727663	2.9637813e-20	-1
0	-0.0819544	0.9965644	-0.0005727663	0	6.283185e-07	0	-0.0819544	0.9965644	-0.0005727663	2.9638062e-20	-1
0	-0.0819544	0.9965644	-0.0005727663	0	2.513274e-07	0	-0.0819544	0.9965644	-0.0005727663	2.963821e-20	-1
0	-0.0819544	0.9965644	-0.0005727663	0	1.256637e-07	0	-0.0819544	0.9965644	-0.0005727663	2.9638263e-20	-1
0	-0.0819544	0.9965644	-0.0005727663	0	0	0	-0.0819544	0.9965644	-0.0005727663	2.963831e-20	-1
0	-0.0819544	0.9965644	-0.0005727663	0	-1.256637e-07	0	-0.0819544	0.9965644	-0.0005727663	2.9638363e-20	-1
0	-0.0819544	0.9965644	-0.0005727663	0	-2.513274e-07	0	-0.0819544	0.9965644	-0.0005727663	2.963841e-20	-1
0	-0.0819544	0.9965644	-0.0005727663	0	-6.283185e-07	0	-0.0819544	0.9965644	-0.0005727663	2.9638563e-20	-1
0	-0.0819544	0.9965644	-0.0005727663	0	-1.256637e-06	0	-0.0819544	0.9965644	-0.0005727663	2.9638812e-20	-1
0	-0.0819544	0.9965644	-0.0005727663	0	-2.513274e-06	0	-0.0819544	0.9965644	-0.0005727663	2.9639313e-20	-1
0	-0.0819544	0.9965644	-0.0005727663	0	-6.2831855e-06	0	-0.0819544	0.9965644	-0.0005727663	2.9640812e-20	-1
0	-0.0819544	0.9965644	-0.0005727663	0	-1.2566371e-05	0	-0.0819544	0.9965644	-0.0005727663	2.9643313e-20	-1
0	-0.0819544	0.9965644	-0.0005727663	0	-2.5132742e-05	0	-0.0819544	0.9965644	-0.0005727663	2.9648315e-20	-1
0	-0.083232835	0.9964584	-0.0005715986	0	-6.283185e-05	0	-0.083232835	0.9964584	-0.0005715986	2.966331e-20	-1
0	-0.083232835	0.9964584	-0.0005715986	0	-0.0001256637	0	-0.083232835	0.9964584	-0.0005715986	2.9688314e-20	-1
0	-0.083232835	0.9964584	-0.0005715986	0	-0.0002513274	0	-0.083232835	0.9964584	-0.0005715986	2.9738322e-20	-1
0	-0.08569965	0.9962491	-0.00056931237	0	-0.0006283185	0	-0.08569965	0.9962491	-0.00056931237	2.988832e-20	-1
0	-0.08741878	0.9960996	-0.0005677354	0	-0.0010053096	0	-0.08741878	0.9960996	-0.0005677354	3.0038295e-20	-1
0	-0.08741878	0.9960996	-0.0005677354	0	-0.001256637	0	-0.08741878	0.9960996	-0.0005677354	3.0138274e-20	-1
0	-0.09172307	0.99571204	-0.00056369643	0	-0.0018849556	0	-0.09172307	0.99571204	-0.00056369643	3.0388157e-20	-1
0	-0.09506825	0.995398	-0.00056050526	0	-0.002513274	0	-0.09506825	0.995398	-0.00056050526	3.063797e-20	-1
0	-0.10255039	0.9946543	-0.000553246	0	-0.0037699111	0	-0.10255039	0.9946543	-0.000553246	3.1137327e-20	-1
0	-0.12193201	0.992463	-0.00053372176	0	-0.0062831854	0	-0.12193201	0.992463	-0.00053372176	3.213466e-20	-1
0	-0.16196951	0.9867153	-0.00049095554	0	-0.009424778	0	-0.16196951	0.9867153	-0.00049095554	3.3376786e-20	-1
0	-0.9097728	-0.4148097	-0.00038158073	0	-0.012566371	0	-0.9097728	-0.4148097	-0.00038158073	2.6181459e-20	-1
0	0.04234936	-0.99903446	0.0006034663	0	-0.018849555	0	0.04234936	-0.99903446	0.0006034663	2.2124337e-20	-1
0	0.03639075	-0.99926984	0.0006063531	0	-0.025132742	0	0.03639075	-0.99926984	0.0006063531	1.961719e-20	-1
0	0.028342478	-0.9995315	0.00060846715	0	-0.03769911	0	0.028342478	-0.9995315	0.00060846715	1.4601607e-20	-1
0	0.02320633	-0.9996647	0.0006079306	0	-0.050265484	0	0.02320633	-0.9996647	0.0006079306	9.585085e-21	-1
0	0.019640109	-0.99974203	0.00060602825	0	-0.06283186	0	0.019640109	-0.99974203	0.00060602825	4.5680488e-21	-1
0	0.019640109	-0.99974203	0.00060602825	0	-0.06283186	0	0.019640109	-0.99974203	0.00060602825	4.5680488e-21	1
0	0.023204789	-0.9996648	0.00060793216	0	-0.050265484	0	0.023204789	-0.9996648	0.00060793216	9.585082e-21	1
0	0.028341923	-0.9995315	0.00060846965	0	-0.03769911	0	0.028341923	-0.9995315	0.00060846965	1.4601607e-20	1
0	0.036371686	-0.99927056	0.00060637115	0	-0.025132742	0	0.036371686	-0.99927056	0.00060637115	1.9617188e-20	1
0	0.042349756	-0.99903446	0.0006034659	0	-0.018849555	0	0.042349756	-0.99903446	0.0006034659	2.2124337e-20	1
0	0.050657958	-0.998647	0.0005982883	0	-0.012566371	0	0.050657958	-0.998647	0.0005982883	2.4630721e-20	1
0	0.056143295	-0.9983531	0.00059436937	0	-0.009424778	0	0.056143295	-0.9983531	0.00059436937	2.5883475e-20	1
0	0.06294231	-0.9979471	0.0005891189	0	-0.0062831854	0	0.06294231	-0.9979471	0.0005891189	2.7135796e-20	1
0	0.069681786	-0.99749863	0.00058354845	0	-0.0037699111	0	0.069681786	-0.99749863	0.00058354845	2.8137224e-20	1
0	0.073615655	-0.99721575	0.00058018963	0	-0.002513274	0	0.073615655	-0.99721575	0.00058018963	2.863775e-20	1
0	0.0757477	-0.9970559	0.0005783287	0	-0.0018849556	0	0.0757477	-0.9970559	0.0005783287	2.8887955e-20	1
0	0.07801772	-0.99688065	0.0005763052	0	-0.001256637	0	0.07801772	-0.99688065	0.0005763052	2.913812e-20	1
0	0.07801772	-0.99688065	0.0005763052	0	-0.0010053096	0	0.07801772	-0.99688065	0.0005763052	2.9238175e-20	1
0	0.08041899	-0.9966897	0.0005741534	0	-0.0006283185	0	0.08041899	-0.9966897	0.0005741534	2.9388238e-20	1
0	0.08192736	-0.9965667	0.0005727886	0	-0.0002513274	0	0.08192736	-0.9965667	0.0005727886	2.9538284e-20	1
0	0.08244792	-0.99652374	0.0005722934	0	-0.0001256637	0	0.08244792	-0.99652374	0.0005722934	2.9588296e-20	1
0	0.08244792	-0.99652374	0.0005722934	0	-6.283185e-05	0	0.08244792	-0.99652374	0.0005722934	2.9613302e-20	1
0	0.08244792	-0.99652374	0.0005722934	0	-2.5132742e-05	0	0.08244792	-0.99652374	0.0005722934	2.9628304e-20	1
0	0.08244792	-0.99652374	0.0005722934	0	-1.2566371e-05	0	0.08244792	-0.99652374	0.0005722934	2.9633306e-20	1
0	0.08244792	-0.99652374	0.0005722934	0	-6.2831855e-06	0	0.08244792	-0.99652374	0.0005722934	2.9635807e-20	1
0	0.08244792	-0.99652374	0.0005722934	0	-2.513274e-06	0	0.08244792	-0.99652374	0.0005722934	2.9637306e-20	1
0	0.08244792	-0.99652374	0.0005722934	0	-1.256637e-06	0	0.08244792	-0.99652374	0.0005722934	2.9637807e-20	1
0	0.08244792	-0.99652374	0.0005722934	0	-6.283185e-07	0	0.08244792	-0.99652374	0.0005722934	2.963806e-20	1
0	0.08244792	-0.99652374	0.0005722934	0	-2.513274e-07	0	0.08244792	-0.99652374	0.0005722934	2.9638208e-20	1
0	0.08244792	-0.99652374	0.0005722934	0	-1.256637e-07	0	0.08244792	-0.99652374	0.0005722934	2.963826e-20	1
0	0.08244792	-0.99652374	0.0005722934	0	0	0	0.08244792	-0.99652374	0.0005722934	2.9638308e-20	1
0	0.08244792	-0.99652374	0.0005722934	0	1.256637e-07	0	0.08244792	-0.99652374	0.0005722934	2.9638356e-20	1
0	0.08244792	-0.99652374	0.0005722934	0	2.513274e-07	0	0.08244792	-0.99652374	0.0005722934	2.9638408e-20	1
0	0.08244792	-0.99652374	0.0005722934	0	6.283185e-07	0	0.08244792	-0.99652374	0.0005722934	2.9638557e-20	1
0	0.08244792	-0.99652374	0.0005722934	0	1.256637e-06	0	0.08244792	-0.99652374	0.0005722934	2.963881e-20	1
0	0.08244792	-0.99652374	0.0005722934	0	2.513274e-06	0	0.08244792	-0.99652374	0.0005722934	2.963931e-20	1
0	0.08244792	-0.99652374	0.0005722934	0	6.2831855e-06	0	0.08244792	-0.99652374	0.0005722934	2.964081e-20	1
0	0.08244792	-0.99652374	0.0005722934	0	1.2566371e-05	0	0.08244792	-0.99652374	0.0005722934	2.964331e-20	1
0	0.08244792	-0.99652374	0.0005722934	0	2.5132742e-05	0	0.08244792	-0.99652374	0.0005722934	2.9648308e-20	1
0	0.08244792	-0.99652374	0.0005722934	0	6.283185e-05	0	0.08244792	-0.99652374	0.0005722934	2.9663314e-20	1
0	0.08244792	-0.99652374	0.0005722934	0	0.0001256637	0	0.08244792	-0.99652374	0.0005722934	2.968832e-20	1
0	0.0840504	-0.99638975	0.0005708485	0	0.0002513274	0	0.0840504	-0.99638975	0.0005708485	2.9738316e-20	1
0	0.08570098	-0.99624896	0.00056932867	0	0.0006283185	0	0.08570098	-0.99624896	0.00056932867	2.988832e-20	1
0	0.08744338	-0.9960974	0.00056770636	0	0.0010053096	0	0.08744338	-0.9960974	0.00056770636	3.0038298e-20	1
0	0.08744338	-0.9960974	0.00056770636	0	0.001256637	0	0.08744338	-0.9960974	0.00056770636	3.0138277e-20	1
0	0.09174237	-0.9957103	0.0005636711	0	0.0018849556	0	0.09174237	-0.9957103	0.0005636711	3.0388157e-20	1
0	0.09506236	-0.9953985	0.0005605116	0	0.002513274	0	0.09506236	-0.9953985	0.0005605116	3.0637965e-20	1
0	0.10257089	-0.9946523	0.00055322505	0	0.0037699111	0	0.10257089	-0.9946523	0.00055322505	3.1137327e-20	1
0	0.12191746	-0.9924648	0.0005337371	0	0.0062831854	0	0.12191746	-0.9924648	0.0005337371	3.213466e-20	1
0	0.16201487	-0.98670787	0.00049090566	0	0.009424778	0	0.16201487	-0.98670787	0.00049090566	3.3376786e-20	1
0	-0.94723475	0.32021362	-0.00039134995	0	0.012566371	0	-0.94723475	0.32021362	-0.00039134995	2.6899085e-20	1
0	-0.042358533	0.9990341	-0.0006034585	0	0.018849555	0	-0.042358533	0.9990341	-0.0006034585	2.2124337e-20	1
0	-0.03637658	0.9992703	-0.000606348	0	0.025132742	0	-0.03637658	0.9992703	-0.000606348	1.961719e-20	1
0	-0.028342947	0.99953145	-0.0006084688	0	0.03769911	0	-0.028342947	0.99953145	-0.0006084688	1.4601607e-20	1
0	-0.023204524	0.9996648	-0.00060793303	0	0.050265484	0	-0.023204524	0.9996648	-0.00060793303	9.585081e-21	1
0	-0.019640157	0.99974203	-0.0006060038	0	0.06283186	0	-0.019640157	0.99974203	-0.0006060038	4.568053e-21	1
