# t (s)	mx ()	my ()	mz ()	B_extx (T)	B_exty (T)	B_extz (T)	mx ()	my ()	mz ()	E_total (J)	branch ()
0	0.124671236	0.99212337	-0.00074818486	0	0.06283186	0	0.124671236	0.99212337	-0.00074818486	5.1597935e-21	-1
0	0.19853148	0.9800091	-0.0012501719	0	0.050265484	0	0.19853148	0.9800091	-0.0012501719	1.0114165e-20	-1
0	0.32338226	0.94615567	-0.002305586	0	0.03769911	0	0.32338226	0.94615567	-0.002305586	1.49591e-20	-1
0	0.46439016	0.88547456	-0.0036477325	0	0.025132742	0	0.46439016	0.88547456	-0.0036477325	1.9565429e-20	-1
0	0.53278565	0.84606934	-0.004275144	0	0.018849555	0	0.53278565	0.84606934	-0.004275144	2.1739182e-20	-1
0	0.59988153	0.7998822	-0.004818864	0	0.012566371	0	0.59988153	0.7998822	-0.004818864	2.380583e-20	-1
0	0.6333107	0.77367795	-0.0050466927	0	0.009424778	0	0.6333107	0.77367795	-0.0050466927	2.4793194e-20	-1
0	0.666986	0.7448375	-0.005236401	0	0.0062831854	0	0.666986	0.7448375	-0.005236401	2.574608e-20	-1
0	0.6943102	0.7194326	-0.0053543067	0	0.0037699111	0	0.6943102	0.7194326	-0.0053543067	2.6481115e-20	-1
0	0.7081846	0.70577866	-0.0053997226	0	0.002513274	0	0.7081846	0.70577866	-0.0053997226	2.683876e-20	-1
0	0.715182	0.69868696	-0.0054185484	0	0.0018849556	0	0.715182	0.69868696	-0.0054185484	2.701497e-20	-1
0	0.7222358	0.691393	-0.005434594	0	0.001256637	0	0.7222358	0.691393	-0.005434594	2.7189378e-20	-1
0	0.7222358	0.691393	-0.005434594	0	0.0010053096	0	0.7222358	0.691393	-0.005434594	2.7258774e-20	-1
0	0.72934663	0.6838877	-0.005447656	0	0.0006283185	0	0.72934663	0.6838877	-0.005447656	2.7361923e-20	-1
0	0.72934663	0.6838877	-0.005447656	0	0.0002513274	0	0.72934663	0.6838877	-0.005447656	2.7464888e-20	-1
0	0.72934663	0.6838877	-0.005447656	0	0.0001256637	0	0.72934663	0.6838877	-0.005447656	2.749921e-20	-1
0	0.7357943	0.67694616	-0.0054566795	0	6.283185e-05	0	0.7357943	0.67694616	-0.0054566795	2.7515588e-20	-1
0	0.7357943	0.67694616	-0.0054566795	0	2.5132742e-05	0	0.7357943	0.67694616	-0.0054566795	2.752578e-20	-1
0	0.7357943	0.67694616	-0.0054566795	0	1.2566371e-05	0	0.7357943	0.67694616	-0.0054566795	2.7529175e-20	-1
0	0.7357943	0.67694616	-0.0054566795	0	6.2831855e-06	0	0.7357943	0.67694616	-0.0054566795	2.7530875e-20	-1
0	0.7357943	0.67694616	-0.0054566795	0	2.513274e-06	0	0.7357943	0.67694616	-0.0054566795	2.7531892e-20	-1
0	0.7357943	0.67694616	-0.0054566795	0	1.256637e-06	0	0.7357943	0.67694616	-0.0054566795	2.7532235e-20	-1
0	0.7357943	0.67694616	-0.0054566795	0	6.283185e-07	0	0.7357943	0.67694616	-0.0054566795	2.7532403e-20	-1
0	0.7357943	0.67694616	-0.0054566795	0	2.513274e-07	0	0.7357943	0.67694616	-0.0054566795	2.7532506e-20	-1
0	0.7357943	0.67694616	-0.0054566795	0	1.256637e-07	0	0.7357943	0.67694616	-0.0054566795	2.753254e-20	-1
0	0.7357943	0.67694616	-0.0054566795	0	0	0	0.7357943	0.67694616	-0.0054566795	2.7532574e-20	-1
0	0.7357943	0.67694616	-0.0054566795	0	-1.256637e-07	0	0.7357943	0.67694616	-0.0054566795	2.7532607e-20	-1
0	0.7357943	0.67694616	-0.0054566795	0	-2.513274e-07	0	0.7357943	0.67694616	-0.0054566795	2.7532642e-20	-1
0	0.7357943	0.67694616	-0.0054566795	0	-6.283185e-07	0	0.7357943	0.67694616	-0.0054566795	2.7532742e-20	-1
0	0.7357943	0.67694616	-0.0054566795	0	-1.256637e-06	0	0.7357943	0.67694616	-0.0054566795	2.7532913e-20	-1
0	0.7357943	0.67694616	-0.0054566795	0	-2.513274e-06	0	0.7357943	0.67694616	-0.0054566795	2.7533253e-20	-1
0	0.7357943	0.67694616	-0.0054566795	0	-6.2831855e-06	0	0.7357943	0.67694616	-0.0054566795	2.753427e-20	-1
0	0.7357943	0.67694616	-0.0054566795	0	-1.2566371e-05	0	0.7357943	0.67694616	-0.0054566795	2.753597e-20	-1
0	0.7357943	0.67694616	-0.0054566795	0	-2.5132742e-05	0	0.7357943	0.67694616	-0.0054566795	2.753937e-20	-1
0	0.7357943	0.67694616	-0.0054566795	0	-6.283185e-05	0	0.7357943	0.67694616	-0.0054566795	2.754956e-20	-1
0	0.7357943	0.67694616	-0.0054566795	0	-0.0001256637	0	0.7357943	0.67694616	-0.0054566795	2.7566547e-20	-1
0	0.7357943	0.67694616	-0.0054566795	0	-0.0002513274	0	0.7357943	0.67694616	-0.0054566795	2.760052e-20	-1
0	0.74377537	0.6681677	-0.0054639587	0	-0.0006283185	0	0.74377537	0.6681677	-0.0054639587	2.770123e-20	-1
0	0.74377537	0.6681677	-0.0054639587	0	-0.0010053096	0	0.74377537	0.6681677	-0.0054639587	2.7801825e-20	-1
0	-0.7402837	0.6720354	-0.004953079	0	-0.001256637	0	-0.7402837	0.6720354	-0.004953079	2.9593692e-20	-1
0	-0.7534119	0.6572839	-0.0050798077	0	-0.0018849556	0	-0.7534119	0.6572839	-0.0050798077	2.9760498e-20	-1
0	-0.76725006	0.6410773	-0.005206106	0	-0.002513274	0	-0.76725006	0.6410773	-0.005206106	2.9923423e-20	-1
0	-0.7979437	0.60244775	-0.00545296	0	-0.0037699111	0	-0.7979437	0.60244775	-0.00545296	3.023587e-20	-1
0	-0.6669816	-0.74484146	0.0052363807	0	-0.0062831854	0	-0.6669816	-0.74484146	0.0052363807	2.574608e-20	-1
0	-0.6333215	-0.77366906	0.005046743	0	-0.009424778	0	-0.6333215	-0.77366906	0.005046743	2.4793194e-20	-1
0	-0.5998591	-0.799899	0.004818701	0	-0.012566371	0	-0.5998591	-0.799899	0.004818701	2.380583e-20	-1
0	-0.53278637	-0.8460688	0.004275151	0	-0.018849555	0	-0.53278637	-0.8460688	0.004275151	2.1739182e-20	-1
0	-0.464396	-0.88547146	0.0036477884	0	-0.025132742	0	-0.464396	-0.88547146	0.0036477884	1.956543e-20	-1
0	-0.32339144	-0.94615257	0.002305671	0	-0.03769911	0	-0.32339144	-0.94615257	0.002305671	1.4959101e-20	-1
0	-0.19857374	-0.9800005	0.0012504895	0	-0.050265484	0	-0.19857374	-0.9800005	0.0012504895	1.0114168e-20	-1
0	-0.12467335	-0.9921231	0.00074820075	0	-0.06283186	0	-0.12467335	-0.9921231	0.00074820075	5.1597935e-21	-1
0	-0.12467335	-0.9921231	0.00074820075	0	-0.06283186	0	-0.12467335	-0.9921231	0.00074820075	5.1597935e-21	1
0	-0.19856173	-0.98000294	0.0012503992	0	-0.050265484	0	-0.19856173	-0.98000294	0.0012503992	1.0114165e-20	1
0	-0.32338345	-0.9461553	0.0023055975	0	-0.03769911	0	-0.32338345	-0.9461553	0.0023055975	1.4959103e-20	1
0	-0.46439278	-0.88547313	0.003647758	0	-0.025132742	0	-0.46439278	-0.88547313	0.003647758	1.956543e-20	1
0	-0.53277594	-0.84607536	0.0042750547	0	-0.018849555	0	-0.53277594	-0.84607536	0.0042750547	2.1739182e-20	1
0	-0.5998814	-0.7998823	0.0048188637	0	-0.012566371	0	-0.5998814	-0.7998823	0.0048188637	2.3805832e-20	1
0	-0.6333086	-0.7736796	0.0050466605	0	-0.009424778	0	-0.6333086	-0.7736796	0.0050466605	2.4793196e-20	1
0	-0.6669997	-0.7448251	0.0052364683	0	-0.0062831854	0	-0.6669997	-0.7448251	0.0052364683	2.5746082e-20	1
0	-0.69432193	-0.71942115	0.0053543486	0	-0.0037699111	0	-0.69432193	-0.71942115	0.0053543486	2.6481115e-20	1
0	-0.70817804	-0.7057853	0.005399704	0	-0.002513274	0	-0.70817804	-0.7057853	0.005399704	2.683876e-20	1
0	-0.71518934	-0.69867945	0.005418566	0	-0.0018849556	0	-0.71518934	-0.69867945	0.005418566	2.7014969e-20	1
0	-0.72223437	-0.6913945	0.0054345913	0	-0.001256637	0	-0.72223437	-0.6913945	0.0054345913	2.7189375e-20	1
0	-0.72223437	-0.6913945	0.0054345913	0	-0.0010053096	0	-0.72223437	-0.6913945	0.0054345913	2.725877e-20	1
0	-0.72936106	-0.68387246	0.0054476764	0	-0.0006283185	0	-0.72936106	-0.68387246	0.0054476764	2.7361923e-20	1
0	-0.72936106	-0.68387246	0.0054476764	0	-0.0002513274	0	-0.72936106	-0.68387246	0.0054476764	2.7464884e-20	1
0	-0.72936106	-0.68387246	0.0054476764	0	-0.0001256637	0	-0.72936106	-0.68387246	0.0054476764	2.7499206e-20	1
0	-0.73581016	-0.6769289	0.0054566963	0	-6.283185e-05	0	-0.73581016	-0.6769289	0.0054566963	2.7515588e-20	1
0	-0.73581016	-0.6769289	0.0054566963	0	-2.5132742e-05	0	-0.73581016	-0.6769289	0.0054566963	2.752578e-20	1
0	-0.73581016	-0.6769289	0.0054566963	0	-1.2566371e-05	0	-0.73581016	-0.6769289	0.0054566963	2.7529175e-20	1
0	-0.73581016	-0.6769289	0.0054566963	0	-6.2831855e-06	0	-0.73581016	-0.6769289	0.0054566963	2.7530875e-20	1
0	-0.73581016	-0.6769289	0.0054566963	0	-2.513274e-06	0	-0.73581016	-0.6769289	0.0054566963	2.7531892e-20	1
0	-0.73581016	-0.6769289	0.0054566963	0	-1.256637e-06	0	-0.73581016	-0.6769289	0.0054566963	2.7532232e-20	1
0	-0.73581016	-0.6769289	0.0054566963	0	-6.283185e-07	0	-0.73581016	-0.6769289	0.0054566963	2.7532403e-20	1
0	-0.73581016	-0.6769289	0.0054566963	0	-2.513274e-07	0	-0.73581016	-0.6769289	0.0054566963	2.7532503e-20	1
0	-0.73581016	-0.6769289	0.0054566963	0	-1.256637e-07	0	-0.73581016	-0.6769289	0.0054566963	2.753254e-20	1
0	-0.73581016	-0.6769289	0.0054566963	0	0	0	-0.73581016	-0.6769289	0.0054566963	2.753257e-20	1
0	-0.73581016	-0.6769289	0.0054566963	0	1.256637e-07	0	-0.73581016	-0.6769289	0.0054566963	2.7532607e-20	1
0	-0.73581016	-0.6769289	0.0054566963	0	2.513274e-07	0	-0.73581016	-0.6769289	0.0054566963	2.7532642e-20	1
0	-0.73581016	-0.6769289	0.0054566963	0	6.283185e-07	0	-0.73581016	-0.6769289	0.0054566963	2.7532742e-20	1
0	-0.73581016	-0.6769289	0.0054566963	0	1.256637e-06	0	-0.73581016	-0.6769289	0.0054566963	2.7532913e-20	1
0	-0.73581016	-0.6769289	0.0054566963	0	2.513274e-06	0	-0.73581016	-0.6769289	0.0054566963	2.7533253e-20	1
0	-0.73581016	-0.6769289	0.0054566963	0	6.2831855e-06	0	-0.73581016	-0.6769289	0.0054566963	2.753427e-20	1
0	-0.73581016	-0.6769289	0.0054566963	0	1.2566371e-05	0	-0.73581016	-0.6769289	0.0054566963	2.753597e-20	1
0	-0.73581016	-0.6769289	0.0054566963	0	2.5132742e-05	0	-0.73581016	-0.6769289	0.0054566963	2.7539366e-20	1
0	-0.73581016	-0.6769289	0.0054566963	0	6.283185e-05	0	-0.73581016	-0.6769289	0.0054566963	2.7549557e-20	1
0	-0.73581016	-0.6769289	0.0054566963	0	0.0001256637	0	-0.73581016	-0.6769289	0.0054566963	2.7566544e-20	1
0	-0.73581016	-0.6769289	0.0054566963	0	0.0002513274	0	-0.73581016	-0.6769289	0.0054566963	2.7600516e-20	1
0	-0.7437647	-0.66817963	0.0054639624	0	0.0006283185	0	-0.7437647	-0.66817963	0.0054639624	2.7701235e-20	1
0	-0.7437647	-0.66817963	0.0054639624	0	0.0010053096	0	-0.7437647	-0.66817963	0.0054639624	2.780183e-20	1
0	-0.7510833	-0.65994287	0.005466683	0	0.001256637	0	-0.7510833	-0.65994287	0.005466683	2.7867863e-20	1
0	-0.75849843	-0.6514077	0.0054653976	0	0.0018849556	0	-0.75849843	-0.6514077	0.0054653976	2.8032395e-20	1
0	-0.76600635	-0.64256316	0.005459743	0	0.002513274	0	-0.76600635	-0.64256316	0.005459743	2.8194745e-20	1
0	-0.7814013	-0.62375367	0.005433513	0	0.0037699111	0	-0.7814013	-0.62375367	0.005433513	2.8512557e-20	1
0	-0.81411743	-0.58041406	0.0053037284	0	0.0062831854	0	-0.81411743	-0.58041406	0.0053037284	2.9117627e-20	1
0	-0.86212814	-0.5063889	0.0048824633	0	0.009424778	0	-0.86212814	-0.5063889	0.0048824633	2.9802784e-20	1
0	-0.48352003	0.87517446	-0.0021042628	0	0.012566371	0	-0.48352003	0.87517446	-0.0021042628	2.5260419e-20	1
0	0.5327836	0.8460706	-0.004275127	0	0.018849555	0	0.5327836	0.8460706	-0.004275127	2.1739184e-20	1
0	0.4643988	0.88547003	-0.0036478154	0	0.025132742	0	0.4643988	0.88547003	-0.0036478154	1.956543e-20	1
0	0.32338834	0.94615364	-0.0023056427	0	0.03769911	0	0.32338834	0.94615364	-0.0023056427	1.4959101e-20	1
0	0.19857045	0.9800012	-0.001250465	0	0.050265484	0	0.19857045	0.9800012	-0.001250465	1.0114166e-20	1
0	0.12468727	0.99212134	-0.00074828154	0	0.06283186	0	0.12468727	0.99212134	-0.00074828154	5.1597923e-21	1
