# t (s)	mx ()	my ()	mz ()	B_extx (T)	B_exty (T)	B_extz (T)	mx ()	my ()	mz ()	E_total (J)	branch ()
0	-0.043100733	0.99899733	0.003953128	0	0.06283186	0	-0.043100733	0.99899733	0.003953128	4.451313e-21	-1
0	-0.05097605	0.9986253	0.00398847	0	0.050265484	0	-0.05097605	0.9986253	0.00398847	9.463936e-21	-1
0	-0.062263265	0.99798375	0.004024457	0	0.03769911	0	-0.062263265	0.99798375	0.004024457	1.4474089e-20	-1
0	-0.07968715	0.996742	0.004059668	0	0.025132742	0	-0.07968715	0.996742	0.004059668	1.947973e-20	-1
0	-0.09243056	0.9956398	0.0040754774	0	0.018849555	0	-0.09243056	0.9956398	0.0040754774	2.1979527e-20	-1
0	-0.10972002	0.99388134	0.0040876865	0	0.012566371	0	-0.10972002	0.99388134	0.0040876865	2.4475814e-20	-1
0	-0.12085156	0.99258816	0.0040910915	0	0.009424778	0	-0.12085156	0.99258816	0.0040910915	2.5721987e-20	-1
0	-0.13437098	0.990847	0.004091248	0	0.0062831854	0	-0.13437098	0.990847	0.004091248	2.6966277e-20	-1
0	-0.14743142	0.98898655	0.0040877284	0	0.0037699111	0	-0.14743142	0.98898655	0.0040877284	2.79599e-20	-1
0	-0.15492204	0.98783994	0.0040842006	0	0.002513274	0	-0.15492204	0.98783994	0.0040842006	2.845594e-20	-1
0	-0.15895884	0.9871979	0.004081865	0	0.0018849556	0	-0.15895884	0.9871979	0.004081865	2.870374e-20	-1
0	-0.16316283	0.98651123	0.004079137	0	0.001256637	0	-0.16316283	0.98651123	0.004079137	2.8951367e-20	-1
0	-0.16492732	0.9862175	0.004077889	0	0.0010053096	0	-0.16492732	0.9862175	0.004077889	2.9050367e-20	-1
0	-0.16762224	0.9857627	0.0040759007	0	0.0006283185	0	-0.16762224	0.9857627	0.0040759007	2.9198813e-20	-1
0	-0.17041606	0.98528326	0.004073671	0	0.0002513274	0	-0.17041606	0.98528326	0.004073671	2.9347186e-20	-1
0	-0.17041606	0.98528326	0.004073671	0	0.0001256637	0	-0.17041606	0.98528326	0.004073671	2.9396632e-20	-1
0	-0.17041606	0.98528326	0.004073671	0	6.283185e-05	0	-0.17041606	0.98528326	0.004073671	2.9421357e-20	-1
0	-0.17041606	0.98528326	0.004073671	0	2.5132742e-05	0	-0.17041606	0.98528326	0.004073671	2.943619e-20	-1
0	-0.17041606	0.98528326	0.004073671	0	1.2566371e-05	0	-0.17041606	0.98528326	0.004073671	2.9441135e-20	-1
0	-0.17041606	0.98528326	0.004073671	0	6.2831855e-06	0	-0.17041606	0.98528326	0.004073671	2.9443607e-20	-1
0	-0.17041606	0.98528326	0.004073671	0	2.513274e-06	0	-0.17041606	0.98528326	0.004073671	2.944509e-20	-1
0	-0.17041606	0.98528326	0.004073671	0	1.256637e-06	0	-0.17041606	0.98528326	0.004073671	2.9445584e-20	-1
0	-0.17041606	0.98528326	0.004073671	0	6.283185e-07	0	-0.17041606	0.98528326	0.004073671	2.9445833e-20	-1
0	-0.17041606	0.98528326	0.004073671	0	2.513274e-07	0	-0.17041606	0.98528326	0.004073671	2.9445982e-20	-1
0	-0.17041606	0.98528326	0.004073671	0	1.256637e-07	0	-0.17041606	0.98528326	0.004073671	2.944603e-20	-1
0	-0.17041606	0.98528326	0.004073671	0	0	0	-0.17041606	0.98528326	0.004073671	2.944608e-20	-1
0	-0.17041606	0.98528326	0.004073671	0	-1.256637e-07	0	-0.17041606	0.98528326	0.004073671	2.9446127e-20	-1
0	-0.17041606	0.98528326	0.004073671	0	-2.513274e-07	0	-0.17041606	0.98528326	0.004073671	2.944618e-20	-1
0	-0.17041606	0.98528326	0.004073671	0	-6.283185e-07	0	-0.17041606	0.98528326	0.004073671	2.9446328e-20	-1
0	-0.17041606	0.98528326	0.004073671	0	-1.256637e-06	0	-0.17041606	0.98528326	0.004073671	2.9446573e-20	-1
0	-0.17041606	0.98528326	0.004073671	0	-2.513274e-06	0	-0.17041606	0.98528326	0.004073671	2.9447068e-20	-1
0	-0.17041606	0.98528326	0.004073671	0	-6.2831855e-06	0	-0.17041606	0.98528326	0.004073671	2.944855e-20	-1
0	-0.17041606	0.98528326	0.004073671	0	-1.2566371e-05	0	-0.17041606	0.98528326	0.004073671	2.9451023e-20	-1
0	-0.17251346	0.9849179	0.0040719276	0	-2.5132742e-05	0	-0.17251346	0.9849179	0.0040719276	2.945595e-20	-1
0	-0.17251346	0.9849179	0.0040719276	0	-6.283185e-05	0	-0.17251346	0.9849179	0.0040719276	2.947078e-20	-1
0	-0.17251346	0.9849179	0.0040719276	0	-0.0001256637	0	-0.17251346	0.9849179	0.0040719276	2.9495493e-20	-1
0	-0.17251346	0.9849179	0.0040719276	0	-0.0002513274	0	-0.17251346	0.9849179	0.0040719276	2.9544924e-20	-1
0	-0.17729294	0.98406816	0.004067663	0	-0.0006283185	0	-0.17729294	0.98406816	0.004067663	2.9693102e-20	-1
0	-0.18041417	0.98350024	0.0040646726	0	-0.0010053096	0	-0.18041417	0.98350024	0.0040646726	2.9841213e-20	-1
0	-0.18041417	0.98350024	0.0040646726	0	-0.001256637	0	-0.18041417	0.98350024	0.0040646726	2.9939928e-20	-1
0	-0.18814662	0.98204935	0.004056572	0	-0.0018849556	0	-0.18814662	0.98204935	0.004056572	3.0186467e-20	-1
0	-0.19410822	0.98088753	0.0040496597	0	-0.002513274	0	-0.19410822	0.98088753	0.0040496597	3.0432747e-20	-1
0	-0.20726997	0.978189	0.004032447	0	-0.0037699111	0	-0.20726997	0.978189	0.004032447	3.0924348e-20	-1
0	-0.24068955	0.97050124	0.003976916	0	-0.0062831854	0	-0.24068955	0.97050124	0.003976916	3.1902618e-20	-1
0	-0.31298155	0.94964266	0.003803162	0	-0.009424778	0	-0.31298155	0.94964266	0.003803162	3.3109533e-20	-1
0	0.10972146	-0.9938812	-0.0040876856	0	-0.012566371	0	0.10972146	-0.9938812	-0.0040876856	2.4475814e-20	-1
0	0.092432134	-0.9956397	-0.004075475	0	-0.018849555	0	0.092432134	-0.9956397	-0.004075475	2.1979527e-20	-1
0	0.079693355	-0.9967415	-0.004059671	0	-0.025132742	0	0.079693355	-0.9967415	-0.004059671	1.9479732e-20	-1
0	0.062272325	-0.99798316	-0.004024459	0	-0.03769911	0	0.062272325	-0.99798316	-0.004024459	1.4474087e-20	-1
0	0.050976958	-0.9986253	-0.0039884406	0	-0.050265484	0	0.050976958	-0.9986253	-0.0039884406	9.46393e-21	-1
0	0.04310131	-0.99899733	-0.003953128	0	-0.06283186	0	0.04310131	-0.99899733	-0.003953128	4.451314e-21	-1
0	0.04310131	-0.99899733	-0.003953128	0	-0.06283186	0	0.04310131	-0.99899733	-0.003953128	4.451314e-21	1
0	0.050976224	-0.9986253	-0.003988472	0	-0.050265484	0	0.050976224	-0.9986253	-0.003988472	9.463929e-21	1
0	0.062263634	-0.9979837	-0.004024457	0	-0.03769911	0	0.062263634	-0.9979837	-0.004024457	1.4474086e-20	1
0	0.07969301	-0.99674153	-0.0040596677	0	-0.025132742	0	0.07969301	-0.99674153	-0.0040596677	1.9479733e-20	1
0	0.09242557	-0.9956403	-0.004075477	0	-0.018849555	0	0.09242557	-0.9956403	-0.004075477	2.1979525e-20	1
0	0.109715596	-0.9938818	-0.0040876884	0	-0.012566371	0	0.109715596	-0.9938818	-0.0040876884	2.4475814e-20	1
0	0.12086195	-0.99258685	-0.0040910747	0	-0.009424778	0	0.12086195	-0.99258685	-0.0040910747	2.572199e-20	1
0	0.13437259	-0.99084675	-0.004091246	0	-0.0062831854	0	0.13437259	-0.99084675	-0.004091246	2.6966277e-20	1
0	0.1474345	-0.988986	-0.00408772	0	-0.0037699111	0	0.1474345	-0.988986	-0.00408772	2.7959897e-20	1
0	0.15497816	-0.9878311	-0.0040841447	0	-0.002513274	0	0.15497816	-0.9878311	-0.0040841447	2.845594e-20	1
0	0.1589391	-0.9872011	-0.0040818853	0	-0.0018849556	0	0.1589391	-0.9872011	-0.0040818853	2.8703736e-20	1
0	0.16318737	-0.9865071	-0.00407911	0	-0.001256637	0	0.16318737	-0.9865071	-0.00407911	2.8951363e-20	1
0	0.16318737	-0.9865071	-0.00407911	0	-0.0010053096	0	0.16318737	-0.9865071	-0.00407911	2.905038e-20	1
0	0.16762173	-0.98576283	-0.0040759034	0	-0.0006283185	0	0.16762173	-0.98576283	-0.0040759034	2.9198813e-20	1
0	0.17042561	-0.9852816	-0.004073661	0	-0.0002513274	0	0.17042561	-0.9852816	-0.004073661	2.9347186e-20	1
0	0.17042561	-0.9852816	-0.004073661	0	-0.0001256637	0	0.17042561	-0.9852816	-0.004073661	2.9396632e-20	1
0	0.17042561	-0.9852816	-0.004073661	0	-6.283185e-05	0	0.17042561	-0.9852816	-0.004073661	2.9421357e-20	1
0	0.17042561	-0.9852816	-0.004073661	0	-2.5132742e-05	0	0.17042561	-0.9852816	-0.004073661	2.9436188e-20	1
0	0.17042561	-0.9852816	-0.004073661	0	-1.2566371e-05	0	0.17042561	-0.9852816	-0.004073661	2.9441135e-20	1
0	0.17042561	-0.9852816	-0.004073661	0	-6.2831855e-06	0	0.17042561	-0.9852816	-0.004073661	2.9443607e-20	1
0	0.17042561	-0.9852816	-0.004073661	0	-2.513274e-06	0	0.17042561	-0.9852816	-0.004073661	2.944509e-20	1
0	0.17042561	-0.9852816	-0.004073661	0	-1.256637e-06	0	0.17042561	-0.9852816	-0.004073661	2.9445584e-20	1
0	0.17042561	-0.9852816	-0.004073661	0	-6.283185e-07	0	0.17042561	-0.9852816	-0.004073661	2.9445833e-20	1
0	0.17042561	-0.9852816	-0.004073661	0	-2.513274e-07	0	0.17042561	-0.9852816	-0.004073661	2.944598e-20	1
0	0.17042561	-0.9852816	-0.004073661	0	-1.256637e-07	0	0.17042561	-0.9852816	-0.004073661	2.944603e-20	1
0	0.17042561	-0.9852816	-0.004073661	0	0	0	0.17042561	-0.9852816	-0.004073661	2.944608e-20	1
0	0.17042561	-0.9852816	-0.004073661	0	1.256637e-07	0	0.17042561	-0.9852816	-0.004073661	2.9446127e-20	1
0	0.17042561	-0.9852816	-0.004073661	0	2.513274e-07	0	0.17042561	-0.9852816	-0.004073661	2.944618e-20	1
0	0.17042561	-0.9852816	-0.004073661	0	6.283185e-07	0	0.17042561	-0.9852816	-0.004073661	2.9446328e-20	1
0	0.17042561	-0.9852816	-0.004073661	0	1.256637e-06	0	0.17042561	-0.9852816	-0.004073661	2.9446573e-20	1
0	0.17042561	-0.9852816	-0.004073661	0	2.513274e-06	0	0.17042561	-0.9852816	-0.004073661	2.9447068e-20	1
0	0.17042561	-0.9852816	-0.004073661	0	6.2831855e-06	0	0.17042561	-0.9852816	-0.004073661	2.944855e-20	1
0	0.17042561	-0.9852816	-0.004073661	0	1.2566371e-05	0	0.17042561	-0.9852816	-0.004073661	2.9451023e-20	1
0	0.17042561	-0.9852816	-0.004073661	0	2.5132742e-05	0	0.17042561	-0.9852816	-0.004073661	2.945597e-20	1
0	0.17280155	-0.98486733	-0.0040716827	0	6.283185e-05	0	0.17280155	-0.98486733	-0.0040716827	2.9470775e-20	1
0	0.17280155	-0.98486733	-0.0040716827	0	0.0001256637	0	0.17280155	-0.98486733	-0.0040716827	2.949549e-20	1
0	0.17280155	-0.98486733	-0.0040716827	0	0.0002513274	0	0.17280155	-0.98486733	-0.0040716827	2.9544914e-20	1
0	0.17731002	-0.98406506	-0.0040676417	0	0.0006283185	0	0.17731002	-0.98406506	-0.0040676417	2.9693105e-20	1
0	0.18041864	-0.9834994	-0.004064667	0	0.0010053096	0	0.18041864	-0.9834994	-0.004064667	2.9841216e-20	1
0	0.18041864	-0.9834994	-0.004064667	0	0.001256637	0	0.18041864	-0.9834994	-0.004064667	2.993993e-20	1
0	0.18817462	-0.98204386	-0.004056533	0	0.0018849556	0	0.18817462	-0.98204386	-0.004056533	3.0186464e-20	1
0	0.19409758	-0.98088956	-0.0040496797	0	0.002513274	0	0.19409758	-0.98088956	-0.0040496797	3.043274e-20	1
0	0.20727465	-0.9781879	-0.0040324284	0	0.0037699111	0	0.20727465	-0.9781879	-0.0040324284	3.0924348e-20	1
0	0.24072838	-0.97049165	-0.003976836	0	0.0062831854	0	0.24072838	-0.97049165	-0.003976836	3.190261e-20	1
0	0.31295535	-0.94965124	-0.0038032397	0	0.009424778	0	0.31295535	-0.94965124	-0.0038032397	3.3109533e-20	1
0	0.8813056	0.47226226	-0.0003294878	0	0.012566371	0	0.8813056	0.47226226	-0.0003294878	2.5766847e-20	1
0	-0.09242889	0.99564004	0.0040754806	0	0.018849555	0	-0.09242889	0.99564004	0.0040754806	2.1979527e-20	1
0	-0.079693705	0.9967414	0.0040596677	0	0.025132742	0	-0.079693705	0.9967414	0.0040596677	1.9479727e-20	1
0	-0.062267877	0.99798346	0.004024457	0	0.03769911	0	-0.062267877	0.99798346	0.004024457	1.4474087e-20	1
0	-0.050978146	0.99862516	0.0039884746	0	0.050265484	0	-0.050978146	0.99862516	0.0039884746	9.463932e-21	1
0	-0.04310573	0.9989971	0.003953129	0	0.06283186	0	-0.04310573	0.9989971	0.003953129	4.4513158e-21	1
