# t (s)	mx ()	my ()	mz ()	B_extx (T)	B_exty (T)	B_extz (T)	mx ()	my ()	mz ()	E_total (J)	branch ()
0	-0.02177922	0.9996977	0.00044841945	0	0.06283186	0	-0.02177922	0.9996977	0.00044841945	4.5479642e-21	-1
0	-0.025749885	0.99960244	0.00044999816	0	0.050265484	0	-0.025749885	0.99960244	0.00044999816	9.5647314e-21	-1
0	-0.031496137	0.9994371	0.0004506228	0	0.03769911	0	-0.031496137	0.9994371	0.0004506228	1.4580871e-20	-1
0	-0.040487193	0.9991121	0.00044940299	0	0.025132742	0	-0.040487193	0.9991121	0.00044940299	1.9595836e-20	-1
0	-0.04720164	0.99881685	0.00044750876	0	0.018849555	0	-0.04720164	0.99881685	0.00044750876	2.2102523e-20	-1
0	-0.056534637	0.9983313	0.00044393528	0	0.012566371	0	-0.056534637	0.9983313	0.00044393528	2.4608248e-20	-1
0	-0.06270733	0.9979621	0.00044120182	0	0.009424778	0	-0.06270733	0.9979621	0.00044120182	2.5860561e-20	-1
0	-0.07036817	0.9974506	0.00043749635	0	0.0062831854	0	-0.07036817	0.9974506	0.00043749635	2.7112328e-20	-1
0	-0.077973396	0.99688435	0.000433544	0	0.0037699111	0	-0.077973396	0.99688435	0.000433544	2.8113203e-20	-1
0	-0.08241273	0.9965269	0.0004311331	0	0.002513274	0	-0.08241273	0.9965269	0.0004311331	2.8613402e-20	-1
0	-0.084847495	0.9963223	0.0004298478	0	0.0018849556	0	-0.084847495	0.9963223	0.0004298478	2.886343e-20	-1
0	-0.08739516	0.99610186	0.0004283444	0	0.001256637	0	-0.08739516	0.99610186	0.0004283444	2.9113404e-20	-1
0	-0.08739516	0.99610186	0.0004283444	0	0.0010053096	0	-0.08739516	0.99610186	0.0004283444	2.9213383e-20	-1
0	-0.0901168	0.995859	0.00042679044	0	0.0006283185	0	-0.0901168	0.995859	0.00042679044	2.936332e-20	-1
0	-0.091820225	0.99570334	0.00042580752	0	0.0002513274	0	-0.091820225	0.99570334	0.00042580752	2.951324e-20	-1
0	-0.091820225	0.99570334	0.00042580752	0	0.0001256637	0	-0.091820225	0.99570334	0.00042580752	2.956321e-20	-1
0	-0.091820225	0.99570334	0.00042580752	0	6.283185e-05	0	-0.091820225	0.99570334	0.00042580752	2.9588196e-20	-1
0	-0.091820225	0.99570334	0.00042580752	0	2.5132742e-05	0	-0.091820225	0.99570334	0.00042580752	2.9603185e-20	-1
0	-0.091820225	0.99570334	0.00042580752	0	1.2566371e-05	0	-0.091820225	0.99570334	0.00042580752	2.960818e-20	-1
0	-0.091820225	0.99570334	0.00042580752	0	6.2831855e-06	0	-0.091820225	0.99570334	0.00042580752	2.961068e-20	-1
0	-0.091820225	0.99570334	0.00042580752	0	2.513274e-06	0	-0.091820225	0.99570334	0.00042580752	2.961218e-20	-1
0	-0.091820225	0.99570334	0.00042580752	0	1.256637e-06	0	-0.091820225	0.99570334	0.00042580752	2.9612678e-20	-1
0	-0.091820225	0.99570334	0.00042580752	0	6.283185e-07	0	-0.091820225	0.99570334	0.00042580752	2.961293e-20	-1
0	-0.091820225	0.99570334	0.00042580752	0	2.513274e-07	0	-0.091820225	0.99570334	0.00042580752	2.961308e-20	-1
0	-0.091820225	0.99570334	0.00042580752	0	1.256637e-07	0	-0.091820225	0.99570334	0.00042580752	2.9613127e-20	-1
0	-0.091820225	0.99570334	0.00042580752	0	0	0	-0.091820225	0.99570334	0.00042580752	2.961318e-20	-1
0	-0.091820225	0.99570334	0.00042580752	0	-1.256637e-07	0	-0.091820225	0.99570334	0.00042580752	2.9613227e-20	-1
0	-0.091820225	0.99570334	0.00042580752	0	-2.513274e-07	0	-0.091820225	0.99570334	0.00042580752	2.961328e-20	-1
0	-0.091820225	0.99570334	0.00042580752	0	-6.283185e-07	0	-0.091820225	0.99570334	0.00042580752	2.9613428e-20	-1
0	-0.091820225	0.99570334	0.00042580752	0	-1.256637e-06	0	-0.091820225	0.99570334	0.00042580752	2.961368e-20	-1
0	-0.091820225	0.99570334	0.00042580752	0	-2.513274e-06	0	-0.091820225	0.99570334	0.00042580752	2.9614177e-20	-1
0	-0.091820225	0.99570334	0.00042580752	0	-6.2831855e-06	0	-0.091820225	0.99570334	0.00042580752	2.9615677e-20	-1
0	-0.091820225	0.99570334	0.00042580752	0	-1.2566371e-05	0	-0.091820225	0.99570334	0.00042580752	2.9618174e-20	-1
0	-0.091820225	0.99570334	0.00042580752	0	-2.5132742e-05	0	-0.091820225	0.99570334	0.00042580752	2.9623173e-20	-1
0	-0.091820225	0.99570334	0.00042580752	0	-6.283185e-05	0	-0.091820225	0.99570334	0.00042580752	2.9638162e-20	-1
0	-0.093599394	0.9955375	0.00042477096	0	-0.0001256637	0	-0.093599394	0.9955375	0.00042477096	2.9663133e-20	-1
0	-0.094209895	0.9954799	0.00042440442	0	-0.0002513274	0	-0.094209895	0.9954799	0.00042440442	2.9713093e-20	-1
0	-0.096082225	0.99530077	0.00042330966	0	-0.0006283185	0	-0.096082225	0.99530077	0.00042330966	2.986296e-20	-1
0	-0.09803441	0.99511015	0.00042215022	0	-0.0010053096	0	-0.09803441	0.99511015	0.00042215022	3.0012788e-20	-1
0	-0.09803441	0.99511015	0.00042215022	0	-0.001256637	0	-0.09803441	0.99511015	0.00042215022	3.0112667e-20	-1
0	-0.10291289	0.99461704	0.00041921015	0	-0.0018849556	0	-0.10291289	0.99461704	0.00041921015	3.0362278e-20	-1
0	-0.106708765	0.9942166	0.00041688385	0	-0.002513274	0	-0.106708765	0.9942166	0.00041688385	3.0611806e-20	-1
0	-0.115226135	0.9932647	0.00041155	0	-0.0037699111	0	-0.115226135	0.9932647	0.00041155	3.1110528e-20	-1
0	-0.13742569	0.990435	0.0003970188	0	-0.0062831854	0	-0.13742569	0.990435	0.0003970188	3.2106172e-20	-1
0	-0.18490207	0.9826733	0.0003636237	0	-0.009424778	0	-0.18490207	0.9826733	0.0003636237	3.3344756e-20	-1
0	-0.90473866	-0.4256726	0.00023647046	0	-0.012566371	0	-0.90473866	-0.4256726	0.00023647046	2.6129358e-20	-1
0	-2.2020686e-07	0.0018697352	-2.0042062e-06	0	-0.018849555	0	-2.2020686e-07	0.0018697352	-2.0042062e-06	2.2195965e-18	-1
0	1.8966966e-07	0.0024926688	-2.6226044e-06	0	-0.025132742	0	1.8966966e-07	0.0024926688	-2.6226044e-06	2.2196019e-18	-1
0	1.0096992e-06	0.0037385314	-3.963709e-06	0	-0.03769911	0	1.0096992e-06	0.0037385314	-3.963709e-06	2.2196176e-18	-1
0	1.8298961e-06	0.0049843863	-5.3048134e-06	0	-0.050265484	0	1.8298961e-06	0.0049843863	-5.3048134e-06	2.2196395e-18	-1
0	2.650202e-06	0.0062302295	-6.6012144e-06	0	-0.06283186	0	2.650202e-06	0.0062302295	-6.6012144e-06	2.2196676e-18	-1
0	2.650202e-06	0.0062302295	-6.6012144e-06	0	-0.06283186	0	2.650202e-06	0.0062302295	-6.6012144e-06	2.2196676e-18	1
0	1.8298524e-06	0.0049843863	-5.3048134e-06	0	-0.050265484	0	1.8298524e-06	0.0049843863	-5.3048134e-06	2.2196395e-18	1
0	1.0097647e-06	0.0037385314	-3.97861e-06	0	-0.03769911	0	1.0097647e-06	0.0037385314	-3.97861e-06	2.2196178e-18	1
0	1.8971332e-07	0.0024926688	-2.6598573e-06	0	-0.025132742	0	1.8971332e-07	0.0024926688	-2.6598573e-06	2.219602e-18	1
0	-2.2022869e-07	0.0018697352	-2.0042062e-06	0	-0.018849555	0	-2.2022869e-07	0.0018697352	-2.0042062e-06	2.2195963e-18	1
0	-6.3017796e-07	0.0012468006	-1.3336539e-06	0	-0.012566371	0	-6.3017796e-07	0.0012468006	-1.3336539e-06	2.2195926e-18	1
0	-8.351053e-07	0.00093533297	-1.0058284e-06	0	-0.009424778	0	-8.351053e-07	0.00093533297	-1.0058284e-06	2.2195913e-18	1
0	-1.0185613e-06	0.00062385167	-6.4074993e-07	0	-0.0062831854	0	-1.0185613e-06	0.00062385167	-6.4074993e-07	2.2195903e-18	1
0	-1.2012315e-06	0.0003746849	-3.9488077e-07	0	-0.0037699111	0	-1.2012315e-06	0.0003746849	-3.9488077e-07	2.2195899e-18	1
0	-1.2860692e-06	0.00025010307	-2.682209e-07	0	-0.002513274	0	-1.2860692e-06	0.00025010307	-2.682209e-07	2.2195895e-18	1
0	-1.3189056e-06	0.00018781226	-2.0116568e-07	0	-0.0018849556	0	-1.3189056e-06	0.00018781226	-2.0116568e-07	2.2195895e-18	1
0	-1.3677491e-06	0.00012551786	-1.3411045e-07	0	-0.001256637	0	-1.3677491e-06	0.00012551786	-1.3411045e-07	2.2195897e-18	1
0	-1.3842509e-06	0.000100599565	-1.1920929e-07	0	-0.0010053096	0	-1.3842509e-06	0.000100599565	-1.1920929e-07	2.2195897e-18	1
0	-1.4089674e-06	6.3223604e-05	-5.2154064e-08	0	-0.0006283185	0	-1.4089674e-06	6.3223604e-05	-5.2154064e-08	2.2195895e-18	1
0	-1.4333928e-06	2.5847214e-05	-3.7252903e-08	0	-0.0002513274	0	-1.4333928e-06	2.5847214e-05	-3.7252903e-08	2.2195897e-18	1
0	-1.441651e-06	1.3388155e-05	-3.7252903e-08	0	-0.0001256637	0	-1.441651e-06	1.3388155e-05	-3.7252903e-08	2.2195897e-18	1
0	-1.4457837e-06	7.159324e-06	7.450581e-09	0	-6.283185e-05	0	-1.4457837e-06	7.159324e-06	7.450581e-09	2.2195895e-18	1
0	-1.4488978e-06	3.419933e-06	1.4901161e-08	0	-2.5132742e-05	0	-1.4488978e-06	3.419933e-06	1.4901161e-08	2.2195897e-18	1
0	-1.4484758e-06	2.1739834e-06	1.4901161e-08	0	-1.2566371e-05	0	-1.4484758e-06	2.1739834e-06	1.4901161e-08	2.2195897e-18	1
0	-1.449429e-06	1.5528931e-06	1.4901161e-08	0	-6.2831855e-06	0	-1.449429e-06	1.5528931e-06	1.4901161e-08	2.2195897e-18	1
0	-1.4497055e-06	1.1790398e-06	1.4901161e-08	0	-2.513274e-06	0	-1.4497055e-06	1.1790398e-06	1.4901161e-08	2.2195897e-18	1
0	-1.4497928e-06	1.054359e-06	1.4901161e-08	0	-1.256637e-06	0	-1.4497928e-06	1.054359e-06	1.4901161e-08	2.2195897e-18	1
0	-1.4498146e-06	9.920914e-07	1.4901161e-08	0	-6.283185e-07	0	-1.4498146e-06	9.920914e-07	1.4901161e-08	2.2195897e-18	1
0	-1.4498146e-06	9.920914e-07	1.4901161e-08	0	-2.513274e-07	0	-1.4498146e-06	9.920914e-07	1.4901161e-08	2.2195897e-18	1
0	-1.4498146e-06	9.920914e-07	1.4901161e-08	0	-1.256637e-07	0	-1.4498146e-06	9.920914e-07	1.4901161e-08	2.2195897e-18	1
0	-1.4498655e-06	9.298383e-07	1.4901161e-08	0	0	0	-1.4498655e-06	9.298383e-07	1.4901161e-08	2.2195897e-18	1
0	-1.4498655e-06	9.298383e-07	1.4901161e-08	0	1.256637e-07	0	-1.4498655e-06	9.298383e-07	1.4901161e-08	2.2195897e-18	1
0	-1.4498655e-06	9.298383e-07	1.4901161e-08	0	2.513274e-07	0	-1.4498655e-06	9.298383e-07	1.4901161e-08	2.2195897e-18	1
0	-1.4498946e-06	8.674979e-07	1.4901161e-08	0	6.283185e-07	0	-1.4498946e-06	8.674979e-07	1.4901161e-08	2.2195897e-18	1
0	-1.4499528e-06	8.052157e-07	1.4901161e-08	0	1.256637e-06	0	-1.4499528e-06	8.052157e-07	1.4901161e-08	2.2195897e-18	1
0	-1.4500183e-06	6.807095e-07	1.4901161e-08	0	2.513274e-06	0	-1.4500183e-06	6.807095e-07	1.4901161e-08	2.2195897e-18	1
0	-1.450273e-06	3.06929e-07	1.4901161e-08	0	6.2831855e-06	0	-1.450273e-06	3.06929e-07	1.4901161e-08	2.2195897e-18	1
0	-1.4506513e-06	-3.160385e-07	1.4901161e-08	0	1.2566371e-05	0	-1.4506513e-06	-3.160385e-07	1.4901161e-08	2.2195897e-18	1
0	-1.4522957e-06	-1.5629485e-06	2.2351742e-08	0	2.5132742e-05	0	-1.4522957e-06	-1.5629485e-06	2.2351742e-08	2.2195897e-18	1
0	-1.4497709e-06	-5.3050608e-06	2.2351742e-08	0	6.283185e-05	0	-1.4497709e-06	-5.3050608e-06	2.2351742e-08	2.2195897e-18	1
0	-1.4580146e-06	-1.15289295e-05	2.2351742e-08	0	0.0001256637	0	-1.4580146e-06	-1.15289295e-05	2.2351742e-08	2.2195897e-18	1
0	-1.466331e-06	-2.3987668e-05	4.4703484e-08	0	0.0002513274	0	-1.466331e-06	-2.3987668e-05	4.4703484e-08	2.2195897e-18	1
0	-1.4933394e-06	-6.1337254e-05	6.7055225e-08	0	0.0006283185	0	-1.4933394e-06	-6.1337254e-05	6.7055225e-08	2.2195897e-18	1
0	-1.5041442e-06	-9.87757e-05	8.940697e-08	0	0.0010053096	0	-1.5041442e-06	-9.87757e-05	8.940697e-08	2.2195895e-18	1
0	-1.5428159e-06	-0.00012365276	1.3411045e-07	0	0.001256637	0	-1.5428159e-06	-0.00012365276	1.3411045e-07	2.2195895e-18	1
0	-1.5726546e-06	-0.00018595114	2.1606684e-07	0	0.0018849556	0	-1.5726546e-06	-0.00018595114	2.1606684e-07	2.2195895e-18	1
0	-1.6140839e-06	-0.0002482439	2.8312206e-07	0	0.002513274	0	-1.6140839e-06	-0.0002482439	2.8312206e-07	2.2195897e-18	1
0	-1.6965641e-06	-0.00037283174	4.246831e-07	0	0.0037699111	0	-1.6965641e-06	-0.00037283174	4.246831e-07	2.2195897e-18	1
0	-1.8596329e-06	-0.0006220059	6.556511e-07	0	0.0062831854	0	-1.8596329e-06	-0.0006220059	6.556511e-07	2.2195903e-18	1
0	-2.0644875e-06	-0.00093347346	9.909272e-07	0	0.009424778	0	-2.0644875e-06	-0.00093347346	9.909272e-07	2.2195913e-18	1
0	-2.269342e-06	-0.0012449413	1.3262033e-06	0	0.012566371	0	-2.269342e-06	-0.0012449413	1.3262033e-06	2.2195926e-18	1
0	-2.6790221e-06	-0.0018678757	2.0116568e-06	0	0.018849555	0	-2.6790221e-06	-0.0018678757	2.0116568e-06	2.2195965e-18	1
0	-3.0886222e-06	-0.0024908092	2.6524067e-06	0	0.025132742	0	-3.0886222e-06	-0.0024908092	2.6524067e-06	2.2196019e-18	1
0	-3.9076476e-06	-0.003736672	3.993511e-06	0	0.03769911	0	-3.9076476e-06	-0.003736672	3.993511e-06	2.2196176e-18	1
0	-4.7261565e-06	-0.0049825255	5.3048134e-06	0	0.050265484	0	-4.7261565e-06	-0.0049825255	5.3048134e-06	2.2196395e-18	1
0	-5.5448545e-06	-0.0062283706	6.6384673e-06	0	0.06283186	0	-5.5448545e-06	-0.0062283706	6.6384673e-06	2.2196676e-18	1
