# t (s)	mx ()	my ()	mz ()	B_extx (T)	B_exty (T)	B_extz (T)	mx ()	my ()	mz ()	E_total (J)	branch ()
0	-0.013689622	0.99984	0.0016399391	0	0.06283186	0	-0.013689622	0.99984	0.0016399391	4.5271494e-21	-1
0	-0.016200436	0.99980164	0.0016687934	0	0.050265484	0	-0.016200436	0.99980164	0.0016687934	9.544766e-21	-1
0	-0.019832611	0.99973536	0.0017050586	0	0.03769911	0	-0.019832611	0.99973536	0.0017050586	1.4562129e-20	-1
0	-0.025550492	0.9996046	0.0017548723	0	0.025132742	0	-0.025550492	0.9996046	0.0017548723	1.9579013e-20	-1
0	-0.029849317	0.9994849	0.0017890135	0	0.018849555	0	-0.029849317	0.9994849	0.0017890135	2.2087138e-20	-1
0	-0.035885025	0.9992858	0.001834167	0	0.012566371	0	-0.035885025	0.9992858	0.001834167	2.4594871e-20	-1
0	-0.039901733	0.9991331	0.0018630121	0	0.009424778	0	-0.039901733	0.9991331	0.0018630121	2.5848512e-20	-1
0	-0.04494384	0.99891853	0.0018982538	0	0.0062831854	0	-0.04494384	0.99891853	0.0018982538	2.7101922e-20	-1
0	-0.049989402	0.9986783	0.0019326966	0	0.0037699111	0	-0.049989402	0.9986783	0.0019326966	2.810442e-20	-1
0	-0.052970853	0.99852437	0.0019527068	0	0.002513274	0	-0.052970853	0.99852437	0.0019527068	2.8605576e-20	-1
0	-0.054598663	0.99843657	0.0019635526	0	0.0018849556	0	-0.054598663	0.99843657	0.0019635526	2.8856115e-20	-1
0	-0.056318574	0.99834096	0.0019749478	0	0.001256637	0	-0.056318574	0.99834096	0.0019749478	2.9106638e-20	-1
0	-0.056318574	0.99834096	0.0019749478	0	0.0010053096	0	-0.056318574	0.99834096	0.0019749478	2.9206843e-20	-1
0	-0.058164	0.998235	0.0019871076	0	0.0006283185	0	-0.058164	0.998235	0.0019871076	2.9357138e-20	-1
0	-0.059326217	0.99816644	0.00199473	0	0.0002513274	0	-0.059326217	0.99816644	0.00199473	2.9507423e-20	-1
0	-0.059326217	0.99816644	0.00199473	0	0.0001256637	0	-0.059326217	0.99816644	0.00199473	2.9557516e-20	-1
0	-0.059326217	0.99816644	0.00199473	0	6.283185e-05	0	-0.059326217	0.99816644	0.00199473	2.958256e-20	-1
0	-0.059326217	0.99816644	0.00199473	0	2.5132742e-05	0	-0.059326217	0.99816644	0.00199473	2.959759e-20	-1
0	-0.059326217	0.99816644	0.00199473	0	1.2566371e-05	0	-0.059326217	0.99816644	0.00199473	2.9602597e-20	-1
0	-0.059326217	0.99816644	0.00199473	0	6.2831855e-06	0	-0.059326217	0.99816644	0.00199473	2.96051e-20	-1
0	-0.059326217	0.99816644	0.00199473	0	2.513274e-06	0	-0.059326217	0.99816644	0.00199473	2.9606607e-20	-1
0	-0.059326217	0.99816644	0.00199473	0	1.256637e-06	0	-0.059326217	0.99816644	0.00199473	2.9607108e-20	-1
0	-0.059326217	0.99816644	0.00199473	0	6.283185e-07	0	-0.059326217	0.99816644	0.00199473	2.9607356e-20	-1
0	-0.059326217	0.99816644	0.00199473	0	2.513274e-07	0	-0.059326217	0.99816644	0.00199473	2.9607508e-20	-1
0	-0.059326217	0.99816644	0.00199473	0	1.256637e-07	0	-0.059326217	0.99816644	0.00199473	2.9607557e-20	-1
0	-0.059326217	0.99816644	0.00199473	0	0	0	-0.059326217	0.99816644	0.00199473	2.960761e-20	-1
0	-0.059326217	0.99816644	0.00199473	0	-1.256637e-07	0	-0.059326217	0.99816644	0.00199473	2.9607657e-20	-1
0	-0.059326217	0.99816644	0.00199473	0	-2.513274e-07	0	-0.059326217	0.99816644	0.00199473	2.960771e-20	-1
0	-0.059326217	0.99816644	0.00199473	0	-6.283185e-07	0	-0.059326217	0.99816644	0.00199473	2.9607857e-20	-1
0	-0.059326217	0.99816644	0.00199473	0	-1.256637e-06	0	-0.059326217	0.99816644	0.00199473	2.960811e-20	-1
0	-0.059326217	0.99816644	0.00199473	0	-2.513274e-06	0	-0.059326217	0.99816644	0.00199473	2.960861e-20	-1
0	-0.059326217	0.99816644	0.00199473	0	-6.2831855e-06	0	-0.059326217	0.99816644	0.00199473	2.9610113e-20	-1
0	-0.059326217	0.99816644	0.00199473	0	-1.2566371e-05	0	-0.059326217	0.99816644	0.00199473	2.9612617e-20	-1
0	-0.059326217	0.99816644	0.00199473	0	-2.5132742e-05	0	-0.059326217	0.99816644	0.00199473	2.9617625e-20	-1
0	-0.06033866	0.9981057	0.0020013489	0	-6.283185e-05	0	-0.06033866	0.9981057	0.0020013489	2.9632647e-20	-1
0	-0.06033866	0.9981057	0.0020013489	0	-0.0001256637	0	-0.06033866	0.9981057	0.0020013489	2.9657692e-20	-1
0	-0.06033866	0.9981057	0.0020013489	0	-0.0002513274	0	-0.06033866	0.9981057	0.0020013489	2.970778e-20	-1
0	-0.0622434	0.9979886	0.0020137513	0	-0.0006283185	0	-0.0622434	0.9979886	0.0020137513	2.9858037e-20	-1
0	-0.063578784	0.9979043	0.0020224103	0	-0.0010053096	0	-0.063578784	0.9979043	0.0020224103	3.0008287e-20	-1
0	-0.06450346	0.9978448	0.002028387	0	-0.001256637	0	-0.06450346	0.9978448	0.002028387	3.0108444e-20	-1
0	-0.06693736	0.99768436	0.0020440496	0	-0.0018849556	0	-0.06693736	0.99768436	0.0020440496	3.0358805e-20	-1
0	-0.06955689	0.99750495	0.0020608082	0	-0.002513274	0	-0.06955689	0.99750495	0.0020608082	3.060913e-20	-1
0	-0.075488225	0.99707305	0.0020983578	0	-0.0037699111	0	-0.075488225	0.99707305	0.0020983578	3.1109623e-20	-1
0	-0.09117465	0.99575984	0.0021953117	0	-0.0062831854	0	-0.09117465	0.99575984	0.0021953117	3.2109788e-20	-1
0	-0.12512738	0.99206185	0.0023942937	0	-0.009424778	0	-0.12512738	0.99206185	0.0023942937	3.3357166e-20	-1
0	-0.8995552	-0.43650776	-0.002187923	0	-0.012566371	0	-0.8995552	-0.43650776	-0.002187923	2.6474066e-20	-1
0	0.029847547	-0.99948496	-0.0017890029	0	-0.018849555	0	0.029847547	-0.99948496	-0.0017890029	2.208714e-20	-1
0	0.025556717	-0.99960446	-0.0017549121	0	-0.025132742	0	0.025556717	-0.99960446	-0.0017549121	1.9579016e-20	-1
0	0.019833876	-0.99973536	-0.0017050672	0	-0.03769911	0	0.019833876	-0.99973536	-0.0017050672	1.4562124e-20	-1
0	0.016216438	-0.99980146	-0.0016688842	0	-0.050265484	0	0.016216438	-0.99980146	-0.0016688842	9.544768e-21	-1
0	0.013694354	-0.99984	-0.0016399698	0	-0.06283186	0	0.013694354	-0.99984	-0.0016399698	4.527146e-21	-1
0	0.013694354	-0.99984	-0.0016399698	0	-0.06283186	0	0.013694354	-0.99984	-0.0016399698	4.527146e-21	1
0	0.016202088	-0.99980164	-0.0016688061	0	-0.050265484	0	0.016202088	-0.99980164	-0.0016688061	9.544765e-21	1
0	0.019832596	-0.99973536	-0.0017050663	0	-0.03769911	0	0.019832596	-0.99973536	-0.0017050663	1.4562127e-20	1
0	0.025544673	-0.99960476	-0.0017548357	0	-0.025132742	0	0.025544673	-0.99960476	-0.0017548357	1.9579016e-20	1
0	0.029850151	-0.9994849	-0.0017890179	0	-0.018849555	0	0.029850151	-0.9994849	-0.0017890179	2.208714e-20	1
0	0.035879716	-0.99928594	-0.001834135	0	-0.012566371	0	0.035879716	-0.99928594	-0.001834135	2.4594873e-20	1
0	0.0399009	-0.9991331	-0.0018630128	0	-0.009424778	0	0.0399009	-0.9991331	-0.0018630128	2.5848509e-20	1
0	0.04494553	-0.9989185	-0.0018982644	0	-0.0062831854	0	0.04494553	-0.9989185	-0.0018982644	2.7101922e-20	1
0	0.04998038	-0.9986788	-0.0019326274	0	-0.0037699111	0	0.04998038	-0.9986788	-0.0019326274	2.8104424e-20	1
0	0.05296927	-0.99852455	-0.0019527023	0	-0.002513274	0	0.05296927	-0.99852455	-0.0019527023	2.8605573e-20	1
0	0.054594904	-0.9984368	-0.001963526	0	-0.0018849556	0	0.054594904	-0.9984368	-0.001963526	2.8856115e-20	1
0	0.05630955	-0.99834144	-0.0019748923	0	-0.001256637	0	0.05630955	-0.99834144	-0.0019748923	2.9106638e-20	1
0	0.057052042	-0.9982992	-0.0019797855	0	-0.0010053096	0	0.057052042	-0.9982992	-0.0019797855	2.920684e-20	1
0	0.05816402	-0.998235	-0.0019871248	0	-0.0006283185	0	0.05816402	-0.998235	-0.0019871248	2.9357138e-20	1
0	0.0593106	-0.9981674	-0.001994634	0	-0.0002513274	0	0.0593106	-0.9981674	-0.001994634	2.950742e-20	1
0	0.0593106	-0.9981674	-0.001994634	0	-0.0001256637	0	0.0593106	-0.9981674	-0.001994634	2.9557512e-20	1
0	0.0593106	-0.9981674	-0.001994634	0	-6.283185e-05	0	0.0593106	-0.9981674	-0.001994634	2.9582557e-20	1
0	0.0593106	-0.9981674	-0.001994634	0	-2.5132742e-05	0	0.0593106	-0.9981674	-0.001994634	2.9597585e-20	1
0	0.0593106	-0.9981674	-0.001994634	0	-1.2566371e-05	0	0.0593106	-0.9981674	-0.001994634	2.9602594e-20	1
0	0.0593106	-0.9981674	-0.001994634	0	-6.2831855e-06	0	0.0593106	-0.9981674	-0.001994634	2.96051e-20	1
0	0.0593106	-0.9981674	-0.001994634	0	-2.513274e-06	0	0.0593106	-0.9981674	-0.001994634	2.9606604e-20	1
0	0.0593106	-0.9981674	-0.001994634	0	-1.256637e-06	0	0.0593106	-0.9981674	-0.001994634	2.9607104e-20	1
0	0.0593106	-0.9981674	-0.001994634	0	-6.283185e-07	0	0.0593106	-0.9981674	-0.001994634	2.9607353e-20	1
0	0.0593106	-0.9981674	-0.001994634	0	-2.513274e-07	0	0.0593106	-0.9981674	-0.001994634	2.9607505e-20	1
0	0.0593106	-0.9981674	-0.001994634	0	-1.256637e-07	0	0.0593106	-0.9981674	-0.001994634	2.9607554e-20	1
0	0.0593106	-0.9981674	-0.001994634	0	0	0	0.0593106	-0.9981674	-0.001994634	2.9607605e-20	1
0	0.0593106	-0.9981674	-0.001994634	0	1.256637e-07	0	0.0593106	-0.9981674	-0.001994634	2.9607654e-20	1
0	0.0593106	-0.9981674	-0.001994634	0	2.513274e-07	0	0.0593106	-0.9981674	-0.001994634	2.9607705e-20	1
0	0.0593106	-0.9981674	-0.001994634	0	6.283185e-07	0	0.0593106	-0.9981674	-0.001994634	2.9607854e-20	1
0	0.0593106	-0.9981674	-0.001994634	0	1.256637e-06	0	0.0593106	-0.9981674	-0.001994634	2.9608106e-20	1
0	0.0593106	-0.9981674	-0.001994634	0	2.513274e-06	0	0.0593106	-0.9981674	-0.001994634	2.9608607e-20	1
0	0.0593106	-0.9981674	-0.001994634	0	6.2831855e-06	0	0.0593106	-0.9981674	-0.001994634	2.961011e-20	1
0	0.0593106	-0.9981674	-0.001994634	0	1.2566371e-05	0	0.0593106	-0.9981674	-0.001994634	2.9612614e-20	1
0	0.0593106	-0.9981674	-0.001994634	0	2.5132742e-05	0	0.0593106	-0.9981674	-0.001994634	2.9617622e-20	1
0	0.0603392	-0.99810565	-0.002001348	0	6.283185e-05	0	0.0603392	-0.99810565	-0.002001348	2.9632644e-20	1
0	0.0603392	-0.99810565	-0.002001348	0	0.0001256637	0	0.0603392	-0.99810565	-0.002001348	2.965769e-20	1
0	0.0603392	-0.99810565	-0.002001348	0	0.0002513274	0	0.0603392	-0.99810565	-0.002001348	2.970778e-20	1
0	0.062230907	-0.9979893	-0.002013675	0	0.0006283185	0	0.062230907	-0.9979893	-0.002013675	2.985804e-20	1
0	0.06358519	-0.9979038	-0.0020224503	0	0.0010053096	0	0.06358519	-0.9979038	-0.0020224503	3.0008287e-20	1
0	0.06358519	-0.9979038	-0.0020224503	0	0.001256637	0	0.06358519	-0.9979038	-0.0020224503	3.0108447e-20	1
0	0.06695093	-0.9976834	-0.002044138	0	0.0018849556	0	0.06695093	-0.9976834	-0.002044138	3.0358805e-20	1
0	0.0695344	-0.9975065	-0.002060669	0	0.002513274	0	0.0695344	-0.9975065	-0.002060669	3.0609127e-20	1
0	0.07548998	-0.99707294	-0.002098368	0	0.0037699111	0	0.07548998	-0.99707294	-0.002098368	3.110962e-20	1
0	0.09120555	-0.995757	-0.0021954952	0	0.0062831854	0	0.09120555	-0.995757	-0.0021954952	3.2109788e-20	1
0	0.12513056	-0.9920614	-0.0023942804	0	0.009424778	0	0.12513056	-0.9920614	-0.0023942804	3.3357166e-20	1
0	-0.035910875	0.99928486	0.0018343314	0	0.012566371	0	-0.035910875	0.99928486	0.0018343314	2.4594871e-20	1
0	-0.029855484	0.9994848	0.0017890439	0	0.018849555	0	-0.029855484	0.9994848	0.0017890439	2.2087138e-20	1
0	-0.025549527	0.9996046	0.0017548669	0	0.025132742	0	-0.025549527	0.9996046	0.0017548669	1.9579015e-20	1
0	-0.019834299	0.99973536	0.001705075	0	0.03769911	0	-0.019834299	0.99973536	0.001705075	1.4562127e-20	1
0	-0.016207334	0.9998015	0.0016688386	0	0.050265484	0	-0.016207334	0.9998015	0.0016688386	9.544768e-21	1
0	-0.0137008615	0.9998399	0.0016400123	0	0.06283186	0	-0.0137008615	0.9998399	0.0016400123	4.5271542e-21	1
