# t (s)	mx ()	my ()	mz ()	B_extx (T)	B_exty (T)	B_extz (T)	mx ()	my ()	mz ()	E_total (J)	branch ()
0	-0.15238646	0.9882436	-0.0027079373	0	0.06283186	0	-0.15238646	0.9882436	-0.0027079373	3.0745126e-21	-1
0	-0.17632467	0.98425066	-0.0027823388	0	0.050265484	0	-0.17632467	0.98425066	-0.0027823388	8.024667e-21	-1
0	-0.2075372	0.97814	-0.002870656	0	0.03769911	0	-0.2075372	0.97814	-0.002870656	1.294994e-20	-1
0	-0.24916106	0.96836656	-0.0029733926	0	0.025132742	0	-0.24916106	0.96836656	-0.0029733926	1.7836221e-20	-1
0	-0.27533275	0.9612477	-0.003028401	0	0.018849555	0	-0.27533275	0.9612477	-0.003028401	2.0257563e-20	-1
0	-0.30623585	0.95184696	-0.0030824938	0	0.012566371	0	-0.30623585	0.95184696	-0.0030824938	2.2658341e-20	-1
0	-0.32385927	0.9459921	-0.003107476	0	0.009424778	0	-0.32385927	0.9459921	-0.003107476	2.3848973e-20	-1
0	-0.3432398	0.9391295	-0.0031295177	0	0.0062831854	0	-0.3432398	0.9391295	-0.0031295177	2.5031652e-20	-1
0	-0.3601909	0.9327557	-0.0031437646	0	0.0037699111	0	-0.3601909	0.9327557	-0.0031437646	2.5971125e-20	-1
0	-0.36923915	0.9292089	-0.003149317	0	0.002513274	0	-0.36923915	0.9292089	-0.003149317	2.643835e-20	-1
0	-0.37390935	0.9273385	-0.003151605	0	0.0018849556	0	-0.37390935	0.9273385	-0.003151605	2.6671279e-20	-1
0	-0.3786899	0.9253954	-0.0031535232	0	0.001256637	0	-0.3786899	0.9253954	-0.0031535232	2.6903728e-20	-1
0	-0.3786899	0.9253954	-0.0031535232	0	0.0010053096	0	-0.3786899	0.9253954	-0.0031535232	2.6996611e-20	-1
0	-0.3835831	0.9233768	-0.0031550387	0	0.0006283185	0	-0.3835831	0.9233768	-0.0031550387	2.7135683e-20	-1
0	-0.38657582	0.9221271	-0.0031557383	0	0.0002513274	0	-0.38657582	0.9221271	-0.0031557383	2.7274604e-20	-1
0	-0.38657582	0.9221271	-0.0031557383	0	0.0001256637	0	-0.38657582	0.9221271	-0.0031557383	2.732088e-20	-1
0	-0.38657582	0.9221271	-0.0031557383	0	6.283185e-05	0	-0.38657582	0.9221271	-0.0031557383	2.734402e-20	-1
0	-0.38657582	0.9221271	-0.0031557383	0	2.5132742e-05	0	-0.38657582	0.9221271	-0.0031557383	2.7357903e-20	-1
0	-0.38849187	0.92132115	-0.0031560939	0	1.2566371e-05	0	-0.38849187	0.92132115	-0.0031560939	2.7362492e-20	-1
0	-0.38849187	0.92132115	-0.0031560939	0	6.2831855e-06	0	-0.38849187	0.92132115	-0.0031560939	2.7364802e-20	-1
0	-0.38849187	0.92132115	-0.0031560939	0	2.513274e-06	0	-0.38849187	0.92132115	-0.0031560939	2.736619e-20	-1
0	-0.38849187	0.92132115	-0.0031560939	0	1.256637e-06	0	-0.38849187	0.92132115	-0.0031560939	2.7366653e-20	-1
0	-0.38849187	0.92132115	-0.0031560939	0	6.283185e-07	0	-0.38849187	0.92132115	-0.0031560939	2.7366883e-20	-1
0	-0.38849187	0.92132115	-0.0031560939	0	2.513274e-07	0	-0.38849187	0.92132115	-0.0031560939	2.7367022e-20	-1
0	-0.38849187	0.92132115	-0.0031560939	0	1.256637e-07	0	-0.38849187	0.92132115	-0.0031560939	2.7367067e-20	-1
0	-0.38849187	0.92132115	-0.0031560939	0	0	0	-0.38849187	0.92132115	-0.0031560939	2.7367115e-20	-1
0	-0.38849187	0.92132115	-0.0031560939	0	-1.256637e-07	0	-0.38849187	0.92132115	-0.0031560939	2.736716e-20	-1
0	-0.38849187	0.92132115	-0.0031560939	0	-2.513274e-07	0	-0.38849187	0.92132115	-0.0031560939	2.7367206e-20	-1
0	-0.38849187	0.92132115	-0.0031560939	0	-6.283185e-07	0	-0.38849187	0.92132115	-0.0031560939	2.7367345e-20	-1
0	-0.38849187	0.92132115	-0.0031560939	0	-1.256637e-06	0	-0.38849187	0.92132115	-0.0031560939	2.7367578e-20	-1
0	-0.38849187	0.92132115	-0.0031560939	0	-2.513274e-06	0	-0.38849187	0.92132115	-0.0031560939	2.736804e-20	-1
0	-0.38849187	0.92132115	-0.0031560939	0	-6.2831855e-06	0	-0.38849187	0.92132115	-0.0031560939	2.7369426e-20	-1
0	-0.38849187	0.92132115	-0.0031560939	0	-1.2566371e-05	0	-0.38849187	0.92132115	-0.0031560939	2.737174e-20	-1
0	-0.38849187	0.92132115	-0.0031560939	0	-2.5132742e-05	0	-0.38849187	0.92132115	-0.0031560939	2.7376363e-20	-1
0	-0.38849187	0.92132115	-0.0031560939	0	-6.283185e-05	0	-0.38849187	0.92132115	-0.0031560939	2.739023e-20	-1
0	-0.38849187	0.92132115	-0.0031560939	0	-0.0001256637	0	-0.38849187	0.92132115	-0.0031560939	2.741335e-20	-1
0	-0.38849187	0.92132115	-0.0031560939	0	-0.0002513274	0	-0.38849187	0.92132115	-0.0031560939	2.745959e-20	-1
0	-0.393736	0.919091	-0.0031566955	0	-0.0006283185	0	-0.393736	0.919091	-0.0031566955	2.7598012e-20	-1
0	-0.393736	0.919091	-0.0031566955	0	-0.0010053096	0	-0.393736	0.919091	-0.0031566955	2.7736387e-20	-1
0	-0.39902115	0.91680765	-0.003156738	0	-0.001256637	0	-0.39902115	0.91680765	-0.003156738	2.7828353e-20	-1
0	-0.4044137	0.9144404	-0.0031561977	0	-0.0018849556	0	-0.4044137	0.9144404	-0.0031561977	2.805811e-20	-1
0	-0.409976	0.91195893	-0.0031549959	0	-0.002513274	0	-0.409976	0.91195893	-0.0031549959	2.8287257e-20	-1
0	-0.42154306	0.9066675	-0.0031503658	0	-0.0037699111	0	-0.42154306	0.9066675	-0.0031503658	2.8743615e-20	-1
0	-0.44693965	0.89441526	-0.0031295172	0	-0.0062831854	0	-0.44693965	0.89441526	-0.0031295172	2.964769e-20	-1
0	-0.48439163	0.8746904	-0.003069485	0	-0.009424778	0	-0.48439163	0.8746904	-0.003069485	3.0758104e-20	-1
0	-0.5327458	0.84609836	-0.0029332945	0	-0.012566371	0	-0.5327458	0.84609836	-0.0029332945	3.1838893e-20	-1
0	0.2753382	-0.96124613	0.0030284096	0	-0.018849555	0	0.2753382	-0.96124613	0.0030284096	2.0257558e-20	-1
0	0.24916625	-0.9683652	0.0029734	0	-0.025132742	0	0.24916625	-0.9683652	0.0029734	1.7836218e-20	-1
0	0.2075426	-0.9781389	0.0028706677	0	-0.03769911	0	0.2075426	-0.9781389	0.0028706677	1.2949941e-20	-1
0	0.17632255	-0.984251	0.002782334	0	-0.050265484	0	0.17632255	-0.984251	0.002782334	8.024668e-21	-1
0	0.15239441	-0.98824227	0.0027079533	0	-0.06283186	0	0.15239441	-0.98824227	0.0027079533	3.0745108e-21	-1
0	0.15239441	-0.98824227	0.0027079533	0	-0.06283186	0	0.15239441	-0.98824227	0.0027079533	3.0745108e-21	1
0	0.1763216	-0.9842512	0.0027823318	0	-0.050265484	0	0.1763216	-0.9842512	0.0027823318	8.024671e-21	1
0	0.20753774	-0.9781399	0.0028706565	0	-0.03769911	0	0.20753774	-0.9781399	0.0028706565	1.2949942e-20	1
0	0.24916255	-0.96836615	0.0029733947	0	-0.025132742	0	0.24916255	-0.96836615	0.0029733947	1.783622e-20	1
0	0.27532876	-0.96124876	0.0030283947	0	-0.018849555	0	0.27532876	-0.96124876	0.0030283947	2.0257561e-20	1
0	0.30622974	-0.95184886	0.0030824863	0	-0.012566371	0	0.30622974	-0.95184886	0.0030824863	2.2658343e-20	1
0	0.32385954	-0.945992	0.0031074947	0	-0.009424778	0	0.32385954	-0.945992	0.0031074947	2.3848976e-20	1
0	0.3432355	-0.9391311	0.0031295135	0	-0.0062831854	0	0.3432355	-0.9391311	0.0031295135	2.5031652e-20	1
0	0.36019367	-0.93275464	0.0031437653	0	-0.0037699111	0	0.36019367	-0.93275464	0.0031437653	2.5971127e-20	1
0	0.36923444	-0.9292108	0.0031493162	0	-0.002513274	0	0.36923444	-0.9292108	0.0031493162	2.6438353e-20	1
0	0.37390774	-0.9273391	0.0031516035	0	-0.0018849556	0	0.37390774	-0.9273391	0.0031516035	2.6671279e-20	1
0	0.3786854	-0.9253973	0.0031535225	0	-0.001256637	0	0.3786854	-0.9253973	0.0031535225	2.6903726e-20	1
0	0.3786854	-0.9253973	0.0031535225	0	-0.0010053096	0	0.3786854	-0.9253973	0.0031535225	2.699661e-20	1
0	0.38358292	-0.9233768	0.003155039	0	-0.0006283185	0	0.38358292	-0.9233768	0.003155039	2.7135683e-20	1
0	0.38658378	-0.9221238	0.0031557302	0	-0.0002513274	0	0.38658378	-0.9221238	0.0031557302	2.7274604e-20	1
0	0.38658378	-0.9221238	0.0031557302	0	-0.0001256637	0	0.38658378	-0.9221238	0.0031557302	2.732088e-20	1
0	0.38658378	-0.9221238	0.0031557302	0	-6.283185e-05	0	0.38658378	-0.9221238	0.0031557302	2.734402e-20	1
0	0.38658378	-0.9221238	0.0031557302	0	-2.5132742e-05	0	0.38658378	-0.9221238	0.0031557302	2.73579e-20	1
0	0.38658378	-0.9221238	0.0031557302	0	-1.2566371e-05	0	0.38658378	-0.9221238	0.0031557302	2.736253e-20	1
0	0.38658378	-0.9221238	0.0031557302	0	-6.2831855e-06	0	0.38658378	-0.9221238	0.0031557302	2.7364844e-20	1
0	0.38658378	-0.9221238	0.0031557302	0	-2.513274e-06	0	0.38658378	-0.9221238	0.0031557302	2.736623e-20	1
0	0.38658378	-0.9221238	0.0031557302	0	-1.256637e-06	0	0.38658378	-0.9221238	0.0031557302	2.7366695e-20	1
0	0.38658378	-0.9221238	0.0031557302	0	-6.283185e-07	0	0.38658378	-0.9221238	0.0031557302	2.7366925e-20	1
0	0.38658378	-0.9221238	0.0031557302	0	-2.513274e-07	0	0.38658378	-0.9221238	0.0031557302	2.7367064e-20	1
0	0.38658378	-0.9221238	0.0031557302	0	-1.256637e-07	0	0.38658378	-0.9221238	0.0031557302	2.736711e-20	1
0	0.38658378	-0.9221238	0.0031557302	0	0	0	0.38658378	-0.9221238	0.0031557302	2.7367157e-20	1
0	0.38658378	-0.9221238	0.0031557302	0	1.256637e-07	0	0.38658378	-0.9221238	0.0031557302	2.7367203e-20	1
0	0.38658378	-0.9221238	0.0031557302	0	2.513274e-07	0	0.38658378	-0.9221238	0.0031557302	2.7367248e-20	1
0	0.38658378	-0.9221238	0.0031557302	0	6.283185e-07	0	0.38658378	-0.9221238	0.0031557302	2.7367387e-20	1
0	0.38658378	-0.9221238	0.0031557302	0	1.256637e-06	0	0.38658378	-0.9221238	0.0031557302	2.736762e-20	1
0	0.38658378	-0.9221238	0.0031557302	0	2.513274e-06	0	0.38658378	-0.9221238	0.0031557302	2.736808e-20	1
0	0.38658378	-0.9221238	0.0031557302	0	6.2831855e-06	0	0.38658378	-0.9221238	0.0031557302	2.736947e-20	1
0	0.38658378	-0.9221238	0.0031557302	0	1.2566371e-05	0	0.38658378	-0.9221238	0.0031557302	2.7371785e-20	1
0	0.38658378	-0.9221238	0.0031557302	0	2.5132742e-05	0	0.38658378	-0.9221238	0.0031557302	2.737641e-20	1
0	0.38658378	-0.9221238	0.0031557302	0	6.283185e-05	0	0.38658378	-0.9221238	0.0031557302	2.7390296e-20	1
0	0.38960975	-0.9208487	0.0031562685	0	0.0001256637	0	0.38960975	-0.9208487	0.0031562685	2.741334e-20	1
0	0.38960975	-0.9208487	0.0031562685	0	0.0002513274	0	0.38960975	-0.9208487	0.0031562685	2.7459553e-20	1
0	0.39374864	-0.9190856	0.003156693	0	0.0006283185	0	0.39374864	-0.9190856	0.003156693	2.759802e-20	1
0	0.3968777	-0.917738	0.003156792	0	0.0010053096	0	0.3968777	-0.917738	0.003156792	2.773629e-20	1
0	0.3968777	-0.917738	0.003156792	0	0.001256637	0	0.3968777	-0.917738	0.003156792	2.78284e-20	1
0	0.40440738	-0.91444325	0.0031561996	0	0.0018849556	0	0.40440738	-0.91444325	0.0031561996	2.8058112e-20	1
0	0.40996164	-0.91196537	0.0031550024	0	0.002513274	0	0.40996164	-0.91196537	0.0031550024	2.8287257e-20	1
0	0.42154062	-0.90666866	0.0031503676	0	0.0037699111	0	0.42154062	-0.90666866	0.0031503676	2.8743615e-20	1
0	0.44696063	-0.89440477	0.0031294893	0	0.0062831854	0	0.44696063	-0.89440477	0.0031294893	2.964769e-20	1
0	0.48441964	-0.8746749	0.0030694208	0	0.009424778	0	0.48441964	-0.8746749	0.0030694208	3.0758104e-20	1
0	0.5327455	-0.84609854	0.002933296	0	0.012566371	0	0.5327455	-0.84609854	0.002933296	3.1838896e-20	1
0	-0.2753322	0.9612478	-0.0030283998	0	0.018849555	0	-0.2753322	0.9612478	-0.0030283998	2.025756e-20	1
0	-0.24916856	0.96836466	-0.002973406	0	0.025132742	0	-0.24916856	0.96836466	-0.002973406	1.7836218e-20	1
0	-0.20754316	0.9781388	-0.0028706691	0	0.03769911	0	-0.20754316	0.9781388	-0.0028706691	1.294994e-20	1
0	-0.17632657	0.9842503	-0.0027823432	0	0.050265484	0	-0.17632657	0.9842503	-0.0027823432	8.024671e-21	1
0	-0.15238947	0.9882431	-0.0027079405	0	0.06283186	0	-0.15238947	0.9882431	-0.0027079405	3.074512e-21	1
