# t (s)	mx ()	my ()	mz ()	B_extx (T)	B_exty (T)	B_extz (T)	mx ()	my ()	mz ()	E_total (J)	branch ()
0	-0.027859565	0.999545	0.0018861468	0	0.06283186	0	-0.027859565	0.999545	0.0018861468	4.5545485e-21	-1
0	-0.03295488	0.99938905	0.0018938007	0	0.050265484	0	-0.03295488	0.99938905	0.0018938007	9.57041e-21	-1
0	-0.04029218	0.99911916	0.0018978475	0	0.03769911	0	-0.04029218	0.99911916	0.0018978475	1.4585241e-20	-1
0	-0.051769458	0.99858904	0.0018946838	0	0.025132742	0	-0.051769458	0.99858904	0.0018946838	1.9598161e-20	-1
0	-0.06029591	0.99810976	0.0018879031	0	0.018849555	0	-0.06029591	0.99810976	0.0018879031	2.2103316e-20	-1
0	-0.07209042	0.9973263	0.0018746315	0	0.012566371	0	-0.07209042	0.9973263	0.0018746315	2.4606927e-20	-1
0	-0.07984868	0.9967345	0.001864122	0	0.009424778	0	-0.07984868	0.9967345	0.001864122	2.585785e-20	-1
0	-0.08941119	0.9959215	0.0018496795	0	0.0062831854	0	-0.08941119	0.9959215	0.0018496795	2.710789e-20	-1
0	-0.09883666	0.99502957	0.001834117	0	0.0037699111	0	-0.09883666	0.99502957	0.001834117	2.8107077e-20	-1
0	-0.10432438	0.9944686	0.0018245504	0	0.002513274	0	-0.10432438	0.9944686	0.0018245504	2.8606297e-20	-1
0	-0.10728966	0.99415284	0.0018192129	0	0.0018849556	0	-0.10728966	0.99415284	0.0018192129	2.8855795e-20	-1
0	-0.11040464	0.99381137	0.0018135263	0	0.001256637	0	-0.11040464	0.99381137	0.0018135263	2.9105206e-20	-1
0	-0.111747846	0.99366117	0.0018110294	0	0.0010053096	0	-0.111747846	0.99366117	0.0018110294	2.920495e-20	-1
0	-0.11376112	0.99343246	0.0018072708	0	0.0006283185	0	-0.11376112	0.99343246	0.0018072708	2.935453e-20	-1
0	-0.1158645	0.99318916	0.0018032939	0	0.0002513274	0	-0.1158645	0.99318916	0.0018032939	2.9504082e-20	-1
0	-0.1158645	0.99318916	0.0018032939	0	0.0001256637	0	-0.1158645	0.99318916	0.0018032939	2.9553923e-20	-1
0	-0.1158645	0.99318916	0.0018032939	0	6.283185e-05	0	-0.1158645	0.99318916	0.0018032939	2.9578845e-20	-1
0	-0.1158645	0.99318916	0.0018032939	0	2.5132742e-05	0	-0.1158645	0.99318916	0.0018032939	2.95938e-20	-1
0	-0.1158645	0.99318916	0.0018032939	0	1.2566371e-05	0	-0.1158645	0.99318916	0.0018032939	2.959878e-20	-1
0	-0.1158645	0.99318916	0.0018032939	0	6.2831855e-06	0	-0.1158645	0.99318916	0.0018032939	2.9601275e-20	-1
0	-0.1158645	0.99318916	0.0018032939	0	2.513274e-06	0	-0.1158645	0.99318916	0.0018032939	2.9602768e-20	-1
0	-0.1158645	0.99318916	0.0018032939	0	1.256637e-06	0	-0.1158645	0.99318916	0.0018032939	2.960327e-20	-1
0	-0.1158645	0.99318916	0.0018032939	0	6.283185e-07	0	-0.1158645	0.99318916	0.0018032939	2.9603518e-20	-1
0	-0.1158645	0.99318916	0.0018032939	0	2.513274e-07	0	-0.1158645	0.99318916	0.0018032939	2.9603666e-20	-1
0	-0.1158645	0.99318916	0.0018032939	0	1.256637e-07	0	-0.1158645	0.99318916	0.0018032939	2.9603718e-20	-1
0	-0.1158645	0.99318916	0.0018032939	0	0	0	-0.1158645	0.99318916	0.0018032939	2.9603767e-20	-1
0	-0.1158645	0.99318916	0.0018032939	0	-1.256637e-07	0	-0.1158645	0.99318916	0.0018032939	2.9603815e-20	-1
0	-0.1158645	0.99318916	0.0018032939	0	-2.513274e-07	0	-0.1158645	0.99318916	0.0018032939	2.9603867e-20	-1
0	-0.1158645	0.99318916	0.0018032939	0	-6.283185e-07	0	-0.1158645	0.99318916	0.0018032939	2.9604015e-20	-1
0	-0.1158645	0.99318916	0.0018032939	0	-1.256637e-06	0	-0.1158645	0.99318916	0.0018032939	2.9604264e-20	-1
0	-0.1158645	0.99318916	0.0018032939	0	-2.513274e-06	0	-0.1158645	0.99318916	0.0018032939	2.9604765e-20	-1
0	-0.1158645	0.99318916	0.0018032939	0	-6.2831855e-06	0	-0.1158645	0.99318916	0.0018032939	2.9606258e-20	-1
0	-0.1158645	0.99318916	0.0018032939	0	-1.2566371e-05	0	-0.1158645	0.99318916	0.0018032939	2.9608752e-20	-1
0	-0.1158645	0.99318916	0.0018032939	0	-2.5132742e-05	0	-0.1158645	0.99318916	0.0018032939	2.9613735e-20	-1
0	-0.117636085	0.9929807	0.0017999215	0	-6.283185e-05	0	-0.117636085	0.9929807	0.0017999215	2.962868e-20	-1
0	-0.11803752	0.99293303	0.0017991421	0	-0.0001256637	0	-0.11803752	0.99293303	0.0017991421	2.965359e-20	-1
0	-0.11803752	0.99293303	0.0017991421	0	-0.0002513274	0	-0.11803752	0.99293303	0.0017991421	2.9703422e-20	-1
0	-0.12105445	0.99256945	0.0017933073	0	-0.0006283185	0	-0.12105445	0.99256945	0.0017933073	2.9852877e-20	-1
0	-0.12344037	0.99227536	0.0017886288	0	-0.0010053096	0	-0.12344037	0.99227536	0.0017886288	3.000229e-20	-1
0	-0.12344037	0.99227536	0.0017886288	0	-0.001256637	0	-0.12344037	0.99227536	0.0017886288	3.0101884e-20	-1
0	-0.12935168	0.9915215	0.0017768296	0	-0.0018849556	0	-0.12935168	0.9915215	0.0017768296	3.0350743e-20	-1
0	-0.1339767	0.9909066	0.0017673823	0	-0.002513274	0	-0.1339767	0.9909066	0.0017673823	3.0599466e-20	-1
0	-0.14422086	0.98946637	0.0017458712	0	-0.0037699111	0	-0.14422086	0.98946637	0.0017458712	3.10964e-20	-1
0	-0.17083663	0.9852167	0.0016864999	0	-0.0062831854	0	-0.17083663	0.9852167	0.0016864999	3.2087586e-20	-1
0	-0.22831166	0.97349596	0.0015447054	0	-0.009424778	0	-0.22831166	0.97349596	0.0015447054	3.3317598e-20	-1
0	0.07208602	-0.9973266	-0.0018746399	0	-0.012566371	0	0.07208602	-0.9973266	-0.0018746399	2.4606932e-20	-1
0	0.060306598	-0.9981091	-0.0018878838	0	-0.018849555	0	0.060306598	-0.9981091	-0.0018878838	2.2103314e-20	-1
0	0.051777583	-0.9985887	-0.0018946695	0	-0.025132742	0	0.051777583	-0.9985887	-0.0018946695	1.9598162e-20	-1
0	0.040302224	-0.99911875	-0.0018978303	0	-0.03769911	0	0.040302224	-0.99911875	-0.0018978303	1.4585246e-20	-1
0	0.03295722	-0.99938893	-0.0018937963	0	-0.050265484	0	0.03295722	-0.99938893	-0.0018937963	9.570413e-21	-1
0	0.027862912	-0.99954486	-0.0018861417	0	-0.06283186	0	0.027862912	-0.99954486	-0.0018861417	4.554548e-21	-1
0	0.027862912	-0.99954486	-0.0018861417	0	-0.06283186	0	0.027862912	-0.99954486	-0.0018861417	4.554548e-21	1
0	0.032954797	-0.99938905	-0.0018937993	0	-0.050265484	0	0.032954797	-0.99938905	-0.0018937993	9.570412e-21	1
0	0.04029895	-0.9991189	-0.0018978376	0	-0.03769911	0	0.04029895	-0.9991189	-0.0018978376	1.4585244e-20	1
0	0.051762104	-0.9985894	-0.0018947135	0	-0.025132742	0	0.051762104	-0.9985894	-0.0018947135	1.959816e-20	1
0	0.06029779	-0.9981097	-0.0018879003	0	-0.018849555	0	0.06029779	-0.9981097	-0.0018879003	2.2103314e-20	1
0	0.07207675	-0.9973273	-0.0018746573	0	-0.012566371	0	0.07207675	-0.9973273	-0.0018746573	2.4606927e-20	1
0	0.079843074	-0.996735	-0.0018641353	0	-0.009424778	0	0.079843074	-0.996735	-0.0018641353	2.5857845e-20	1
0	0.08941139	-0.9959215	-0.0018496764	0	-0.0062831854	0	0.08941139	-0.9959215	-0.0018496764	2.7107895e-20	1
0	0.098839484	-0.9950292	-0.0018341099	0	-0.0037699111	0	0.098839484	-0.9950292	-0.0018341099	2.8107077e-20	1
0	0.10433939	-0.994467	-0.0018245021	0	-0.002513274	0	0.10433939	-0.994467	-0.0018245021	2.8606293e-20	1
0	0.107283056	-0.9941535	-0.0018192269	0	-0.0018849556	0	0.107283056	-0.9941535	-0.0018192269	2.8855795e-20	1
0	0.110437796	-0.9938077	-0.0018134566	0	-0.001256637	0	0.110437796	-0.9938077	-0.0018134566	2.910521e-20	1
0	0.110437796	-0.9938077	-0.0018134566	0	-0.0010053096	0	0.110437796	-0.9938077	-0.0018134566	2.9204956e-20	1
0	0.113769725	-0.9934315	-0.0018072522	0	-0.0006283185	0	0.113769725	-0.9934315	-0.0018072522	2.9354533e-20	1
0	0.11586349	-0.9931893	-0.0018032957	0	-0.0002513274	0	0.11586349	-0.9931893	-0.0018032957	2.9504082e-20	1
0	0.11586349	-0.9931893	-0.0018032957	0	-0.0001256637	0	0.11586349	-0.9931893	-0.0018032957	2.9553926e-20	1
0	0.11586349	-0.9931893	-0.0018032957	0	-6.283185e-05	0	0.11586349	-0.9931893	-0.0018032957	2.9578848e-20	1
0	0.11715565	-0.9930376	-0.0018008314	0	-2.5132742e-05	0	0.11715565	-0.9930376	-0.0018008314	2.9593795e-20	1
0	0.11715565	-0.9930376	-0.0018008314	0	-1.2566371e-05	0	0.11715565	-0.9930376	-0.0018008314	2.9598778e-20	1
0	0.11715565	-0.9930376	-0.0018008314	0	-6.2831855e-06	0	0.11715565	-0.9930376	-0.0018008314	2.960127e-20	1
0	0.11715565	-0.9930376	-0.0018008314	0	-2.513274e-06	0	0.11715565	-0.9930376	-0.0018008314	2.9602765e-20	1
0	0.11715565	-0.9930376	-0.0018008314	0	-1.256637e-06	0	0.11715565	-0.9930376	-0.0018008314	2.9603263e-20	1
0	0.11715565	-0.9930376	-0.0018008314	0	-6.283185e-07	0	0.11715565	-0.9930376	-0.0018008314	2.960351e-20	1
0	0.11715565	-0.9930376	-0.0018008314	0	-2.513274e-07	0	0.11715565	-0.9930376	-0.0018008314	2.960366e-20	1
0	0.11715565	-0.9930376	-0.0018008314	0	-1.256637e-07	0	0.11715565	-0.9930376	-0.0018008314	2.9603712e-20	1
0	0.11715565	-0.9930376	-0.0018008314	0	0	0	0.11715565	-0.9930376	-0.0018008314	2.960376e-20	1
0	0.11715565	-0.9930376	-0.0018008314	0	1.256637e-07	0	0.11715565	-0.9930376	-0.0018008314	2.9603812e-20	1
0	0.11715565	-0.9930376	-0.0018008314	0	2.513274e-07	0	0.11715565	-0.9930376	-0.0018008314	2.960386e-20	1
0	0.11715565	-0.9930376	-0.0018008314	0	6.283185e-07	0	0.11715565	-0.9930376	-0.0018008314	2.960401e-20	1
0	0.11715565	-0.9930376	-0.0018008314	0	1.256637e-06	0	0.11715565	-0.9930376	-0.0018008314	2.960426e-20	1
0	0.11715565	-0.9930376	-0.0018008314	0	2.513274e-06	0	0.11715565	-0.9930376	-0.0018008314	2.960476e-20	1
0	0.11715565	-0.9930376	-0.0018008314	0	6.2831855e-06	0	0.11715565	-0.9930376	-0.0018008314	2.960625e-20	1
0	0.11715565	-0.9930376	-0.0018008314	0	1.2566371e-05	0	0.11715565	-0.9930376	-0.0018008314	2.9608746e-20	1
0	0.11715565	-0.9930376	-0.0018008314	0	2.5132742e-05	0	0.11715565	-0.9930376	-0.0018008314	2.9613728e-20	1
0	0.11715565	-0.9930376	-0.0018008314	0	6.283185e-05	0	0.11715565	-0.9930376	-0.0018008314	2.962868e-20	1
0	0.11715565	-0.9930376	-0.0018008314	0	0.0001256637	0	0.11715565	-0.9930376	-0.0018008314	2.9653598e-20	1
0	0.11715565	-0.9930376	-0.0018008314	0	0.0002513274	0	0.11715565	-0.9930376	-0.0018008314	2.9703432e-20	1
0	0.121066414	-0.992568	-0.0017932823	0	0.0006283185	0	0.121066414	-0.992568	-0.0017932823	2.9852877e-20	1
0	0.12342951	-0.99227667	-0.0017886534	0	0.0010053096	0	0.12342951	-0.99227667	-0.0017886534	3.000229e-20	1
0	0.12507004	-0.9920711	-0.0017854079	0	0.001256637	0	0.12507004	-0.9920711	-0.0017854079	3.0101875e-20	1
0	0.12935966	-0.9915204	-0.0017768171	0	0.0018849556	0	0.12935966	-0.9915204	-0.0017768171	3.035074e-20	1
0	0.1339826	-0.9909058	-0.0017673688	0	0.002513274	0	0.1339826	-0.9909058	-0.0017673688	3.0599466e-20	1
0	0.14423491	-0.98946434	-0.0017458391	0	0.0037699111	0	0.14423491	-0.98946434	-0.0017458391	3.1096404e-20	1
0	0.17084354	-0.98521554	-0.0016864832	0	0.0062831854	0	0.17084354	-0.98521554	-0.0016864832	3.208759e-20	1
0	0.22837214	-0.9734818	-0.0015445454	0	0.009424778	0	0.22837214	-0.9734818	-0.0015445454	3.3317604e-20	1
0	0.8971789	0.44137576	-0.0007990807	0	0.012566371	0	0.8971789	0.44137576	-0.0007990807	2.6019923e-20	1
0	-0.060296882	0.9981097	0.0018879017	0	0.018849555	0	-0.060296882	0.9981097	0.0018879017	2.2103316e-20	1
0	-0.05178035	0.9985885	0.0018946738	0	0.025132742	0	-0.05178035	0.9985885	0.0018946738	1.959816e-20	1
0	-0.040302794	0.9991187	0.0018978307	0	0.03769911	0	-0.040302794	0.9991187	0.0018978307	1.4585246e-20	1
0	-0.032955885	0.99938893	0.0018937968	0	0.050265484	0	-0.032955885	0.99938893	0.0018937968	9.570411e-21	1
0	-0.027863162	0.99954486	0.0018861447	0	0.06283186	0	-0.027863162	0.99954486	0.0018861447	4.5545477e-21	1
