# t (s)	mx ()	my ()	mz ()	B_extx (T)	B_exty (T)	B_extz (T)	mx ()	my ()	mz ()	E_total (J)	branch ()
0	-0.0736848	0.9972135	-0.0007634036	0	0.06283186	0	-0.0736848	0.9972135	-0.0007634036	4.7683844e-21	-1
0	-0.08971245	0.99589777	-0.0009144541	0	0.050265484	0	-0.08971245	0.99589777	-0.0009144541	9.769916e-21	-1
0	-0.11373222	0.9934385	-0.0011459794	0	0.03769911	0	-0.11373222	0.9934385	-0.0011459794	1.4762355e-20	-1
0	-0.15242149	0.9882373	-0.0015295916	0	0.025132742	0	-0.15242149	0.9882373	-0.0015295916	1.9736636e-20	-1
0	-0.18131435	0.9833422	-0.0018220237	0	0.018849555	0	-0.18131435	0.9833422	-0.0018220237	2.2210709e-20	-1
0	-0.22058405	0.9752774	-0.002223033	0	0.012566371	0	-0.22058405	0.9752774	-0.002223033	2.466893e-20	-1
0	-0.24569349	0.96925163	-0.0024789886	0	0.009424778	0	-0.24569349	0.96925163	-0.0024789886	2.5888936e-20	-1
0	-0.2758535	0.9610965	-0.002783076	0	0.0062831854	0	-0.2758535	0.9610965	-0.002783076	2.7100135e-20	-1
0	-0.30478168	0.9523115	-0.0030685777	0	0.0037699111	0	-0.30478168	0.9523115	-0.0030685777	2.806058e-20	-1
0	-0.3213241	0.946854	-0.003228006	0	0.002513274	0	-0.3213241	0.946854	-0.003228006	2.8537162e-20	-1
0	-0.3302235	0.94378483	-0.0033123712	0	0.0018849556	0	-0.3302235	0.94378483	-0.0033123712	2.877437e-20	-1
0	-0.3396598	0.94042766	-0.0034006266	0	0.001256637	0	-0.3396598	0.94042766	-0.0034006266	2.9010775e-20	-1
0	-0.3396598	0.94042766	-0.0034006266	0	0.0010053096	0	-0.3396598	0.94042766	-0.0034006266	2.9105164e-20	-1
0	-0.34951842	0.93680584	-0.003491404	0	0.0006283185	0	-0.34951842	0.93680584	-0.003491404	2.9246302e-20	-1
0	-0.35579148	0.9344398	-0.0035483495	0	0.0002513274	0	-0.35579148	0.9344398	-0.0035483495	2.9387168e-20	-1
0	-0.35579148	0.9344398	-0.0035483495	0	0.0001256637	0	-0.35579148	0.9344398	-0.0035483495	2.9434062e-20	-1
0	-0.35579148	0.9344398	-0.0035483495	0	6.283185e-05	0	-0.35579148	0.9344398	-0.0035483495	2.945751e-20	-1
0	-0.35579148	0.9344398	-0.0035483495	0	2.5132742e-05	0	-0.35579148	0.9344398	-0.0035483495	2.947158e-20	-1
0	-0.35579148	0.9344398	-0.0035483495	0	1.2566371e-05	0	-0.35579148	0.9344398	-0.0035483495	2.9476268e-20	-1
0	-0.35579148	0.9344398	-0.0035483495	0	6.2831855e-06	0	-0.35579148	0.9344398	-0.0035483495	2.9478614e-20	-1
0	-0.35579148	0.9344398	-0.0035483495	0	2.513274e-06	0	-0.35579148	0.9344398	-0.0035483495	2.948002e-20	-1
0	-0.35579148	0.9344398	-0.0035483495	0	1.256637e-06	0	-0.35579148	0.9344398	-0.0035483495	2.9480488e-20	-1
0	-0.35579148	0.9344398	-0.0035483495	0	6.283185e-07	0	-0.35579148	0.9344398	-0.0035483495	2.9480723e-20	-1
0	-0.35579148	0.9344398	-0.0035483495	0	2.513274e-07	0	-0.35579148	0.9344398	-0.0035483495	2.9480862e-20	-1
0	-0.35579148	0.9344398	-0.0035483495	0	1.256637e-07	0	-0.35579148	0.9344398	-0.0035483495	2.948091e-20	-1
0	-0.35579148	0.9344398	-0.0035483495	0	0	0	-0.35579148	0.9344398	-0.0035483495	2.9480956e-20	-1
0	-0.35579148	0.9344398	-0.0035483495	0	-1.256637e-07	0	-0.35579148	0.9344398	-0.0035483495	2.9481005e-20	-1
0	-0.35579148	0.9344398	-0.0035483495	0	-2.513274e-07	0	-0.35579148	0.9344398	-0.0035483495	2.9481053e-20	-1
0	-0.35579148	0.9344398	-0.0035483495	0	-6.283185e-07	0	-0.35579148	0.9344398	-0.0035483495	2.9481192e-20	-1
0	-0.35579148	0.9344398	-0.0035483495	0	-1.256637e-06	0	-0.35579148	0.9344398	-0.0035483495	2.9481428e-20	-1
0	-0.35579148	0.9344398	-0.0035483495	0	-2.513274e-06	0	-0.35579148	0.9344398	-0.0035483495	2.9481896e-20	-1
0	-0.35579148	0.9344398	-0.0035483495	0	-6.2831855e-06	0	-0.35579148	0.9344398	-0.0035483495	2.9483302e-20	-1
0	-0.35579148	0.9344398	-0.0035483495	0	-1.2566371e-05	0	-0.35579148	0.9344398	-0.0035483495	2.9485648e-20	-1
0	-0.35579148	0.9344398	-0.0035483495	0	-2.5132742e-05	0	-0.35579148	0.9344398	-0.0035483495	2.9490336e-20	-1
0	-0.35579148	0.9344398	-0.0035483495	0	-6.283185e-05	0	-0.35579148	0.9344398	-0.0035483495	2.9504405e-20	-1
0	-0.36227936	0.93194205	-0.0036065374	0	-0.0001256637	0	-0.36227936	0.93194205	-0.0036065374	2.9527666e-20	-1
0	-0.36227936	0.93194205	-0.0036065374	0	-0.0002513274	0	-0.36227936	0.93194205	-0.0036065374	2.9574434e-20	-1
0	-0.3713389	0.928367	-0.0036865182	0	-0.0006283185	0	-0.3713389	0.928367	-0.0036865182	2.9714386e-20	-1
0	-0.3784724	0.9254799	-0.003748395	0	-0.0010053096	0	-0.3784724	0.9254799	-0.003748395	2.9853937e-20	-1
0	-0.3834143	0.92344224	-0.0037906659	0	-0.001256637	0	-0.3834143	0.92344224	-0.0037906659	2.9946727e-20	-1
0	-0.39648467	0.9179028	-0.0038999775	0	-0.0018849556	0	-0.39648467	0.9179028	-0.0038999775	3.017776e-20	-1
0	-0.41076177	0.9115994	-0.0040149717	0	-0.002513274	0	-0.41076177	0.9115994	-0.0040149717	3.0407305e-20	-1
0	-0.44458127	0.8955835	-0.004266668	0	-0.0037699111	0	-0.44458127	0.8955835	-0.004266668	3.0860997e-20	-1
0	0.2758733	-0.9610908	0.0027832747	0	-0.0062831854	0	0.2758733	-0.9610908	0.0027832747	2.7100135e-20	-1
0	0.24571007	-0.96924734	0.002479157	0	-0.009424778	0	0.24571007	-0.96924734	0.002479157	2.5888944e-20	-1
0	0.22059727	-0.97527444	0.002223171	0	-0.012566371	0	0.22059727	-0.97527444	0.002223171	2.4668928e-20	-1
0	0.18132898	-0.9833394	0.0018221679	0	-0.018849555	0	0.18132898	-0.9833394	0.0018221679	2.2210709e-20	-1
0	0.15243305	-0.9882356	0.0015296936	0	-0.025132742	0	0.15243305	-0.9882356	0.0015296936	1.9736638e-20	-1
0	0.11373508	-0.99343824	0.0011460079	0	-0.03769911	0	0.11373508	-0.99343824	0.0011460079	1.4762355e-20	-1
0	0.08971462	-0.9958976	0.0009144743	0	-0.050265484	0	0.08971462	-0.9958976	0.0009144743	9.769916e-21	-1
0	0.073686585	-0.99721336	0.00076341786	0	-0.06283186	0	0.073686585	-0.99721336	0.00076341786	4.768381e-21	-1
0	0.073686585	-0.99721336	0.00076341786	0	-0.06283186	0	0.073686585	-0.99721336	0.00076341786	4.768381e-21	1
0	0.08970675	-0.99589825	0.00091439957	0	-0.050265484	0	0.08970675	-0.99589825	0.00091439957	9.769917e-21	1
0	0.11372706	-0.99343914	0.00114593	0	-0.03769911	0	0.11372706	-0.99343914	0.00114593	1.4762353e-20	1
0	0.15242189	-0.98823726	0.0015295825	0	-0.025132742	0	0.15242189	-0.98823726	0.0015295825	1.9736636e-20	1
0	0.18134683	-0.9833362	0.0018223491	0	-0.018849555	0	0.18134683	-0.9833362	0.0018223491	2.2210712e-20	1
0	0.22057363	-0.9752798	0.002222932	0	-0.012566371	0	0.22057363	-0.9752798	0.002222932	2.4668928e-20	1
0	0.24569376	-0.9692515	0.002478991	0	-0.009424778	0	0.24569376	-0.9692515	0.002478991	2.588894e-20	1
0	0.2758608	-0.9610944	0.002783149	0	-0.0062831854	0	0.2758608	-0.9610944	0.002783149	2.7100135e-20	1
0	0.3047822	-0.95231134	0.0030685826	0	-0.0037699111	0	0.3047822	-0.95231134	0.0030685826	2.806058e-20	1
0	0.32135367	-0.94684386	0.0032282867	0	-0.002513274	0	0.32135367	-0.94684386	0.0032282867	2.8537162e-20	1
0	0.33020788	-0.9437903	0.0033122238	0	-0.0018849556	0	0.33020788	-0.9437903	0.0033122238	2.8774373e-20	1
0	0.33960247	-0.9404484	0.0034000953	0	-0.001256637	0	0.33960247	-0.9404484	0.0034000953	2.9010778e-20	1
0	0.33960247	-0.9404484	0.0034000953	0	-0.0010053096	0	0.33960247	-0.9404484	0.0034000953	2.910517e-20	1
0	0.3495884	-0.93677974	0.0034920415	0	-0.0006283185	0	0.3495884	-0.93677974	0.0034920415	2.9246305e-20	1
0	0.35578847	-0.934441	0.0035483222	0	-0.0002513274	0	0.35578847	-0.934441	0.0035483222	2.9387168e-20	1
0	0.35578847	-0.934441	0.0035483222	0	-0.0001256637	0	0.35578847	-0.934441	0.0035483222	2.9434062e-20	1
0	0.35578847	-0.934441	0.0035483222	0	-6.283185e-05	0	0.35578847	-0.934441	0.0035483222	2.945751e-20	1
0	0.35578847	-0.934441	0.0035483222	0	-2.5132742e-05	0	0.35578847	-0.934441	0.0035483222	2.947158e-20	1
0	0.35578847	-0.934441	0.0035483222	0	-1.2566371e-05	0	0.35578847	-0.934441	0.0035483222	2.9476268e-20	1
0	0.35578847	-0.934441	0.0035483222	0	-6.2831855e-06	0	0.35578847	-0.934441	0.0035483222	2.9478614e-20	1
0	0.35578847	-0.934441	0.0035483222	0	-2.513274e-06	0	0.35578847	-0.934441	0.0035483222	2.948002e-20	1
0	0.35578847	-0.934441	0.0035483222	0	-1.256637e-06	0	0.35578847	-0.934441	0.0035483222	2.9480488e-20	1
0	0.35578847	-0.934441	0.0035483222	0	-6.283185e-07	0	0.35578847	-0.934441	0.0035483222	2.9480723e-20	1
0	0.35578847	-0.934441	0.0035483222	0	-2.513274e-07	0	0.35578847	-0.934441	0.0035483222	2.9480862e-20	1
0	0.35578847	-0.934441	0.0035483222	0	-1.256637e-07	0	0.35578847	-0.934441	0.0035483222	2.948091e-20	1
0	0.35578847	-0.934441	0.0035483222	0	0	0	0.35578847	-0.934441	0.0035483222	2.9480956e-20	1
0	0.35578847	-0.934441	0.0035483222	0	1.256637e-07	0	0.35578847	-0.934441	0.0035483222	2.9481005e-20	1
0	0.35578847	-0.934441	0.0035483222	0	2.513274e-07	0	0.35578847	-0.934441	0.0035483222	2.948105e-20	1
0	0.35578847	-0.934441	0.0035483222	0	6.283185e-07	0	0.35578847	-0.934441	0.0035483222	2.9481192e-20	1
0	0.35578847	-0.934441	0.0035483222	0	1.256637e-06	0	0.35578847	-0.934441	0.0035483222	2.9481428e-20	1
0	0.35578847	-0.934441	0.0035483222	0	2.513274e-06	0	0.35578847	-0.934441	0.0035483222	2.9481896e-20	1
0	0.35578847	-0.934441	0.0035483222	0	6.2831855e-06	0	0.35578847	-0.934441	0.0035483222	2.9483302e-20	1
0	0.35578847	-0.934441	0.0035483222	0	1.2566371e-05	0	0.35578847	-0.934441	0.0035483222	2.9485648e-20	1
0	0.35578847	-0.934441	0.0035483222	0	2.5132742e-05	0	0.35578847	-0.934441	0.0035483222	2.9490336e-20	1
0	0.35578847	-0.934441	0.0035483222	0	6.283185e-05	0	0.35578847	-0.934441	0.0035483222	2.9504405e-20	1
0	0.3623315	-0.9319217	0.0036069998	0	0.0001256637	0	0.3623315	-0.9319217	0.0036069998	2.9527663e-20	1
0	0.3623315	-0.9319217	0.0036069998	0	0.0002513274	0	0.3623315	-0.9319217	0.0036069998	2.9574434e-20	1
0	0.3713309	-0.92837024	0.0036864325	0	0.0006283185	0	0.3713309	-0.92837024	0.0036864325	2.9714386e-20	1
0	0.37848002	-0.9254768	0.0037484614	0	0.0010053096	0	0.37848002	-0.9254768	0.0037484614	2.9853937e-20	1
0	0.37848002	-0.9254768	0.0037484614	0	0.001256637	0	0.37848002	-0.9254768	0.0037484614	2.994683e-20	1
0	0.39654464	-0.91787684	0.0039004693	0	0.0018849556	0	0.39654464	-0.91787684	0.0039004693	3.017776e-20	1
0	0.41081703	-0.9115745	0.0040154066	0	0.002513274	0	0.41081703	-0.9115745	0.0040154066	3.0407305e-20	1
0	0.44459638	-0.895576	0.0042667734	0	0.0037699111	0	0.44459638	-0.895576	0.0042667734	3.0860997e-20	1
0	0.89785457	0.4399727	-0.0052234903	0	0.0062831854	0	0.89785457	0.4399727	-0.0052234903	2.6782704e-20	1
0	0.85848	0.5125504	-0.0046354765	0	0.009424778	0	0.85848	0.5125504	-0.0046354765	2.6185596e-20	1
0	0.8045132	0.59366196	-0.0037581087	0	0.012566371	0	0.8045132	0.59366196	-0.0037581087	2.5493152e-20	1
0	-0.18132573	0.9833401	-0.0018221346	0	0.018849555	0	-0.18132573	0.9833401	-0.0018221346	2.2210712e-20	1
0	-0.15243053	0.98823595	-0.0015296678	0	0.025132742	0	-0.15243053	0.98823595	-0.0015296678	1.9736638e-20	1
0	-0.11374122	0.9934375	-0.0011460669	0	0.03769911	0	-0.11374122	0.9934375	-0.0011460669	1.4762358e-20	1
0	-0.08971658	0.9958974	-0.00091449294	0	0.050265484	0	-0.08971658	0.9958974	-0.00091449294	9.769915e-21	1
0	-0.07368475	0.9972135	-0.00076339825	0	0.06283186	0	-0.07368475	0.9972135	-0.00076339825	4.7683824e-21	1
