# t (s)	mx ()	my ()	mz ()	B_extx (T)	B_exty (T)	B_extz (T)	mx ()	my ()	mz ()	E_total (J)	branch ()
0	-0.028461223	0.9995297	-0.00017800326	0	0.06283186	0	-0.028461223	0.9995297	-0.00017800326	4.5898677e-21	-1
0	-0.033678226	0.99936664	-0.00017688848	0	0.050265484	0	-0.033678226	0.99936664	-0.00017688848	9.605636e-21	-1
0	-0.041206185	0.99908364	-0.00017457097	0	0.03769911	0	-0.041206185	0.99908364	-0.00017457097	1.462033e-20	-1
0	-0.05299265	0.99852663	-0.00016996978	0	0.025132742	0	-0.05299265	0.99852663	-0.00016996978	1.9633007e-20	-1
0	-0.061755285	0.9980222	-0.000166093	0	0.018849555	0	-0.061755285	0.9980222	-0.000166093	2.2137979e-20	-1
0	-0.07389698	0.9971957	-0.00016031938	0	0.012566371	0	-0.07389698	0.9971957	-0.00016031938	2.4641321e-20	-1
0	-0.081901915	0.9965695	-0.00015632827	0	0.009424778	0	-0.081901915	0.9965695	-0.00015632827	2.5892057e-20	-1
0	-0.091788515	0.9957068	-0.00015122448	0	0.0062831854	0	-0.091788515	0.9957068	-0.00015122448	2.714187e-20	-1
0	-0.10151611	0.9947612	-0.00014611072	0	0.0037699111	0	-0.10151611	0.9947612	-0.00014611072	2.8140814e-20	-1
0	-0.10720744	0.9941634	-0.00014305516	0	0.002513274	0	-0.10720744	0.9941634	-0.00014305516	2.8639885e-20	-1
0	-0.11028909	0.9938259	-0.00014139083	0	0.0018849556	0	-0.11028909	0.9938259	-0.00014139083	2.8889302e-20	-1
0	-0.11354957	0.9934584	-0.00013961497	0	0.001256637	0	-0.11354957	0.9934584	-0.00013961497	2.9138633e-20	-1
0	-0.11354957	0.9934584	-0.00013961497	0	0.0010053096	0	-0.11354957	0.9934584	-0.00013961497	2.9238347e-20	-1
0	-0.11700884	0.99305654	-0.000137722	0	0.0006283185	0	-0.11700884	0.99305654	-0.000137722	2.9387866e-20	-1
0	-0.11915417	0.9928012	-0.00013654446	0	0.0002513274	0	-0.11915417	0.9928012	-0.00013654446	2.953736e-20	-1
0	-0.11994485	0.99270594	-0.00013610616	0	0.0001256637	0	-0.11994485	0.99270594	-0.00013610616	2.9587178e-20	-1
0	-0.11994485	0.99270594	-0.00013610616	0	6.283185e-05	0	-0.11994485	0.99270594	-0.00013610616	2.9612087e-20	-1
0	-0.12052068	0.9926361	-0.000135791	0	2.5132742e-05	0	-0.12052068	0.9926361	-0.000135791	2.962703e-20	-1
0	-0.12052068	0.9926361	-0.000135791	0	1.2566371e-05	0	-0.12052068	0.9926361	-0.000135791	2.9632014e-20	-1
0	-0.12052068	0.9926361	-0.000135791	0	6.2831855e-06	0	-0.12052068	0.9926361	-0.000135791	2.9634505e-20	-1
0	-0.12052068	0.9926361	-0.000135791	0	2.513274e-06	0	-0.12052068	0.9926361	-0.000135791	2.9635998e-20	-1
0	-0.12052068	0.9926361	-0.000135791	0	1.256637e-06	0	-0.12052068	0.9926361	-0.000135791	2.96365e-20	-1
0	-0.12052068	0.9926361	-0.000135791	0	6.283185e-07	0	-0.12052068	0.9926361	-0.000135791	2.9636747e-20	-1
0	-0.12052068	0.9926361	-0.000135791	0	2.513274e-07	0	-0.12052068	0.9926361	-0.000135791	2.9636896e-20	-1
0	-0.12052068	0.9926361	-0.000135791	0	1.256637e-07	0	-0.12052068	0.9926361	-0.000135791	2.9636944e-20	-1
0	-0.12052068	0.9926361	-0.000135791	0	0	0	-0.12052068	0.9926361	-0.000135791	2.9636996e-20	-1
0	-0.12052068	0.9926361	-0.000135791	0	-1.256637e-07	0	-0.12052068	0.9926361	-0.000135791	2.9637044e-20	-1
0	-0.12052068	0.9926361	-0.000135791	0	-2.513274e-07	0	-0.12052068	0.9926361	-0.000135791	2.9637096e-20	-1
0	-0.12052068	0.9926361	-0.000135791	0	-6.283185e-07	0	-0.12052068	0.9926361	-0.000135791	2.9637245e-20	-1
0	-0.12052068	0.9926361	-0.000135791	0	-1.256637e-06	0	-0.12052068	0.9926361	-0.000135791	2.9637494e-20	-1
0	-0.12052068	0.9926361	-0.000135791	0	-2.513274e-06	0	-0.12052068	0.9926361	-0.000135791	2.963799e-20	-1
0	-0.12052068	0.9926361	-0.000135791	0	-6.2831855e-06	0	-0.12052068	0.9926361	-0.000135791	2.9639487e-20	-1
0	-0.12052068	0.9926361	-0.000135791	0	-1.2566371e-05	0	-0.12052068	0.9926361	-0.000135791	2.964198e-20	-1
0	-0.12052068	0.9926361	-0.000135791	0	-2.5132742e-05	0	-0.12052068	0.9926361	-0.000135791	2.9646958e-20	-1
0	-0.12052068	0.9926361	-0.000135791	0	-6.283185e-05	0	-0.12052068	0.9926361	-0.000135791	2.9661902e-20	-1
0	-0.12052068	0.9926361	-0.000135791	0	-0.0001256637	0	-0.12052068	0.9926361	-0.000135791	2.968681e-20	-1
0	-0.12052068	0.9926361	-0.000135791	0	-0.0002513274	0	-0.12052068	0.9926361	-0.000135791	2.9736626e-20	-1
0	-0.12459351	0.99213266	-0.00013353882	0	-0.0006283185	0	-0.12459351	0.99213266	-0.00013353882	2.988601e-20	-1
0	-0.12706736	0.9918186	-0.00013216739	0	-0.0010053096	0	-0.12706736	0.9918186	-0.00013216739	3.0035355e-20	-1
0	-0.1287927	0.99159586	-0.00013121148	0	-0.001256637	0	-0.1287927	0.99159586	-0.00013121148	3.0134894e-20	-1
0	-0.13326424	0.99100435	-0.00012870418	0	-0.0018849556	0	-0.13326424	0.99100435	-0.00012870418	3.038364e-20	-1
0	-0.13803291	0.99035084	-0.00012602772	0	-0.002513274	0	-0.13803291	0.99035084	-0.00012602772	3.0632227e-20	-1
0	-0.14878398	0.9887916	-0.0001199433	0	-0.0037699111	0	-0.14878398	0.9887916	-0.0001199433	3.1128855e-20	-1
0	-0.17688704	0.9841491	-0.000103821425	0	-0.0062831854	0	-0.17688704	0.9841491	-0.000103821425	3.211919e-20	-1
0	-0.24031985	0.9706005	-6.7092435e-05	0	-0.009424778	0	-0.24031985	0.9706005	-6.7092435e-05	3.3347082e-20	-1
0	0.95445	-0.2980335	0.00020618236	0	-0.012566371	0	0.95445	-0.2980335	0.00020618236	2.7060227e-20	-1
0	0.06175883	-0.99802196	0.00016609143	0	-0.018849555	0	0.06175883	-0.99802196	0.00016609143	2.213798e-20	-1
0	0.053000126	-0.9985262	0.00016996606	0	-0.025132742	0	0.053000126	-0.9985262	0.00016996606	1.963301e-20	-1
0	0.041214224	-0.9990833	0.00017456624	0	-0.03769911	0	0.041214224	-0.9990833	0.00017456624	1.4620328e-20	-1
0	0.033681482	-0.9993665	0.00017688883	0	-0.050265484	0	0.033681482	-0.9993665	0.00017688883	9.605638e-21	-1
0	0.028461557	-0.9995297	0.00017800262	0	-0.06283186	0	0.028461557	-0.9995297	0.00017800262	4.5898673e-21	-1
0	0.028461557	-0.9995297	0.00017800262	0	-0.06283186	0	0.028461557	-0.9995297	0.00017800262	4.5898673e-21	1
0	0.0336795	-0.99936664	0.00017688934	0	-0.050265484	0	0.0336795	-0.99936664	0.00017688934	9.605641e-21	1
0	0.04121065	-0.99908346	0.00017456827	0	-0.03769911	0	0.04121065	-0.99908346	0.00017456827	1.4620328e-20	1
0	0.05299055	-0.9985268	0.00016996996	0	-0.025132742	0	0.05299055	-0.9985268	0.00016996996	1.9633009e-20	1
0	0.06175358	-0.9980223	0.00016609402	0	-0.018849555	0	0.06175358	-0.9980223	0.00016609402	2.213798e-20	1
0	0.07389959	-0.9971956	0.00016031247	0	-0.012566371	0	0.07389959	-0.9971956	0.00016031247	2.4641324e-20	1
0	0.081884414	-0.99657094	0.00015633595	0	-0.009424778	0	0.081884414	-0.99657094	0.00015633595	2.5892057e-20	1
0	0.09174116	-0.9957111	0.00015126931	0	-0.0062831854	0	0.09174116	-0.9957111	0.00015126931	2.714187e-20	1
0	0.10152624	-0.99476016	0.00014611427	0	-0.0037699111	0	0.10152624	-0.99476016	0.00014611427	2.814081e-20	1
0	0.107211396	-0.9941629	0.00014305417	0	-0.002513274	0	0.107211396	-0.9941629	0.00014305417	2.8639885e-20	1
0	0.110308275	-0.99382377	0.00014137806	0	-0.0018849556	0	0.110308275	-0.99382377	0.00014137806	2.8889306e-20	1
0	0.11353921	-0.9934596	0.00013962091	0	-0.001256637	0	0.11353921	-0.9934596	0.00013962091	2.9138636e-20	1
0	0.11490401	-0.99330246	0.00013887548	0	-0.0010053096	0	0.11490401	-0.99330246	0.00013887548	2.9238337e-20	1
0	0.117006525	-0.9930568	0.00013772826	0	-0.0006283185	0	0.117006525	-0.9930568	0.00013772826	2.9387866e-20	1
0	0.119178906	-0.9927982	0.00013653033	0	-0.0002513274	0	0.119178906	-0.9927982	0.00013653033	2.953736e-20	1
0	0.11992796	-0.99270797	0.0001361185	0	-0.0001256637	0	0.11992796	-0.99270797	0.0001361185	2.958718e-20	1
0	0.11992796	-0.99270797	0.0001361185	0	-6.283185e-05	0	0.11992796	-0.99270797	0.0001361185	2.961209e-20	1
0	0.11992796	-0.99270797	0.0001361185	0	-2.5132742e-05	0	0.11992796	-0.99270797	0.0001361185	2.9627034e-20	1
0	0.11992796	-0.99270797	0.0001361185	0	-1.2566371e-05	0	0.11992796	-0.99270797	0.0001361185	2.9632017e-20	1
0	0.11992796	-0.99270797	0.0001361185	0	-6.2831855e-06	0	0.11992796	-0.99270797	0.0001361185	2.9634508e-20	1
0	0.11992796	-0.99270797	0.0001361185	0	-2.513274e-06	0	0.11992796	-0.99270797	0.0001361185	2.9636e-20	1
0	0.11992796	-0.99270797	0.0001361185	0	-1.256637e-06	0	0.11992796	-0.99270797	0.0001361185	2.9636502e-20	1
0	0.11992796	-0.99270797	0.0001361185	0	-6.283185e-07	0	0.11992796	-0.99270797	0.0001361185	2.963675e-20	1
0	0.11992796	-0.99270797	0.0001361185	0	-2.513274e-07	0	0.11992796	-0.99270797	0.0001361185	2.96369e-20	1
0	0.11992796	-0.99270797	0.0001361185	0	-1.256637e-07	0	0.11992796	-0.99270797	0.0001361185	2.9636948e-20	1
0	0.11992796	-0.99270797	0.0001361185	0	0	0	0.11992796	-0.99270797	0.0001361185	2.9637e-20	1
0	0.11992796	-0.99270797	0.0001361185	0	1.256637e-07	0	0.11992796	-0.99270797	0.0001361185	2.9637048e-20	1
0	0.11992796	-0.99270797	0.0001361185	0	2.513274e-07	0	0.11992796	-0.99270797	0.0001361185	2.96371e-20	1
0	0.11992796	-0.99270797	0.0001361185	0	6.283185e-07	0	0.11992796	-0.99270797	0.0001361185	2.9637248e-20	1
0	0.11992796	-0.99270797	0.0001361185	0	1.256637e-06	0	0.11992796	-0.99270797	0.0001361185	2.9637497e-20	1
0	0.11992796	-0.99270797	0.0001361185	0	2.513274e-06	0	0.11992796	-0.99270797	0.0001361185	2.9637994e-20	1
0	0.11992796	-0.99270797	0.0001361185	0	6.2831855e-06	0	0.11992796	-0.99270797	0.0001361185	2.963949e-20	1
0	0.11992796	-0.99270797	0.0001361185	0	1.2566371e-05	0	0.11992796	-0.99270797	0.0001361185	2.9641982e-20	1
0	0.11992796	-0.99270797	0.0001361185	0	2.5132742e-05	0	0.11992796	-0.99270797	0.0001361185	2.964696e-20	1
0	0.11992796	-0.99270797	0.0001361185	0	6.283185e-05	0	0.11992796	-0.99270797	0.0001361185	2.9661908e-20	1
0	0.11992796	-0.99270797	0.0001361185	0	0.0001256637	0	0.11992796	-0.99270797	0.0001361185	2.9686817e-20	1
0	0.1222126	-0.992429	0.00013485715	0	0.0002513274	0	0.1222126	-0.992429	0.00013485715	2.9736616e-20	1
0	0.12466113	-0.9921242	0.00013350016	0	0.0006283185	0	0.12466113	-0.9921242	0.00013350016	2.988601e-20	1
0	0.12706551	-0.9918189	0.00013216549	0	0.0010053096	0	0.12706551	-0.9918189	0.00013216549	3.0035355e-20	1
0	0.12876728	-0.9915992	0.00013121965	0	0.001256637	0	0.12876728	-0.9915992	0.00013121965	3.013489e-20	1
0	0.1332374	-0.9910079	0.00012871719	0	0.0018849556	0	0.1332374	-0.9910079	0.00012871719	3.038364e-20	1
0	0.1380457	-0.99034905	0.00012601998	0	0.002513274	0	0.1380457	-0.99034905	0.00012601998	3.0632227e-20	1
0	0.14878362	-0.9887917	0.000119943856	0	0.0037699111	0	0.14878362	-0.9887917	0.000119943856	3.1128858e-20	1
0	0.17686976	-0.98415214	0.00010383202	0	0.0062831854	0	0.17686976	-0.98415214	0.00010383202	3.2119187e-20	1
0	0.24026722	-0.97061354	6.712271e-05	0	0.009424778	0	0.24026722	-0.97061354	6.712271e-05	3.334708e-20	1
0	-0.95449686	0.29788357	-0.00020627765	0	0.012566371	0	-0.95449686	0.29788357	-0.00020627765	2.7060227e-20	1
0	-0.061767552	0.9980215	-0.00016608567	0	0.018849555	0	-0.061767552	0.9980215	-0.00016608567	2.213798e-20	1
0	-0.052998453	0.99852633	-0.00016996736	0	0.025132742	0	-0.052998453	0.99852633	-0.00016996736	1.963301e-20	1
0	-0.04121273	0.9990834	-0.00017456585	0	0.03769911	0	-0.04121273	0.9990834	-0.00017456585	1.462033e-20	1
0	-0.033681218	0.9993666	-0.00017688957	0	0.050265484	0	-0.033681218	0.9993666	-0.00017688957	9.605639e-21	1
0	-0.028461773	0.9995297	-0.00017800213	0	0.06283186	0	-0.028461773	0.9995297	-0.00017800213	4.5898657e-21	1
