# t (s)	mx ()	my ()	mz ()	B_extx (T)	B_exty (T)	B_extz (T)	mx ()	my ()	mz ()	E_total (J)	branch ()
0	0.99974144	-0.01962016	0.0021928544	0.06283186	0	0	0.99974144	-0.01962016	0.0021928544	2.3184223e-21	-1
0	0.99968433	-0.022308525	0.0022105817	0.050265484	0	0	0.99968433	-0.022308525	0.0022105817	7.3354974e-21	-1
0	0.99959826	-0.025845878	0.0022286985	0.03769911	0	0	0.99959826	-0.025845878	0.0022286985	1.235222e-20	-1
0	0.99945974	-0.030710772	0.0022472218	0.025132742	0	0	0.99945974	-0.030710772	0.0022472218	1.736839e-20	-1
0	0.99935615	-0.033899218	0.0022565946	0.018849555	0	0	0.99935615	-0.033899218	0.0022565946	1.9876161e-20	-1
0	0.9992149	-0.037821952	0.0022659847	0.012566371	0	0	0.9992149	-0.037821952	0.0022659847	2.2383632e-20	-1
0	0.9991237	-0.040150978	0.0022706552	0.009424778	0	0	0.9991237	-0.040150978	0.0022706552	2.3637216e-20	-1
0	0.9990145	-0.04277559	0.0022752883	0.0062831854	0	0	0.9990145	-0.04277559	0.0022752883	2.4890679e-20	-1
0	0.9989102	-0.04513883	0.002278943	0.0037699111	0	0	0.9989102	-0.04513883	0.002278943	2.5893341e-20	-1
0	0.9988513	-0.046422534	0.0022807447	0.002513274	0	0	0.9988513	-0.046422534	0.0022807447	2.639463e-20	-1
0	0.99881995	-0.04709032	0.002281638	0.0018849556	0	0	0.99881995	-0.04709032	0.002281638	2.6645261e-20	-1
0	0.99878764	-0.04776975	0.0022825268	0.001256637	0	0	0.99878764	-0.04776975	0.0022825268	2.6895889e-20	-1
0	0.99878764	-0.04776975	0.0022825268	0.0010053096	0	0	0.99878764	-0.04776975	0.0022825268	2.6996138e-20	-1
0	0.9987531	-0.048485912	0.0022834071	0.0006283185	0	0	0.9987531	-0.048485912	0.0022834071	2.7146507e-20	-1
0	0.9987321	-0.048915662	0.0022839406	0.0002513274	0	0	0.9987321	-0.048915662	0.0022839406	2.729687e-20	-1
0	0.9987321	-0.048915662	0.0022839406	0.0001256637	0	0	0.9987321	-0.048915662	0.0022839406	2.7346992e-20	-1
0	0.9987321	-0.048915662	0.0022839406	6.283185e-05	0	0	0.9987321	-0.048915662	0.0022839406	2.7372053e-20	-1
0	0.9987321	-0.048915662	0.0022839406	2.5132742e-05	0	0	0.9987321	-0.048915662	0.0022839406	2.7387087e-20	-1
0	0.9987321	-0.048915662	0.0022839406	1.2566371e-05	0	0	0.9987321	-0.048915662	0.0022839406	2.73921e-20	-1
0	0.99871814	-0.049198084	0.002284272	6.2831855e-06	0	0	0.99871814	-0.049198084	0.002284272	2.7394603e-20	-1
0	0.99871814	-0.049198084	0.002284272	2.513274e-06	0	0	0.99871814	-0.049198084	0.002284272	2.739611e-20	-1
0	0.99871814	-0.049198084	0.002284272	1.256637e-06	0	0	0.99871814	-0.049198084	0.002284272	2.739661e-20	-1
0	0.99871814	-0.049198084	0.002284272	6.283185e-07	0	0	0.99871814	-0.049198084	0.002284272	2.739686e-20	-1
0	0.99871814	-0.049198084	0.002284272	2.513274e-07	0	0	0.99871814	-0.049198084	0.002284272	2.739701e-20	-1
0	0.99871814	-0.049198084	0.002284272	1.256637e-07	0	0	0.99871814	-0.049198084	0.002284272	2.739706e-20	-1
0	0.99871814	-0.049198084	0.002284272	0	0	0	0.99871814	-0.049198084	0.002284272	2.739711e-20	-1
0	0.99871814	-0.049198084	0.002284272	-1.256637e-07	0	0	0.99871814	-0.049198084	0.002284272	2.739716e-20	-1
0	0.99871814	-0.049198084	0.002284272	-2.513274e-07	0	0	0.99871814	-0.049198084	0.002284272	2.739721e-20	-1
0	0.99871814	-0.049198084	0.002284272	-6.283185e-07	0	0	0.99871814	-0.049198084	0.002284272	2.739736e-20	-1
0	0.99871814	-0.049198084	0.002284272	-1.256637e-06	0	0	0.99871814	-0.049198084	0.002284272	2.739761e-20	-1
0	0.99871814	-0.049198084	0.002284272	-2.513274e-06	0	0	0.99871814	-0.049198084	0.002284272	2.7398112e-20	-1
0	0.99871814	-0.049198084	0.002284272	-6.2831855e-06	0	0	0.99871814	-0.049198084	0.002284272	2.7399615e-20	-1
0	0.99871814	-0.049198084	0.002284272	-1.2566371e-05	0	0	0.99871814	-0.049198084	0.002284272	2.7402122e-20	-1
0	0.99871814	-0.049198084	0.002284272	-2.5132742e-05	0	0	0.99871814	-0.049198084	0.002284272	2.7407134e-20	-1
0	0.99871814	-0.049198084	0.002284272	-6.283185e-05	0	0	0.99871814	-0.049198084	0.002284272	2.742217e-20	-1
0	0.99871814	-0.049198084	0.002284272	-0.0001256637	0	0	0.99871814	-0.049198084	0.002284272	2.744723e-20	-1
0	0.99871814	-0.049198084	0.002284272	-0.0002513274	0	0	0.99871814	-0.049198084	0.002284272	2.749735e-20	-1
0	0.9986806	-0.049953587	0.0022851476	-0.0006283185	0	0	0.9986806	-0.049953587	0.0022851476	2.764771e-20	-1
0	0.99865675	-0.05042799	0.002285662	-0.0010053096	0	0	0.99865675	-0.05042799	0.002285662	2.7798067e-20	-1
0	0.99865675	-0.05042799	0.002285662	-0.001256637	0	0	0.99865675	-0.05042799	0.002285662	2.78983e-20	-1
0	0.9985998	-0.051540226	0.0022868533	-0.0018849556	0	0	0.9985998	-0.051540226	0.0022868533	2.814888e-20	-1
0	0.9985577	-0.05234851	0.002287692	-0.002513274	0	0	0.9985577	-0.05234851	0.002287692	2.8399447e-20	-1
0	0.9984646	-0.054092407	0.0022893324	-0.0037699111	0	0	0.9984646	-0.054092407	0.0022893324	2.890055e-20	-1
0	0.9982492	-0.05792627	0.0022924403	-0.0062831854	0	0	0.9982492	-0.05792627	0.0022924403	2.9902608e-20	-1
0	0.9979064	-0.063551135	0.0022958606	-0.009424778	0	0	0.9979064	-0.063551135	0.0022958606	3.115483e-20	-1
0	0.99744713	-0.07038555	0.002298468	-0.012566371	0	0	0.99744713	-0.07038555	0.002298468	3.2406558e-20	-1
0	0.9958828	-0.08982788	0.0022985383	-0.018849555	0	0	0.9958828	-0.08982788	0.0022985383	3.4907678e-20	-1
0	0.99203485	-0.12534662	0.0022775764	-0.025132742	0	0	0.99203485	-0.12534662	0.0022775764	3.7402606e-20	-1
0	-0.99959826	0.025845196	-0.0022286978	-0.03769911	0	0	-0.99959826	0.025845196	-0.0022286978	1.23522194e-20	-1
0	-0.9996843	0.022309657	-0.002210578	-0.050265484	0	0	-0.9996843	0.022309657	-0.002210578	7.3354934e-21	-1
0	-0.99974144	0.019623393	-0.0021928698	-0.06283186	0	0	-0.99974144	0.019623393	-0.0021928698	2.3184209e-21	-1
0	-0.99974144	0.019623393	-0.0021928698	-0.06283186	0	0	-0.99974144	0.019623393	-0.0021928698	2.3184209e-21	1
0	-0.99968433	0.022308413	-0.002210577	-0.050265484	0	0	-0.99968433	0.022308413	-0.002210577	7.3355e-21	1
0	-0.99959826	0.025846189	-0.0022287052	-0.03769911	0	0	-0.99959826	0.025846189	-0.0022287052	1.2352218e-20	1
0	-0.9994597	0.03071135	-0.0022472346	-0.025132742	0	0	-0.9994597	0.03071135	-0.0022472346	1.7368389e-20	1
0	-0.9993561	0.033901803	-0.002256595	-0.018849555	0	0	-0.9993561	0.033901803	-0.002256595	1.9876165e-20	1
0	-0.99921495	0.037820406	-0.0022659844	-0.012566371	0	0	-0.99921495	0.037820406	-0.0022659844	2.2383637e-20	1
0	-0.99912393	0.04014665	-0.0022706576	-0.009424778	0	0	-0.99912393	0.04014665	-0.0022706576	2.3637218e-20	1
0	-0.99901474	0.0427694	-0.0022752886	-0.0062831854	0	0	-0.99901474	0.0427694	-0.0022752886	2.4890682e-20	1
0	-0.9989103	0.04513646	-0.0022789428	-0.0037699111	0	0	-0.9989103	0.04513646	-0.0022789428	2.589334e-20	1
0	-0.9988518	0.046412263	-0.0022807452	-0.002513274	0	0	-0.9988518	0.046412263	-0.0022807452	2.6394629e-20	1
0	-0.9988202	0.047085546	-0.0022816388	-0.0018849556	0	0	-0.9988202	0.047085546	-0.0022816388	2.6645263e-20	1
0	-0.9987876	0.047771305	-0.0022825256	-0.001256637	0	0	-0.9987876	0.047771305	-0.0022825256	2.6895889e-20	1
0	-0.9987876	0.047771305	-0.0022825256	-0.0010053096	0	0	-0.9987876	0.047771305	-0.0022825256	2.6996138e-20	1
0	-0.9987531	0.048486788	-0.0022834062	-0.0006283185	0	0	-0.9987531	0.048486788	-0.0022834062	2.7146507e-20	1
0	-0.9987319	0.04891896	-0.0022839336	-0.0002513274	0	0	-0.9987319	0.04891896	-0.0022839336	2.729687e-20	1
0	-0.9987319	0.04891896	-0.0022839336	-0.0001256637	0	0	-0.9987319	0.04891896	-0.0022839336	2.7346992e-20	1
0	-0.9987319	0.04891896	-0.0022839336	-6.283185e-05	0	0	-0.9987319	0.04891896	-0.0022839336	2.7372053e-20	1
0	-0.9987319	0.04891896	-0.0022839336	-2.5132742e-05	0	0	-0.9987319	0.04891896	-0.0022839336	2.7387087e-20	1
0	-0.9987319	0.04891896	-0.0022839336	-1.2566371e-05	0	0	-0.9987319	0.04891896	-0.0022839336	2.7392102e-20	1
0	-0.9987319	0.04891896	-0.0022839336	-6.2831855e-06	0	0	-0.9987319	0.04891896	-0.0022839336	2.7394606e-20	1
0	-0.9987319	0.04891896	-0.0022839336	-2.513274e-06	0	0	-0.9987319	0.04891896	-0.0022839336	2.7396112e-20	1
0	-0.9987319	0.04891896	-0.0022839336	-1.256637e-06	0	0	-0.9987319	0.04891896	-0.0022839336	2.7396613e-20	1
0	-0.9987319	0.04891896	-0.0022839336	-6.283185e-07	0	0	-0.9987319	0.04891896	-0.0022839336	2.7396862e-20	1
0	-0.9987319	0.04891896	-0.0022839336	-2.513274e-07	0	0	-0.9987319	0.04891896	-0.0022839336	2.7397014e-20	1
0	-0.9987319	0.04891896	-0.0022839336	-1.256637e-07	0	0	-0.9987319	0.04891896	-0.0022839336	2.7397062e-20	1
0	-0.9987319	0.04891896	-0.0022839336	0	0	0	-0.9987319	0.04891896	-0.0022839336	2.7397114e-20	1
0	-0.9987319	0.04891896	-0.0022839336	1.256637e-07	0	0	-0.9987319	0.04891896	-0.0022839336	2.7397162e-20	1
0	-0.9987319	0.04891896	-0.0022839336	2.513274e-07	0	0	-0.9987319	0.04891896	-0.0022839336	2.7397214e-20	1
0	-0.9987319	0.04891896	-0.0022839336	6.283185e-07	0	0	-0.9987319	0.04891896	-0.0022839336	2.7397362e-20	1
0	-0.9987319	0.04891896	-0.0022839336	1.256637e-06	0	0	-0.9987319	0.04891896	-0.0022839336	2.7397615e-20	1
0	-0.9987319	0.04891896	-0.0022839336	2.513274e-06	0	0	-0.9987319	0.04891896	-0.0022839336	2.7398115e-20	1
0	-0.9987319	0.04891896	-0.0022839336	6.2831855e-06	0	0	-0.9987319	0.04891896	-0.0022839336	2.7399618e-20	1
0	-0.9987319	0.04891896	-0.0022839336	1.2566371e-05	0	0	-0.9987319	0.04891896	-0.0022839336	2.7402125e-20	1
0	-0.9987319	0.04891896	-0.0022839336	2.5132742e-05	0	0	-0.9987319	0.04891896	-0.0022839336	2.7407137e-20	1
0	-0.9987319	0.04891896	-0.0022839336	6.283185e-05	0	0	-0.9987319	0.04891896	-0.0022839336	2.7422175e-20	1
0	-0.99871004	0.049361482	-0.0022844514	0.0001256637	0	0	-0.99871004	0.049361482	-0.0022844514	2.7447236e-20	1
0	-0.99871004	0.049361482	-0.0022844514	0.0002513274	0	0	-0.99871004	0.049361482	-0.0022844514	2.7497358e-20	1
0	-0.99868	0.049965113	-0.0022851469	0.0006283185	0	0	-0.99868	0.049965113	-0.0022851469	2.764771e-20	1
0	-0.99865735	0.050414436	-0.002285651	0.0010053096	0	0	-0.99865735	0.050414436	-0.002285651	2.7798067e-20	1
0	-0.99865735	0.050414436	-0.002285651	0.001256637	0	0	-0.99865735	0.050414436	-0.002285651	2.7898304e-20	1
0	-0.9985998	0.05154031	-0.0022868528	0.0018849556	0	0	-0.9985998	0.05154031	-0.0022868528	2.814888e-20	1
0	-0.99855673	0.052366156	-0.00228769	0.002513274	0	0	-0.99855673	0.052366156	-0.00228769	2.8399447e-20	1
0	-0.9984647	0.054091163	-0.0022893322	0.0037699111	0	0	-0.9984647	0.054091163	-0.0022893322	2.890055e-20	1
0	-0.99824923	0.057925355	-0.0022924233	0.0062831854	0	0	-0.99824923	0.057925355	-0.0022924233	2.9902608e-20	1
0	-0.9979063	0.06355195	-0.0022958582	0.009424778	0	0	-0.9979063	0.06355195	-0.0022958582	3.1154827e-20	1
0	-0.9974461	0.07039912	-0.0022984636	0.012566371	0	0	-0.9974461	0.07039912	-0.0022984636	3.2406555e-20	1
0	-0.9958834	0.08982094	-0.0022985428	0.018849555	0	0	-0.9958834	0.08982094	-0.0022985428	3.4907675e-20	1
0	-0.9920362	0.12533563	-0.002277588	0.025132742	0	0	-0.9920362	0.12533563	-0.002277588	3.740261e-20	1
0	0.99959826	-0.025845926	0.002228707	0.03769911	0	0	0.99959826	-0.025845926	0.002228707	1.2352216e-20	1
0	0.9996843	-0.022310004	0.0022105777	0.050265484	0	0	0.9996843	-0.022310004	0.0022105777	7.335499e-21	1
0	0.99974144	-0.019622432	0.002192857	0.06283186	0	0	0.99974144	-0.019622432	0.002192857	2.3184233e-21	1
