# t (s)	mx ()	my ()	mz ()	B_extx (T)	B_exty (T)	B_extz (T)	mx ()	my ()	mz ()	E_total (J)	branch ()
0	-0.1298762	0.9914555	0.0005012387	0	0.06283186	0	-0.1298762	0.9914555	0.0005012387	5.0635615e-21	-1
0	-0.19136235	0.98143554	0.0011700286	0	0.050265484	0	-0.19136235	0.98143554	0.0011700286	1.0018163e-20	-1
0	-0.29521298	0.95532525	0.0024391608	0	0.03769911	0	-0.29521298	0.95532525	0.0024391608	1.4887408e-20	-1
0	-0.42849964	0.90339446	0.0041563837	0	0.025132742	0	-0.42849964	0.90339446	0.0041563837	1.9562923e-20	-1
0	-0.49809977	0.8669461	0.0050003584	0	0.018849555	0	-0.49809977	0.8669461	0.0050003584	2.1785572e-20	-1
0	-0.5682787	0.8226342	0.005743865	0	0.012566371	0	-0.5682787	0.8226342	0.005743865	2.3907174e-20	-1
0	-0.60381913	0.79690456	0.006057781	0	0.009424778	0	-0.60381913	0.79690456	0.006057781	2.4923401e-20	-1
0	-0.6399517	0.76818323	0.006319586	0	0.0062831854	0	-0.6399517	0.76818323	0.006319586	2.5905537e-20	-1
0	-0.66952217	0.742548	0.0064819194	0	0.0037699111	0	-0.66952217	0.742548	0.0064819194	2.666391e-20	-1
0	-0.6846225	0.7286476	0.006543997	0	0.002513274	0	-0.6846225	0.7286476	0.006543997	2.7033101e-20	-1
0	-0.6922703	0.72138506	0.0065695513	0	0.0018849556	0	-0.6922703	0.72138506	0.0065695513	2.7215027e-20	-1
0	-0.6999837	0.7139025	0.0065910975	0	0.001256637	0	-0.6999837	0.7139025	0.0065910975	2.7395107e-20	-1
0	-0.6999837	0.7139025	0.0065910975	0	0.0010053096	0	-0.6999837	0.7139025	0.0065910975	2.7466762e-20	-1
0	-0.7077844	0.706169	0.0066083865	0	0.0006283185	0	-0.7077844	0.706169	0.0066083865	2.7573277e-20	-1
0	-0.7077844	0.706169	0.0066083865	0	0.0002513274	0	-0.7077844	0.706169	0.0066083865	2.7679593e-20	-1
0	-0.71408355	0.6997986	0.006618917	0	0.0001256637	0	-0.71408355	0.6997986	0.006618917	2.7714396e-20	-1
0	-0.71408355	0.6997986	0.006618917	0	6.283185e-05	0	-0.71408355	0.6997986	0.006618917	2.7731954e-20	-1
0	-0.71408355	0.6997986	0.006618917	0	2.5132742e-05	0	-0.71408355	0.6997986	0.006618917	2.774249e-20	-1
0	-0.71408355	0.6997986	0.006618917	0	1.2566371e-05	0	-0.71408355	0.6997986	0.006618917	2.7746003e-20	-1
0	-0.71408355	0.6997986	0.006618917	0	6.2831855e-06	0	-0.71408355	0.6997986	0.006618917	2.7747757e-20	-1
0	-0.71408355	0.6997986	0.006618917	0	2.513274e-06	0	-0.71408355	0.6997986	0.006618917	2.774881e-20	-1
0	-0.71408355	0.6997986	0.006618917	0	1.256637e-06	0	-0.71408355	0.6997986	0.006618917	2.7749163e-20	-1
0	-0.71408355	0.6997986	0.006618917	0	6.283185e-07	0	-0.71408355	0.6997986	0.006618917	2.7749338e-20	-1
0	-0.71408355	0.6997986	0.006618917	0	2.513274e-07	0	-0.71408355	0.6997986	0.006618917	2.7749444e-20	-1
0	-0.71408355	0.6997986	0.006618917	0	1.256637e-07	0	-0.71408355	0.6997986	0.006618917	2.774948e-20	-1
0	-0.71408355	0.6997986	0.006618917	0	0	0	-0.71408355	0.6997986	0.006618917	2.7749512e-20	-1
0	-0.71408355	0.6997986	0.006618917	0	-1.256637e-07	0	-0.71408355	0.6997986	0.006618917	2.7749548e-20	-1
0	-0.71408355	0.6997986	0.006618917	0	-2.513274e-07	0	-0.71408355	0.6997986	0.006618917	2.7749583e-20	-1
0	-0.71408355	0.6997986	0.006618917	0	-6.283185e-07	0	-0.71408355	0.6997986	0.006618917	2.774969e-20	-1
0	-0.71408355	0.6997986	0.006618917	0	-1.256637e-06	0	-0.71408355	0.6997986	0.006618917	2.7749864e-20	-1
0	-0.71408355	0.6997986	0.006618917	0	-2.513274e-06	0	-0.71408355	0.6997986	0.006618917	2.7750216e-20	-1
0	-0.71408355	0.6997986	0.006618917	0	-6.2831855e-06	0	-0.71408355	0.6997986	0.006618917	2.775127e-20	-1
0	-0.71408355	0.6997986	0.006618917	0	-1.2566371e-05	0	-0.71408355	0.6997986	0.006618917	2.7753024e-20	-1
0	-0.71408355	0.6997986	0.006618917	0	-2.5132742e-05	0	-0.71408355	0.6997986	0.006618917	2.7756537e-20	-1
0	-0.71408355	0.6997986	0.006618917	0	-6.283185e-05	0	-0.71408355	0.6997986	0.006618917	2.7767073e-20	-1
0	-0.71408355	0.6997986	0.006618917	0	-0.0001256637	0	-0.71408355	0.6997986	0.006618917	2.7784632e-20	-1
0	-0.71408355	0.6997986	0.006618917	0	-0.0002513274	0	-0.71408355	0.6997986	0.006618917	2.781975e-20	-1
0	-0.72366536	0.6898854	0.0066287993	0	-0.0006283185	0	-0.72366536	0.6898854	0.0066287993	2.7923624e-20	-1
0	-0.72366536	0.6898854	0.0066287993	0	-0.0010053096	0	-0.72366536	0.6898854	0.0066287993	2.802749e-20	-1
0	-0.73177016	0.6812829	0.0066311285	0	-0.001256637	0	-0.73177016	0.6812829	0.0066311285	2.809566e-20	-1
0	-0.73999906	0.6723362	0.006627572	0	-0.0018849556	0	-0.73999906	0.6723362	0.006627572	2.8265495e-20	-1
0	-0.748384	0.6629909	0.0066175163	0	-0.002513274	0	-0.748384	0.6629909	0.0066175163	2.843303e-20	-1
0	-0.76561844	0.64301395	0.0065752184	0	-0.0037699111	0	-0.76561844	0.64301395	0.0065752184	2.876082e-20	-1
0	-0.8029525	0.5957496	0.006370773	0	-0.0062831854	0	-0.8029525	0.5957496	0.006370773	2.9383465e-20	-1
0	-0.8613218	0.5077497	0.005658442	0	-0.009424778	0	-0.8613218	0.5077497	0.005658442	3.0081156e-20	-1
0	-0.4599898	-0.8877747	-7.867777e-05	0	-0.012566371	0	-0.4599898	-0.8877747	-7.867777e-05	2.5377583e-20	-1
0	0.4980982	-0.866947	-0.005000339	0	-0.018849555	0	0.4980982	-0.866947	-0.005000339	2.1785577e-20	-1
0	0.42850125	-0.9033936	-0.004156404	0	-0.025132742	0	0.42850125	-0.9033936	-0.004156404	1.9562925e-20	-1
0	0.2952249	-0.95532155	-0.002439314	0	-0.03769911	0	0.2952249	-0.95532155	-0.002439314	1.4887404e-20	-1
0	0.19138902	-0.9814304	-0.001170326	0	-0.050265484	0	0.19138902	-0.9814304	-0.001170326	1.0018165e-20	-1
0	0.12988302	-0.9914546	-0.00050131057	0	-0.06283186	0	0.12988302	-0.9914546	-0.00050131057	5.0635627e-21	-1
0	0.12988093	-0.99145484	-0.0005012876	0	-0.06283186	0	0.12988093	-0.99145484	-0.0005012876	5.063558e-21	1
0	0.19137928	-0.9814323	-0.0011702126	0	-0.050265484	0	0.19137928	-0.9814323	-0.0011702126	1.0018163e-20	1
0	0.29522753	-0.9553207	-0.002439348	0	-0.03769911	0	0.29522753	-0.9553207	-0.002439348	1.4887404e-20	1
0	0.42849493	-0.9033967	-0.004156328	0	-0.025132742	0	0.42849493	-0.9033967	-0.004156328	1.9562923e-20	1
0	0.4980983	-0.86694694	-0.00500034	0	-0.018849555	0	0.4980983	-0.86694694	-0.00500034	2.1785572e-20	1
0	0.5683031	-0.82261723	-0.0057440978	0	-0.012566371	0	0.5683031	-0.82261723	-0.0057440978	2.3907174e-20	1
0	0.60382324	-0.79690146	-0.0060578138	0	-0.009424778	0	0.60382324	-0.79690146	-0.0060578138	2.4923406e-20	1
0	0.63995564	-0.76817995	-0.0063196104	0	-0.0062831854	0	0.63995564	-0.76817995	-0.0063196104	2.5905534e-20	1
0	0.6695242	-0.7425462	-0.0064819288	0	-0.0037699111	0	0.6695242	-0.7425462	-0.0064819288	2.6663909e-20	1
0	0.68461883	-0.72865105	-0.0065439846	0	-0.002513274	0	0.68461883	-0.72865105	-0.0065439846	2.7033101e-20	1
0	0.6922641	-0.72139096	-0.0065695345	0	-0.0018849556	0	0.6922641	-0.72139096	-0.0065695345	2.7215027e-20	1
0	0.69998324	-0.7139029	-0.0065910956	0	-0.001256637	0	0.69998324	-0.7139029	-0.0065910956	2.7395107e-20	1
0	0.69998324	-0.7139029	-0.0065910956	0	-0.0010053096	0	0.69998324	-0.7139029	-0.0065910956	2.7466762e-20	1
0	0.7078066	-0.7061468	-0.0066084247	0	-0.0006283185	0	0.7078066	-0.7061468	-0.0066084247	2.7573274e-20	1
0	0.7078066	-0.7061468	-0.0066084247	0	-0.0002513274	0	0.7078066	-0.7061468	-0.0066084247	2.767959e-20	1
0	0.714097	-0.6997849	-0.0066189338	0	-0.0001256637	0	0.714097	-0.6997849	-0.0066189338	2.7714392e-20	1
0	0.714097	-0.6997849	-0.0066189338	0	-6.283185e-05	0	0.714097	-0.6997849	-0.0066189338	2.7731954e-20	1
0	0.714097	-0.6997849	-0.0066189338	0	-2.5132742e-05	0	0.714097	-0.6997849	-0.0066189338	2.7742487e-20	1
0	0.714097	-0.6997849	-0.0066189338	0	-1.2566371e-05	0	0.714097	-0.6997849	-0.0066189338	2.7746e-20	1
0	0.714097	-0.6997849	-0.0066189338	0	-6.2831855e-06	0	0.714097	-0.6997849	-0.0066189338	2.7747757e-20	1
0	0.714097	-0.6997849	-0.0066189338	0	-2.513274e-06	0	0.714097	-0.6997849	-0.0066189338	2.774881e-20	1
0	0.714097	-0.6997849	-0.0066189338	0	-1.256637e-06	0	0.714097	-0.6997849	-0.0066189338	2.774916e-20	1
0	0.714097	-0.6997849	-0.0066189338	0	-6.283185e-07	0	0.714097	-0.6997849	-0.0066189338	2.7749338e-20	1
0	0.714097	-0.6997849	-0.0066189338	0	-2.513274e-07	0	0.714097	-0.6997849	-0.0066189338	2.774944e-20	1
0	0.714097	-0.6997849	-0.0066189338	0	-1.256637e-07	0	0.714097	-0.6997849	-0.0066189338	2.7749476e-20	1
0	0.714097	-0.6997849	-0.0066189338	0	0	0	0.714097	-0.6997849	-0.0066189338	2.7749512e-20	1
0	0.714097	-0.6997849	-0.0066189338	0	1.256637e-07	0	0.714097	-0.6997849	-0.0066189338	2.7749548e-20	1
0	0.714097	-0.6997849	-0.0066189338	0	2.513274e-07	0	0.714097	-0.6997849	-0.0066189338	2.7749583e-20	1
0	0.714097	-0.6997849	-0.0066189338	0	6.283185e-07	0	0.714097	-0.6997849	-0.0066189338	2.7749687e-20	1
0	0.714097	-0.6997849	-0.0066189338	0	1.256637e-06	0	0.714097	-0.6997849	-0.0066189338	2.7749864e-20	1
0	0.714097	-0.6997849	-0.0066189338	0	2.513274e-06	0	0.714097	-0.6997849	-0.0066189338	2.7750213e-20	1
0	0.714097	-0.6997849	-0.0066189338	0	6.2831855e-06	0	0.714097	-0.6997849	-0.0066189338	2.775127e-20	1
0	0.714097	-0.6997849	-0.0066189338	0	1.2566371e-05	0	0.714097	-0.6997849	-0.0066189338	2.7753024e-20	1
0	0.714097	-0.6997849	-0.0066189338	0	2.5132742e-05	0	0.714097	-0.6997849	-0.0066189338	2.7756537e-20	1
0	0.714097	-0.6997849	-0.0066189338	0	6.283185e-05	0	0.714097	-0.6997849	-0.0066189338	2.776707e-20	1
0	0.714097	-0.6997849	-0.0066189338	0	0.0001256637	0	0.714097	-0.6997849	-0.0066189338	2.7784632e-20	1
0	0.714097	-0.6997849	-0.0066189338	0	0.0002513274	0	0.714097	-0.6997849	-0.0066189338	2.781975e-20	1
0	0.723683	-0.6898669	-0.0066288067	0	0.0006283185	0	0.723683	-0.6898669	-0.0066288067	2.7923624e-20	1
0	0.723683	-0.6898669	-0.0066288067	0	0.0010053096	0	0.723683	-0.6898669	-0.0066288067	2.802749e-20	1
0	0.7317759	-0.6812767	-0.0066311257	0	0.001256637	0	0.7317759	-0.6812767	-0.0066311257	2.8095658e-20	1
0	0.74000126	-0.6723337	-0.006627569	0	0.0018849556	0	0.74000126	-0.6723337	-0.006627569	2.8265495e-20	1
0	0.7483676	-0.6630094	-0.006617552	0	0.002513274	0	0.7483676	-0.6630094	-0.006617552	2.8433035e-20	1
0	0.7656405	-0.6429877	-0.0065751383	0	0.0037699111	0	0.7656405	-0.6429877	-0.0065751383	2.8760824e-20	1
0	0.8029574	-0.59574294	-0.0063707326	0	0.0062831854	0	0.8029574	-0.59574294	-0.0063707326	2.9383465e-20	1
0	0.86132514	-0.5077439	-0.005658382	0	0.009424778	0	0.86132514	-0.5077439	-0.005658382	3.0081156e-20	1
0	0.45996702	0.8877865	7.844197e-05	0	0.012566371	0	0.45996702	0.8877865	7.844197e-05	2.5377581e-20	1
0	-0.4980992	0.86694646	0.00500035	0	0.018849555	0	-0.4980992	0.86694646	0.00500035	2.1785575e-20	1
0	-0.42849988	0.90339434	0.004156386	0	0.025132742	0	-0.42849988	0.90339434	0.004156386	1.9562918e-20	1
0	-0.29522395	0.9553218	0.0024393033	0	0.03769911	0	-0.29522395	0.9553218	0.0024393033	1.4887403e-20	1
0	-0.19138348	0.9814315	0.0011702615	0	0.050265484	0	-0.19138348	0.9814315	0.0011702615	1.00181645e-20	1
0	-0.12988234	0.9914547	0.00050130277	0	0.06283186	0	-0.12988234	0.9914547	0.00050130277	5.0635595e-21	1
