# t (s)	mx ()	my ()	mz ()	B_extx (T)	B_exty (T)	B_extz (T)	mx ()	my ()	mz ()	E_total (J)	branch ()
0	-0.050280537	0.99866474	0.002964025	0	0.06283186	0	-0.050280537	0.99866474	0.002964025	4.5326997e-21	-1
0	-0.05965419	0.9981474	0.0030252517	0	0.050265484	0	-0.05965419	0.9981474	0.0030252517	9.543323e-21	-1
0	-0.0731454	0.9972479	0.0031029382	0	0.03769911	0	-0.0731454	0.9972479	0.0031029382	1.4550498e-20	-1
0	-0.094073415	0.99548936	0.003208831	0	0.025132742	0	-0.094073415	0.99548936	0.003208831	1.9551314e-20	-1
0	-0.10942342	0.9939174	0.0032790976	0	0.018849555	0	-0.10942342	0.9939174	0.0032790976	2.2047418e-20	-1
0	-0.13028917	0.9913955	0.0033672957	0	0.012566371	0	-0.13028917	0.9913955	0.0033672957	2.4538507e-20	-1
0	-0.14377381	0.98952806	0.0034204838	0	0.009424778	0	-0.14377381	0.98952806	0.0034204838	2.5781221e-20	-1
0	-0.16014573	0.98700845	0.003481396	0	0.0062831854	0	-0.16014573	0.98700845	0.003481396	2.7021209e-20	-1
0	-0.17599192	0.98430413	0.0035366863	0	0.0037699111	0	-0.17599192	0.98430413	0.0035366863	2.8010575e-20	-1
0	-0.18510449	0.98262984	0.0035668693	0	0.002513274	0	-0.18510449	0.98262984	0.0035668693	2.850414e-20	-1
0	-0.1899957	0.98169506	0.0035825898	0	0.0018849556	0	-0.1899957	0.98169506	0.0035825898	2.8750588e-20	-1
0	-0.195189	0.98067486	0.0035989	0	0.001256637	0	-0.195189	0.98067486	0.0035989	2.8996797e-20	-1
0	-0.195189	0.98067486	0.0035989	0	0.0010053096	0	-0.195189	0.98067486	0.0035989	2.9095225e-20	-1
0	-0.20064932	0.97957134	0.003615639	0	0.0006283185	0	-0.20064932	0.97957134	0.003615639	2.924273e-20	-1
0	-0.20407192	0.9788635	0.0036259186	0	0.0002513274	0	-0.20407192	0.9788635	0.0036259186	2.9390157e-20	-1
0	-0.20407192	0.9788635	0.0036259186	0	0.0001256637	0	-0.20407192	0.9788635	0.0036259186	2.943928e-20	-1
0	-0.20407192	0.9788635	0.0036259186	0	6.283185e-05	0	-0.20407192	0.9788635	0.0036259186	2.9463844e-20	-1
0	-0.20407192	0.9788635	0.0036259186	0	2.5132742e-05	0	-0.20407192	0.9788635	0.0036259186	2.947858e-20	-1
0	-0.20407192	0.9788635	0.0036259186	0	1.2566371e-05	0	-0.20407192	0.9788635	0.0036259186	2.9483493e-20	-1
0	-0.20407192	0.9788635	0.0036259186	0	6.2831855e-06	0	-0.20407192	0.9788635	0.0036259186	2.9485948e-20	-1
0	-0.20407192	0.9788635	0.0036259186	0	2.513274e-06	0	-0.20407192	0.9788635	0.0036259186	2.9487425e-20	-1
0	-0.20407192	0.9788635	0.0036259186	0	1.256637e-06	0	-0.20407192	0.9788635	0.0036259186	2.9487916e-20	-1
0	-0.20407192	0.9788635	0.0036259186	0	6.283185e-07	0	-0.20407192	0.9788635	0.0036259186	2.9488162e-20	-1
0	-0.20407192	0.9788635	0.0036259186	0	2.513274e-07	0	-0.20407192	0.9788635	0.0036259186	2.9488307e-20	-1
0	-0.20407192	0.9788635	0.0036259186	0	1.256637e-07	0	-0.20407192	0.9788635	0.0036259186	2.9488356e-20	-1
0	-0.20407192	0.9788635	0.0036259186	0	0	0	-0.20407192	0.9788635	0.0036259186	2.9488407e-20	-1
0	-0.20407192	0.9788635	0.0036259186	0	-1.256637e-07	0	-0.20407192	0.9788635	0.0036259186	2.9488456e-20	-1
0	-0.20407192	0.9788635	0.0036259186	0	-2.513274e-07	0	-0.20407192	0.9788635	0.0036259186	2.9488504e-20	-1
0	-0.20407192	0.9788635	0.0036259186	0	-6.283185e-07	0	-0.20407192	0.9788635	0.0036259186	2.9488653e-20	-1
0	-0.20407192	0.9788635	0.0036259186	0	-1.256637e-06	0	-0.20407192	0.9788635	0.0036259186	2.9488898e-20	-1
0	-0.20407192	0.9788635	0.0036259186	0	-2.513274e-06	0	-0.20407192	0.9788635	0.0036259186	2.948939e-20	-1
0	-0.20407192	0.9788635	0.0036259186	0	-6.2831855e-06	0	-0.20407192	0.9788635	0.0036259186	2.9490863e-20	-1
0	-0.20407192	0.9788635	0.0036259186	0	-1.2566371e-05	0	-0.20407192	0.9788635	0.0036259186	2.949332e-20	-1
0	-0.20407192	0.9788635	0.0036259186	0	-2.5132742e-05	0	-0.20407192	0.9788635	0.0036259186	2.949823e-20	-1
0	-0.20700526	0.97824687	0.0036345946	0	-6.283185e-05	0	-0.20700526	0.97824687	0.0036345946	2.951293e-20	-1
0	-0.20700526	0.97824687	0.0036345946	0	-0.0001256637	0	-0.20700526	0.97824687	0.0036345946	2.9537476e-20	-1
0	-0.20700526	0.97824687	0.0036345946	0	-0.0002513274	0	-0.20700526	0.97824687	0.0036345946	2.9586567e-20	-1
0	-0.2125462	0.977057	0.0036506373	0	-0.0006283185	0	-0.2125462	0.977057	0.0036506373	2.9733715e-20	-1
0	-0.21641162	0.97620744	0.0036615662	0	-0.0010053096	0	-0.21641162	0.97620744	0.0036615662	2.9880756e-20	-1
0	-0.21641162	0.97620744	0.0036615662	0	-0.001256637	0	-0.21641162	0.97620744	0.0036615662	2.9978738e-20	-1
0	-0.22598788	0.9740334	0.0036877105	0	-0.0018849556	0	-0.22598788	0.9740334	0.0036877105	3.022332e-20	-1
0	-0.23341125	0.9722799	0.0037070406	0	-0.002513274	0	-0.23341125	0.9722799	0.0037070406	3.0467508e-20	-1
0	-0.25005546	0.9681299	0.0037473547	0	-0.0037699111	0	-0.25005546	0.9681299	0.0037473547	3.0954446e-20	-1
0	-0.294205	0.9556304	0.003833227	0	-0.0062831854	0	-0.294205	0.9556304	0.003833227	3.1920506e-20	-1
0	-0.92021555	-0.39110863	-0.0017939858	0	-0.009424778	0	-0.92021555	-0.39110863	-0.0017939858	2.6308777e-20	-1
0	-0.8781837	-0.47803771	-0.0015694851	0	-0.012566371	0	-0.8781837	-0.47803771	-0.0015694851	2.5765655e-20	-1
0	0.10941808	-0.99391794	-0.0032790767	0	-0.018849555	0	0.10941808	-0.99391794	-0.0032790767	2.2047418e-20	-1
0	0.094077006	-0.995489	-0.003208844	0	-0.025132742	0	0.094077006	-0.995489	-0.003208844	1.955131e-20	-1
0	0.07315015	-0.9972476	-0.0031029729	0	-0.03769911	0	0.07315015	-0.9972476	-0.0031029729	1.4550495e-20	-1
0	0.059655815	-0.9981473	-0.003025258	0	-0.050265484	0	0.059655815	-0.9981473	-0.003025258	9.5433225e-21	-1
0	0.050284557	-0.9986646	-0.0029640384	0	-0.06283186	0	0.050284557	-0.9986646	-0.0029640384	4.5327054e-21	-1
0	0.050284557	-0.9986646	-0.0029640384	0	-0.06283186	0	0.050284557	-0.9986646	-0.0029640384	4.5327054e-21	1
0	0.05965464	-0.99814737	-0.0030252533	0	-0.050265484	0	0.05965464	-0.99814737	-0.0030252533	9.543319e-21	1
0	0.07314734	-0.99724776	-0.003102962	0	-0.03769911	0	0.07314734	-0.99724776	-0.003102962	1.4550496e-20	1
0	0.0940714	-0.99548954	-0.0032088198	0	-0.025132742	0	0.0940714	-0.99548954	-0.0032088198	1.9551314e-20	1
0	0.10942317	-0.99391747	-0.003279082	0	-0.018849555	0	0.10942317	-0.99391747	-0.003279082	2.2047418e-20	1
0	0.13028863	-0.9913955	-0.003367296	0	-0.012566371	0	0.13028863	-0.9913955	-0.003367296	2.4538505e-20	1
0	0.14376731	-0.989529	-0.0034204628	0	-0.009424778	0	0.14376731	-0.989529	-0.0034204628	2.5781223e-20	1
0	0.16013947	-0.9870095	-0.0034813755	0	-0.0062831854	0	0.16013947	-0.9870095	-0.0034813755	2.7021209e-20	1
0	0.17599756	-0.9843031	-0.0035367017	0	-0.0037699111	0	0.17599756	-0.9843031	-0.0035367017	2.8010575e-20	1
0	0.18510711	-0.9826293	-0.0035668768	0	-0.002513274	0	0.18510711	-0.9826293	-0.0035668768	2.850414e-20	1
0	0.19002016	-0.9816903	-0.003582662	0	-0.0018849556	0	0.19002016	-0.9816903	-0.003582662	2.8750588e-20	1
0	0.19518822	-0.980675	-0.003598898	0	-0.001256637	0	0.19518822	-0.980675	-0.003598898	2.8996794e-20	1
0	0.19518822	-0.980675	-0.003598898	0	-0.0010053096	0	0.19518822	-0.980675	-0.003598898	2.9095225e-20	1
0	0.2006458	-0.97957206	-0.0036156322	0	-0.0006283185	0	0.2006458	-0.97957206	-0.0036156322	2.924273e-20	1
0	0.20406216	-0.9788655	-0.0036258912	0	-0.0002513274	0	0.20406216	-0.9788655	-0.0036258912	2.9390157e-20	1
0	0.20406216	-0.9788655	-0.0036258912	0	-0.0001256637	0	0.20406216	-0.9788655	-0.0036258912	2.943928e-20	1
0	0.20406216	-0.9788655	-0.0036258912	0	-6.283185e-05	0	0.20406216	-0.9788655	-0.0036258912	2.9463844e-20	1
0	0.2061851	-0.97842014	-0.003632178	0	-2.5132742e-05	0	0.2061851	-0.97842014	-0.003632178	2.9478562e-20	1
0	0.2061851	-0.97842014	-0.003632178	0	-1.2566371e-05	0	0.2061851	-0.97842014	-0.003632178	2.948347e-20	1
0	0.2061851	-0.97842014	-0.003632178	0	-6.2831855e-06	0	0.2061851	-0.97842014	-0.003632178	2.9485926e-20	1
0	0.2061851	-0.97842014	-0.003632178	0	-2.513274e-06	0	0.2061851	-0.97842014	-0.003632178	2.94874e-20	1
0	0.2061851	-0.97842014	-0.003632178	0	-1.256637e-06	0	0.2061851	-0.97842014	-0.003632178	2.948789e-20	1
0	0.2061851	-0.97842014	-0.003632178	0	-6.283185e-07	0	0.2061851	-0.97842014	-0.003632178	2.9488136e-20	1
0	0.2061851	-0.97842014	-0.003632178	0	-2.513274e-07	0	0.2061851	-0.97842014	-0.003632178	2.9488284e-20	1
0	0.2061851	-0.97842014	-0.003632178	0	-1.256637e-07	0	0.2061851	-0.97842014	-0.003632178	2.9488333e-20	1
0	0.2061851	-0.97842014	-0.003632178	0	0	0	0.2061851	-0.97842014	-0.003632178	2.948838e-20	1
0	0.2061851	-0.97842014	-0.003632178	0	1.256637e-07	0	0.2061851	-0.97842014	-0.003632178	2.948843e-20	1
0	0.2061851	-0.97842014	-0.003632178	0	2.513274e-07	0	0.2061851	-0.97842014	-0.003632178	2.9488478e-20	1
0	0.2061851	-0.97842014	-0.003632178	0	6.283185e-07	0	0.2061851	-0.97842014	-0.003632178	2.9488627e-20	1
0	0.2061851	-0.97842014	-0.003632178	0	1.256637e-06	0	0.2061851	-0.97842014	-0.003632178	2.9488873e-20	1
0	0.2061851	-0.97842014	-0.003632178	0	2.513274e-06	0	0.2061851	-0.97842014	-0.003632178	2.9489364e-20	1
0	0.2061851	-0.97842014	-0.003632178	0	6.2831855e-06	0	0.2061851	-0.97842014	-0.003632178	2.9490837e-20	1
0	0.2061851	-0.97842014	-0.003632178	0	1.2566371e-05	0	0.2061851	-0.97842014	-0.003632178	2.9493293e-20	1
0	0.2061851	-0.97842014	-0.003632178	0	2.5132742e-05	0	0.2061851	-0.97842014	-0.003632178	2.94982e-20	1
0	0.2061851	-0.97842014	-0.003632178	0	6.283185e-05	0	0.2061851	-0.97842014	-0.003632178	2.9512932e-20	1
0	0.2061851	-0.97842014	-0.003632178	0	0.0001256637	0	0.2061851	-0.97842014	-0.003632178	2.9537482e-20	1
0	0.2061851	-0.97842014	-0.003632178	0	0.0002513274	0	0.2061851	-0.97842014	-0.003632178	2.9586586e-20	1
0	0.21254206	-0.97705793	-0.003650627	0	0.0006283185	0	0.21254206	-0.97705793	-0.003650627	2.9733718e-20	1
0	0.216397	-0.9762107	-0.003661523	0	0.0010053096	0	0.216397	-0.9762107	-0.003661523	2.9880753e-20	1
0	0.216397	-0.9762107	-0.003661523	0	0.001256637	0	0.216397	-0.9762107	-0.003661523	2.9978735e-20	1
0	0.22599341	-0.97403216	-0.0036877235	0	0.0018849556	0	0.22599341	-0.97403216	-0.0036877235	3.0223315e-20	1
0	0.2334184	-0.97227824	-0.003707058	0	0.002513274	0	0.2334184	-0.97227824	-0.003707058	3.046751e-20	1
0	0.25003493	-0.9681351	-0.0037473212	0	0.0037699111	0	0.25003493	-0.9681351	-0.0037473212	3.0954443e-20	1
0	0.29422057	-0.95562565	-0.0038332501	0	0.0062831854	0	0.29422057	-0.95562565	-0.0038332501	3.1920502e-20	1
0	0.92021394	0.3911124	0.0017939771	0	0.009424778	0	0.92021394	0.3911124	0.0017939771	2.6308778e-20	1
0	0.87818325	0.4780385	0.0015694832	0	0.012566371	0	0.87818325	0.4780385	0.0015694832	2.5765657e-20	1
0	-0.10942859	0.9939168	0.003279116	0	0.018849555	0	-0.10942859	0.9939168	0.003279116	2.2047415e-20	1
0	-0.09407962	0.99548876	0.0032088533	0	0.025132742	0	-0.09407962	0.99548876	0.0032088533	1.9551314e-20	1
0	-0.07315158	0.9972474	0.0031029787	0	0.03769911	0	-0.07315158	0.9972474	0.0031029787	1.4550495e-20	1
0	-0.059656423	0.99814725	0.0030252624	0	0.050265484	0	-0.059656423	0.99814725	0.0030252624	9.54332e-21	1
0	-0.050285175	0.9986645	0.002964041	0	0.06283186	0	-0.050285175	0.9986645	0.002964041	4.532702e-21	1
