# t (s)	mx ()	my ()	mz ()	B_extx (T)	B_exty (T)	B_extz (T)	mx ()	my ()	mz ()	E_total (J)	branch ()
0	-0.03378012	0.9993632	0.0012577986	0	0.06283186	0	-0.03378012	0.9993632	0.0012577986	4.571854e-21	-1
0	-0.040087648	0.999129	0.0013071853	0	0.050265484	0	-0.040087648	0.999129	0.0013071853	9.586626e-21	-1
0	-0.049229063	0.99871916	0.0013750659	0	0.03769911	0	-0.049229063	0.99871916	0.0013750659	1.4599835e-20	-1
0	-0.06365357	0.9979021	0.0014771578	0	0.025132742	0	-0.06365357	0.9979021	0.0014771578	1.9610118e-20	-1
0	-0.074462	0.9971528	0.0015512721	0	0.018849555	0	-0.074462	0.9971528	0.0015512721	2.2113239e-20	-1
0	-0.089505896	0.9959136	0.0016521813	0	0.012566371	0	-0.089505896	0.9959136	0.0016521813	2.4613935e-20	-1
0	-0.09948993	0.99496484	0.0017179849	0	0.009424778	0	-0.09948993	0.99496484	0.0017179849	2.5862867e-20	-1
0	-0.1118837	0.99364614	0.0017985132	0	0.0062831854	0	-0.1118837	0.99364614	0.0017985132	2.71104e-20	-1
0	-0.12418575	0.9921823	0.00187722	0	0.0037699111	0	-0.12418575	0.9921823	0.00187722	2.8107022e-20	-1
0	-0.13138956	0.9912532	0.0019227397	0	0.002513274	0	-0.13138956	0.9912532	0.0019227397	2.8604726e-20	-1
0	-0.1353107	0.9907251	0.0019473288	0	0.0018849556	0	-0.1353107	0.9907251	0.0019473288	2.885339e-20	-1
0	-0.13947988	0.99014616	0.0019733342	0	0.001256637	0	-0.13947988	0.99014616	0.0019733342	2.9101914e-20	-1
0	-0.13947988	0.99014616	0.0019733342	0	0.0010053096	0	-0.13947988	0.99014616	0.0019733342	2.9201295e-20	-1
0	-0.14389843	0.98951316	0.002000731	0	0.0006283185	0	-0.14389843	0.98951316	0.002000731	2.9350287e-20	-1
0	-0.14671898	0.9890984	0.0020181478	0	0.0002513274	0	-0.14671898	0.9890984	0.0020181478	2.9499235e-20	-1
0	-0.14671898	0.9890984	0.0020181478	0	0.0001256637	0	-0.14671898	0.9890984	0.0020181478	2.9548872e-20	-1
0	-0.14671898	0.9890984	0.0020181478	0	6.283185e-05	0	-0.14671898	0.9890984	0.0020181478	2.957369e-20	-1
0	-0.14671898	0.9890984	0.0020181478	0	2.5132742e-05	0	-0.14671898	0.9890984	0.0020181478	2.9588583e-20	-1
0	-0.14671898	0.9890984	0.0020181478	0	1.2566371e-05	0	-0.14671898	0.9890984	0.0020181478	2.9593546e-20	-1
0	-0.14671898	0.9890984	0.0020181478	0	6.2831855e-06	0	-0.14671898	0.9890984	0.0020181478	2.9596028e-20	-1
0	-0.14671898	0.9890984	0.0020181478	0	2.513274e-06	0	-0.14671898	0.9890984	0.0020181478	2.9597518e-20	-1
0	-0.14671898	0.9890984	0.0020181478	0	1.256637e-06	0	-0.14671898	0.9890984	0.0020181478	2.9598012e-20	-1
0	-0.14671898	0.9890984	0.0020181478	0	6.283185e-07	0	-0.14671898	0.9890984	0.0020181478	2.959826e-20	-1
0	-0.14671898	0.9890984	0.0020181478	0	2.513274e-07	0	-0.14671898	0.9890984	0.0020181478	2.959841e-20	-1
0	-0.14671898	0.9890984	0.0020181478	0	1.256637e-07	0	-0.14671898	0.9890984	0.0020181478	2.959846e-20	-1
0	-0.14671898	0.9890984	0.0020181478	0	0	0	-0.14671898	0.9890984	0.0020181478	2.959851e-20	-1
0	-0.14671898	0.9890984	0.0020181478	0	-1.256637e-07	0	-0.14671898	0.9890984	0.0020181478	2.9598558e-20	-1
0	-0.14671898	0.9890984	0.0020181478	0	-2.513274e-07	0	-0.14671898	0.9890984	0.0020181478	2.959861e-20	-1
0	-0.14671898	0.9890984	0.0020181478	0	-6.283185e-07	0	-0.14671898	0.9890984	0.0020181478	2.9598758e-20	-1
0	-0.14671898	0.9890984	0.0020181478	0	-1.256637e-06	0	-0.14671898	0.9890984	0.0020181478	2.9599007e-20	-1
0	-0.14671898	0.9890984	0.0020181478	0	-2.513274e-06	0	-0.14671898	0.9890984	0.0020181478	2.95995e-20	-1
0	-0.14671898	0.9890984	0.0020181478	0	-6.2831855e-06	0	-0.14671898	0.9890984	0.0020181478	2.960099e-20	-1
0	-0.14671898	0.9890984	0.0020181478	0	-1.2566371e-05	0	-0.14671898	0.9890984	0.0020181478	2.9603473e-20	-1
0	-0.14671898	0.9890984	0.0020181478	0	-2.5132742e-05	0	-0.14671898	0.9890984	0.0020181478	2.9608436e-20	-1
0	-0.14910834	0.9887408	0.0020328076	0	-6.283185e-05	0	-0.14910834	0.9887408	0.0020328076	2.962331e-20	-1
0	-0.14910834	0.9887408	0.0020328076	0	-0.0001256637	0	-0.14910834	0.9887408	0.0020328076	2.9648118e-20	-1
0	-0.14910834	0.9887408	0.0020328076	0	-0.0002513274	0	-0.14910834	0.9887408	0.0020328076	2.969774e-20	-1
0	-0.15366611	0.9880421	0.0020606786	0	-0.0006283185	0	-0.15366611	0.9880421	0.0020606786	2.984652e-20	-1
0	-0.15366611	0.9880421	0.0020606786	0	-0.0010053096	0	-0.15366611	0.9880421	0.0020606786	2.9995275e-20	-1
0	-0.15906246	0.98718697	0.0020934292	0	-0.001256637	0	-0.15906246	0.98718697	0.0020934292	3.0094336e-20	-1
0	-0.16490604	0.9862268	0.0021285682	0	-0.0018849556	0	-0.16490604	0.9862268	0.0021285682	3.0341925e-20	-1
0	-0.17118466	0.98515546	0.0021659113	0	-0.002513274	0	-0.17118466	0.98515546	0.0021659113	3.0589262e-20	-1
0	-0.18546481	0.98256505	0.0022494458	0	-0.0037699111	0	-0.18546481	0.98256505	0.0022494458	3.108304e-20	-1
0	-0.22459471	0.9743591	0.0024661995	0	-0.0062831854	0	-0.22459471	0.9743591	0.0024661995	3.2065572e-20	-1
0	0.9872601	-0.15859488	0.0030573858	0	-0.009424778	0	0.9872601	-0.15859488	0.0030573858	2.7468426e-20	-1
0	0.08951306	-0.995913	-0.0016522362	0	-0.012566371	0	0.08951306	-0.995913	-0.0016522362	2.4613934e-20	-1
0	0.07447074	-0.9971521	-0.0015513282	0	-0.018849555	0	0.07447074	-0.9971521	-0.0015513282	2.211324e-20	-1
0	0.06366003	-0.9979017	-0.0014771982	0	-0.025132742	0	0.06366003	-0.9979017	-0.0014771982	1.9610118e-20	-1
0	0.04924354	-0.9987184	-0.0013751592	0	-0.03769911	0	0.04924354	-0.9987184	-0.0013751592	1.4599832e-20	-1
0	0.040091112	-0.9991289	-0.001307164	0	-0.050265484	0	0.040091112	-0.9991289	-0.001307164	9.5866275e-21	-1
0	0.033782385	-0.99936306	-0.0012578121	0	-0.06283186	0	0.033782385	-0.99936306	-0.0012578121	4.5718503e-21	-1
0	0.033782385	-0.99936306	-0.0012578121	0	-0.06283186	0	0.033782385	-0.99936306	-0.0012578121	4.5718503e-21	1
0	0.040085588	-0.99912906	-0.001307175	0	-0.050265484	0	0.040085588	-0.99912906	-0.001307175	9.58663e-21	1
0	0.04923698	-0.99871874	-0.0013751169	0	-0.03769911	0	0.04923698	-0.99871874	-0.0013751169	1.4599833e-20	1
0	0.06365301	-0.99790215	-0.0014771554	0	-0.025132742	0	0.06365301	-0.99790215	-0.0014771554	1.9610116e-20	1
0	0.07445374	-0.9971534	-0.0015512188	0	-0.018849555	0	0.07445374	-0.9971534	-0.0015512188	2.211324e-20	1
0	0.08951255	-0.995913	-0.0016522235	0	-0.012566371	0	0.08951255	-0.995913	-0.0016522235	2.4613937e-20	1
0	0.09948989	-0.99496484	-0.0017179828	0	-0.009424778	0	0.09948989	-0.99496484	-0.0017179828	2.5862867e-20	1
0	0.11187963	-0.9936466	-0.0017984877	0	-0.0062831854	0	0.11187963	-0.9936466	-0.0017984877	2.71104e-20	1
0	0.12417525	-0.9921836	-0.0018771545	0	-0.0037699111	0	0.12417525	-0.9921836	-0.0018771545	2.810702e-20	1
0	0.13139053	-0.991253	-0.0019227432	0	-0.002513274	0	0.13139053	-0.991253	-0.0019227432	2.8604723e-20	1
0	0.13531214	-0.9907249	-0.0019473375	0	-0.0018849556	0	0.13531214	-0.9907249	-0.0019473375	2.8853388e-20	1
0	0.13947242	-0.99014723	-0.0019732877	0	-0.001256637	0	0.13947242	-0.99014723	-0.0019732877	2.9101914e-20	1
0	0.13947242	-0.99014723	-0.0019732877	0	-0.0010053096	0	0.13947242	-0.99014723	-0.0019732877	2.9201295e-20	1
0	0.14389484	-0.98951364	-0.00200069	0	-0.0006283185	0	0.14389484	-0.98951364	-0.00200069	2.9350287e-20	1
0	0.146696	-0.9891019	-0.0020179888	0	-0.0002513274	0	0.146696	-0.9891019	-0.0020179888	2.9499235e-20	1
0	0.146696	-0.9891019	-0.0020179888	0	-0.0001256637	0	0.146696	-0.9891019	-0.0020179888	2.9548872e-20	1
0	0.146696	-0.9891019	-0.0020179888	0	-6.283185e-05	0	0.146696	-0.9891019	-0.0020179888	2.957369e-20	1
0	0.146696	-0.9891019	-0.0020179888	0	-2.5132742e-05	0	0.146696	-0.9891019	-0.0020179888	2.9588583e-20	1
0	0.146696	-0.9891019	-0.0020179888	0	-1.2566371e-05	0	0.146696	-0.9891019	-0.0020179888	2.9593546e-20	1
0	0.146696	-0.9891019	-0.0020179888	0	-6.2831855e-06	0	0.146696	-0.9891019	-0.0020179888	2.9596028e-20	1
0	0.146696	-0.9891019	-0.0020179888	0	-2.513274e-06	0	0.146696	-0.9891019	-0.0020179888	2.9597518e-20	1
0	0.146696	-0.9891019	-0.0020179888	0	-1.256637e-06	0	0.146696	-0.9891019	-0.0020179888	2.9598015e-20	1
0	0.146696	-0.9891019	-0.0020179888	0	-6.283185e-07	0	0.146696	-0.9891019	-0.0020179888	2.9598264e-20	1
0	0.146696	-0.9891019	-0.0020179888	0	-2.513274e-07	0	0.146696	-0.9891019	-0.0020179888	2.9598413e-20	1
0	0.146696	-0.9891019	-0.0020179888	0	-1.256637e-07	0	0.146696	-0.9891019	-0.0020179888	2.959846e-20	1
0	0.146696	-0.9891019	-0.0020179888	0	0	0	0.146696	-0.9891019	-0.0020179888	2.9598513e-20	1
0	0.146696	-0.9891019	-0.0020179888	0	1.256637e-07	0	0.146696	-0.9891019	-0.0020179888	2.959856e-20	1
0	0.146696	-0.9891019	-0.0020179888	0	2.513274e-07	0	0.146696	-0.9891019	-0.0020179888	2.959861e-20	1
0	0.146696	-0.9891019	-0.0020179888	0	6.283185e-07	0	0.146696	-0.9891019	-0.0020179888	2.9598758e-20	1
0	0.146696	-0.9891019	-0.0020179888	0	1.256637e-06	0	0.146696	-0.9891019	-0.0020179888	2.9599007e-20	1
0	0.146696	-0.9891019	-0.0020179888	0	2.513274e-06	0	0.146696	-0.9891019	-0.0020179888	2.9599505e-20	1
0	0.146696	-0.9891019	-0.0020179888	0	6.2831855e-06	0	0.146696	-0.9891019	-0.0020179888	2.9600994e-20	1
0	0.146696	-0.9891019	-0.0020179888	0	1.2566371e-05	0	0.146696	-0.9891019	-0.0020179888	2.9603476e-20	1
0	0.146696	-0.9891019	-0.0020179888	0	2.5132742e-05	0	0.146696	-0.9891019	-0.0020179888	2.960844e-20	1
0	0.14911145	-0.9887403	-0.0020328327	0	6.283185e-05	0	0.14911145	-0.9887403	-0.0020328327	2.9623306e-20	1
0	0.14911145	-0.9887403	-0.0020328327	0	0.0001256637	0	0.14911145	-0.9887403	-0.0020328327	2.9648114e-20	1
0	0.14911145	-0.9887403	-0.0020328327	0	0.0002513274	0	0.14911145	-0.9887403	-0.0020328327	2.9697736e-20	1
0	0.15366252	-0.9880427	-0.0020606564	0	0.0006283185	0	0.15366252	-0.9880427	-0.0020606564	2.984652e-20	1
0	0.15685469	-0.9875405	-0.0020800575	0	0.0010053096	0	0.15685469	-0.9875405	-0.0020800575	2.9995233e-20	1
0	0.15685469	-0.9875405	-0.0020800575	0	0.001256637	0	0.15685469	-0.9875405	-0.0020800575	3.0094353e-20	1
0	0.16491686	-0.986225	-0.0021286244	0	0.0018849556	0	0.16491686	-0.986225	-0.0021286244	3.0341928e-20	1
0	0.17117426	-0.9851573	-0.00216588	0	0.002513274	0	0.17117426	-0.9851573	-0.00216588	3.0589265e-20	1
0	0.18545946	-0.9825661	-0.002249416	0	0.0037699111	0	0.18545946	-0.9825661	-0.002249416	3.1083043e-20	1
0	0.2246801	-0.9743395	-0.0024666474	0	0.0062831854	0	0.2246801	-0.9743395	-0.0024666474	3.2065576e-20	1
0	0.93340015	0.35851473	0.0031292017	0	0.009424778	0	0.93340015	0.35851473	0.0031292017	2.661503e-20	1
0	0.8828238	0.46941203	0.002413093	0	0.012566371	0	0.8828238	0.46941203	0.002413093	2.6100539e-20	1
0	-0.074457474	0.99715316	0.001551243	0	0.018849555	0	-0.074457474	0.99715316	0.001551243	2.2113239e-20	1
0	-0.063659765	0.9979017	0.0014771981	0	0.025132742	0	-0.063659765	0.9979017	0.0014771981	1.9610118e-20	1
0	-0.04924816	0.99871826	0.0013751897	0	0.03769911	0	-0.04924816	0.99871826	0.0013751897	1.4599835e-20	1
0	-0.040089004	0.99912894	0.0013071932	0	0.050265484	0	-0.040089004	0.99912894	0.0013071932	9.5866234e-21	1
0	-0.033783935	0.99936295	0.0012578281	0	0.06283186	0	-0.033783935	0.99936295	0.0012578281	4.5718555e-21	1
