# t (s)	mx ()	my ()	mz ()	B_extx (T)	B_exty (T)	B_extz (T)	mx ()	my ()	mz ()	E_total (J)	branch ()
0	-0.04116613	0.9990822	-0.0030176924	0	0.06283186	0	-0.04116613	0.9990822	-0.0030176924	4.5063237e-21	-1
0	-0.04870546	0.9987419	-0.0030628503	0	0.050265484	0	-0.04870546	0.9987419	-0.0030628503	9.5194425e-21	-1
0	-0.05953363	0.9981537	-0.0031170486	0	0.03769911	0	-0.05953363	0.9981537	-0.0031170486	1.4530305e-20	-1
0	-0.07631995	0.9970088	-0.0031864042	0	0.025132742	0	-0.07631995	0.9970088	-0.0031864042	1.9537019e-20	-1
0	-0.08865926	0.9959861	-0.0032302658	0	0.018849555	0	-0.08865926	0.9959861	-0.0032302658	2.2037578e-20	-1
0	-0.10550572	0.9943408	-0.0032835207	0	0.012566371	0	-0.10550572	0.9943408	-0.0032835207	2.4534867e-20	-1
0	-0.11643579	0.99311906	-0.003314836	0	0.009424778	0	-0.11643579	0.99311906	-0.003314836	2.5781662e-20	-1
0	-0.12980124	0.9914592	-0.0033501405	0	0.0062831854	0	-0.12980124	0.9914592	-0.0033501405	2.7026671e-20	-1
0	-0.14276347	0.9896742	-0.0033816015	0	0.0037699111	0	-0.14276347	0.9896742	-0.0033816015	2.8020944e-20	-1
0	-0.15028158	0.9885596	-0.0033986378	0	0.002513274	0	-0.15028158	0.9885596	-0.0033986378	2.851734e-20	-1
0	-0.15430297	0.98793936	-0.003407414	0	0.0018849556	0	-0.15430297	0.98793936	-0.003407414	2.8765316e-20	-1
0	-0.15856525	0.9872637	-0.0034164605	0	0.001256637	0	-0.15856525	0.9872637	-0.0034164605	2.901313e-20	-1
0	-0.15856525	0.9872637	-0.0034164605	0	0.0010053096	0	-0.15856525	0.9872637	-0.0034164605	2.911222e-20	-1
0	-0.16308725	0.98652613	-0.0034257588	0	0.0006283185	0	-0.16308725	0.98652613	-0.0034257588	2.9260768e-20	-1
0	-0.16586187	0.986063	-0.003431335	0	0.0002513274	0	-0.16586187	0.986063	-0.003431335	2.940926e-20	-1
0	-0.16586187	0.986063	-0.003431335	0	0.0001256637	0	-0.16586187	0.986063	-0.003431335	2.9458745e-20	-1
0	-0.16586187	0.986063	-0.003431335	0	6.283185e-05	0	-0.16586187	0.986063	-0.003431335	2.948349e-20	-1
0	-0.16586187	0.986063	-0.003431335	0	2.5132742e-05	0	-0.16586187	0.986063	-0.003431335	2.9498333e-20	-1
0	-0.16586187	0.986063	-0.003431335	0	1.2566371e-05	0	-0.16586187	0.986063	-0.003431335	2.9503284e-20	-1
0	-0.16586187	0.986063	-0.003431335	0	6.2831855e-06	0	-0.16586187	0.986063	-0.003431335	2.950576e-20	-1
0	-0.16586187	0.986063	-0.003431335	0	2.513274e-06	0	-0.16586187	0.986063	-0.003431335	2.9507242e-20	-1
0	-0.16586187	0.986063	-0.003431335	0	1.256637e-06	0	-0.16586187	0.986063	-0.003431335	2.9507736e-20	-1
0	-0.16586187	0.986063	-0.003431335	0	6.283185e-07	0	-0.16586187	0.986063	-0.003431335	2.9507985e-20	-1
0	-0.16586187	0.986063	-0.003431335	0	2.513274e-07	0	-0.16586187	0.986063	-0.003431335	2.9508134e-20	-1
0	-0.16586187	0.986063	-0.003431335	0	1.256637e-07	0	-0.16586187	0.986063	-0.003431335	2.9508182e-20	-1
0	-0.16586187	0.986063	-0.003431335	0	0	0	-0.16586187	0.986063	-0.003431335	2.950823e-20	-1
0	-0.16586187	0.986063	-0.003431335	0	-1.256637e-07	0	-0.16586187	0.986063	-0.003431335	2.9508282e-20	-1
0	-0.16586187	0.986063	-0.003431335	0	-2.513274e-07	0	-0.16586187	0.986063	-0.003431335	2.950833e-20	-1
0	-0.16586187	0.986063	-0.003431335	0	-6.283185e-07	0	-0.16586187	0.986063	-0.003431335	2.950848e-20	-1
0	-0.16586187	0.986063	-0.003431335	0	-1.256637e-06	0	-0.16586187	0.986063	-0.003431335	2.9508725e-20	-1
0	-0.16586187	0.986063	-0.003431335	0	-2.513274e-06	0	-0.16586187	0.986063	-0.003431335	2.9509222e-20	-1
0	-0.16586187	0.986063	-0.003431335	0	-6.2831855e-06	0	-0.16586187	0.986063	-0.003431335	2.9510706e-20	-1
0	-0.16586187	0.986063	-0.003431335	0	-1.2566371e-05	0	-0.16586187	0.986063	-0.003431335	2.951318e-20	-1
0	-0.16586187	0.986063	-0.003431335	0	-2.5132742e-05	0	-0.16586187	0.986063	-0.003431335	2.9518128e-20	-1
0	-0.16586187	0.986063	-0.003431335	0	-6.283185e-05	0	-0.16586187	0.986063	-0.003431335	2.9532975e-20	-1
0	-0.16882382	0.9855598	-0.0034371412	0	-0.0001256637	0	-0.16882382	0.9855598	-0.0034371412	2.9557677e-20	-1
0	-0.16882382	0.9855598	-0.0034371412	0	-0.0002513274	0	-0.16882382	0.9855598	-0.0034371412	2.9607137e-20	-1
0	-0.17287263	0.9848572	-0.0034448933	0	-0.0006283185	0	-0.17287263	0.9848572	-0.0034448933	2.9755454e-20	-1
0	-0.17608526	0.9842874	-0.0034508677	0	-0.0010053096	0	-0.17608526	0.9842874	-0.0034508677	2.9903684e-20	-1
0	-0.17608526	0.9842874	-0.0034508677	0	-0.001256637	0	-0.17608526	0.9842874	-0.0034508677	3.0002477e-20	-1
0	-0.1840052	0.9828365	-0.0034649936	0	-0.0018849556	0	-0.1840052	0.9828365	-0.0034649936	3.024921e-20	-1
0	-0.1901128	0.9816724	-0.0034752877	0	-0.002513274	0	-0.1901128	0.9816724	-0.0034752877	3.0495687e-20	-1
0	-0.20375305	0.97893006	-0.0034963896	0	-0.0037699111	0	-0.20375305	0.97893006	-0.0034963896	3.0987675e-20	-1
0	-0.23938406	0.9708259	-0.0035391487	0	-0.0062831854	0	-0.23938406	0.9708259	-0.0035391487	3.1966537e-20	-1
0	-0.32817593	0.944497	-0.0035651382	0	-0.009424778	0	-0.32817593	0.944497	-0.0035651382	3.317211e-20	-1
0	0.10550098	-0.9943414	0.0032835102	0	-0.012566371	0	0.10550098	-0.9943414	0.0032835102	2.4534865e-20	-1
0	0.08866565	-0.9959855	0.0032302877	0	-0.018849555	0	0.08866565	-0.9959855	0.0032302877	2.2037578e-20	-1
0	0.07632813	-0.9970082	0.0031864247	0	-0.025132742	0	0.07632813	-0.9970082	0.0031864247	1.953702e-20	-1
0	0.05954071	-0.9981532	0.0031170677	0	-0.03769911	0	0.05954071	-0.9981532	0.0031170677	1.4530308e-20	-1
0	0.04870739	-0.99874187	0.0030628536	0	-0.050265484	0	0.04870739	-0.99874187	0.0030628536	9.519443e-21	-1
0	0.041174866	-0.99908185	0.0030177184	0	-0.06283186	0	0.041174866	-0.99908185	0.0030177184	4.5063257e-21	-1
0	0.041174866	-0.99908185	0.0030177184	0	-0.06283186	0	0.041174866	-0.99908185	0.0030177184	4.5063257e-21	1
0	0.04870075	-0.99874216	0.003062835	0	-0.050265484	0	0.04870075	-0.99874216	0.003062835	9.5194425e-21	1
0	0.05953719	-0.99815345	0.0031170594	0	-0.03769911	0	0.05953719	-0.99815345	0.0031170594	1.4530305e-20	1
0	0.07631668	-0.99700904	0.0031863945	0	-0.025132742	0	0.07631668	-0.99700904	0.0031863945	1.953702e-20	1
0	0.08865669	-0.99598634	0.0032302616	0	-0.018849555	0	0.08865669	-0.99598634	0.0032302616	2.2037576e-20	1
0	0.10550188	-0.99434125	0.0032835137	0	-0.012566371	0	0.10550188	-0.99434125	0.0032835137	2.4534864e-20	1
0	0.116429485	-0.99311984	0.0033148136	0	-0.009424778	0	0.116429485	-0.99311984	0.0033148136	2.5781664e-20	1
0	0.1297856	-0.9914612	0.003350107	0	-0.0062831854	0	0.1297856	-0.9914612	0.003350107	2.702667e-20	1
0	0.14279258	-0.98967004	0.0033816588	0	-0.0037699111	0	0.14279258	-0.98967004	0.0033816588	2.8020947e-20	1
0	0.15026748	-0.98856175	0.003398612	0	-0.002513274	0	0.15026748	-0.98856175	0.003398612	2.8517342e-20	1
0	0.15432775	-0.98793554	0.0034074702	0	-0.0018849556	0	0.15432775	-0.98793554	0.0034074702	2.876532e-20	1
0	0.15856329	-0.9872639	0.0034164595	0	-0.001256637	0	0.15856329	-0.9872639	0.0034164595	2.9013127e-20	1
0	0.15856329	-0.9872639	0.0034164595	0	-0.0010053096	0	0.15856329	-0.9872639	0.0034164595	2.9112218e-20	1
0	0.16305543	-0.9865314	0.0034257034	0	-0.0006283185	0	0.16305543	-0.9865314	0.0034257034	2.926077e-20	1
0	0.16588673	-0.98605883	0.0034313789	0	-0.0002513274	0	0.16588673	-0.98605883	0.0034313789	2.940926e-20	1
0	0.16588673	-0.98605883	0.0034313789	0	-0.0001256637	0	0.16588673	-0.98605883	0.0034313789	2.9458745e-20	1
0	0.16588673	-0.98605883	0.0034313789	0	-6.283185e-05	0	0.16588673	-0.98605883	0.0034313789	2.948349e-20	1
0	0.16588673	-0.98605883	0.0034313789	0	-2.5132742e-05	0	0.16588673	-0.98605883	0.0034313789	2.9498333e-20	1
0	0.16588673	-0.98605883	0.0034313789	0	-1.2566371e-05	0	0.16588673	-0.98605883	0.0034313789	2.9503284e-20	1
0	0.16588673	-0.98605883	0.0034313789	0	-6.2831855e-06	0	0.16588673	-0.98605883	0.0034313789	2.950576e-20	1
0	0.16588673	-0.98605883	0.0034313789	0	-2.513274e-06	0	0.16588673	-0.98605883	0.0034313789	2.9507242e-20	1
0	0.16588673	-0.98605883	0.0034313789	0	-1.256637e-06	0	0.16588673	-0.98605883	0.0034313789	2.9507736e-20	1
0	0.16588673	-0.98605883	0.0034313789	0	-6.283185e-07	0	0.16588673	-0.98605883	0.0034313789	2.9507985e-20	1
0	0.16588673	-0.98605883	0.0034313789	0	-2.513274e-07	0	0.16588673	-0.98605883	0.0034313789	2.9508134e-20	1
0	0.16588673	-0.98605883	0.0034313789	0	-1.256637e-07	0	0.16588673	-0.98605883	0.0034313789	2.9508182e-20	1
0	0.16588673	-0.98605883	0.0034313789	0	0	0	0.16588673	-0.98605883	0.0034313789	2.950823e-20	1
0	0.16588673	-0.98605883	0.0034313789	0	1.256637e-07	0	0.16588673	-0.98605883	0.0034313789	2.9508282e-20	1
0	0.16588673	-0.98605883	0.0034313789	0	2.513274e-07	0	0.16588673	-0.98605883	0.0034313789	2.950833e-20	1
0	0.16588673	-0.98605883	0.0034313789	0	6.283185e-07	0	0.16588673	-0.98605883	0.0034313789	2.950848e-20	1
0	0.16588673	-0.98605883	0.0034313789	0	1.256637e-06	0	0.16588673	-0.98605883	0.0034313789	2.9508728e-20	1
0	0.16588673	-0.98605883	0.0034313789	0	2.513274e-06	0	0.16588673	-0.98605883	0.0034313789	2.9509222e-20	1
0	0.16588673	-0.98605883	0.0034313789	0	6.2831855e-06	0	0.16588673	-0.98605883	0.0034313789	2.9510706e-20	1
0	0.16588673	-0.98605883	0.0034313789	0	1.2566371e-05	0	0.16588673	-0.98605883	0.0034313789	2.951318e-20	1
0	0.16588673	-0.98605883	0.0034313789	0	2.5132742e-05	0	0.16588673	-0.98605883	0.0034313789	2.9518128e-20	1
0	0.16831742	-0.9856466	0.0034361584	0	6.283185e-05	0	0.16831742	-0.9856466	0.0034361584	2.9532952e-20	1
0	0.16831742	-0.9856466	0.0034361584	0	0.0001256637	0	0.16831742	-0.9856466	0.0034361584	2.9557684e-20	1
0	0.16831742	-0.9856466	0.0034361584	0	0.0002513274	0	0.16831742	-0.9856466	0.0034361584	2.960715e-20	1
0	0.17290622	-0.98485124	0.0034449485	0	0.0006283185	0	0.17290622	-0.98485124	0.0034449485	2.9755454e-20	1
0	0.17606375	-0.98429126	0.0034508323	0	0.0010053096	0	0.17606375	-0.98429126	0.0034508323	2.9903687e-20	1
0	0.17606375	-0.98429126	0.0034508323	0	0.001256637	0	0.17606375	-0.98429126	0.0034508323	3.000248e-20	1
0	0.1839785	-0.98284143	0.0034649514	0	0.0018849556	0	0.1839785	-0.98284143	0.0034649514	3.0249213e-20	1
0	0.19009803	-0.98167527	0.0034752672	0	0.002513274	0	0.19009803	-0.98167527	0.0034752672	3.0495687e-20	1
0	0.20377691	-0.9789251	0.003496422	0	0.0037699111	0	0.20377691	-0.9789251	0.003496422	3.0987672e-20	1
0	0.23933598	-0.9708377	0.0035391096	0	0.0062831854	0	0.23933598	-0.9708377	0.0035391096	3.1966534e-20	1
0	0.32819217	-0.9444913	0.0035651317	0	0.009424778	0	0.32819217	-0.9444913	0.0035651317	3.3172107e-20	1
0	-0.10550605	0.9943408	-0.0032835235	0	0.012566371	0	-0.10550605	0.9943408	-0.0032835235	2.4534865e-20	1
0	-0.08866121	0.9959859	-0.0032302728	0	0.018849555	0	-0.08866121	0.9959859	-0.0032302728	2.2037581e-20	1
0	-0.07632749	0.9970082	-0.003186428	0	0.025132742	0	-0.07632749	0.9970082	-0.003186428	1.953702e-20	1
0	-0.05953911	0.9981533	-0.0031170645	0	0.03769911	0	-0.05953911	0.9981533	-0.0031170645	1.4530303e-20	1
0	-0.048708763	0.99874175	-0.0030628573	0	0.050265484	0	-0.048708763	0.99874175	-0.0030628573	9.519442e-21	1
0	-0.041169908	0.9990821	-0.0030177042	0	0.06283186	0	-0.041169908	0.9990821	-0.0030177042	4.5063265e-21	1
