# t (s)	mx ()	my ()	mz ()	B_extx (T)	B_exty (T)	B_extz (T)	mx ()	my ()	mz ()	E_total (J)	branch ()
0	0.99868965	0.049902186	2.9412924e-05	0.06283186	0	0	0.99868965	0.049902186	2.9412924e-05	2.3196911e-21	-1
0	0.9983243	0.05672571	2.9744078e-05	0.050265484	0	0	0.9983243	0.05672571	2.9744078e-05	7.330763e-21	-1
0	0.99777466	0.06567133	3.0091187e-05	0.03769911	0	0	0.99777466	0.06567133	3.0091187e-05	1.2339581e-20	-1
0	0.9968922	0.07790965	3.044882e-05	0.025132742	0	0	0.9968922	0.07790965	3.044882e-05	1.7344889e-20	-1
0	0.9962374	0.08586925	3.062617e-05	0.018849555	0	0	0.9962374	0.08586925	3.062617e-05	1.9845562e-20	-1
0	0.9953488	0.09560824	3.079648e-05	0.012566371	0	0	0.9953488	0.09560824	3.079648e-05	2.2344316e-20	-1
0	0.9947833	0.10131738	3.0876254e-05	0.009424778	0	0	0.9947833	0.10131738	3.0876254e-05	2.3592763e-20	-1
0	0.99410427	0.10776967	3.095039e-05	0.0062831854	0	0	0.99410427	0.10776967	3.095039e-05	2.484043e-20	-1
0	0.99346125	0.11353883	3.100403e-05	0.0037699111	0	0	0.99346125	0.11353883	3.100403e-05	2.58379e-20	-1
0	0.99309844	0.11666699	3.102859e-05	0.002513274	0	0	0.99309844	0.11666699	3.102859e-05	2.6336377e-20	-1
0	0.9929073	0.1182813	3.104008e-05	0.0018849556	0	0	0.9929073	0.1182813	3.104008e-05	2.658555e-20	-1
0	0.99270743	0.11994548	3.10577e-05	0.001256637	0	0	0.99270743	0.11994548	3.10577e-05	2.6834666e-20	-1
0	0.99262476	0.12062703	3.105557e-05	0.0010053096	0	0	0.99262476	0.12062703	3.105557e-05	2.69343e-20	-1
0	0.9924995	0.12165234	3.1061834e-05	0.0006283185	0	0	0.9924995	0.12165234	3.1061834e-05	2.7083737e-20	-1
0	0.9923698	0.12270531	3.106791e-05	0.0002513274	0	0	0.9923698	0.12270531	3.106791e-05	2.723315e-20	-1
0	0.992325	0.123066455	3.106903e-05	0.0001256637	0	0	0.992325	0.123066455	3.106903e-05	2.728295e-20	-1
0	0.99230397	0.123236015	3.107085e-05	6.283185e-05	0	0	0.99230397	0.123236015	3.107085e-05	2.7307853e-20	-1
0	0.9922905	0.12334413	3.1071475e-05	2.5132742e-05	0	0	0.9922905	0.12334413	3.1071475e-05	2.7322787e-20	-1
0	0.9922843	0.12339367	3.1071653e-05	1.2566371e-05	0	0	0.9922843	0.12339367	3.1071653e-05	2.7327773e-20	-1
0	0.9922827	0.123407006	3.107177e-05	6.2831855e-06	0	0	0.9922827	0.123407006	3.107177e-05	2.733026e-20	-1
0	0.9922827	0.123407006	3.107177e-05	2.513274e-06	0	0	0.9922827	0.123407006	3.107177e-05	2.7331757e-20	-1
0	0.9922827	0.123407006	3.107177e-05	1.256637e-06	0	0	0.9922827	0.123407006	3.107177e-05	2.7332254e-20	-1
0	0.9922827	0.123407006	3.107177e-05	6.283185e-07	0	0	0.9922827	0.123407006	3.107177e-05	2.7332503e-20	-1
0	0.9922827	0.123407006	3.107177e-05	2.513274e-07	0	0	0.9922827	0.123407006	3.107177e-05	2.7332652e-20	-1
0	0.9922827	0.123407006	3.107177e-05	1.256637e-07	0	0	0.9922827	0.123407006	3.107177e-05	2.73327e-20	-1
0	0.9922827	0.123407006	3.107177e-05	0	0	0	0.9922827	0.123407006	3.107177e-05	2.7332752e-20	-1
0	0.9922827	0.123407006	3.107177e-05	-1.256637e-07	0	0	0.9922827	0.123407006	3.107177e-05	2.73328e-20	-1
0	0.9922827	0.123407006	3.107177e-05	-2.513274e-07	0	0	0.9922827	0.123407006	3.107177e-05	2.7332852e-20	-1
0	0.9922827	0.123407006	3.107177e-05	-6.283185e-07	0	0	0.9922827	0.123407006	3.107177e-05	2.7333e-20	-1
0	0.9922827	0.123407006	3.107177e-05	-1.256637e-06	0	0	0.9922827	0.123407006	3.107177e-05	2.733325e-20	-1
0	0.9922827	0.123407006	3.107177e-05	-2.513274e-06	0	0	0.9922827	0.123407006	3.107177e-05	2.7333747e-20	-1
0	0.9922827	0.123407006	3.107177e-05	-6.2831855e-06	0	0	0.9922827	0.123407006	3.107177e-05	2.733524e-20	-1
0	0.9922827	0.123407006	3.107177e-05	-1.2566371e-05	0	0	0.9922827	0.123407006	3.107177e-05	2.733773e-20	-1
0	0.9922827	0.123407006	3.107177e-05	-2.5132742e-05	0	0	0.9922827	0.123407006	3.107177e-05	2.734271e-20	-1
0	0.9922827	0.123407006	3.107177e-05	-6.283185e-05	0	0	0.9922827	0.123407006	3.107177e-05	2.735765e-20	-1
0	0.9922827	0.123407006	3.107177e-05	-0.0001256637	0	0	0.9922827	0.123407006	3.107177e-05	2.7382548e-20	-1
0	0.9922827	0.123407006	3.107177e-05	-0.0002513274	0	0	0.9922827	0.123407006	3.107177e-05	2.7432346e-20	-1
0	0.9920528	0.12523988	3.1081334e-05	-0.0006283185	0	0	0.9920528	0.12523988	3.1081334e-05	2.758171e-20	-1
0	0.99191153	0.12635306	3.108701e-05	-0.0010053096	0	0	0.99191153	0.12635306	3.108701e-05	2.773106e-20	-1
0	0.99181527	0.12710562	3.109021e-05	-0.001256637	0	0	0.99181527	0.12710562	3.109021e-05	2.7830614e-20	-1
0	0.9915663	0.1290319	3.1098258e-05	-0.0018849556	0	0	0.9915663	0.1290319	3.1098258e-05	2.8079454e-20	-1
0	0.9913056	0.13101757	3.110568e-05	-0.002513274	0	0	0.9913056	0.13101757	3.110568e-05	2.832823e-20	-1
0	0.9907475	0.13516957	3.1118736e-05	-0.0037699111	0	0	0.9907475	0.13516957	3.1118736e-05	2.882558e-20	-1
0	0.9894539	0.14432669	3.1133866e-05	-0.0062831854	0	0	0.9894539	0.14432669	3.1133866e-05	2.9819367e-20	-1
0	0.9874091	0.15769939	3.1130054e-05	-0.009424778	0	0	0.9874091	0.15769939	3.1130054e-05	3.1059533e-20	-1
0	0.98468393	0.17389381	3.109518e-05	-0.012566371	0	0	0.98468393	0.17389381	3.109518e-05	3.229674e-20	-1
0	0.9753307	0.22035757	3.093513e-05	-0.018849555	0	0	0.9753307	0.22035757	3.093513e-05	3.475733e-20	-1
0	0.9448494	0.3271809	3.168026e-05	-0.025132742	0	0	0.9448494	0.3271809	3.168026e-05	3.717719e-20	-1
0	-0.99777424	-0.06567766	-3.0091818e-05	-0.03769911	0	0	-0.99777424	-0.06567766	-3.0091818e-05	1.2339581e-20	-1
0	-0.9983243	-0.05672659	-2.974413e-05	-0.050265484	0	0	-0.9983243	-0.05672659	-2.974413e-05	7.330762e-21	-1
0	-0.99868953	-0.04990469	-2.9413008e-05	-0.06283186	0	0	-0.99868953	-0.04990469	-2.9413008e-05	2.3196903e-21	-1
0	-0.99868953	-0.04990469	-2.9413008e-05	-0.06283186	0	0	-0.99868953	-0.04990469	-2.9413008e-05	2.3196903e-21	1
0	-0.9983243	-0.056725927	-2.9744126e-05	-0.050265484	0	0	-0.9983243	-0.056725927	-2.9744126e-05	7.3307646e-21	1
0	-0.99777436	-0.06567554	-3.0091272e-05	-0.03769911	0	0	-0.99777436	-0.06567554	-3.0091272e-05	1.2339579e-20	1
0	-0.9968926	-0.0779059	-3.044873e-05	-0.025132742	0	0	-0.9968926	-0.0779059	-3.044873e-05	1.734489e-20	1
0	-0.9962373	-0.08587076	-3.0626208e-05	-0.018849555	0	0	-0.9962373	-0.08587076	-3.0626208e-05	1.9845562e-20	1
0	-0.99534917	-0.095604554	-3.079651e-05	-0.012566371	0	0	-0.99534917	-0.095604554	-3.079651e-05	2.2344316e-20	1
0	-0.9947821	-0.101329654	-3.0876283e-05	-0.009424778	0	0	-0.9947821	-0.101329654	-3.0876283e-05	2.3592763e-20	1
0	-0.99410355	-0.107777074	-3.095042e-05	-0.0062831854	0	0	-0.99410355	-0.107777074	-3.095042e-05	2.4840428e-20	1
0	-0.99346006	-0.113549255	-3.100412e-05	-0.0037699111	0	0	-0.99346006	-0.113549255	-3.100412e-05	2.5837898e-20	1
0	-0.9930994	-0.116659135	-3.102944e-05	-0.002513274	0	0	-0.9930994	-0.116659135	-3.102944e-05	2.6336379e-20	1
0	-0.99290776	-0.11827709	-3.1040167e-05	-0.0018849556	0	0	-0.99290776	-0.11827709	-3.1040167e-05	2.6585546e-20	1
0	-0.99270904	-0.11993234	-3.1051277e-05	-0.001256637	0	0	-0.99270904	-0.11993234	-3.1051277e-05	2.6834665e-20	1
0	-0.992625	-0.120625116	-3.1055184e-05	-0.0010053096	0	0	-0.992625	-0.120625116	-3.1055184e-05	2.6934301e-20	1
0	-0.9924985	-0.121660836	-3.1062562e-05	-0.0006283185	0	0	-0.9924985	-0.121660836	-3.1062562e-05	2.7083735e-20	1
0	-0.99236965	-0.12270631	-3.1067928e-05	-0.0002513274	0	0	-0.99236965	-0.12270631	-3.1067928e-05	2.7233154e-20	1
0	-0.99232495	-0.123066984	-3.107012e-05	-0.0001256637	0	0	-0.99232495	-0.123066984	-3.107012e-05	2.7282953e-20	1
0	-0.99232495	-0.123066984	-3.107012e-05	-6.283185e-05	0	0	-0.99232495	-0.123066984	-3.107012e-05	2.7307853e-20	1
0	-0.99232495	-0.123066984	-3.107012e-05	-2.5132742e-05	0	0	-0.99232495	-0.123066984	-3.107012e-05	2.7322793e-20	1
0	-0.99232495	-0.123066984	-3.107012e-05	-1.2566371e-05	0	0	-0.99232495	-0.123066984	-3.107012e-05	2.7327773e-20	1
0	-0.99232495	-0.123066984	-3.107012e-05	-6.2831855e-06	0	0	-0.99232495	-0.123066984	-3.107012e-05	2.7330264e-20	1
0	-0.99232495	-0.123066984	-3.107012e-05	-2.513274e-06	0	0	-0.99232495	-0.123066984	-3.107012e-05	2.7331757e-20	1
0	-0.99232495	-0.123066984	-3.107012e-05	-1.256637e-06	0	0	-0.99232495	-0.123066984	-3.107012e-05	2.7332254e-20	1
0	-0.99232495	-0.123066984	-3.107012e-05	-6.283185e-07	0	0	-0.99232495	-0.123066984	-3.107012e-05	2.7332503e-20	1
0	-0.99232495	-0.123066984	-3.107012e-05	-2.513274e-07	0	0	-0.99232495	-0.123066984	-3.107012e-05	2.7332655e-20	1
0	-0.99232495	-0.123066984	-3.107012e-05	-1.256637e-07	0	0	-0.99232495	-0.123066984	-3.107012e-05	2.7332703e-20	1
0	-0.99232495	-0.123066984	-3.107012e-05	0	0	0	-0.99232495	-0.123066984	-3.107012e-05	2.7332752e-20	1
0	-0.99232495	-0.123066984	-3.107012e-05	1.256637e-07	0	0	-0.99232495	-0.123066984	-3.107012e-05	2.7332804e-20	1
0	-0.99232495	-0.123066984	-3.107012e-05	2.513274e-07	0	0	-0.99232495	-0.123066984	-3.107012e-05	2.7332852e-20	1
0	-0.99232495	-0.123066984	-3.107012e-05	6.283185e-07	0	0	-0.99232495	-0.123066984	-3.107012e-05	2.7333e-20	1
0	-0.99232495	-0.123066984	-3.107012e-05	1.256637e-06	0	0	-0.99232495	-0.123066984	-3.107012e-05	2.7333253e-20	1
0	-0.99232495	-0.123066984	-3.107012e-05	2.513274e-06	0	0	-0.99232495	-0.123066984	-3.107012e-05	2.733375e-20	1
0	-0.99232495	-0.123066984	-3.107012e-05	6.2831855e-06	0	0	-0.99232495	-0.123066984	-3.107012e-05	2.7335243e-20	1
0	-0.99232495	-0.123066984	-3.107012e-05	1.2566371e-05	0	0	-0.99232495	-0.123066984	-3.107012e-05	2.7337734e-20	1
0	-0.99232495	-0.123066984	-3.107012e-05	2.5132742e-05	0	0	-0.99232495	-0.123066984	-3.107012e-05	2.7342714e-20	1
0	-0.99232495	-0.123066984	-3.107012e-05	6.283185e-05	0	0	-0.99232495	-0.123066984	-3.107012e-05	2.7357655e-20	1
0	-0.9922359	-0.123782426	-3.1073854e-05	0.0001256637	0	0	-0.9922359	-0.123782426	-3.1073854e-05	2.7382548e-20	1
0	-0.9921911	-0.12414053	-3.107557e-05	0.0002513274	0	0	-0.9921911	-0.12414053	-3.107557e-05	2.7432346e-20	1
0	-0.9920535	-0.12523416	-3.1081312e-05	0.0006283185	0	0	-0.9920535	-0.12523416	-3.1081312e-05	2.758171e-20	1
0	-0.9919113	-0.12635452	-3.108668e-05	0.0010053096	0	0	-0.9919113	-0.12635452	-3.108668e-05	2.773106e-20	1
0	-0.9919113	-0.12635452	-3.108668e-05	0.001256637	0	0	-0.9919113	-0.12635452	-3.108668e-05	2.7830618e-20	1
0	-0.9915664	-0.12903047	-3.109759e-05	0.0018849556	0	0	-0.9915664	-0.12903047	-3.109759e-05	2.8079454e-20	1
0	-0.9913062	-0.13101315	-3.110565e-05	0.002513274	0	0	-0.9913062	-0.13101315	-3.110565e-05	2.8328228e-20	1
0	-0.9907466	-0.13517565	-3.111829e-05	0.0037699111	0	0	-0.9907466	-0.13517565	-3.111829e-05	2.8825577e-20	1
0	-0.9894539	-0.1443263	-3.1133823e-05	0.0062831854	0	0	-0.9894539	-0.1443263	-3.1133823e-05	2.9819367e-20	1
0	-0.9874086	-0.15770262	-3.1130054e-05	0.009424778	0	0	-0.9874086	-0.15770262	-3.1130054e-05	3.1059533e-20	1
0	-0.98468363	-0.17389548	-3.1095035e-05	0.012566371	0	0	-0.98468363	-0.17389548	-3.1095035e-05	3.2296737e-20	1
0	-0.97532976	-0.22036175	-3.0935014e-05	0.018849555	0	0	-0.97532976	-0.22036175	-3.0935014e-05	3.475733e-20	1
0	-0.9448432	-0.32719868	-3.1680724e-05	0.025132742	0	0	-0.9448432	-0.32719868	-3.1680724e-05	3.717719e-20	1
0	0.9977744	0.065673746	3.0091236e-05	0.03769911	0	0	0.9977744	0.065673746	3.0091236e-05	1.233958e-20	1
0	0.9983243	0.056726687	2.9744173e-05	0.050265484	0	0	0.9983243	0.056726687	2.9744173e-05	7.330764e-21	1
0	0.9986896	0.049902596	2.9412939e-05	0.06283186	0	0	0.9986896	0.049902596	2.9412939e-05	2.3196907e-21	1
