# t (s)	mx ()	my ()	mz ()	B_extx (T)	B_exty (T)	B_extz (T)	mx ()	my ()	mz ()	E_total (J)	branch ()
0	-0.029902082	0.99948764	-6.646241e-05	0	0.06283186	0	-0.029902082	0.99948764	-6.646241e-05	4.593752e-21	-1
0	-0.035392992	0.9993074	-6.778419e-05	0	0.050265484	0	-0.035392992	0.9993074	-6.778419e-05	9.609273e-21	-1
0	-0.04331917	0.9989941	-6.9470116e-05	0	0.03769911	0	-0.04331917	0.9989941	-6.9470116e-05	1.4623592e-20	-1
0	-0.055727445	0.9983776	-7.181072e-05	0	0.025132742	0	-0.055727445	0.9983776	-7.181072e-05	1.9635694e-20	-1
0	-0.06494821	0.9978194	-7.341312e-05	0	0.018849555	0	-0.06494821	0.9978194	-7.341312e-05	2.2140229e-20	-1
0	-0.07772563	0.99690443	-7.550095e-05	0	0.012566371	0	-0.07772563	0.99690443	-7.550095e-05	2.4642961e-20	-1
0	-0.0861275	0.99621296	-7.682608e-05	0	0.009424778	0	-0.0861275	0.99621296	-7.682608e-05	2.5893291e-20	-1
0	-0.09651157	0.99525976	-7.840663e-05	0	0.0062831854	0	-0.09651157	0.99525976	-7.840663e-05	2.7142597e-20	-1
0	-0.10677164	0.99421036	-7.991978e-05	0	0.0037699111	0	-0.10677164	0.99421036	-7.991978e-05	2.8141043e-20	-1
0	-0.11270808	0.99355435	-8.077542e-05	0	0.002513274	0	-0.11270808	0.99355435	-8.077542e-05	2.863983e-20	-1
0	-0.11594206	0.9931818	-8.1236605e-05	0	0.0018849556	0	-0.11594206	0.9931818	-8.1236605e-05	2.888909e-20	-1
0	-0.11932127	0.99278116	-8.17127e-05	0	0.001256637	0	-0.11932127	0.99278116	-8.17127e-05	2.9138255e-20	-1
0	-0.120781615	0.9926044	-8.1917635e-05	0	0.0010053096	0	-0.120781615	0.9926044	-8.1917635e-05	2.9237888e-20	-1
0	-0.12299634	0.9923322	-8.22265e-05	0	0.0006283185	0	-0.12299634	0.9923322	-8.22265e-05	2.938731e-20	-1
0	-0.12528425	0.99204576	-8.254396e-05	0	0.0002513274	0	-0.12528425	0.99204576	-8.254396e-05	2.9536694e-20	-1
0	-0.12603438	0.99195063	-8.264522e-05	0	0.0001256637	0	-0.12603438	0.99195063	-8.264522e-05	2.9586473e-20	-1
0	-0.12641111	0.9919026	-8.2698796e-05	0	6.283185e-05	0	-0.12641111	0.9919026	-8.2698796e-05	2.9611363e-20	-1
0	-0.12641111	0.9919026	-8.2698796e-05	0	2.5132742e-05	0	-0.12641111	0.9919026	-8.2698796e-05	2.9626298e-20	-1
0	-0.12641111	0.9919026	-8.2698796e-05	0	1.2566371e-05	0	-0.12641111	0.9919026	-8.2698796e-05	2.9631274e-20	-1
0	-0.12641111	0.9919026	-8.2698796e-05	0	6.2831855e-06	0	-0.12641111	0.9919026	-8.2698796e-05	2.9633765e-20	-1
0	-0.12641111	0.9919026	-8.2698796e-05	0	2.513274e-06	0	-0.12641111	0.9919026	-8.2698796e-05	2.9635258e-20	-1
0	-0.12641111	0.9919026	-8.2698796e-05	0	1.256637e-06	0	-0.12641111	0.9919026	-8.2698796e-05	2.9635755e-20	-1
0	-0.12641111	0.9919026	-8.2698796e-05	0	6.283185e-07	0	-0.12641111	0.9919026	-8.2698796e-05	2.9636004e-20	-1
0	-0.12641111	0.9919026	-8.2698796e-05	0	2.513274e-07	0	-0.12641111	0.9919026	-8.2698796e-05	2.9636153e-20	-1
0	-0.12641111	0.9919026	-8.2698796e-05	0	1.256637e-07	0	-0.12641111	0.9919026	-8.2698796e-05	2.96362e-20	-1
0	-0.12641111	0.9919026	-8.2698796e-05	0	0	0	-0.12641111	0.9919026	-8.2698796e-05	2.9636253e-20	-1
0	-0.12641111	0.9919026	-8.2698796e-05	0	-1.256637e-07	0	-0.12641111	0.9919026	-8.2698796e-05	2.96363e-20	-1
0	-0.12641111	0.9919026	-8.2698796e-05	0	-2.513274e-07	0	-0.12641111	0.9919026	-8.2698796e-05	2.9636353e-20	-1
0	-0.12641111	0.9919026	-8.2698796e-05	0	-6.283185e-07	0	-0.12641111	0.9919026	-8.2698796e-05	2.9636502e-20	-1
0	-0.12641111	0.9919026	-8.2698796e-05	0	-1.256637e-06	0	-0.12641111	0.9919026	-8.2698796e-05	2.963675e-20	-1
0	-0.12641111	0.9919026	-8.2698796e-05	0	-2.513274e-06	0	-0.12641111	0.9919026	-8.2698796e-05	2.9637248e-20	-1
0	-0.12641111	0.9919026	-8.2698796e-05	0	-6.2831855e-06	0	-0.12641111	0.9919026	-8.2698796e-05	2.963874e-20	-1
0	-0.12641111	0.9919026	-8.2698796e-05	0	-1.2566371e-05	0	-0.12641111	0.9919026	-8.2698796e-05	2.964123e-20	-1
0	-0.12641111	0.9919026	-8.2698796e-05	0	-2.5132742e-05	0	-0.12641111	0.9919026	-8.2698796e-05	2.9646208e-20	-1
0	-0.12641111	0.9919026	-8.2698796e-05	0	-6.283185e-05	0	-0.12641111	0.9919026	-8.2698796e-05	2.9661143e-20	-1
0	-0.12762208	0.9917474	-8.286604e-05	0	-0.0001256637	0	-0.12762208	0.9917474	-8.286604e-05	2.9686026e-20	-1
0	-0.12843093	0.99164283	-8.297697e-05	0	-0.0002513274	0	-0.12843093	0.99164283	-8.297697e-05	2.9735796e-20	-1
0	-0.13093254	0.9913155	-8.332022e-05	0	-0.0006283185	0	-0.13093254	0.9913155	-8.332022e-05	2.9885066e-20	-1
0	-0.13350911	0.99097145	-8.3668136e-05	0	-0.0010053096	0	-0.13350911	0.99097145	-8.3668136e-05	3.0034288e-20	-1
0	-0.13528553	0.9907303	-8.3907165e-05	0	-0.001256637	0	-0.13528553	0.9907303	-8.3907165e-05	3.013374e-20	-1
0	-0.13998549	0.99007666	-8.4535066e-05	0	-0.0018849556	0	-0.13998549	0.99007666	-8.4535066e-05	3.0382257e-20	-1
0	-0.14503762	0.98934853	-8.5201376e-05	0	-0.002513274	0	-0.14503762	0.98934853	-8.5201376e-05	3.06306e-20	-1
0	-0.15628636	0.98763275	-8.665179e-05	0	-0.0037699111	0	-0.15628636	0.98763275	-8.665179e-05	3.1126693e-20	-1
0	-0.18574256	0.982515	-9.022544e-05	0	-0.0062831854	0	-0.18574256	0.982515	-9.022544e-05	3.2115646e-20	-1
0	-0.25368547	0.96719086	-9.711841e-05	0	-0.009424778	0	-0.25368547	0.96719086	-9.711841e-05	3.3340678e-20	-1
0	-0.89906645	-0.43752077	5.945098e-05	0	-0.012566371	0	-0.89906645	-0.43752077	5.945098e-05	2.5998009e-20	-1
0	0.06496583	-0.9978183	7.3415766e-05	0	-0.018849555	0	0.06496583	-0.9978183	7.3415766e-05	2.2140229e-20	-1
0	0.055732407	-0.9983773	7.181338e-05	0	-0.025132742	0	0.055732407	-0.9983773	7.181338e-05	1.9635694e-20	-1
0	0.043335408	-0.9989935	6.947358e-05	0	-0.03769911	0	0.043335408	-0.9989935	6.947358e-05	1.462359e-20	-1
0	0.0353985	-0.99930716	6.778612e-05	0	-0.050265484	0	0.0353985	-0.99930716	6.778612e-05	9.6092715e-21	-1
0	0.02990774	-0.99948746	6.64635e-05	0	-0.06283186	0	0.02990774	-0.99948746	6.64635e-05	4.5937524e-21	-1
0	0.029902868	-0.99948764	6.646227e-05	0	-0.06283186	0	0.029902868	-0.99948764	6.646227e-05	4.5937496e-21	1
0	0.035394453	-0.9993073	6.778503e-05	0	-0.050265484	0	0.035394453	-0.9993073	6.778503e-05	9.60927e-21	1
0	0.043321595	-0.99899405	6.947154e-05	0	-0.03769911	0	0.043321595	-0.99899405	6.947154e-05	1.4623594e-20	1
0	0.055728734	-0.99837756	7.181799e-05	0	-0.025132742	0	0.055728734	-0.99837756	7.181799e-05	1.9635696e-20	1
0	0.06495036	-0.9978192	7.3413146e-05	0	-0.018849555	0	0.06495036	-0.9978192	7.3413146e-05	2.2140226e-20	1
0	0.07772594	-0.9969044	7.54909e-05	0	-0.012566371	0	0.07772594	-0.9969044	7.54909e-05	2.464296e-20	1
0	0.08613087	-0.99621266	7.68272e-05	0	-0.009424778	0	0.08613087	-0.99621266	7.68272e-05	2.5893286e-20	1
0	0.096508816	-0.99526	7.840642e-05	0	-0.0062831854	0	0.096508816	-0.99526	7.840642e-05	2.71426e-20	1
0	0.1067508	-0.9942126	7.991686e-05	0	-0.0037699111	0	0.1067508	-0.9942126	7.991686e-05	2.8141043e-20	1
0	0.112704776	-0.9935547	8.0788e-05	0	-0.002513274	0	0.112704776	-0.9935547	8.0788e-05	2.8639827e-20	1
0	0.11595306	-0.9931806	8.123758e-05	0	-0.0018849556	0	0.11595306	-0.9931806	8.123758e-05	2.8889092e-20	1
0	0.119357675	-0.9927768	8.171711e-05	0	-0.001256637	0	0.119357675	-0.9927768	8.171711e-05	2.9138255e-20	1
0	0.12078202	-0.9926044	8.19173e-05	0	-0.0010053096	0	0.12078202	-0.9926044	8.19173e-05	2.923789e-20	1
0	0.12298429	-0.9923337	8.2225364e-05	0	-0.0006283185	0	0.12298429	-0.9923337	8.2225364e-05	2.9387313e-20	1
0	0.125269	-0.99204767	8.254203e-05	0	-0.0002513274	0	0.125269	-0.99204767	8.254203e-05	2.953669e-20	1
0	0.125269	-0.99204767	8.254203e-05	0	-0.0001256637	0	0.125269	-0.99204767	8.254203e-05	2.9586477e-20	1
0	0.125269	-0.99204767	8.254203e-05	0	-6.283185e-05	0	0.125269	-0.99204767	8.254203e-05	2.961137e-20	1
0	0.125269	-0.99204767	8.254203e-05	0	-2.5132742e-05	0	0.125269	-0.99204767	8.254203e-05	2.9626307e-20	1
0	0.125269	-0.99204767	8.254203e-05	0	-1.2566371e-05	0	0.125269	-0.99204767	8.254203e-05	2.9631283e-20	1
0	0.125269	-0.99204767	8.254203e-05	0	-6.2831855e-06	0	0.125269	-0.99204767	8.254203e-05	2.9633775e-20	1
0	0.125269	-0.99204767	8.254203e-05	0	-2.513274e-06	0	0.125269	-0.99204767	8.254203e-05	2.9635267e-20	1
0	0.125269	-0.99204767	8.254203e-05	0	-1.256637e-06	0	0.125269	-0.99204767	8.254203e-05	2.9635765e-20	1
0	0.125269	-0.99204767	8.254203e-05	0	-6.283185e-07	0	0.125269	-0.99204767	8.254203e-05	2.9636014e-20	1
0	0.125269	-0.99204767	8.254203e-05	0	-2.513274e-07	0	0.125269	-0.99204767	8.254203e-05	2.9636162e-20	1
0	0.125269	-0.99204767	8.254203e-05	0	-1.256637e-07	0	0.125269	-0.99204767	8.254203e-05	2.9636214e-20	1
0	0.125269	-0.99204767	8.254203e-05	0	0	0	0.125269	-0.99204767	8.254203e-05	2.9636263e-20	1
0	0.125269	-0.99204767	8.254203e-05	0	1.256637e-07	0	0.125269	-0.99204767	8.254203e-05	2.9636314e-20	1
0	0.125269	-0.99204767	8.254203e-05	0	2.513274e-07	0	0.125269	-0.99204767	8.254203e-05	2.9636363e-20	1
0	0.125269	-0.99204767	8.254203e-05	0	6.283185e-07	0	0.125269	-0.99204767	8.254203e-05	2.963651e-20	1
0	0.125269	-0.99204767	8.254203e-05	0	1.256637e-06	0	0.125269	-0.99204767	8.254203e-05	2.963676e-20	1
0	0.125269	-0.99204767	8.254203e-05	0	2.513274e-06	0	0.125269	-0.99204767	8.254203e-05	2.9637258e-20	1
0	0.125269	-0.99204767	8.254203e-05	0	6.2831855e-06	0	0.125269	-0.99204767	8.254203e-05	2.9638754e-20	1
0	0.125269	-0.99204767	8.254203e-05	0	1.2566371e-05	0	0.125269	-0.99204767	8.254203e-05	2.9641242e-20	1
0	0.125269	-0.99204767	8.254203e-05	0	2.5132742e-05	0	0.125269	-0.99204767	8.254203e-05	2.964622e-20	1
0	0.12722965	-0.9917979	8.2807324e-05	0	6.283185e-05	0	0.12722965	-0.9917979	8.2807324e-05	2.9661136e-20	1
0	0.12762594	-0.9917469	8.2853e-05	0	0.0001256637	0	0.12762594	-0.9917469	8.2853e-05	2.9686026e-20	1
0	0.12844083	-0.99164164	8.297837e-05	0	0.0002513274	0	0.12844083	-0.99164164	8.297837e-05	2.9735796e-20	1
0	0.13093048	-0.9913157	8.331856e-05	0	0.0006283185	0	0.13093048	-0.9913157	8.331856e-05	2.9885066e-20	1
0	0.13351397	-0.99097073	8.366745e-05	0	0.0010053096	0	0.13351397	-0.99097073	8.366745e-05	3.0034288e-20	1
0	0.13531636	-0.9907261	8.391142e-05	0	0.001256637	0	0.13531636	-0.9907261	8.391142e-05	3.0133737e-20	1
0	0.13998842	-0.9900762	8.453599e-05	0	0.0018849556	0	0.13998842	-0.9900762	8.453599e-05	3.038226e-20	1
0	0.14502108	-0.989351	8.519955e-05	0	0.002513274	0	0.14502108	-0.989351	8.519955e-05	3.0630608e-20	1
0	0.15628442	-0.987633	8.665315e-05	0	0.0037699111	0	0.15628442	-0.987633	8.665315e-05	3.112669e-20	1
0	0.18574521	-0.9825145	9.022535e-05	0	0.0062831854	0	0.18574521	-0.9825145	9.022535e-05	3.211565e-20	1
0	0.25368887	-0.96718997	9.711979e-05	0	0.009424778	0	0.25368887	-0.96718997	9.711979e-05	3.334068e-20	1
0	-0.9557692	0.29377836	4.235751e-05	0	0.012566371	0	-0.9557692	0.29377836	4.235751e-05	2.7086381e-20	1
0	-0.06498684	0.99781686	-7.3418356e-05	0	0.018849555	0	-0.06498684	0.99781686	-7.3418356e-05	2.2140227e-20	1
0	-0.055733956	0.99837726	-7.181348e-05	0	0.025132742	0	-0.055733956	0.99837726	-7.181348e-05	1.9635696e-20	1
0	-0.04332704	0.9989939	-6.947291e-05	0	0.03769911	0	-0.04332704	0.9989939	-6.947291e-05	1.4623594e-20	1
0	-0.035396136	0.9993073	-6.778512e-05	0	0.050265484	0	-0.035396136	0.9993073	-6.778512e-05	9.609273e-21	1
0	-0.029906841	0.9994875	-6.646368e-05	0	0.06283186	0	-0.029906841	0.9994875	-6.646368e-05	4.5937528e-21	1
