# t (s)	mx ()	my ()	mz ()	B_extx (T)	B_exty (T)	B_extz (T)	mx ()	my ()	mz ()	E_total (J)	branch ()
0	0.99371445	0.11131084	0.0021262835	0.06283186	0	0	0.99371445	0.11131084	0.0021262835	2.6702141e-21	-1
0	0.9917656	0.12749591	0.002173476	0.050265484	0	0	0.9917656	0.12749591	0.002173476	7.652606e-21	-1
0	0.98880386	0.14871171	0.002226194	0.03769911	0	0	0.98880386	0.14871171	0.002226194	1.2622898e-20	-1
0	0.98404276	0.17748174	0.0022834209	0.025132742	0	0	0.98404276	0.17748174	0.0022834209	1.7574273e-20	-1
0	0.98052764	0.19595894	0.00231225	0.018849555	0	0	0.98052764	0.19595894	0.00231225	2.0039278e-20	-1
0	0.97580653	0.21823996	0.0023391917	0.012566371	0	0	0.97580653	0.21823996	0.0023391917	2.2494047e-20	-1
0	0.9728218	0.23117203	0.0023509755	0.009424778	0	0	0.9728218	0.23117203	0.0023509755	2.3716501e-20	-1
0	0.9692854	0.24556759	0.0023607868	0.0062831854	0	0	0.9692854	0.24556759	0.0023607868	2.493487e-20	-1
0	0.96596515	0.25831038	0.0023665791	0.0037699111	0	0	0.96596515	0.25831038	0.0023665791	2.5906119e-20	-1
0	0.9641062	0.26515996	0.002368563	0.002513274	0	0	0.9641062	0.26515996	0.002368563	2.6390425e-20	-1
0	0.9631233	0.26870573	0.002369283	0.0018849556	0	0	0.9631233	0.26870573	0.002369283	2.6632225e-20	-1
0	0.9621	0.27234435	0.002369798	0.001256637	0	0	0.9621	0.27234435	0.002369798	2.6873767e-20	-1
0	0.9621	0.27234435	0.002369798	0.0010053096	0	0	0.9621	0.27234435	0.002369798	2.6970332e-20	-1
0	0.96103346	0.27608162	0.0023701047	0.0006283185	0	0	0.96103346	0.27608162	0.0023701047	2.7115045e-20	-1
0	0.96103346	0.27608162	0.0023701047	0.0002513274	0	0	0.96103346	0.27608162	0.0023701047	2.7259734e-20	-1
0	0.9601497	0.27913785	0.0023701708	0.0001256637	0	0	0.9601497	0.27913785	0.0023701708	2.7307878e-20	-1
0	0.9601497	0.27913785	0.0023701708	6.283185e-05	0	0	0.9601497	0.27913785	0.0023701708	2.7331973e-20	-1
0	0.9601497	0.27913785	0.0023701708	2.5132742e-05	0	0	0.9601497	0.27913785	0.0023701708	2.7346426e-20	-1
0	0.9601497	0.27913785	0.0023701708	1.2566371e-05	0	0	0.9601497	0.27913785	0.0023701708	2.7351247e-20	-1
0	0.9601497	0.27913785	0.0023701708	6.2831855e-06	0	0	0.9601497	0.27913785	0.0023701708	2.7353654e-20	-1
0	0.9601497	0.27913785	0.0023701708	2.513274e-06	0	0	0.9601497	0.27913785	0.0023701708	2.7355102e-20	-1
0	0.9601497	0.27913785	0.0023701708	1.256637e-06	0	0	0.9601497	0.27913785	0.0023701708	2.7355583e-20	-1
0	0.9601497	0.27913785	0.0023701708	6.283185e-07	0	0	0.9601497	0.27913785	0.0023701708	2.7355823e-20	-1
0	0.9601497	0.27913785	0.0023701708	2.513274e-07	0	0	0.9601497	0.27913785	0.0023701708	2.7355968e-20	-1
0	0.9601497	0.27913785	0.0023701708	1.256637e-07	0	0	0.9601497	0.27913785	0.0023701708	2.7356016e-20	-1
0	0.9601497	0.27913785	0.0023701708	0	0	0	0.9601497	0.27913785	0.0023701708	2.7356065e-20	-1
0	0.9601497	0.27913785	0.0023701708	-1.256637e-07	0	0	0.9601497	0.27913785	0.0023701708	2.7356113e-20	-1
0	0.9601497	0.27913785	0.0023701708	-2.513274e-07	0	0	0.9601497	0.27913785	0.0023701708	2.7356162e-20	-1
0	0.9601497	0.27913785	0.0023701708	-6.283185e-07	0	0	0.9601497	0.27913785	0.0023701708	2.7356304e-20	-1
0	0.9601497	0.27913785	0.0023701708	-1.256637e-06	0	0	0.9601497	0.27913785	0.0023701708	2.7356546e-20	-1
0	0.9601497	0.27913785	0.0023701708	-2.513274e-06	0	0	0.9601497	0.27913785	0.0023701708	2.7357028e-20	-1
0	0.9601497	0.27913785	0.0023701708	-6.2831855e-06	0	0	0.9601497	0.27913785	0.0023701708	2.7358475e-20	-1
0	0.9601497	0.27913785	0.0023701708	-1.2566371e-05	0	0	0.9601497	0.27913785	0.0023701708	2.7360883e-20	-1
0	0.9601497	0.27913785	0.0023701708	-2.5132742e-05	0	0	0.9601497	0.27913785	0.0023701708	2.73657e-20	-1
0	0.9601497	0.27913785	0.0023701708	-6.283185e-05	0	0	0.9601497	0.27913785	0.0023701708	2.7380156e-20	-1
0	0.9601497	0.27913785	0.0023701708	-0.0001256637	0	0	0.9601497	0.27913785	0.0023701708	2.740425e-20	-1
0	0.9601497	0.27913785	0.0023701708	-0.0002513274	0	0	0.9601497	0.27913785	0.0023701708	2.7452435e-20	-1
0	0.9587687	0.28384143	0.0023699878	-0.0006283185	0	0	0.9587687	0.28384143	0.0023699878	2.759678e-20	-1
0	0.9587687	0.28384143	0.0023699878	-0.0010053096	0	0	0.9587687	0.28384143	0.0023699878	2.7741127e-20	-1
0	0.9575618	0.2878843	0.002369502	-0.001256637	0	0	0.9575618	0.2878843	0.002369502	2.7837213e-20	-1
0	0.956303	0.2920359	0.0023687296	-0.0018849556	0	0	0.956303	0.2920359	0.0023687296	2.8077328e-20	-1
0	0.95498645	0.2963099	0.002367633	-0.002513274	0	0	0.95498645	0.2963099	0.002367633	2.8317126e-20	-1
0	0.95217097	0.3052306	0.0023643412	-0.0037699111	0	0	0.95217097	0.3052306	0.0023643412	2.8795692e-20	-1
0	0.94566476	0.32481605	0.0023523425	-0.0062831854	0	0	0.94566476	0.32481605	0.0023523425	2.9748226e-20	-1
0	0.93537533	0.3533393	0.002323052	-0.009424778	0	0	0.93537533	0.3533393	0.002323052	3.092853e-20	-1
0	0.92134905	0.38842863	0.0022675009	-0.012566371	0	0	0.92134905	0.38842863	0.0022675009	3.209377e-20	-1
0	0.85779583	0.51370823	0.0018884472	-0.018849555	0	0	0.85779583	0.51370823	0.0018884472	3.4345e-20	-1
0	-0.9840423	-0.1774847	-0.002283413	-0.025132742	0	0	-0.9840423	-0.1774847	-0.002283413	1.757427e-20	-1
0	-0.98880327	-0.1487159	-0.002226201	-0.03769911	0	0	-0.98880327	-0.1487159	-0.002226201	1.26229005e-20	-1
0	-0.99176466	-0.12750295	-0.0021734873	-0.050265484	0	0	-0.99176466	-0.12750295	-0.0021734873	7.652602e-21	-1
0	-0.9937142	-0.11131351	-0.0021262935	-0.06283186	0	0	-0.9937142	-0.11131351	-0.0021262935	2.6702093e-21	-1
0	-0.9937142	-0.11131351	-0.0021262935	-0.06283186	0	0	-0.9937142	-0.11131351	-0.0021262935	2.6702093e-21	1
0	-0.9917654	-0.12749726	-0.0021734782	-0.050265484	0	0	-0.9917654	-0.12749726	-0.0021734782	7.6526025e-21	1
0	-0.9888038	-0.14871219	-0.0022262495	-0.03769911	0	0	-0.9888038	-0.14871219	-0.0022262495	1.2622901e-20	1
0	-0.98404336	-0.1774784	-0.0022834046	-0.025132742	0	0	-0.98404336	-0.1774784	-0.0022834046	1.7574271e-20	1
0	-0.980526	-0.19596744	-0.0023122309	-0.018849555	0	0	-0.980526	-0.19596744	-0.0023122309	2.003928e-20	1
0	-0.97580695	-0.218238	-0.0023391903	-0.012566371	0	0	-0.97580695	-0.218238	-0.0023391903	2.2494049e-20	1
0	-0.9728217	-0.23117219	-0.0023509758	-0.009424778	0	0	-0.9728217	-0.23117219	-0.0023509758	2.3716501e-20	1
0	-0.9692863	-0.24556401	-0.0023607875	-0.0062831854	0	0	-0.9692863	-0.24556401	-0.0023607875	2.4934875e-20	1
0	-0.9659604	-0.2583285	-0.00236658	-0.0037699111	0	0	-0.9659604	-0.2583285	-0.00236658	2.5906119e-20	1
0	-0.96410656	-0.26515844	-0.0023685647	-0.002513274	0	0	-0.96410656	-0.26515844	-0.0023685647	2.6390425e-20	1
0	-0.9631251	-0.2686991	-0.0023692823	-0.0018849556	0	0	-0.9631251	-0.2686991	-0.0023692823	2.6632222e-20	1
0	-0.96209824	-0.27235037	-0.0023698	-0.001256637	0	0	-0.96209824	-0.27235037	-0.0023698	2.6873767e-20	1
0	-0.96209824	-0.27235037	-0.0023698	-0.0010053096	0	0	-0.96209824	-0.27235037	-0.0023698	2.6970332e-20	1
0	-0.9610348	-0.27607724	-0.0023701007	-0.0006283185	0	0	-0.9610348	-0.27607724	-0.0023701007	2.7115048e-20	1
0	-0.9610348	-0.27607724	-0.0023701007	-0.0002513274	0	0	-0.9610348	-0.27607724	-0.0023701007	2.7259737e-20	1
0	-0.96015096	-0.27913326	-0.002370154	-0.0001256637	0	0	-0.96015096	-0.27913326	-0.002370154	2.7307878e-20	1
0	-0.96015096	-0.27913326	-0.002370154	-6.283185e-05	0	0	-0.96015096	-0.27913326	-0.002370154	2.733197e-20	1
0	-0.96015096	-0.27913326	-0.002370154	-2.5132742e-05	0	0	-0.96015096	-0.27913326	-0.002370154	2.7346426e-20	1
0	-0.96015096	-0.27913326	-0.002370154	-1.2566371e-05	0	0	-0.96015096	-0.27913326	-0.002370154	2.7351244e-20	1
0	-0.96015096	-0.27913326	-0.002370154	-6.2831855e-06	0	0	-0.96015096	-0.27913326	-0.002370154	2.7353654e-20	1
0	-0.96015096	-0.27913326	-0.002370154	-2.513274e-06	0	0	-0.96015096	-0.27913326	-0.002370154	2.73551e-20	1
0	-0.96015096	-0.27913326	-0.002370154	-1.256637e-06	0	0	-0.96015096	-0.27913326	-0.002370154	2.735558e-20	1
0	-0.96015096	-0.27913326	-0.002370154	-6.283185e-07	0	0	-0.96015096	-0.27913326	-0.002370154	2.7355823e-20	1
0	-0.96015096	-0.27913326	-0.002370154	-2.513274e-07	0	0	-0.96015096	-0.27913326	-0.002370154	2.7355968e-20	1
0	-0.96015096	-0.27913326	-0.002370154	-1.256637e-07	0	0	-0.96015096	-0.27913326	-0.002370154	2.7356016e-20	1
0	-0.96015096	-0.27913326	-0.002370154	0	0	0	-0.96015096	-0.27913326	-0.002370154	2.7356065e-20	1
0	-0.96015096	-0.27913326	-0.002370154	1.256637e-07	0	0	-0.96015096	-0.27913326	-0.002370154	2.735611e-20	1
0	-0.96015096	-0.27913326	-0.002370154	2.513274e-07	0	0	-0.96015096	-0.27913326	-0.002370154	2.735616e-20	1
0	-0.96015096	-0.27913326	-0.002370154	6.283185e-07	0	0	-0.96015096	-0.27913326	-0.002370154	2.7356304e-20	1
0	-0.96015096	-0.27913326	-0.002370154	1.256637e-06	0	0	-0.96015096	-0.27913326	-0.002370154	2.7356546e-20	1
0	-0.96015096	-0.27913326	-0.002370154	2.513274e-06	0	0	-0.96015096	-0.27913326	-0.002370154	2.7357028e-20	1
0	-0.96015096	-0.27913326	-0.002370154	6.2831855e-06	0	0	-0.96015096	-0.27913326	-0.002370154	2.7358472e-20	1
0	-0.96015096	-0.27913326	-0.002370154	1.2566371e-05	0	0	-0.96015096	-0.27913326	-0.002370154	2.7360883e-20	1
0	-0.96015096	-0.27913326	-0.002370154	2.5132742e-05	0	0	-0.96015096	-0.27913326	-0.002370154	2.73657e-20	1
0	-0.96015096	-0.27913326	-0.002370154	6.283185e-05	0	0	-0.96015096	-0.27913326	-0.002370154	2.7380156e-20	1
0	-0.96015096	-0.27913326	-0.002370154	0.0001256637	0	0	-0.96015096	-0.27913326	-0.002370154	2.7404248e-20	1
0	-0.96015096	-0.27913326	-0.002370154	0.0002513274	0	0	-0.96015096	-0.27913326	-0.002370154	2.7452435e-20	1
0	-0.9587691	-0.28384036	-0.0023699729	0.0006283185	0	0	-0.9587691	-0.28384036	-0.0023699729	2.7596784e-20	1
0	-0.9587691	-0.28384036	-0.0023699729	0.0010053096	0	0	-0.9587691	-0.28384036	-0.0023699729	2.774113e-20	1
0	-0.9575616	-0.28788495	-0.0023695012	0.001256637	0	0	-0.9575616	-0.28788495	-0.0023695012	2.783721e-20	1
0	-0.9563019	-0.29203933	-0.0023687307	0.0018849556	0	0	-0.9563019	-0.29203933	-0.0023687307	2.8077328e-20	1
0	-0.9549874	-0.29630676	-0.0023676343	0.002513274	0	0	-0.9549874	-0.29630676	-0.0023676343	2.8317123e-20	1
0	-0.9521705	-0.30523193	-0.0023643398	0.0037699111	0	0	-0.9521705	-0.30523193	-0.0023643398	2.879569e-20	1
0	-0.9456713	-0.3247968	-0.002352361	0.0062831854	0	0	-0.9456713	-0.3247968	-0.002352361	2.9748223e-20	1
0	-0.93537235	-0.3533471	-0.002323044	0.009424778	0	0	-0.93537235	-0.3533471	-0.002323044	3.0928525e-20	1
0	-0.921352	-0.38842165	-0.00226752	0.012566371	0	0	-0.921352	-0.38842165	-0.00226752	3.209377e-20	1
0	-0.857844	-0.51362777	-0.0018887869	0.018849555	0	0	-0.857844	-0.51362777	-0.0018887869	3.4345004e-20	1
0	0.9840424	0.17748415	0.002283412	0.025132742	0	0	0.9840424	0.17748415	0.002283412	1.7574271e-20	1
0	0.98880327	0.14871626	0.002226206	0.03769911	0	0	0.98880327	0.14871626	0.002226206	1.2622898e-20	1
0	0.9917646	0.12750366	0.0021734908	0.050265484	0	0	0.9917646	0.12750366	0.0021734908	7.6526025e-21	1
0	0.99371415	0.111313574	0.0021262832	0.06283186	0	0	0.99371415	0.111313574	0.0021262832	2.6702111e-21	1
