# t (s)	mx ()	my ()	mz ()	B_extx (T)	B_exty (T)	B_extz (T)	mx ()	my ()	mz ()	E_total (J)	branch ()
0	-0.029756853	0.99949193	-0.0001881278	0	0.06283186	0	-0.029756853	0.99949193	-0.0001881278	4.59313e-21	-1
0	-0.03521911	0.9993135	-0.00018822943	0	0.050265484	0	-0.03521911	0.9993135	-0.00018822943	9.608672e-21	-1
0	-0.043109577	0.9990033	-0.00018765283	0	0.03769911	0	-0.043109577	0.9990033	-0.00018765283	1.462304e-20	-1
0	-0.05545123	0.99839294	-0.00018576154	0	0.025132742	0	-0.05545123	0.99839294	-0.00018576154	1.96352e-20	-1
0	-0.064631015	0.99784	-0.00018388593	0	0.018849555	0	-0.064631015	0.99784	-0.00018388593	2.2139777e-20	-1
0	-0.07733855	0.99693453	-0.00018092594	0	0.012566371	0	-0.07733855	0.99693453	-0.00018092594	2.4642572e-20	-1
0	-0.08569668	0.99625015	-0.0001787253	0	0.009424778	0	-0.08569668	0.99625015	-0.0001787253	2.5892944e-20	-1
0	-0.09602974	0.9953064	-0.00017588839	0	0.0062831854	0	-0.09602974	0.9953064	-0.00017588839	2.7142307e-20	-1
0	-0.10624595	0.99426675	-0.00017294023	0	0.0037699111	0	-0.10624595	0.99426675	-0.00017294023	2.81408e-20	-1
0	-0.11215298	0.9936172	-0.00017118195	0	0.002513274	0	-0.11215298	0.9936172	-0.00017118195	2.8639617e-20	-1
0	-0.115365066	0.99324906	-0.00017021004	0	0.0018849556	0	-0.115365066	0.99324906	-0.00017021004	2.8888895e-20	-1
0	-0.11875409	0.99284923	-0.00016917277	0	0.001256637	0	-0.11875409	0.99284923	-0.00016917277	2.9138074e-20	-1
0	-0.11875409	0.99284923	-0.00016917277	0	0.0010053096	0	-0.11875409	0.99284923	-0.00016917277	2.9237726e-20	-1
0	-0.12237563	0.992409	-0.00016805335	0	0.0006283185	0	-0.12237563	0.992409	-0.00016805335	2.9387152e-20	-1
0	-0.1246479	0.9921259	-0.00016734377	0	0.0002513274	0	-0.1246479	0.9921259	-0.00016734377	2.953655e-20	-1
0	-0.12543182	0.99202704	-0.00016709842	0	0.0001256637	0	-0.12543182	0.99202704	-0.00016709842	2.9586328e-20	-1
0	-0.12543182	0.99202704	-0.00016709842	0	6.283185e-05	0	-0.12543182	0.99202704	-0.00016709842	2.961122e-20	-1
0	-0.12543182	0.99202704	-0.00016709842	0	2.5132742e-05	0	-0.12543182	0.99202704	-0.00016709842	2.9626155e-20	-1
0	-0.12543182	0.99202704	-0.00016709842	0	1.2566371e-05	0	-0.12543182	0.99202704	-0.00016709842	2.9631135e-20	-1
0	-0.12543182	0.99202704	-0.00016709842	0	6.2831855e-06	0	-0.12543182	0.99202704	-0.00016709842	2.9633623e-20	-1
0	-0.12543182	0.99202704	-0.00016709842	0	2.513274e-06	0	-0.12543182	0.99202704	-0.00016709842	2.963512e-20	-1
0	-0.12543182	0.99202704	-0.00016709842	0	1.256637e-06	0	-0.12543182	0.99202704	-0.00016709842	2.9635616e-20	-1
0	-0.12543182	0.99202704	-0.00016709842	0	6.283185e-07	0	-0.12543182	0.99202704	-0.00016709842	2.9635865e-20	-1
0	-0.12543182	0.99202704	-0.00016709842	0	2.513274e-07	0	-0.12543182	0.99202704	-0.00016709842	2.9636014e-20	-1
0	-0.12543182	0.99202704	-0.00016709842	0	1.256637e-07	0	-0.12543182	0.99202704	-0.00016709842	2.9636062e-20	-1
0	-0.12543182	0.99202704	-0.00016709842	0	0	0	-0.12543182	0.99202704	-0.00016709842	2.9636114e-20	-1
0	-0.12543182	0.99202704	-0.00016709842	0	-1.256637e-07	0	-0.12543182	0.99202704	-0.00016709842	2.9636162e-20	-1
0	-0.12543182	0.99202704	-0.00016709842	0	-2.513274e-07	0	-0.12543182	0.99202704	-0.00016709842	2.9636214e-20	-1
0	-0.12543182	0.99202704	-0.00016709842	0	-6.283185e-07	0	-0.12543182	0.99202704	-0.00016709842	2.9636363e-20	-1
0	-0.12543182	0.99202704	-0.00016709842	0	-1.256637e-06	0	-0.12543182	0.99202704	-0.00016709842	2.963661e-20	-1
0	-0.12543182	0.99202704	-0.00016709842	0	-2.513274e-06	0	-0.12543182	0.99202704	-0.00016709842	2.963711e-20	-1
0	-0.12543182	0.99202704	-0.00016709842	0	-6.2831855e-06	0	-0.12543182	0.99202704	-0.00016709842	2.9638602e-20	-1
0	-0.12543182	0.99202704	-0.00016709842	0	-1.2566371e-05	0	-0.12543182	0.99202704	-0.00016709842	2.964109e-20	-1
0	-0.12543182	0.99202704	-0.00016709842	0	-2.5132742e-05	0	-0.12543182	0.99202704	-0.00016709842	2.964607e-20	-1
0	-0.12543182	0.99202704	-0.00016709842	0	-6.283185e-05	0	-0.12543182	0.99202704	-0.00016709842	2.9661007e-20	-1
0	-0.12543182	0.99202704	-0.00016709842	0	-0.0001256637	0	-0.12543182	0.99202704	-0.00016709842	2.9685897e-20	-1
0	-0.12779313	0.9917253	-0.00016635515	0	-0.0002513274	0	-0.12779313	0.9917253	-0.00016635515	2.973566e-20	-1
0	-0.130288	0.9914004	-0.00016556468	0	-0.0006283185	0	-0.130288	0.9914004	-0.00016556468	2.988495e-20	-1
0	-0.13286512	0.991058	-0.00016474354	0	-0.0010053096	0	-0.13286512	0.991058	-0.00016474354	3.0034182e-20	-1
0	-0.13464542	0.99081755	-0.00016418009	0	-0.001256637	0	-0.13464542	0.99081755	-0.00016418009	3.0133644e-20	-1
0	-0.13933407	0.9901686	-0.00016265793	0	-0.0018849556	0	-0.13933407	0.9901686	-0.00016265793	3.038218e-20	-1
0	-0.14432886	0.98945224	-0.00016102732	0	-0.002513274	0	-0.14432886	0.98945224	-0.00016102732	3.0630553e-20	-1
0	-0.15552646	0.98775274	-0.00015730973	0	-0.0037699111	0	-0.15552646	0.98775274	-0.00015730973	3.11267e-20	-1
0	-0.18490845	0.98267245	-0.00014721011	0	-0.0062831854	0	-0.18490845	0.98267245	-0.00014721011	3.2115798e-20	-1
0	-0.940166	-0.3404026	-0.00016617253	0	-0.009424778	0	-0.940166	-0.3404026	-0.00016617253	2.6485139e-20	-1
0	-0.89915633	-0.43733603	-0.00012981109	0	-0.012566371	0	-0.89915633	-0.43733603	-0.00012981109	2.600037e-20	-1
0	0.06464143	-0.99783933	0.00018388419	0	-0.018849555	0	0.06464143	-0.99783933	0.00018388419	2.2139777e-20	-1
0	0.05546186	-0.99839246	0.00018575888	0	-0.025132742	0	0.05546186	-0.99839246	0.00018575888	1.9635197e-20	-1
0	0.04311374	-0.99900305	0.00018764987	0	-0.03769911	0	0.04311374	-0.99900305	0.00018764987	1.4623038e-20	-1
0	0.03522453	-0.99931335	0.00018822859	0	-0.050265484	0	0.03522453	-0.99931335	0.00018822859	9.6086794e-21	-1
0	0.029760689	-0.9994918	0.00018812691	0	-0.06283186	0	0.029760689	-0.9994918	0.00018812691	4.593129e-21	-1
0	0.029756706	-0.99949193	0.0001881277	0	-0.06283186	0	0.029756706	-0.99949193	0.0001881277	4.5931304e-21	1
0	0.035222188	-0.9993134	0.00018823141	0	-0.050265484	0	0.035222188	-0.9993134	0.00018823141	9.608676e-21	1
0	0.043109044	-0.9990033	0.00018765058	0	-0.03769911	0	0.043109044	-0.9990033	0.00018765058	1.4623038e-20	1
0	0.055447005	-0.9983932	0.00018576266	0	-0.025132742	0	0.055447005	-0.9983932	0.00018576266	1.96352e-20	1
0	0.064630136	-0.99784005	0.00018389453	0	-0.018849555	0	0.064630136	-0.99784005	0.00018389453	2.2139778e-20	1
0	0.07733236	-0.996935	0.00018089132	0	-0.012566371	0	0.07733236	-0.996935	0.00018089132	2.464257e-20	1
0	0.085685685	-0.9962511	0.00017872882	0	-0.009424778	0	0.085685685	-0.9962511	0.00017872882	2.5892946e-20	1
0	0.09603337	-0.995306	0.0001758862	0	-0.0062831854	0	0.09603337	-0.995306	0.0001758862	2.7142307e-20	1
0	0.10622417	-0.9942691	0.00017294817	0	-0.0037699111	0	0.10622417	-0.9942691	0.00017294817	2.8140798e-20	1
0	0.112148106	-0.9936178	0.00017118327	0	-0.002513274	0	0.112148106	-0.9936178	0.00017118327	2.8639617e-20	1
0	0.1153682	-0.9932487	0.00017020896	0	-0.0018849556	0	0.1153682	-0.9932487	0.00017020896	2.8888892e-20	1
0	0.118768945	-0.99284744	0.0001691679	0	-0.001256637	0	0.118768945	-0.99284744	0.0001691679	2.9138077e-20	1
0	0.118768945	-0.99284744	0.0001691679	0	-0.0010053096	0	0.118768945	-0.99284744	0.0001691679	2.9237726e-20	1
0	0.122342676	-0.99241304	0.00016806346	0	-0.0006283185	0	0.122342676	-0.99241304	0.00016806346	2.9387155e-20	1
0	0.12464617	-0.9921261	0.00016734457	0	-0.0002513274	0	0.12464617	-0.9921261	0.00016734457	2.9536542e-20	1
0	0.12464617	-0.9921261	0.00016734457	0	-0.0001256637	0	0.12464617	-0.9921261	0.00016734457	2.958633e-20	1
0	0.12464617	-0.9921261	0.00016734457	0	-6.283185e-05	0	0.12464617	-0.9921261	0.00016734457	2.9611227e-20	1
0	0.12464617	-0.9921261	0.00016734457	0	-2.5132742e-05	0	0.12464617	-0.9921261	0.00016734457	2.9626165e-20	1
0	0.12464617	-0.9921261	0.00016734457	0	-1.2566371e-05	0	0.12464617	-0.9921261	0.00016734457	2.963114e-20	1
0	0.12464617	-0.9921261	0.00016734457	0	-6.2831855e-06	0	0.12464617	-0.9921261	0.00016734457	2.9633632e-20	1
0	0.12464617	-0.9921261	0.00016734457	0	-2.513274e-06	0	0.12464617	-0.9921261	0.00016734457	2.9635125e-20	1
0	0.12464617	-0.9921261	0.00016734457	0	-1.256637e-06	0	0.12464617	-0.9921261	0.00016734457	2.9635623e-20	1
0	0.12464617	-0.9921261	0.00016734457	0	-6.283185e-07	0	0.12464617	-0.9921261	0.00016734457	2.963587e-20	1
0	0.12464617	-0.9921261	0.00016734457	0	-2.513274e-07	0	0.12464617	-0.9921261	0.00016734457	2.9636023e-20	1
0	0.12464617	-0.9921261	0.00016734457	0	-1.256637e-07	0	0.12464617	-0.9921261	0.00016734457	2.9636072e-20	1
0	0.12464617	-0.9921261	0.00016734457	0	0	0	0.12464617	-0.9921261	0.00016734457	2.963612e-20	1
0	0.12464617	-0.9921261	0.00016734457	0	1.256637e-07	0	0.12464617	-0.9921261	0.00016734457	2.9636172e-20	1
0	0.12464617	-0.9921261	0.00016734457	0	2.513274e-07	0	0.12464617	-0.9921261	0.00016734457	2.963622e-20	1
0	0.12464617	-0.9921261	0.00016734457	0	6.283185e-07	0	0.12464617	-0.9921261	0.00016734457	2.963637e-20	1
0	0.12464617	-0.9921261	0.00016734457	0	1.256637e-06	0	0.12464617	-0.9921261	0.00016734457	2.9636618e-20	1
0	0.12464617	-0.9921261	0.00016734457	0	2.513274e-06	0	0.12464617	-0.9921261	0.00016734457	2.963712e-20	1
0	0.12464617	-0.9921261	0.00016734457	0	6.2831855e-06	0	0.12464617	-0.9921261	0.00016734457	2.963861e-20	1
0	0.12464617	-0.9921261	0.00016734457	0	1.2566371e-05	0	0.12464617	-0.9921261	0.00016734457	2.96411e-20	1
0	0.12464617	-0.9921261	0.00016734457	0	2.5132742e-05	0	0.12464617	-0.9921261	0.00016734457	2.964608e-20	1
0	0.12660229	-0.99187815	0.00016671415	0	6.283185e-05	0	0.12660229	-0.99187815	0.00016671415	2.9661004e-20	1
0	0.12700254	-0.991827	0.00016660409	0	0.0001256637	0	0.12700254	-0.991827	0.00016660409	2.968589e-20	1
0	0.12780863	-0.9917233	0.00016634921	0	0.0002513274	0	0.12780863	-0.9917233	0.00016634921	2.9735663e-20	1
0	0.13026386	-0.9914036	0.00016557274	0	0.0006283185	0	0.13026386	-0.9914036	0.00016557274	2.9884947e-20	1
0	0.13286385	-0.99105823	0.00016474327	0	0.0010053096	0	0.13286385	-0.99105823	0.00016474327	3.0034182e-20	1
0	0.13464428	-0.99081767	0.00016417228	0	0.001256637	0	0.13464428	-0.99081767	0.00016417228	3.0133644e-20	1
0	0.1393038	-0.99017286	0.00016266751	0	0.0018849556	0	0.1393038	-0.99017286	0.00016266751	3.038218e-20	1
0	0.14431211	-0.98945475	0.00016103417	0	0.002513274	0	0.14431211	-0.98945475	0.00016103417	3.0630553e-20	1
0	0.15552709	-0.9877527	0.00015731243	0	0.0037699111	0	0.15552709	-0.9877527	0.00015731243	3.11267e-20	1
0	0.18485326	-0.9826828	0.00014722912	0	0.0062831854	0	0.18485326	-0.9826828	0.00014722912	3.21158e-20	1
0	0.25243068	-0.9675193	0.00012276028	0	0.009424778	0	0.25243068	-0.9675193	0.00012276028	3.334113e-20	1
0	-0.077346325	0.99693394	-0.00018088814	0	0.012566371	0	-0.077346325	0.99693394	-0.00018088814	2.464257e-20	1
0	-0.06464115	0.99783933	-0.0001838883	0	0.018849555	0	-0.06464115	0.99783933	-0.0001838883	2.2139778e-20	1
0	-0.055453867	0.9983928	-0.00018576151	0	0.025132742	0	-0.055453867	0.9983928	-0.00018576151	1.96352e-20	1
0	-0.04311581	0.99900293	-0.00018764878	0	0.03769911	0	-0.04311581	0.99900293	-0.00018764878	1.462304e-20	1
0	-0.035224613	0.99931335	-0.00018822757	0	0.050265484	0	-0.035224613	0.99931335	-0.00018822757	9.608677e-21	1
0	-0.029757185	0.99949193	-0.00018812701	0	0.06283186	0	-0.029757185	0.99949193	-0.00018812701	4.593131e-21	1
