# t (s)	mx ()	my ()	mz ()	B_extx (T)	B_exty (T)	B_extz (T)	mx ()	my ()	mz ()	E_total (J)	branch ()
0	-0.07281834	0.9972747	-0.002205223	0	0.06283186	0	-0.07281834	0.9972747	-0.002205223	4.9189975e-21	-1
0	-0.0906207	0.99581313	-0.002153533	0	0.050265484	0	-0.0906207	0.99581313	-0.002153533	9.920536e-21	-1
0	-0.118220955	0.9929122	-0.0020488552	0	0.03769911	0	-0.118220955	0.9929122	-0.0020488552	1.4911643e-20	-1
0	-0.16401076	0.9863781	-0.0018269008	0	0.025132742	0	-0.16401076	0.9863781	-0.0018269008	1.9880533e-20	-1
0	-0.19837394	0.9800409	-0.0016287323	0	0.018849555	0	-0.19837394	0.9800409	-0.0016287323	2.234829e-20	-1
0	-0.2442761	0.96961236	-0.0013293045	0	0.012566371	0	-0.2442761	0.96961236	-0.0013293045	2.4795484e-20	-1
0	-0.27294463	0.96193075	-0.0011252621	0	0.009424778	0	-0.27294463	0.96193075	-0.0011252621	2.6007382e-20	-1
0	-0.30649245	0.9517666	-0.0008728182	0	0.0062831854	0	-0.30649245	0.9517666	-0.0008728182	2.7208168e-20	-1
0	-0.33774054	0.9411253	-0.0006269582	0	0.0037699111	0	-0.33774054	0.9411253	-0.0006269582	2.8158336e-20	-1
0	-0.35518265	0.93467844	-0.00048621616	0	0.002513274	0	-0.35518265	0.93467844	-0.00048621616	2.8629057e-20	-1
0	-0.36448696	0.9310875	-0.00041031453	0	0.0018849556	0	-0.36448696	0.9310875	-0.00041031453	2.8863146e-20	-1
0	-0.37414593	0.9272462	-0.00033103462	0	0.001256637	0	-0.37414593	0.9272462	-0.00033103462	2.9096304e-20	-1
0	-0.37414593	0.9272462	-0.00033103462	0	0.0010053096	0	-0.37414593	0.9272462	-0.00033103462	2.9189372e-20	-1
0	-0.38430136	0.9230813	-0.00024721443	0	0.0006283185	0	-0.38430136	0.9230813	-0.00024721443	2.9328454e-20	-1
0	-0.3906309	0.9204192	-0.00019478094	0	0.0002513274	0	-0.3906309	0.9204192	-0.00019478094	2.946723e-20	-1
0	-0.3927818	0.91950285	-0.00017693499	0	0.0001256637	0	-0.3927818	0.91950285	-0.00017693499	2.9513397e-20	-1
0	-0.39385247	0.91904455	-0.00016804837	0	6.283185e-05	0	-0.39385247	0.91904455	-0.00016804837	2.9536464e-20	-1
0	-0.39385247	0.91904455	-0.00016804837	0	2.5132742e-05	0	-0.39385247	0.91904455	-0.00016804837	2.95503e-20	-1
0	-0.39385247	0.91904455	-0.00016804837	0	1.2566371e-05	0	-0.39385247	0.91904455	-0.00016804837	2.9554914e-20	-1
0	-0.39385247	0.91904455	-0.00016804837	0	6.2831855e-06	0	-0.39385247	0.91904455	-0.00016804837	2.9557218e-20	-1
0	-0.39385247	0.91904455	-0.00016804837	0	2.513274e-06	0	-0.39385247	0.91904455	-0.00016804837	2.9558604e-20	-1
0	-0.39385247	0.91904455	-0.00016804837	0	1.256637e-06	0	-0.39385247	0.91904455	-0.00016804837	2.9559063e-20	-1
0	-0.39385247	0.91904455	-0.00016804837	0	6.283185e-07	0	-0.39385247	0.91904455	-0.00016804837	2.9559296e-20	-1
0	-0.39385247	0.91904455	-0.00016804837	0	2.513274e-07	0	-0.39385247	0.91904455	-0.00016804837	2.9559435e-20	-1
0	-0.39385247	0.91904455	-0.00016804837	0	1.256637e-07	0	-0.39385247	0.91904455	-0.00016804837	2.955948e-20	-1
0	-0.39385247	0.91904455	-0.00016804837	0	0	0	-0.39385247	0.91904455	-0.00016804837	2.9559525e-20	-1
0	-0.39385247	0.91904455	-0.00016804837	0	-1.256637e-07	0	-0.39385247	0.91904455	-0.00016804837	2.955957e-20	-1
0	-0.39385247	0.91904455	-0.00016804837	0	-2.513274e-07	0	-0.39385247	0.91904455	-0.00016804837	2.955962e-20	-1
0	-0.39385247	0.91904455	-0.00016804837	0	-6.283185e-07	0	-0.39385247	0.91904455	-0.00016804837	2.9559755e-20	-1
0	-0.39385247	0.91904455	-0.00016804837	0	-1.256637e-06	0	-0.39385247	0.91904455	-0.00016804837	2.9559987e-20	-1
0	-0.39385247	0.91904455	-0.00016804837	0	-2.513274e-06	0	-0.39385247	0.91904455	-0.00016804837	2.956045e-20	-1
0	-0.39385247	0.91904455	-0.00016804837	0	-6.2831855e-06	0	-0.39385247	0.91904455	-0.00016804837	2.9561832e-20	-1
0	-0.39385247	0.91904455	-0.00016804837	0	-1.2566371e-05	0	-0.39385247	0.91904455	-0.00016804837	2.9564136e-20	-1
0	-0.39385247	0.91904455	-0.00016804837	0	-2.5132742e-05	0	-0.39385247	0.91904455	-0.00016804837	2.956875e-20	-1
0	-0.39385247	0.91904455	-0.00016804837	0	-6.283185e-05	0	-0.39385247	0.91904455	-0.00016804837	2.9582586e-20	-1
0	-0.39385247	0.91904455	-0.00016804837	0	-0.0001256637	0	-0.39385247	0.91904455	-0.00016804837	2.9605647e-20	-1
0	-0.3993742	0.91665727	-0.00012216414	0	-0.0002513274	0	-0.3993742	0.91665727	-0.00012216414	2.9651617e-20	-1
0	-0.4061774	0.9136616	-6.554516e-05	0	-0.0006283185	0	-0.4061774	0.9136616	-6.554516e-05	2.97894e-20	-1
0	-0.4132156	0.9104984	-6.9041266e-06	0	-0.0010053096	0	-0.4132156	0.9104984	-6.9041266e-06	2.992672e-20	-1
0	-0.41806668	0.9082801	3.3536628e-05	0	-0.001256637	0	-0.41806668	0.9082801	3.3536628e-05	3.0017997e-20	-1
0	-0.4307204	0.9023453	0.0001390074	0	-0.0018849556	0	-0.4307204	0.9023453	0.0001390074	3.024517e-20	-1
0	-0.44430092	0.8957333	0.00025198437	0	-0.002513274	0	-0.44430092	0.8957333	0.00025198437	3.0470775e-20	-1
0	-0.47519195	0.87972784	0.00050665817	0	-0.0037699111	0	-0.47519195	0.87972784	0.00050665817	3.091646e-20	-1
0	-0.5783348	0.81560934	0.001291493	0	-0.0062831854	0	-0.5783348	0.81560934	0.001291493	3.1774195e-20	-1
0	0.16504985	0.98619825	-0.002501304	0	-0.009424778	0	0.16504985	0.98619825	-0.002501304	3.3994693e-20	-1
0	0.24429482	-0.96960765	0.0013291695	0	-0.012566371	0	0.24429482	-0.96960765	0.0013291695	2.4795485e-20	-1
0	0.19838214	-0.98003924	0.0016286783	0	-0.018849555	0	0.19838214	-0.98003924	0.0016286783	2.2348292e-20	-1
0	0.16402245	-0.98637605	0.0018268297	0	-0.025132742	0	0.16402245	-0.98637605	0.0018268297	1.9880535e-20	-1
0	0.11823015	-0.9929111	0.002048809	0	-0.03769911	0	0.11823015	-0.9929111	0.002048809	1.4911641e-20	-1
0	0.09062216	-0.995813	0.002153526	0	-0.050265484	0	0.09062216	-0.995813	0.002153526	9.920538e-21	-1
0	0.07282403	-0.9972743	0.0022052035	0	-0.06283186	0	0.07282403	-0.9972743	0.0022052035	4.918996e-21	-1
0	0.07282403	-0.9972743	0.0022052035	0	-0.06283186	0	0.07282403	-0.9972743	0.0022052035	4.918996e-21	1
0	0.09061831	-0.99581337	0.0021535438	0	-0.050265484	0	0.09061831	-0.99581337	0.0021535438	9.920538e-21	1
0	0.118216984	-0.99291265	0.0020488738	0	-0.03769911	0	0.118216984	-0.99291265	0.0020488738	1.4911643e-20	1
0	0.16401008	-0.9863781	0.0018269044	0	-0.025132742	0	0.16401008	-0.9863781	0.0018269044	1.9880535e-20	1
0	0.19836926	-0.98004186	0.0016287661	0	-0.018849555	0	0.19836926	-0.98004186	0.0016287661	2.2348292e-20	1
0	0.24429101	-0.96960855	0.0013292033	0	-0.012566371	0	0.24429101	-0.96960855	0.0013292033	2.4795485e-20	1
0	0.27295047	-0.96192896	0.0011252195	0	-0.009424778	0	0.27295047	-0.96192896	0.0011252195	2.6007378e-20	1
0	0.3064853	-0.951769	0.0008728744	0	-0.0062831854	0	0.3064853	-0.951769	0.0008728744	2.7208168e-20	1
0	0.33772677	-0.9411302	0.0006270708	0	-0.0037699111	0	0.33772677	-0.9411302	0.0006270708	2.815834e-20	1
0	0.3551896	-0.9346758	0.0004861586	0	-0.002513274	0	0.3551896	-0.9346758	0.0004861586	2.8629064e-20	1
0	0.364469	-0.9310945	0.00041046692	0	-0.0018849556	0	0.364469	-0.9310945	0.00041046692	2.8863146e-20	1
0	0.3741908	-0.92722815	0.0003306589	0	-0.001256637	0	0.3741908	-0.92722815	0.0003306589	2.9096307e-20	1
0	0.3741908	-0.92722815	0.0003306589	0	-0.0010053096	0	0.3741908	-0.92722815	0.0003306589	2.9189372e-20	1
0	0.38429636	-0.92308336	0.00024725703	0	-0.0006283185	0	0.38429636	-0.92308336	0.00024725703	2.9328458e-20	1
0	0.38429636	-0.92308336	0.00024725703	0	-0.0002513274	0	0.38429636	-0.92308336	0.00024725703	2.9467434e-20	1
0	0.39278555	-0.9195013	0.0001769035	0	-0.0001256637	0	0.39278555	-0.9195013	0.0001769035	2.9513397e-20	1
0	0.39278555	-0.9195013	0.0001769035	0	-6.283185e-05	0	0.39278555	-0.9195013	0.0001769035	2.953647e-20	1
0	0.39278555	-0.9195013	0.0001769035	0	-2.5132742e-05	0	0.39278555	-0.9195013	0.0001769035	2.9550313e-20	1
0	0.39278555	-0.9195013	0.0001769035	0	-1.2566371e-05	0	0.39278555	-0.9195013	0.0001769035	2.955493e-20	1
0	0.39278555	-0.9195013	0.0001769035	0	-6.2831855e-06	0	0.39278555	-0.9195013	0.0001769035	2.9557238e-20	1
0	0.39278555	-0.9195013	0.0001769035	0	-2.513274e-06	0	0.39278555	-0.9195013	0.0001769035	2.955862e-20	1
0	0.39278555	-0.9195013	0.0001769035	0	-1.256637e-06	0	0.39278555	-0.9195013	0.0001769035	2.9559083e-20	1
0	0.39278555	-0.9195013	0.0001769035	0	-6.283185e-07	0	0.39278555	-0.9195013	0.0001769035	2.9559312e-20	1
0	0.39278555	-0.9195013	0.0001769035	0	-2.513274e-07	0	0.39278555	-0.9195013	0.0001769035	2.955945e-20	1
0	0.39278555	-0.9195013	0.0001769035	0	-1.256637e-07	0	0.39278555	-0.9195013	0.0001769035	2.9559496e-20	1
0	0.39278555	-0.9195013	0.0001769035	0	0	0	0.39278555	-0.9195013	0.0001769035	2.9559545e-20	1
0	0.39278555	-0.9195013	0.0001769035	0	1.256637e-07	0	0.39278555	-0.9195013	0.0001769035	2.955959e-20	1
0	0.39278555	-0.9195013	0.0001769035	0	2.513274e-07	0	0.39278555	-0.9195013	0.0001769035	2.9559635e-20	1
0	0.39278555	-0.9195013	0.0001769035	0	6.283185e-07	0	0.39278555	-0.9195013	0.0001769035	2.9559774e-20	1
0	0.39278555	-0.9195013	0.0001769035	0	1.256637e-06	0	0.39278555	-0.9195013	0.0001769035	2.9560007e-20	1
0	0.39278555	-0.9195013	0.0001769035	0	2.513274e-06	0	0.39278555	-0.9195013	0.0001769035	2.9560466e-20	1
0	0.39278555	-0.9195013	0.0001769035	0	6.2831855e-06	0	0.39278555	-0.9195013	0.0001769035	2.9561852e-20	1
0	0.39278555	-0.9195013	0.0001769035	0	1.2566371e-05	0	0.39278555	-0.9195013	0.0001769035	2.956416e-20	1
0	0.39278555	-0.9195013	0.0001769035	0	2.5132742e-05	0	0.39278555	-0.9195013	0.0001769035	2.9568773e-20	1
0	0.39278555	-0.9195013	0.0001769035	0	6.283185e-05	0	0.39278555	-0.9195013	0.0001769035	2.9582615e-20	1
0	0.39278555	-0.9195013	0.0001769035	0	0.0001256637	0	0.39278555	-0.9195013	0.0001769035	2.960569e-20	1
0	0.3993683	-0.9166599	0.00012221264	0	0.0002513274	0	0.3993683	-0.9166599	0.00012221264	2.965162e-20	1
0	0.40617484	-0.9136627	6.556634e-05	0	0.0006283185	0	0.40617484	-0.9136627	6.556634e-05	2.9789404e-20	1
0	0.41322878	-0.9104924	6.7918536e-06	0	0.0010053096	0	0.41322878	-0.9104924	6.7918536e-06	2.992672e-20	1
0	0.41806325	-0.9082817	-3.3507156e-05	0	0.001256637	0	0.41806325	-0.9082817	-3.3507156e-05	3.001799e-20	1
0	0.43072322	-0.902344	-0.00013903118	0	0.0018849556	0	0.43072322	-0.902344	-0.00013903118	3.0245174e-20	1
0	0.4442919	-0.89573777	-0.000251908	0	0.002513274	0	0.4442919	-0.89573777	-0.000251908	3.0470775e-20	1
0	0.4752284	-0.8797082	-0.0005069601	0	0.0037699111	0	0.4752284	-0.8797082	-0.0005069601	3.091646e-20	1
0	0.57836676	-0.81558657	-0.0012917113	0	0.0062831854	0	0.57836676	-0.81558657	-0.0012917113	3.1774198e-20	1
0	-0.99182916	-0.12692857	-0.0038505	0	0.009424778	0	-0.99182916	-0.12692857	-0.0038505	2.8519226e-20	1
0	-0.2443076	0.9696044	-0.0013290802	0	0.012566371	0	-0.2443076	0.9696044	-0.0013290802	2.4795488e-20	1
0	-0.19838953	0.9800378	-0.0016286309	0	0.018849555	0	-0.19838953	0.9800378	-0.0016286309	2.2348289e-20	1
0	-0.16400935	0.9863783	-0.0018269133	0	0.025132742	0	-0.16400935	0.9863783	-0.0018269133	1.9880535e-20	1
0	-0.11822924	0.9929112	-0.0020488165	0	0.03769911	0	-0.11822924	0.9929112	-0.0020488165	1.4911645e-20	1
0	-0.09062533	0.9958128	-0.002153515	0	0.050265484	0	-0.09062533	0.9958128	-0.002153515	9.920537e-21	1
0	-0.07282374	0.9972743	-0.002205202	0	0.06283186	0	-0.07282374	0.9972743	-0.002205202	4.9189963e-21	1
