# t (s)	mx ()	my ()	mz ()	B_extx (T)	B_exty (T)	B_extz (T)	mx ()	my ()	mz ()	E_total (J)	branch ()
0	-0.014047166	0.9998319	-0.0030353805	0	0.06283186	0	-0.014047166	0.9998319	-0.0030353805	4.4672232e-21	-1
0	-0.016565975	0.9997925	-0.0030533003	0	0.050265484	0	-0.016565975	0.9997925	-0.0030533003	9.4847954e-21	-1
0	-0.020185076	0.99972516	-0.0030684294	0	0.03769911	0	-0.020185076	0.99972516	-0.0030684294	1.4502111e-20	-1
0	-0.025822362	0.99959445	-0.003077993	0	0.025132742	0	-0.025822362	0.99959445	-0.003077993	1.9518945e-20	-1
0	-0.02999885	0.9994774	-0.0030788037	0	0.018849555	0	-0.02999885	0.9994774	-0.0030788037	2.2027047e-20	-1
0	-0.035770033	0.999287	-0.003074741	0	0.012566371	0	-0.035770033	0.999287	-0.003074741	2.453477e-20	-1
0	-0.039578892	0.99914306	-0.0030698022	0	0.009424778	0	-0.039578892	0.99914306	-0.0030698022	2.5788415e-20	-1
0	-0.044276565	0.9989456	-0.0030619833	0	0.0062831854	0	-0.044276565	0.9989456	-0.0030619833	2.704185e-20	-1
0	-0.04892291	0.9987285	-0.0030527874	0	0.0037699111	0	-0.04892291	0.9987285	-0.0030527874	2.8044386e-20	-1
0	-0.05161932	0.9985926	-0.0030469322	0	0.002513274	0	-0.05161932	0.9985926	-0.0030469322	2.8545563e-20	-1
0	-0.053079613	0.99851596	-0.0030436192	0	0.0018849556	0	-0.053079613	0.99851596	-0.0030436192	2.8796125e-20	-1
0	-0.0546403	0.9984317	-0.0030399645	0	0.001256637	0	-0.0546403	0.9984317	-0.0030399645	2.9046673e-20	-1
0	-0.0546403	0.9984317	-0.0030399645	0	0.0010053096	0	-0.0546403	0.9984317	-0.0030399645	2.9146885e-20	-1
0	-0.056259774	0.9983417	-0.0030360953	0	0.0006283185	0	-0.056259774	0.9983417	-0.0030360953	2.9297196e-20	-1
0	-0.057314098	0.9982816	-0.0030334918	0	0.0002513274	0	-0.057314098	0.9982816	-0.0030334918	2.944749e-20	-1
0	-0.057314098	0.9982816	-0.0030334918	0	0.0001256637	0	-0.057314098	0.9982816	-0.0030334918	2.949759e-20	-1
0	-0.057314098	0.9982816	-0.0030334918	0	6.283185e-05	0	-0.057314098	0.9982816	-0.0030334918	2.9522638e-20	-1
0	-0.057314098	0.9982816	-0.0030334918	0	2.5132742e-05	0	-0.057314098	0.9982816	-0.0030334918	2.953767e-20	-1
0	-0.057314098	0.9982816	-0.0030334918	0	1.2566371e-05	0	-0.057314098	0.9982816	-0.0030334918	2.9542678e-20	-1
0	-0.057314098	0.9982816	-0.0030334918	0	6.2831855e-06	0	-0.057314098	0.9982816	-0.0030334918	2.9545185e-20	-1
0	-0.057314098	0.9982816	-0.0030334918	0	2.513274e-06	0	-0.057314098	0.9982816	-0.0030334918	2.9546688e-20	-1
0	-0.057314098	0.9982816	-0.0030334918	0	1.256637e-06	0	-0.057314098	0.9982816	-0.0030334918	2.954719e-20	-1
0	-0.057314098	0.9982816	-0.0030334918	0	6.283185e-07	0	-0.057314098	0.9982816	-0.0030334918	2.9547438e-20	-1
0	-0.057314098	0.9982816	-0.0030334918	0	2.513274e-07	0	-0.057314098	0.9982816	-0.0030334918	2.954759e-20	-1
0	-0.057314098	0.9982816	-0.0030334918	0	1.256637e-07	0	-0.057314098	0.9982816	-0.0030334918	2.9547638e-20	-1
0	-0.057314098	0.9982816	-0.0030334918	0	0	0	-0.057314098	0.9982816	-0.0030334918	2.954769e-20	-1
0	-0.057314098	0.9982816	-0.0030334918	0	-1.256637e-07	0	-0.057314098	0.9982816	-0.0030334918	2.9547738e-20	-1
0	-0.057314098	0.9982816	-0.0030334918	0	-2.513274e-07	0	-0.057314098	0.9982816	-0.0030334918	2.954779e-20	-1
0	-0.057314098	0.9982816	-0.0030334918	0	-6.283185e-07	0	-0.057314098	0.9982816	-0.0030334918	2.9547938e-20	-1
0	-0.057314098	0.9982816	-0.0030334918	0	-1.256637e-06	0	-0.057314098	0.9982816	-0.0030334918	2.954819e-20	-1
0	-0.057314098	0.9982816	-0.0030334918	0	-2.513274e-06	0	-0.057314098	0.9982816	-0.0030334918	2.954869e-20	-1
0	-0.057314098	0.9982816	-0.0030334918	0	-6.2831855e-06	0	-0.057314098	0.9982816	-0.0030334918	2.9550194e-20	-1
0	-0.057314098	0.9982816	-0.0030334918	0	-1.2566371e-05	0	-0.057314098	0.9982816	-0.0030334918	2.9552698e-20	-1
0	-0.057314098	0.9982816	-0.0030334918	0	-2.5132742e-05	0	-0.057314098	0.9982816	-0.0030334918	2.955771e-20	-1
0	-0.058203015	0.9982301	-0.0030312864	0	-6.283185e-05	0	-0.058203015	0.9982301	-0.0030312864	2.9572738e-20	-1
0	-0.058203015	0.9982301	-0.0030312864	0	-0.0001256637	0	-0.058203015	0.9982301	-0.0030312864	2.9597786e-20	-1
0	-0.058203015	0.9982301	-0.0030312864	0	-0.0002513274	0	-0.058203015	0.9982301	-0.0030312864	2.9647882e-20	-1
0	-0.059875667	0.9981311	-0.0030270559	0	-0.0006283185	0	-0.059875667	0.9981311	-0.0030270559	2.979816e-20	-1
0	-0.061049845	0.99805987	-0.0030240265	0	-0.0010053096	0	-0.061049845	0.99805987	-0.0030240265	2.9948426e-20	-1
0	-0.061856747	0.99801016	-0.0030219206	0	-0.001256637	0	-0.061856747	0.99801016	-0.0030219206	3.00486e-20	-1
0	-0.06396891	0.9978769	-0.0030163194	0	-0.0018849556	0	-0.06396891	0.9978769	-0.0030163194	3.029901e-20	-1
0	-0.066219285	0.9977299	-0.003010212	0	-0.002513274	0	-0.066219285	0.9977299	-0.003010212	3.0549386e-20	-1
0	-0.07130136	0.9973793	-0.0029959013	0	-0.0037699111	0	-0.07130136	0.9973793	-0.0029959013	3.105001e-20	-1
0	-0.08406707	0.99638367	-0.0029575215	0	-0.0062831854	0	-0.08406707	0.99638367	-0.0029575215	3.2050622e-20	-1
0	-0.10879695	0.99398553	-0.0028753597	0	-0.009424778	0	-0.10879695	0.99398553	-0.0028753597	3.3299403e-20	-1
0	-0.16012692	0.9870125	-0.002682265	0	-0.012566371	0	-0.16012692	0.9870125	-0.002682265	3.4543095e-20	-1
0	0.030001834	-0.99947727	0.0030787927	0	-0.018849555	0	0.030001834	-0.99947727	0.0030787927	2.2027047e-20	-1
0	0.02582526	-0.99959445	0.003077987	0	-0.025132742	0	0.02582526	-0.99959445	0.003077987	1.9518945e-20	-1
0	0.02018883	-0.999725	0.0030684236	0	-0.03769911	0	0.02018883	-0.999725	0.0030684236	1.4502108e-20	-1
0	0.016570503	-0.99979246	0.0030532877	0	-0.050265484	0	0.016570503	-0.99979246	0.0030532877	9.484796e-21	-1
0	0.014050003	-0.9998319	0.0030353735	0	-0.06283186	0	0.014050003	-0.9998319	0.0030353735	4.4672244e-21	-1
0	0.014050003	-0.9998319	0.0030353735	0	-0.06283186	0	0.014050003	-0.9998319	0.0030353735	4.4672244e-21	1
0	0.016567297	-0.99979246	0.003053273	0	-0.050265484	0	0.016567297	-0.99979246	0.003053273	9.484797e-21	1
0	0.020182915	-0.99972516	0.0030684387	0	-0.03769911	0	0.020182915	-0.99972516	0.0030684387	1.450211e-20	1
0	0.025816422	-0.9995946	0.0030779864	0	-0.025132742	0	0.025816422	-0.9995946	0.0030779864	1.9518947e-20	1
0	0.030001927	-0.99947727	0.0030787946	0	-0.018849555	0	0.030001927	-0.99947727	0.0030787946	2.2027049e-20	1
0	0.035770215	-0.99928695	0.003074741	0	-0.012566371	0	0.035770215	-0.99928695	0.003074741	2.453477e-20	1
0	0.039576113	-0.9991432	0.00306981	0	-0.009424778	0	0.039576113	-0.9991432	0.00306981	2.5788415e-20	1
0	0.044284135	-0.99894524	0.0030619602	0	-0.0062831854	0	0.044284135	-0.99894524	0.0030619602	2.704185e-20	1
0	0.048923418	-0.9987285	0.0030527879	0	-0.0037699111	0	0.048923418	-0.9987285	0.0030527879	2.804439e-20	1
0	0.05160995	-0.9985931	0.003046962	0	-0.002513274	0	0.05160995	-0.9985931	0.003046962	2.8545567e-20	1
0	0.053091303	-0.99851537	0.0030435815	0	-0.0018849556	0	0.053091303	-0.99851537	0.0030435815	2.879613e-20	1
0	0.054639652	-0.9984317	0.003039964	0	-0.001256637	0	0.054639652	-0.9984317	0.003039964	2.9046673e-20	1
0	0.054639652	-0.9984317	0.003039964	0	-0.0010053096	0	0.054639652	-0.9984317	0.003039964	2.9146888e-20	1
0	0.056293495	-0.9983398	0.0030359868	0	-0.0006283185	0	0.056293495	-0.9983398	0.0030359868	2.9297193e-20	1
0	0.05731702	-0.99828136	0.0030334855	0	-0.0002513274	0	0.05731702	-0.99828136	0.0030334855	2.944749e-20	1
0	0.05731702	-0.99828136	0.0030334855	0	-0.0001256637	0	0.05731702	-0.99828136	0.0030334855	2.949759e-20	1
0	0.05731702	-0.99828136	0.0030334855	0	-6.283185e-05	0	0.05731702	-0.99828136	0.0030334855	2.9522638e-20	1
0	0.05731702	-0.99828136	0.0030334855	0	-2.5132742e-05	0	0.05731702	-0.99828136	0.0030334855	2.953767e-20	1
0	0.05731702	-0.99828136	0.0030334855	0	-1.2566371e-05	0	0.05731702	-0.99828136	0.0030334855	2.9542678e-20	1
0	0.05731702	-0.99828136	0.0030334855	0	-6.2831855e-06	0	0.05731702	-0.99828136	0.0030334855	2.9545182e-20	1
0	0.05731702	-0.99828136	0.0030334855	0	-2.513274e-06	0	0.05731702	-0.99828136	0.0030334855	2.9546688e-20	1
0	0.05731702	-0.99828136	0.0030334855	0	-1.256637e-06	0	0.05731702	-0.99828136	0.0030334855	2.954719e-20	1
0	0.05731702	-0.99828136	0.0030334855	0	-6.283185e-07	0	0.05731702	-0.99828136	0.0030334855	2.9547438e-20	1
0	0.05731702	-0.99828136	0.0030334855	0	-2.513274e-07	0	0.05731702	-0.99828136	0.0030334855	2.954759e-20	1
0	0.05731702	-0.99828136	0.0030334855	0	-1.256637e-07	0	0.05731702	-0.99828136	0.0030334855	2.9547638e-20	1
0	0.05731702	-0.99828136	0.0030334855	0	0	0	0.05731702	-0.99828136	0.0030334855	2.954769e-20	1
0	0.05731702	-0.99828136	0.0030334855	0	1.256637e-07	0	0.05731702	-0.99828136	0.0030334855	2.9547738e-20	1
0	0.05731702	-0.99828136	0.0030334855	0	2.513274e-07	0	0.05731702	-0.99828136	0.0030334855	2.954779e-20	1
0	0.05731702	-0.99828136	0.0030334855	0	6.283185e-07	0	0.05731702	-0.99828136	0.0030334855	2.9547938e-20	1
0	0.05731702	-0.99828136	0.0030334855	0	1.256637e-06	0	0.05731702	-0.99828136	0.0030334855	2.954819e-20	1
0	0.05731702	-0.99828136	0.0030334855	0	2.513274e-06	0	0.05731702	-0.99828136	0.0030334855	2.954869e-20	1
0	0.05731702	-0.99828136	0.0030334855	0	6.2831855e-06	0	0.05731702	-0.99828136	0.0030334855	2.9550194e-20	1
0	0.05731702	-0.99828136	0.0030334855	0	1.2566371e-05	0	0.05731702	-0.99828136	0.0030334855	2.9552698e-20	1
0	0.05731702	-0.99828136	0.0030334855	0	2.5132742e-05	0	0.05731702	-0.99828136	0.0030334855	2.955771e-20	1
0	0.05820629	-0.9982299	0.003031276	0	6.283185e-05	0	0.05820629	-0.9982299	0.003031276	2.9572738e-20	1
0	0.05820629	-0.9982299	0.003031276	0	0.0001256637	0	0.05820629	-0.9982299	0.003031276	2.9597786e-20	1
0	0.05820629	-0.9982299	0.003031276	0	0.0002513274	0	0.05820629	-0.9982299	0.003031276	2.9647882e-20	1
0	0.05988261	-0.9981307	0.0030270307	0	0.0006283185	0	0.05988261	-0.9981307	0.0030270307	2.979816e-20	1
0	0.061047122	-0.99806005	0.0030240398	0	0.0010053096	0	0.061047122	-0.99806005	0.0030240398	2.9948426e-20	1
0	0.061047122	-0.99806005	0.0030240398	0	0.001256637	0	0.061047122	-0.99806005	0.0030240398	3.0048602e-20	1
0	0.06396086	-0.99787736	0.003016344	0	0.0018849556	0	0.06396086	-0.99787736	0.003016344	3.029901e-20	1
0	0.06622873	-0.9977293	0.0030101817	0	0.002513274	0	0.06622873	-0.9977293	0.0030101817	3.0549383e-20	1
0	0.07126301	-0.99738204	0.0029960305	0	0.0037699111	0	0.07126301	-0.99738204	0.0029960305	3.1050008e-20	1
0	0.08405392	-0.99638486	0.0029575583	0	0.0062831854	0	0.08405392	-0.99638486	0.0029575583	3.2050625e-20	1
0	0.1088136	-0.99398375	0.0028752983	0	0.009424778	0	0.1088136	-0.99398375	0.0028752983	3.3299406e-20	1
0	0.1599865	-0.9870353	0.0026828367	0	0.012566371	0	0.1599865	-0.9870353	0.0026828367	3.4543088e-20	1
0	-0.030011185	0.999477	-0.0030787669	0	0.018849555	0	-0.030011185	0.999477	-0.0030787669	2.2027047e-20	1
0	-0.025823083	0.99959445	-0.003077982	0	0.025132742	0	-0.025823083	0.99959445	-0.003077982	1.9518949e-20	1
0	-0.020193893	0.999725	-0.003068408	0	0.03769911	0	-0.020193893	0.999725	-0.003068408	1.450211e-20	1
0	-0.016572677	0.9997924	-0.0030532826	0	0.050265484	0	-0.016572677	0.9997924	-0.0030532826	9.484796e-21	1
0	-0.014048411	0.9998319	-0.0030353782	0	0.06283186	0	-0.014048411	0.9998319	-0.0030353782	4.467223e-21	1
