# t (s)	mx ()	my ()	mz ()	B_extx (T)	B_exty (T)	B_extz (T)	mx ()	my ()	mz ()	E_total (J)	branch ()
0	-0.026465377	0.9995842	-0.00087979215	0	0.06283186	0	-0.026465377	0.9995842	-0.00087979215	4.5770577e-21	-1
0	-0.03130126	0.99944365	-0.0008862346	0	0.050265484	0	-0.03130126	0.99944365	-0.0008862346	9.593155e-21	-1
0	-0.038272	0.99920005	-0.00089232996	0	0.03769911	0	-0.038272	0.99920005	-0.00089232996	1.460832e-20	-1
0	-0.049164757	0.9987222	-0.00089758536	0	0.025132742	0	-0.049164757	0.9987222	-0.00089758536	1.9621756e-20	-1
0	-0.057270553	0.99828947	-0.00089950097	0	0.018849555	0	-0.057270553	0.99828947	-0.00089950097	2.2127301e-20	-1
0	-0.06848498	0.99758196	-0.00090042467	0	0.012566371	0	-0.06848498	0.99758196	-0.00090042467	2.4631451e-20	-1
0	-0.075880885	0.997046	-0.0009002368	0	0.009424778	0	-0.075880885	0.997046	-0.0009002368	2.5882724e-20	-1
0	-0.08502153	0.9963075	-0.0008993462	0	0.0062831854	0	-0.08502153	0.9963075	-0.0008993462	2.7133208e-20	-1
0	-0.094030574	0.9954968	-0.0008978825	0	0.0037699111	0	-0.094030574	0.9954968	-0.0008978825	2.8132813e-20	-1
0	-0.09929097	0.99498546	-0.0008967945	0	0.002513274	0	-0.09929097	0.99498546	-0.0008967945	2.863228e-20	-1
0	-0.10214168	0.9946966	-0.0008961366	0	0.0018849556	0	-0.10214168	0.9946966	-0.0008961366	2.888191e-20	-1
0	-0.10515854	0.9943819	-0.0008953998	0	0.001256637	0	-0.10515854	0.9943819	-0.0008953998	2.9131466e-20	-1
0	-0.10515854	0.9943819	-0.0008953998	0	0.0010053096	0	-0.10515854	0.9943819	-0.0008953998	2.923127e-20	-1
0	-0.10835734	0.9940381	-0.00089456374	0	0.0006283185	0	-0.10835734	0.9940381	-0.00089456374	2.9380935e-20	-1
0	-0.11037849	0.99381554	-0.00089400884	0	0.0002513274	0	-0.11037849	0.99381554	-0.00089400884	2.953058e-20	-1
0	-0.11037849	0.99381554	-0.00089400884	0	0.0001256637	0	-0.11037849	0.99381554	-0.00089400884	2.9580454e-20	-1
0	-0.11037849	0.99381554	-0.00089400884	0	6.283185e-05	0	-0.11037849	0.99381554	-0.00089400884	2.9605392e-20	-1
0	-0.11037849	0.99381554	-0.00089400884	0	2.5132742e-05	0	-0.11037849	0.99381554	-0.00089400884	2.9620355e-20	-1
0	-0.11037849	0.99381554	-0.00089400884	0	1.2566371e-05	0	-0.11037849	0.99381554	-0.00089400884	2.962534e-20	-1
0	-0.11037849	0.99381554	-0.00089400884	0	6.2831855e-06	0	-0.11037849	0.99381554	-0.00089400884	2.9627836e-20	-1
0	-0.11037849	0.99381554	-0.00089400884	0	2.513274e-06	0	-0.11037849	0.99381554	-0.00089400884	2.9629332e-20	-1
0	-0.11037849	0.99381554	-0.00089400884	0	1.256637e-06	0	-0.11037849	0.99381554	-0.00089400884	2.962983e-20	-1
0	-0.11037849	0.99381554	-0.00089400884	0	6.283185e-07	0	-0.11037849	0.99381554	-0.00089400884	2.963008e-20	-1
0	-0.11037849	0.99381554	-0.00089400884	0	2.513274e-07	0	-0.11037849	0.99381554	-0.00089400884	2.963023e-20	-1
0	-0.11037849	0.99381554	-0.00089400884	0	1.256637e-07	0	-0.11037849	0.99381554	-0.00089400884	2.963028e-20	-1
0	-0.11037849	0.99381554	-0.00089400884	0	0	0	-0.11037849	0.99381554	-0.00089400884	2.963033e-20	-1
0	-0.11037849	0.99381554	-0.00089400884	0	-1.256637e-07	0	-0.11037849	0.99381554	-0.00089400884	2.963038e-20	-1
0	-0.11037849	0.99381554	-0.00089400884	0	-2.513274e-07	0	-0.11037849	0.99381554	-0.00089400884	2.963043e-20	-1
0	-0.11037849	0.99381554	-0.00089400884	0	-6.283185e-07	0	-0.11037849	0.99381554	-0.00089400884	2.963058e-20	-1
0	-0.11037849	0.99381554	-0.00089400884	0	-1.256637e-06	0	-0.11037849	0.99381554	-0.00089400884	2.9630828e-20	-1
0	-0.11037849	0.99381554	-0.00089400884	0	-2.513274e-06	0	-0.11037849	0.99381554	-0.00089400884	2.9631325e-20	-1
0	-0.11037849	0.99381554	-0.00089400884	0	-6.2831855e-06	0	-0.11037849	0.99381554	-0.00089400884	2.9632825e-20	-1
0	-0.11037849	0.99381554	-0.00089400884	0	-1.2566371e-05	0	-0.11037849	0.99381554	-0.00089400884	2.9635316e-20	-1
0	-0.11037849	0.99381554	-0.00089400884	0	-2.5132742e-05	0	-0.11037849	0.99381554	-0.00089400884	2.9640305e-20	-1
0	-0.112087205	0.9936241	-0.00089352706	0	-6.283185e-05	0	-0.112087205	0.9936241	-0.00089352706	2.9655255e-20	-1
0	-0.112087205	0.9936241	-0.00089352706	0	-0.0001256637	0	-0.112087205	0.9936241	-0.00089352706	2.9680187e-20	-1
0	-0.11317578	0.9935006	-0.0008932194	0	-0.0002513274	0	-0.11317578	0.9935006	-0.0008932194	2.973005e-20	-1
0	-0.11537659	0.9932472	-0.00089255534	0	-0.0006283185	0	-0.11537659	0.9932472	-0.00089255534	2.9879605e-20	-1
0	-0.117658354	0.9929792	-0.0008918508	0	-0.0010053096	0	-0.117658354	0.9929792	-0.0008918508	3.0029125e-20	-1
0	-0.11923295	0.9927912	-0.0008913555	0	-0.001256637	0	-0.11923295	0.9927912	-0.0008913555	3.0128777e-20	-1
0	-0.12336683	0.9922856	-0.00089000224	0	-0.0018849556	0	-0.12336683	0.9922856	-0.00089000224	3.0377833e-20	-1
0	-0.12779585	0.9917245	-0.0008884535	0	-0.002513274	0	-0.12779585	0.9917245	-0.0008884535	3.0626753e-20	-1
0	-0.13775492	0.9903891	-0.0008847116	0	-0.0037699111	0	-0.13775492	0.9903891	-0.0008847116	3.1124128e-20	-1
0	-0.16357139	0.98645085	-0.0008732964	0	-0.0062831854	0	-0.16357139	0.98645085	-0.0008732964	3.2116383e-20	-1
0	-0.21998033	0.9754145	-0.00084090896	0	-0.009424778	0	-0.21998033	0.9754145	-0.00084090896	3.3348336e-20	-1
0	-0.90280044	-0.42976654	-0.000112293965	0	-0.012566371	0	-0.90280044	-0.42976654	-0.000112293965	2.6059336e-20	-1
0	0.057271656	-0.99828935	0.00089950114	0	-0.018849555	0	0.057271656	-0.99828935	0.00089950114	2.2127301e-20	-1
0	0.049171776	-0.99872184	0.0008975838	0	-0.025132742	0	0.049171776	-0.99872184	0.0008975838	1.9621756e-20	-1
0	0.03827516	-0.9991999	0.0008923201	0	-0.03769911	0	0.03827516	-0.9991999	0.0008923201	1.4608315e-20	-1
0	0.031307623	-0.9994435	0.0008862277	0	-0.050265484	0	0.031307623	-0.9994435	0.0008862277	9.593154e-21	-1
0	0.026468072	-0.9995842	0.00087978604	0	-0.06283186	0	0.026468072	-0.9995842	0.00087978604	4.5770605e-21	-1
0	0.026468072	-0.9995842	0.00087978604	0	-0.06283186	0	0.026468072	-0.9995842	0.00087978604	4.5770605e-21	1
0	0.03130193	-0.99944365	0.00088622904	0	-0.050265484	0	0.03130193	-0.99944365	0.00088622904	9.593151e-21	1
0	0.03826649	-0.9992002	0.0008923289	0	-0.03769911	0	0.03826649	-0.9992002	0.0008923289	1.4608317e-20	1
0	0.049164817	-0.9987222	0.0008975893	0	-0.025132742	0	0.049164817	-0.9987222	0.0008975893	1.9621756e-20	1
0	0.05727019	-0.99828947	0.0008995014	0	-0.018849555	0	0.05727019	-0.99828947	0.0008995014	2.2127301e-20	1
0	0.06848198	-0.99758214	0.00090042426	0	-0.012566371	0	0.06848198	-0.99758214	0.00090042426	2.4631451e-20	1
0	0.07587829	-0.99704623	0.00090023765	0	-0.009424778	0	0.07587829	-0.99704623	0.00090023765	2.5882725e-20	1
0	0.08501731	-0.99630785	0.0008993469	0	-0.0062831854	0	0.08501731	-0.99630785	0.0008993469	2.7133208e-20	1
0	0.094030015	-0.99549687	0.0008978826	0	-0.0037699111	0	0.094030015	-0.99549687	0.0008978826	2.8132813e-20	1
0	0.099291876	-0.99498534	0.0008967938	0	-0.002513274	0	0.099291876	-0.99498534	0.0008967938	2.8632282e-20	1
0	0.10213722	-0.994697	0.00089614035	0	-0.0018849556	0	0.10213722	-0.994697	0.00089614035	2.8881913e-20	1
0	0.10517275	-0.99438035	0.0008953946	0	-0.001256637	0	0.10517275	-0.99438035	0.0008953946	2.9131466e-20	1
0	0.10517275	-0.99438035	0.0008953946	0	-0.0010053096	0	0.10517275	-0.99438035	0.0008953946	2.923127e-20	1
0	0.10835285	-0.9940386	0.00089456525	0	-0.0006283185	0	0.10835285	-0.9940386	0.00089456525	2.9380938e-20	1
0	0.1103819	-0.9938151	0.0008940076	0	-0.0002513274	0	0.1103819	-0.9938151	0.0008940076	2.953058e-20	1
0	0.1103819	-0.9938151	0.0008940076	0	-0.0001256637	0	0.1103819	-0.9938151	0.0008940076	2.9580457e-20	1
0	0.1103819	-0.9938151	0.0008940076	0	-6.283185e-05	0	0.1103819	-0.9938151	0.0008940076	2.9605392e-20	1
0	0.1103819	-0.9938151	0.0008940076	0	-2.5132742e-05	0	0.1103819	-0.9938151	0.0008940076	2.9620355e-20	1
0	0.1103819	-0.9938151	0.0008940076	0	-1.2566371e-05	0	0.1103819	-0.9938151	0.0008940076	2.9625344e-20	1
0	0.1103819	-0.9938151	0.0008940076	0	-6.2831855e-06	0	0.1103819	-0.9938151	0.0008940076	2.9627836e-20	1
0	0.1103819	-0.9938151	0.0008940076	0	-2.513274e-06	0	0.1103819	-0.9938151	0.0008940076	2.9629332e-20	1
0	0.1103819	-0.9938151	0.0008940076	0	-1.256637e-06	0	0.1103819	-0.9938151	0.0008940076	2.9629832e-20	1
0	0.1103819	-0.9938151	0.0008940076	0	-6.283185e-07	0	0.1103819	-0.9938151	0.0008940076	2.963008e-20	1
0	0.1103819	-0.9938151	0.0008940076	0	-2.513274e-07	0	0.1103819	-0.9938151	0.0008940076	2.963023e-20	1
0	0.1103819	-0.9938151	0.0008940076	0	-1.256637e-07	0	0.1103819	-0.9938151	0.0008940076	2.9630282e-20	1
0	0.1103819	-0.9938151	0.0008940076	0	0	0	0.1103819	-0.9938151	0.0008940076	2.963033e-20	1
0	0.1103819	-0.9938151	0.0008940076	0	1.256637e-07	0	0.1103819	-0.9938151	0.0008940076	2.9630382e-20	1
0	0.1103819	-0.9938151	0.0008940076	0	2.513274e-07	0	0.1103819	-0.9938151	0.0008940076	2.963043e-20	1
0	0.1103819	-0.9938151	0.0008940076	0	6.283185e-07	0	0.1103819	-0.9938151	0.0008940076	2.963058e-20	1
0	0.1103819	-0.9938151	0.0008940076	0	1.256637e-06	0	0.1103819	-0.9938151	0.0008940076	2.9630828e-20	1
0	0.1103819	-0.9938151	0.0008940076	0	2.513274e-06	0	0.1103819	-0.9938151	0.0008940076	2.963133e-20	1
0	0.1103819	-0.9938151	0.0008940076	0	6.2831855e-06	0	0.1103819	-0.9938151	0.0008940076	2.9632825e-20	1
0	0.1103819	-0.9938151	0.0008940076	0	1.2566371e-05	0	0.1103819	-0.9938151	0.0008940076	2.963532e-20	1
0	0.1103819	-0.9938151	0.0008940076	0	2.5132742e-05	0	0.1103819	-0.9938151	0.0008940076	2.9640305e-20	1
0	0.11210913	-0.9936216	0.00089352304	0	6.283185e-05	0	0.11210913	-0.9936216	0.00089352304	2.9655255e-20	1
0	0.11210913	-0.9936216	0.00089352304	0	0.0001256637	0	0.11210913	-0.9936216	0.00089352304	2.9680187e-20	1
0	0.1131705	-0.9935012	0.0008932044	0	0.0002513274	0	0.1131705	-0.9935012	0.0008932044	2.9730054e-20	1
0	0.11537459	-0.9932474	0.0008925563	0	0.0006283185	0	0.11537459	-0.9932474	0.0008925563	2.9879605e-20	1
0	0.11764768	-0.9929805	0.00089186046	0	0.0010053096	0	0.11764768	-0.9929805	0.00089186046	3.0029125e-20	1
0	0.11764768	-0.9929805	0.00089186046	0	0.001256637	0	0.11764768	-0.9929805	0.00089186046	3.012879e-20	1
0	0.12339468	-0.99228215	0.00088998553	0	0.0018849556	0	0.12339468	-0.99228215	0.00088998553	3.0377836e-20	1
0	0.12779814	-0.99172413	0.0008884576	0	0.002513274	0	0.12779814	-0.99172413	0.0008884576	3.062675e-20	1
0	0.13773273	-0.9903922	0.00088472216	0	0.0037699111	0	0.13773273	-0.9903922	0.00088472216	3.1124128e-20	1
0	0.16356757	-0.9864515	0.00087329827	0	0.0062831854	0	0.16356757	-0.9864515	0.00087329827	3.2116386e-20	1
0	0.21995649	-0.9754199	0.00084092375	0	0.009424778	0	0.21995649	-0.9754199	0.00084092375	3.334834e-20	1
0	-0.9530044	0.3026215	-0.00017684401	0	0.012566371	0	-0.9530044	0.3026215	-0.00017684401	2.7022094e-20	1
0	-0.057263765	0.9982898	-0.00089950295	0	0.018849555	0	-0.057263765	0.9982898	-0.00089950295	2.2127304e-20	1
0	-0.049168818	0.99872196	-0.0008975847	0	0.025132742	0	-0.049168818	0.99872196	-0.0008975847	1.9621756e-20	1
0	-0.038272873	0.99920005	-0.00089232984	0	0.03769911	0	-0.038272873	0.99920005	-0.00089232984	1.4608318e-20	1
0	-0.031305626	0.99944353	-0.00088622805	0	0.050265484	0	-0.031305626	0.99944353	-0.00088622805	9.593158e-21	1
0	-0.026470052	0.9995841	-0.0008797897	0	0.06283186	0	-0.026470052	0.9995841	-0.0008797897	4.577053e-21	1
