# t (s)	mx ()	my ()	mz ()	B_extx (T)	B_exty (T)	B_extz (T)	mx ()	my ()	mz ()	E_total (J)	branch ()
0	-0.058047853	0.99823153	0.005833934	0	0.06283186	0	-0.058047853	0.99823153	0.005833934	2.8500357e-21	-1
0	-0.06656997	0.99769795	0.005889672	0	0.050265484	0	-0.06656997	0.99769795	0.005889672	7.858415e-21	-1
0	-0.077934146	0.996873	0.0059477044	0	0.03769911	0	-0.077934146	0.996873	0.0059477044	1.2863462e-20	-1
0	-0.093780294	0.9955051	0.0060074166	0	0.025132742	0	-0.093780294	0.9955051	0.0060074166	1.7863148e-20	-1
0	-0.10427362	0.99445945	0.0060371477	0	0.018849555	0	-0.10427362	0.99445945	0.0060371477	2.0359876e-20	-1
0	-0.117302254	0.9930053	0.0060657123	0	0.012566371	0	-0.117302254	0.9930053	0.0060657123	2.285351e-20	-1
0	-0.12504229	0.9920594	0.0060790125	0	0.009424778	0	-0.12504229	0.9920594	0.0060790125	2.4098786e-20	-1
0	-0.13385743	0.9909073	0.00609118	0	0.0062831854	0	-0.13385743	0.9909073	0.00609118	2.534275e-20	-1
0	-0.14181131	0.9897994	0.0060997102	0	0.0037699111	0	-0.14181131	0.9897994	0.0060997102	2.6336783e-20	-1
0	-0.14614725	0.9891678	0.0061034346	0	0.002513274	0	-0.14614725	0.9891678	0.0061034346	2.6833356e-20	-1
0	-0.14842474	0.9888284	0.00610513	0	0.0018849556	0	-0.14842474	0.9888284	0.00610513	2.7081525e-20	-1
0	-0.15075102	0.9884761	0.006106711	0	0.001256637	0	-0.15075102	0.9884761	0.006106711	2.7329598e-20	-1
0	-0.15075102	0.9884761	0.006106711	0	0.0010053096	0	-0.15075102	0.9884761	0.006106711	2.742881e-20	-1
0	-0.15315022	0.98810685	0.0061081573	0	0.0006283185	0	-0.15315022	0.98810685	0.0061081573	2.7577588e-20	-1
0	-0.15463252	0.9878758	0.0061089583	0	0.0002513274	0	-0.15463252	0.9878758	0.0061089583	2.7726335e-20	-1
0	-0.15463252	0.9878758	0.0061089583	0	0.0001256637	0	-0.15463252	0.9878758	0.0061089583	2.777591e-20	-1
0	-0.15463252	0.9878758	0.0061089583	0	6.283185e-05	0	-0.15463252	0.9878758	0.0061089583	2.78007e-20	-1
0	-0.15463252	0.9878758	0.0061089583	0	2.5132742e-05	0	-0.15463252	0.9878758	0.0061089583	2.7815573e-20	-1
0	-0.15463252	0.9878758	0.0061089583	0	1.2566371e-05	0	-0.15463252	0.9878758	0.0061089583	2.782053e-20	-1
0	-0.15463252	0.9878758	0.0061089583	0	6.2831855e-06	0	-0.15463252	0.9878758	0.0061089583	2.7823008e-20	-1
0	-0.15463252	0.9878758	0.0061089583	0	2.513274e-06	0	-0.15463252	0.9878758	0.0061089583	2.7824495e-20	-1
0	-0.15463252	0.9878758	0.0061089583	0	1.256637e-06	0	-0.15463252	0.9878758	0.0061089583	2.7824992e-20	-1
0	-0.15463252	0.9878758	0.0061089583	0	6.283185e-07	0	-0.15463252	0.9878758	0.0061089583	2.7825238e-20	-1
0	-0.15463252	0.9878758	0.0061089583	0	2.513274e-07	0	-0.15463252	0.9878758	0.0061089583	2.7825386e-20	-1
0	-0.15463252	0.9878758	0.0061089583	0	1.256637e-07	0	-0.15463252	0.9878758	0.0061089583	2.7825438e-20	-1
0	-0.15463252	0.9878758	0.0061089583	0	0	0	-0.15463252	0.9878758	0.0061089583	2.7825487e-20	-1
0	-0.15463252	0.9878758	0.0061089583	0	-1.256637e-07	0	-0.15463252	0.9878758	0.0061089583	2.7825535e-20	-1
0	-0.15463252	0.9878758	0.0061089583	0	-2.513274e-07	0	-0.15463252	0.9878758	0.0061089583	2.7825587e-20	-1
0	-0.15463252	0.9878758	0.0061089583	0	-6.283185e-07	0	-0.15463252	0.9878758	0.0061089583	2.7825735e-20	-1
0	-0.15463252	0.9878758	0.0061089583	0	-1.256637e-06	0	-0.15463252	0.9878758	0.0061089583	2.7825984e-20	-1
0	-0.15463252	0.9878758	0.0061089583	0	-2.513274e-06	0	-0.15463252	0.9878758	0.0061089583	2.782648e-20	-1
0	-0.15463252	0.9878758	0.0061089583	0	-6.2831855e-06	0	-0.15463252	0.9878758	0.0061089583	2.7827965e-20	-1
0	-0.15463252	0.9878758	0.0061089583	0	-1.2566371e-05	0	-0.15463252	0.9878758	0.0061089583	2.7830443e-20	-1
0	-0.15463252	0.9878758	0.0061089583	0	-2.5132742e-05	0	-0.15463252	0.9878758	0.0061089583	2.7835403e-20	-1
0	-0.15463252	0.9878758	0.0061089583	0	-6.283185e-05	0	-0.15463252	0.9878758	0.0061089583	2.7850276e-20	-1
0	-0.1561411	0.9876383	0.0061097043	0	-0.0001256637	0	-0.1561411	0.9876383	0.0061097043	2.787505e-20	-1
0	-0.1561411	0.9876383	0.0061097043	0	-0.0002513274	0	-0.1561411	0.9876383	0.0061097043	2.7924613e-20	-1
0	-0.15819679	0.9873108	0.0061106132	0	-0.0006283185	0	-0.15819679	0.9873108	0.0061106132	2.8073276e-20	-1
0	-0.15977652	0.9870562	0.006111215	0	-0.0010053096	0	-0.15977652	0.9870562	0.006111215	2.8221897e-20	-1
0	-0.15977652	0.9870562	0.006111215	0	-0.001256637	0	-0.15977652	0.9870562	0.006111215	2.8320968e-20	-1
0	-0.16358775	0.9864311	0.0061123697	0	-0.0018849556	0	-0.16358775	0.9864311	0.0061123697	2.8568534e-20	-1
0	-0.16641374	0.985958	0.0061129583	0	-0.002513274	0	-0.16641374	0.985958	0.0061129583	2.8815997e-20	-1
0	-0.17238009	0.9849315	0.006113446	0	-0.0037699111	0	-0.17238009	0.9849315	0.006113446	2.931055e-20	-1
0	-0.18570183	0.9825051	0.006110991	0	-0.0062831854	0	-0.18570183	0.9825051	0.006110991	3.0297952e-20	-1
0	-0.20571032	0.97850835	0.0060986103	0	-0.009424778	0	-0.20571032	0.97850835	0.0060986103	3.1528257e-20	-1
0	-0.23108938	0.9728234	0.0060688434	0	-0.012566371	0	-0.23108938	0.9728234	0.0060688434	3.2752585e-20	-1
0	-0.32149494	0.9467826	0.0058472757	0	-0.018849555	0	-0.32149494	0.9467826	0.0058472757	3.5168246e-20	-1
0	0.09378543	-0.9955047	-0.00600742	0	-0.025132742	0	0.09378543	-0.9955047	-0.00600742	1.7863145e-20	-1
0	0.07794283	-0.9968723	-0.0059477165	0	-0.03769911	0	0.07794283	-0.9968723	-0.0059477165	1.286346e-20	-1
0	0.066574395	-0.9976977	-0.0058896765	0	-0.050265484	0	0.066574395	-0.9976977	-0.0058896765	7.858416e-21	-1
0	0.058051124	-0.9982313	-0.0058339387	0	-0.06283186	0	0.058051124	-0.9982313	-0.0058339387	2.8500353e-21	-1
0	0.058051124	-0.9982313	-0.0058339387	0	-0.06283186	0	0.058051124	-0.9982313	-0.0058339387	2.8500353e-21	1
0	0.06657202	-0.99769783	-0.0058896746	0	-0.050265484	0	0.06657202	-0.99769783	-0.0058896746	7.858415e-21	1
0	0.07793364	-0.996873	-0.0059477063	0	-0.03769911	0	0.07793364	-0.996873	-0.0059477063	1.2863461e-20	1
0	0.093773946	-0.9955058	-0.0060074115	0	-0.025132742	0	0.093773946	-0.9955058	-0.0060074115	1.7863151e-20	1
0	0.10427634	-0.99445915	-0.0060371486	0	-0.018849555	0	0.10427634	-0.99445915	-0.0060371486	2.0359881e-20	1
0	0.11731291	-0.9930041	-0.0060657123	0	-0.012566371	0	0.11731291	-0.9930041	-0.0060657123	2.2853509e-20	1
0	0.12505156	-0.9920583	-0.0060790135	0	-0.009424778	0	0.12505156	-0.9920583	-0.0060790135	2.4098788e-20	1
0	0.13385436	-0.9909078	-0.00609118	0	-0.0062831854	0	0.13385436	-0.9909078	-0.00609118	2.5342748e-20	1
0	0.14181441	-0.9897989	-0.0060997093	0	-0.0037699111	0	0.14181441	-0.9897989	-0.0060997093	2.6336783e-20	1
0	0.14614454	-0.9891683	-0.0061034355	0	-0.002513274	0	0.14614454	-0.9891683	-0.0061034355	2.6833358e-20	1
0	0.14841062	-0.9888305	-0.006105136	0	-0.0018849556	0	0.14841062	-0.9888305	-0.006105136	2.7081523e-20	1
0	0.15075596	-0.9884753	-0.006106708	0	-0.001256637	0	0.15075596	-0.9884753	-0.006106708	2.7329598e-20	1
0	0.15075596	-0.9884753	-0.006106708	0	-0.0010053096	0	0.15075596	-0.9884753	-0.006106708	2.742881e-20	1
0	0.15314364	-0.9881079	-0.006108162	0	-0.0006283185	0	0.15314364	-0.9881079	-0.006108162	2.7577588e-20	1
0	0.15463427	-0.9878756	-0.0061089573	0	-0.0002513274	0	0.15463427	-0.9878756	-0.0061089573	2.772633e-20	1
0	0.15463427	-0.9878756	-0.0061089573	0	-0.0001256637	0	0.15463427	-0.9878756	-0.0061089573	2.777591e-20	1
0	0.15463427	-0.9878756	-0.0061089573	0	-6.283185e-05	0	0.15463427	-0.9878756	-0.0061089573	2.7800697e-20	1
0	0.15463427	-0.9878756	-0.0061089573	0	-2.5132742e-05	0	0.15463427	-0.9878756	-0.0061089573	2.781557e-20	1
0	0.15463427	-0.9878756	-0.0061089573	0	-1.2566371e-05	0	0.15463427	-0.9878756	-0.0061089573	2.7820527e-20	1
0	0.15463427	-0.9878756	-0.0061089573	0	-6.2831855e-06	0	0.15463427	-0.9878756	-0.0061089573	2.7823008e-20	1
0	0.15463427	-0.9878756	-0.0061089573	0	-2.513274e-06	0	0.15463427	-0.9878756	-0.0061089573	2.7824495e-20	1
0	0.15463427	-0.9878756	-0.0061089573	0	-1.256637e-06	0	0.15463427	-0.9878756	-0.0061089573	2.782499e-20	1
0	0.15463427	-0.9878756	-0.0061089573	0	-6.283185e-07	0	0.15463427	-0.9878756	-0.0061089573	2.7825238e-20	1
0	0.15463427	-0.9878756	-0.0061089573	0	-2.513274e-07	0	0.15463427	-0.9878756	-0.0061089573	2.7825386e-20	1
0	0.15463427	-0.9878756	-0.0061089573	0	-1.256637e-07	0	0.15463427	-0.9878756	-0.0061089573	2.7825435e-20	1
0	0.15463427	-0.9878756	-0.0061089573	0	0	0	0.15463427	-0.9878756	-0.0061089573	2.7825487e-20	1
0	0.15463427	-0.9878756	-0.0061089573	0	1.256637e-07	0	0.15463427	-0.9878756	-0.0061089573	2.7825535e-20	1
0	0.15463427	-0.9878756	-0.0061089573	0	2.513274e-07	0	0.15463427	-0.9878756	-0.0061089573	2.7825584e-20	1
0	0.15463427	-0.9878756	-0.0061089573	0	6.283185e-07	0	0.15463427	-0.9878756	-0.0061089573	2.7825732e-20	1
0	0.15463427	-0.9878756	-0.0061089573	0	1.256637e-06	0	0.15463427	-0.9878756	-0.0061089573	2.782598e-20	1
0	0.15463427	-0.9878756	-0.0061089573	0	2.513274e-06	0	0.15463427	-0.9878756	-0.0061089573	2.782648e-20	1
0	0.15463427	-0.9878756	-0.0061089573	0	6.2831855e-06	0	0.15463427	-0.9878756	-0.0061089573	2.7827965e-20	1
0	0.15463427	-0.9878756	-0.0061089573	0	1.2566371e-05	0	0.15463427	-0.9878756	-0.0061089573	2.7830443e-20	1
0	0.15463427	-0.9878756	-0.0061089573	0	2.5132742e-05	0	0.15463427	-0.9878756	-0.0061089573	2.78354e-20	1
0	0.15463427	-0.9878756	-0.0061089573	0	6.283185e-05	0	0.15463427	-0.9878756	-0.0061089573	2.7850273e-20	1
0	0.15613937	-0.9876386	-0.006109706	0	0.0001256637	0	0.15613937	-0.9876386	-0.006109706	2.787505e-20	1
0	0.15613937	-0.9876386	-0.006109706	0	0.0002513274	0	0.15613937	-0.9876386	-0.006109706	2.7924613e-20	1
0	0.15819882	-0.9873105	-0.0061106086	0	0.0006283185	0	0.15819882	-0.9873105	-0.0061106086	2.8073276e-20	1
0	0.15977173	-0.987057	-0.0061112167	0	0.0010053096	0	0.15977173	-0.987057	-0.0061112167	2.82219e-20	1
0	0.15977173	-0.987057	-0.0061112167	0	0.001256637	0	0.15977173	-0.987057	-0.0061112167	2.832097e-20	1
0	0.16358368	-0.98643184	-0.0061123837	0	0.0018849556	0	0.16358368	-0.98643184	-0.0061123837	2.8568537e-20	1
0	0.16641232	-0.9859582	-0.00611296	0	0.002513274	0	0.16641232	-0.9859582	-0.00611296	2.8816e-20	1
0	0.17237966	-0.9849316	-0.0061134445	0	0.0037699111	0	0.17237966	-0.9849316	-0.0061134445	2.9310554e-20	1
0	0.18570532	-0.98250437	-0.0061109867	0	0.0062831854	0	0.18570532	-0.98250437	-0.0061109867	3.0297952e-20	1
0	0.205711	-0.97850823	-0.006098609	0	0.009424778	0	0.205711	-0.97850823	-0.006098609	3.1528257e-20	1
0	0.23107225	-0.97282743	-0.0060688863	0	0.012566371	0	0.23107225	-0.97282743	-0.0060688863	3.275258e-20	1
0	0.32150066	-0.94678056	-0.005847255	0	0.018849555	0	0.32150066	-0.94678056	-0.005847255	3.5168246e-20	1
0	-0.09378062	0.9955051	0.0060074166	0	0.025132742	0	-0.09378062	0.9955051	0.0060074166	1.7863148e-20	1
0	-0.07793957	0.99687254	0.0059477137	0	0.03769911	0	-0.07793957	0.99687254	0.0059477137	1.2863461e-20	1
0	-0.06657435	0.9976977	0.0058896774	0	0.050265484	0	-0.06657435	0.9976977	0.0058896774	7.858417e-21	1
0	-0.05805091	0.99823135	0.0058339387	0	0.06283186	0	-0.05805091	0.99823135	0.0058339387	2.8500357e-21	1
