# t (s)	mx ()	my ()	mz ()	B_extx (T)	B_exty (T)	B_extz (T)	mx ()	my ()	mz ()	E_total (J)	branch ()
0	-0.044102997	0.9989592	-0.0020653363	0	0.06283186	0	-0.044102997	0.9989592	-0.0020653363	4.5933085e-21	-1
0	-0.0523628	0.9985591	-0.0020858415	0	0.050265484	0	-0.0523628	0.9985591	-0.0020858415	9.6056704e-21	-1
0	-0.06429036	0.9978609	-0.0021075574	0	0.03769911	0	-0.06429036	0.9978609	-0.0021075574	1.4615369e-20	-1
0	-0.082905695	0.9964852	-0.0021303701	0	0.025132742	0	-0.082905695	0.9964852	-0.0021303701	1.9620115e-20	-1
0	-0.09665129	0.9952446	-0.0021417257	0	0.018849555	0	-0.09665129	0.9952446	-0.0021417257	2.21191e-20	-1
0	-0.11550254	0.9932314	-0.002152054	0	0.012566371	0	-0.11550254	0.9932314	-0.002152054	2.4614108e-20	-1
0	-0.1277523	0.9917289	-0.0021561647	0	0.009424778	0	-0.1277523	0.9917289	-0.0021561647	2.5859348e-20	-1
0	-0.14272907	0.9896828	-0.002158831	0	0.0062831854	0	-0.14272907	0.9896828	-0.002158831	2.710238e-20	-1
0	-0.15729213	0.9874711	-0.002159188	0	0.0037699111	0	-0.15729213	0.9874711	-0.002159188	2.809467e-20	-1
0	-0.16569066	0.98609555	-0.0021584593	0	0.002513274	0	-0.16569066	0.98609555	-0.0021584593	2.8589892e-20	-1
0	-0.17022529	0.9853223	-0.0021577994	0	0.0018849556	0	-0.17022529	0.9853223	-0.0021577994	2.8837232e-20	-1
0	-0.17500289	0.9844843	-0.0021568895	0	0.001256637	0	-0.17500289	0.9844843	-0.0021568895	2.9084375e-20	-1
0	-0.17500289	0.9844843	-0.0021568895	0	0.0010053096	0	-0.17500289	0.9844843	-0.0021568895	2.9183187e-20	-1
0	-0.18005294	0.9835726	-0.0021557128	0	0.0006283185	0	-0.18005294	0.9835726	-0.0021557128	2.933129e-20	-1
0	-0.18005294	0.9835726	-0.0021557128	0	0.0002513274	0	-0.18005294	0.9835726	-0.0021557128	2.9479373e-20	-1
0	-0.18430462	0.98278415	-0.0021545507	0	0.0001256637	0	-0.18430462	0.98278415	-0.0021545507	2.9528655e-20	-1
0	-0.18430462	0.98278415	-0.0021545507	0	6.283185e-05	0	-0.18430462	0.98278415	-0.0021545507	2.9553315e-20	-1
0	-0.18430462	0.98278415	-0.0021545507	0	2.5132742e-05	0	-0.18430462	0.98278415	-0.0021545507	2.956811e-20	-1
0	-0.18430462	0.98278415	-0.0021545507	0	1.2566371e-05	0	-0.18430462	0.98278415	-0.0021545507	2.9573045e-20	-1
0	-0.18430462	0.98278415	-0.0021545507	0	6.2831855e-06	0	-0.18430462	0.98278415	-0.0021545507	2.957551e-20	-1
0	-0.18430462	0.98278415	-0.0021545507	0	2.513274e-06	0	-0.18430462	0.98278415	-0.0021545507	2.957699e-20	-1
0	-0.18430462	0.98278415	-0.0021545507	0	1.256637e-06	0	-0.18430462	0.98278415	-0.0021545507	2.957748e-20	-1
0	-0.18430462	0.98278415	-0.0021545507	0	6.283185e-07	0	-0.18430462	0.98278415	-0.0021545507	2.957773e-20	-1
0	-0.18430462	0.98278415	-0.0021545507	0	2.513274e-07	0	-0.18430462	0.98278415	-0.0021545507	2.9577875e-20	-1
0	-0.18430462	0.98278415	-0.0021545507	0	1.256637e-07	0	-0.18430462	0.98278415	-0.0021545507	2.9577927e-20	-1
0	-0.18430462	0.98278415	-0.0021545507	0	0	0	-0.18430462	0.98278415	-0.0021545507	2.9577975e-20	-1
0	-0.18430462	0.98278415	-0.0021545507	0	-1.256637e-07	0	-0.18430462	0.98278415	-0.0021545507	2.9578024e-20	-1
0	-0.18430462	0.98278415	-0.0021545507	0	-2.513274e-07	0	-0.18430462	0.98278415	-0.0021545507	2.9578076e-20	-1
0	-0.18430462	0.98278415	-0.0021545507	0	-6.283185e-07	0	-0.18430462	0.98278415	-0.0021545507	2.957822e-20	-1
0	-0.18430462	0.98278415	-0.0021545507	0	-1.256637e-06	0	-0.18430462	0.98278415	-0.0021545507	2.957847e-20	-1
0	-0.18430462	0.98278415	-0.0021545507	0	-2.513274e-06	0	-0.18430462	0.98278415	-0.0021545507	2.957896e-20	-1
0	-0.18430462	0.98278415	-0.0021545507	0	-6.2831855e-06	0	-0.18430462	0.98278415	-0.0021545507	2.958044e-20	-1
0	-0.18430462	0.98278415	-0.0021545507	0	-1.2566371e-05	0	-0.18430462	0.98278415	-0.0021545507	2.9582906e-20	-1
0	-0.18430462	0.98278415	-0.0021545507	0	-2.5132742e-05	0	-0.18430462	0.98278415	-0.0021545507	2.958784e-20	-1
0	-0.18430462	0.98278415	-0.0021545507	0	-6.283185e-05	0	-0.18430462	0.98278415	-0.0021545507	2.9602636e-20	-1
0	-0.18430462	0.98278415	-0.0021545507	0	-0.0001256637	0	-0.18430462	0.98278415	-0.0021545507	2.9627296e-20	-1
0	-0.1876208	0.98215604	-0.0021535258	0	-0.0002513274	0	-0.1876208	0.98215604	-0.0021535258	2.9676568e-20	-1
0	-0.19106066	0.98149216	-0.0021523773	0	-0.0006283185	0	-0.19106066	0.98149216	-0.0021523773	2.9824388e-20	-1
0	-0.19463256	0.98078954	-0.0021510718	0	-0.0010053096	0	-0.19463256	0.98078954	-0.0021510718	2.9972108e-20	-1
0	-0.19463256	0.98078954	-0.0021510718	0	-0.001256637	0	-0.19463256	0.98078954	-0.0021510718	3.007055e-20	-1
0	-0.20353094	0.9789803	-0.0021473533	0	-0.0018849556	0	-0.20353094	0.9789803	-0.0021473533	3.031634e-20	-1
0	-0.21042138	0.9775214	-0.0021440217	0	-0.002513274	0	-0.21042138	0.9775214	-0.0021440217	3.0561813e-20	-1
0	-0.22581382	0.9740783	-0.0021351904	0	-0.0037699111	0	-0.22581382	0.9740783	-0.0021351904	3.105155e-20	-1
0	-0.26629037	0.96379256	-0.002103077	0	-0.0062831854	0	-0.26629037	0.96379256	-0.002103077	3.202456e-20	-1
0	0.12776116	-0.9917278	0.0021561645	0	-0.009424778	0	0.12776116	-0.9917278	0.0021561645	2.5859343e-20	-1
0	0.11551314	-0.9932302	0.002152048	0	-0.012566371	0	0.11551314	-0.9932302	0.002152048	2.4614113e-20	-1
0	0.09667825	-0.995242	0.0021417267	0	-0.018849555	0	0.09667825	-0.995242	0.0021417267	2.2119104e-20	-1
0	0.082920045	-0.9964839	0.002130374	0	-0.025132742	0	0.082920045	-0.9964839	0.002130374	1.9620113e-20	-1
0	0.064294726	-0.9978606	0.0021075672	0	-0.03769911	0	0.064294726	-0.9978606	0.0021075672	1.4615367e-20	-1
0	0.052364036	-0.9985591	0.0020858424	0	-0.050265484	0	0.052364036	-0.9985591	0.0020858424	9.605669e-21	-1
0	0.044108786	-0.9989588	0.0020653387	0	-0.06283186	0	0.044108786	-0.9989588	0.0020653387	4.593309e-21	-1
0	0.044108786	-0.9989588	0.0020653387	0	-0.06283186	0	0.044108786	-0.9989588	0.0020653387	4.593309e-21	1
0	0.05235754	-0.9985595	0.002085839	0	-0.050265484	0	0.05235754	-0.9985595	0.002085839	9.605671e-21	1
0	0.064287506	-0.997861	0.0021075583	0	-0.03769911	0	0.064287506	-0.997861	0.0021075583	1.461537e-20	1
0	0.08290832	-0.9964849	0.0021303715	0	-0.025132742	0	0.08290832	-0.9964849	0.0021303715	1.9620117e-20	1
0	0.09667019	-0.9952428	0.002141729	0	-0.018849555	0	0.09667019	-0.9952428	0.002141729	2.2119104e-20	1
0	0.11550446	-0.9932312	0.0021520478	0	-0.012566371	0	0.11550446	-0.9932312	0.0021520478	2.4614108e-20	1
0	0.12776244	-0.9917276	0.0021561652	0	-0.009424778	0	0.12776244	-0.9917276	0.0021561652	2.5859348e-20	1
0	0.14271745	-0.98968446	0.0021588323	0	-0.0062831854	0	0.14271745	-0.98968446	0.0021588323	2.7102382e-20	1
0	0.15728927	-0.9874716	0.0021591885	0	-0.0037699111	0	0.15728927	-0.9874716	0.0021591885	2.8094666e-20	1
0	0.16568169	-0.9860971	0.0021584616	0	-0.002513274	0	0.16568169	-0.9860971	0.0021584616	2.8589892e-20	1
0	0.17020887	-0.98532516	0.0021577985	0	-0.0018849556	0	0.17020887	-0.98532516	0.0021577985	2.8837235e-20	1
0	0.17502412	-0.9844806	0.0021568798	0	-0.001256637	0	0.17502412	-0.9844806	0.0021568798	2.9084375e-20	1
0	0.17502412	-0.9844806	0.0021568798	0	-0.0010053096	0	0.17502412	-0.9844806	0.0021568798	2.9183187e-20	1
0	0.18005034	-0.9835731	0.0021557137	0	-0.0006283185	0	0.18005034	-0.9835731	0.0021557137	2.933129e-20	1
0	0.18005034	-0.9835731	0.0021557137	0	-0.0002513274	0	0.18005034	-0.9835731	0.0021557137	2.9479373e-20	1
0	0.18429354	-0.98278624	0.0021545412	0	-0.0001256637	0	0.18429354	-0.98278624	0.0021545412	2.9528655e-20	1
0	0.18429354	-0.98278624	0.0021545412	0	-6.283185e-05	0	0.18429354	-0.98278624	0.0021545412	2.9553315e-20	1
0	0.18429354	-0.98278624	0.0021545412	0	-2.5132742e-05	0	0.18429354	-0.98278624	0.0021545412	2.956811e-20	1
0	0.18429354	-0.98278624	0.0021545412	0	-1.2566371e-05	0	0.18429354	-0.98278624	0.0021545412	2.9573045e-20	1
0	0.18429354	-0.98278624	0.0021545412	0	-6.2831855e-06	0	0.18429354	-0.98278624	0.0021545412	2.957551e-20	1
0	0.18429354	-0.98278624	0.0021545412	0	-2.513274e-06	0	0.18429354	-0.98278624	0.0021545412	2.957699e-20	1
0	0.18429354	-0.98278624	0.0021545412	0	-1.256637e-06	0	0.18429354	-0.98278624	0.0021545412	2.9577484e-20	1
0	0.18429354	-0.98278624	0.0021545412	0	-6.283185e-07	0	0.18429354	-0.98278624	0.0021545412	2.957773e-20	1
0	0.18429354	-0.98278624	0.0021545412	0	-2.513274e-07	0	0.18429354	-0.98278624	0.0021545412	2.957788e-20	1
0	0.18429354	-0.98278624	0.0021545412	0	-1.256637e-07	0	0.18429354	-0.98278624	0.0021545412	2.9577927e-20	1
0	0.18429354	-0.98278624	0.0021545412	0	0	0	0.18429354	-0.98278624	0.0021545412	2.9577975e-20	1
0	0.18429354	-0.98278624	0.0021545412	0	1.256637e-07	0	0.18429354	-0.98278624	0.0021545412	2.9578027e-20	1
0	0.18429354	-0.98278624	0.0021545412	0	2.513274e-07	0	0.18429354	-0.98278624	0.0021545412	2.9578076e-20	1
0	0.18429354	-0.98278624	0.0021545412	0	6.283185e-07	0	0.18429354	-0.98278624	0.0021545412	2.9578224e-20	1
0	0.18429354	-0.98278624	0.0021545412	0	1.256637e-06	0	0.18429354	-0.98278624	0.0021545412	2.957847e-20	1
0	0.18429354	-0.98278624	0.0021545412	0	2.513274e-06	0	0.18429354	-0.98278624	0.0021545412	2.9578964e-20	1
0	0.18429354	-0.98278624	0.0021545412	0	6.2831855e-06	0	0.18429354	-0.98278624	0.0021545412	2.958044e-20	1
0	0.18429354	-0.98278624	0.0021545412	0	1.2566371e-05	0	0.18429354	-0.98278624	0.0021545412	2.958291e-20	1
0	0.18429354	-0.98278624	0.0021545412	0	2.5132742e-05	0	0.18429354	-0.98278624	0.0021545412	2.958784e-20	1
0	0.18429354	-0.98278624	0.0021545412	0	6.283185e-05	0	0.18429354	-0.98278624	0.0021545412	2.9602636e-20	1
0	0.18429354	-0.98278624	0.0021545412	0	0.0001256637	0	0.18429354	-0.98278624	0.0021545412	2.9627296e-20	1
0	0.18762058	-0.98215604	0.0021535314	0	0.0002513274	0	0.18762058	-0.98215604	0.0021535314	2.9676568e-20	1
0	0.1910614	-0.98149204	0.0021523777	0	0.0006283185	0	0.1910614	-0.98149204	0.0021523777	2.982439e-20	1
0	0.19463757	-0.9807886	0.0021510986	0	0.0010053096	0	0.19463757	-0.9807886	0.0021510986	2.9972108e-20	1
0	0.19463757	-0.9807886	0.0021510986	0	0.001256637	0	0.19463757	-0.9807886	0.0021510986	3.007055e-20	1
0	0.20351925	-0.9789828	0.00214736	0	0.0018849556	0	0.20351925	-0.9789828	0.00214736	3.0316344e-20	1
0	0.2104143	-0.97752297	0.0021440252	0	0.002513274	0	0.2104143	-0.97752297	0.0021440252	3.0561813e-20	1
0	0.22585528	-0.97406864	0.00213516	0	0.0037699111	0	0.22585528	-0.97406864	0.00213516	3.1051552e-20	1
0	0.26630086	-0.9637896	0.002103066	0	0.0062831854	0	0.26630086	-0.9637896	0.002103066	3.2024556e-20	1
0	-0.9971317	0.07475115	-0.00018561317	0	0.009424778	0	-0.9971317	0.07475115	-0.00018561317	2.7544552e-20	1
0	-0.9649468	0.2620855	-0.0002477885	0	0.012566371	0	-0.9649468	0.2620855	-0.0002477885	2.736063e-20	1
0	-0.09665936	0.9952439	-0.0021417271	0	0.018849555	0	-0.09665936	0.9952439	-0.0021417271	2.2119105e-20	1
0	-0.08291055	0.99648476	-0.0021303715	0	0.025132742	0	-0.08291055	0.99648476	-0.0021303715	1.9620113e-20	1
0	-0.064294524	0.99786067	-0.0021075616	0	0.03769911	0	-0.064294524	0.99786067	-0.0021075616	1.461537e-20	1
0	-0.052363344	0.9985591	-0.0020858413	0	0.050265484	0	-0.052363344	0.9985591	-0.0020858413	9.60567e-21	1
0	-0.04410889	0.9989588	-0.0020653387	0	0.06283186	0	-0.04410889	0.9989588	-0.0020653387	4.5933065e-21	1
