# t (s)	mx ()	my ()	mz ()	B_extx (T)	B_exty (T)	B_extz (T)	mx ()	my ()	mz ()	E_total (J)	branch ()
0	0.99871063	0.049150154	-0.005625001	0.06283186	0	0	0.99871063	0.049150154	-0.005625001	2.774636e-21	-1
0	0.9983232	0.05645068	-0.0056905006	0.050265484	0	0	0.9983232	0.05645068	-0.0056905006	7.7857664e-21	-1
0	0.99771905	0.06625374	-0.005761887	0.03769911	0	0	0.99771905	0.06625374	-0.005761887	1.2794461e-20	-1
0	0.9967003	0.08010787	-0.0058402307	0.025132742	0	0	0.9967003	0.08010787	-0.0058402307	1.7799198e-20	-1
0	0.99590725	0.08941555	-0.005881953	0.018849555	0	0	0.99590725	0.08941555	-0.005881953	2.0299232e-20	-1
0	0.9947865	0.10111025	-0.0059246304	0.012566371	0	0	0.9947865	0.10111025	-0.0059246304	2.2796896e-20	-1
0	0.99404323	0.10816547	-0.0059458097	0.009424778	0	0	0.99404323	0.10816547	-0.0059458097	2.4044528e-20	-1
0	0.9931272	0.116266616	-0.005966329	0.0062831854	0	0	0.9931272	0.116266616	-0.005966329	2.5291128e-20	-1
0	0.99223095	0.12367516	-0.005981775	0.0037699111	0	0	0.99223095	0.12367516	-0.005981775	2.6287493e-20	-1
0	0.9917171	0.12772599	-0.0059889704	0.002513274	0	0	0.9917171	0.12772599	-0.0059889704	2.678532e-20	-1
0	0.9914402	0.12985627	-0.005992394	0.0018849556	0	0	0.9914402	0.12985627	-0.005992394	2.703413e-20	-1
0	0.99114805	0.13206545	-0.0059956904	0.001256637	0	0	0.99114805	0.13206545	-0.0059956904	2.7282872e-20	-1
0	0.99114805	0.13206545	-0.0059956904	0.0010053096	0	0	0.99114805	0.13206545	-0.0059956904	2.7382354e-20	-1
0	0.9908421	0.13433975	-0.005998834	0.0006283185	0	0	0.9908421	0.13433975	-0.005998834	2.753154e-20	-1
0	0.99064946	0.13575163	-0.006000642	0.0002513274	0	0	0.99064946	0.13575163	-0.006000642	2.7680698e-20	-1
0	0.99064946	0.13575163	-0.006000642	0.0001256637	0	0	0.99064946	0.13575163	-0.006000642	2.7730416e-20	-1
0	0.99064946	0.13575163	-0.006000642	6.283185e-05	0	0	0.99064946	0.13575163	-0.006000642	2.7755273e-20	-1
0	0.99064946	0.13575163	-0.006000642	2.5132742e-05	0	0	0.99064946	0.13575163	-0.006000642	2.7770188e-20	-1
0	0.99064946	0.13575163	-0.006000642	1.2566371e-05	0	0	0.99064946	0.13575163	-0.006000642	2.7775158e-20	-1
0	0.99064946	0.13575163	-0.006000642	6.2831855e-06	0	0	0.99064946	0.13575163	-0.006000642	2.7777646e-20	-1
0	0.99064946	0.13575163	-0.006000642	2.513274e-06	0	0	0.99064946	0.13575163	-0.006000642	2.7779135e-20	-1
0	0.99064946	0.13575163	-0.006000642	1.256637e-06	0	0	0.99064946	0.13575163	-0.006000642	2.7779633e-20	-1
0	0.99064946	0.13575163	-0.006000642	6.283185e-07	0	0	0.99064946	0.13575163	-0.006000642	2.7779882e-20	-1
0	0.99064946	0.13575163	-0.006000642	2.513274e-07	0	0	0.99064946	0.13575163	-0.006000642	2.778003e-20	-1
0	0.99064946	0.13575163	-0.006000642	1.256637e-07	0	0	0.99064946	0.13575163	-0.006000642	2.7780082e-20	-1
0	0.99064946	0.13575163	-0.006000642	0	0	0	0.99064946	0.13575163	-0.006000642	2.778013e-20	-1
0	0.99064946	0.13575163	-0.006000642	-1.256637e-07	0	0	0.99064946	0.13575163	-0.006000642	2.778018e-20	-1
0	0.99064946	0.13575163	-0.006000642	-2.513274e-07	0	0	0.99064946	0.13575163	-0.006000642	2.778023e-20	-1
0	0.99064946	0.13575163	-0.006000642	-6.283185e-07	0	0	0.99064946	0.13575163	-0.006000642	2.778038e-20	-1
0	0.99064946	0.13575163	-0.006000642	-1.256637e-06	0	0	0.99064946	0.13575163	-0.006000642	2.7780628e-20	-1
0	0.99064946	0.13575163	-0.006000642	-2.513274e-06	0	0	0.99064946	0.13575163	-0.006000642	2.7781126e-20	-1
0	0.99064946	0.13575163	-0.006000642	-6.2831855e-06	0	0	0.99064946	0.13575163	-0.006000642	2.7782615e-20	-1
0	0.99064946	0.13575163	-0.006000642	-1.2566371e-05	0	0	0.99064946	0.13575163	-0.006000642	2.7785103e-20	-1
0	0.99064946	0.13575163	-0.006000642	-2.5132742e-05	0	0	0.99064946	0.13575163	-0.006000642	2.7790073e-20	-1
0	0.9904848	0.13694681	-0.006002098	-6.283185e-05	0	0	0.9904848	0.13694681	-0.006002098	2.7804978e-20	-1
0	0.9904848	0.13694681	-0.006002098	-0.0001256637	0	0	0.9904848	0.13694681	-0.006002098	2.7829833e-20	-1
0	0.9904848	0.13694681	-0.006002098	-0.0002513274	0	0	0.9904848	0.13694681	-0.006002098	2.7879538e-20	-1
0	0.9901773	0.13915056	-0.006004596	-0.0006283185	0	0	0.9901773	0.13915056	-0.006004596	2.8028627e-20	-1
0	0.98996353	0.14066213	-0.0060062055	-0.0010053096	0	0	0.98996353	0.14066213	-0.0060062055	2.8177688e-20	-1
0	0.98996353	0.14066213	-0.0060062055	-0.001256637	0	0	0.98996353	0.14066213	-0.0060062055	2.827705e-20	-1
0	0.98943686	0.14431691	-0.0060095033	-0.0018849556	0	0	0.98943686	0.14431691	-0.0060095033	2.8525365e-20	-1
0	0.9890356	0.14703894	-0.006011571	-0.002513274	0	0	0.9890356	0.14703894	-0.006011571	2.877359e-20	-1
0	0.98815584	0.15283492	-0.0060147634	-0.0037699111	0	0	0.98815584	0.15283492	-0.0060147634	2.9269718e-20	-1
0	0.9860383	0.16593808	-0.0060161473	-0.0062831854	0	0	0.9860383	0.16593808	-0.0060161473	3.026052e-20	-1
0	0.9824412	0.18604001	-0.006002996	-0.009424778	0	0	0.9824412	0.18604001	-0.006002996	3.14955e-20	-1
0	0.97706974	0.21243586	-0.005958356	-0.012566371	0	0	0.97706974	0.21243586	-0.005958356	3.2724968e-20	-1
0	0.9481041	0.31758457	-0.0054791747	-0.018849555	0	0	0.9481041	0.31758457	-0.0054791747	3.5150135e-20	-1
0	-0.9967002	-0.08010921	0.0058402326	-0.025132742	0	0	-0.9967002	-0.08010921	0.0058402326	1.77992e-20	-1
0	-0.9977186	-0.06626055	0.0057619056	-0.03769911	0	0	-0.9977186	-0.06626055	0.0057619056	1.279446e-20	-1
0	-0.9983232	-0.05645215	0.005690505	-0.050265484	0	0	-0.9983232	-0.05645215	0.005690505	7.785765e-21	-1
0	-0.9987105	-0.049153045	0.0056250077	-0.06283186	0	0	-0.9987105	-0.049153045	0.0056250077	2.7746348e-21	-1
0	-0.9987105	-0.049153045	0.0056250077	-0.06283186	0	0	-0.9987105	-0.049153045	0.0056250077	2.7746348e-21	1
0	-0.9983233	-0.05644913	0.0056904964	-0.050265484	0	0	-0.9983233	-0.05644913	0.0056904964	7.785764e-21	1
0	-0.9977188	-0.06625599	0.0057618753	-0.03769911	0	0	-0.9977188	-0.06625599	0.0057618753	1.279446e-20	1
0	-0.9967002	-0.08010903	0.005840233	-0.025132742	0	0	-0.9967002	-0.08010903	0.005840233	1.77992e-20	1
0	-0.99590766	-0.08941123	0.005881945	-0.018849555	0	0	-0.99590766	-0.08941123	0.005881945	2.0299235e-20	1
0	-0.99478614	-0.101113446	0.005924629	-0.012566371	0	0	-0.99478614	-0.101113446	0.005924629	2.2796894e-20	1
0	-0.9940419	-0.10817766	0.0059458166	-0.009424778	0	0	-0.9940419	-0.10817766	0.0059458166	2.404453e-20	1
0	-0.9931271	-0.116267785	0.0059663313	-0.0062831854	0	0	-0.9931271	-0.116267785	0.0059663313	2.5291126e-20	1
0	-0.99223256	-0.12366249	0.0059817657	-0.0037699111	0	0	-0.99223256	-0.12366249	0.0059817657	2.6287496e-20	1
0	-0.9917153	-0.12774038	0.005988971	-0.002513274	0	0	-0.9917153	-0.12774038	0.005988971	2.6785317e-20	1
0	-0.99143934	-0.1298626	0.0059923967	-0.0018849556	0	0	-0.99143934	-0.1298626	0.0059923967	2.7034128e-20	1
0	-0.99114954	-0.132054	0.0059956866	-0.001256637	0	0	-0.99114954	-0.132054	0.0059956866	2.728287e-20	1
0	-0.99114954	-0.132054	0.0059956866	-0.0010053096	0	0	-0.99114954	-0.132054	0.0059956866	2.738235e-20	1
0	-0.9908414	-0.13434473	0.005998835	-0.0006283185	0	0	-0.9908414	-0.13434473	0.005998835	2.7531537e-20	1
0	-0.99064946	-0.13575166	0.006000652	-0.0002513274	0	0	-0.99064946	-0.13575166	0.006000652	2.76807e-20	1
0	-0.99064946	-0.13575166	0.006000652	-0.0001256637	0	0	-0.99064946	-0.13575166	0.006000652	2.7730416e-20	1
0	-0.990551	-0.13646753	0.006001522	-6.283185e-05	0	0	-0.990551	-0.13646753	0.006001522	2.7755267e-20	1
0	-0.990551	-0.13646753	0.006001522	-2.5132742e-05	0	0	-0.990551	-0.13646753	0.006001522	2.777018e-20	1
0	-0.990551	-0.13646753	0.006001522	-1.2566371e-05	0	0	-0.990551	-0.13646753	0.006001522	2.777515e-20	1
0	-0.990551	-0.13646753	0.006001522	-6.2831855e-06	0	0	-0.990551	-0.13646753	0.006001522	2.7777636e-20	1
0	-0.990551	-0.13646753	0.006001522	-2.513274e-06	0	0	-0.990551	-0.13646753	0.006001522	2.7779126e-20	1
0	-0.990551	-0.13646753	0.006001522	-1.256637e-06	0	0	-0.990551	-0.13646753	0.006001522	2.7779623e-20	1
0	-0.990551	-0.13646753	0.006001522	-6.283185e-07	0	0	-0.990551	-0.13646753	0.006001522	2.7779872e-20	1
0	-0.990551	-0.13646753	0.006001522	-2.513274e-07	0	0	-0.990551	-0.13646753	0.006001522	2.778002e-20	1
0	-0.990551	-0.13646753	0.006001522	-1.256637e-07	0	0	-0.990551	-0.13646753	0.006001522	2.7780072e-20	1
0	-0.990551	-0.13646753	0.006001522	0	0	0	-0.990551	-0.13646753	0.006001522	2.778012e-20	1
0	-0.990551	-0.13646753	0.006001522	1.256637e-07	0	0	-0.990551	-0.13646753	0.006001522	2.7780173e-20	1
0	-0.990551	-0.13646753	0.006001522	2.513274e-07	0	0	-0.990551	-0.13646753	0.006001522	2.778022e-20	1
0	-0.990551	-0.13646753	0.006001522	6.283185e-07	0	0	-0.990551	-0.13646753	0.006001522	2.778037e-20	1
0	-0.990551	-0.13646753	0.006001522	1.256637e-06	0	0	-0.990551	-0.13646753	0.006001522	2.778062e-20	1
0	-0.990551	-0.13646753	0.006001522	2.513274e-06	0	0	-0.990551	-0.13646753	0.006001522	2.7781116e-20	1
0	-0.990551	-0.13646753	0.006001522	6.2831855e-06	0	0	-0.990551	-0.13646753	0.006001522	2.7782606e-20	1
0	-0.990551	-0.13646753	0.006001522	1.2566371e-05	0	0	-0.990551	-0.13646753	0.006001522	2.7785094e-20	1
0	-0.990551	-0.13646753	0.006001522	2.5132742e-05	0	0	-0.990551	-0.13646753	0.006001522	2.7790063e-20	1
0	-0.990551	-0.13646753	0.006001522	6.283185e-05	0	0	-0.990551	-0.13646753	0.006001522	2.7804978e-20	1
0	-0.990551	-0.13646753	0.006001522	0.0001256637	0	0	-0.990551	-0.13646753	0.006001522	2.7829833e-20	1
0	-0.99038374	-0.13767445	0.006002946	0.0002513274	0	0	-0.99038374	-0.13767445	0.006002946	2.787953e-20	1
0	-0.99017704	-0.13915247	0.006004596	0.0006283185	0	0	-0.99017704	-0.13915247	0.006004596	2.802863e-20	1
0	-0.9899634	-0.14066297	0.006006168	0.0010053096	0	0	-0.9899634	-0.14066297	0.006006168	2.8177688e-20	1
0	-0.9899634	-0.14066297	0.006006168	0.001256637	0	0	-0.9899634	-0.14066297	0.006006168	2.8277053e-20	1
0	-0.98943806	-0.14430866	0.006009507	0.0018849556	0	0	-0.98943806	-0.14430866	0.006009507	2.8525365e-20	1
0	-0.9890336	-0.14705232	0.006011568	0.002513274	0	0	-0.9890336	-0.14705232	0.006011568	2.877359e-20	1
0	-0.98815596	-0.15283394	0.006014757	0.0037699111	0	0	-0.98815596	-0.15283394	0.006014757	2.9269718e-20	1
0	-0.98603857	-0.16593659	0.0060161483	0.0062831854	0	0	-0.98603857	-0.16593659	0.0060161483	3.0260516e-20	1
0	-0.9824364	-0.18606514	0.006002954	0.009424778	0	0	-0.9824364	-0.18606514	0.006002954	3.14955e-20	1
0	-0.97706985	-0.21243505	0.0059583737	0.012566371	0	0	-0.97706985	-0.21243505	0.0059583737	3.2724965e-20	1
0	-0.9480941	-0.31761432	0.005478968	0.018849555	0	0	-0.9480941	-0.31761432	0.005478968	3.5150135e-20	1
0	0.9966999	0.08011298	-0.005840242	0.025132742	0	0	0.9966999	0.08011298	-0.005840242	1.7799198e-20	1
0	0.9977186	0.06625992	-0.0057619037	0.03769911	0	0	0.9977186	0.06625992	-0.0057619037	1.2794462e-20	1
0	0.9983231	0.05645232	-0.0056905076	0.050265484	0	0	0.9983231	0.05645232	-0.0056905076	7.785765e-21	1
0	0.9987105	0.04915306	-0.0056250086	0.06283186	0	0	0.9987105	0.04915306	-0.0056250086	2.7746348e-21	1
