# t (s)	mx ()	my ()	mz ()	B_extx (T)	B_exty (T)	B_extz (T)	mx ()	my ()	mz ()	E_total (J)	branch ()
0	0.99399185	-0.10863128	0.00628352	0.06283186	0	0	0.99399185	-0.10863128	0.00628352	3.8402656e-21	-1
0	0.99109733	-0.13242787	0.006578603	0.050265484	0	0	0.99109733	-0.13242787	0.006578603	8.8220234e-21	-1
0	0.9858607	-0.16696146	0.0069459556	0.03769911	0	0	0.9858607	-0.16696146	0.0069459556	1.3784076e-20	-1
0	0.97567034	-0.21873236	0.0073746825	0.025132742	0	0	0.97567034	-0.21873236	0.0073746825	1.8708998e-20	-1
0	0.96708155	-0.2539975	0.007585457	0.018849555	0	0	0.96708155	-0.2539975	0.007585457	2.1147084e-20	-1
0	0.95456815	-0.29756144	0.007754541	0.012566371	0	0	0.95456815	-0.29756144	0.007754541	2.355903e-20	-1
0	0.9462348	-0.32306665	0.0078061367	0.009424778	0	0	0.9462348	-0.32306665	0.0078061367	2.47516e-20	-1
0	0.936036	-0.35150713	0.007821891	0.0062831854	0	0	0.936036	-0.35150713	0.007821891	2.5932584e-20	-1
0	0.92619014	-0.37667304	0.0077987784	0.0037699111	0	0	0.92619014	-0.37667304	0.0077987784	2.6867282e-20	-1
0	0.92058027	-0.39017636	0.0077719474	0.002513274	0	0	0.92058027	-0.39017636	0.0077719474	2.73307e-20	-1
0	0.917577	-0.3971842	0.007754039	0.0018849556	0	0	0.917577	-0.3971842	0.007754039	2.7561322e-20	-1
0	0.91443074	-0.40437198	0.0077328295	0.001256637	0	0	0.91443074	-0.40437198	0.0077328295	2.7791175e-20	-1
0	0.91443074	-0.40437198	0.0077328295	0.0010053096	0	0	0.91443074	-0.40437198	0.0077328295	2.7882956e-20	-1
0	0.9111347	-0.41174155	0.007708115	0.0006283185	0	0	0.9111347	-0.41174155	0.007708115	2.8020217e-20	-1
0	0.9090773	-0.4162624	0.007691457	0.0002513274	0	0	0.9090773	-0.4162624	0.007691457	2.8157235e-20	-1
0	0.9090773	-0.4162624	0.007691457	0.0001256637	0	0	0.9090773	-0.4162624	0.007691457	2.820286e-20	-1
0	0.9090773	-0.4162624	0.007691457	6.283185e-05	0	0	0.9090773	-0.4162624	0.007691457	2.8225668e-20	-1
0	0.9090773	-0.4162624	0.007691457	2.5132742e-05	0	0	0.9090773	-0.4162624	0.007691457	2.8239355e-20	-1
0	0.9090773	-0.4162624	0.007691457	1.2566371e-05	0	0	0.9090773	-0.4162624	0.007691457	2.8243917e-20	-1
0	0.9090773	-0.4162624	0.007691457	6.2831855e-06	0	0	0.9090773	-0.4162624	0.007691457	2.82462e-20	-1
0	0.9090773	-0.4162624	0.007691457	2.513274e-06	0	0	0.9090773	-0.4162624	0.007691457	2.824757e-20	-1
0	0.9090773	-0.4162624	0.007691457	1.256637e-06	0	0	0.9090773	-0.4162624	0.007691457	2.8248024e-20	-1
0	0.9090773	-0.4162624	0.007691457	6.283185e-07	0	0	0.9090773	-0.4162624	0.007691457	2.824825e-20	-1
0	0.9090773	-0.4162624	0.007691457	2.513274e-07	0	0	0.9090773	-0.4162624	0.007691457	2.824839e-20	-1
0	0.9090773	-0.4162624	0.007691457	1.256637e-07	0	0	0.9090773	-0.4162624	0.007691457	2.8248434e-20	-1
0	0.9090773	-0.4162624	0.007691457	0	0	0	0.9090773	-0.4162624	0.007691457	2.824848e-20	-1
0	0.9090773	-0.4162624	0.007691457	-1.256637e-07	0	0	0.9090773	-0.4162624	0.007691457	2.8248525e-20	-1
0	0.9090773	-0.4162624	0.007691457	-2.513274e-07	0	0	0.9090773	-0.4162624	0.007691457	2.824857e-20	-1
0	0.9090773	-0.4162624	0.007691457	-6.283185e-07	0	0	0.9090773	-0.4162624	0.007691457	2.824871e-20	-1
0	0.9090773	-0.4162624	0.007691457	-1.256637e-06	0	0	0.9090773	-0.4162624	0.007691457	2.8248935e-20	-1
0	0.9090773	-0.4162624	0.007691457	-2.513274e-06	0	0	0.9090773	-0.4162624	0.007691457	2.824939e-20	-1
0	0.9090773	-0.4162624	0.007691457	-6.2831855e-06	0	0	0.9090773	-0.4162624	0.007691457	2.825076e-20	-1
0	0.9090773	-0.4162624	0.007691457	-1.2566371e-05	0	0	0.9090773	-0.4162624	0.007691457	2.8253042e-20	-1
0	0.9090773	-0.4162624	0.007691457	-2.5132742e-05	0	0	0.9090773	-0.4162624	0.007691457	2.8257604e-20	-1
0	0.9090773	-0.4162624	0.007691457	-6.283185e-05	0	0	0.9090773	-0.4162624	0.007691457	2.8271292e-20	-1
0	0.9069576	-0.4208589	0.007673351	-0.0001256637	0	0	0.9069576	-0.4208589	0.007673351	2.8293945e-20	-1
0	0.9069576	-0.4208589	0.007673351	-0.0002513274	0	0	0.9069576	-0.4208589	0.007673351	2.833946e-20	-1
0	0.90403175	-0.427105	0.00764687	-0.0006283185	0	0	0.90403175	-0.427105	0.00764687	2.8475715e-20	-1
0	0.90175235	-0.43189478	0.0076250834	-0.0010053096	0	0	0.90175235	-0.43189478	0.0076250834	2.861165e-20	-1
0	0.90175235	-0.43189478	0.0076250834	-0.001256637	0	0	0.90175235	-0.43189478	0.0076250834	2.870216e-20	-1
0	0.89616287	-0.44337198	0.0075677074	-0.0018849556	0	0	0.89616287	-0.44337198	0.0075677074	2.8927462e-20	-1
0	0.8918985	-0.4518858	0.0075204074	-0.002513274	0	0	0.8918985	-0.4518858	0.0075204074	2.91518e-20	-1
0	0.8826163	-0.46975172	0.007408079	-0.0037699111	0	0	0.8826163	-0.46975172	0.007408079	2.959711e-20	-1
0	0.86007345	-0.5098438	0.0070918202	-0.0062831854	0	0	0.86007345	-0.5098438	0.0070918202	3.047218e-20	-1
0	0.81916046	-0.5732629	0.006413717	-0.009424778	0	0	0.81916046	-0.5732629	0.006413717	3.1527663e-20	-1
0	0.71118283	-0.7027589	0.0044105174	-0.012566371	0	0	0.71118283	-0.7027589	0.0044105174	3.2507917e-20	-1
0	-0.96707594	0.25401884	-0.00758555	-0.018849555	0	0	-0.96707594	0.25401884	-0.00758555	2.1147086e-20	-1
0	-0.97566736	0.21874517	-0.0073747616	-0.025132742	0	0	-0.97566736	0.21874517	-0.0073747616	1.8709e-20	-1
0	-0.9858599	0.16696623	-0.0069460003	-0.03769911	0	0	-0.9858599	0.16696623	-0.0069460003	1.3784076e-20	-1
0	-0.9910971	0.13243005	-0.0065786242	-0.050265484	0	0	-0.9910971	0.13243005	-0.0065786242	8.822026e-21	-1
0	-0.99399185	0.10863097	-0.0062835217	-0.06283186	0	0	-0.99399185	0.10863097	-0.0062835217	3.8402648e-21	-1
0	-0.99399185	0.10863097	-0.0062835217	-0.06283186	0	0	-0.99399185	0.10863097	-0.0062835217	3.8402648e-21	1
0	-0.99109733	0.13242799	-0.0065786038	-0.050265484	0	0	-0.99109733	0.13242799	-0.0065786038	8.822023e-21	1
0	-0.9858593	0.16696972	-0.0069460263	-0.03769911	0	0	-0.9858593	0.16696972	-0.0069460263	1.3784076e-20	1
0	-0.9756706	0.21873075	-0.007374672	-0.025132742	0	0	-0.9756706	0.21873075	-0.007374672	1.8708995e-20	1
0	-0.96708214	0.25399524	-0.0075854464	-0.018849555	0	0	-0.96708214	0.25399524	-0.0075854464	2.1147082e-20	1
0	-0.95456815	0.29756123	-0.0077545345	-0.012566371	0	0	-0.95456815	0.29756123	-0.0077545345	2.355903e-20	1
0	-0.94623506	0.32306588	-0.007806143	-0.009424778	0	0	-0.94623506	0.32306588	-0.007806143	2.4751596e-20	1
0	-0.9360379	0.35150224	-0.007821894	-0.0062831854	0	0	-0.9360379	0.35150224	-0.007821894	2.5932586e-20	1
0	-0.9261875	0.37667942	-0.007798765	-0.0037699111	0	0	-0.9261875	0.37667942	-0.007798765	2.6867284e-20	1
0	-0.9205799	0.39017704	-0.0077719465	-0.002513274	0	0	-0.9205799	0.39017704	-0.0077719465	2.7330703e-20	1
0	-0.9175777	0.39718264	-0.0077540404	-0.0018849556	0	0	-0.9175777	0.39718264	-0.0077540404	2.7561325e-20	1
0	-0.91443324	0.4043662	-0.0077328514	-0.001256637	0	0	-0.91443324	0.4043662	-0.0077328514	2.779117e-20	1
0	-0.91443324	0.4043662	-0.0077328514	-0.0010053096	0	0	-0.91443324	0.4043662	-0.0077328514	2.7882953e-20	1
0	-0.9111327	0.411746	-0.007708097	-0.0006283185	0	0	-0.9111327	0.411746	-0.007708097	2.8020217e-20	1
0	-0.9090766	0.41626394	-0.0076914504	-0.0002513274	0	0	-0.9090766	0.41626394	-0.0076914504	2.8157238e-20	1
0	-0.9090766	0.41626394	-0.0076914504	-0.0001256637	0	0	-0.9090766	0.41626394	-0.0076914504	2.8202862e-20	1
0	-0.9090766	0.41626394	-0.0076914504	-6.283185e-05	0	0	-0.9090766	0.41626394	-0.0076914504	2.822567e-20	1
0	-0.9090766	0.41626394	-0.0076914504	-2.5132742e-05	0	0	-0.9090766	0.41626394	-0.0076914504	2.8239358e-20	1
0	-0.9090766	0.41626394	-0.0076914504	-1.2566371e-05	0	0	-0.9090766	0.41626394	-0.0076914504	2.824392e-20	1
0	-0.9090766	0.41626394	-0.0076914504	-6.2831855e-06	0	0	-0.9090766	0.41626394	-0.0076914504	2.8246202e-20	1
0	-0.9090766	0.41626394	-0.0076914504	-2.513274e-06	0	0	-0.9090766	0.41626394	-0.0076914504	2.8247572e-20	1
0	-0.9090766	0.41626394	-0.0076914504	-1.256637e-06	0	0	-0.9090766	0.41626394	-0.0076914504	2.8248027e-20	1
0	-0.9090766	0.41626394	-0.0076914504	-6.283185e-07	0	0	-0.9090766	0.41626394	-0.0076914504	2.8248257e-20	1
0	-0.9090766	0.41626394	-0.0076914504	-2.513274e-07	0	0	-0.9090766	0.41626394	-0.0076914504	2.8248392e-20	1
0	-0.9090766	0.41626394	-0.0076914504	-1.256637e-07	0	0	-0.9090766	0.41626394	-0.0076914504	2.8248438e-20	1
0	-0.9090766	0.41626394	-0.0076914504	0	0	0	-0.9090766	0.41626394	-0.0076914504	2.8248483e-20	1
0	-0.9090766	0.41626394	-0.0076914504	1.256637e-07	0	0	-0.9090766	0.41626394	-0.0076914504	2.8248528e-20	1
0	-0.9090766	0.41626394	-0.0076914504	2.513274e-07	0	0	-0.9090766	0.41626394	-0.0076914504	2.8248573e-20	1
0	-0.9090766	0.41626394	-0.0076914504	6.283185e-07	0	0	-0.9090766	0.41626394	-0.0076914504	2.8248712e-20	1
0	-0.9090766	0.41626394	-0.0076914504	1.256637e-06	0	0	-0.9090766	0.41626394	-0.0076914504	2.824894e-20	1
0	-0.9090766	0.41626394	-0.0076914504	2.513274e-06	0	0	-0.9090766	0.41626394	-0.0076914504	2.8249397e-20	1
0	-0.9090766	0.41626394	-0.0076914504	6.2831855e-06	0	0	-0.9090766	0.41626394	-0.0076914504	2.8250764e-20	1
0	-0.9090766	0.41626394	-0.0076914504	1.2566371e-05	0	0	-0.9090766	0.41626394	-0.0076914504	2.8253045e-20	1
0	-0.9090766	0.41626394	-0.0076914504	2.5132742e-05	0	0	-0.9090766	0.41626394	-0.0076914504	2.8257608e-20	1
0	-0.9090766	0.41626394	-0.0076914504	6.283185e-05	0	0	-0.9090766	0.41626394	-0.0076914504	2.8271295e-20	1
0	-0.90695727	0.42085958	-0.007673349	0.0001256637	0	0	-0.90695727	0.42085958	-0.007673349	2.8293945e-20	1
0	-0.90695727	0.42085958	-0.007673349	0.0002513274	0	0	-0.90695727	0.42085958	-0.007673349	2.8339463e-20	1
0	-0.9040282	0.42711243	-0.0076468317	0.0006283185	0	0	-0.9040282	0.42711243	-0.0076468317	2.847572e-20	1
0	-0.90175843	0.43188205	-0.0076251496	0.0010053096	0	0	-0.90175843	0.43188205	-0.0076251496	2.861165e-20	1
0	-0.90175843	0.43188205	-0.0076251496	0.001256637	0	0	-0.90175843	0.43188205	-0.0076251496	2.870216e-20	1
0	-0.8961592	0.4433794	-0.0075676637	0.0018849556	0	0	-0.8961592	0.4433794	-0.0075676637	2.8927462e-20	1
0	-0.8919029	0.451877	-0.007520462	0.002513274	0	0	-0.8919029	0.451877	-0.007520462	2.91518e-20	1
0	-0.88261044	0.46976268	-0.0074080005	0.0037699111	0	0	-0.88261044	0.46976268	-0.0074080005	2.9597114e-20	1
0	-0.86006105	0.5098647	-0.007091624	0.0062831854	0	0	-0.86006105	0.5098647	-0.007091624	3.047218e-20	1
0	-0.8191736	0.5732441	-0.006413954	0.009424778	0	0	-0.8191736	0.5732441	-0.006413954	3.1527666e-20	1
0	-0.71107185	0.7028712	-0.004408463	0.012566371	0	0	-0.71107185	0.7028712	-0.004408463	3.2507917e-20	1
0	0.96707916	-0.25400662	0.0075854957	0.018849555	0	0	0.96707916	-0.25400662	0.0075854957	2.1147082e-20	1
0	0.975669	-0.21873781	0.007374715	0.025132742	0	0	0.975669	-0.21873781	0.007374715	1.8708997e-20	1
0	0.9858595	-0.1669684	0.0069460142	0.03769911	0	0	0.9858595	-0.1669684	0.0069460142	1.3784076e-20	1
0	0.991096	-0.1324377	0.0065787025	0.050265484	0	0	0.991096	-0.1324377	0.0065787025	8.822022e-21	1
0	0.99399173	-0.108631745	0.0062835254	0.06283186	0	0	0.99399173	-0.108631745	0.0062835254	3.8402643e-21	1
