# t (s)	mx ()	my ()	mz ()	B_extx (T)	B_exty (T)	B_extz (T)	mx ()	my ()	mz ()	E_total (J)	branch ()
0	-0.010938387	0.99987507	0.0008423355	0	0.06283186	0	-0.010938387	0.99987507	0.0008423355	4.5535267e-21	-1
0	-0.012912893	0.99985063	0.0008447072	0	0.050265484	0	-0.012912893	0.99985063	0.0008447072	9.571352e-21	-1
0	-0.015767787	0.99980897	0.00084508077	0	0.03769911	0	-0.015767787	0.99980897	0.00084508077	1.4589015e-20	-1
0	-0.020225331	0.99972785	0.00084170274	0	0.025132742	0	-0.020225331	0.99972785	0.00084170274	1.9606381e-20	-1
0	-0.02354293	0.99965477	0.0008374043	0	0.018849555	0	-0.02354293	0.99965477	0.0008374043	2.2114866e-20	-1
0	-0.028186806	0.99953413	0.0008299039	0	0.012566371	0	-0.028186806	0.99953413	0.0008299039	2.4623115e-20	-1
0	-0.031251833	0.99944276	0.0008243073	0	0.009424778	0	-0.031251833	0.99944276	0.0008243073	2.5877103e-20	-1
0	-0.035068143	0.99931574	0.00081686914	0	0.0062831854	0	-0.035068143	0.99931574	0.00081686914	2.713095e-20	-1
0	-0.03886524	0.9991751	0.0008090693	0	0.0037699111	0	-0.03886524	0.9991751	0.0008090693	2.8133902e-20	-1
0	-0.041084416	0.99908614	0.0008043635	0	0.002513274	0	-0.041084416	0.99908614	0.0008043635	2.8635316e-20	-1
0	-0.04228434	0.99903595	0.0008017832	0	0.0018849556	0	-0.04228434	0.99903595	0.0008017832	2.8886003e-20	-1
0	-0.043576114	0.9989804	0.0007989757	0	0.001256637	0	-0.043576114	0.9989804	0.0007989757	2.913668e-20	-1
0	-0.043576114	0.9989804	0.0007989757	0	0.0010053096	0	-0.043576114	0.9989804	0.0007989757	2.9236948e-20	-1
0	-0.044917457	0.9989209	0.0007960375	0	0.0006283185	0	-0.044917457	0.9989209	0.0007960375	2.9387343e-20	-1
0	-0.045791507	0.9988812	0.00079410186	0	0.0002513274	0	-0.045791507	0.9988812	0.00079410186	2.9537734e-20	-1
0	-0.045791507	0.9988812	0.00079410186	0	0.0001256637	0	-0.045791507	0.9988812	0.00079410186	2.9587863e-20	-1
0	-0.045791507	0.9988812	0.00079410186	0	6.283185e-05	0	-0.045791507	0.9988812	0.00079410186	2.9612927e-20	-1
0	-0.045791507	0.9988812	0.00079410186	0	2.5132742e-05	0	-0.045791507	0.9988812	0.00079410186	2.9627965e-20	-1
0	-0.045791507	0.9988812	0.00079410186	0	1.2566371e-05	0	-0.045791507	0.9988812	0.00079410186	2.9632976e-20	-1
0	-0.045791507	0.9988812	0.00079410186	0	6.2831855e-06	0	-0.045791507	0.9988812	0.00079410186	2.9635484e-20	-1
0	-0.045791507	0.9988812	0.00079410186	0	2.513274e-06	0	-0.045791507	0.9988812	0.00079410186	2.963699e-20	-1
0	-0.045791507	0.9988812	0.00079410186	0	1.256637e-06	0	-0.045791507	0.9988812	0.00079410186	2.963749e-20	-1
0	-0.045791507	0.9988812	0.00079410186	0	6.283185e-07	0	-0.045791507	0.9988812	0.00079410186	2.963774e-20	-1
0	-0.045791507	0.9988812	0.00079410186	0	2.513274e-07	0	-0.045791507	0.9988812	0.00079410186	2.963789e-20	-1
0	-0.045791507	0.9988812	0.00079410186	0	1.256637e-07	0	-0.045791507	0.9988812	0.00079410186	2.963794e-20	-1
0	-0.045791507	0.9988812	0.00079410186	0	0	0	-0.045791507	0.9988812	0.00079410186	2.963799e-20	-1
0	-0.045791507	0.9988812	0.00079410186	0	-1.256637e-07	0	-0.045791507	0.9988812	0.00079410186	2.963804e-20	-1
0	-0.045791507	0.9988812	0.00079410186	0	-2.513274e-07	0	-0.045791507	0.9988812	0.00079410186	2.963809e-20	-1
0	-0.045791507	0.9988812	0.00079410186	0	-6.283185e-07	0	-0.045791507	0.9988812	0.00079410186	2.963824e-20	-1
0	-0.045791507	0.9988812	0.00079410186	0	-1.256637e-06	0	-0.045791507	0.9988812	0.00079410186	2.9638492e-20	-1
0	-0.045791507	0.9988812	0.00079410186	0	-2.513274e-06	0	-0.045791507	0.9988812	0.00079410186	2.9638993e-20	-1
0	-0.045791507	0.9988812	0.00079410186	0	-6.2831855e-06	0	-0.045791507	0.9988812	0.00079410186	2.96405e-20	-1
0	-0.045791507	0.9988812	0.00079410186	0	-1.2566371e-05	0	-0.045791507	0.9988812	0.00079410186	2.9643003e-20	-1
0	-0.045791507	0.9988812	0.00079410186	0	-2.5132742e-05	0	-0.045791507	0.9988812	0.00079410186	2.9648018e-20	-1
0	-0.045791507	0.9988812	0.00079410186	0	-6.283185e-05	0	-0.045791507	0.9988812	0.00079410186	2.9663055e-20	-1
0	-0.04668957	0.9988395	0.0007921065	0	-0.0001256637	0	-0.04668957	0.9988395	0.0007921065	2.9688113e-20	-1
0	-0.04668957	0.9988395	0.0007921065	0	-0.0002513274	0	-0.04668957	0.9988395	0.0007921065	2.9738242e-20	-1
0	-0.047926113	0.99878097	0.0007893415	0	-0.0006283185	0	-0.047926113	0.99878097	0.0007893415	2.9888617e-20	-1
0	-0.04889819	0.99873364	0.0007871579	0	-0.0010053096	0	-0.04889819	0.99873364	0.0007871579	3.0038986e-20	-1
0	-0.04889819	0.99873364	0.0007871579	0	-0.001256637	0	-0.04889819	0.99873364	0.0007871579	3.013923e-20	-1
0	-0.05135265	0.9986104	0.0007815869	0	-0.0018849556	0	-0.05135265	0.9986104	0.0007815869	3.0389814e-20	-1
0	-0.053257577	0.9985105	0.000777227	0	-0.002513274	0	-0.053257577	0.9985105	0.000777227	3.0640376e-20	-1
0	-0.057513416	0.9982741	0.0007673494	0	-0.0037699111	0	-0.057513416	0.9982741	0.0007673494	3.1141424e-20	-1
0	-0.06849392	0.9975802	0.00074125506	0	-0.0062831854	0	-0.06849392	0.9975802	0.00074125506	3.2143075e-20	-1
0	-0.09036019	0.99583614	0.00068750244	0	-0.009424778	0	-0.09036019	0.99583614	0.00068750244	3.3393724e-20	-1
0	-0.13819692	0.990327	0.0005657332	0	-0.012566371	0	-0.13819692	0.990327	0.0005657332	3.4640492e-20	-1
0	0.023557965	-0.9996544	-0.0008373682	0	-0.018849555	0	0.023557965	-0.9996544	-0.0008373682	2.2114868e-20	-1
0	0.020229295	-0.9997278	-0.0008416928	0	-0.025132742	0	0.020229295	-0.9997278	-0.0008416928	1.960638e-20	-1
0	0.01577548	-0.99980885	-0.0008450631	0	-0.03769911	0	0.01577548	-0.99980885	-0.0008450631	1.4589014e-20	-1
0	0.012921318	-0.9998506	-0.0008446883	0	-0.050265484	0	0.012921318	-0.9998506	-0.0008446883	9.571349e-21	-1
0	0.01094326	-0.99987495	-0.0008423228	0	-0.06283186	0	0.01094326	-0.99987495	-0.0008423228	4.55353e-21	-1
0	0.010941157	-0.99987495	-0.0008423281	0	-0.06283186	0	0.010941157	-0.99987495	-0.0008423281	4.5535263e-21	1
0	0.012918366	-0.99985063	-0.00084469316	0	-0.050265484	0	0.012918366	-0.99985063	-0.00084469316	9.571351e-21	1
0	0.015767314	-0.99980897	-0.00084502273	0	-0.03769911	0	0.015767314	-0.99980897	-0.00084502273	1.4589015e-20	1
0	0.020223416	-0.99972785	-0.00084170786	0	-0.025132742	0	0.020223416	-0.99972785	-0.00084170786	1.9606381e-20	1
0	0.023549393	-0.99965465	-0.00083738856	0	-0.018849555	0	0.023549393	-0.99965465	-0.00083738856	2.2114868e-20	1
0	0.028185662	-0.9995342	-0.0008298927	0	-0.012566371	0	0.028185662	-0.9995342	-0.0008298927	2.4623112e-20	1
0	0.031247644	-0.9994429	-0.00082431827	0	-0.009424778	0	0.031247644	-0.9994429	-0.00082431827	2.58771e-20	1
0	0.03506417	-0.999316	-0.000816879	0	-0.0062831854	0	0.03506417	-0.999316	-0.000816879	2.7130952e-20	1
0	0.038860418	-0.9991753	-0.0008090776	0	-0.0037699111	0	0.038860418	-0.9991753	-0.0008090776	2.81339e-20	1
0	0.041077204	-0.99908644	-0.0008043805	0	-0.002513274	0	0.041077204	-0.99908644	-0.0008043805	2.8635313e-20	1
0	0.04227344	-0.99903643	-0.00080180273	0	-0.0018849556	0	0.04227344	-0.99903643	-0.00080180273	2.8886003e-20	1
0	0.04357875	-0.9989803	-0.0007989666	0	-0.001256637	0	0.04357875	-0.9989803	-0.0007989666	2.913668e-20	1
0	0.04357875	-0.9989803	-0.0007989666	0	-0.0010053096	0	0.04357875	-0.9989803	-0.0007989666	2.9236948e-20	1
0	0.0449244	-0.99892056	-0.0007960206	0	-0.0006283185	0	0.0449244	-0.99892056	-0.0007960206	2.938734e-20	1
0	0.045802794	-0.9988806	-0.0007940736	0	-0.0002513274	0	0.045802794	-0.9988806	-0.0007940736	2.9537734e-20	1
0	0.045802794	-0.9988806	-0.0007940736	0	-0.0001256637	0	0.045802794	-0.9988806	-0.0007940736	2.9587863e-20	1
0	0.045802794	-0.9988806	-0.0007940736	0	-6.283185e-05	0	0.045802794	-0.9988806	-0.0007940736	2.9612927e-20	1
0	0.045802794	-0.9988806	-0.0007940736	0	-2.5132742e-05	0	0.045802794	-0.9988806	-0.0007940736	2.9627965e-20	1
0	0.045802794	-0.9988806	-0.0007940736	0	-1.2566371e-05	0	0.045802794	-0.9988806	-0.0007940736	2.963298e-20	1
0	0.045802794	-0.9988806	-0.0007940736	0	-6.2831855e-06	0	0.045802794	-0.9988806	-0.0007940736	2.9635487e-20	1
0	0.045802794	-0.9988806	-0.0007940736	0	-2.513274e-06	0	0.045802794	-0.9988806	-0.0007940736	2.963699e-20	1
0	0.045802794	-0.9988806	-0.0007940736	0	-1.256637e-06	0	0.045802794	-0.9988806	-0.0007940736	2.963749e-20	1
0	0.045802794	-0.9988806	-0.0007940736	0	-6.283185e-07	0	0.045802794	-0.9988806	-0.0007940736	2.9637742e-20	1
0	0.045802794	-0.9988806	-0.0007940736	0	-2.513274e-07	0	0.045802794	-0.9988806	-0.0007940736	2.963789e-20	1
0	0.045802794	-0.9988806	-0.0007940736	0	-1.256637e-07	0	0.045802794	-0.9988806	-0.0007940736	2.9637943e-20	1
0	0.045802794	-0.9988806	-0.0007940736	0	0	0	0.045802794	-0.9988806	-0.0007940736	2.963799e-20	1
0	0.045802794	-0.9988806	-0.0007940736	0	1.256637e-07	0	0.045802794	-0.9988806	-0.0007940736	2.9638043e-20	1
0	0.045802794	-0.9988806	-0.0007940736	0	2.513274e-07	0	0.045802794	-0.9988806	-0.0007940736	2.963809e-20	1
0	0.045802794	-0.9988806	-0.0007940736	0	6.283185e-07	0	0.045802794	-0.9988806	-0.0007940736	2.9638243e-20	1
0	0.045802794	-0.9988806	-0.0007940736	0	1.256637e-06	0	0.045802794	-0.9988806	-0.0007940736	2.9638492e-20	1
0	0.045802794	-0.9988806	-0.0007940736	0	2.513274e-06	0	0.045802794	-0.9988806	-0.0007940736	2.9638996e-20	1
0	0.045802794	-0.9988806	-0.0007940736	0	6.2831855e-06	0	0.045802794	-0.9988806	-0.0007940736	2.96405e-20	1
0	0.045802794	-0.9988806	-0.0007940736	0	1.2566371e-05	0	0.045802794	-0.9988806	-0.0007940736	2.9643006e-20	1
0	0.045802794	-0.9988806	-0.0007940736	0	2.5132742e-05	0	0.045802794	-0.9988806	-0.0007940736	2.9648018e-20	1
0	0.045802794	-0.9988806	-0.0007940736	0	6.283185e-05	0	0.045802794	-0.9988806	-0.0007940736	2.9663055e-20	1
0	0.046677448	-0.9988401	-0.0007921357	0	0.0001256637	0	0.046677448	-0.9988401	-0.0007921357	2.9688116e-20	1
0	0.046677448	-0.9988401	-0.0007921357	0	0.0002513274	0	0.046677448	-0.9988401	-0.0007921357	2.9738245e-20	1
0	0.047933117	-0.9987806	-0.0007893327	0	0.0006283185	0	0.047933117	-0.9987806	-0.0007893327	2.9888617e-20	1
0	0.048875295	-0.99873483	-0.0007872145	0	0.0010053096	0	0.048875295	-0.99873483	-0.0007872145	3.0038983e-20	1
0	0.049570043	-0.9987005	-0.0007856411	0	0.001256637	0	0.049570043	-0.9987005	-0.0007856411	3.0139227e-20	1
0	0.051355295	-0.99861026	-0.0007815817	0	0.0018849556	0	0.051355295	-0.99861026	-0.0007815817	3.038981e-20	1
0	0.05323453	-0.9985117	-0.00077727943	0	0.002513274	0	0.05323453	-0.9985117	-0.00077727943	3.064038e-20	1
0	0.057497673	-0.99827504	-0.0007673856	0	0.0037699111	0	0.057497673	-0.99827504	-0.0007673856	3.1141424e-20	1
0	0.06849913	-0.9975799	-0.00074124266	0	0.0062831854	0	0.06849913	-0.9975799	-0.00074124266	3.2143075e-20	1
0	0.09034764	-0.99583733	-0.0006875342	0	0.009424778	0	0.09034764	-0.99583733	-0.0006875342	3.3393724e-20	1
0	0.13819431	-0.99032736	-0.0005657401	0	0.012566371	0	0.13819431	-0.99032736	-0.0005657401	3.4640495e-20	1
0	-0.023562668	0.9996543	0.0008373569	0	0.018849555	0	-0.023562668	0.9996543	0.0008373569	2.2114866e-20	1
0	-0.020228548	0.9997278	0.0008416934	0	0.025132742	0	-0.020228548	0.9997278	0.0008416934	1.960638e-20	1
0	-0.015772939	0.99980885	0.00084506907	0	0.03769911	0	-0.015772939	0.99980885	0.00084506907	1.458901e-20	1
0	-0.012919949	0.99985063	0.0008446906	0	0.050265484	0	-0.012919949	0.99985063	0.0008446906	9.571349e-21	1
0	-0.010941163	0.99987495	0.00084233104	0	0.06283186	0	-0.010941163	0.99987495	0.00084233104	4.5535307e-21	1
