# t (s)	mx ()	my ()	mz ()	B_extx (T)	B_exty (T)	B_extz (T)	mx ()	my ()	mz ()	E_total (J)	branch ()
0	-0.034380294	0.99934316	-0.00082291174	0	0.06283186	0	-0.034380294	0.99934316	-0.00082291174	4.6014797e-21	-1
0	-0.040745523	0.9991029	-0.00082228426	0	0.050265484	0	-0.040745523	0.9991029	-0.00082228426	9.6161346e-21	-1
0	-0.04994566	0.99868417	-0.00081808737	0	0.03769911	0	-0.04994566	0.99868417	-0.00081808737	1.4629195e-20	-1
0	-0.06435372	0.9978579	-0.00080699427	0	0.025132742	0	-0.06435372	0.9978579	-0.00080699427	1.963928e-20	-1
0	-0.075062886	0.99710864	-0.0007965765	0	0.018849555	0	-0.075062886	0.99710864	-0.0007965765	2.214229e-20	-1
0	-0.08985986	0.99588287	-0.00078019977	0	0.012566371	0	-0.08985986	0.99588287	-0.00078019977	2.4642882e-20	-1
0	-0.0995768	0.99495745	-0.0007685105	0	0.009424778	0	-0.0995768	0.99495745	-0.0007685105	2.5891795e-20	-1
0	-0.11155982	0.993684	-0.0007532918	0	0.0062831854	0	-0.11155982	0.993684	-0.0007532918	2.7139334e-20	-1
0	-0.1233384	0.99228966	-0.0007376112	0	0.0037699111	0	-0.1233384	0.99228966	-0.0007376112	2.8136028e-20	-1
0	-0.13018887	0.99141335	-0.00072820624	0	0.002513274	0	-0.13018887	0.99141335	-0.00072820624	2.8633797e-20	-1
0	-0.13388924	0.99092007	-0.000723046	0	0.0018849556	0	-0.13388924	0.99092007	-0.000723046	2.8882507e-20	-1
0	-0.13781132	0.9903817	-0.0007175207	0	0.001256637	0	-0.13781132	0.9903817	-0.0007175207	2.913108e-20	-1
0	-0.1394435	0.9901531	-0.00071520463	0	0.0010053096	0	-0.1394435	0.9901531	-0.00071520463	2.923048e-20	-1
0	-0.14196274	0.98979473	-0.0007116118	0	0.0006283185	0	-0.14196274	0.98979473	-0.0007116118	2.9379523e-20	-1
0	-0.14458129	0.98941535	-0.0007078572	0	0.0002513274	0	-0.14458129	0.98941535	-0.0007078572	2.9528516e-20	-1
0	-0.14458129	0.98941535	-0.0007078572	0	0.0001256637	0	-0.14458129	0.98941535	-0.0007078572	2.957817e-20	-1
0	-0.14458129	0.98941535	-0.0007078572	0	6.283185e-05	0	-0.14458129	0.98941535	-0.0007078572	2.9602998e-20	-1
0	-0.14458129	0.98941535	-0.0007078572	0	2.5132742e-05	0	-0.14458129	0.98941535	-0.0007078572	2.9617893e-20	-1
0	-0.14458129	0.98941535	-0.0007078572	0	1.2566371e-05	0	-0.14458129	0.98941535	-0.0007078572	2.962286e-20	-1
0	-0.14458129	0.98941535	-0.0007078572	0	6.2831855e-06	0	-0.14458129	0.98941535	-0.0007078572	2.962534e-20	-1
0	-0.14458129	0.98941535	-0.0007078572	0	2.513274e-06	0	-0.14458129	0.98941535	-0.0007078572	2.962683e-20	-1
0	-0.14458129	0.98941535	-0.0007078572	0	1.256637e-06	0	-0.14458129	0.98941535	-0.0007078572	2.9627328e-20	-1
0	-0.14458129	0.98941535	-0.0007078572	0	6.283185e-07	0	-0.14458129	0.98941535	-0.0007078572	2.9627574e-20	-1
0	-0.14458129	0.98941535	-0.0007078572	0	2.513274e-07	0	-0.14458129	0.98941535	-0.0007078572	2.9627726e-20	-1
0	-0.14458129	0.98941535	-0.0007078572	0	1.256637e-07	0	-0.14458129	0.98941535	-0.0007078572	2.9627774e-20	-1
0	-0.14458129	0.98941535	-0.0007078572	0	0	0	-0.14458129	0.98941535	-0.0007078572	2.9627823e-20	-1
0	-0.14458129	0.98941535	-0.0007078572	0	-1.256637e-07	0	-0.14458129	0.98941535	-0.0007078572	2.9627874e-20	-1
0	-0.14458129	0.98941535	-0.0007078572	0	-2.513274e-07	0	-0.14458129	0.98941535	-0.0007078572	2.9627923e-20	-1
0	-0.14458129	0.98941535	-0.0007078572	0	-6.283185e-07	0	-0.14458129	0.98941535	-0.0007078572	2.962807e-20	-1
0	-0.14458129	0.98941535	-0.0007078572	0	-1.256637e-06	0	-0.14458129	0.98941535	-0.0007078572	2.962832e-20	-1
0	-0.14458129	0.98941535	-0.0007078572	0	-2.513274e-06	0	-0.14458129	0.98941535	-0.0007078572	2.9628818e-20	-1
0	-0.14458129	0.98941535	-0.0007078572	0	-6.2831855e-06	0	-0.14458129	0.98941535	-0.0007078572	2.9630307e-20	-1
0	-0.14458129	0.98941535	-0.0007078572	0	-1.2566371e-05	0	-0.14458129	0.98941535	-0.0007078572	2.963279e-20	-1
0	-0.14458129	0.98941535	-0.0007078572	0	-2.5132742e-05	0	-0.14458129	0.98941535	-0.0007078572	2.9637755e-20	-1
0	-0.1468269	0.9890843	-0.00070460804	0	-6.283185e-05	0	-0.1468269	0.9890843	-0.00070460804	2.9652625e-20	-1
0	-0.1468269	0.9890843	-0.00070460804	0	-0.0001256637	0	-0.1468269	0.9890843	-0.00070460804	2.9677444e-20	-1
0	-0.1468269	0.9890843	-0.00070460804	0	-0.0002513274	0	-0.1468269	0.9890843	-0.00070460804	2.972708e-20	-1
0	-0.15106145	0.988446	-0.0006983976	0	-0.0006283185	0	-0.15106145	0.988446	-0.0006983976	2.987593e-20	-1
0	-0.15402634	0.9879879	-0.0006940997	0	-0.0010053096	0	-0.15402634	0.9879879	-0.0006940997	3.0024705e-20	-1
0	-0.15402634	0.9879879	-0.0006940997	0	-0.001256637	0	-0.15402634	0.9879879	-0.0006940997	3.012387e-20	-1
0	-0.16141674	0.9868065	-0.0006831478	0	-0.0018849556	0	-0.16141674	0.9868065	-0.0006831478	3.0371578e-20	-1
0	-0.16716553	0.9858482	-0.0006745173	0	-0.002513274	0	-0.16716553	0.9858482	-0.0006745173	3.061907e-20	-1
0	-0.18004322	0.98357606	-0.0006548768	0	-0.0037699111	0	-0.18004322	0.98357606	-0.0006548768	3.111327e-20	-1
0	-0.21388912	0.9767697	-0.0006015172	0	-0.0062831854	0	-0.21388912	0.9767697	-0.0006015172	3.20974e-20	-1
0	-0.29856282	0.95428413	-0.00046178952	0	-0.009424778	0	-0.29856282	0.95428413	-0.00046178952	3.33122e-20	-1
0	0.958221	-0.28568387	0.00054484315	0	-0.012566371	0	0.958221	-0.28568387	0.00054484315	2.7187614e-20	-1
0	0.075060174	-0.9971088	0.00079658	0	-0.018849555	0	0.075060174	-0.9971088	0.00079658	2.2142289e-20	-1
0	0.06435646	-0.9978578	0.0008069914	0	-0.025132742	0	0.06435646	-0.9978578	0.0008069914	1.9639284e-20	-1
0	0.04994922	-0.99868405	0.00081808027	0	-0.03769911	0	0.04994922	-0.99868405	0.00081808027	1.4629195e-20	-1
0	0.04074963	-0.9991028	0.00082227145	0	-0.050265484	0	0.04074963	-0.9991028	0.00082227145	9.616136e-21	-1
0	0.034383323	-0.99934304	0.0008229072	0	-0.06283186	0	0.034383323	-0.99934304	0.0008229072	4.6014793e-21	-1
0	0.034383323	-0.99934304	0.0008229072	0	-0.06283186	0	0.034383323	-0.99934304	0.0008229072	4.6014793e-21	1
0	0.04074574	-0.99910295	0.00082227064	0	-0.050265484	0	0.04074574	-0.99910295	0.00082227064	9.616136e-21	1
0	0.049941495	-0.9986844	0.0008180889	0	-0.03769911	0	0.049941495	-0.9986844	0.0008180889	1.4629193e-20	1
0	0.06434915	-0.9978583	0.000807001	0	-0.025132742	0	0.06434915	-0.9978583	0.000807001	1.9639276e-20	1
0	0.075060695	-0.9971088	0.0007965777	0	-0.018849555	0	0.075060695	-0.9971088	0.0007965777	2.2142287e-20	1
0	0.08986404	-0.9958825	0.0007801931	0	-0.012566371	0	0.08986404	-0.9958825	0.0007801931	2.4642883e-20	1
0	0.0995895	-0.99495614	0.00076849246	0	-0.009424778	0	0.0995895	-0.99495614	0.00076849246	2.5891792e-20	1
0	0.11156075	-0.99368393	0.0007532756	0	-0.0062831854	0	0.11156075	-0.99368393	0.0007532756	2.7139334e-20	1
0	0.123328194	-0.99229085	0.0007376271	0	-0.0037699111	0	0.123328194	-0.99229085	0.0007376271	2.8136028e-20	1
0	0.13017738	-0.9914149	0.0007282231	0	-0.002513274	0	0.13017738	-0.9914149	0.0007282231	2.86338e-20	1
0	0.13389271	-0.9909196	0.0007230424	0	-0.0018849556	0	0.13389271	-0.9909196	0.0007230424	2.8882507e-20	1
0	0.13781494	-0.99038124	0.0007175158	0	-0.001256637	0	0.13781494	-0.99038124	0.0007175158	2.913108e-20	1
0	0.13781494	-0.99038124	0.0007175158	0	-0.0010053096	0	0.13781494	-0.99038124	0.0007175158	2.9230485e-20	1
0	0.14196573	-0.9897943	0.00071160635	0	-0.0006283185	0	0.14196573	-0.9897943	0.00071160635	2.9379523e-20	1
0	0.14456612	-0.98941755	0.00070787384	0	-0.0002513274	0	0.14456612	-0.98941755	0.00070787384	2.9528516e-20	1
0	0.14456612	-0.98941755	0.00070787384	0	-0.0001256637	0	0.14456612	-0.98941755	0.00070787384	2.957817e-20	1
0	0.14456612	-0.98941755	0.00070787384	0	-6.283185e-05	0	0.14456612	-0.98941755	0.00070787384	2.9602998e-20	1
0	0.14456612	-0.98941755	0.00070787384	0	-2.5132742e-05	0	0.14456612	-0.98941755	0.00070787384	2.9617893e-20	1
0	0.14456612	-0.98941755	0.00070787384	0	-1.2566371e-05	0	0.14456612	-0.98941755	0.00070787384	2.962286e-20	1
0	0.14456612	-0.98941755	0.00070787384	0	-6.2831855e-06	0	0.14456612	-0.98941755	0.00070787384	2.962534e-20	1
0	0.14456612	-0.98941755	0.00070787384	0	-2.513274e-06	0	0.14456612	-0.98941755	0.00070787384	2.962683e-20	1
0	0.14456612	-0.98941755	0.00070787384	0	-1.256637e-06	0	0.14456612	-0.98941755	0.00070787384	2.9627328e-20	1
0	0.14456612	-0.98941755	0.00070787384	0	-6.283185e-07	0	0.14456612	-0.98941755	0.00070787384	2.9627577e-20	1
0	0.14456612	-0.98941755	0.00070787384	0	-2.513274e-07	0	0.14456612	-0.98941755	0.00070787384	2.9627726e-20	1
0	0.14456612	-0.98941755	0.00070787384	0	-1.256637e-07	0	0.14456612	-0.98941755	0.00070787384	2.9627774e-20	1
0	0.14456612	-0.98941755	0.00070787384	0	0	0	0.14456612	-0.98941755	0.00070787384	2.9627823e-20	1
0	0.14456612	-0.98941755	0.00070787384	0	1.256637e-07	0	0.14456612	-0.98941755	0.00070787384	2.9627874e-20	1
0	0.14456612	-0.98941755	0.00070787384	0	2.513274e-07	0	0.14456612	-0.98941755	0.00070787384	2.9627923e-20	1
0	0.14456612	-0.98941755	0.00070787384	0	6.283185e-07	0	0.14456612	-0.98941755	0.00070787384	2.962807e-20	1
0	0.14456612	-0.98941755	0.00070787384	0	1.256637e-06	0	0.14456612	-0.98941755	0.00070787384	2.962832e-20	1
0	0.14456612	-0.98941755	0.00070787384	0	2.513274e-06	0	0.14456612	-0.98941755	0.00070787384	2.9628818e-20	1
0	0.14456612	-0.98941755	0.00070787384	0	6.2831855e-06	0	0.14456612	-0.98941755	0.00070787384	2.9630307e-20	1
0	0.14456612	-0.98941755	0.00070787384	0	1.2566371e-05	0	0.14456612	-0.98941755	0.00070787384	2.963279e-20	1
0	0.14456612	-0.98941755	0.00070787384	0	2.5132742e-05	0	0.14456612	-0.98941755	0.00070787384	2.9637755e-20	1
0	0.14684048	-0.98908234	0.00070458686	0	6.283185e-05	0	0.14684048	-0.98908234	0.00070458686	2.965263e-20	1
0	0.14684048	-0.98908234	0.00070458686	0	0.0001256637	0	0.14684048	-0.98908234	0.00070458686	2.9677447e-20	1
0	0.14684048	-0.98908234	0.00070458686	0	0.0002513274	0	0.14684048	-0.98908234	0.00070458686	2.9727084e-20	1
0	0.15104857	-0.9884479	0.00069846795	0	0.0006283185	0	0.15104857	-0.9884479	0.00069846795	2.987593e-20	1
0	0.15401204	-0.98799014	0.0006941225	0	0.0010053096	0	0.15401204	-0.98799014	0.0006941225	3.0024708e-20	1
0	0.15401204	-0.98799014	0.0006941225	0	0.001256637	0	0.15401204	-0.98799014	0.0006941225	3.0123873e-20	1
0	0.16141543	-0.98680675	0.00068315025	0	0.0018849556	0	0.16141543	-0.98680675	0.00068315025	3.037158e-20	1
0	0.16716427	-0.9858484	0.00067452097	0	0.002513274	0	0.16716427	-0.9858484	0.00067452097	3.0619076e-20	1
0	0.18002886	-0.98357874	0.00065489986	0	0.0037699111	0	0.18002886	-0.98357874	0.00065489986	3.1113274e-20	1
0	0.21389759	-0.9767679	0.00060150557	0	0.0062831854	0	0.21389759	-0.9767679	0.00060150557	3.2097396e-20	1
0	0.29858768	-0.9542763	0.0004617481	0	0.009424778	0	0.29858768	-0.9542763	0.0004617481	3.33122e-20	1
0	-0.9582064	0.28573284	-0.000544768	0	0.012566371	0	-0.9582064	0.28573284	-0.000544768	2.7187614e-20	1
0	-0.07507709	0.99710757	-0.0007965581	0	0.018849555	0	-0.07507709	0.99710757	-0.0007965581	2.2142287e-20	1
0	-0.06435759	0.9978577	-0.00080699153	0	0.025132742	0	-0.06435759	0.9978577	-0.00080699153	1.9639279e-20	1
0	-0.049950853	0.9986839	-0.0008180721	0	0.03769911	0	-0.049950853	0.9986839	-0.0008180721	1.4629195e-20	1
0	-0.040748626	0.9991028	-0.00082227186	0	0.050265484	0	-0.040748626	0.9991028	-0.00082227186	9.616136e-21	1
0	-0.034382693	0.99934304	-0.0008229048	0	0.06283186	0	-0.034382693	0.99934304	-0.0008229048	4.6014757e-21	1
