# t (s)	mx ()	my ()	mz ()	B_extx (T)	B_exty (T)	B_extz (T)	mx ()	my ()	mz ()	E_total (J)	branch ()
0	0.99806887	0.061036155	-0.001806967	0.06283186	0	0	0.99806887	0.061036155	-0.001806967	2.3942367e-21	-1
0	0.99751425	0.06949714	-0.0018278605	0.050265484	0	0	0.99751425	0.06949714	-0.0018278605	7.401749e-21	-1
0	0.9966762	0.080611534	-0.0018500964	0.03769911	0	0	0.9966762	0.080611534	-0.0018500964	1.2405828e-20	-1
0	0.9953274	0.09582033	-0.0018734519	0.025132742	0	0	0.9953274	0.09582033	-0.0018734519	1.7404555e-20	-1
0	0.99432325	0.10572268	-0.0018852268	0.018849555	0	0	0.99432325	0.10572268	-0.0018852268	1.9900888e-20	-1
0	0.9929594	0.11783297	-0.0018965838	0.012566371	0	0	0.9929594	0.11783297	-0.0018965838	2.2394267e-20	-1
0	0.9920864	0.1249636	-0.0019018697	0.009424778	0	0	0.9920864	0.1249636	-0.0019018697	2.3639531e-20	-1
0	0.99104357	0.13297427	-0.0019066781	0.0062831854	0	0	0.99104357	0.13297427	-0.0019066781	2.4883595e-20	-1
0	0.9900546	0.14014155	-0.0019100208	0.0037699111	0	0	0.9900546	0.14014155	-0.0019100208	2.587782e-20	-1
0	0.9894978	0.14401716	-0.0019114607	0.002513274	0	0	0.9894978	0.14401716	-0.0019114607	2.6374542e-20	-1
0	0.9892009	0.14604025	-0.0019121128	0.0018849556	0	0	0.9892009	0.14604025	-0.0019121128	2.6622797e-20	-1
0	0.98889333	0.14810693	-0.001912711	0.001256637	0	0	0.98889333	0.14810693	-0.001912711	2.6870974e-20	-1
0	0.98889333	0.14810693	-0.001912711	0.0010053096	0	0	0.98889333	0.14810693	-0.001912711	2.697023e-20	-1
0	0.98857087	0.15024239	-0.001913283	0.0006283185	0	0	0.98857087	0.15024239	-0.001913283	2.7119074e-20	-1
0	0.9883714	0.15154812	-0.0019135682	0.0002513274	0	0	0.9883714	0.15154812	-0.0019135682	2.726789e-20	-1
0	0.9883714	0.15154812	-0.0019135682	0.0001256637	0	0	0.9883714	0.15154812	-0.0019135682	2.731749e-20	-1
0	0.9883714	0.15154812	-0.0019135682	6.283185e-05	0	0	0.9883714	0.15154812	-0.0019135682	2.7342294e-20	-1
0	0.9883714	0.15154812	-0.0019135682	2.5132742e-05	0	0	0.9883714	0.15154812	-0.0019135682	2.7357173e-20	-1
0	0.9883714	0.15154812	-0.0019135682	1.2566371e-05	0	0	0.9883714	0.15154812	-0.0019135682	2.7362133e-20	-1
0	0.9883714	0.15154812	-0.0019135682	6.2831855e-06	0	0	0.9883714	0.15154812	-0.0019135682	2.7364615e-20	-1
0	0.9883714	0.15154812	-0.0019135682	2.513274e-06	0	0	0.9883714	0.15154812	-0.0019135682	2.73661e-20	-1
0	0.9883714	0.15154812	-0.0019135682	1.256637e-06	0	0	0.9883714	0.15154812	-0.0019135682	2.73666e-20	-1
0	0.9883714	0.15154812	-0.0019135682	6.283185e-07	0	0	0.9883714	0.15154812	-0.0019135682	2.7366844e-20	-1
0	0.9883714	0.15154812	-0.0019135682	2.513274e-07	0	0	0.9883714	0.15154812	-0.0019135682	2.7366993e-20	-1
0	0.9883714	0.15154812	-0.0019135682	1.256637e-07	0	0	0.9883714	0.15154812	-0.0019135682	2.7367044e-20	-1
0	0.9883714	0.15154812	-0.0019135682	0	0	0	0.9883714	0.15154812	-0.0019135682	2.7367093e-20	-1
0	0.9883714	0.15154812	-0.0019135682	-1.256637e-07	0	0	0.9883714	0.15154812	-0.0019135682	2.736714e-20	-1
0	0.9883714	0.15154812	-0.0019135682	-2.513274e-07	0	0	0.9883714	0.15154812	-0.0019135682	2.7367193e-20	-1
0	0.9883714	0.15154812	-0.0019135682	-6.283185e-07	0	0	0.9883714	0.15154812	-0.0019135682	2.7367342e-20	-1
0	0.9883714	0.15154812	-0.0019135682	-1.256637e-06	0	0	0.9883714	0.15154812	-0.0019135682	2.736759e-20	-1
0	0.9883714	0.15154812	-0.0019135682	-2.513274e-06	0	0	0.9883714	0.15154812	-0.0019135682	2.7368085e-20	-1
0	0.9883714	0.15154812	-0.0019135682	-6.2831855e-06	0	0	0.9883714	0.15154812	-0.0019135682	2.7369574e-20	-1
0	0.9883714	0.15154812	-0.0019135682	-1.2566371e-05	0	0	0.9883714	0.15154812	-0.0019135682	2.7372053e-20	-1
0	0.9883714	0.15154812	-0.0019135682	-2.5132742e-05	0	0	0.9883714	0.15154812	-0.0019135682	2.7377013e-20	-1
0	0.9882004	0.15265763	-0.0019137929	-6.283185e-05	0	0	0.9882004	0.15265763	-0.0019137929	2.7391882e-20	-1
0	0.9882004	0.15265763	-0.0019137929	-0.0001256637	0	0	0.9882004	0.15265763	-0.0019137929	2.741668e-20	-1
0	0.9882004	0.15265763	-0.0019137929	-0.0002513274	0	0	0.9882004	0.15265763	-0.0019137929	2.7466274e-20	-1
0	0.9878838	0.15469189	-0.0019141585	-0.0006283185	0	0	0.9878838	0.15469189	-0.0019141585	2.7615018e-20	-1
0	0.987666	0.15607513	-0.0019143885	-0.0010053096	0	0	0.987666	0.15607513	-0.0019143885	2.7763732e-20	-1
0	0.987666	0.15607513	-0.0019143885	-0.001256637	0	0	0.987666	0.15607513	-0.0019143885	2.7862865e-20	-1
0	0.98713315	0.15940753	-0.0019147929	-0.0018849556	0	0	0.98713315	0.15940753	-0.0019147929	2.81106e-20	-1
0	0.9867315	0.1618731	-0.0019149836	-0.002513274	0	0	0.9867315	0.1618731	-0.0019149836	2.835825e-20	-1
0	0.9858683	0.16704619	-0.0019150812	-0.0037699111	0	0	0.9858683	0.16704619	-0.0019150812	2.8853226e-20	-1
0	0.98386765	0.17844331	-0.0019138977	-0.0062831854	0	0	0.98386765	0.17844331	-0.0019138977	2.9841772e-20	-1
0	0.9806913	0.19513363	-0.0019087936	-0.009424778	0	0	0.9806913	0.19513363	-0.0019087936	3.1074255e-20	-1
0	0.9764251	0.21545377	-0.001897367	-0.012566371	0	0	0.9764251	0.21545377	-0.001897367	3.230212e-20	-1
0	0.9612627	0.27528077	-0.0018321269	-0.018849555	0	0	0.9612627	0.27528077	-0.0018321269	3.473587e-20	-1
0	-0.9953269	-0.095825866	0.0018734543	-0.025132742	0	0	-0.9953269	-0.095825866	0.0018734543	1.7404557e-20	-1
0	-0.99667597	-0.08061429	0.0018500707	-0.03769911	0	0	-0.99667597	-0.08061429	0.0018500707	1.24058335e-20	-1
0	-0.9975138	-0.06950414	0.0018278665	-0.050265484	0	0	-0.9975138	-0.06950414	0.0018278665	7.401745e-21	-1
0	-0.9980687	-0.06103883	0.0018069686	-0.06283186	0	0	-0.9980687	-0.06103883	0.0018069686	2.3942351e-21	-1
0	-0.9980687	-0.06103883	0.0018069686	-0.06283186	0	0	-0.9980687	-0.06103883	0.0018069686	2.3942351e-21	1
0	-0.99751425	-0.0694976	0.0018278772	-0.050265484	0	0	-0.99751425	-0.0694976	0.0018278772	7.401746e-21	1
0	-0.99667645	-0.08060968	0.0018500977	-0.03769911	0	0	-0.99667645	-0.08060968	0.0018500977	1.2405832e-20	1
0	-0.99532723	-0.09582177	0.0018734524	-0.025132742	0	0	-0.99532723	-0.09582177	0.0018734524	1.7404555e-20	1
0	-0.99432325	-0.105722435	0.0018852266	-0.018849555	0	0	-0.99432325	-0.105722435	0.0018852266	1.9900886e-20	1
0	-0.99295855	-0.11784083	0.001896586	-0.012566371	0	0	-0.99295855	-0.11784083	0.001896586	2.2394269e-20	1
0	-0.99208724	-0.12495717	0.0019018684	-0.009424778	0	0	-0.99208724	-0.12495717	0.0019018684	2.3639531e-20	1
0	-0.9910433	-0.13297583	0.0019066782	-0.0062831854	0	0	-0.9910433	-0.13297583	0.0019066782	2.4883593e-20	1
0	-0.99005413	-0.14014429	0.0019100187	-0.0037699111	0	0	-0.99005413	-0.14014429	0.0019100187	2.587782e-20	1
0	-0.9894979	-0.14401603	0.0019114803	-0.002513274	0	0	-0.9894979	-0.14401603	0.0019114803	2.6374546e-20	1
0	-0.98920214	-0.14603159	0.0019121136	-0.0018849556	0	0	-0.98920214	-0.14603159	0.0019121136	2.6622795e-20	1
0	-0.98889107	-0.1481221	0.0019127137	-0.001256637	0	0	-0.98889107	-0.1481221	0.0019127137	2.687097e-20	1
0	-0.98876643	-0.14895105	0.0019129406	-0.0010053096	0	0	-0.98876643	-0.14895105	0.0019129406	2.6970222e-20	1
0	-0.98857117	-0.15024008	0.0019132665	-0.0006283185	0	0	-0.98857117	-0.15024008	0.0019132665	2.711907e-20	1
0	-0.9883714	-0.15154804	0.0019135489	-0.0002513274	0	0	-0.9883714	-0.15154804	0.0019135489	2.7267893e-20	1
0	-0.9883714	-0.15154804	0.0019135489	-0.0001256637	0	0	-0.9883714	-0.15154804	0.0019135489	2.7317494e-20	1
0	-0.9883714	-0.15154804	0.0019135489	-6.283185e-05	0	0	-0.9883714	-0.15154804	0.0019135489	2.7342297e-20	1
0	-0.9883714	-0.15154804	0.0019135489	-2.5132742e-05	0	0	-0.9883714	-0.15154804	0.0019135489	2.7357176e-20	1
0	-0.9883714	-0.15154804	0.0019135489	-1.2566371e-05	0	0	-0.9883714	-0.15154804	0.0019135489	2.7362136e-20	1
0	-0.9883714	-0.15154804	0.0019135489	-6.2831855e-06	0	0	-0.9883714	-0.15154804	0.0019135489	2.7364618e-20	1
0	-0.9883714	-0.15154804	0.0019135489	-2.513274e-06	0	0	-0.9883714	-0.15154804	0.0019135489	2.7366104e-20	1
0	-0.9883714	-0.15154804	0.0019135489	-1.256637e-06	0	0	-0.9883714	-0.15154804	0.0019135489	2.7366602e-20	1
0	-0.9883714	-0.15154804	0.0019135489	-6.283185e-07	0	0	-0.9883714	-0.15154804	0.0019135489	2.736685e-20	1
0	-0.9883714	-0.15154804	0.0019135489	-2.513274e-07	0	0	-0.9883714	-0.15154804	0.0019135489	2.7367e-20	1
0	-0.9883714	-0.15154804	0.0019135489	-1.256637e-07	0	0	-0.9883714	-0.15154804	0.0019135489	2.7367048e-20	1
0	-0.9883714	-0.15154804	0.0019135489	0	0	0	-0.9883714	-0.15154804	0.0019135489	2.7367096e-20	1
0	-0.9883714	-0.15154804	0.0019135489	1.256637e-07	0	0	-0.9883714	-0.15154804	0.0019135489	2.7367148e-20	1
0	-0.9883714	-0.15154804	0.0019135489	2.513274e-07	0	0	-0.9883714	-0.15154804	0.0019135489	2.7367196e-20	1
0	-0.9883714	-0.15154804	0.0019135489	6.283185e-07	0	0	-0.9883714	-0.15154804	0.0019135489	2.7367345e-20	1
0	-0.9883714	-0.15154804	0.0019135489	1.256637e-06	0	0	-0.9883714	-0.15154804	0.0019135489	2.7367594e-20	1
0	-0.9883714	-0.15154804	0.0019135489	2.513274e-06	0	0	-0.9883714	-0.15154804	0.0019135489	2.7368088e-20	1
0	-0.9883714	-0.15154804	0.0019135489	6.2831855e-06	0	0	-0.9883714	-0.15154804	0.0019135489	2.7369578e-20	1
0	-0.9883714	-0.15154804	0.0019135489	1.2566371e-05	0	0	-0.9883714	-0.15154804	0.0019135489	2.7372056e-20	1
0	-0.9883714	-0.15154804	0.0019135489	2.5132742e-05	0	0	-0.9883714	-0.15154804	0.0019135489	2.7377016e-20	1
0	-0.98820066	-0.152656	0.0019137929	6.283185e-05	0	0	-0.98820066	-0.152656	0.0019137929	2.7391882e-20	1
0	-0.98820066	-0.152656	0.0019137929	0.0001256637	0	0	-0.98820066	-0.152656	0.0019137929	2.741668e-20	1
0	-0.9880965	-0.15332872	0.0019139245	0.0002513274	0	0	-0.9880965	-0.15332872	0.0019139245	2.746627e-20	1
0	-0.9878838	-0.15469193	0.0019141689	0.0006283185	0	0	-0.9878838	-0.15469193	0.0019141689	2.7615014e-20	1
0	-0.98766696	-0.15606925	0.0019143893	0.0010053096	0	0	-0.98766696	-0.15606925	0.0019143893	2.776373e-20	1
0	-0.98766696	-0.15606925	0.0019143893	0.001256637	0	0	-0.98766696	-0.15606925	0.0019143893	2.786286e-20	1
0	-0.98713267	-0.15941072	0.0019147926	0.0018849556	0	0	-0.98713267	-0.15941072	0.0019147926	2.8110596e-20	1
0	-0.9867303	-0.16188073	0.0019149813	0.002513274	0	0	-0.9867303	-0.16188073	0.0019149813	2.8358246e-20	1
0	-0.9858673	-0.16705176	0.0019150786	0.0037699111	0	0	-0.9858673	-0.16705176	0.0019150786	2.8853226e-20	1
0	-0.9838662	-0.17845094	0.0019138928	0.0062831854	0	0	-0.9838662	-0.17845094	0.0019138928	2.9841772e-20	1
0	-0.9806907	-0.19513667	0.0019087915	0.009424778	0	0	-0.9806907	-0.19513667	0.0019087915	3.1074255e-20	1
0	-0.9764261	-0.21544921	0.0018973701	0.012566371	0	0	-0.9764261	-0.21544921	0.0018973701	3.230212e-20	1
0	-0.9612577	-0.27529848	0.0018320862	0.018849555	0	0	-0.9612577	-0.27529848	0.0018320862	3.4735867e-20	1
0	0.9953269	0.09582567	-0.0018734545	0.025132742	0	0	0.9953269	0.09582567	-0.0018734545	1.7404554e-20	1
0	0.99667585	0.08061542	-0.0018500974	0.03769911	0	0	0.99667585	0.08061542	-0.0018500974	1.2405829e-20	1
0	0.9975142	0.06949835	-0.001827861	0.050265484	0	0	0.9975142	0.06949835	-0.001827861	7.401744e-21	1
0	0.9980686	0.061040614	-0.0018069701	0.06283186	0	0	0.9980686	0.061040614	-0.0018069701	2.3942365e-21	1
