# t (s)	mx ()	my ()	mz ()	B_extx (T)	B_exty (T)	B_extz (T)	mx ()	my ()	mz ()	E_total (J)	branch ()
0	-0.044896662	0.9989252	0.001182735	0	0.06283186	0	-0.044896662	0.9989252	0.001182735	4.625584e-21	-1
0	-0.053351022	0.9985082	0.0012049747	0	0.050265484	0	-0.053351022	0.9985082	0.0012049747	9.637739e-21	-1
0	-0.065594345	0.99777746	0.0012329505	0	0.03769911	0	-0.065594345	0.99777746	0.0012329505	1.4647108e-20	-1
0	-0.08475262	0.9963311	0.0012708528	0	0.025132742	0	-0.08475262	0.9963311	0.0012708528	1.9651283e-20	-1
0	-0.09894204	0.99502075	0.0012960108	0	0.018849555	0	-0.09894204	0.99502075	0.0012960108	2.2149806e-20	-1
0	-0.1184178	0.9928893	0.0013277566	0	0.012566371	0	-0.1184178	0.9928893	0.0013277566	2.4644118e-20	-1
0	-0.13110867	0.9912919	0.00134701	0	0.009424778	0	-0.13110867	0.9912919	0.00134701	2.5888873e-20	-1
0	-0.1466052	0.989117	0.0013691767	0	0.0062831854	0	-0.1466052	0.989117	0.0013691767	2.7131282e-20	-1
0	-0.1617587	0.9867501	0.0013895065	0	0.0037699111	0	-0.1617587	0.9867501	0.0013895065	2.8122923e-20	-1
0	-0.17050561	0.98527527	0.0014006586	0	0.002513274	0	-0.17050561	0.98527527	0.0014006586	2.8617764e-20	-1
0	-0.1752062	0.9844495	0.0014064771	0	0.0018849556	0	-0.1752062	0.9844495	0.0014064771	2.886489e-20	-1
0	-0.18020694	0.9835458	0.0014125316	0	0.001256637	0	-0.18020694	0.9835458	0.0014125316	2.9111798e-20	-1
0	-0.18020694	0.9835458	0.0014125316	0	0.0010053096	0	-0.18020694	0.9835458	0.0014125316	2.9210517e-20	-1
0	-0.18547349	0.9825654	0.0014187599	0	0.0006283185	0	-0.18547349	0.9825654	0.0014187599	2.9358472e-20	-1
0	-0.18878123	0.9819348	0.001422594	0	0.0002513274	0	-0.18878123	0.9819348	0.001422594	2.950636e-20	-1
0	-0.18878123	0.9819348	0.001422594	0	0.0001256637	0	-0.18878123	0.9819348	0.001422594	2.9555638e-20	-1
0	-0.18878123	0.9819348	0.001422594	0	6.283185e-05	0	-0.18878123	0.9819348	0.001422594	2.9580276e-20	-1
0	-0.18878123	0.9819348	0.001422594	0	2.5132742e-05	0	-0.18878123	0.9819348	0.001422594	2.959506e-20	-1
0	-0.18878123	0.9819348	0.001422594	0	1.2566371e-05	0	-0.18878123	0.9819348	0.001422594	2.959999e-20	-1
0	-0.18878123	0.9819348	0.001422594	0	6.2831855e-06	0	-0.18878123	0.9819348	0.001422594	2.960245e-20	-1
0	-0.18878123	0.9819348	0.001422594	0	2.513274e-06	0	-0.18878123	0.9819348	0.001422594	2.960393e-20	-1
0	-0.18878123	0.9819348	0.001422594	0	1.256637e-06	0	-0.18878123	0.9819348	0.001422594	2.9604423e-20	-1
0	-0.18878123	0.9819348	0.001422594	0	6.283185e-07	0	-0.18878123	0.9819348	0.001422594	2.9604668e-20	-1
0	-0.18878123	0.9819348	0.001422594	0	2.513274e-07	0	-0.18878123	0.9819348	0.001422594	2.9604817e-20	-1
0	-0.18878123	0.9819348	0.001422594	0	1.256637e-07	0	-0.18878123	0.9819348	0.001422594	2.9604865e-20	-1
0	-0.18878123	0.9819348	0.001422594	0	0	0	-0.18878123	0.9819348	0.001422594	2.9604917e-20	-1
0	-0.18878123	0.9819348	0.001422594	0	-1.256637e-07	0	-0.18878123	0.9819348	0.001422594	2.9604965e-20	-1
0	-0.18878123	0.9819348	0.001422594	0	-2.513274e-07	0	-0.18878123	0.9819348	0.001422594	2.9605014e-20	-1
0	-0.18878123	0.9819348	0.001422594	0	-6.283185e-07	0	-0.18878123	0.9819348	0.001422594	2.9605162e-20	-1
0	-0.18878123	0.9819348	0.001422594	0	-1.256637e-06	0	-0.18878123	0.9819348	0.001422594	2.9605408e-20	-1
0	-0.18878123	0.9819348	0.001422594	0	-2.513274e-06	0	-0.18878123	0.9819348	0.001422594	2.9605902e-20	-1
0	-0.18878123	0.9819348	0.001422594	0	-6.2831855e-06	0	-0.18878123	0.9819348	0.001422594	2.960738e-20	-1
0	-0.18878123	0.9819348	0.001422594	0	-1.2566371e-05	0	-0.18878123	0.9819348	0.001422594	2.9609844e-20	-1
0	-0.18878123	0.9819348	0.001422594	0	-2.5132742e-05	0	-0.18878123	0.9819348	0.001422594	2.9614772e-20	-1
0	-0.18878123	0.9819348	0.001422594	0	-6.283185e-05	0	-0.18878123	0.9819348	0.001422594	2.9629555e-20	-1
0	-0.19222173	0.9812666	0.0014265156	0	-0.0001256637	0	-0.19222173	0.9812666	0.0014265156	2.965414e-20	-1
0	-0.19222173	0.9812666	0.0014265156	0	-0.0002513274	0	-0.19222173	0.9812666	0.0014265156	2.9703387e-20	-1
0	-0.1969822	0.98032135	0.0014318392	0	-0.0006283185	0	-0.1969822	0.98032135	0.0014318392	2.985103e-20	-1
0	-0.20071822	0.97956264	0.001435927	0	-0.0010053096	0	-0.20071822	0.97956264	0.001435927	2.9998564e-20	-1
0	-0.20071822	0.97956264	0.001435927	0	-0.001256637	0	-0.20071822	0.97956264	0.001435927	3.0096883e-20	-1
0	-0.2100451	0.9776037	0.001445795	0	-0.0018849556	0	-0.2100451	0.9776037	0.001445795	3.0342342e-20	-1
0	-0.21726301	0.9760238	0.0014530967	0	-0.002513274	0	-0.21726301	0.9760238	0.0014530967	3.0587456e-20	-1
0	-0.23351106	0.9722618	0.0014684426	0	-0.0037699111	0	-0.23351106	0.9722618	0.0014684426	3.107636e-20	-1
0	-0.27677065	0.9608345	0.0015017044	0	-0.0062831854	0	-0.27677065	0.9608345	0.0015017044	3.2047064e-20	-1
0	0.13110799	-0.991292	-0.0013470501	0	-0.009424778	0	0.13110799	-0.991292	-0.0013470501	2.5888874e-20	-1
0	0.11844896	-0.9928855	-0.0013277985	0	-0.012566371	0	0.11844896	-0.9928855	-0.0013277985	2.4644118e-20	-1
0	0.098957576	-0.9950192	-0.0012960411	0	-0.018849555	0	0.098957576	-0.9950192	-0.0012960411	2.214981e-20	-1
0	0.08475821	-0.9963306	-0.0012708601	0	-0.025132742	0	0.08475821	-0.9963306	-0.0012708601	1.9651281e-20	-1
0	0.065597646	-0.9977772	-0.0012329593	0	-0.03769911	0	0.065597646	-0.9977772	-0.0012329593	1.464711e-20	-1
0	0.053358115	-0.99850786	-0.001204986	0	-0.050265484	0	0.053358115	-0.99850786	-0.001204986	9.637737e-21	-1
0	0.04489771	-0.9989251	-0.0011827416	0	-0.06283186	0	0.04489771	-0.9989251	-0.0011827416	4.6255782e-21	-1
0	0.04489771	-0.9989251	-0.0011827416	0	-0.06283186	0	0.04489771	-0.9989251	-0.0011827416	4.6255782e-21	1
0	0.053349376	-0.99850833	-0.0012049719	0	-0.050265484	0	0.053349376	-0.99850833	-0.0012049719	9.6377414e-21	1
0	0.06559549	-0.99777734	-0.001232953	0	-0.03769911	0	0.06559549	-0.99777734	-0.001232953	1.4647108e-20	1
0	0.0847532	-0.99633104	-0.001270856	0	-0.025132742	0	0.0847532	-0.99633104	-0.001270856	1.9651283e-20	1
0	0.09895691	-0.9950193	-0.0012960392	0	-0.018849555	0	0.09895691	-0.9950193	-0.0012960392	2.2149808e-20	1
0	0.11842155	-0.9928888	-0.0013277624	0	-0.012566371	0	0.11842155	-0.9928888	-0.0013277624	2.4644121e-20	1
0	0.13110703	-0.9912921	-0.001347007	0	-0.009424778	0	0.13110703	-0.9912921	-0.001347007	2.5888873e-20	1
0	0.14662305	-0.9891143	-0.0013691996	0	-0.0062831854	0	0.14662305	-0.9891143	-0.0013691996	2.713128e-20	1
0	0.16177753	-0.986747	-0.0013895275	0	-0.0037699111	0	0.16177753	-0.986747	-0.0013895275	2.8122923e-20	1
0	0.17050065	-0.9852761	-0.0014006516	0	-0.002513274	0	0.17050065	-0.9852761	-0.0014006516	2.861776e-20	1
0	0.17524442	-0.9844427	-0.0014065199	0	-0.0018849556	0	0.17524442	-0.9844427	-0.0014065199	2.886489e-20	1
0	0.18019211	-0.9835484	-0.001412515	0	-0.001256637	0	0.18019211	-0.9835484	-0.001412515	2.9111798e-20	1
0	0.18019211	-0.9835484	-0.001412515	0	-0.0010053096	0	0.18019211	-0.9835484	-0.001412515	2.9210517e-20	1
0	0.18546033	-0.9825679	-0.0014187463	0	-0.0006283185	0	0.18546033	-0.9825679	-0.0014187463	2.9358472e-20	1
0	0.18877766	-0.9819355	-0.0014225908	0	-0.0002513274	0	0.18877766	-0.9819355	-0.0014225908	2.9506356e-20	1
0	0.18877766	-0.9819355	-0.0014225908	0	-0.0001256637	0	0.18877766	-0.9819355	-0.0014225908	2.9555635e-20	1
0	0.18877766	-0.9819355	-0.0014225908	0	-6.283185e-05	0	0.18877766	-0.9819355	-0.0014225908	2.9580276e-20	1
0	0.18877766	-0.9819355	-0.0014225908	0	-2.5132742e-05	0	0.18877766	-0.9819355	-0.0014225908	2.959506e-20	1
0	0.18877766	-0.9819355	-0.0014225908	0	-1.2566371e-05	0	0.18877766	-0.9819355	-0.0014225908	2.9599986e-20	1
0	0.18877766	-0.9819355	-0.0014225908	0	-6.2831855e-06	0	0.18877766	-0.9819355	-0.0014225908	2.960245e-20	1
0	0.18877766	-0.9819355	-0.0014225908	0	-2.513274e-06	0	0.18877766	-0.9819355	-0.0014225908	2.9603928e-20	1
0	0.18877766	-0.9819355	-0.0014225908	0	-1.256637e-06	0	0.18877766	-0.9819355	-0.0014225908	2.9604423e-20	1
0	0.18877766	-0.9819355	-0.0014225908	0	-6.283185e-07	0	0.18877766	-0.9819355	-0.0014225908	2.9604668e-20	1
0	0.18877766	-0.9819355	-0.0014225908	0	-2.513274e-07	0	0.18877766	-0.9819355	-0.0014225908	2.9604817e-20	1
0	0.18877766	-0.9819355	-0.0014225908	0	-1.256637e-07	0	0.18877766	-0.9819355	-0.0014225908	2.9604865e-20	1
0	0.18877766	-0.9819355	-0.0014225908	0	0	0	0.18877766	-0.9819355	-0.0014225908	2.9604914e-20	1
0	0.18877766	-0.9819355	-0.0014225908	0	1.256637e-07	0	0.18877766	-0.9819355	-0.0014225908	2.9604962e-20	1
0	0.18877766	-0.9819355	-0.0014225908	0	2.513274e-07	0	0.18877766	-0.9819355	-0.0014225908	2.9605014e-20	1
0	0.18877766	-0.9819355	-0.0014225908	0	6.283185e-07	0	0.18877766	-0.9819355	-0.0014225908	2.960516e-20	1
0	0.18877766	-0.9819355	-0.0014225908	0	1.256637e-06	0	0.18877766	-0.9819355	-0.0014225908	2.9605408e-20	1
0	0.18877766	-0.9819355	-0.0014225908	0	2.513274e-06	0	0.18877766	-0.9819355	-0.0014225908	2.96059e-20	1
0	0.18877766	-0.9819355	-0.0014225908	0	6.2831855e-06	0	0.18877766	-0.9819355	-0.0014225908	2.960738e-20	1
0	0.18877766	-0.9819355	-0.0014225908	0	1.2566371e-05	0	0.18877766	-0.9819355	-0.0014225908	2.960984e-20	1
0	0.18877766	-0.9819355	-0.0014225908	0	2.5132742e-05	0	0.18877766	-0.9819355	-0.0014225908	2.961477e-20	1
0	0.18877766	-0.9819355	-0.0014225908	0	6.283185e-05	0	0.18877766	-0.9819355	-0.0014225908	2.9629555e-20	1
0	0.19220936	-0.981269	-0.0014265047	0	0.0001256637	0	0.19220936	-0.981269	-0.0014265047	2.9654144e-20	1
0	0.19220936	-0.981269	-0.0014265047	0	0.0002513274	0	0.19220936	-0.981269	-0.0014265047	2.970339e-20	1
0	0.19698367	-0.98032105	-0.0014318416	0	0.0006283185	0	0.19698367	-0.98032105	-0.0014318416	2.9851032e-20	1
0	0.20071878	-0.9795625	-0.0014359311	0	0.0010053096	0	0.20071878	-0.9795625	-0.0014359311	2.9998568e-20	1
0	0.20071878	-0.9795625	-0.0014359311	0	0.001256637	0	0.20071878	-0.9795625	-0.0014359311	3.0096886e-20	1
0	0.21005386	-0.97760177	-0.0014458022	0	0.0018849556	0	0.21005386	-0.97760177	-0.0014458022	3.0342345e-20	1
0	0.21730131	-0.9760152	-0.0014531321	0	0.002513274	0	0.21730131	-0.9760152	-0.0014531321	3.0587452e-20	1
0	0.23350409	-0.97226346	-0.0014684376	0	0.0037699111	0	0.23350409	-0.97226346	-0.0014684376	3.1076365e-20	1
0	0.27676722	-0.9608355	-0.0015017025	0	0.0062831854	0	0.27676722	-0.9608355	-0.0015017025	3.2047064e-20	1
0	0.9217131	0.3875718	0.00062819856	0	0.009424778	0	0.9217131	0.3875718	0.00062819856	2.6276156e-20	1
0	0.8809171	0.4729864	0.00055480574	0	0.012566371	0	0.8809171	0.4729864	0.00055480574	2.5738324e-20	1
0	-0.09894037	0.9950209	0.0012960162	0	0.018849555	0	-0.09894037	0.9950209	0.0012960162	2.2149808e-20	1
0	-0.08475852	0.99633056	0.0012708401	0	0.025132742	0	-0.08475852	0.99633056	0.0012708401	1.9651283e-20	1
0	-0.06559854	0.9977771	0.0012329789	0	0.03769911	0	-0.06559854	0.9977771	0.0012329789	1.4647112e-20	1
0	-0.0533545	0.99850804	0.001204984	0	0.050265484	0	-0.0533545	0.99850804	0.001204984	9.637734e-21	1
0	-0.044897035	0.9989251	0.0011827364	0	0.06283186	0	-0.044897035	0.9989251	0.0011827364	4.625581e-21	1
