# t (s)	mx ()	my ()	mz ()	B_extx (T)	B_exty (T)	B_extz (T)	mx ()	my ()	mz ()	E_total (J)	branch ()
0	0.99942386	0.03197375	-0.0014015158	0.06283186	0	0	0.99942386	0.03197375	-0.0014015158	2.3027894e-21	-1
0	0.99927294	0.03636321	-0.0014136672	0.050265484	0	0	0.99927294	0.03636321	-0.0014136672	7.31805e-21	-1
0	0.999045	0.042140864	-0.001426188	0.03769911	0	0	0.999045	0.042140864	-0.001426188	1.2332374e-20	-1
0	0.9986775	0.050079808	-0.0014390175	0.025132742	0	0	0.9986775	0.050079808	-0.0014390175	1.7345247e-20	-1
0	0.9984025	0.05527947	-0.0014454732	0.018849555	0	0	0.9984025	0.05527947	-0.0014454732	1.9850852e-20	-1
0	0.99802756	0.0616688	-0.0014518455	0.012566371	0	0	0.99802756	0.0616688	-0.0014518455	2.2355653e-20	-1
0	0.99778664	0.065445706	-0.0014549503	0.009424778	0	0	0.99778664	0.065445706	-0.0014549503	2.3607657e-20	-1
0	0.9974972	0.06971283	-0.0014579515	0.0062831854	0	0	0.9974972	0.06971283	-0.0014579515	2.4859328e-20	-1
0	0.99722177	0.07354277	-0.0014602435	0.0037699111	0	0	0.99722177	0.07354277	-0.0014602435	2.5860382e-20	-1
0	0.99706626	0.075619355	-0.0014613383	0.002513274	0	0	0.99706626	0.075619355	-0.0014613383	2.63608e-20	-1
0	0.9969833	0.07670406	-0.001461871	0.0018849556	0	0	0.9969833	0.07670406	-0.001461871	2.661098e-20	-1
0	0.99689794	0.07780406	-0.0014623975	0.001256637	0	0	0.99689794	0.07780406	-0.0014623975	2.686114e-20	-1
0	0.9968617	0.07826634	-0.001462599	0.0010053096	0	0	0.9968617	0.07826634	-0.001462599	2.6961196e-20	-1
0	0.99680674	0.07896206	-0.0014629031	0.0006283185	0	0	0.99680674	0.07896206	-0.0014629031	2.7111274e-20	-1
0	0.99675065	0.07966624	-0.0014632028	0.0002513274	0	0	0.99675065	0.07966624	-0.0014632028	2.726134e-20	-1
0	0.99675065	0.07966624	-0.0014632028	0.0001256637	0	0	0.99675065	0.07966624	-0.0014632028	2.7311365e-20	-1
0	0.99675065	0.07966624	-0.0014632028	6.283185e-05	0	0	0.99675065	0.07966624	-0.0014632028	2.7336374e-20	-1
0	0.99675065	0.07966624	-0.0014632028	2.5132742e-05	0	0	0.99675065	0.07966624	-0.0014632028	2.735138e-20	-1
0	0.99675065	0.07966624	-0.0014632028	1.2566371e-05	0	0	0.99675065	0.07966624	-0.0014632028	2.735638e-20	-1
0	0.99675065	0.07966624	-0.0014632028	6.2831855e-06	0	0	0.99675065	0.07966624	-0.0014632028	2.7358886e-20	-1
0	0.99675065	0.07966624	-0.0014632028	2.513274e-06	0	0	0.99675065	0.07966624	-0.0014632028	2.7360385e-20	-1
0	0.99675065	0.07966624	-0.0014632028	1.256637e-06	0	0	0.99675065	0.07966624	-0.0014632028	2.7360886e-20	-1
0	0.99675065	0.07966624	-0.0014632028	6.283185e-07	0	0	0.99675065	0.07966624	-0.0014632028	2.7361135e-20	-1
0	0.99675065	0.07966624	-0.0014632028	2.513274e-07	0	0	0.99675065	0.07966624	-0.0014632028	2.7361286e-20	-1
0	0.99675065	0.07966624	-0.0014632028	1.256637e-07	0	0	0.99675065	0.07966624	-0.0014632028	2.7361335e-20	-1
0	0.99675065	0.07966624	-0.0014632028	0	0	0	0.99675065	0.07966624	-0.0014632028	2.7361387e-20	-1
0	0.99675065	0.07966624	-0.0014632028	-1.256637e-07	0	0	0.99675065	0.07966624	-0.0014632028	2.7361435e-20	-1
0	0.99675065	0.07966624	-0.0014632028	-2.513274e-07	0	0	0.99675065	0.07966624	-0.0014632028	2.7361487e-20	-1
0	0.99675065	0.07966624	-0.0014632028	-6.283185e-07	0	0	0.99675065	0.07966624	-0.0014632028	2.7361635e-20	-1
0	0.99675065	0.07966624	-0.0014632028	-1.256637e-06	0	0	0.99675065	0.07966624	-0.0014632028	2.7361884e-20	-1
0	0.99675065	0.07966624	-0.0014632028	-2.513274e-06	0	0	0.99675065	0.07966624	-0.0014632028	2.7362385e-20	-1
0	0.99675065	0.07966624	-0.0014632028	-6.2831855e-06	0	0	0.99675065	0.07966624	-0.0014632028	2.7363888e-20	-1
0	0.99675065	0.07966624	-0.0014632028	-1.2566371e-05	0	0	0.99675065	0.07966624	-0.0014632028	2.736639e-20	-1
0	0.99675065	0.07966624	-0.0014632028	-2.5132742e-05	0	0	0.99675065	0.07966624	-0.0014632028	2.737139e-20	-1
0	0.9967028	0.0802624	-0.0014634511	-6.283185e-05	0	0	0.9967028	0.0802624	-0.0014634511	2.7386396e-20	-1
0	0.9967028	0.0802624	-0.0014634511	-0.0001256637	0	0	0.9967028	0.0802624	-0.0014634511	2.7411405e-20	-1
0	0.9967028	0.0802624	-0.0014634511	-0.0002513274	0	0	0.9967028	0.0802624	-0.0014634511	2.7461424e-20	-1
0	0.9966136	0.08136137	-0.0014638822	-0.0006283185	0	0	0.9966136	0.08136137	-0.0014638822	2.7611476e-20	-1
0	0.99655235	0.0821068	-0.0014641664	-0.0010053096	0	0	0.99655235	0.0821068	-0.0014641664	2.7761513e-20	-1
0	0.99655235	0.0821068	-0.0014641664	-0.001256637	0	0	0.99655235	0.0821068	-0.0014641664	2.7861537e-20	-1
0	0.99640286	0.08389935	-0.0014648007	-0.0018849556	0	0	0.99640286	0.08389935	-0.0014648007	2.811157e-20	-1
0	0.99628866	0.085243285	-0.0014652318	-0.002513274	0	0	0.99628866	0.085243285	-0.0014652318	2.836158e-20	-1
0	0.9960459	0.08803156	-0.0014660363	-0.0037699111	0	0	0.9960459	0.08803156	-0.0014660363	2.8861508e-20	-1
0	0.995479	0.09421969	-0.0014673435	-0.0062831854	0	0	0.995479	0.09421969	-0.0014673435	2.9860965e-20	-1
0	0.99457765	0.10329264	-0.0014682023	-0.009424778	0	0	0.99457765	0.10329264	-0.0014682023	3.110938e-20	-1
0	0.99337184	0.114298746	-0.0014677477	-0.012566371	0	0	0.99337184	0.114298746	-0.0014677477	3.235648e-20	-1
0	0.9892338	0.145813	-0.0014587984	-0.018849555	0	0	0.9892338	0.145813	-0.0014587984	3.4844557e-20	-1
0	0.97827506	0.20689648	-0.0014161656	-0.025132742	0	0	0.97827506	0.20689648	-0.0014161656	3.7315785e-20	-1
0	-0.9990449	-0.042141844	0.0014261879	-0.03769911	0	0	-0.9990449	-0.042141844	0.0014261879	1.2332381e-20	-1
0	-0.9992728	-0.03636398	0.0014136625	-0.050265484	0	0	-0.9992728	-0.03636398	0.0014136625	7.31805e-21	-1
0	-0.99942386	-0.03197346	0.0014015147	-0.06283186	0	0	-0.99942386	-0.03197346	0.0014015147	2.3027917e-21	-1
0	-0.99942386	-0.03197346	0.0014015147	-0.06283186	0	0	-0.99942386	-0.03197346	0.0014015147	2.3027917e-21	1
0	-0.99927294	-0.03636194	0.0014136669	-0.050265484	0	0	-0.99927294	-0.03636194	0.0014136669	7.318051e-21	1
0	-0.999045	-0.04214119	0.0014261885	-0.03769911	0	0	-0.999045	-0.04214119	0.0014261885	1.23323776e-20	1
0	-0.9986772	-0.050084442	0.0014390061	-0.025132742	0	0	-0.9986772	-0.050084442	0.0014390061	1.7345247e-20	1
0	-0.9984025	-0.0552806	0.0014454722	-0.018849555	0	0	-0.9984025	-0.0552806	0.0014454722	1.985085e-20	1
0	-0.9980279	-0.061662666	0.0014518461	-0.012566371	0	0	-0.9980279	-0.061662666	0.0014518461	2.2355651e-20	1
0	-0.9977866	-0.06544684	0.0014549491	-0.009424778	0	0	-0.9977866	-0.06544684	0.0014549491	2.3607657e-20	1
0	-0.9974972	-0.06971273	0.001457951	-0.0062831854	0	0	-0.9974972	-0.06971273	0.001457951	2.485933e-20	1
0	-0.99722207	-0.0735381	0.0014602426	-0.0037699111	0	0	-0.99722207	-0.0735381	0.0014602426	2.5860383e-20	1
0	-0.997066	-0.07562184	0.0014613383	-0.002513274	0	0	-0.997066	-0.07562184	0.0014613383	2.6360802e-20	1
0	-0.9969841	-0.076691896	0.0014618718	-0.0018849556	0	0	-0.9969841	-0.076691896	0.0014618718	2.6610979e-20	1
0	-0.99689806	-0.077802174	0.001462394	-0.001256637	0	0	-0.99689806	-0.077802174	0.001462394	2.6861136e-20	1
0	-0.99686146	-0.078269005	0.001462598	-0.0010053096	0	0	-0.99686146	-0.078269005	0.001462598	2.6961198e-20	1
0	-0.99680674	-0.07896295	0.0014629031	-0.0006283185	0	0	-0.99680674	-0.07896295	0.0014629031	2.711127e-20	1
0	-0.9967504	-0.07966928	0.0014632014	-0.0002513274	0	0	-0.9967504	-0.07966928	0.0014632014	2.7261343e-20	1
0	-0.9967504	-0.07966928	0.0014632014	-0.0001256637	0	0	-0.9967504	-0.07966928	0.0014632014	2.7311365e-20	1
0	-0.9967504	-0.07966928	0.0014632014	-6.283185e-05	0	0	-0.9967504	-0.07966928	0.0014632014	2.7336377e-20	1
0	-0.9967504	-0.07966928	0.0014632014	-2.5132742e-05	0	0	-0.9967504	-0.07966928	0.0014632014	2.7351383e-20	1
0	-0.9967504	-0.07966928	0.0014632014	-1.2566371e-05	0	0	-0.9967504	-0.07966928	0.0014632014	2.7356385e-20	1
0	-0.9967504	-0.07966928	0.0014632014	-6.2831855e-06	0	0	-0.9967504	-0.07966928	0.0014632014	2.7358886e-20	1
0	-0.9967504	-0.07966928	0.0014632014	-2.513274e-06	0	0	-0.9967504	-0.07966928	0.0014632014	2.7360388e-20	1
0	-0.9967504	-0.07966928	0.0014632014	-1.256637e-06	0	0	-0.9967504	-0.07966928	0.0014632014	2.736089e-20	1
0	-0.9967504	-0.07966928	0.0014632014	-6.283185e-07	0	0	-0.9967504	-0.07966928	0.0014632014	2.7361138e-20	1
0	-0.9967504	-0.07966928	0.0014632014	-2.513274e-07	0	0	-0.9967504	-0.07966928	0.0014632014	2.7361286e-20	1
0	-0.9967504	-0.07966928	0.0014632014	-1.256637e-07	0	0	-0.9967504	-0.07966928	0.0014632014	2.7361338e-20	1
0	-0.9967504	-0.07966928	0.0014632014	0	0	0	-0.9967504	-0.07966928	0.0014632014	2.7361387e-20	1
0	-0.9967504	-0.07966928	0.0014632014	1.256637e-07	0	0	-0.9967504	-0.07966928	0.0014632014	2.7361438e-20	1
0	-0.9967504	-0.07966928	0.0014632014	2.513274e-07	0	0	-0.9967504	-0.07966928	0.0014632014	2.7361487e-20	1
0	-0.9967504	-0.07966928	0.0014632014	6.283185e-07	0	0	-0.9967504	-0.07966928	0.0014632014	2.736164e-20	1
0	-0.9967504	-0.07966928	0.0014632014	1.256637e-06	0	0	-0.9967504	-0.07966928	0.0014632014	2.7361887e-20	1
0	-0.9967504	-0.07966928	0.0014632014	2.513274e-06	0	0	-0.9967504	-0.07966928	0.0014632014	2.7362388e-20	1
0	-0.9967504	-0.07966928	0.0014632014	6.2831855e-06	0	0	-0.9967504	-0.07966928	0.0014632014	2.7363888e-20	1
0	-0.9967504	-0.07966928	0.0014632014	1.2566371e-05	0	0	-0.9967504	-0.07966928	0.0014632014	2.736639e-20	1
0	-0.9967504	-0.07966928	0.0014632014	2.5132742e-05	0	0	-0.9967504	-0.07966928	0.0014632014	2.7371394e-20	1
0	-0.9967504	-0.07966928	0.0014632014	6.283185e-05	0	0	-0.9967504	-0.07966928	0.0014632014	2.73864e-20	1
0	-0.99669296	-0.08038412	0.0014635047	0.0001256637	0	0	-0.99669296	-0.08038412	0.0014635047	2.7411405e-20	1
0	-0.99669296	-0.08038412	0.0014635047	0.0002513274	0	0	-0.99669296	-0.08038412	0.0014635047	2.7461424e-20	1
0	-0.99661386	-0.08135727	0.0014638806	0.0006283185	0	0	-0.99661386	-0.08135727	0.0014638806	2.7611473e-20	1
0	-0.99655277	-0.08210236	0.0014641645	0.0010053096	0	0	-0.99655277	-0.08210236	0.0014641645	2.7761513e-20	1
0	-0.99655277	-0.08210236	0.0014641645	0.001256637	0	0	-0.99655277	-0.08210236	0.0014641645	2.7861537e-20	1
0	-0.99640226	-0.08390705	0.0014648011	0.0018849556	0	0	-0.99640226	-0.08390705	0.0014648011	2.8111575e-20	1
0	-0.9962894	-0.08523534	0.0014652323	0.002513274	0	0	-0.9962894	-0.08523534	0.0014652323	2.836158e-20	1
0	-0.99604607	-0.08802995	0.0014660363	0.0037699111	0	0	-0.99604607	-0.08802995	0.0014660363	2.8861508e-20	1
0	-0.99547887	-0.094221465	0.001467344	0.0062831854	0	0	-0.99547887	-0.094221465	0.001467344	2.9860965e-20	1
0	-0.9945775	-0.103293926	0.001468203	0.009424778	0	0	-0.9945775	-0.103293926	0.001468203	3.110938e-20	1
0	-0.9933692	-0.11432189	0.0014677341	0.012566371	0	0	-0.9933692	-0.11432189	0.0014677341	3.2356485e-20	1
0	-0.9892341	-0.14581108	0.0014587939	0.018849555	0	0	-0.9892341	-0.14581108	0.0014587939	3.4844563e-20	1
0	-0.9782759	-0.20689213	0.0014161562	0.025132742	0	0	-0.9782759	-0.20689213	0.0014161562	3.7315785e-20	1
0	0.99904495	0.042142503	-0.001426189	0.03769911	0	0	0.99904495	0.042142503	-0.001426189	1.2332377e-20	1
0	0.9992728	0.036365524	-0.0014136678	0.050265484	0	0	0.9992728	0.036365524	-0.0014136678	7.318048e-21	1
0	0.99942386	0.031973667	-0.0014015145	0.06283186	0	0	0.99942386	0.031973667	-0.0014015145	2.3027894e-21	1
