# t (s)	mx ()	my ()	mz ()	B_extx (T)	B_exty (T)	B_extz (T)	mx ()	my ()	mz ()	E_total (J)	branch ()
0	-0.015746335	0.9998107	-0.0009710022	0	0.06283186	0	-0.015746335	0.9998107	-0.0009710022	4.55527e-21	-1
0	-0.01859191	0.999761	-0.0009789291	0	0.050265484	0	-0.01859191	0.999761	-0.0009789291	9.5727124e-21	-1
0	-0.022686325	0.99967563	-0.0009868578	0	0.03769911	0	-0.022686325	0.99967563	-0.0009868578	1.4589825e-20	-1
0	-0.029085832	0.99950904	-0.0009950079	0	0.025132742	0	-0.029085832	0.99950904	-0.0009950079	1.9606334e-20	-1
0	-0.0338414	0.9993588	-0.0009989743	0	0.018849555	0	-0.0338414	0.9993588	-0.0009989743	2.2114178e-20	-1
0	-0.040458642	0.9991121	-0.0010027818	0	0.012566371	0	-0.040458642	0.9991121	-0.0010027818	2.4621541e-20	-1
0	-0.04480377	0.9989264	-0.001004581	0	0.009424778	0	-0.04480377	0.9989264	-0.001004581	2.5874941e-20	-1
0	-0.05023615	0.9986676	-0.0010061626	0	0.0062831854	0	-0.05023615	0.9986676	-0.0010061626	2.7128073e-20	-1
0	-0.05560564	0.9983826	-0.001007363	0	0.0037699111	0	-0.05560564	0.9983826	-0.001007363	2.8130296e-20	-1
0	-0.058728687	0.9982035	-0.0010078487	0	0.002513274	0	-0.058728687	0.9982035	-0.0010078487	2.863129e-20	-1
0	-0.06043891	0.99810135	-0.0010080623	0	0.0018849556	0	-0.06043891	0.99810135	-0.0010080623	2.8881754e-20	-1
0	-0.06222415	0.99799156	-0.0010082566	0	0.001256637	0	-0.06222415	0.99799156	-0.0010082566	2.913219e-20	-1
0	-0.063019544	0.99794155	-0.0010083199	0	0.0010053096	0	-0.063019544	0.99794155	-0.0010083199	2.9232353e-20	-1
0	-0.064133205	0.99787045	-0.0010084244	0	0.0006283185	0	-0.064133205	0.99787045	-0.0010084244	2.9382593e-20	-1
0	-0.065373406	0.99779	-0.0010085059	0	0.0002513274	0	-0.065373406	0.99779	-0.0010085059	2.9532823e-20	-1
0	-0.065373406	0.99779	-0.0010085059	0	0.0001256637	0	-0.065373406	0.99779	-0.0010085059	2.9582896e-20	-1
0	-0.065373406	0.99779	-0.0010085059	0	6.283185e-05	0	-0.065373406	0.99779	-0.0010085059	2.9607935e-20	-1
0	-0.065373406	0.99779	-0.0010085059	0	2.5132742e-05	0	-0.065373406	0.99779	-0.0010085059	2.9622957e-20	-1
0	-0.065373406	0.99779	-0.0010085059	0	1.2566371e-05	0	-0.065373406	0.99779	-0.0010085059	2.9627965e-20	-1
0	-0.065373406	0.99779	-0.0010085059	0	6.2831855e-06	0	-0.065373406	0.99779	-0.0010085059	2.963047e-20	-1
0	-0.065373406	0.99779	-0.0010085059	0	2.513274e-06	0	-0.065373406	0.99779	-0.0010085059	2.963197e-20	-1
0	-0.065373406	0.99779	-0.0010085059	0	1.256637e-06	0	-0.065373406	0.99779	-0.0010085059	2.963247e-20	-1
0	-0.065373406	0.99779	-0.0010085059	0	6.283185e-07	0	-0.065373406	0.99779	-0.0010085059	2.963272e-20	-1
0	-0.065373406	0.99779	-0.0010085059	0	2.513274e-07	0	-0.065373406	0.99779	-0.0010085059	2.963287e-20	-1
0	-0.065373406	0.99779	-0.0010085059	0	1.256637e-07	0	-0.065373406	0.99779	-0.0010085059	2.963292e-20	-1
0	-0.065373406	0.99779	-0.0010085059	0	0	0	-0.065373406	0.99779	-0.0010085059	2.963297e-20	-1
0	-0.065373406	0.99779	-0.0010085059	0	-1.256637e-07	0	-0.065373406	0.99779	-0.0010085059	2.9633022e-20	-1
0	-0.065373406	0.99779	-0.0010085059	0	-2.513274e-07	0	-0.065373406	0.99779	-0.0010085059	2.963307e-20	-1
0	-0.065373406	0.99779	-0.0010085059	0	-6.283185e-07	0	-0.065373406	0.99779	-0.0010085059	2.9633222e-20	-1
0	-0.065373406	0.99779	-0.0010085059	0	-1.256637e-06	0	-0.065373406	0.99779	-0.0010085059	2.963347e-20	-1
0	-0.065373406	0.99779	-0.0010085059	0	-2.513274e-06	0	-0.065373406	0.99779	-0.0010085059	2.9633972e-20	-1
0	-0.065373406	0.99779	-0.0010085059	0	-6.2831855e-06	0	-0.065373406	0.99779	-0.0010085059	2.9635474e-20	-1
0	-0.065373406	0.99779	-0.0010085059	0	-1.2566371e-05	0	-0.065373406	0.99779	-0.0010085059	2.9637978e-20	-1
0	-0.065373406	0.99779	-0.0010085059	0	-2.5132742e-05	0	-0.065373406	0.99779	-0.0010085059	2.9642987e-20	-1
0	-0.06640896	0.9977215	-0.0010085856	0	-6.283185e-05	0	-0.06640896	0.9977215	-0.0010085856	2.9658002e-20	-1
0	-0.06640896	0.9977215	-0.0010085856	0	-0.0001256637	0	-0.06640896	0.9977215	-0.0010085856	2.9683037e-20	-1
0	-0.06640896	0.9977215	-0.0010085856	0	-0.0002513274	0	-0.06640896	0.9977215	-0.0010085856	2.9733107e-20	-1
0	-0.06836281	0.99758935	-0.0010086643	0	-0.0006283185	0	-0.06836281	0.99758935	-0.0010086643	2.9883305e-20	-1
0	-0.06973183	0.99749446	-0.0010087106	0	-0.0010053096	0	-0.06973183	0.99749446	-0.0010087106	3.0033497e-20	-1
0	-0.07067005	0.9974284	-0.0010087336	0	-0.001256637	0	-0.07067005	0.9974284	-0.0010087336	3.0133608e-20	-1
0	-0.07316135	0.9972486	-0.0010087646	0	-0.0018849556	0	-0.07316135	0.9972486	-0.0010087646	3.0383866e-20	-1
0	-0.075829566	0.9970491	-0.0010087285	0	-0.002513274	0	-0.075829566	0.9970491	-0.0010087285	3.0634075e-20	-1
0	-0.08176856	0.9965791	-0.0010084917	0	-0.0037699111	0	-0.08176856	0.9965791	-0.0010084917	3.1134332e-20	-1
0	-0.09714703	0.99519646	-0.0010068689	0	-0.0062831854	0	-0.09714703	0.99519646	-0.0010068689	3.213396e-20	-1
0	-0.12800255	0.99169713	-0.0010001092	0	-0.009424778	0	-0.12800255	0.99169713	-0.0010001092	3.3380683e-20	-1
0	-0.2140145	0.9767412	-0.00096218556	0	-0.012566371	0	-0.2140145	0.9767412	-0.00096218556	3.4618862e-20	-1
0	0.03381522	-0.99935967	0.000998979	0	-0.018849555	0	0.03381522	-0.99935967	0.000998979	2.211418e-20	-1
0	0.02908723	-0.999509	0.0009950114	0	-0.025132742	0	0.02908723	-0.999509	0.0009950114	1.9606336e-20	-1
0	0.0226898	-0.9996756	0.0009869549	0	-0.03769911	0	0.0226898	-0.9996756	0.0009869549	1.4589821e-20	-1
0	0.01859357	-0.999761	0.0009789095	0	-0.050265484	0	0.01859357	-0.999761	0.0009789095	9.5727124e-21	-1
0	0.015749384	-0.9998107	0.0009710016	0	-0.06283186	0	0.015749384	-0.9998107	0.0009710016	4.5552663e-21	-1
0	0.015749384	-0.9998107	0.0009710016	0	-0.06283186	0	0.015749384	-0.9998107	0.0009710016	4.5552663e-21	1
0	0.01859219	-0.999761	0.0009789211	0	-0.050265484	0	0.01859219	-0.999761	0.0009789211	9.572711e-21	1
0	0.022687431	-0.99967563	0.0009869575	0	-0.03769911	0	0.022687431	-0.99967563	0.0009869575	1.458982e-20	1
0	0.02908188	-0.9995091	0.0009950076	0	-0.025132742	0	0.02908188	-0.9995091	0.0009950076	1.9606334e-20	1
0	0.033840597	-0.9993588	0.0009989731	0	-0.018849555	0	0.033840597	-0.9993588	0.0009989731	2.2114178e-20	1
0	0.040441893	-0.99911284	0.001002792	0	-0.012566371	0	0.040441893	-0.99911284	0.001002792	2.4621541e-20	1
0	0.04482925	-0.99892527	0.0010045824	0	-0.009424778	0	0.04482925	-0.99892527	0.0010045824	2.5874941e-20	1
0	0.05021335	-0.9986687	0.0010062254	0	-0.0062831854	0	0.05021335	-0.9986687	0.0010062254	2.7128067e-20	1
0	0.055614837	-0.9983821	0.001007362	0	-0.0037699111	0	0.055614837	-0.9983821	0.001007362	2.8130296e-20	1
0	0.058733128	-0.9982033	0.001007848	0	-0.002513274	0	0.058733128	-0.9982033	0.001007848	2.863129e-20	1
0	0.060436204	-0.9981015	0.0010080622	0	-0.0018849556	0	0.060436204	-0.9981015	0.0010080622	2.8881754e-20	1
0	0.062248778	-0.99798995	0.00100824	0	-0.001256637	0	0.062248778	-0.99798995	0.00100824	2.913219e-20	1
0	0.06298913	-0.99794346	0.0010083248	0	-0.0010053096	0	0.06298913	-0.99794346	0.0010083248	2.9232353e-20	1
0	0.06415157	-0.9978694	0.0010084215	0	-0.0006283185	0	0.06415157	-0.9978694	0.0010084215	2.9382596e-20	1
0	0.06536728	-0.99779034	0.0010085066	0	-0.0002513274	0	0.06536728	-0.99779034	0.0010085066	2.953282e-20	1
0	0.06536728	-0.99779034	0.0010085066	0	-0.0001256637	0	0.06536728	-0.99779034	0.0010085066	2.9582893e-20	1
0	0.06536728	-0.99779034	0.0010085066	0	-6.283185e-05	0	0.06536728	-0.99779034	0.0010085066	2.960793e-20	1
0	0.06536728	-0.99779034	0.0010085066	0	-2.5132742e-05	0	0.06536728	-0.99779034	0.0010085066	2.9622953e-20	1
0	0.06536728	-0.99779034	0.0010085066	0	-1.2566371e-05	0	0.06536728	-0.99779034	0.0010085066	2.9627962e-20	1
0	0.06536728	-0.99779034	0.0010085066	0	-6.2831855e-06	0	0.06536728	-0.99779034	0.0010085066	2.9630463e-20	1
0	0.06536728	-0.99779034	0.0010085066	0	-2.513274e-06	0	0.06536728	-0.99779034	0.0010085066	2.9631965e-20	1
0	0.06536728	-0.99779034	0.0010085066	0	-1.256637e-06	0	0.06536728	-0.99779034	0.0010085066	2.9632466e-20	1
0	0.06536728	-0.99779034	0.0010085066	0	-6.283185e-07	0	0.06536728	-0.99779034	0.0010085066	2.9632718e-20	1
0	0.06536728	-0.99779034	0.0010085066	0	-2.513274e-07	0	0.06536728	-0.99779034	0.0010085066	2.9632867e-20	1
0	0.06536728	-0.99779034	0.0010085066	0	-1.256637e-07	0	0.06536728	-0.99779034	0.0010085066	2.9632918e-20	1
0	0.06536728	-0.99779034	0.0010085066	0	0	0	0.06536728	-0.99779034	0.0010085066	2.9632967e-20	1
0	0.06536728	-0.99779034	0.0010085066	0	1.256637e-07	0	0.06536728	-0.99779034	0.0010085066	2.963302e-20	1
0	0.06536728	-0.99779034	0.0010085066	0	2.513274e-07	0	0.06536728	-0.99779034	0.0010085066	2.9633067e-20	1
0	0.06536728	-0.99779034	0.0010085066	0	6.283185e-07	0	0.06536728	-0.99779034	0.0010085066	2.963322e-20	1
0	0.06536728	-0.99779034	0.0010085066	0	1.256637e-06	0	0.06536728	-0.99779034	0.0010085066	2.9633468e-20	1
0	0.06619857	-0.9977355	0.0010085603	0	2.513274e-06	0	0.06619857	-0.9977355	0.0010085603	2.9633965e-20	1
0	0.06619857	-0.9977355	0.0010085603	0	6.2831855e-06	0	0.06619857	-0.9977355	0.0010085603	2.9635468e-20	1
0	0.06619857	-0.9977355	0.0010085603	0	1.2566371e-05	0	0.06619857	-0.9977355	0.0010085603	2.9637972e-20	1
0	0.06619857	-0.9977355	0.0010085603	0	2.5132742e-05	0	0.06619857	-0.9977355	0.0010085603	2.964298e-20	1
0	0.06619857	-0.9977355	0.0010085603	0	6.283185e-05	0	0.06619857	-0.9977355	0.0010085603	2.9658002e-20	1
0	0.06619857	-0.9977355	0.0010085603	0	0.0001256637	0	0.06619857	-0.9977355	0.0010085603	2.9683037e-20	1
0	0.06619857	-0.9977355	0.0010085603	0	0.0002513274	0	0.06619857	-0.9977355	0.0010085603	2.9733107e-20	1
0	0.068370275	-0.9975888	0.0010086638	0	0.0006283185	0	0.068370275	-0.9975888	0.0010086638	2.9883305e-20	1
0	0.06971257	-0.99749583	0.0010087134	0	0.0010053096	0	0.06971257	-0.99749583	0.0010087134	3.0033493e-20	1
0	0.0706778	-0.9974278	0.0010087339	0	0.001256637	0	0.0706778	-0.9974278	0.0010087339	3.0133608e-20	1
0	0.073164955	-0.9972483	0.0010087551	0	0.0018849556	0	0.073164955	-0.9972483	0.0010087551	3.0383866e-20	1
0	0.075832464	-0.99704885	0.0010087275	0	0.002513274	0	0.075832464	-0.99704885	0.0010087275	3.0634075e-20	1
0	0.08178908	-0.99657744	0.0010084882	0	0.0037699111	0	0.08178908	-0.99657744	0.0010084882	3.113433e-20	1
0	0.09717709	-0.9951936	0.001006844	0	0.0062831854	0	0.09717709	-0.9951936	0.001006844	3.2133963e-20	1
0	0.12803549	-0.9916929	0.0010000998	0	0.009424778	0	0.12803549	-0.9916929	0.0010000998	3.3380683e-20	1
0	0.213994	-0.9767457	0.0009621981	0	0.012566371	0	0.213994	-0.9767457	0.0009621981	3.4618862e-20	1
0	-0.033835493	0.999359	-0.0009989747	0	0.018849555	0	-0.033835493	0.999359	-0.0009989747	2.211418e-20	1
0	-0.029085666	0.999509	-0.000995008	0	0.025132742	0	-0.029085666	0.999509	-0.000995008	1.9606331e-20	1
0	-0.022691257	0.9996755	-0.0009869563	0	0.03769911	0	-0.022691257	0.9996755	-0.0009869563	1.4589823e-20	1
0	-0.018592978	0.999761	-0.0009789309	0	0.050265484	0	-0.018592978	0.999761	-0.0009789309	9.5727124e-21	1
0	-0.015749503	0.99981064	-0.0009710002	0	0.06283186	0	-0.015749503	0.99981064	-0.0009710002	4.5552663e-21	1
