# t (s)	mx ()	my ()	mz ()	B_extx (T)	B_exty (T)	B_extz (T)	mx ()	my ()	mz ()	E_total (J)	branch ()
0	0.11422248	0.9933642	0.006286809	0	0.06283186	0	0.11422248	0.9933642	0.006286809	4.3504664e-21	-1
0	0.13988796	0.9900718	0.0064713447	0	0.050265484	0	0.13988796	0.9900718	0.0064713447	9.328168e-21	-1
0	0.1766493	0.9841715	0.0066945134	0	0.03769911	0	0.1766493	0.9841715	0.0066945134	1.4283537e-20	-1
0	0.23026882	0.9730135	0.0069488096	0	0.025132742	0	0.23026882	0.9730135	0.0069488096	1.9197654e-20	-1
0	0.26580295	0.9639056	0.007074495	0	0.018849555	0	0.26580295	0.9639056	0.007074495	2.1628413e-20	-1
0	0.30889958	0.95096195	0.007181679	0	0.012566371	0	0.30889958	0.95096195	0.007181679	2.403182e-20	-1
0	0.33386272	0.94248235	0.0072208853	0	0.009424778	0	0.33386272	0.94248235	0.0072208853	2.5219766e-20	-1
0	-0.8306743	-0.5564662	-0.00417218	0	0.0062831854	0	-0.8306743	-0.5564662	-0.00417218	3.1254767e-20	-1
0	-0.86635983	0.49914277	-0.0013825512	0	0.0037699111	0	-0.86635983	0.49914277	-0.0013825512	2.6555966e-20	-1
0	-0.8778466	0.47866076	-0.001397483	0	0.002513274	0	-0.8778466	0.47866076	-0.001397483	2.6801335e-20	-1
0	-0.8834523	0.46823803	-0.0014030032	0	0.0018849556	0	-0.8834523	0.46823803	-0.0014030032	2.692014e-20	-1
0	-0.8889565	0.45770654	-0.0014072777	0	0.001256637	0	-0.8889565	0.45770654	-0.0014072777	2.7036311e-20	-1
0	-0.8911431	0.45343643	-0.001408657	0	0.0010053096	0	-0.8911431	0.45343643	-0.001408657	2.7082039e-20	-1
0	-0.89438665	0.4470075	-0.0014103686	0	0.0006283185	0	-0.89438665	0.4470075	-0.0014103686	2.7149822e-20	-1
0	-0.89761114	0.44049963	-0.0014116701	0	0.0002513274	0	-0.89761114	0.44049963	-0.0014116701	2.721663e-20	-1
0	-0.89761114	0.44049963	-0.0014116701	0	0.0001256637	0	-0.89761114	0.44049963	-0.0014116701	2.7238738e-20	-1
0	-0.8992095	0.43722904	-0.001412167	0	6.283185e-05	0	-0.8992095	0.43722904	-0.001412167	2.7249672e-20	-1
0	-0.8992095	0.43722904	-0.001412167	0	2.5132742e-05	0	-0.8992095	0.43722904	-0.001412167	2.7256254e-20	-1
0	-0.8992095	0.43722904	-0.001412167	0	1.2566371e-05	0	-0.8992095	0.43722904	-0.001412167	2.7258448e-20	-1
0	-0.8992095	0.43722904	-0.001412167	0	6.2831855e-06	0	-0.8992095	0.43722904	-0.001412167	2.7259543e-20	-1
0	-0.8992095	0.43722904	-0.001412167	0	2.513274e-06	0	-0.8992095	0.43722904	-0.001412167	2.7260202e-20	-1
0	-0.8992095	0.43722904	-0.001412167	0	1.256637e-06	0	-0.8992095	0.43722904	-0.001412167	2.7260422e-20	-1
0	-0.8992095	0.43722904	-0.001412167	0	6.283185e-07	0	-0.8992095	0.43722904	-0.001412167	2.7260532e-20	-1
0	-0.8992095	0.43722904	-0.001412167	0	2.513274e-07	0	-0.8992095	0.43722904	-0.001412167	2.7260597e-20	-1
0	-0.8992095	0.43722904	-0.001412167	0	1.256637e-07	0	-0.8992095	0.43722904	-0.001412167	2.726062e-20	-1
0	-0.8992095	0.43722904	-0.001412167	0	0	0	-0.8992095	0.43722904	-0.001412167	2.7260642e-20	-1
0	-0.8992095	0.43722904	-0.001412167	0	-1.256637e-07	0	-0.8992095	0.43722904	-0.001412167	2.7260664e-20	-1
0	-0.8992095	0.43722904	-0.001412167	0	-2.513274e-07	0	-0.8992095	0.43722904	-0.001412167	2.7260687e-20	-1
0	-0.8992095	0.43722904	-0.001412167	0	-6.283185e-07	0	-0.8992095	0.43722904	-0.001412167	2.7260752e-20	-1
0	-0.8992095	0.43722904	-0.001412167	0	-1.256637e-06	0	-0.8992095	0.43722904	-0.001412167	2.726086e-20	-1
0	-0.8992095	0.43722904	-0.001412167	0	-2.513274e-06	0	-0.8992095	0.43722904	-0.001412167	2.726108e-20	-1
0	-0.8992095	0.43722904	-0.001412167	0	-6.2831855e-06	0	-0.8992095	0.43722904	-0.001412167	2.726174e-20	-1
0	-0.8992095	0.43722904	-0.001412167	0	-1.2566371e-05	0	-0.8992095	0.43722904	-0.001412167	2.7262836e-20	-1
0	-0.8992095	0.43722904	-0.001412167	0	-2.5132742e-05	0	-0.8992095	0.43722904	-0.001412167	2.726503e-20	-1
0	-0.8992095	0.43722904	-0.001412167	0	-6.283185e-05	0	-0.8992095	0.43722904	-0.001412167	2.7271612e-20	-1
0	-0.9008001	0.43394414	-0.0014125635	0	-0.0001256637	0	-0.9008001	0.43394414	-0.0014125635	2.728246e-20	-1
0	-0.9008001	0.43394414	-0.0014125635	0	-0.0002513274	0	-0.9008001	0.43394414	-0.0014125635	2.7304237e-20	-1
0	-0.9050164	0.425085	-0.0014131401	0	-0.0006283185	0	-0.9050164	0.425085	-0.0014131401	2.736868e-20	-1
0	-0.90815043	0.41835064	-0.00141312	0	-0.0010053096	0	-0.90815043	0.41835064	-0.00141312	2.7432172e-20	-1
0	-0.9102253	0.41381937	-0.001412896	0	-0.001256637	0	-0.9102253	0.41381937	-0.001412896	2.7473938e-20	-1
0	-0.91537577	0.40230355	-0.0014116095	0	-0.0018849556	0	-0.91537577	0.40230355	-0.0014116095	2.7576328e-20	-1
0	-0.92045426	0.39055052	-0.0014093211	0	-0.002513274	0	-0.92045426	0.39055052	-0.0014093211	2.767581e-20	-1
0	-0.93045163	0.36610824	-0.0014018562	0	-0.0037699111	0	-0.93045163	0.36610824	-0.0014018562	2.7865724e-20	-1
0	-0.94989747	0.3122353	-0.0013763511	0	-0.0062831854	0	-0.94989747	0.3122353	-0.0013763511	2.8206804e-20	-1
0	-0.97357976	0.2279622	-0.0013290666	0	-0.009424778	0	-0.97357976	0.2279622	-0.0013290666	2.8548514e-20	-1
0	0.769701	-0.6381552	0.0010816952	0	-0.012566371	0	0.769701	-0.6381552	0.0010816952	2.4558456e-20	-1
0	0.6528686	-0.7572578	0.00037841767	0	-0.018849555	0	0.6528686	-0.7572578	0.00037841767	2.2818196e-20	-1
0	-0.2302701	-0.97301316	-0.0069488315	0	-0.025132742	0	-0.2302701	-0.97301316	-0.0069488315	1.9197655e-20	-1
0	-0.17665875	-0.98416984	-0.0066945553	0	-0.03769911	0	-0.17665875	-0.98416984	-0.0066945553	1.4283532e-20	-1
0	-0.13989538	-0.9900708	-0.0064713852	0	-0.050265484	0	-0.13989538	-0.9900708	-0.0064713852	9.3281634e-21	-1
0	-0.11422703	-0.9933636	-0.0062868344	0	-0.06283186	0	-0.11422703	-0.9933636	-0.0062868344	4.3504623e-21	-1
0	-0.11422703	-0.9933636	-0.0062868344	0	-0.06283186	0	-0.11422703	-0.9933636	-0.0062868344	4.3504623e-21	1
0	-0.13988668	-0.990072	-0.0064713405	0	-0.050265484	0	-0.13988668	-0.990072	-0.0064713405	9.3281634e-21	1
0	-0.17664799	-0.98417175	-0.006694506	0	-0.03769911	0	-0.17664799	-0.98417175	-0.006694506	1.4283537e-20	1
0	-0.23027351	-0.97301245	-0.0069488427	0	-0.025132742	0	-0.23027351	-0.97301245	-0.0069488427	1.9197657e-20	1
0	-0.26580596	-0.96390474	-0.0070745014	0	-0.018849555	0	-0.26580596	-0.96390474	-0.0070745014	2.1628414e-20	1
0	-0.30890036	-0.9509617	-0.0071816957	0	-0.012566371	0	-0.30890036	-0.9509617	-0.0071816957	2.403182e-20	1
0	-0.3338595	-0.94248354	-0.0072208825	0	-0.009424778	0	-0.3338595	-0.94248354	-0.0072208825	2.5219766e-20	1
0	-0.3616066	-0.9321836	-0.0072443783	0	-0.0062831854	0	-0.3616066	-0.9321836	-0.0072443783	2.6395984e-20	1
0	-0.38610536	-0.92230046	-0.00724732	0	-0.0037699111	0	-0.38610536	-0.92230046	-0.00724732	2.73268e-20	1
0	-0.39929962	-0.91666234	-0.0072418684	0	-0.002513274	0	-0.39929962	-0.91666234	-0.0072418684	2.778826e-20	1
0	-0.40616524	-0.9136394	-0.0072370656	0	-0.0018849556	0	-0.40616524	-0.9136394	-0.0072370656	2.8017893e-20	1
0	-0.41321552	-0.91047084	-0.0072307293	0	-0.001256637	0	-0.41321552	-0.91047084	-0.0072307293	2.8246754e-20	1
0	-0.41321552	-0.91047084	-0.0072307293	0	-0.0010053096	0	-0.41321552	-0.91047084	-0.0072307293	2.8338138e-20	1
0	-0.42047787	-0.9071382	-0.0072227	0	-0.0006283185	0	-0.42047787	-0.9071382	-0.0072227	2.8474798e-20	1
0	-0.42492098	-0.9050645	-0.007217042	0	-0.0002513274	0	-0.42492098	-0.9050645	-0.007217042	2.8611214e-20	1
0	-0.42492098	-0.9050645	-0.007217042	0	-0.0001256637	0	-0.42492098	-0.9050645	-0.007217042	2.8656635e-20	1
0	-0.42492098	-0.9050645	-0.007217042	0	-6.283185e-05	0	-0.42492098	-0.9050645	-0.007217042	2.8679347e-20	1
0	-0.42492098	-0.9050645	-0.007217042	0	-2.5132742e-05	0	-0.42492098	-0.9050645	-0.007217042	2.8692973e-20	1
0	-0.42492098	-0.9050645	-0.007217042	0	-1.2566371e-05	0	-0.42492098	-0.9050645	-0.007217042	2.8697513e-20	1
0	-0.42492098	-0.9050645	-0.007217042	0	-6.2831855e-06	0	-0.42492098	-0.9050645	-0.007217042	2.8699784e-20	1
0	-0.42492098	-0.9050645	-0.007217042	0	-2.513274e-06	0	-0.42492098	-0.9050645	-0.007217042	2.8701148e-20	1
0	-0.42492098	-0.9050645	-0.007217042	0	-1.256637e-06	0	-0.42492098	-0.9050645	-0.007217042	2.87016e-20	1
0	-0.42492098	-0.9050645	-0.007217042	0	-6.283185e-07	0	-0.42492098	-0.9050645	-0.007217042	2.870183e-20	1
0	-0.42492098	-0.9050645	-0.007217042	0	-2.513274e-07	0	-0.42492098	-0.9050645	-0.007217042	2.8701965e-20	1
0	-0.42492098	-0.9050645	-0.007217042	0	-1.256637e-07	0	-0.42492098	-0.9050645	-0.007217042	2.870201e-20	1
0	-0.42492098	-0.9050645	-0.007217042	0	0	0	-0.42492098	-0.9050645	-0.007217042	2.8702056e-20	1
0	-0.42492098	-0.9050645	-0.007217042	0	1.256637e-07	0	-0.42492098	-0.9050645	-0.007217042	2.87021e-20	1
0	-0.42492098	-0.9050645	-0.007217042	0	2.513274e-07	0	-0.42492098	-0.9050645	-0.007217042	2.8702146e-20	1
0	-0.42492098	-0.9050645	-0.007217042	0	6.283185e-07	0	-0.42492098	-0.9050645	-0.007217042	2.8702282e-20	1
0	-0.42492098	-0.9050645	-0.007217042	0	1.256637e-06	0	-0.42492098	-0.9050645	-0.007217042	2.870251e-20	1
0	-0.42492098	-0.9050645	-0.007217042	0	2.513274e-06	0	-0.42492098	-0.9050645	-0.007217042	2.8702964e-20	1
0	-0.42492098	-0.9050645	-0.007217042	0	6.2831855e-06	0	-0.42492098	-0.9050645	-0.007217042	2.8704327e-20	1
0	-0.42492098	-0.9050645	-0.007217042	0	1.2566371e-05	0	-0.42492098	-0.9050645	-0.007217042	2.87066e-20	1
0	-0.42492098	-0.9050645	-0.007217042	0	2.5132742e-05	0	-0.42492098	-0.9050645	-0.007217042	2.871114e-20	1
0	-0.42492098	-0.9050645	-0.007217042	0	6.283185e-05	0	-0.42492098	-0.9050645	-0.007217042	2.8724768e-20	1
0	-0.42945927	-0.9029189	-0.0072106677	0	0.0001256637	0	-0.42945927	-0.9029189	-0.0072106677	2.874731e-20	1
0	-0.42945927	-0.9029189	-0.0072106677	0	0.0002513274	0	-0.42945927	-0.9029189	-0.0072106677	2.8792626e-20	1
0	-0.43564573	-0.89994895	-0.0072010113	0	0.0006283185	0	-0.43564573	-0.89994895	-0.0072010113	2.892827e-20	1
0	-0.44037956	-0.89764094	-0.0071928725	0	0.0010053096	0	-0.44037956	-0.89764094	-0.0071928725	2.9063585e-20	1
0	-0.44037956	-0.89764094	-0.0071928725	0	0.001256637	0	-0.44037956	-0.89764094	-0.0071928725	2.9153683e-20	1
0	-0.45185167	-0.8919188	-0.007170409	0	0.0018849556	0	-0.45185167	-0.8919188	-0.007170409	2.937793e-20	1
0	-0.4603914	-0.887539	-0.0071511744	0	0.002513274	0	-0.4603914	-0.887539	-0.0071511744	2.9601188e-20	1
0	-0.47854334	-0.87788117	-0.0071031004	0	0.0037699111	0	-0.47854334	-0.87788117	-0.0071031004	3.0044224e-20	1
0	-0.5206373	-0.85358155	-0.0069535803	0	0.0062831854	0	-0.5206373	-0.85358155	-0.0069535803	3.091383e-20	1
0	-0.59743667	-0.80169463	-0.0065412167	0	0.009424778	0	-0.59743667	-0.80169463	-0.0065412167	3.195655e-20	1
0	-0.769699	0.6381577	-0.0010816857	0	0.012566371	0	-0.769699	0.6381577	-0.0010816857	2.4558456e-20	1
0	-0.652895	0.75723505	-0.00037861176	0	0.018849555	0	-0.652895	0.75723505	-0.00037861176	2.281819e-20	1
0	0.23027723	0.9730115	0.006948853	0	0.025132742	0	0.23027723	0.9730115	0.006948853	1.9197654e-20	1
0	0.17665452	0.98417056	0.006694535	0	0.03769911	0	0.17665452	0.98417056	0.006694535	1.4283538e-20	1
0	0.13989471	0.99007094	0.0064713815	0	0.050265484	0	0.13989471	0.99007094	0.0064713815	9.3281675e-21	1
0	0.11422457	0.993364	0.0062868204	0	0.06283186	0	0.11422457	0.993364	0.0062868204	4.350461e-21	1
