# t (s)	mx ()	my ()	mz ()	B_extx (T)	B_exty (T)	B_extz (T)	mx ()	my ()	mz ()	E_total (J)	branch ()
0	-0.024326008	0.99963903	0.00022534883	0	0.06283186	0	-0.024326008	0.99963903	0.00022534883	4.5800163e-21	-1
0	-0.028764345	0.9995203	0.000225285	0	0.050265484	0	-0.028764345	0.9995203	0.000225285	9.596441e-21	-1
0	-0.0351621	0.9993148	0.00022434596	0	0.03769911	0	-0.0351621	0.9993148	0.00022434596	1.4612073e-20	-1
0	-0.04517413	0.99891114	0.0002217229	0	0.025132742	0	-0.04517413	0.99891114	0.0002217229	1.962625e-20	-1
0	-0.052604955	0.9985467	0.00021925164	0	0.018849555	0	-0.052604955	0.9985467	0.00021925164	2.2132348e-20	-1
0	-0.06294422	0.9979476	0.0002153493	0	0.012566371	0	-0.06294422	0.9979476	0.0002153493	2.463727e-20	-1
0	-0.069756344	0.997494	0.0002125717	0	0.009424778	0	-0.069756344	0.997494	0.0002125717	2.588905e-20	-1
0	-0.07819398	0.9968673	0.0002089662	0	0.0062831854	0	-0.07819398	0.9968673	0.0002089662	2.714016e-20	-1
0	-0.08654575	0.99617636	0.00020524782	0	0.0037699111	0	-0.08654575	0.99617636	0.00020524782	2.814039e-20	-1
0	-0.09140927	0.99574137	0.0002030222	0	0.002513274	0	-0.09140927	0.99574137	0.0002030222	2.864021e-20	-1
0	-0.09403403	0.99549675	0.00020180916	0	0.0018849556	0	-0.09403403	0.99549675	0.00020180916	2.8890042e-20	-1
0	-0.09682466	0.99522895	0.00020050655	0	0.001256637	0	-0.09682466	0.99522895	0.00020050655	2.9139802e-20	-1
0	-0.0979998	0.9951138	0.00019995443	0	0.0010053096	0	-0.0979998	0.9951138	0.00019995443	2.9239688e-20	-1
0	-0.099788904	0.99493587	0.00019911205	0	0.0006283185	0	-0.099788904	0.99493587	0.00019911205	2.9389495e-20	-1
0	-0.101662464	0.99474597	0.00019822567	0	0.0002513274	0	-0.101662464	0.99474597	0.00019822567	2.9539272e-20	-1
0	-0.101662464	0.99474597	0.00019822567	0	0.0001256637	0	-0.101662464	0.99474597	0.00019822567	2.9589194e-20	-1
0	-0.101662464	0.99474597	0.00019822567	0	6.283185e-05	0	-0.101662464	0.99474597	0.00019822567	2.9614155e-20	-1
0	-0.101662464	0.99474597	0.00019822567	0	2.5132742e-05	0	-0.101662464	0.99474597	0.00019822567	2.962913e-20	-1
0	-0.101662464	0.99474597	0.00019822567	0	1.2566371e-05	0	-0.101662464	0.99474597	0.00019822567	2.9634123e-20	-1
0	-0.101662464	0.99474597	0.00019822567	0	6.2831855e-06	0	-0.101662464	0.99474597	0.00019822567	2.9636618e-20	-1
0	-0.101662464	0.99474597	0.00019822567	0	2.513274e-06	0	-0.101662464	0.99474597	0.00019822567	2.9638117e-20	-1
0	-0.101662464	0.99474597	0.00019822567	0	1.256637e-06	0	-0.101662464	0.99474597	0.00019822567	2.9638615e-20	-1
0	-0.101662464	0.99474597	0.00019822567	0	6.283185e-07	0	-0.101662464	0.99474597	0.00019822567	2.9638867e-20	-1
0	-0.101662464	0.99474597	0.00019822567	0	2.513274e-07	0	-0.101662464	0.99474597	0.00019822567	2.9639015e-20	-1
0	-0.101662464	0.99474597	0.00019822567	0	1.256637e-07	0	-0.101662464	0.99474597	0.00019822567	2.9639064e-20	-1
0	-0.101662464	0.99474597	0.00019822567	0	0	0	-0.101662464	0.99474597	0.00019822567	2.9639116e-20	-1
0	-0.101662464	0.99474597	0.00019822567	0	-1.256637e-07	0	-0.101662464	0.99474597	0.00019822567	2.9639164e-20	-1
0	-0.101662464	0.99474597	0.00019822567	0	-2.513274e-07	0	-0.101662464	0.99474597	0.00019822567	2.9639216e-20	-1
0	-0.101662464	0.99474597	0.00019822567	0	-6.283185e-07	0	-0.101662464	0.99474597	0.00019822567	2.9639364e-20	-1
0	-0.101662464	0.99474597	0.00019822567	0	-1.256637e-06	0	-0.101662464	0.99474597	0.00019822567	2.9639613e-20	-1
0	-0.101662464	0.99474597	0.00019822567	0	-2.513274e-06	0	-0.101662464	0.99474597	0.00019822567	2.9640114e-20	-1
0	-0.101662464	0.99474597	0.00019822567	0	-6.2831855e-06	0	-0.101662464	0.99474597	0.00019822567	2.964161e-20	-1
0	-0.101662464	0.99474597	0.00019822567	0	-1.2566371e-05	0	-0.101662464	0.99474597	0.00019822567	2.9644108e-20	-1
0	-0.101662464	0.99474597	0.00019822567	0	-2.5132742e-05	0	-0.101662464	0.99474597	0.00019822567	2.96491e-20	-1
0	-0.103286766	0.9945785	0.0001974511	0	-6.283185e-05	0	-0.103286766	0.9945785	0.0001974511	2.9664067e-20	-1
0	-0.103286766	0.9945785	0.0001974511	0	-0.0001256637	0	-0.103286766	0.9945785	0.0001974511	2.968902e-20	-1
0	-0.103286766	0.9945785	0.0001974511	0	-0.0002513274	0	-0.103286766	0.9945785	0.0001974511	2.9738936e-20	-1
0	-0.106313035	0.99425924	0.00019600155	0	-0.0006283185	0	-0.106313035	0.99425924	0.00019600155	2.9888637e-20	-1
0	-0.10842794	0.9940307	0.00019498463	0	-0.0010053096	0	-0.10842794	0.9940307	0.00019498463	3.003831e-20	-1
0	-0.109898075	0.99386907	0.00019427206	0	-0.001256637	0	-0.109898075	0.99386907	0.00019427206	3.0138074e-20	-1
0	-0.1137466	0.9934356	0.00019240164	0	-0.0018849556	0	-0.1137466	0.9934356	0.00019240164	3.038741e-20	-1
0	-0.11786348	0.9929552	0.00019037403	0	-0.002513274	0	-0.11786348	0.9929552	0.00019037403	3.0636624e-20	-1
0	-0.12709484	0.99181485	0.00018579734	0	-0.0037699111	0	-0.12709484	0.99181485	0.00018579734	3.1134665e-20	-1
0	-0.15111738	0.9884372	0.00017356138	0	-0.0062831854	0	-0.15111738	0.9884372	0.00017356138	3.212861e-20	-1
0	-0.20289493	0.97911406	0.0001462119	0	-0.009424778	0	-0.20289493	0.97911406	0.0001462119	3.3363903e-20	-1
0	0.9512539	-0.30807668	-0.00018892181	0	-0.012566371	0	0.9512539	-0.30807668	-0.00018892181	2.698152e-20	-1
0	0.05260604	-0.9985467	-0.00021925101	0	-0.018849555	0	0.05260604	-0.9985467	-0.00021925101	2.2132348e-20	-1
0	0.045188718	-0.99891055	-0.00022171637	0	-0.025132742	0	0.045188718	-0.99891055	-0.00022171637	1.962625e-20	-1
0	0.03516312	-0.9993148	-0.0002243435	0	-0.03769911	0	0.03516312	-0.9993148	-0.0002243435	1.4612073e-20	-1
0	0.028764846	-0.9995203	-0.00022528385	0	-0.050265484	0	0.028764846	-0.9995203	-0.00022528385	9.596439e-21	-1
0	0.024327988	-0.999639	-0.00022535515	0	-0.06283186	0	0.024327988	-0.999639	-0.00022535515	4.580017e-21	-1
0	0.024327988	-0.999639	-0.00022535515	0	-0.06283186	0	0.024327988	-0.999639	-0.00022535515	4.580017e-21	1
0	0.02876282	-0.9995204	-0.00022528507	0	-0.050265484	0	0.02876282	-0.9995204	-0.00022528507	9.596438e-21	1
0	0.035153218	-0.99931514	-0.00022434791	0	-0.03769911	0	0.035153218	-0.99931514	-0.00022434791	1.461207e-20	1
0	0.045165226	-0.9989116	-0.00022172622	0	-0.025132742	0	0.045165226	-0.9989116	-0.00022172622	1.9626253e-20	1
0	0.052609403	-0.9985466	-0.0002192492	0	-0.018849555	0	0.052609403	-0.9985466	-0.0002192492	2.2132351e-20	1
0	0.06294322	-0.9979476	-0.00021534985	0	-0.012566371	0	0.06294322	-0.9979476	-0.00021534985	2.463727e-20	1
0	0.069759056	-0.99749374	-0.00021257321	0	-0.009424778	0	0.069759056	-0.99749374	-0.00021257321	2.5889052e-20	1
0	0.078195244	-0.9968672	-0.00020896207	0	-0.0062831854	0	0.078195244	-0.9968672	-0.00020896207	2.714016e-20	1
0	0.0865293	-0.9961778	-0.00020524715	0	-0.0037699111	0	0.0865293	-0.9961778	-0.00020524715	2.814039e-20	1
0	0.09139976	-0.9957423	-0.00020302695	0	-0.002513274	0	0.09139976	-0.9957423	-0.00020302695	2.8640214e-20	1
0	0.09402616	-0.99549747	-0.0002018123	0	-0.0018849556	0	0.09402616	-0.99549747	-0.0002018123	2.8890042e-20	1
0	0.096830726	-0.99522835	-0.00020050282	0	-0.001256637	0	0.096830726	-0.99522835	-0.00020050282	2.9139802e-20	1
0	0.09799808	-0.99511397	-0.00019995637	0	-0.0010053096	0	0.09799808	-0.99511397	-0.00019995637	2.9239688e-20	1
0	0.09979806	-0.9949349	-0.00019910715	0	-0.0006283185	0	0.09979806	-0.9949349	-0.00019910715	2.938949e-20	1
0	0.10171603	-0.9947405	-0.00019819735	0	-0.0002513274	0	0.10171603	-0.9947405	-0.00019819735	2.9539272e-20	1
0	0.102302015	-0.99468035	-0.0001979213	0	-0.0001256637	0	0.102302015	-0.99468035	-0.0001979213	2.9589188e-20	1
0	0.102302015	-0.99468035	-0.0001979213	0	-6.283185e-05	0	0.102302015	-0.99468035	-0.0001979213	2.9614148e-20	1
0	0.102302015	-0.99468035	-0.0001979213	0	-2.5132742e-05	0	0.102302015	-0.99468035	-0.0001979213	2.9629125e-20	1
0	0.102302015	-0.99468035	-0.0001979213	0	-1.2566371e-05	0	0.102302015	-0.99468035	-0.0001979213	2.9634114e-20	1
0	0.102302015	-0.99468035	-0.0001979213	0	-6.2831855e-06	0	0.102302015	-0.99468035	-0.0001979213	2.963661e-20	1
0	0.102302015	-0.99468035	-0.0001979213	0	-2.513274e-06	0	0.102302015	-0.99468035	-0.0001979213	2.9638108e-20	1
0	0.102302015	-0.99468035	-0.0001979213	0	-1.256637e-06	0	0.102302015	-0.99468035	-0.0001979213	2.9638608e-20	1
0	0.102302015	-0.99468035	-0.0001979213	0	-6.283185e-07	0	0.102302015	-0.99468035	-0.0001979213	2.9638857e-20	1
0	0.102302015	-0.99468035	-0.0001979213	0	-2.513274e-07	0	0.102302015	-0.99468035	-0.0001979213	2.9639006e-20	1
0	0.102302015	-0.99468035	-0.0001979213	0	-1.256637e-07	0	0.102302015	-0.99468035	-0.0001979213	2.9639057e-20	1
0	0.102302015	-0.99468035	-0.0001979213	0	0	0	0.102302015	-0.99468035	-0.0001979213	2.9639106e-20	1
0	0.102302015	-0.99468035	-0.0001979213	0	1.256637e-07	0	0.102302015	-0.99468035	-0.0001979213	2.9639158e-20	1
0	0.102302015	-0.99468035	-0.0001979213	0	2.513274e-07	0	0.102302015	-0.99468035	-0.0001979213	2.9639206e-20	1
0	0.102302015	-0.99468035	-0.0001979213	0	6.283185e-07	0	0.102302015	-0.99468035	-0.0001979213	2.9639358e-20	1
0	0.102302015	-0.99468035	-0.0001979213	0	1.256637e-06	0	0.102302015	-0.99468035	-0.0001979213	2.9639607e-20	1
0	0.102302015	-0.99468035	-0.0001979213	0	2.513274e-06	0	0.102302015	-0.99468035	-0.0001979213	2.9640104e-20	1
0	0.102302015	-0.99468035	-0.0001979213	0	6.2831855e-06	0	0.102302015	-0.99468035	-0.0001979213	2.9641604e-20	1
0	0.102302015	-0.99468035	-0.0001979213	0	1.2566371e-05	0	0.102302015	-0.99468035	-0.0001979213	2.9644098e-20	1
0	0.102302015	-0.99468035	-0.0001979213	0	2.5132742e-05	0	0.102302015	-0.99468035	-0.0001979213	2.964909e-20	1
0	0.102302015	-0.99468035	-0.0001979213	0	6.283185e-05	0	0.102302015	-0.99468035	-0.0001979213	2.9664067e-20	1
0	0.102302015	-0.99468035	-0.0001979213	0	0.0001256637	0	0.102302015	-0.99468035	-0.0001979213	2.9689024e-20	1
0	0.104288995	-0.9944738	-0.00019697216	0	0.0002513274	0	0.104288995	-0.9944738	-0.00019697216	2.973893e-20	1
0	0.1063095	-0.9942596	-0.00019600551	0	0.0006283185	0	0.1063095	-0.9942596	-0.00019600551	2.9888633e-20	1
0	0.10843149	-0.99403024	-0.00019498357	0	0.0010053096	0	0.10843149	-0.99403024	-0.00019498357	3.003831e-20	1
0	0.10992165	-0.99386644	-0.00019425972	0	0.001256637	0	0.10992165	-0.99386644	-0.00019425972	3.013807e-20	1
0	0.11371551	-0.9934391	-0.00019241738	0	0.0018849556	0	0.11371551	-0.9934391	-0.00019241738	3.0387407e-20	1
0	0.11785494	-0.99295616	-0.00019038662	0	0.002513274	0	0.11785494	-0.99295616	-0.00019038662	3.0636628e-20	1
0	0.127081	-0.9918167	-0.00018580515	0	0.0037699111	0	0.127081	-0.9918167	-0.00018580515	3.1134665e-20	1
0	0.15111095	-0.9884381	-0.00017356462	0	0.0062831854	0	0.15111095	-0.9884381	-0.00017356462	3.2128606e-20	1
0	0.20278607	-0.9791366	-0.00014627072	0	0.009424778	0	0.20278607	-0.9791366	-0.00014627072	3.3363907e-20	1
0	-0.9512458	0.3081016	0.00018890877	0	0.012566371	0	-0.9512458	0.3081016	0.00018890877	2.6981522e-20	1
0	-0.052618153	0.99854606	0.00021924562	0	0.018849555	0	-0.052618153	0.99854606	0.00021924562	2.2132348e-20	1
0	-0.045172848	0.99891126	0.00022172254	0	0.025132742	0	-0.045172848	0.99891126	0.00022172254	1.9626251e-20	1
0	-0.03516453	0.99931467	0.0002243464	0	0.03769911	0	-0.03516453	0.99931467	0.0002243464	1.461207e-20	1
0	-0.02876776	0.9995202	0.00022528371	0	0.050265484	0	-0.02876776	0.9995202	0.00022528371	9.596437e-21	1
0	-0.024328914	0.9996389	0.00022534683	0	0.06283186	0	-0.024328914	0.9996389	0.00022534683	4.5800146e-21	1
