# t (s)	mx ()	my ()	mz ()	B_extx (T)	B_exty (T)	B_extz (T)	mx ()	my ()	mz ()	E_total (J)	branch ()
0	-0.027260918	0.99956274	0.0009386111	0	0.06283186	0	-0.027260918	0.99956274	0.0009386111	4.5757673e-21	-1
0	-0.032242917	0.9994136	0.00095223973	0	0.050265484	0	-0.032242917	0.9994136	0.00095223973	9.591737e-21	-1
0	-0.039422475	0.99915516	0.00096865126	0	0.03769911	0	-0.039422475	0.99915516	0.00096865126	1.4606714e-20	-1
0	-0.050649256	0.99864787	0.000989959	0	0.025132742	0	-0.050649256	0.99864787	0.000989959	1.9619863e-20	-1
0	-0.05899752	0.99818873	0.0010038014	0	0.018849555	0	-0.05899752	0.99818873	0.0010038014	2.2125191e-20	-1
0	-0.07055355	0.99743754	0.0010211894	0	0.012566371	0	-0.07055355	0.99743754	0.0010211894	2.4629043e-20	-1
0	-0.07815835	0.9968698	0.001031819	0	0.009424778	0	-0.07815835	0.9968698	0.001031819	2.588011e-20	-1
0	-0.08756428	0.99608684	0.0010442738	0	0.0062831854	0	-0.08756428	0.99608684	0.0010442738	2.7130345e-20	-1
0	-0.09685756	0.9952254	0.0010559608	0	0.0037699111	0	-0.09685756	0.9952254	0.0010559608	2.8129708e-20	-1
0	-0.102282345	0.99468195	0.0010625212	0	0.002513274	0	-0.102282345	0.99468195	0.0010625212	2.862903e-20	-1
0	-0.10518594	0.9943789	0.0010659659	0	0.0018849556	0	-0.10518594	0.9943789	0.0010659659	2.8878584e-20	-1
0	-0.10828917	0.9940454	0.0010695915	0	0.001256637	0	-0.10828917	0.9940454	0.0010695915	2.9128054e-20	-1
0	-0.10828917	0.9940454	0.0010695915	0	0.0010053096	0	-0.10828917	0.9940454	0.0010695915	2.9227826e-20	-1
0	-0.111587845	0.9936802	0.0010733828	0	0.0006283185	0	-0.111587845	0.9936802	0.0010733828	2.9377442e-20	-1
0	-0.11365928	0.99344516	0.0010757322	0	0.0002513274	0	-0.11365928	0.99344516	0.0010757322	2.9527026e-20	-1
0	-0.11365928	0.99344516	0.0010757322	0	0.0001256637	0	-0.11365928	0.99344516	0.0010757322	2.9576883e-20	-1
0	-0.11365928	0.99344516	0.0010757322	0	6.283185e-05	0	-0.11365928	0.99344516	0.0010757322	2.9601812e-20	-1
0	-0.11365928	0.99344516	0.0010757322	0	2.5132742e-05	0	-0.11365928	0.99344516	0.0010757322	2.961677e-20	-1
0	-0.11365928	0.99344516	0.0010757322	0	1.2566371e-05	0	-0.11365928	0.99344516	0.0010757322	2.9621755e-20	-1
0	-0.11365928	0.99344516	0.0010757322	0	6.2831855e-06	0	-0.11365928	0.99344516	0.0010757322	2.9624246e-20	-1
0	-0.11365928	0.99344516	0.0010757322	0	2.513274e-06	0	-0.11365928	0.99344516	0.0010757322	2.9625742e-20	-1
0	-0.11365928	0.99344516	0.0010757322	0	1.256637e-06	0	-0.11365928	0.99344516	0.0010757322	2.962624e-20	-1
0	-0.11365928	0.99344516	0.0010757322	0	6.283185e-07	0	-0.11365928	0.99344516	0.0010757322	2.962649e-20	-1
0	-0.11365928	0.99344516	0.0010757322	0	2.513274e-07	0	-0.11365928	0.99344516	0.0010757322	2.962664e-20	-1
0	-0.11365928	0.99344516	0.0010757322	0	1.256637e-07	0	-0.11365928	0.99344516	0.0010757322	2.962669e-20	-1
0	-0.11365928	0.99344516	0.0010757322	0	0	0	-0.11365928	0.99344516	0.0010757322	2.962674e-20	-1
0	-0.11365928	0.99344516	0.0010757322	0	-1.256637e-07	0	-0.11365928	0.99344516	0.0010757322	2.962679e-20	-1
0	-0.11365928	0.99344516	0.0010757322	0	-2.513274e-07	0	-0.11365928	0.99344516	0.0010757322	2.962684e-20	-1
0	-0.11365928	0.99344516	0.0010757322	0	-6.283185e-07	0	-0.11365928	0.99344516	0.0010757322	2.962699e-20	-1
0	-0.11365928	0.99344516	0.0010757322	0	-1.256637e-06	0	-0.11365928	0.99344516	0.0010757322	2.9627238e-20	-1
0	-0.11365928	0.99344516	0.0010757322	0	-2.513274e-06	0	-0.11365928	0.99344516	0.0010757322	2.9627735e-20	-1
0	-0.11365928	0.99344516	0.0010757322	0	-6.2831855e-06	0	-0.11365928	0.99344516	0.0010757322	2.962923e-20	-1
0	-0.11365928	0.99344516	0.0010757322	0	-1.2566371e-05	0	-0.11365928	0.99344516	0.0010757322	2.9631726e-20	-1
0	-0.11365928	0.99344516	0.0010757322	0	-2.5132742e-05	0	-0.11365928	0.99344516	0.0010757322	2.9636712e-20	-1
0	-0.11365928	0.99344516	0.0010757322	0	-6.283185e-05	0	-0.11365928	0.99344516	0.0010757322	2.965167e-20	-1
0	-0.11578952	0.99319893	0.00107813	0	-0.0001256637	0	-0.11578952	0.99319893	0.00107813	2.9676578e-20	-1
0	-0.11578952	0.99319893	0.00107813	0	-0.0002513274	0	-0.11578952	0.99319893	0.00107813	2.9726422e-20	-1
0	-0.11880754	0.9928421	0.0010814834	0	-0.0006283185	0	-0.11880754	0.9928421	0.0010814834	2.9875915e-20	-1
0	-0.121166036	0.9925568	0.0010840634	0	-0.0010053096	0	-0.121166036	0.9925568	0.0010840634	3.0025373e-20	-1
0	-0.121166036	0.9925568	0.0010840634	0	-0.001256637	0	-0.121166036	0.9925568	0.0010840634	3.0124997e-20	-1
0	-0.12703097	0.9918226	0.0010903727	0	-0.0018849556	0	-0.12703097	0.9918226	0.0010903727	3.0373927e-20	-1
0	-0.13161534	0.99122417	0.0010951811	0	-0.002513274	0	-0.13161534	0.99122417	0.0010951811	3.0622727e-20	-1
0	-0.14186761	0.9898077	0.0011055605	0	-0.0037699111	0	-0.14186761	0.9898077	0.0011055605	3.1119834e-20	-1
0	-0.16847599	0.9856242	0.0011301658	0	-0.0062831854	0	-0.16847599	0.9856242	0.0011301658	3.211139e-20	-1
0	-0.22748938	0.9736891	0.0011725887	0	-0.009424778	0	-0.22748938	0.9736891	0.0011725887	3.3341873e-20	-1
0	0.95179784	-0.3063925	0.00031136908	0	-0.012566371	0	0.95179784	-0.3063925	0.00031136908	2.7027262e-20	-1
0	0.059017316	-0.99818754	-0.001003825	0	-0.018849555	0	0.059017316	-0.99818754	-0.001003825	2.2125191e-20	-1
0	0.050657228	-0.99864745	-0.0009899789	0	-0.025132742	0	0.050657228	-0.99864745	-0.0009899789	1.9619866e-20	-1
0	0.03942981	-0.9991549	-0.00096865953	0	-0.03769911	0	0.03942981	-0.9991549	-0.00096865953	1.4606714e-20	-1
0	0.032246888	-0.9994135	-0.0009522443	0	-0.050265484	0	0.032246888	-0.9994135	-0.0009522443	9.591735e-21	-1
0	0.027261741	-0.99956274	-0.0009386079	0	-0.06283186	0	0.027261741	-0.99956274	-0.0009386079	4.575765e-21	-1
0	0.027261741	-0.99956274	-0.0009386079	0	-0.06283186	0	0.027261741	-0.99956274	-0.0009386079	4.575765e-21	1
0	0.03224066	-0.9994137	-0.0009522365	0	-0.050265484	0	0.03224066	-0.9994137	-0.0009522365	9.591734e-21	1
0	0.039426245	-0.99915504	-0.00096865627	0	-0.03769911	0	0.039426245	-0.99915504	-0.00096865627	1.460671e-20	1
0	0.050637454	-0.9986484	-0.0009899535	0	-0.025132742	0	0.050637454	-0.9986484	-0.0009899535	1.9619866e-20	1
0	0.058995575	-0.9981888	-0.0010037993	0	-0.018849555	0	0.058995575	-0.9981888	-0.0010037993	2.2125191e-20	1
0	0.07055885	-0.9974372	-0.0010211952	0	-0.012566371	0	0.07055885	-0.9974372	-0.0010211952	2.462904e-20	1
0	0.07817103	-0.99686885	-0.0010318368	0	-0.009424778	0	0.07817103	-0.99686885	-0.0010318368	2.5880113e-20	1
0	0.08757502	-0.9960859	-0.0010442934	0	-0.0062831854	0	0.08757502	-0.9960859	-0.0010442934	2.713034e-20	1
0	0.09687255	-0.9952239	-0.0010559738	0	-0.0037699111	0	0.09687255	-0.9952239	-0.0010559738	2.8129705e-20	1
0	0.10226029	-0.9946842	-0.0010624959	0	-0.002513274	0	0.10226029	-0.9946842	-0.0010624959	2.8629028e-20	1
0	0.10517996	-0.9943795	-0.0010659599	0	-0.0018849556	0	0.10517996	-0.9943795	-0.0010659599	2.887858e-20	1
0	0.10829911	-0.9940443	-0.0010696	0	-0.001256637	0	0.10829911	-0.9940443	-0.0010696	2.9128057e-20	1
0	0.10829911	-0.9940443	-0.0010696	0	-0.0010053096	0	0.10829911	-0.9940443	-0.0010696	2.922783e-20	1
0	0.11158542	-0.9936805	-0.0010733797	0	-0.0006283185	0	0.11158542	-0.9936805	-0.0010733797	2.937744e-20	1
0	0.11367346	-0.99344355	-0.0010757486	0	-0.0002513274	0	0.11367346	-0.99344355	-0.0010757486	2.9527026e-20	1
0	0.11367346	-0.99344355	-0.0010757486	0	-0.0001256637	0	0.11367346	-0.99344355	-0.0010757486	2.9576883e-20	1
0	0.11367346	-0.99344355	-0.0010757486	0	-6.283185e-05	0	0.11367346	-0.99344355	-0.0010757486	2.960181e-20	1
0	0.11367346	-0.99344355	-0.0010757486	0	-2.5132742e-05	0	0.11367346	-0.99344355	-0.0010757486	2.9616766e-20	1
0	0.11367346	-0.99344355	-0.0010757486	0	-1.2566371e-05	0	0.11367346	-0.99344355	-0.0010757486	2.962175e-20	1
0	0.11367346	-0.99344355	-0.0010757486	0	-6.2831855e-06	0	0.11367346	-0.99344355	-0.0010757486	2.9624246e-20	1
0	0.11367346	-0.99344355	-0.0010757486	0	-2.513274e-06	0	0.11367346	-0.99344355	-0.0010757486	2.9625742e-20	1
0	0.11367346	-0.99344355	-0.0010757486	0	-1.256637e-06	0	0.11367346	-0.99344355	-0.0010757486	2.962624e-20	1
0	0.11367346	-0.99344355	-0.0010757486	0	-6.283185e-07	0	0.11367346	-0.99344355	-0.0010757486	2.9626488e-20	1
0	0.11367346	-0.99344355	-0.0010757486	0	-2.513274e-07	0	0.11367346	-0.99344355	-0.0010757486	2.9626637e-20	1
0	0.11367346	-0.99344355	-0.0010757486	0	-1.256637e-07	0	0.11367346	-0.99344355	-0.0010757486	2.962669e-20	1
0	0.11367346	-0.99344355	-0.0010757486	0	0	0	0.11367346	-0.99344355	-0.0010757486	2.9626737e-20	1
0	0.11367346	-0.99344355	-0.0010757486	0	1.256637e-07	0	0.11367346	-0.99344355	-0.0010757486	2.962679e-20	1
0	0.11367346	-0.99344355	-0.0010757486	0	2.513274e-07	0	0.11367346	-0.99344355	-0.0010757486	2.9626837e-20	1
0	0.11367346	-0.99344355	-0.0010757486	0	6.283185e-07	0	0.11367346	-0.99344355	-0.0010757486	2.9626986e-20	1
0	0.11367346	-0.99344355	-0.0010757486	0	1.256637e-06	0	0.11367346	-0.99344355	-0.0010757486	2.9627238e-20	1
0	0.11367346	-0.99344355	-0.0010757486	0	2.513274e-06	0	0.11367346	-0.99344355	-0.0010757486	2.9627735e-20	1
0	0.11367346	-0.99344355	-0.0010757486	0	6.2831855e-06	0	0.11367346	-0.99344355	-0.0010757486	2.962923e-20	1
0	0.11367346	-0.99344355	-0.0010757486	0	1.2566371e-05	0	0.11367346	-0.99344355	-0.0010757486	2.9631723e-20	1
0	0.11367346	-0.99344355	-0.0010757486	0	2.5132742e-05	0	0.11367346	-0.99344355	-0.0010757486	2.963671e-20	1
0	0.11367346	-0.99344355	-0.0010757486	0	6.283185e-05	0	0.11367346	-0.99344355	-0.0010757486	2.9651666e-20	1
0	0.115795046	-0.9931983	-0.0010781359	0	0.0001256637	0	0.115795046	-0.9931983	-0.0010781359	2.9676578e-20	1
0	0.115795046	-0.9931983	-0.0010781359	0	0.0002513274	0	0.115795046	-0.9931983	-0.0010781359	2.9726422e-20	1
0	0.11880887	-0.99284196	-0.0010814798	0	0.0006283185	0	0.11880887	-0.99284196	-0.0010814798	2.9875915e-20	1
0	0.12118156	-0.9925549	-0.0010840802	0	0.0010053096	0	0.12118156	-0.9925549	-0.0010840802	3.0025373e-20	1
0	0.12118156	-0.9925549	-0.0010840802	0	0.001256637	0	0.12118156	-0.9925549	-0.0010840802	3.0124997e-20	1
0	0.127036	-0.991822	-0.0010903783	0	0.0018849556	0	0.127036	-0.991822	-0.0010903783	3.0373923e-20	1
0	0.13160594	-0.9912255	-0.0010951702	0	0.002513274	0	0.13160594	-0.9912255	-0.0010951702	3.062273e-20	1
0	-0.99982	-0.014994997	-0.0006511209	0	0.0037699111	0	-0.99982	-0.014994997	-0.0006511209	2.743076e-20	1
0	-0.99868643	0.049879525	-0.00062038074	0	0.0062831854	0	-0.99868643	0.049879525	-0.00062038074	2.7413783e-20	1
0	-0.9893105	0.14530101	-0.00054085266	0	0.009424778	0	-0.9893105	0.14530101	-0.00054085266	2.729379e-20	1
0	-0.95181847	0.30632842	-0.00031148473	0	0.012566371	0	-0.95181847	0.30632842	-0.00031148473	2.7027262e-20	1
0	-0.05899939	0.9981886	0.0010038029	0	0.018849555	0	-0.05899939	0.9981886	0.0010038029	2.2125194e-20	1
0	-0.050659757	0.99864733	0.0009899817	0	0.025132742	0	-0.050659757	0.99864733	0.0009899817	1.9619861e-20	1
0	-0.03942905	0.9991549	0.00096865965	0	0.03769911	0	-0.03942905	0.9991549	0.00096865965	1.4606714e-20	1
0	-0.032244205	0.9994136	0.0009522411	0	0.050265484	0	-0.032244205	0.9994136	0.0009522411	9.591734e-21	1
0	-0.027262304	0.99956274	0.00093861343	0	0.06283186	0	-0.027262304	0.99956274	0.00093861343	4.5757685e-21	1
