# t (s)	mx ()	my ()	mz ()	B_extx (T)	B_exty (T)	B_extz (T)	mx ()	my ()	mz ()	E_total (J)	branch ()
0	0.999933	0.0023267295	-0.0013645804	0.06283186	0	0	0.999933	0.0023267295	-0.0013645804	2.273116e-21	-1
0	0.99993145	0.0026412506	-0.0013750563	0.050265484	0	0	0.99993145	0.0026412506	-0.0013750563	7.291281e-21	-1
0	0.9999294	0.0030570207	-0.0013857333	0.03769911	0	0	0.9999294	0.0030570207	-0.0013857333	1.2309442e-20	-1
0	0.9999268	0.0036273627	-0.0013965818	0.025132742	0	0	0.9999268	0.0036273627	-0.0013965818	1.7327584e-20	-1
0	0.99992496	0.003997869	-0.0014020379	0.018849555	0	0	0.99992496	0.003997869	-0.0014020379	1.983665e-20	-1
0	0.99992263	0.0044582137	-0.0014075589	0.012566371	0	0	0.99992263	0.0044582137	-0.0014075589	2.2345716e-20	-1
0	0.9999212	0.004729497	-0.0014103353	0.009424778	0	0	0.9999212	0.004729497	-0.0014103353	2.3600242e-20	-1
0	0.99991953	0.005032789	-0.0014131231	0.0062831854	0	0	0.99991953	0.005032789	-0.0014131231	2.4854771e-20	-1
0	0.999918	0.0053017954	-0.0014153605	0.0037699111	0	0	0.999918	0.0053017954	-0.0014153605	2.5858387e-20	-1
0	0.99991703	0.0054613994	-0.0014164818	0.002513274	0	0	0.99991703	0.0054613994	-0.0014164818	2.6360196e-20	-1
0	0.99991655	0.0055362433	-0.0014170392	0.0018849556	0	0	0.99991655	0.0055362433	-0.0014170392	2.6611101e-20	-1
0	0.9999161	0.005614387	-0.0014176047	0.001256637	0	0	0.9999161	0.005614387	-0.0014176047	2.6862004e-20	-1
0	0.9999161	0.005614387	-0.0014176047	0.0010053096	0	0	0.9999161	0.005614387	-0.0014176047	2.6962366e-20	-1
0	0.9999156	0.0056906827	-0.0014181668	0.0006283185	0	0	0.9999156	0.0056906827	-0.0014181668	2.711291e-20	-1
0	0.99991524	0.00575352	-0.0014185045	0.0002513274	0	0	0.99991524	0.00575352	-0.0014185045	2.7263453e-20	-1
0	0.9999151	0.005768785	-0.0014186169	0.0001256637	0	0	0.9999151	0.005768785	-0.0014186169	2.7313636e-20	-1
0	0.9999151	0.005768785	-0.0014186169	6.283185e-05	0	0	0.9999151	0.005768785	-0.0014186169	2.7338726e-20	-1
0	0.9999151	0.005768785	-0.0014186169	2.5132742e-05	0	0	0.9999151	0.005768785	-0.0014186169	2.735378e-20	-1
0	0.9999151	0.005768785	-0.0014186169	1.2566371e-05	0	0	0.9999151	0.005768785	-0.0014186169	2.73588e-20	-1
0	0.9999151	0.005768785	-0.0014186169	6.2831855e-06	0	0	0.9999151	0.005768785	-0.0014186169	2.7361306e-20	-1
0	0.9999151	0.005768785	-0.0014186169	2.513274e-06	0	0	0.9999151	0.005768785	-0.0014186169	2.736281e-20	-1
0	0.9999151	0.005768785	-0.0014186169	1.256637e-06	0	0	0.9999151	0.005768785	-0.0014186169	2.7363316e-20	-1
0	0.9999151	0.005768785	-0.0014186169	6.283185e-07	0	0	0.9999151	0.005768785	-0.0014186169	2.7363564e-20	-1
0	0.9999151	0.005768785	-0.0014186169	2.513274e-07	0	0	0.9999151	0.005768785	-0.0014186169	2.7363716e-20	-1
0	0.9999151	0.005768785	-0.0014186169	1.256637e-07	0	0	0.9999151	0.005768785	-0.0014186169	2.7363765e-20	-1
0	0.9999151	0.005768785	-0.0014186169	0	0	0	0.9999151	0.005768785	-0.0014186169	2.7363816e-20	-1
0	0.9999151	0.005768785	-0.0014186169	-1.256637e-07	0	0	0.9999151	0.005768785	-0.0014186169	2.7363865e-20	-1
0	0.9999151	0.005768785	-0.0014186169	-2.513274e-07	0	0	0.9999151	0.005768785	-0.0014186169	2.7363917e-20	-1
0	0.9999151	0.005768785	-0.0014186169	-6.283185e-07	0	0	0.9999151	0.005768785	-0.0014186169	2.736407e-20	-1
0	0.9999151	0.005768785	-0.0014186169	-1.256637e-06	0	0	0.9999151	0.005768785	-0.0014186169	2.7364317e-20	-1
0	0.9999151	0.005768785	-0.0014186169	-2.513274e-06	0	0	0.9999151	0.005768785	-0.0014186169	2.736482e-20	-1
0	0.9999151	0.005768785	-0.0014186169	-6.2831855e-06	0	0	0.9999151	0.005768785	-0.0014186169	2.7366324e-20	-1
0	0.9999151	0.005768785	-0.0014186169	-1.2566371e-05	0	0	0.9999151	0.005768785	-0.0014186169	2.7368834e-20	-1
0	0.9999151	0.005768785	-0.0014186169	-2.5132742e-05	0	0	0.9999151	0.005768785	-0.0014186169	2.7373852e-20	-1
0	0.9999151	0.005768785	-0.0014186169	-6.283185e-05	0	0	0.9999151	0.005768785	-0.0014186169	2.7388907e-20	-1
0	0.9999151	0.005768785	-0.0014186169	-0.0001256637	0	0	0.9999151	0.005768785	-0.0014186169	2.7413997e-20	-1
0	0.9999149	0.005809167	-0.0014189542	-0.0002513274	0	0	0.9999149	0.005809167	-0.0014189542	2.7464177e-20	-1
0	0.99991447	0.005870552	-0.0014192921	-0.0006283185	0	0	0.99991447	0.005870552	-0.0014192921	2.7614717e-20	-1
0	0.99991417	0.00592737	-0.0014196299	-0.0010053096	0	0	0.99991417	0.00592737	-0.0014196299	2.776526e-20	-1
0	0.99991417	0.00592737	-0.0014196299	-0.001256637	0	0	0.99991417	0.00592737	-0.0014196299	2.7865624e-20	-1
0	0.9999133	0.0060555805	-0.001420419	-0.0018849556	0	0	0.9999133	0.0060555805	-0.001420419	2.8116525e-20	-1
0	0.99991274	0.0061426857	-0.0014209829	-0.002513274	0	0	0.99991274	0.0061426857	-0.0014209829	2.836743e-20	-1
0	0.9999113	0.0063528665	-0.0014221122	-0.0037699111	0	0	0.9999113	0.0063528665	-0.0014221122	2.8869233e-20	-1
0	0.99990827	0.006793827	-0.0014243689	-0.0062831854	0	0	0.99990827	0.006793827	-0.0014243689	2.987285e-20	-1
0	0.99990344	0.0074475054	-0.001427209	-0.009424778	0	0	0.99990344	0.0074475054	-0.001427209	3.1127353e-20	-1
0	0.999897	0.008234933	-0.00143005	-0.012566371	0	0	0.999897	0.008234933	-0.00143005	3.238186e-20	-1
0	0.999876	0.010441758	-0.0014357285	-0.018849555	0	0	0.999876	0.010441758	-0.0014357285	3.4890824e-20	-1
0	0.99982846	0.014258444	-0.0014413138	-0.025132742	0	0	0.99982846	0.014258444	-0.0014413138	3.7399718e-20	-1
0	0.99836123	0.055955242	-0.0014426616	-0.03769911	0	0	0.99836123	0.055955242	-0.0014426616	4.2415896e-20	-1
0	-0.99993145	-0.002642691	0.001375077	-0.050265484	0	0	-0.99993145	-0.002642691	0.001375077	7.29128e-21	-1
0	-0.999933	-0.0023265816	0.0013645801	-0.06283186	0	0	-0.999933	-0.0023265816	0.0013645801	2.273116e-21	-1
0	-0.999933	-0.0023265816	0.0013645801	-0.06283186	0	0	-0.999933	-0.0023265816	0.0013645801	2.273116e-21	1
0	-0.99993145	-0.0026426513	0.0013750741	-0.050265484	0	0	-0.99993145	-0.0026426513	0.0013750741	7.291281e-21	1
0	-0.9999294	-0.003057704	0.001385733	-0.03769911	0	0	-0.9999294	-0.003057704	0.001385733	1.2309441e-20	1
0	-0.9999268	-0.0036260854	0.0013965783	-0.025132742	0	0	-0.9999268	-0.0036260854	0.0013965783	1.7327586e-20	1
0	-0.99992496	-0.004000451	0.0014020379	-0.018849555	0	0	-0.99992496	-0.004000451	0.0014020379	1.9836652e-20	1
0	-0.99992263	-0.0044466723	0.0014075587	-0.012566371	0	0	-0.99992263	-0.0044466723	0.0014075587	2.2345714e-20	1
0	-0.9999212	-0.0047297496	0.0014103377	-0.009424778	0	0	-0.9999212	-0.0047297496	0.0014103377	2.3600243e-20	1
0	-0.99991953	-0.0050321426	0.001413123	-0.0062831854	0	0	-0.99991953	-0.0050321426	0.001413123	2.485477e-20	1
0	-0.9999179	-0.0053083077	0.0014153613	-0.0037699111	0	0	-0.9999179	-0.0053083077	0.0014153613	2.5858387e-20	1
0	-0.99991703	-0.00546184	0.0014164813	-0.002513274	0	0	-0.99991703	-0.00546184	0.0014164813	2.6360196e-20	1
0	-0.99991655	-0.0055312295	0.0014170429	-0.0018849556	0	0	-0.99991655	-0.0055312295	0.0014170429	2.6611103e-20	1
0	-0.9999161	-0.0056107147	0.0014176047	-0.001256637	0	0	-0.9999161	-0.0056107147	0.0014176047	2.6862009e-20	1
0	-0.9999161	-0.0056107147	0.0014176047	-0.0010053096	0	0	-0.9999161	-0.0056107147	0.0014176047	2.696237e-20	1
0	-0.9999156	-0.005698951	0.0014181668	-0.0006283185	0	0	-0.9999156	-0.005698951	0.0014181668	2.711291e-20	1
0	-0.99991524	-0.005747854	0.0014185042	-0.0002513274	0	0	-0.99991524	-0.005747854	0.0014185042	2.7263453e-20	1
0	-0.99991524	-0.005747854	0.0014185042	-0.0001256637	0	0	-0.99991524	-0.005747854	0.0014185042	2.7313633e-20	1
0	-0.99991524	-0.005747854	0.0014185042	-6.283185e-05	0	0	-0.99991524	-0.005747854	0.0014185042	2.7338723e-20	1
0	-0.9999151	-0.005773785	0.0014187066	-2.5132742e-05	0	0	-0.9999151	-0.005773785	0.0014187066	2.735378e-20	1
0	-0.9999151	-0.005773785	0.0014187066	-1.2566371e-05	0	0	-0.9999151	-0.005773785	0.0014187066	2.73588e-20	1
0	-0.9999151	-0.005773785	0.0014187066	-6.2831855e-06	0	0	-0.9999151	-0.005773785	0.0014187066	2.736131e-20	1
0	-0.9999151	-0.005773785	0.0014187066	-2.513274e-06	0	0	-0.9999151	-0.005773785	0.0014187066	2.7362815e-20	1
0	-0.9999151	-0.005773785	0.0014187066	-1.256637e-06	0	0	-0.9999151	-0.005773785	0.0014187066	2.7363316e-20	1
0	-0.9999151	-0.005773785	0.0014187066	-6.283185e-07	0	0	-0.9999151	-0.005773785	0.0014187066	2.7363568e-20	1
0	-0.9999151	-0.005773785	0.0014187066	-2.513274e-07	0	0	-0.9999151	-0.005773785	0.0014187066	2.7363716e-20	1
0	-0.9999151	-0.005773785	0.0014187066	-1.256637e-07	0	0	-0.9999151	-0.005773785	0.0014187066	2.7363768e-20	1
0	-0.9999151	-0.005773785	0.0014187066	0	0	0	-0.9999151	-0.005773785	0.0014187066	2.7363816e-20	1
0	-0.9999151	-0.005773785	0.0014187066	1.256637e-07	0	0	-0.9999151	-0.005773785	0.0014187066	2.7363868e-20	1
0	-0.9999151	-0.005773785	0.0014187066	2.513274e-07	0	0	-0.9999151	-0.005773785	0.0014187066	2.7363917e-20	1
0	-0.9999151	-0.005773785	0.0014187066	6.283185e-07	0	0	-0.9999151	-0.005773785	0.0014187066	2.736407e-20	1
0	-0.9999151	-0.005773785	0.0014187066	1.256637e-06	0	0	-0.9999151	-0.005773785	0.0014187066	2.736432e-20	1
0	-0.9999151	-0.005773785	0.0014187066	2.513274e-06	0	0	-0.9999151	-0.005773785	0.0014187066	2.736482e-20	1
0	-0.9999151	-0.005773785	0.0014187066	6.2831855e-06	0	0	-0.9999151	-0.005773785	0.0014187066	2.7366327e-20	1
0	-0.9999151	-0.005773785	0.0014187066	1.2566371e-05	0	0	-0.9999151	-0.005773785	0.0014187066	2.7368834e-20	1
0	-0.9999151	-0.005773785	0.0014187066	2.5132742e-05	0	0	-0.9999151	-0.005773785	0.0014187066	2.7373852e-20	1
0	-0.9999151	-0.005773785	0.0014187066	6.283185e-05	0	0	-0.9999151	-0.005773785	0.0014187066	2.7388907e-20	1
0	-0.999915	-0.00580242	0.0014188243	0.0001256637	0	0	-0.999915	-0.00580242	0.0014188243	2.7413997e-20	1
0	-0.9999149	-0.005813932	0.0014189546	0.0002513274	0	0	-0.9999149	-0.005813932	0.0014189546	2.7464177e-20	1
0	-0.99991447	-0.005871059	0.0014192944	0.0006283185	0	0	-0.99991447	-0.005871059	0.0014192944	2.761472e-20	1
0	-0.99991417	-0.0059271688	0.0014196299	0.0010053096	0	0	-0.99991417	-0.0059271688	0.0014196299	2.776526e-20	1
0	-0.99991417	-0.0059271688	0.0014196299	0.001256637	0	0	-0.99991417	-0.0059271688	0.0014196299	2.786562e-20	1
0	-0.99991333	-0.006049425	0.0014204188	0.0018849556	0	0	-0.99991333	-0.006049425	0.0014204188	2.8116525e-20	1
0	-0.99991274	-0.0061392225	0.0014209829	0.002513274	0	0	-0.99991274	-0.0061392225	0.0014209829	2.836743e-20	1
0	-0.99991137	-0.0063472223	0.0014221119	0.0037699111	0	0	-0.99991137	-0.0063472223	0.0014221119	2.8869237e-20	1
0	-0.9999084	-0.0067800265	0.0014243743	0.0062831854	0	0	-0.9999084	-0.0067800265	0.0014243743	2.987285e-20	1
0	-0.99990344	-0.007445926	0.0014272076	0.009424778	0	0	-0.99990344	-0.007445926	0.0014272076	3.1127353e-20	1
0	-0.999897	-0.008238421	0.0014300493	0.012566371	0	0	-0.999897	-0.008238421	0.0014300493	3.238186e-20	1
0	-0.999876	-0.01044224	0.0014357367	0.018849555	0	0	-0.999876	-0.01044224	0.0014357367	3.4890827e-20	1
0	-0.9998283	-0.014266724	0.0014413132	0.025132742	0	0	-0.9998283	-0.014266724	0.0014413132	3.7399718e-20	1
0	-0.998363	-0.05592192	0.0014426762	0.03769911	0	0	-0.998363	-0.05592192	0.0014426762	4.2415896e-20	1
0	0.99993145	0.0026445077	-0.0013750747	0.050265484	0	0	0.99993145	0.0026445077	-0.0013750747	7.29128e-21	1
0	0.999933	0.0023274492	-0.0013645804	0.06283186	0	0	0.999933	0.0023274492	-0.0013645804	2.273116e-21	1
