# t (s)	mx ()	my ()	mz ()	B_extx (T)	B_exty (T)	B_extz (T)	mx ()	my ()	mz ()	E_total (J)	branch ()
0	-0.06870637	0.99756634	-0.0024530846	0	0.06283186	0	-0.06870637	0.99756634	-0.0024530846	4.812138e-21	-1
0	-0.08396189	0.9963968	-0.0024206822	0	0.050265484	0	-0.08396189	0.9963968	-0.0024206822	9.815778e-21	-1
0	-0.106950335	0.99418986	-0.0023529665	0	0.03769911	0	-0.106950335	0.99418986	-0.0023529665	1.4811292e-20	-1
0	-0.14416865	0.98947453	-0.0022099414	0	0.025132742	0	-0.14416865	0.98947453	-0.0022099414	1.9790412e-20	-1
0	-0.17195302	0.98502296	-0.0020826927	0	0.018849555	0	-0.17195302	0.98502296	-0.0020826927	2.2268101e-20	-1
0	-0.20949888	0.977721	-0.0018882671	0	0.012566371	0	-0.20949888	0.977721	-0.0018882671	2.4731398e-20	-1
0	-0.23333526	0.97230434	-0.0017533564	0	0.009424778	0	-0.23333526	0.97230434	-0.0017533564	2.5954827e-20	-1
0	-0.2616418	0.9650676	-0.0015832812	0	0.0062831854	0	-0.2616418	0.9650676	-0.0015832812	2.7170385e-20	-1
0	-0.28843746	0.95739573	-0.0014137883	0	0.0037699111	0	-0.28843746	0.95739573	-0.0014137883	2.8135343e-20	-1
0	-0.30354378	0.9527111	-0.0013151428	0	0.002513274	0	-0.30354378	0.9527111	-0.0013151428	2.861466e-20	-1
0	-0.31162095	0.9500982	-0.0012615931	0	0.0018849556	0	-0.31162095	0.9500982	-0.0012615931	2.8853397e-20	-1
0	-0.32006627	0.9472849	-0.0012050609	0	0.001256637	0	-0.32006627	0.9472849	-0.0012050609	2.909145e-20	-1
0	-0.32006627	0.9472849	-0.0012050609	0	0.0010053096	0	-0.32006627	0.9472849	-0.0012050609	2.918653e-20	-1
0	-0.3289347	0.9442402	-0.0011451461	0	0.0006283185	0	-0.3289347	0.9442402	-0.0011451461	2.9328768e-20	-1
0	-0.3289347	0.9442402	-0.0011451461	0	0.0002513274	0	-0.3289347	0.9442402	-0.0011451461	2.9470927e-20	-1
0	-0.33635855	0.94161975	-0.001094596	0	0.0001256637	0	-0.33635855	0.94161975	-0.001094596	2.9518053e-20	-1
0	-0.33635855	0.94161975	-0.001094596	0	6.283185e-05	0	-0.33635855	0.94161975	-0.001094596	2.954168e-20	-1
0	-0.33635855	0.94161975	-0.001094596	0	2.5132742e-05	0	-0.33635855	0.94161975	-0.001094596	2.9555858e-20	-1
0	-0.33635855	0.94161975	-0.001094596	0	1.2566371e-05	0	-0.33635855	0.94161975	-0.001094596	2.9560582e-20	-1
0	-0.33635855	0.94161975	-0.001094596	0	6.2831855e-06	0	-0.33635855	0.94161975	-0.001094596	2.9562944e-20	-1
0	-0.33635855	0.94161975	-0.001094596	0	2.513274e-06	0	-0.33635855	0.94161975	-0.001094596	2.9564362e-20	-1
0	-0.33635855	0.94161975	-0.001094596	0	1.256637e-06	0	-0.33635855	0.94161975	-0.001094596	2.9564834e-20	-1
0	-0.33635855	0.94161975	-0.001094596	0	6.283185e-07	0	-0.33635855	0.94161975	-0.001094596	2.9565073e-20	-1
0	-0.33635855	0.94161975	-0.001094596	0	2.513274e-07	0	-0.33635855	0.94161975	-0.001094596	2.9565212e-20	-1
0	-0.33635855	0.94161975	-0.001094596	0	1.256637e-07	0	-0.33635855	0.94161975	-0.001094596	2.956526e-20	-1
0	-0.33635855	0.94161975	-0.001094596	0	0	0	-0.33635855	0.94161975	-0.001094596	2.956531e-20	-1
0	-0.33635855	0.94161975	-0.001094596	0	-1.256637e-07	0	-0.33635855	0.94161975	-0.001094596	2.9565354e-20	-1
0	-0.33635855	0.94161975	-0.001094596	0	-2.513274e-07	0	-0.33635855	0.94161975	-0.001094596	2.9565403e-20	-1
0	-0.33635855	0.94161975	-0.001094596	0	-6.283185e-07	0	-0.33635855	0.94161975	-0.001094596	2.9565545e-20	-1
0	-0.33635855	0.94161975	-0.001094596	0	-1.256637e-06	0	-0.33635855	0.94161975	-0.001094596	2.956578e-20	-1
0	-0.33635855	0.94161975	-0.001094596	0	-2.513274e-06	0	-0.33635855	0.94161975	-0.001094596	2.9566253e-20	-1
0	-0.33635855	0.94161975	-0.001094596	0	-6.2831855e-06	0	-0.33635855	0.94161975	-0.001094596	2.956767e-20	-1
0	-0.33635855	0.94161975	-0.001094596	0	-1.2566371e-05	0	-0.33635855	0.94161975	-0.001094596	2.9570033e-20	-1
0	-0.33635855	0.94161975	-0.001094596	0	-2.5132742e-05	0	-0.33635855	0.94161975	-0.001094596	2.957476e-20	-1
0	-0.33635855	0.94161975	-0.001094596	0	-6.283185e-05	0	-0.33635855	0.94161975	-0.001094596	2.9588936e-20	-1
0	-0.33635855	0.94161975	-0.001094596	0	-0.0001256637	0	-0.33635855	0.94161975	-0.001094596	2.9612562e-20	-1
0	-0.33635855	0.94161975	-0.001094596	0	-0.0002513274	0	-0.33635855	0.94161975	-0.001094596	2.9659818e-20	-1
0	-0.34810117	0.93733966	-0.0010139858	0	-0.0006283185	0	-0.34810117	0.93733966	-0.0010139858	2.9800946e-20	-1
0	-0.35429	0.93501675	-0.00097121426	0	-0.0010053096	0	-0.35429	0.93501675	-0.00097121426	2.9941893e-20	-1
0	-0.35429	0.93501675	-0.00097121426	0	-0.001256637	0	-0.35429	0.93501675	-0.00097121426	3.003574e-20	-1
0	-0.36964732	0.92904913	-0.00086437224	0	-0.0018849556	0	-0.36964732	0.92904913	-0.00086437224	3.026933e-20	-1
0	-0.38154024	0.924226	-0.00078108907	0	-0.002513274	0	-0.38154024	0.924226	-0.00078108907	3.0501855e-20	-1
0	-0.40834582	0.9126934	-0.00059241644	0	-0.0037699111	0	-0.40834582	0.9126934	-0.00059241644	3.09629e-20	-1
0	-0.48687363	0.8733139	-4.653926e-05	0	-0.0062831854	0	-0.48687363	0.8733139	-4.653926e-05	3.1862112e-20	-1
0	-0.85352886	-0.52076143	-0.0033441265	0	-0.009424778	0	-0.85352886	-0.52076143	-0.0033441265	2.584662e-20	-1
0	-0.8089675	-0.5875851	-0.0028681392	0	-0.012566371	0	-0.8089675	-0.5875851	-0.0028681392	2.5152045e-20	-1
0	0.17196378	-0.9850211	0.0020826478	0	-0.018849555	0	0.17196378	-0.9850211	0.0020826478	2.2268101e-20	-1
0	0.14417997	-0.98947287	0.0022099032	0	-0.025132742	0	0.14417997	-0.98947287	0.0022099032	1.9790414e-20	-1
0	0.10697274	-0.9941875	0.0023528733	0	-0.03769911	0	0.10697274	-0.9941875	0.0023528733	1.4811292e-20	-1
0	0.0839653	-0.99639654	0.002420669	0	-0.050265484	0	0.0839653	-0.99639654	0.002420669	9.815781e-21	-1
0	0.06870628	-0.99756634	0.002453081	0	-0.06283186	0	0.06870628	-0.99756634	0.002453081	4.81214e-21	-1
0	0.06870628	-0.99756634	0.002453081	0	-0.06283186	0	0.06870628	-0.99756634	0.002453081	4.81214e-21	1
0	0.083956644	-0.99639726	0.0024207016	0	-0.050265484	0	0.083956644	-0.99639726	0.0024207016	9.8157816e-21	1
0	0.10695244	-0.9941897	0.0023529576	0	-0.03769911	0	0.10695244	-0.9941897	0.0023529576	1.4811294e-20	1
0	0.14416957	-0.9894744	0.0022099577	0	-0.025132742	0	0.14416957	-0.9894744	0.0022099577	1.9790412e-20	1
0	0.17195445	-0.98502266	0.0020826967	0	-0.018849555	0	0.17195445	-0.98502266	0.0020826967	2.2268104e-20	1
0	0.20950672	-0.9777193	0.0018882554	0	-0.012566371	0	0.20950672	-0.9777193	0.0018882554	2.4731398e-20	1
0	0.23334987	-0.9723009	0.0017532678	0	-0.009424778	0	0.23334987	-0.9723009	0.0017532678	2.5954829e-20	1
0	0.26166242	-0.965062	0.0015831415	0	-0.0062831854	0	0.26166242	-0.965062	0.0015831415	2.717039e-20	1
0	0.2884658	-0.95738715	0.0014135991	0	-0.0037699111	0	0.2884658	-0.95738715	0.0014135991	2.813534e-20	1
0	0.3035413	-0.9527118	0.0013151595	0	-0.002513274	0	0.3035413	-0.9527118	0.0013151595	2.861466e-20	1
0	0.31161594	-0.9500998	0.0012616274	0	-0.0018849556	0	0.31161594	-0.9500998	0.0012616274	2.8853394e-20	1
0	0.32007247	-0.9472828	0.0012050192	0	-0.001256637	0	0.32007247	-0.9472828	0.0012050192	2.909145e-20	1
0	0.32007247	-0.9472828	0.0012050192	0	-0.0010053096	0	0.32007247	-0.9472828	0.0012050192	2.918653e-20	1
0	0.32892323	-0.9442442	0.0011452255	0	-0.0006283185	0	0.32892323	-0.9442442	0.0011452255	2.9328768e-20	1
0	0.32892323	-0.9442442	0.0011452255	0	-0.0002513274	0	0.32892323	-0.9442442	0.0011452255	2.947093e-20	1
0	0.33636147	-0.9416187	0.0010945755	0	-0.0001256637	0	0.33636147	-0.9416187	0.0010945755	2.9518056e-20	1
0	0.33636147	-0.9416187	0.0010945755	0	-6.283185e-05	0	0.33636147	-0.9416187	0.0010945755	2.9541683e-20	1
0	0.33636147	-0.9416187	0.0010945755	0	-2.5132742e-05	0	0.33636147	-0.9416187	0.0010945755	2.955586e-20	1
0	0.33636147	-0.9416187	0.0010945755	0	-1.2566371e-05	0	0.33636147	-0.9416187	0.0010945755	2.9560585e-20	1
0	0.33636147	-0.9416187	0.0010945755	0	-6.2831855e-06	0	0.33636147	-0.9416187	0.0010945755	2.956295e-20	1
0	0.33636147	-0.9416187	0.0010945755	0	-2.513274e-06	0	0.33636147	-0.9416187	0.0010945755	2.9564366e-20	1
0	0.33636147	-0.9416187	0.0010945755	0	-1.256637e-06	0	0.33636147	-0.9416187	0.0010945755	2.956484e-20	1
0	0.33636147	-0.9416187	0.0010945755	0	-6.283185e-07	0	0.33636147	-0.9416187	0.0010945755	2.9565077e-20	1
0	0.33636147	-0.9416187	0.0010945755	0	-2.513274e-07	0	0.33636147	-0.9416187	0.0010945755	2.956522e-20	1
0	0.33636147	-0.9416187	0.0010945755	0	-1.256637e-07	0	0.33636147	-0.9416187	0.0010945755	2.9565264e-20	1
0	0.33636147	-0.9416187	0.0010945755	0	0	0	0.33636147	-0.9416187	0.0010945755	2.9565312e-20	1
0	0.33636147	-0.9416187	0.0010945755	0	1.256637e-07	0	0.33636147	-0.9416187	0.0010945755	2.9565358e-20	1
0	0.33636147	-0.9416187	0.0010945755	0	2.513274e-07	0	0.33636147	-0.9416187	0.0010945755	2.9565406e-20	1
0	0.33636147	-0.9416187	0.0010945755	0	6.283185e-07	0	0.33636147	-0.9416187	0.0010945755	2.9565548e-20	1
0	0.33636147	-0.9416187	0.0010945755	0	1.256637e-06	0	0.33636147	-0.9416187	0.0010945755	2.9565784e-20	1
0	0.33636147	-0.9416187	0.0010945755	0	2.513274e-06	0	0.33636147	-0.9416187	0.0010945755	2.9566256e-20	1
0	0.33636147	-0.9416187	0.0010945755	0	6.2831855e-06	0	0.33636147	-0.9416187	0.0010945755	2.9567674e-20	1
0	0.33636147	-0.9416187	0.0010945755	0	1.2566371e-05	0	0.33636147	-0.9416187	0.0010945755	2.9570036e-20	1
0	0.33636147	-0.9416187	0.0010945755	0	2.5132742e-05	0	0.33636147	-0.9416187	0.0010945755	2.9574764e-20	1
0	0.33636147	-0.9416187	0.0010945755	0	6.283185e-05	0	0.33636147	-0.9416187	0.0010945755	2.958894e-20	1
0	0.33636147	-0.9416187	0.0010945755	0	0.0001256637	0	0.33636147	-0.9416187	0.0010945755	2.9612568e-20	1
0	0.33636147	-0.9416187	0.0010945755	0	0.0002513274	0	0.33636147	-0.9416187	0.0010945755	2.965982e-20	1
0	0.34809852	-0.93734074	0.0010140052	0	0.0006283185	0	0.34809852	-0.93734074	0.0010140052	2.9800952e-20	1
0	0.35430247	-0.935012	0.0009711257	0	0.0010053096	0	0.35430247	-0.935012	0.0009711257	2.9941896e-20	1
0	0.35430247	-0.935012	0.0009711257	0	0.001256637	0	0.35430247	-0.935012	0.0009711257	3.0035742e-20	1
0	0.36966366	-0.9290427	0.00086425676	0	0.0018849556	0	0.36966366	-0.9290427	0.00086425676	3.026933e-20	1
0	0.38157576	-0.92421126	0.0007808372	0	0.002513274	0	0.38157576	-0.92421126	0.0007808372	3.0501852e-20	1
0	0.40835047	-0.91269135	0.000592383	0	0.0037699111	0	0.40835047	-0.91269135	0.000592383	3.09629e-20	1
0	0.4869271	-0.87328416	4.6175875e-05	0	0.0062831854	0	0.4869271	-0.87328416	4.6175875e-05	3.1862115e-20	1
0	-0.9967923	-0.07907298	-0.0033081612	0	0.009424778	0	-0.9967923	-0.07907298	-0.0033081612	2.8275748e-20	1
0	-0.20952487	0.9777155	-0.0018881175	0	0.012566371	0	-0.20952487	0.9777155	-0.0018881175	2.47314e-20	1
0	-0.17196712	0.98502046	-0.002082631	0	0.018849555	0	-0.17196712	0.98502046	-0.002082631	2.2268103e-20	1
0	-0.14418003	0.98947287	-0.0022099067	0	0.025132742	0	-0.14418003	0.98947287	-0.0022099067	1.9790411e-20	1
0	-0.1069543	0.9941895	-0.0023529497	0	0.03769911	0	-0.1069543	0.9941895	-0.0023529497	1.4811294e-20	1
0	-0.08396561	0.9963965	-0.0024206615	0	0.050265484	0	-0.08396561	0.9963965	-0.0024206615	9.815777e-21	1
0	-0.06870705	0.99756634	-0.002453083	0	0.06283186	0	-0.06870705	0.99756634	-0.002453083	4.812139e-21	1
