# t (s)	mx ()	my ()	mz ()	B_extx (T)	B_exty (T)	B_extz (T)	mx ()	my ()	mz ()	E_total (J)	branch ()
0	-0.05406502	0.99847096	-0.00051746564	0	0.06283186	0	-0.05406502	0.99847096	-0.00051746564	4.693141e-21	-1
0	-0.06463933	0.997841	-0.00049623335	0	0.050265484	0	-0.06463933	0.997841	-0.00049623335	9.702531e-21	-1
0	-0.080070436	0.9967199	-0.00046190422	0	0.03769911	0	-0.080070436	0.9967199	-0.00046190422	1.4707674e-20	-1
0	-0.10438408	0.99446523	-0.00040257687	0	0.025132742	0	-0.10438408	0.99446523	-0.00040257687	1.9704778e-20	-1
0	-0.12241812	0.9924048	-0.00035571493	0	0.018849555	0	-0.12241812	0.9924048	-0.00035571493	2.2197755e-20	-1
0	-0.14710137	0.98904455	-0.00028869585	0	0.012566371	0	-0.14710137	0.98904455	-0.00028869585	2.4684095e-20	-1
0	-0.16309376	0.9865315	-0.00024391152	0	0.009424778	0	-0.16309376	0.9865315	-0.00024391152	2.5923472e-20	-1
0	-0.18255123	0.9831143	-0.00018830161	0	0.0062831854	0	-0.18255123	0.9831143	-0.00018830161	2.715917e-20	-1
0	-0.2013996	0.9794241	-0.00013353521	0	0.0037699111	0	-0.2013996	0.9794241	-0.00013353521	2.814416e-20	-1
0	-0.21220362	0.9771385	-0.00010185054	0	0.002513274	0	-0.21220362	0.9771385	-0.00010185054	2.8635125e-20	-1
0	-0.21803176	0.9758537	-8.469194e-05	0	0.0018849556	0	-0.21803176	0.9758537	-8.469194e-05	2.888015e-20	-1
0	-0.22418016	0.9744586	-6.6546694e-05	0	0.001256637	0	-0.22418016	0.9744586	-6.6546694e-05	2.9124852e-20	-1
0	-0.22418016	0.9744586	-6.6546694e-05	0	0.0010053096	0	-0.22418016	0.9744586	-6.6546694e-05	2.9222656e-20	-1
0	-0.23067334	0.97294086	-4.7346162e-05	0	0.0006283185	0	-0.23067334	0.97294086	-4.7346162e-05	2.9369177e-20	-1
0	-0.23472787	0.97196996	-3.53457e-05	0	0.0002513274	0	-0.23472787	0.97196996	-3.53457e-05	2.9515585e-20	-1
0	-0.23612112	0.97163224	-3.1219017e-05	0	0.0001256637	0	-0.23612112	0.97163224	-3.1219017e-05	2.9564353e-20	-1
0	-0.23682466	0.9714608	-2.9136634e-05	0	6.283185e-05	0	-0.23682466	0.9714608	-2.9136634e-05	2.9588732e-20	-1
0	-0.23724931	0.9713571	-2.7876513e-05	0	2.5132742e-05	0	-0.23724931	0.9713571	-2.7876513e-05	2.960336e-20	-1
0	-0.23737846	0.9713255	-2.7493992e-05	0	1.2566371e-05	0	-0.23737846	0.9713255	-2.7493992e-05	2.9608232e-20	-1
0	-0.23746468	0.9713045	-2.7238028e-05	0	6.2831855e-06	0	-0.23746468	0.9713045	-2.7238028e-05	2.961067e-20	-1
0	-0.23746468	0.9713045	-2.7238028e-05	0	2.513274e-06	0	-0.23746468	0.9713045	-2.7238028e-05	2.961213e-20	-1
0	-0.23746468	0.9713045	-2.7238028e-05	0	1.256637e-06	0	-0.23746468	0.9713045	-2.7238028e-05	2.9612617e-20	-1
0	-0.23746468	0.9713045	-2.7238028e-05	0	6.283185e-07	0	-0.23746468	0.9713045	-2.7238028e-05	2.9612862e-20	-1
0	-0.23746468	0.9713045	-2.7238028e-05	0	2.513274e-07	0	-0.23746468	0.9713045	-2.7238028e-05	2.9613008e-20	-1
0	-0.23746468	0.9713045	-2.7238028e-05	0	1.256637e-07	0	-0.23746468	0.9713045	-2.7238028e-05	2.9613056e-20	-1
0	-0.23746468	0.9713045	-2.7238028e-05	0	0	0	-0.23746468	0.9713045	-2.7238028e-05	2.9613105e-20	-1
0	-0.23746468	0.9713045	-2.7238028e-05	0	-1.256637e-07	0	-0.23746468	0.9713045	-2.7238028e-05	2.9613153e-20	-1
0	-0.23746468	0.9713045	-2.7238028e-05	0	-2.513274e-07	0	-0.23746468	0.9713045	-2.7238028e-05	2.9613202e-20	-1
0	-0.23746468	0.9713045	-2.7238028e-05	0	-6.283185e-07	0	-0.23746468	0.9713045	-2.7238028e-05	2.9613347e-20	-1
0	-0.23746468	0.9713045	-2.7238028e-05	0	-1.256637e-06	0	-0.23746468	0.9713045	-2.7238028e-05	2.9613593e-20	-1
0	-0.23746468	0.9713045	-2.7238028e-05	0	-2.513274e-06	0	-0.23746468	0.9713045	-2.7238028e-05	2.961408e-20	-1
0	-0.23746468	0.9713045	-2.7238028e-05	0	-6.2831855e-06	0	-0.23746468	0.9713045	-2.7238028e-05	2.961554e-20	-1
0	-0.23746468	0.9713045	-2.7238028e-05	0	-1.2566371e-05	0	-0.23746468	0.9713045	-2.7238028e-05	2.961798e-20	-1
0	-0.23746468	0.9713045	-2.7238028e-05	0	-2.5132742e-05	0	-0.23746468	0.9713045	-2.7238028e-05	2.9622853e-20	-1
0	-0.23746468	0.9713045	-2.7238028e-05	0	-6.283185e-05	0	-0.23746468	0.9713045	-2.7238028e-05	2.9637477e-20	-1
0	-0.23746468	0.9713045	-2.7238028e-05	0	-0.0001256637	0	-0.23746468	0.9713045	-2.7238028e-05	2.966185e-20	-1
0	-0.24038431	0.9705855	-1.8595088e-05	0	-0.0002513274	0	-0.24038431	0.9705855	-1.8595088e-05	2.9710557e-20	-1
0	-0.24481347	0.96947706	-5.45685e-06	0	-0.0006283185	0	-0.24481347	0.96947706	-5.45685e-06	2.9856603e-20	-1
0	-0.24941924	0.96830153	8.19888e-06	0	-0.0010053096	0	-0.24941924	0.96830153	8.19888e-06	3.0002474e-20	-1
0	-0.25254846	0.9674895	1.7429047e-05	0	-0.001256637	0	-0.25254846	0.9674895	1.7429047e-05	3.0099626e-20	-1
0	-0.26082167	0.96529055	4.1996518e-05	0	-0.0018849556	0	-0.26082167	0.96529055	4.1996518e-05	3.034212e-20	-1
0	-0.2697184	0.9628409	6.833133e-05	0	-0.002513274	0	-0.2697184	0.9628409	6.833133e-05	3.0584034e-20	-1
0	-0.28971577	0.9570098	0.00012726443	0	-0.0037699111	0	-0.28971577	0.9570098	0.00012726443	3.1065824e-20	-1
0	-0.34463963	0.9386184	0.00028516265	0	-0.0062831854	0	-0.34463963	0.9386184	0.00028516265	3.2018187e-20	-1
0	-0.9042213	-0.4267704	-0.0015229962	0	-0.009424778	0	-0.9042213	-0.4267704	-0.0015229962	2.6129115e-20	-1
0	-0.86269355	-0.5054476	-0.001285697	0	-0.012566371	0	-0.86269355	-0.5054476	-0.001285697	2.5545775e-20	-1
0	0.12242119	-0.9924044	0.00035569782	0	-0.018849555	0	0.12242119	-0.9924044	0.00035569782	2.2197757e-20	-1
0	0.10438926	-0.9944647	0.0004025622	0	-0.025132742	0	0.10438926	-0.9944647	0.0004025622	1.970478e-20	-1
0	0.08007474	-0.9967196	0.00046189319	0	-0.03769911	0	0.08007474	-0.9967196	0.00046189319	1.4707678e-20	-1
0	0.06464189	-0.9978409	0.0004962268	0	-0.050265484	0	0.06464189	-0.9978409	0.0004962268	9.702528e-21	-1
0	0.054068282	-0.9984708	0.0005174576	0	-0.06283186	0	0.054068282	-0.9984708	0.0005174576	4.693139e-21	-1
0	0.054068282	-0.9984708	0.0005174576	0	-0.06283186	0	0.054068282	-0.9984708	0.0005174576	4.693139e-21	1
0	0.06463902	-0.99784106	0.00049623405	0	-0.050265484	0	0.06463902	-0.99784106	0.00049623405	9.70253e-21	1
0	0.08007052	-0.99671984	0.0004619032	0	-0.03769911	0	0.08007052	-0.99671984	0.0004619032	1.4707677e-20	1
0	0.104380116	-0.9944656	0.00040258694	0	-0.025132742	0	0.104380116	-0.9944656	0.00040258694	1.9704778e-20	1
0	0.1224197	-0.9924046	0.00035571776	0	-0.018849555	0	0.1224197	-0.9924046	0.00035571776	2.2197754e-20	1
0	0.14713436	-0.98903954	0.00028860237	0	-0.012566371	0	0.14713436	-0.98903954	0.00028860237	2.4684095e-20	1
0	0.1631014	-0.9865302	0.0002438889	0	-0.009424778	0	0.1631014	-0.9865302	0.0002438889	2.5923474e-20	1
0	0.18254259	-0.9831159	0.00018832737	0	-0.0062831854	0	0.18254259	-0.9831159	0.00018832737	2.715917e-20	1
0	0.20139953	-0.9794241	0.00013353932	0	-0.0037699111	0	0.20139953	-0.9794241	0.00013353932	2.814416e-20	1
0	0.21219912	-0.9771395	0.00010186555	0	-0.002513274	0	0.21219912	-0.9771395	0.00010186555	2.863513e-20	1
0	0.21803427	-0.9758531	8.468577e-05	0	-0.0018849556	0	0.21803427	-0.9758531	8.468577e-05	2.8880155e-20	1
0	0.22418424	-0.9744576	6.653473e-05	0	-0.001256637	0	0.22418424	-0.9744576	6.653473e-05	2.912485e-20	1
0	0.22672668	-0.9738688	5.902206e-05	0	-0.0010053096	0	0.22672668	-0.9738688	5.902206e-05	2.9222627e-20	1
0	0.23066215	-0.97294354	4.7380992e-05	0	-0.0006283185	0	0.23066215	-0.97294354	4.7380992e-05	2.9369177e-20	1
0	0.23472896	-0.9719697	3.5342637e-05	0	-0.0002513274	0	0.23472896	-0.9719697	3.5342637e-05	2.9515585e-20	1
0	0.23612273	-0.97163177	3.1214036e-05	0	-0.0001256637	0	0.23612273	-0.97163177	3.1214036e-05	2.9564356e-20	1
0	0.23681682	-0.9714627	2.9158517e-05	0	-6.283185e-05	0	0.23681682	-0.9714627	2.9158517e-05	2.9588732e-20	1
0	0.2372483	-0.97135735	2.7880087e-05	0	-2.5132742e-05	0	0.2372483	-0.97135735	2.7880087e-05	2.9603353e-20	1
0	0.23738562	-0.9713238	2.7474453e-05	0	-1.2566371e-05	0	0.23738562	-0.9713238	2.7474453e-05	2.9608232e-20	1
0	0.23745954	-0.9713057	2.725605e-05	0	-6.2831855e-06	0	0.23745954	-0.9713057	2.725605e-05	2.9610665e-20	1
0	0.2374892	-0.97129846	2.7166425e-05	0	-2.513274e-06	0	0.2374892	-0.97129846	2.7166425e-05	2.9612132e-20	1
0	0.2375147	-0.97129226	2.7090158e-05	0	-1.256637e-06	0	0.2375147	-0.97129226	2.7090158e-05	2.961262e-20	1
0	0.23751605	-0.9712919	2.7086913e-05	0	-6.283185e-07	0	0.23751605	-0.9712919	2.7086913e-05	2.9612862e-20	1
0	0.23752421	-0.9712899	2.7062226e-05	0	-2.513274e-07	0	0.23752421	-0.9712899	2.7062226e-05	2.9613008e-20	1
0	0.23752657	-0.97128934	2.705505e-05	0	-1.256637e-07	0	0.23752657	-0.97128934	2.705505e-05	2.961306e-20	1
0	0.23752955	-0.97128856	2.7046422e-05	0	0	0	0.23752955	-0.97128856	2.7046422e-05	2.9613108e-20	1
0	0.23753269	-0.97128785	2.7036918e-05	0	1.256637e-07	0	0.23753269	-0.97128785	2.7036918e-05	2.9613156e-20	1
0	0.23753372	-0.9712876	2.7034002e-05	0	2.513274e-07	0	0.23753372	-0.9712876	2.7034002e-05	2.9613205e-20	1
0	0.23753494	-0.97128725	2.703037e-05	0	6.283185e-07	0	0.23753494	-0.97128725	2.703037e-05	2.9613347e-20	1
0	0.23753892	-0.9712863	2.701901e-05	0	1.256637e-06	0	0.23753892	-0.9712863	2.701901e-05	2.96136e-20	1
0	0.23754574	-0.9712846	2.699877e-05	0	2.513274e-06	0	0.23754574	-0.9712846	2.699877e-05	2.961408e-20	1
0	0.2375946	-0.9712727	2.6854079e-05	0	6.2831855e-06	0	0.2375946	-0.9712727	2.6854079e-05	2.9615544e-20	1
0	0.237658	-0.97125715	2.6666534e-05	0	1.2566371e-05	0	0.237658	-0.97125715	2.6666534e-05	2.961798e-20	1
0	0.23781332	-0.97121906	2.6204878e-05	0	2.5132742e-05	0	0.23781332	-0.97121906	2.6204878e-05	2.9622856e-20	1
0	0.23823902	-0.97111475	2.4944231e-05	0	6.283185e-05	0	0.23823902	-0.97111475	2.4944231e-05	2.9637477e-20	1
0	0.238936	-0.97094333	2.2879063e-05	0	0.0001256637	0	0.238936	-0.97094333	2.2879063e-05	2.966184e-20	1
0	0.2403984	-0.970582	1.8544713e-05	0	0.0002513274	0	0.2403984	-0.970582	1.8544713e-05	2.971056e-20	1
0	0.24483418	-0.9694718	5.3938893e-06	0	0.0006283185	0	0.24483418	-0.9694718	5.3938893e-06	2.9856606e-20	1
0	0.24939436	-0.968308	-8.124936e-06	0	0.0010053096	0	0.24939436	-0.968308	-8.124936e-06	3.0002474e-20	1
0	0.25255483	-0.9674879	-1.7495546e-05	0	0.001256637	0	0.25255483	-0.9674879	-1.7495546e-05	3.0099623e-20	1
0	0.2608388	-0.9652859	-4.204797e-05	0	0.0018849556	0	0.2608388	-0.9652859	-4.204797e-05	3.0342116e-20	1
0	0.2697158	-0.96284163	-6.8323294e-05	0	0.002513274	0	0.2697158	-0.96284163	-6.8323294e-05	3.058403e-20	1
0	0.28972304	-0.95700765	-0.00012728543	0	0.0037699111	0	0.28972304	-0.95700765	-0.00012728543	3.1065824e-20	1
0	0.3446471	-0.9386157	-0.00028518337	0	0.0062831854	0	0.3446471	-0.9386157	-0.00028518337	3.2018187e-20	1
0	-0.16310206	0.98653007	-0.00024388694	0	0.009424778	0	-0.16310206	0.98653007	-0.00024388694	2.5923477e-20	1
0	-0.14712322	0.9890412	-0.0002886348	0	0.012566371	0	-0.14712322	0.9890412	-0.0002886348	2.4684094e-20	1
0	-0.122423165	0.9924041	-0.00035569194	0	0.018849555	0	-0.122423165	0.9924041	-0.00035569194	2.2197755e-20	1
0	-0.10438721	0.9944649	-0.00040256654	0	0.025132742	0	-0.10438721	0.9944649	-0.00040256654	1.9704777e-20	1
0	-0.080075055	0.9967195	-0.00046189208	0	0.03769911	0	-0.080075055	0.9967195	-0.00046189208	1.4707677e-20	1
0	-0.06464077	0.9978409	-0.0004962304	0	0.050265484	0	-0.06464077	0.9978409	-0.0004962304	9.702527e-21	1
0	-0.054068357	0.9984708	-0.00051745767	0	0.06283186	0	-0.054068357	0.9984708	-0.00051745767	4.693135e-21	1
