# t (s)	mx ()	my ()	mz ()	B_extx (T)	B_exty (T)	B_extz (T)	mx ()	my ()	mz ()	E_total (J)	branch ()
0	0.99562216	0.092738695	0.0014941078	0.06283186	0	0	0.99562216	0.092738695	0.0014941078	2.522336e-21	-1
0	0.9943102	0.10586683	0.0015197609	0.050265484	0	0	0.9943102	0.10586683	0.0015197609	7.515796e-21	-1
0	0.99232614	0.12306537	0.0015478744	0.03769911	0	0	0.99232614	0.12306537	0.0015478744	1.2501129e-20	-1
0	0.9891408	0.14646009	0.001577978	0.025132742	0	0	0.9891408	0.14646009	0.001577978	1.7473796e-20	-1
0	0.98678505	0.16155876	0.0015931008	0.018849555	0	0	0.98678505	0.16155876	0.0015931008	1.9952984e-20	-1
0	0.98361206	0.17985582	0.0016073161	0.012566371	0	0	0.98361206	0.17985582	0.0016073161	2.24253e-20	-1
0	0.9815999	0.19052333	0.0016136284	0.009424778	0	0	0.9815999	0.19052333	0.0016136284	2.3658136e-20	-1
0	0.97920537	0.20246166	0.0016190177	0.0062831854	0	0	0.97920537	0.20246166	0.0016190177	2.4888222e-20	-1
0	0.97695416	0.21305159	0.0016223373	0.0037699111	0	0	0.97695416	0.21305159	0.0016223373	2.5869948e-20	-1
0	0.9756916	0.21875648	0.0016235982	0.002513274	0	0	0.9756916	0.21875648	0.0016235982	2.6359918e-20	-1
0	0.9750215	0.22172223	0.0016240913	0.0018849556	0	0	0.9750215	0.22172223	0.0016240913	2.6604662e-20	-1
0	0.9743259	0.22475661	0.001624489	0.001256637	0	0	0.9743259	0.22475661	0.001624489	2.6849231e-20	-1
0	0.97403836	0.2259987	0.0016246191	0.0010053096	0	0	0.97403836	0.2259987	0.0016246191	2.6947011e-20	-1
0	0.97360045	0.2278764	0.0016247842	0.0006283185	0	0	0.97360045	0.2278764	0.0016247842	2.7093622e-20	-1
0	0.9731494	0.22979349	0.0016249099	0.0002513274	0	0	0.9731494	0.22979349	0.0016249099	2.7240176e-20	-1
0	0.9731494	0.22979349	0.0016249099	0.0001256637	0	0	0.9731494	0.22979349	0.0016249099	2.728901e-20	-1
0	0.9731494	0.22979349	0.0016249099	6.283185e-05	0	0	0.9731494	0.22979349	0.0016249099	2.7313433e-20	-1
0	0.9731494	0.22979349	0.0016249099	2.5132742e-05	0	0	0.9731494	0.22979349	0.0016249099	2.7328083e-20	-1
0	0.9731494	0.22979349	0.0016249099	1.2566371e-05	0	0	0.9731494	0.22979349	0.0016249099	2.733297e-20	-1
0	0.9731494	0.22979349	0.0016249099	6.2831855e-06	0	0	0.9731494	0.22979349	0.0016249099	2.7335408e-20	-1
0	0.9731494	0.22979349	0.0016249099	2.513274e-06	0	0	0.9731494	0.22979349	0.0016249099	2.7336875e-20	-1
0	0.9731494	0.22979349	0.0016249099	1.256637e-06	0	0	0.9731494	0.22979349	0.0016249099	2.7337363e-20	-1
0	0.9731494	0.22979349	0.0016249099	6.283185e-07	0	0	0.9731494	0.22979349	0.0016249099	2.7337605e-20	-1
0	0.9731494	0.22979349	0.0016249099	2.513274e-07	0	0	0.9731494	0.22979349	0.0016249099	2.7337754e-20	-1
0	0.9731494	0.22979349	0.0016249099	1.256637e-07	0	0	0.9731494	0.22979349	0.0016249099	2.7337802e-20	-1
0	0.9731494	0.22979349	0.0016249099	0	0	0	0.9731494	0.22979349	0.0016249099	2.733785e-20	-1
0	0.9731494	0.22979349	0.0016249099	-1.256637e-07	0	0	0.9731494	0.22979349	0.0016249099	2.73379e-20	-1
0	0.9731494	0.22979349	0.0016249099	-2.513274e-07	0	0	0.9731494	0.22979349	0.0016249099	2.7337948e-20	-1
0	0.9731494	0.22979349	0.0016249099	-6.283185e-07	0	0	0.9731494	0.22979349	0.0016249099	2.7338096e-20	-1
0	0.9731494	0.22979349	0.0016249099	-1.256637e-06	0	0	0.9731494	0.22979349	0.0016249099	2.733834e-20	-1
0	0.9731494	0.22979349	0.0016249099	-2.513274e-06	0	0	0.9731494	0.22979349	0.0016249099	2.7338827e-20	-1
0	0.9731494	0.22979349	0.0016249099	-6.2831855e-06	0	0	0.9731494	0.22979349	0.0016249099	2.7340293e-20	-1
0	0.9731494	0.22979349	0.0016249099	-1.2566371e-05	0	0	0.9731494	0.22979349	0.0016249099	2.7342733e-20	-1
0	0.9731494	0.22979349	0.0016249099	-2.5132742e-05	0	0	0.9731494	0.22979349	0.0016249099	2.734762e-20	-1
0	0.97276604	0.23140974	0.0016249795	-6.283185e-05	0	0	0.97276604	0.23140974	0.0016249795	2.736224e-20	-1
0	0.97276604	0.23140974	0.0016249795	-0.0001256637	0	0	0.97276604	0.23140974	0.0016249795	2.738665e-20	-1
0	0.97276604	0.23140974	0.0016249795	-0.0002513274	0	0	0.97276604	0.23140974	0.0016249795	2.7435468e-20	-1
0	0.97205466	0.23437804	0.001625031	-0.0006283185	0	0	0.97205466	0.23437804	0.001625031	2.7581843e-20	-1
0	0.9715649	0.23639877	0.0016250317	-0.0010053096	0	0	0.9715649	0.23639877	0.0016250317	2.7728157e-20	-1
0	0.9715649	0.23639877	0.0016250317	-0.001256637	0	0	0.9715649	0.23639877	0.0016250317	2.7825674e-20	-1
0	0.9703723	0.24124381	0.001624757	-0.0018849556	0	0	0.9703723	0.24124381	0.001624757	2.8069253e-20	-1
0	0.9694717	0.24483539	0.0016243935	-0.002513274	0	0	0.9694717	0.24483539	0.0016243935	2.831263e-20	-1
0	0.96754843	0.2523232	0.0016231583	-0.0037699111	0	0	0.96754843	0.2523232	0.0016231583	2.8798684e-20	-1
0	0.96310616	0.26877064	0.0016181737	-0.0062831854	0	0	0.96310616	0.26877064	0.0016181737	2.9767658e-20	-1
0	0.95608497	0.29275155	0.0016053524	-0.009424778	0	0	0.95608497	0.29275155	0.0016053524	3.0971788e-20	-1
0	0.94662637	0.32200766	0.0015808474	-0.012566371	0	0	0.94662637	0.32200766	0.0015808474	3.21657e-20	-1
0	0.9100002	0.41430795	0.0014403998	-0.018849555	0	0	0.9100002	0.41430795	0.0014403998	3.4503054e-20	-1
0	-0.98914003	-0.1464653	-0.0015779785	-0.025132742	0	0	-0.98914003	-0.1464653	-0.0015779785	1.7473796e-20	-1
0	-0.9923248	-0.123076074	-0.001547884	-0.03769911	0	0	-0.9923248	-0.123076074	-0.001547884	1.2501128e-20	-1
0	-0.9943097	-0.10587131	-0.0015197613	-0.050265484	0	0	-0.9943097	-0.10587131	-0.0015197613	7.515794e-21	-1
0	-0.9956219	-0.09274172	-0.0014941073	-0.06283186	0	0	-0.9956219	-0.09274172	-0.0014941073	2.5223376e-21	-1
0	-0.9956219	-0.09274172	-0.0014941073	-0.06283186	0	0	-0.9956219	-0.09274172	-0.0014941073	2.5223376e-21	1
0	-0.99431026	-0.10586643	-0.0015198006	-0.050265484	0	0	-0.99431026	-0.10586643	-0.0015198006	7.515793e-21	1
0	-0.9923255	-0.12307049	-0.001547879	-0.03769911	0	0	-0.9923255	-0.12307049	-0.001547879	1.2501133e-20	1
0	-0.98914075	-0.14646074	-0.0015779784	-0.025132742	0	0	-0.98914075	-0.14646074	-0.0015779784	1.7473796e-20	1
0	-0.98678446	-0.16156214	-0.0015931027	-0.018849555	0	0	-0.98678446	-0.16156214	-0.0015931027	1.9952984e-20	1
0	-0.9836123	-0.17985441	-0.0016073536	-0.012566371	0	0	-0.9836123	-0.17985441	-0.0016073536	2.2425301e-20	1
0	-0.98159885	-0.1905289	-0.00161363	-0.009424778	0	0	-0.98159885	-0.1905289	-0.00161363	2.365814e-20	1
0	-0.9792068	-0.20245475	-0.0016190165	-0.0062831854	0	0	-0.9792068	-0.20245475	-0.0016190165	2.4888218e-20	1
0	-0.97695386	-0.21305317	-0.0016223575	-0.0037699111	0	0	-0.97695386	-0.21305317	-0.0016223575	2.5869951e-20	1
0	-0.9756913	-0.21875778	-0.0016235979	-0.002513274	0	0	-0.9756913	-0.21875778	-0.0016235979	2.6359923e-20	1
0	-0.97502327	-0.22171444	-0.0016240915	-0.0018849556	0	0	-0.97502327	-0.22171444	-0.0016240915	2.6604665e-20	1
0	-0.9743253	-0.22475961	-0.0016245277	-0.001256637	0	0	-0.9743253	-0.22475961	-0.0016245277	2.6849231e-20	1
0	-0.9740385	-0.22599813	-0.0016246194	-0.0010053096	0	0	-0.9740385	-0.22599813	-0.0016246194	2.6947013e-20	1
0	-0.9736017	-0.2278713	-0.0016247844	-0.0006283185	0	0	-0.9736017	-0.2278713	-0.0016247844	2.7093624e-20	1
0	-0.97314775	-0.22980073	-0.0016249071	-0.0002513274	0	0	-0.97314775	-0.22980073	-0.0016249071	2.7240172e-20	1
0	-0.97314775	-0.22980073	-0.0016249071	-0.0001256637	0	0	-0.97314775	-0.22980073	-0.0016249071	2.7289008e-20	1
0	-0.97314775	-0.22980073	-0.0016249071	-6.283185e-05	0	0	-0.97314775	-0.22980073	-0.0016249071	2.731343e-20	1
0	-0.97314775	-0.22980073	-0.0016249071	-2.5132742e-05	0	0	-0.97314775	-0.22980073	-0.0016249071	2.732808e-20	1
0	-0.97314775	-0.22980073	-0.0016249071	-1.2566371e-05	0	0	-0.97314775	-0.22980073	-0.0016249071	2.7332962e-20	1
0	-0.97314775	-0.22980073	-0.0016249071	-6.2831855e-06	0	0	-0.97314775	-0.22980073	-0.0016249071	2.7335405e-20	1
0	-0.97314775	-0.22980073	-0.0016249071	-2.513274e-06	0	0	-0.97314775	-0.22980073	-0.0016249071	2.733687e-20	1
0	-0.97314775	-0.22980073	-0.0016249071	-1.256637e-06	0	0	-0.97314775	-0.22980073	-0.0016249071	2.733736e-20	1
0	-0.97314775	-0.22980073	-0.0016249071	-6.283185e-07	0	0	-0.97314775	-0.22980073	-0.0016249071	2.7337602e-20	1
0	-0.97314775	-0.22980073	-0.0016249071	-2.513274e-07	0	0	-0.97314775	-0.22980073	-0.0016249071	2.733775e-20	1
0	-0.97314775	-0.22980073	-0.0016249071	-1.256637e-07	0	0	-0.97314775	-0.22980073	-0.0016249071	2.73378e-20	1
0	-0.97314775	-0.22980073	-0.0016249071	0	0	0	-0.97314775	-0.22980073	-0.0016249071	2.7337847e-20	1
0	-0.97314775	-0.22980073	-0.0016249071	1.256637e-07	0	0	-0.97314775	-0.22980073	-0.0016249071	2.7337896e-20	1
0	-0.97314775	-0.22980073	-0.0016249071	2.513274e-07	0	0	-0.97314775	-0.22980073	-0.0016249071	2.7337944e-20	1
0	-0.97314775	-0.22980073	-0.0016249071	6.283185e-07	0	0	-0.97314775	-0.22980073	-0.0016249071	2.733809e-20	1
0	-0.97314775	-0.22980073	-0.0016249071	1.256637e-06	0	0	-0.97314775	-0.22980073	-0.0016249071	2.7338335e-20	1
0	-0.97314775	-0.22980073	-0.0016249071	2.513274e-06	0	0	-0.97314775	-0.22980073	-0.0016249071	2.7338823e-20	1
0	-0.97314775	-0.22980073	-0.0016249071	6.2831855e-06	0	0	-0.97314775	-0.22980073	-0.0016249071	2.734029e-20	1
0	-0.97314775	-0.22980073	-0.0016249071	1.2566371e-05	0	0	-0.97314775	-0.22980073	-0.0016249071	2.734273e-20	1
0	-0.97314775	-0.22980073	-0.0016249071	2.5132742e-05	0	0	-0.97314775	-0.22980073	-0.0016249071	2.7347615e-20	1
0	-0.9727665	-0.23140809	-0.0016249797	6.283185e-05	0	0	-0.9727665	-0.23140809	-0.0016249797	2.7362243e-20	1
0	-0.9727665	-0.23140809	-0.0016249797	0.0001256637	0	0	-0.9727665	-0.23140809	-0.0016249797	2.738665e-20	1
0	-0.9727665	-0.23140809	-0.0016249797	0.0002513274	0	0	-0.9727665	-0.23140809	-0.0016249797	2.743547e-20	1
0	-0.9720547	-0.23437768	-0.001625031	0.0006283185	0	0	-0.9720547	-0.23437768	-0.001625031	2.7581846e-20	1
0	-0.97156453	-0.23640007	-0.0016250069	0.0010053096	0	0	-0.97156453	-0.23640007	-0.0016250069	2.7728157e-20	1
0	-0.97156453	-0.23640007	-0.0016250069	0.001256637	0	0	-0.97156453	-0.23640007	-0.0016250069	2.7825674e-20	1
0	-0.9703711	-0.24124861	-0.0016247559	0.0018849556	0	0	-0.9703711	-0.24124861	-0.0016247559	2.8069256e-20	1
0	-0.96947247	-0.24483237	-0.0016243944	0.002513274	0	0	-0.96947247	-0.24483237	-0.0016243944	2.831263e-20	1
0	-0.96754897	-0.25232136	-0.0016231593	0.0037699111	0	0	-0.96754897	-0.25232136	-0.0016231593	2.8798687e-20	1
0	-0.9631001	-0.26879206	-0.0016181626	0.0062831854	0	0	-0.9631001	-0.26879206	-0.0016181626	2.9767658e-20	1
0	-0.9560845	-0.29275304	-0.0016053511	0.009424778	0	0	-0.9560845	-0.29275304	-0.0016053511	3.0971788e-20	1
0	-0.94662595	-0.32200885	-0.0015808439	0.012566371	0	0	-0.94662595	-0.32200885	-0.0015808439	3.2165697e-20	1
0	-0.9099946	-0.41432044	-0.0014403744	0.018849555	0	0	-0.9099946	-0.41432044	-0.0014403744	3.4503057e-20	1
0	0.9891405	0.14646213	0.0015779794	0.025132742	0	0	0.9891405	0.14646213	0.0015779794	1.7473798e-20	1
0	0.9923252	0.12307291	0.0015478814	0.03769911	0	0	0.9923252	0.12307291	0.0015478814	1.250113e-20	1
0	0.9943099	0.10587017	0.0015197615	0.050265484	0	0	0.9943099	0.10587017	0.0015197615	7.515794e-21	1
0	0.995622	0.09274082	0.0014941066	0.06283186	0	0	0.995622	0.09274082	0.0014941066	2.5223354e-21	1
