# t (s)	mx ()	my ()	mz ()	B_extx (T)	B_exty (T)	B_extz (T)	mx ()	my ()	mz ()	E_total (J)	branch ()
0	-0.033229485	0.9993804	0.0020073727	0	0.06283186	0	-0.033229485	0.9993804	0.0020073727	4.5374795e-21	-1
0	-0.03936162	0.9991567	0.0020583326	0	0.050265484	0	-0.03936162	0.9991567	0.0020583326	9.552361e-21	-1
0	-0.048220515	0.99876714	0.0021254034	0	0.03769911	0	-0.048220515	0.99876714	0.0021254034	1.4565757e-20	-1
0	-0.062103413	0.99799854	0.0022216095	0	0.025132742	0	-0.062103413	0.99799854	0.0022216095	1.9576383e-20	-1
0	-0.072445825	0.9973	0.0022890368	0	0.018849555	0	-0.072445825	0.9973	0.0022890368	2.2079804e-20	-1
0	-0.08680262	0.9961517	0.0023786973	0	0.012566371	0	-0.08680262	0.9961517	0.0023786973	2.4580966e-20	-1
0	-0.096265316	0.99528074	0.002435862	0	0.009424778	0	-0.096265316	0.99528074	0.002435862	2.583025e-20	-1
0	-0.10797627	0.9940772	0.002504812	0	0.0062831854	0	-0.10797627	0.9940772	0.002504812	2.7078245e-20	-1
0	-0.11956224	0.992749	0.0025712426	0	0.0037699111	0	-0.11956224	0.992749	0.0025712426	2.8075366e-20	-1
0	-0.12633029	0.9919096	0.0026092648	0	0.002513274	0	-0.12633029	0.9919096	0.0026092648	2.8573368e-20	-1
0	-0.13000877	0.99143374	0.0026296908	0	0.0018849556	0	-0.13000877	0.99143374	0.0026296908	2.8822204e-20	-1
0	-0.13388872	0.9909167	0.00265106	0	0.001256637	0	-0.13388872	0.9909167	0.00265106	2.9070914e-20	-1
0	-0.13388872	0.9909167	0.00265106	0	0.0010053096	0	-0.13388872	0.9909167	0.00265106	2.9170372e-20	-1
0	-0.13803545	0.99034715	0.0026736879	0	0.0006283185	0	-0.13803545	0.99034715	0.0026736879	2.9319494e-20	-1
0	-0.14064676	0.9899793	0.0026878295	0	0.0002513274	0	-0.14064676	0.9899793	0.0026878295	2.9468568e-20	-1
0	-0.14064676	0.9899793	0.0026878295	0	0.0001256637	0	-0.14064676	0.9899793	0.0026878295	2.951825e-20	-1
0	-0.14064676	0.9899793	0.0026878295	0	6.283185e-05	0	-0.14064676	0.9899793	0.0026878295	2.9543092e-20	-1
0	-0.14064676	0.9899793	0.0026878295	0	2.5132742e-05	0	-0.14064676	0.9899793	0.0026878295	2.9557994e-20	-1
0	-0.14064676	0.9899793	0.0026878295	0	1.2566371e-05	0	-0.14064676	0.9899793	0.0026878295	2.9562963e-20	-1
0	-0.14064676	0.9899793	0.0026878295	0	6.2831855e-06	0	-0.14064676	0.9899793	0.0026878295	2.9565448e-20	-1
0	-0.14064676	0.9899793	0.0026878295	0	2.513274e-06	0	-0.14064676	0.9899793	0.0026878295	2.9566938e-20	-1
0	-0.14064676	0.9899793	0.0026878295	0	1.256637e-06	0	-0.14064676	0.9899793	0.0026878295	2.9567435e-20	-1
0	-0.14064676	0.9899793	0.0026878295	0	6.283185e-07	0	-0.14064676	0.9899793	0.0026878295	2.9567684e-20	-1
0	-0.14064676	0.9899793	0.0026878295	0	2.513274e-07	0	-0.14064676	0.9899793	0.0026878295	2.9567833e-20	-1
0	-0.14064676	0.9899793	0.0026878295	0	1.256637e-07	0	-0.14064676	0.9899793	0.0026878295	2.956788e-20	-1
0	-0.14064676	0.9899793	0.0026878295	0	0	0	-0.14064676	0.9899793	0.0026878295	2.9567933e-20	-1
0	-0.14064676	0.9899793	0.0026878295	0	-1.256637e-07	0	-0.14064676	0.9899793	0.0026878295	2.956798e-20	-1
0	-0.14064676	0.9899793	0.0026878295	0	-2.513274e-07	0	-0.14064676	0.9899793	0.0026878295	2.956803e-20	-1
0	-0.14064676	0.9899793	0.0026878295	0	-6.283185e-07	0	-0.14064676	0.9899793	0.0026878295	2.956818e-20	-1
0	-0.14064676	0.9899793	0.0026878295	0	-1.256637e-06	0	-0.14064676	0.9899793	0.0026878295	2.9568427e-20	-1
0	-0.14064676	0.9899793	0.0026878295	0	-2.513274e-06	0	-0.14064676	0.9899793	0.0026878295	2.9568925e-20	-1
0	-0.14064676	0.9899793	0.0026878295	0	-6.2831855e-06	0	-0.14064676	0.9899793	0.0026878295	2.9570414e-20	-1
0	-0.14064676	0.9899793	0.0026878295	0	-1.2566371e-05	0	-0.14064676	0.9899793	0.0026878295	2.95729e-20	-1
0	-0.14064676	0.9899793	0.0026878295	0	-2.5132742e-05	0	-0.14064676	0.9899793	0.0026878295	2.957787e-20	-1
0	-0.14288816	0.989658	0.0026999027	0	-6.283185e-05	0	-0.14288816	0.989658	0.0026999027	2.959275e-20	-1
0	-0.14288816	0.989658	0.0026999027	0	-0.0001256637	0	-0.14288816	0.989658	0.0026999027	2.9617586e-20	-1
0	-0.14288816	0.989658	0.0026999027	0	-0.0002513274	0	-0.14288816	0.989658	0.0026999027	2.9667253e-20	-1
0	-0.14717343	0.98902917	0.0027228016	0	-0.0006283185	0	-0.14717343	0.98902917	0.0027228016	2.9816178e-20	-1
0	-0.14717343	0.98902917	0.0027228016	0	-0.0010053096	0	-0.14717343	0.98902917	0.0027228016	2.996508e-20	-1
0	-0.15217955	0.98827064	0.0027492745	0	-0.001256637	0	-0.15217955	0.98827064	0.0027492745	3.0064257e-20	-1
0	-0.15758261	0.98742276	0.0027774912	0	-0.0018849556	0	-0.15758261	0.98742276	0.0027774912	3.0312134e-20	-1
0	-0.16338749	0.986478	0.0028073876	0	-0.002513274	0	-0.16338749	0.986478	0.0028073876	3.0559784e-20	-1
0	-0.17655657	0.9842044	0.0028735893	0	-0.0037699111	0	-0.17655657	0.9842044	0.0028735893	3.1054302e-20	-1
0	-0.21202824	0.97717106	0.0030400557	0	-0.0062831854	0	-0.21202824	0.97717106	0.0030400557	3.2038983e-20	-1
0	-0.32509577	0.9455625	0.003432099	0	-0.009424778	0	-0.32509577	0.9455625	0.003432099	3.3252418e-20	-1
0	0.086806215	-0.9961514	-0.0023787182	0	-0.012566371	0	0.086806215	-0.9961514	-0.0023787182	2.458097e-20	-1
0	0.07245754	-0.9972992	-0.002289102	0	-0.018849555	0	0.07245754	-0.9972992	-0.002289102	2.2079804e-20	-1
0	0.062106278	-0.99799836	-0.0022216267	0	-0.025132742	0	0.062106278	-0.99799836	-0.0022216267	1.9576386e-20	-1
0	0.04822486	-0.9987669	-0.002125429	0	-0.03769911	0	0.04822486	-0.9987669	-0.002125429	1.4565759e-20	-1
0	0.039373547	-0.99915624	-0.0020584036	0	-0.050265484	0	0.039373547	-0.99915624	-0.0020584036	9.552364e-21	-1
0	0.033235624	-0.99938023	-0.0020074155	0	-0.06283186	0	0.033235624	-0.99938023	-0.0020074155	4.5374787e-21	-1
0	0.033235624	-0.99938023	-0.0020074155	0	-0.06283186	0	0.033235624	-0.99938023	-0.0020074155	4.5374787e-21	1
0	0.03935878	-0.99915683	-0.0020583163	0	-0.050265484	0	0.03935878	-0.99915683	-0.0020583163	9.552365e-21	1
0	0.048213944	-0.9987675	-0.0021253654	0	-0.03769911	0	0.048213944	-0.9987675	-0.0021253654	1.4565757e-20	1
0	0.06211006	-0.9979981	-0.0022216486	0	-0.025132742	0	0.06211006	-0.9979981	-0.0022216486	1.9576386e-20	1
0	0.072454244	-0.99729943	-0.0022890847	0	-0.018849555	0	0.072454244	-0.99729943	-0.0022890847	2.2079804e-20	1
0	0.08680198	-0.99615175	-0.002378695	0	-0.012566371	0	0.08680198	-0.99615175	-0.002378695	2.4580971e-20	1
0	0.09626734	-0.99528056	-0.002435875	0	-0.009424778	0	0.09626734	-0.99528056	-0.002435875	2.5830248e-20	1
0	0.10798054	-0.9940767	-0.0025048365	0	-0.0062831854	0	0.10798054	-0.9940767	-0.0025048365	2.7078242e-20	1
0	0.119599655	-0.99274445	-0.0025714445	0	-0.0037699111	0	0.119599655	-0.99274445	-0.0025714445	2.8075363e-20	1
0	0.1263287	-0.99190986	-0.0026092553	0	-0.002513274	0	0.1263287	-0.99190986	-0.0026092553	2.8573374e-20	1
0	0.13000537	-0.9914342	-0.0026296712	0	-0.0018849556	0	0.13000537	-0.9914342	-0.0026296712	2.8822204e-20	1
0	0.13390301	-0.9909148	-0.002651136	0	-0.001256637	0	0.13390301	-0.9909148	-0.002651136	2.9070914e-20	1
0	0.13390301	-0.9909148	-0.002651136	0	-0.0010053096	0	0.13390301	-0.9909148	-0.002651136	2.9170372e-20	1
0	0.13803825	-0.99034667	-0.0026736776	0	-0.0006283185	0	0.13803825	-0.99034667	-0.0026736776	2.931949e-20	1
0	0.14060262	-0.9899856	-0.0026875995	0	-0.0002513274	0	0.14060262	-0.9899856	-0.0026875995	2.9468568e-20	1
0	0.14060262	-0.9899856	-0.0026875995	0	-0.0001256637	0	0.14060262	-0.9899856	-0.0026875995	2.951825e-20	1
0	0.14060262	-0.9899856	-0.0026875995	0	-6.283185e-05	0	0.14060262	-0.9899856	-0.0026875995	2.9543092e-20	1
0	0.14060262	-0.9899856	-0.0026875995	0	-2.5132742e-05	0	0.14060262	-0.9899856	-0.0026875995	2.9557994e-20	1
0	0.14060262	-0.9899856	-0.0026875995	0	-1.2566371e-05	0	0.14060262	-0.9899856	-0.0026875995	2.9562963e-20	1
0	0.14060262	-0.9899856	-0.0026875995	0	-6.2831855e-06	0	0.14060262	-0.9899856	-0.0026875995	2.9565448e-20	1
0	0.14060262	-0.9899856	-0.0026875995	0	-2.513274e-06	0	0.14060262	-0.9899856	-0.0026875995	2.9566938e-20	1
0	0.14060262	-0.9899856	-0.0026875995	0	-1.256637e-06	0	0.14060262	-0.9899856	-0.0026875995	2.9567435e-20	1
0	0.14060262	-0.9899856	-0.0026875995	0	-6.283185e-07	0	0.14060262	-0.9899856	-0.0026875995	2.9567684e-20	1
0	0.14060262	-0.9899856	-0.0026875995	0	-2.513274e-07	0	0.14060262	-0.9899856	-0.0026875995	2.9567833e-20	1
0	0.14060262	-0.9899856	-0.0026875995	0	-1.256637e-07	0	0.14060262	-0.9899856	-0.0026875995	2.956788e-20	1
0	0.14060262	-0.9899856	-0.0026875995	0	0	0	0.14060262	-0.9899856	-0.0026875995	2.9567933e-20	1
0	0.14060262	-0.9899856	-0.0026875995	0	1.256637e-07	0	0.14060262	-0.9899856	-0.0026875995	2.956798e-20	1
0	0.14060262	-0.9899856	-0.0026875995	0	2.513274e-07	0	0.14060262	-0.9899856	-0.0026875995	2.956803e-20	1
0	0.14060262	-0.9899856	-0.0026875995	0	6.283185e-07	0	0.14060262	-0.9899856	-0.0026875995	2.9568182e-20	1
0	0.14060262	-0.9899856	-0.0026875995	0	1.256637e-06	0	0.14060262	-0.9899856	-0.0026875995	2.9568427e-20	1
0	0.14060262	-0.9899856	-0.0026875995	0	2.513274e-06	0	0.14060262	-0.9899856	-0.0026875995	2.9568925e-20	1
0	0.14060262	-0.9899856	-0.0026875995	0	6.2831855e-06	0	0.14060262	-0.9899856	-0.0026875995	2.9570414e-20	1
0	0.14060262	-0.9899856	-0.0026875995	0	1.2566371e-05	0	0.14060262	-0.9899856	-0.0026875995	2.95729e-20	1
0	0.14060262	-0.9899856	-0.0026875995	0	2.5132742e-05	0	0.14060262	-0.9899856	-0.0026875995	2.957787e-20	1
0	0.14290273	-0.98965585	-0.0026999782	0	6.283185e-05	0	0.14290273	-0.98965585	-0.0026999782	2.9592748e-20	1
0	0.14290273	-0.98965585	-0.0026999782	0	0.0001256637	0	0.14290273	-0.98965585	-0.0026999782	2.9617583e-20	1
0	0.14290273	-0.98965585	-0.0026999782	0	0.0002513274	0	0.14290273	-0.98965585	-0.0026999782	2.966725e-20	1
0	0.14714533	-0.98903346	-0.002722656	0	0.0006283185	0	0.14714533	-0.98903346	-0.002722656	2.981618e-20	1
0	0.14714533	-0.98903346	-0.002722656	0	0.0010053096	0	0.14714533	-0.98903346	-0.002722656	2.9965083e-20	1
0	0.15217593	-0.98827124	-0.0027492563	0	0.001256637	0	0.15217593	-0.98827124	-0.0027492563	3.0064254e-20	1
0	0.1575826	-0.9874227	-0.0027774866	0	0.0018849556	0	0.1575826	-0.9874227	-0.0027774866	3.0312134e-20	1
0	0.163383	-0.98647875	-0.0028073657	0	0.002513274	0	0.163383	-0.98647875	-0.0028073657	3.0559784e-20	1
0	0.17655548	-0.9842046	-0.0028735842	0	0.0037699111	0	0.17655548	-0.9842046	-0.0028735842	3.1054302e-20	1
0	0.21203628	-0.9771693	-0.0030400907	0	0.0062831854	0	0.21203628	-0.9771693	-0.0030400907	3.2038983e-20	1
0	0.32509	-0.94556445	-0.0034320848	0	0.009424778	0	0.32509	-0.94556445	-0.0034320848	3.3252418e-20	1
0	0.8898556	0.45594817	0.002260183	0	0.012566371	0	0.8898556	0.45594817	0.002260183	2.6123181e-20	1
0	-0.07245804	0.9972991	0.0022891073	0	0.018849555	0	-0.07245804	0.9972991	0.0022891073	2.2079804e-20	1
0	-0.062112957	0.99799794	0.0022216663	0	0.025132742	0	-0.062112957	0.99799794	0.0022216663	1.9576384e-20	1
0	-0.048223026	0.998767	0.0021254187	0	0.03769911	0	-0.048223026	0.998767	0.0021254187	1.4565754e-20	1
0	-0.039362714	0.9991566	0.0020583393	0	0.050265484	0	-0.039362714	0.9991566	0.0020583393	9.552364e-21	1
0	-0.03323836	0.9993801	0.0020074314	0	0.06283186	0	-0.03323836	0.9993801	0.0020074314	4.5374827e-21	1
