# t (s)	mx ()	my ()	mz ()	B_extx (T)	B_exty (T)	B_extz (T)	mx ()	my ()	mz ()	E_total (J)	branch ()
0	0.13859269	0.99027157	-0.0018255742	0	0.06283186	0	0.13859269	0.99027157	-0.0018255742	4.811899e-21	-1
0	0.2274209	0.97370595	-0.0014497327	0	0.050265484	0	0.2274209	0.97370595	-0.0014497327	9.747182e-21	-1
0	0.34897637	0.93701494	-0.0010934514	0	0.03769911	0	0.34897637	0.93701494	-0.0010934514	1.4550296e-20	-1
0	0.47161424	0.88165414	-0.0009198825	0	0.025132742	0	0.47161424	0.88165414	-0.0009198825	1.9120968e-20	-1
0	0.5308082	0.8473226	-0.00089354254	0	0.018849555	0	0.5308082	0.8473226	-0.00089354254	2.129118e-20	-1
0	0.5893761	0.80767035	-0.0008944225	0	0.012566371	0	0.5893761	0.80767035	-0.0008944225	2.3368822e-20	-1
0	0.61873174	0.78540415	-0.0009014654	0	0.009424778	0	0.61873174	0.78540415	-0.0009014654	2.4368377e-20	-1
0	0.648414	0.7610798	-0.0009105615	0	0.0062831854	0	0.648414	0.7610798	-0.0009105615	2.5338735e-20	-1
0	0.67256224	0.7398244	-0.00091776863	0	0.0037699111	0	0.67256224	0.7398244	-0.00091776863	2.6092105e-20	-1
0	0.68483555	0.72847736	-0.0009208311	0	0.002513274	0	0.68483555	0.72847736	-0.0009208311	2.6460564e-20	-1
0	0.6910116	0.7226213	-0.0009221204	0	0.0018849556	0	0.6910116	0.7226213	-0.0009221204	2.6642625e-20	-1
0	0.69724894	0.7166047	-0.00092320505	0	0.001256637	0	0.69724894	0.7166047	-0.00092320505	2.6823196e-20	-1
0	0.69724894	0.7166047	-0.00092320505	0	0.0010053096	0	0.69724894	0.7166047	-0.00092320505	2.6895122e-20	-1
0	0.7035364	0.71043277	-0.0009240494	0	0.0006283185	0	0.7035364	0.71043277	-0.0009240494	2.7002237e-20	-1
0	0.7035364	0.71043277	-0.0009240494	0	0.0002513274	0	0.7035364	0.71043277	-0.0009240494	2.7109197e-20	-1
0	0.7085993	0.70538294	-0.0009245135	0	0.0001256637	0	0.7085993	0.70538294	-0.0009245135	2.7144345e-20	-1
0	0.7085993	0.70538294	-0.0009245135	0	6.283185e-05	0	0.7085993	0.70538294	-0.0009245135	2.7162043e-20	-1
0	0.7085993	0.70538294	-0.0009245135	0	2.5132742e-05	0	0.7085993	0.70538294	-0.0009245135	2.7172663e-20	-1
0	0.7085993	0.70538294	-0.0009245135	0	1.2566371e-05	0	0.7085993	0.70538294	-0.0009245135	2.7176205e-20	-1
0	0.7085993	0.70538294	-0.0009245135	0	6.2831855e-06	0	0.7085993	0.70538294	-0.0009245135	2.7177975e-20	-1
0	0.7085993	0.70538294	-0.0009245135	0	2.513274e-06	0	0.7085993	0.70538294	-0.0009245135	2.7179035e-20	-1
0	0.7085993	0.70538294	-0.0009245135	0	1.256637e-06	0	0.7085993	0.70538294	-0.0009245135	2.717939e-20	-1
0	0.7085993	0.70538294	-0.0009245135	0	6.283185e-07	0	0.7085993	0.70538294	-0.0009245135	2.717957e-20	-1
0	0.7085993	0.70538294	-0.0009245135	0	2.513274e-07	0	0.7085993	0.70538294	-0.0009245135	2.7179672e-20	-1
0	0.7085993	0.70538294	-0.0009245135	0	1.256637e-07	0	0.7085993	0.70538294	-0.0009245135	2.7179707e-20	-1
0	0.7085993	0.70538294	-0.0009245135	0	0	0	0.7085993	0.70538294	-0.0009245135	2.7179743e-20	-1
0	0.7085993	0.70538294	-0.0009245135	0	-1.256637e-07	0	0.7085993	0.70538294	-0.0009245135	2.717978e-20	-1
0	0.7085993	0.70538294	-0.0009245135	0	-2.513274e-07	0	0.7085993	0.70538294	-0.0009245135	2.7179814e-20	-1
0	0.7085993	0.70538294	-0.0009245135	0	-6.283185e-07	0	0.7085993	0.70538294	-0.0009245135	2.717992e-20	-1
0	0.7085993	0.70538294	-0.0009245135	0	-1.256637e-06	0	0.7085993	0.70538294	-0.0009245135	2.7180098e-20	-1
0	0.7085993	0.70538294	-0.0009245135	0	-2.513274e-06	0	0.7085993	0.70538294	-0.0009245135	2.718045e-20	-1
0	0.7085993	0.70538294	-0.0009245135	0	-6.2831855e-06	0	0.7085993	0.70538294	-0.0009245135	2.7181514e-20	-1
0	0.7085993	0.70538294	-0.0009245135	0	-1.2566371e-05	0	0.7085993	0.70538294	-0.0009245135	2.7183284e-20	-1
0	0.7085993	0.70538294	-0.0009245135	0	-2.5132742e-05	0	0.7085993	0.70538294	-0.0009245135	2.7186822e-20	-1
0	0.7085993	0.70538294	-0.0009245135	0	-6.283185e-05	0	0.7085993	0.70538294	-0.0009245135	2.7197443e-20	-1
0	0.7085993	0.70538294	-0.0009245135	0	-0.0001256637	0	0.7085993	0.70538294	-0.0009245135	2.7215144e-20	-1
0	0.7085993	0.70538294	-0.0009245135	0	-0.0002513274	0	0.7085993	0.70538294	-0.0009245135	2.7250544e-20	-1
0	0.7162591	0.6976037	-0.0009248224	0	-0.0006283185	0	0.7162591	0.6976037	-0.0009248224	2.7355577e-20	-1
0	0.7201302	0.693607	-0.0009247705	0	-0.0010053096	0	0.7201302	0.693607	-0.0009247705	2.7460303e-20	-1
0	0.7201302	0.693607	-0.0009247705	0	-0.001256637	0	0.7201302	0.693607	-0.0009247705	2.7529918e-20	-1
0	0.72925365	0.6840085	-0.0009240313	0	-0.0018849556	0	0.72925365	0.6840085	-0.0009240313	2.770229e-20	-1
0	0.7358614	0.676895	-0.00092289294	0	-0.002513274	0	0.7358614	0.676895	-0.00092289294	2.7873033e-20	-1
0	0.7493534	0.6619288	-0.0009187348	0	-0.0037699111	0	0.7493534	0.6619288	-0.0009187348	2.8209017e-20	-1
0	0.7777455	0.62832856	-0.0008997903	0	-0.0062831854	0	0.7777455	0.62832856	-0.0008997903	2.8857007e-20	-1
0	0.8175467	0.5755987	-0.0008396595	0	-0.009424778	0	0.8175467	0.5755987	-0.0008396595	2.9613912e-20	-1
0	0.8698048	0.49311435	-0.0006615963	0	-0.012566371	0	0.8698048	0.49311435	-0.0006615963	3.0289887e-20	-1
0	0.46000177	-0.8877475	0.006258216	0	-0.018849555	0	0.46000177	-0.8877475	0.006258216	2.2336116e-20	-1
0	0.3359583	-0.94174755	0.005287058	0	-0.025132742	0	0.3359583	-0.94174755	0.005287058	2.004308e-20	-1
0	-0.34897846	-0.9370142	0.0010934465	0	-0.03769911	0	-0.34897846	-0.9370142	0.0010934465	1.4550291e-20	-1
0	-0.2274501	-0.9736991	0.0014496187	0	-0.050265484	0	-0.2274501	-0.9736991	0.0014496187	9.747175e-21	-1
0	-0.13860732	-0.99026954	0.001825501	0	-0.06283186	0	-0.13860732	-0.99026954	0.001825501	4.8118986e-21	-1
0	-0.13860732	-0.99026954	0.001825501	0	-0.06283186	0	-0.13860732	-0.99026954	0.001825501	4.8118986e-21	1
0	-0.22742793	-0.97370434	0.0014497035	0	-0.050265484	0	-0.22742793	-0.97370434	0.0014497035	9.747179e-21	1
0	-0.34901333	-0.9370012	0.0010933677	0	-0.03769911	0	-0.34901333	-0.9370012	0.0010933677	1.4550291e-20	1
0	-0.47162926	-0.88164616	0.00091987057	0	-0.025132742	0	-0.47162926	-0.88164616	0.00091987057	1.9120965e-20	1
0	-0.53080744	-0.84732306	0.00089354266	0	-0.018849555	0	-0.53080744	-0.84732306	0.00089354266	2.129118e-20	1
0	-0.5893734	-0.80767226	0.0008944222	0	-0.012566371	0	-0.5893734	-0.80767226	0.0008944222	2.3368823e-20	1
0	-0.618734	-0.7854023	0.0009014659	0	-0.009424778	0	-0.618734	-0.7854023	0.0009014659	2.4368376e-20	1
0	-0.64843404	-0.7610626	0.0009105671	0	-0.0062831854	0	-0.64843404	-0.7610626	0.0009105671	2.5338733e-20	1
0	-0.67257524	-0.7398126	0.0009177716	0	-0.0037699111	0	-0.67257524	-0.7398126	0.0009177716	2.6092104e-20	1
0	-0.68483377	-0.7284791	0.00092083047	0	-0.002513274	0	-0.68483377	-0.7284791	0.00092083047	2.6460564e-20	1
0	-0.6910217	-0.7226118	0.0009221232	0	-0.0018849556	0	-0.6910217	-0.7226118	0.0009221232	2.6642625e-20	1
0	-0.69725037	-0.7166033	0.00092320715	0	-0.001256637	0	-0.69725037	-0.7166033	0.00092320715	2.6823194e-20	1
0	-0.69725037	-0.7166033	0.00092320715	0	-0.0010053096	0	-0.69725037	-0.7166033	0.00092320715	2.689512e-20	1
0	-0.7035266	-0.7104424	0.0009240489	0	-0.0006283185	0	-0.7035266	-0.7104424	0.0009240489	2.7002238e-20	1
0	-0.7073256	-0.7066602	0.00092441926	0	-0.0002513274	0	-0.7073256	-0.7066602	0.00092441926	2.7108912e-20	1
0	-0.70859504	-0.70538723	0.0009245179	0	-0.0001256637	0	-0.70859504	-0.70538723	0.0009245179	2.7144342e-20	1
0	-0.70859504	-0.70538723	0.0009245179	0	-6.283185e-05	0	-0.70859504	-0.70538723	0.0009245179	2.7162043e-20	1
0	-0.70859504	-0.70538723	0.0009245179	0	-2.5132742e-05	0	-0.70859504	-0.70538723	0.0009245179	2.7172663e-20	1
0	-0.70859504	-0.70538723	0.0009245179	0	-1.2566371e-05	0	-0.70859504	-0.70538723	0.0009245179	2.71762e-20	1
0	-0.70859504	-0.70538723	0.0009245179	0	-6.2831855e-06	0	-0.70859504	-0.70538723	0.0009245179	2.7177972e-20	1
0	-0.70859504	-0.70538723	0.0009245179	0	-2.513274e-06	0	-0.70859504	-0.70538723	0.0009245179	2.7179035e-20	1
0	-0.70859504	-0.70538723	0.0009245179	0	-1.256637e-06	0	-0.70859504	-0.70538723	0.0009245179	2.7179387e-20	1
0	-0.70859504	-0.70538723	0.0009245179	0	-6.283185e-07	0	-0.70859504	-0.70538723	0.0009245179	2.7179565e-20	1
0	-0.70859504	-0.70538723	0.0009245179	0	-2.513274e-07	0	-0.70859504	-0.70538723	0.0009245179	2.7179672e-20	1
0	-0.70859504	-0.70538723	0.0009245179	0	-1.256637e-07	0	-0.70859504	-0.70538723	0.0009245179	2.7179707e-20	1
0	-0.70859504	-0.70538723	0.0009245179	0	0	0	-0.70859504	-0.70538723	0.0009245179	2.7179743e-20	1
0	-0.70859504	-0.70538723	0.0009245179	0	1.256637e-07	0	-0.70859504	-0.70538723	0.0009245179	2.717978e-20	1
0	-0.70859504	-0.70538723	0.0009245179	0	2.513274e-07	0	-0.70859504	-0.70538723	0.0009245179	2.7179814e-20	1
0	-0.70859504	-0.70538723	0.0009245179	0	6.283185e-07	0	-0.70859504	-0.70538723	0.0009245179	2.717992e-20	1
0	-0.70859504	-0.70538723	0.0009245179	0	1.256637e-06	0	-0.70859504	-0.70538723	0.0009245179	2.7180095e-20	1
0	-0.70859504	-0.70538723	0.0009245179	0	2.513274e-06	0	-0.70859504	-0.70538723	0.0009245179	2.718045e-20	1
0	-0.70859504	-0.70538723	0.0009245179	0	6.2831855e-06	0	-0.70859504	-0.70538723	0.0009245179	2.7181514e-20	1
0	-0.70859504	-0.70538723	0.0009245179	0	1.2566371e-05	0	-0.70859504	-0.70538723	0.0009245179	2.718328e-20	1
0	-0.70859504	-0.70538723	0.0009245179	0	2.5132742e-05	0	-0.70859504	-0.70538723	0.0009245179	2.7186822e-20	1
0	-0.70859504	-0.70538723	0.0009245179	0	6.283185e-05	0	-0.70859504	-0.70538723	0.0009245179	2.7197443e-20	1
0	-0.70859504	-0.70538723	0.0009245179	0	0.0001256637	0	-0.70859504	-0.70538723	0.0009245179	2.7215144e-20	1
0	-0.70859504	-0.70538723	0.0009245179	0	0.0002513274	0	-0.70859504	-0.70538723	0.0009245179	2.725054e-20	1
0	-0.7162708	-0.69759166	0.00092482124	0	0.0006283185	0	-0.7162708	-0.69759166	0.00092482124	2.7355574e-20	1
0	-0.7201394	-0.69359744	0.0009247696	0	0.0010053096	0	-0.7201394	-0.69359744	0.0009247696	2.7460303e-20	1
0	-0.7201394	-0.69359744	0.0009247696	0	0.001256637	0	-0.7201394	-0.69359744	0.0009247696	2.7529918e-20	1
0	-0.7292513	-0.684011	0.0009240317	0	0.0018849556	0	-0.7292513	-0.684011	0.0009240317	2.770229e-20	1
0	-0.7358585	-0.67689824	0.00092289364	0	0.002513274	0	-0.7358585	-0.67689824	0.00092289364	2.7873037e-20	1
0	-0.74936223	-0.66191876	0.00091873074	0	0.0037699111	0	-0.74936223	-0.66191876	0.00091873074	2.8209017e-20	1
0	-0.7777454	-0.6283287	0.00089979044	0	0.0062831854	0	-0.7777454	-0.6283287	0.00089979044	2.8857007e-20	1
0	0.61874795	0.7853914	-0.00090146915	0	0.009424778	0	0.61874795	0.7853914	-0.00090146915	2.4368376e-20	1
0	0.5893746	0.8076714	-0.0008944223	0	0.012566371	0	0.5893746	0.8076714	-0.0008944223	2.3368825e-20	1
0	0.5308274	0.84731054	-0.0008935376	0	0.018849555	0	0.5308274	0.84731054	-0.0008935376	2.129118e-20	1
0	0.47160834	0.88165736	-0.00091988756	0	0.025132742	0	0.47160834	0.88165736	-0.00091988756	1.9120968e-20	1
0	0.3490125	0.93700147	-0.0010933694	0	0.03769911	0	0.3490125	0.93700147	-0.0010933694	1.4550294e-20	1
0	0.22742397	0.9737053	-0.0014497193	0	0.050265484	0	0.22742397	0.9737053	-0.0014497193	9.74718e-21	1
0	0.1385911	0.9902718	-0.001825582	0	0.06283186	0	0.1385911	0.9902718	-0.001825582	4.8119e-21	1
