# t (s)	mx ()	my ()	mz ()	B_extx (T)	B_exty (T)	B_extz (T)	mx ()	my ()	mz ()	E_total (J)	branch ()
0	-0.028804272	0.9995198	-2.73595e-05	0	0.06283186	0	-0.028804272	0.9995198	-2.73595e-05	4.5909328e-21	-1
0	-0.03408801	0.9993528	-2.7660759e-05	0	0.050265484	0	-0.03408801	0.9993528	-2.7660759e-05	9.606647e-21	-1
0	-0.04171144	0.99906266	-2.8000353e-05	0	0.03769911	0	-0.04171144	0.99906266	-2.8000353e-05	1.4621248e-20	-1
0	-0.05363969	0.9984921	-2.8388984e-05	0	0.025132742	0	-0.05363969	0.9984921	-2.8388984e-05	1.9633793e-20	-1
0	-0.06251262	0.99797505	-2.8621453e-05	0	0.018849555	0	-0.06251262	0.99797505	-2.8621453e-05	2.2138665e-20	-1
0	-0.07480323	0.9971281	-2.888692e-05	0	0.012566371	0	-0.07480323	0.9971281	-2.888692e-05	2.4641866e-20	-1
0	-0.08288717	0.996488	-2.9036019e-05	0	0.009424778	0	-0.08288717	0.996488	-2.9036019e-05	2.589251e-20	-1
0	-0.09286858	0.99560654	-2.9200663e-05	0	0.0062831854	0	-0.09286858	0.99560654	-2.9200663e-05	2.7142206e-20	-1
0	-0.10275504	0.9946339	-2.9344847e-05	0	0.0037699111	0	-0.10275504	0.9946339	-2.9344847e-05	2.814103e-20	-1
0	-0.10849157	0.9940239	-2.9417348e-05	0	0.002513274	0	-0.10849157	0.9940239	-2.9417348e-05	2.864004e-20	-1
0	-0.11159992	0.9936795	-2.9456522e-05	0	0.0018849556	0	-0.11159992	0.9936795	-2.9456522e-05	2.8889425e-20	-1
0	-0.11488487	0.9933047	-2.9495706e-05	0	0.001256637	0	-0.11488487	0.9933047	-2.9495706e-05	2.9138713e-20	-1
0	-0.11627349	0.99314296	-2.9512315e-05	0	0.0010053096	0	-0.11627349	0.99314296	-2.9512315e-05	2.92384e-20	-1
0	-0.118399814	0.99289155	-2.9539155e-05	0	0.0006283185	0	-0.118399814	0.99289155	-2.9539155e-05	2.9387908e-20	-1
0	-0.12060213	0.9926262	-2.9564995e-05	0	0.0002513274	0	-0.12060213	0.9926262	-2.9564995e-05	2.9537372e-20	-1
0	-0.1213451	0.9925356	-2.9566978e-05	0	0.0001256637	0	-0.1213451	0.9925356	-2.9566978e-05	2.9587184e-20	-1
0	-0.1213451	0.9925356	-2.9566978e-05	0	6.283185e-05	0	-0.1213451	0.9925356	-2.9566978e-05	2.961209e-20	-1
0	-0.121936485	0.992463	-2.9574e-05	0	2.5132742e-05	0	-0.121936485	0.992463	-2.9574e-05	2.9627034e-20	-1
0	-0.12202747	0.9924519	-2.9574097e-05	0	1.2566371e-05	0	-0.12202747	0.9924519	-2.9574097e-05	2.963201e-20	-1
0	-0.12202747	0.9924519	-2.9574097e-05	0	6.2831855e-06	0	-0.12202747	0.9924519	-2.9574097e-05	2.96345e-20	-1
0	-0.12202747	0.9924519	-2.9574097e-05	0	2.513274e-06	0	-0.12202747	0.9924519	-2.9574097e-05	2.9635994e-20	-1
0	-0.12202747	0.9924519	-2.9574097e-05	0	1.256637e-06	0	-0.12202747	0.9924519	-2.9574097e-05	2.9636492e-20	-1
0	-0.12202747	0.9924519	-2.9574097e-05	0	6.283185e-07	0	-0.12202747	0.9924519	-2.9574097e-05	2.963674e-20	-1
0	-0.12202747	0.9924519	-2.9574097e-05	0	2.513274e-07	0	-0.12202747	0.9924519	-2.9574097e-05	2.9636893e-20	-1
0	-0.12202747	0.9924519	-2.9574097e-05	0	1.256637e-07	0	-0.12202747	0.9924519	-2.9574097e-05	2.963694e-20	-1
0	-0.12202747	0.9924519	-2.9574097e-05	0	0	0	-0.12202747	0.9924519	-2.9574097e-05	2.9636993e-20	-1
0	-0.12202747	0.9924519	-2.9574097e-05	0	-1.256637e-07	0	-0.12202747	0.9924519	-2.9574097e-05	2.963704e-20	-1
0	-0.12202747	0.9924519	-2.9574097e-05	0	-2.513274e-07	0	-0.12202747	0.9924519	-2.9574097e-05	2.963709e-20	-1
0	-0.12202747	0.9924519	-2.9574097e-05	0	-6.283185e-07	0	-0.12202747	0.9924519	-2.9574097e-05	2.963724e-20	-1
0	-0.12202747	0.9924519	-2.9574097e-05	0	-1.256637e-06	0	-0.12202747	0.9924519	-2.9574097e-05	2.963749e-20	-1
0	-0.12202747	0.9924519	-2.9574097e-05	0	-2.513274e-06	0	-0.12202747	0.9924519	-2.9574097e-05	2.9637988e-20	-1
0	-0.12202747	0.9924519	-2.9574097e-05	0	-6.2831855e-06	0	-0.12202747	0.9924519	-2.9574097e-05	2.963948e-20	-1
0	-0.12202747	0.9924519	-2.9574097e-05	0	-1.2566371e-05	0	-0.12202747	0.9924519	-2.9574097e-05	2.9641972e-20	-1
0	-0.12222886	0.992427	-2.9576993e-05	0	-2.5132742e-05	0	-0.12222886	0.992427	-2.9576993e-05	2.9646954e-20	-1
0	-0.12248917	0.9923949	-2.9579562e-05	0	-6.283185e-05	0	-0.12248917	0.9923949	-2.9579562e-05	2.96619e-20	-1
0	-0.122901596	0.9923439	-2.9584098e-05	0	-0.0001256637	0	-0.122901596	0.9923439	-2.9584098e-05	2.9686798e-20	-1
0	-0.12364739	0.99225116	-2.9591974e-05	0	-0.0002513274	0	-0.12364739	0.99225116	-2.9591974e-05	2.9736594e-20	-1
0	-0.12606834	0.9919462	-2.9617115e-05	0	-0.0006283185	0	-0.12606834	0.9919462	-2.9617115e-05	2.988596e-20	-1
0	-0.12855953	0.99162614	-2.9639472e-05	0	-0.0010053096	0	-0.12855953	0.99162614	-2.9639472e-05	3.0035283e-20	-1
0	-0.13028699	0.9914005	-2.9657851e-05	0	-0.001256637	0	-0.13028699	0.9914005	-2.9657851e-05	3.0134797e-20	-1
0	-0.13480526	0.99079573	-2.9696788e-05	0	-0.0018849556	0	-0.13480526	0.99079573	-2.9696788e-05	3.038349e-20	-1
0	-0.13965249	0.9901236	-2.9741583e-05	0	-0.002513274	0	-0.13965249	0.9901236	-2.9741583e-05	3.0632023e-20	-1
0	-0.15052868	0.9885273	-2.9821433e-05	0	-0.0037699111	0	-0.15052868	0.9885273	-2.9821433e-05	3.1128532e-20	-1
0	-0.17891032	0.983783	-2.9963616e-05	0	-0.0062831854	0	-0.17891032	0.983783	-2.9963616e-05	3.2118554e-20	-1
0	-0.24333581	0.9698483	-2.9937584e-05	0	-0.009424778	0	-0.24333581	0.9698483	-2.9937584e-05	3.33458e-20	-1
0	-0.9003496	-0.43487537	4.867769e-06	0	-0.012566371	0	-0.9003496	-0.43487537	4.867769e-06	2.6017884e-20	-1
0	0.06250293	-0.9979757	2.862054e-05	0	-0.018849555	0	0.06250293	-0.9979757	2.862054e-05	2.2138667e-20	-1
0	0.053649865	-0.9984915	2.8389459e-05	0	-0.025132742	0	0.053649865	-0.9984915	2.8389459e-05	1.9633796e-20	-1
0	0.04171821	-0.9990624	2.7995615e-05	0	-0.03769911	0	0.04171821	-0.9990624	2.7995615e-05	1.4621248e-20	-1
0	0.03409768	-0.99935246	2.7659993e-05	0	-0.050265484	0	0.03409768	-0.99935246	2.7659993e-05	9.6066495e-21	-1
0	0.028808765	-0.99951977	2.7360118e-05	0	-0.06283186	0	0.028808765	-0.99951977	2.7360118e-05	4.590932e-21	-1
0	0.028806109	-0.9995198	2.7361924e-05	0	-0.06283186	0	0.028806109	-0.9995198	2.7361924e-05	4.5909295e-21	1
0	0.034088925	-0.9993527	2.7658225e-05	0	-0.050265484	0	0.034088925	-0.9993527	2.7658225e-05	9.606646e-21	1
0	0.041710198	-0.99906266	2.7976566e-05	0	-0.03769911	0	0.041710198	-0.99906266	2.7976566e-05	1.462125e-20	1
0	0.05364176	-0.998492	2.838871e-05	0	-0.025132742	0	0.05364176	-0.998492	2.838871e-05	1.9633794e-20	1
0	0.06250112	-0.99797577	2.8620172e-05	0	-0.018849555	0	0.06250112	-0.99797577	2.8620172e-05	2.2138664e-20	1
0	0.074799374	-0.99712837	2.8885985e-05	0	-0.012566371	0	0.074799374	-0.99712837	2.8885985e-05	2.4641867e-20	1
0	0.08289059	-0.99648774	2.9035698e-05	0	-0.009424778	0	0.08289059	-0.99648774	2.9035698e-05	2.5892508e-20	1
0	0.09285799	-0.9956075	2.9200215e-05	0	-0.0062831854	0	0.09285799	-0.9956075	2.9200215e-05	2.7142206e-20	1
0	0.10274608	-0.99463475	2.9325889e-05	0	-0.0037699111	0	0.10274608	-0.99463475	2.9325889e-05	2.814103e-20	1
0	0.108493745	-0.9940237	2.9418552e-05	0	-0.002513274	0	0.108493745	-0.9940237	2.9418552e-05	2.864004e-20	1
0	0.11158707	-0.9936809	2.9456598e-05	0	-0.0018849556	0	0.11158707	-0.9936809	2.9456598e-05	2.8889422e-20	1
0	0.11490247	-0.9933027	2.949619e-05	0	-0.001256637	0	0.11490247	-0.9933027	2.949619e-05	2.9138713e-20	1
0	0.11627643	-0.9931426	2.9511686e-05	0	-0.0010053096	0	0.11627643	-0.9931426	2.9511686e-05	2.9238405e-20	1
0	0.11838793	-0.992893	2.9535147e-05	0	-0.0006283185	0	0.11838793	-0.992893	2.9535147e-05	2.9387908e-20	1
0	0.12060498	-0.99262583	2.9561685e-05	0	-0.0002513274	0	0.12060498	-0.99262583	2.9561685e-05	2.9537372e-20	1
0	0.12060498	-0.99262583	2.9561685e-05	0	-0.0001256637	0	0.12060498	-0.99262583	2.9561685e-05	2.9587187e-20	1
0	0.12060498	-0.99262583	2.9561685e-05	0	-6.283185e-05	0	0.12060498	-0.99262583	2.9561685e-05	2.9612093e-20	1
0	0.12060498	-0.99262583	2.9561685e-05	0	-2.5132742e-05	0	0.12060498	-0.99262583	2.9561685e-05	2.9627038e-20	1
0	0.12060498	-0.99262583	2.9561685e-05	0	-1.2566371e-05	0	0.12060498	-0.99262583	2.9561685e-05	2.963202e-20	1
0	0.12060498	-0.99262583	2.9561685e-05	0	-6.2831855e-06	0	0.12060498	-0.99262583	2.9561685e-05	2.963451e-20	1
0	0.12060498	-0.99262583	2.9561685e-05	0	-2.513274e-06	0	0.12060498	-0.99262583	2.9561685e-05	2.9636007e-20	1
0	0.12060498	-0.99262583	2.9561685e-05	0	-1.256637e-06	0	0.12060498	-0.99262583	2.9561685e-05	2.9636505e-20	1
0	0.12060498	-0.99262583	2.9561685e-05	0	-6.283185e-07	0	0.12060498	-0.99262583	2.9561685e-05	2.9636754e-20	1
0	0.12060498	-0.99262583	2.9561685e-05	0	-2.513274e-07	0	0.12060498	-0.99262583	2.9561685e-05	2.9636902e-20	1
0	0.12060498	-0.99262583	2.9561685e-05	0	-1.256637e-07	0	0.12060498	-0.99262583	2.9561685e-05	2.963695e-20	1
0	0.12060498	-0.99262583	2.9561685e-05	0	0	0	0.12060498	-0.99262583	2.9561685e-05	2.9637002e-20	1
0	0.12060498	-0.99262583	2.9561685e-05	0	1.256637e-07	0	0.12060498	-0.99262583	2.9561685e-05	2.963705e-20	1
0	0.12060498	-0.99262583	2.9561685e-05	0	2.513274e-07	0	0.12060498	-0.99262583	2.9561685e-05	2.9637103e-20	1
0	0.12060498	-0.99262583	2.9561685e-05	0	6.283185e-07	0	0.12060498	-0.99262583	2.9561685e-05	2.963725e-20	1
0	0.12060498	-0.99262583	2.9561685e-05	0	1.256637e-06	0	0.12060498	-0.99262583	2.9561685e-05	2.96375e-20	1
0	0.12060498	-0.99262583	2.9561685e-05	0	2.513274e-06	0	0.12060498	-0.99262583	2.9561685e-05	2.9637998e-20	1
0	0.12060498	-0.99262583	2.9561685e-05	0	6.2831855e-06	0	0.12060498	-0.99262583	2.9561685e-05	2.9639494e-20	1
0	0.12060498	-0.99262583	2.9561685e-05	0	1.2566371e-05	0	0.12060498	-0.99262583	2.9561685e-05	2.9641985e-20	1
0	0.12060498	-0.99262583	2.9561685e-05	0	2.5132742e-05	0	0.12060498	-0.99262583	2.9561685e-05	2.9646964e-20	1
0	0.12249975	-0.9923936	2.958053e-05	0	6.283185e-05	0	0.12249975	-0.9923936	2.958053e-05	2.9661895e-20	1
0	0.12286905	-0.9923479	2.9583724e-05	0	0.0001256637	0	0.12286905	-0.9923479	2.9583724e-05	2.9686798e-20	1
0	0.12366606	-0.99224883	2.9594803e-05	0	0.0002513274	0	0.12366606	-0.99224883	2.9594803e-05	2.9736597e-20	1
0	0.12606764	-0.99194634	2.9615898e-05	0	0.0006283185	0	0.12606764	-0.99194634	2.9615898e-05	2.9885964e-20	1
0	0.12856677	-0.9916252	2.9640662e-05	0	0.0010053096	0	0.12856677	-0.9916252	2.9640662e-05	3.0035277e-20	1
0	0.13028729	-0.9914005	2.9656909e-05	0	0.001256637	0	0.13028729	-0.9914005	2.9656909e-05	3.0134797e-20	1
0	0.13481858	-0.99079394	2.969806e-05	0	0.0018849556	0	0.13481858	-0.99079394	2.969806e-05	3.038349e-20	1
0	0.13965517	-0.9901233	2.9740077e-05	0	0.002513274	0	0.13965517	-0.9901233	2.9740077e-05	3.063202e-20	1
0	0.15052411	-0.988528	2.982032e-05	0	0.0037699111	0	0.15052411	-0.988528	2.982032e-05	3.112853e-20	1
0	0.17890352	-0.9837842	2.9963492e-05	0	0.0062831854	0	0.17890352	-0.9837842	2.9963492e-05	3.2118554e-20	1
0	0.24345791	-0.96981764	2.993687e-05	0	0.009424778	0	0.24345791	-0.96981764	2.993687e-05	3.3345802e-20	1
0	0.9003241	0.4349281	-4.8674674e-06	0	0.012566371	0	0.9003241	0.4349281	-4.8674674e-06	2.6017887e-20	1
0	-0.06252448	0.99797434	-2.8620874e-05	0	0.018849555	0	-0.06252448	0.99797434	-2.8620874e-05	2.2138665e-20	1
0	-0.05364366	0.9984919	-2.838833e-05	0	0.025132742	0	-0.05364366	0.9984919	-2.838833e-05	1.9633796e-20	1
0	-0.041717485	0.9990624	-2.7995733e-05	0	0.03769911	0	-0.041717485	0.9990624	-2.7995733e-05	1.4621251e-20	1
0	-0.034089133	0.99935275	-2.7659855e-05	0	0.050265484	0	-0.034089133	0.99935275	-2.7659855e-05	9.606648e-21	1
0	-0.02880613	0.9995198	-2.7359007e-05	0	0.06283186	0	-0.02880613	0.9995198	-2.7359007e-05	4.5909336e-21	1
