# t (s)	mx ()	my ()	mz ()	B_extx (T)	B_exty (T)	B_extz (T)	mx ()	my ()	mz ()	E_total (J)	branch ()
0	-0.023198284	0.99966586	0.0002696365	0	0.06283186	0	-0.023198284	0.99966586	0.0002696365	4.5779758e-21	-1
0	-0.027432863	0.99955773	0.00026323716	0	0.050265484	0	-0.027432863	0.99955773	0.00026323716	9.5945536e-21	-1
0	-0.033546984	0.99937034	0.00025283115	0	0.03769911	0	-0.033546984	0.99937034	0.00025283115	1.4610422e-20	-1
0	-0.043115493	0.9990022	0.0002349664	0	0.025132742	0	-0.043115493	0.9990022	0.0002349664	1.9624954e-20	-1
0	-0.050246526	0.9986683	0.00022091622	0	0.018849555	0	-0.050246526	0.9986683	0.00022091622	2.2131314e-20	-1
0	-0.06015706	0.99811953	0.00020075243	0	0.012566371	0	-0.06015706	0.99811953	0.00020075243	2.4636602e-20	-1
0	-0.066709265	0.9977025	0.00018713805	0	0.009424778	0	-0.066709265	0.9977025	0.00018713805	2.5888616e-20	-1
0	-0.074826255	0.997126	0.00017004902	0	0.0062831854	0	-0.074826255	0.997126	0.00017004902	2.7140022e-20	-1
0	-0.082837544	0.9964918	0.00015299516	0	0.0037699111	0	-0.082837544	0.9964918	0.00015299516	2.8140533e-20	-1
0	-0.08756612	0.99608696	0.00014285657	0	0.002513274	0	-0.08756612	0.99608696	0.00014285657	2.864052e-20	-1
0	-0.09010823	0.99586004	0.00013739418	0	0.0018849556	0	-0.09010823	0.99586004	0.00013739418	2.8890436e-20	-1
0	-0.09281376	0.9956113	0.0001315636	0	0.001256637	0	-0.09281376	0.9956113	0.0001315636	2.9140297e-20	-1
0	-0.09394546	0.9955051	0.00012912138	0	0.0010053096	0	-0.09394546	0.9955051	0.00012912138	2.924022e-20	-1
0	-0.09568454	0.9953393	0.00012536699	0	0.0006283185	0	-0.09568454	0.9953393	0.00012536699	2.9390086e-20	-1
0	-0.09749298	0.99516356	0.000121478086	0	0.0002513274	0	-0.09749298	0.99516356	0.000121478086	2.9539922e-20	-1
0	-0.09749298	0.99516356	0.000121478086	0	0.0001256637	0	-0.09749298	0.99516356	0.000121478086	2.9589863e-20	-1
0	-0.09749298	0.99516356	0.000121478086	0	6.283185e-05	0	-0.09749298	0.99516356	0.000121478086	2.9614837e-20	-1
0	-0.09749298	0.99516356	0.000121478086	0	2.5132742e-05	0	-0.09749298	0.99516356	0.000121478086	2.962982e-20	-1
0	-0.09749298	0.99516356	0.000121478086	0	1.2566371e-05	0	-0.09749298	0.99516356	0.000121478086	2.9634812e-20	-1
0	-0.09749298	0.99516356	0.000121478086	0	6.2831855e-06	0	-0.09749298	0.99516356	0.000121478086	2.963731e-20	-1
0	-0.09749298	0.99516356	0.000121478086	0	2.513274e-06	0	-0.09749298	0.99516356	0.000121478086	2.963881e-20	-1
0	-0.09749298	0.99516356	0.000121478086	0	1.256637e-06	0	-0.09749298	0.99516356	0.000121478086	2.9639306e-20	-1
0	-0.09749298	0.99516356	0.000121478086	0	6.283185e-07	0	-0.09749298	0.99516356	0.000121478086	2.9639558e-20	-1
0	-0.09749298	0.99516356	0.000121478086	0	2.513274e-07	0	-0.09749298	0.99516356	0.000121478086	2.9639707e-20	-1
0	-0.09749298	0.99516356	0.000121478086	0	1.256637e-07	0	-0.09749298	0.99516356	0.000121478086	2.9639755e-20	-1
0	-0.09749298	0.99516356	0.000121478086	0	0	0	-0.09749298	0.99516356	0.000121478086	2.9639807e-20	-1
0	-0.09749298	0.99516356	0.000121478086	0	-1.256637e-07	0	-0.09749298	0.99516356	0.000121478086	2.9639856e-20	-1
0	-0.09749298	0.99516356	0.000121478086	0	-2.513274e-07	0	-0.09749298	0.99516356	0.000121478086	2.9639907e-20	-1
0	-0.09749298	0.99516356	0.000121478086	0	-6.283185e-07	0	-0.09749298	0.99516356	0.000121478086	2.9640056e-20	-1
0	-0.09749298	0.99516356	0.000121478086	0	-1.256637e-06	0	-0.09749298	0.99516356	0.000121478086	2.9640305e-20	-1
0	-0.09749298	0.99516356	0.000121478086	0	-2.513274e-06	0	-0.09749298	0.99516356	0.000121478086	2.9640806e-20	-1
0	-0.09749298	0.99516356	0.000121478086	0	-6.2831855e-06	0	-0.09749298	0.99516356	0.000121478086	2.9642305e-20	-1
0	-0.09749298	0.99516356	0.000121478086	0	-1.2566371e-05	0	-0.09749298	0.99516356	0.000121478086	2.9644803e-20	-1
0	-0.09749298	0.99516356	0.000121478086	0	-2.5132742e-05	0	-0.09749298	0.99516356	0.000121478086	2.9649795e-20	-1
0	-0.09749298	0.99516356	0.000121478086	0	-6.283185e-05	0	-0.09749298	0.99516356	0.000121478086	2.9664778e-20	-1
0	-0.09933853	0.99498093	0.00011746386	0	-0.0001256637	0	-0.09933853	0.99498093	0.00011746386	2.968974e-20	-1
0	-0.10001133	0.99491346	0.00011600658	0	-0.0002513274	0	-0.10001133	0.99491346	0.00011600658	2.973967e-20	-1
0	-0.1019866	0.9947127	0.00011172204	0	-0.0006283185	0	-0.1019866	0.9947127	0.00011172204	2.988944e-20	-1
0	-0.10404475	0.9944993	0.00010725878	0	-0.0010053096	0	-0.10404475	0.9944993	0.00010725878	3.0039183e-20	-1
0	-0.105476536	0.9943484	0.00010414909	0	-0.001256637	0	-0.105476536	0.9943484	0.00010414909	3.0139e-20	-1
0	-0.10918809	0.9939473	9.6086194e-05	0	-0.0018849556	0	-0.10918809	0.9939473	9.6086194e-05	3.0388454e-20	-1
0	-0.11317532	0.9935008	8.7404085e-05	0	-0.002513274	0	-0.11317532	0.9935008	8.7404085e-05	3.0637807e-20	-1
0	-0.12215167	0.9924363	6.783861e-05	0	-0.0037699111	0	-0.12215167	0.9924363	6.783861e-05	3.1136138e-20	-1
0	-0.14550717	0.98927927	1.6869339e-05	0	-0.0062831854	0	-0.14550717	0.98927927	1.6869339e-05	3.2130807e-20	-1
0	-0.19576296	0.9805659	-9.147888e-05	0	-0.009424778	0	-0.19576296	0.9805659	-9.147888e-05	3.3367458e-20	-1
0	1.1581578e-06	0.0012429557	-2.5331974e-07	0	-0.012566371	0	1.1581578e-06	0.0012429557	-2.5331974e-07	2.2196294e-18	-1
0	1.5866535e-06	0.0018658617	-3.874302e-07	0	-0.018849555	0	1.5866535e-06	0.0018658617	-3.874302e-07	2.2196335e-18	-1
0	2.0235311e-06	0.0024887621	-5.066395e-07	0	-0.025132742	0	2.0235311e-06	0.0024887621	-5.066395e-07	2.2196385e-18	-1
0	2.8973445e-06	0.0037345584	-7.5250864e-07	0	-0.03769911	0	2.8973445e-06	0.0037345584	-7.5250864e-07	2.2196544e-18	-1
0	3.7710997e-06	0.004980346	-1.013279e-06	0	-0.050265484	0	3.7710997e-06	0.004980346	-1.013279e-06	2.2196763e-18	-1
0	4.644404e-06	0.0062261242	-1.2591481e-06	0	-0.06283186	0	4.644404e-06	0.0062261242	-1.2591481e-06	2.2197042e-18	-1
0	4.644404e-06	0.0062261242	-1.2591481e-06	0	-0.06283186	0	4.644404e-06	0.0062261242	-1.2591481e-06	2.2197042e-18	1
0	3.7710124e-06	0.004980346	-1.0207295e-06	0	-0.050265484	0	3.7710124e-06	0.004980346	-1.0207295e-06	2.2196763e-18	1
0	2.8973736e-06	0.0037345581	-7.674098e-07	0	-0.03769911	0	2.8973736e-06	0.0037345581	-7.674098e-07	2.2196544e-18	1
0	2.023502e-06	0.0024887621	-4.917383e-07	0	-0.025132742	0	2.023502e-06	0.0024887621	-4.917383e-07	2.2196387e-18	1
0	1.5860132e-06	0.001865862	-3.874302e-07	0	-0.018849555	0	1.5860132e-06	0.001865862	-3.874302e-07	2.2196333e-18	1
0	1.1497468e-06	0.0012429606	-2.5331974e-07	0	-0.012566371	0	1.1497468e-06	0.0012429606	-2.5331974e-07	2.2196292e-18	1
0	9.3120616e-07	0.0009315096	-1.937151e-07	0	-0.009424778	0	9.3120616e-07	0.0009315096	-1.937151e-07	2.219628e-18	1
0	7.1155955e-07	0.00062006037	-1.4156103e-07	0	-0.0062831854	0	7.1155955e-07	0.00062006037	-1.4156103e-07	2.2196269e-18	1
0	5.377515e-07	0.00037089782	-8.195639e-08	0	-0.0037699111	0	5.377515e-07	0.00037089782	-8.195639e-08	2.2196265e-18	1
0	4.5192428e-07	0.00024631704	-2.9802322e-08	0	-0.002513274	0	4.5192428e-07	0.00024631704	-2.9802322e-08	2.2196263e-18	1
0	3.83734e-07	0.00018403528	-7.450581e-09	0	-0.0018849556	0	3.83734e-07	0.00018403528	-7.450581e-09	2.2196263e-18	1
0	3.3769174e-07	0.00012171596	-7.450581e-09	0	-0.001256637	0	3.3769174e-07	0.00012171596	-7.450581e-09	2.219626e-18	1
0	3.457535e-07	9.682115e-05	-7.450581e-09	0	-0.0010053096	0	3.457535e-07	9.682115e-05	-7.450581e-09	2.219626e-18	1
0	3.1973468e-07	5.944665e-05	-7.450581e-09	0	-0.0006283185	0	3.1973468e-07	5.944665e-05	-7.450581e-09	2.219626e-18	1
0	1.527369e-07	2.2123271e-05	0	0	-0.0002513274	0	1.527369e-07	2.2123271e-05	0	2.219626e-18	1
0	2.8431532e-07	9.614307e-06	0	0	-0.0001256637	0	2.8431532e-07	9.614307e-06	0	2.219626e-18	1
0	2.7994975e-07	3.3854212e-06	0	0	-6.283185e-05	0	2.7994975e-07	3.3854212e-06	0	2.219626e-18	1
0	2.850138e-07	-3.5458106e-07	0	0	-2.5132742e-05	0	2.850138e-07	-3.5458106e-07	0	2.219626e-18	1
0	2.781744e-07	-1.5981477e-06	0	0	-1.2566371e-05	0	2.781744e-07	-1.5981477e-06	0	2.219626e-18	1
0	2.7628266e-07	-2.221097e-06	0	0	-6.2831855e-06	0	2.7628266e-07	-2.221097e-06	0	2.219626e-18	1
0	2.7564238e-07	-2.59453e-06	0	0	-2.513274e-06	0	2.7564238e-07	-2.59453e-06	0	2.219626e-18	1
0	2.7607894e-07	-2.719189e-06	0	0	-1.256637e-06	0	2.7607894e-07	-2.719189e-06	0	2.219626e-18	1
0	2.757879e-07	-2.7814422e-06	0	0	-6.283185e-07	0	2.757879e-07	-2.7814422e-06	0	2.219626e-18	1
0	2.7564238e-07	-2.8188279e-06	0	0	-2.513274e-07	0	2.7564238e-07	-2.8188279e-06	0	2.219626e-18	1
0	2.757006e-07	-2.8312643e-06	0	0	-1.256637e-07	0	2.757006e-07	-2.8312643e-06	0	2.219626e-18	1
0	2.757006e-07	-2.8437444e-06	0	0	0	0	2.757006e-07	-2.8437444e-06	0	2.219626e-18	1
0	2.757006e-07	-2.8561863e-06	0	0	1.256637e-07	0	2.757006e-07	-2.8561863e-06	0	2.219626e-18	1
0	2.7567148e-07	-2.8686445e-06	0	0	2.513274e-07	0	2.7567148e-07	-2.8686445e-06	0	2.219626e-18	1
0	2.7567148e-07	-2.906003e-06	0	0	6.283185e-07	0	2.7567148e-07	-2.906003e-06	0	2.219626e-18	1
0	2.7561327e-07	-2.9683415e-06	0	0	1.256637e-06	0	2.7561327e-07	-2.9683415e-06	0	2.219626e-18	1
0	2.7543865e-07	-3.092926e-06	0	0	2.513274e-06	0	2.7543865e-07	-3.092926e-06	0	2.219626e-18	1
0	2.7523492e-07	-3.46661e-06	0	0	6.2831855e-06	0	2.7523492e-07	-3.46661e-06	0	2.219626e-18	1
0	2.7479837e-07	-4.0894993e-06	0	0	1.2566371e-05	0	2.7479837e-07	-4.0894993e-06	0	2.219626e-18	1
0	2.749439e-07	-5.3356052e-06	0	0	2.5132742e-05	0	2.749439e-07	-5.3356052e-06	0	2.219626e-18	1
0	2.7153874e-07	-9.0720005e-06	0	0	6.283185e-05	0	2.7153874e-07	-9.0720005e-06	0	2.219626e-18	1
0	2.6726048e-07	-1.5302423e-05	0	0	0.0001256637	0	2.6726048e-07	-1.5302423e-05	0	2.219626e-18	1
0	2.583547e-07	-2.776001e-05	0	0	0.0002513274	0	2.583547e-07	-2.776001e-05	0	2.219626e-18	1
0	2.1443702e-07	-6.513353e-05	0	0	0.0006283185	0	2.1443702e-07	-6.513353e-05	0	2.219626e-18	1
0	3.2407115e-07	-0.00010249387	0	0	0.0010053096	0	3.2407115e-07	-0.00010249387	0	2.2196263e-18	1
0	2.7319766e-07	-0.00012742096	2.9802322e-08	0	0.001256637	0	2.7319766e-07	-0.00012742096	2.9802322e-08	2.2196263e-18	1
0	1.4065881e-07	-0.00018971447	3.7252903e-08	0	0.0018849556	0	1.4065881e-07	-0.00018971447	3.7252903e-08	2.2196265e-18	1
0	1.0308577e-07	-0.0002520036	5.2154064e-08	0	0.002513274	0	1.0308577e-07	-0.0002520036	5.2154064e-08	2.2196263e-18	1
0	1.4173565e-08	-0.00037658552	5.9604645e-08	0	0.0037699111	0	1.4173565e-08	-0.00037658552	5.9604645e-08	2.2196265e-18	1
0	-1.6120612e-07	-0.00062574603	1.4156103e-07	0	0.0062831854	0	-1.6120612e-07	-0.00062574603	1.4156103e-07	2.219627e-18	1
0	-3.8079452e-07	-0.00093719637	1.937151e-07	0	0.009424778	0	-3.8079452e-07	-0.00093719637	1.937151e-07	2.219628e-18	1
0	-5.970651e-07	-0.0012486479	2.682209e-07	0	0.012566371	0	-5.970651e-07	-0.0012486479	2.682209e-07	2.2196294e-18	1
0	-1.0352524e-06	-0.0018715493	3.799796e-07	0	0.018849555	0	-1.0352524e-06	-0.0018715493	3.799796e-07	2.2196333e-18	1
0	-1.4723337e-06	-0.0024944497	5.066395e-07	0	0.025132742	0	-1.4723337e-06	-0.0024944497	5.066395e-07	2.2196387e-18	1
0	-2.346147e-06	-0.0037402455	7.5250864e-07	0	0.03769911	0	-2.346147e-06	-0.0037402455	7.5250864e-07	2.2196542e-18	1
0	-3.2196695e-06	-0.0049860347	9.983778e-07	0	0.050265484	0	-3.2196695e-06	-0.0049860347	9.983778e-07	2.2196763e-18	1
0	-4.0938903e-06	-0.006231811	1.2740493e-06	0	0.06283186	0	-4.0938903e-06	-0.006231811	1.2740493e-06	2.2197044e-18	1
