# t (s)	mx ()	my ()	mz ()	B_extx (T)	B_exty (T)	B_extz (T)	mx ()	my ()	mz ()	E_total (J)	branch ()
0	0.023965826	0.9996414	0.0035694856	0	0.06283186	0	0.023965826	0.9996414	0.0035694856	4.393941e-21	-1
0	0.028242836	0.99952877	0.00360766	0	0.050265484	0	0.028242836	0.99952877	0.00360766	9.4103895e-21	-1
0	0.034367323	0.9993359	0.0036501493	0	0.03769911	0	0.034367323	0.9993359	0.0036501493	1.4426096e-20	-1
0	0.043838598	0.99896395	0.003699715	0	0.025132742	0	0.043838598	0.99896395	0.003699715	1.9440446e-20	-1
0	0.050810233	0.9986329	0.0037288098	0	0.018849555	0	0.050810233	0.9986329	0.0037288098	2.1946716e-20	-1
0	0.0603857	0.99809873	0.0037624366	0	0.012566371	0	0.0603857	0.99809873	0.0037624366	2.4451923e-20	-1
0	0.06664456	0.99769974	0.0037815867	0	0.009424778	0	0.06664456	0.99769974	0.0037815867	2.5703927e-20	-1
0	0.07432537	0.99715626	0.0038027782	0	0.0062831854	0	0.07432537	0.99715626	0.0038027782	2.6955344e-20	-1
0	0.081860416	0.99656534	0.0038215513	0	0.0037699111	0	0.081860416	0.99656534	0.0038215513	2.795591e-20	-1
0	0.086218126	0.9961974	0.0038316287	0	0.002513274	0	0.086218126	0.9961974	0.0038316287	2.8455944e-20	-1
0	0.088578045	0.99599004	0.003836873	0	0.0018849556	0	0.088578045	0.99599004	0.003836873	2.8705888e-20	-1
0	0.09105767	0.9957662	0.0038422176	0	0.001256637	0	0.09105767	0.9957662	0.0038422176	2.8955784e-20	-1
0	0.09105767	0.9957662	0.0038422176	0	0.0010053096	0	0.09105767	0.9957662	0.0038422176	2.9055727e-20	-1
0	0.09370809	0.9955201	0.0038477562	0	0.0006283185	0	0.09370809	0.9955201	0.0038477562	2.9205615e-20	-1
0	0.09536326	0.99536276	0.0038511294	0	0.0002513274	0	0.09536326	0.99536276	0.0038511294	2.935548e-20	-1
0	0.09536326	0.99536276	0.0038511294	0	0.0001256637	0	0.09536326	0.99536276	0.0038511294	2.940543e-20	-1
0	0.09536326	0.99536276	0.0038511294	0	6.283185e-05	0	0.09536326	0.99536276	0.0038511294	2.9430408e-20	-1
0	0.09536326	0.99536276	0.0038511294	0	2.5132742e-05	0	0.09536326	0.99536276	0.0038511294	2.9445394e-20	-1
0	0.09536326	0.99536276	0.0038511294	0	1.2566371e-05	0	0.09536326	0.99536276	0.0038511294	2.945039e-20	-1
0	0.09536326	0.99536276	0.0038511294	0	6.2831855e-06	0	0.09536326	0.99536276	0.0038511294	2.9452887e-20	-1
0	0.09536326	0.99536276	0.0038511294	0	2.513274e-06	0	0.09536326	0.99536276	0.0038511294	2.9454383e-20	-1
0	0.09536326	0.99536276	0.0038511294	0	1.256637e-06	0	0.09536326	0.99536276	0.0038511294	2.9454884e-20	-1
0	0.09536326	0.99536276	0.0038511294	0	6.283185e-07	0	0.09536326	0.99536276	0.0038511294	2.9455133e-20	-1
0	0.09536326	0.99536276	0.0038511294	0	2.513274e-07	0	0.09536326	0.99536276	0.0038511294	2.9455284e-20	-1
0	0.09536326	0.99536276	0.0038511294	0	1.256637e-07	0	0.09536326	0.99536276	0.0038511294	2.9455333e-20	-1
0	0.09536326	0.99536276	0.0038511294	0	0	0	0.09536326	0.99536276	0.0038511294	2.9455385e-20	-1
0	0.09536326	0.99536276	0.0038511294	0	-1.256637e-07	0	0.09536326	0.99536276	0.0038511294	2.9455433e-20	-1
0	0.09536326	0.99536276	0.0038511294	0	-2.513274e-07	0	0.09536326	0.99536276	0.0038511294	2.9455485e-20	-1
0	0.09536326	0.99536276	0.0038511294	0	-6.283185e-07	0	0.09536326	0.99536276	0.0038511294	2.9455633e-20	-1
0	0.09536326	0.99536276	0.0038511294	0	-1.256637e-06	0	0.09536326	0.99536276	0.0038511294	2.9455882e-20	-1
0	0.09536326	0.99536276	0.0038511294	0	-2.513274e-06	0	0.09536326	0.99536276	0.0038511294	2.9456383e-20	-1
0	0.09536326	0.99536276	0.0038511294	0	-6.2831855e-06	0	0.09536326	0.99536276	0.0038511294	2.9457882e-20	-1
0	0.09536326	0.99536276	0.0038511294	0	-1.2566371e-05	0	0.09536326	0.99536276	0.0038511294	2.946038e-20	-1
0	0.09536326	0.99536276	0.0038511294	0	-2.5132742e-05	0	0.09536326	0.99536276	0.0038511294	2.9465375e-20	-1
0	0.09679045	0.99522483	0.0038539872	0	-6.283185e-05	0	0.09679045	0.99522483	0.0038539872	2.9480352e-20	-1
0	0.09679045	0.99522483	0.0038539872	0	-0.0001256637	0	0.09679045	0.99522483	0.0038539872	2.9505326e-20	-1
0	0.09679045	0.99522483	0.0038539872	0	-0.0002513274	0	0.09679045	0.99522483	0.0038539872	2.955527e-20	-1
0	0.09945394	0.99496186	0.003859206	0	-0.0006283185	0	0.09945394	0.99496186	0.003859206	2.970508e-20	-1
0	0.101334974	0.99477196	0.0038627847	0	-0.0010053096	0	0.101334974	0.99477196	0.0038627847	2.985486e-20	-1
0	0.101334974	0.99477196	0.0038627847	0	-0.001256637	0	0.101334974	0.99477196	0.0038627847	2.9954708e-20	-1
0	0.10600212	0.994285	0.003871341	0	-0.0018849556	0	0.10600212	0.994285	0.003871341	3.0204235e-20	-1
0	0.10958317	0.99389625	0.0038776058	0	-0.002513274	0	0.10958317	0.99389625	0.0038776058	3.0453675e-20	-1
0	0.11760051	0.9929787	0.0038906988	0	-0.0037699111	0	0.11760051	0.9929787	0.0038906988	3.0952245e-20	-1
0	0.13799736	0.99034786	0.0039186254	0	-0.0062831854	0	0.13799736	0.99034786	0.0039186254	3.1947686e-20	-1
0	0.17889479	0.98377764	0.0039534555	0	-0.009424778	0	0.17889479	0.98377764	0.0039534555	3.3186683e-20	-1
0	0.9054661	-0.42412272	-0.00091819005	0	-0.012566371	0	0.9054661	-0.42412272	-0.00091819005	2.617018e-20	-1
0	-0.050820656	-0.99863243	-0.0037288305	0	-0.018849555	0	-0.050820656	-0.99863243	-0.0037288305	2.1946716e-20	-1
0	-0.04384409	-0.9989637	-0.0036997318	0	-0.025132742	0	-0.04384409	-0.9989637	-0.0036997318	1.9440446e-20	-1
0	-0.034372132	-0.9993357	-0.00365016	0	-0.03769911	0	-0.034372132	-0.9993357	-0.00365016	1.4426098e-20	-1
0	-0.028246319	-0.99952865	-0.003607668	0	-0.050265484	0	-0.028246319	-0.99952865	-0.003607668	9.410392e-21	-1
0	-0.023968127	-0.9996414	-0.0035694956	0	-0.06283186	0	-0.023968127	-0.9996414	-0.0035694956	4.393944e-21	-1
0	-0.02396759	-0.9996414	-0.0035694907	0	-0.06283186	0	-0.02396759	-0.9996414	-0.0035694907	4.393942e-21	1
0	-0.028242722	-0.99952877	-0.00360766	0	-0.050265484	0	-0.028242722	-0.99952877	-0.00360766	9.4103895e-21	1
0	-0.03436786	-0.9993359	-0.0036501437	0	-0.03769911	0	-0.03436786	-0.9993359	-0.0036501437	1.44261e-20	1
0	-0.043840382	-0.99896383	-0.0036997243	0	-0.025132742	0	-0.043840382	-0.99896383	-0.0036997243	1.9440449e-20	1
0	-0.050820205	-0.99863243	-0.0037288386	0	-0.018849555	0	-0.050820205	-0.99863243	-0.0037288386	2.1946717e-20	1
0	-0.06037821	-0.99809915	-0.0037624214	0	-0.012566371	0	-0.06037821	-0.99809915	-0.0037624214	2.4451923e-20	1
0	-0.06663598	-0.99770033	-0.0037815715	0	-0.009424778	0	-0.06663598	-0.99770033	-0.0037815715	2.5703927e-20	1
0	-0.074313864	-0.99715716	-0.0038027642	0	-0.0062831854	0	-0.074313864	-0.99715716	-0.0038027642	2.6955344e-20	1
0	-0.081851155	-0.99656606	-0.003821536	0	-0.0037699111	0	-0.081851155	-0.99656606	-0.003821536	2.7955907e-20	1
0	-0.08621384	-0.99619776	-0.0038316217	0	-0.002513274	0	-0.08621384	-0.99619776	-0.0038316217	2.8455944e-20	1
0	-0.08857727	-0.99599016	-0.0038368637	0	-0.0018849556	0	-0.08857727	-0.99599016	-0.0038368637	2.8705888e-20	1
0	-0.091068015	-0.9957653	-0.0038422337	0	-0.001256637	0	-0.091068015	-0.9957653	-0.0038422337	2.895578e-20	1
0	-0.091068015	-0.9957653	-0.0038422337	0	-0.0010053096	0	-0.091068015	-0.9957653	-0.0038422337	2.9055724e-20	1
0	-0.09370665	-0.99552023	-0.003847748	0	-0.0006283185	0	-0.09370665	-0.99552023	-0.003847748	2.9205615e-20	1
0	-0.09536473	-0.9953625	-0.003851136	0	-0.0002513274	0	-0.09536473	-0.9953625	-0.003851136	2.9355483e-20	1
0	-0.09536473	-0.9953625	-0.003851136	0	-0.0001256637	0	-0.09536473	-0.9953625	-0.003851136	2.9405434e-20	1
0	-0.09536473	-0.9953625	-0.003851136	0	-6.283185e-05	0	-0.09536473	-0.9953625	-0.003851136	2.943041e-20	1
0	-0.09536473	-0.9953625	-0.003851136	0	-2.5132742e-05	0	-0.09536473	-0.9953625	-0.003851136	2.9445397e-20	1
0	-0.09536473	-0.9953625	-0.003851136	0	-1.2566371e-05	0	-0.09536473	-0.9953625	-0.003851136	2.9450392e-20	1
0	-0.09536473	-0.9953625	-0.003851136	0	-6.2831855e-06	0	-0.09536473	-0.9953625	-0.003851136	2.945289e-20	1
0	-0.09536473	-0.9953625	-0.003851136	0	-2.513274e-06	0	-0.09536473	-0.9953625	-0.003851136	2.945439e-20	1
0	-0.09536473	-0.9953625	-0.003851136	0	-1.256637e-06	0	-0.09536473	-0.9953625	-0.003851136	2.9454887e-20	1
0	-0.09536473	-0.9953625	-0.003851136	0	-6.283185e-07	0	-0.09536473	-0.9953625	-0.003851136	2.945514e-20	1
0	-0.09536473	-0.9953625	-0.003851136	0	-2.513274e-07	0	-0.09536473	-0.9953625	-0.003851136	2.9455288e-20	1
0	-0.09536473	-0.9953625	-0.003851136	0	-1.256637e-07	0	-0.09536473	-0.9953625	-0.003851136	2.945534e-20	1
0	-0.09536473	-0.9953625	-0.003851136	0	0	0	-0.09536473	-0.9953625	-0.003851136	2.9455388e-20	1
0	-0.09536473	-0.9953625	-0.003851136	0	1.256637e-07	0	-0.09536473	-0.9953625	-0.003851136	2.9455436e-20	1
0	-0.09536473	-0.9953625	-0.003851136	0	2.513274e-07	0	-0.09536473	-0.9953625	-0.003851136	2.9455488e-20	1
0	-0.09536473	-0.9953625	-0.003851136	0	6.283185e-07	0	-0.09536473	-0.9953625	-0.003851136	2.9455637e-20	1
0	-0.09536473	-0.9953625	-0.003851136	0	1.256637e-06	0	-0.09536473	-0.9953625	-0.003851136	2.945589e-20	1
0	-0.09536473	-0.9953625	-0.003851136	0	2.513274e-06	0	-0.09536473	-0.9953625	-0.003851136	2.9456386e-20	1
0	-0.09536473	-0.9953625	-0.003851136	0	6.2831855e-06	0	-0.09536473	-0.9953625	-0.003851136	2.9457886e-20	1
0	-0.09536473	-0.9953625	-0.003851136	0	1.2566371e-05	0	-0.09536473	-0.9953625	-0.003851136	2.9460383e-20	1
0	-0.09536473	-0.9953625	-0.003851136	0	2.5132742e-05	0	-0.09536473	-0.9953625	-0.003851136	2.946538e-20	1
0	-0.09679076	-0.99522483	-0.0038539874	0	6.283185e-05	0	-0.09679076	-0.99522483	-0.0038539874	2.9480358e-20	1
0	-0.09679076	-0.99522483	-0.0038539874	0	0.0001256637	0	-0.09679076	-0.99522483	-0.0038539874	2.9505332e-20	1
0	-0.09679076	-0.99522483	-0.0038539874	0	0.0002513274	0	-0.09679076	-0.99522483	-0.0038539874	2.9555276e-20	1
0	-0.099459484	-0.9949614	-0.0038592124	0	0.0006283185	0	-0.099459484	-0.9949614	-0.0038592124	2.970508e-20	1
0	-0.10138211	-0.99476707	-0.00386285	0	0.0010053096	0	-0.10138211	-0.99476707	-0.00386285	2.9854864e-20	1
0	-0.10138211	-0.99476707	-0.00386285	0	0.001256637	0	-0.10138211	-0.99476707	-0.00386285	2.9954708e-20	1
0	-0.10599074	-0.9942862	-0.0038713233	0	0.0018849556	0	-0.10599074	-0.9942862	-0.0038713233	3.0204238e-20	1
0	-0.10961836	-0.99389243	-0.0038776514	0	0.002513274	0	-0.10961836	-0.99389243	-0.0038776514	3.045368e-20	1
0	-0.11760707	-0.992978	-0.0038906992	0	0.0037699111	0	-0.11760707	-0.992978	-0.0038906992	3.0952245e-20	1
0	-0.13799948	-0.99034756	-0.0039186273	0	0.0062831854	0	-0.13799948	-0.99034756	-0.0039186273	3.1947683e-20	1
0	-0.17887974	-0.9837804	-0.0039534504	0	0.009424778	0	-0.17887974	-0.9837804	-0.0039534504	3.318668e-20	1
0	0.06039562	0.99809813	0.0037624538	0	0.012566371	0	0.06039562	0.99809813	0.0037624538	2.4451921e-20	1
0	0.05082269	0.9986323	0.0037288354	0	0.018849555	0	0.05082269	0.9986323	0.0037288354	2.1946716e-20	1
0	0.0438487	0.9989636	0.0036997404	0	0.025132742	0	0.0438487	0.9989636	0.0036997404	1.9440444e-20	1
0	0.034372687	0.9993357	0.0036501612	0	0.03769911	0	0.034372687	0.9993357	0.0036501612	1.4426095e-20	1
0	0.028246287	0.9995287	0.0036076675	0	0.050265484	0	0.028246287	0.9995287	0.0036076675	9.410392e-21	1
0	0.02396647	0.9996414	0.0035694886	0	0.06283186	0	0.02396647	0.9996414	0.0035694886	4.3939422e-21	1
