# t (s)	mx ()	my ()	mz ()	B_extx (T)	B_exty (T)	B_extz (T)	mx ()	my ()	mz ()	E_total (J)	branch ()
0	0.9976375	0.06773858	-0.00062663294	0.06283186	0	0	0.9976375	0.06773858	-0.00062663294	2.3828327e-21	-1
0	0.9969573	0.07709014	-0.0006335516	0.050265484	0	0	0.9969573	0.07709014	-0.0006335516	7.387882e-21	-1
0	0.9959316	0.08935308	-0.0006409971	0.03769911	0	0	0.9959316	0.08935308	-0.0006409971	1.2388735e-20	-1
0	0.994287	0.10608101	-0.0006489733	0.025132742	0	0	0.994287	0.10608101	-0.0006489733	1.7383042e-20	-1
0	0.99306834	0.11692902	-0.00065308163	0.018849555	0	0	0.99306834	0.11692902	-0.00065308163	1.98765e-20	-1
0	0.99142027	0.13015336	-0.00065713504	0.012566371	0	0	0.99142027	0.13015336	-0.00065713504	2.2366403e-20	-1
0	0.99037033	0.13790837	-0.0006590182	0.009424778	0	0	0.99037033	0.13790837	-0.0006590182	2.3609627e-20	-1
0	0.98911846	0.14661017	-0.0006607708	0.0062831854	0	0	0.98911846	0.14661017	-0.0006607708	2.4851409e-20	-1
0	0.9879348	0.15437855	-0.00066198304	0.0037699111	0	0	0.9879348	0.15437855	-0.00066198304	2.584361e-20	-1
0	0.98726964	0.15857342	-0.0006625068	0.002513274	0	0	0.98726964	0.15857342	-0.0006625068	2.6339242e-20	-1
0	0.9869176	0.16074774	-0.00066274125	0.0018849556	0	0	0.9869176	0.16074774	-0.00066274125	2.6586926e-20	-1
0	0.98654985	0.1629878	-0.00066295767	0.001256637	0	0	0.98654985	0.1629878	-0.00066295767	2.6834523e-20	-1
0	0.98639715	0.16390891	-0.00066303497	0.0010053096	0	0	0.98639715	0.16390891	-0.00066303497	2.6933537e-20	-1
0	0.98639715	0.16390891	-0.00066303497	0.0006283185	0	0	0.98639715	0.16390891	-0.00066303497	2.7082045e-20	-1
0	0.9859272	0.16670969	-0.0006632514	0.0002513274	0	0	0.9859272	0.16670969	-0.0006632514	2.723048e-20	-1
0	0.9858458	0.1671898	-0.00066328375	0.0001256637	0	0	0.9858458	0.1671898	-0.00066328375	2.7279955e-20	-1
0	0.9858458	0.1671898	-0.00066328375	6.283185e-05	0	0	0.9858458	0.1671898	-0.00066328375	2.7304692e-20	-1
0	0.9858458	0.1671898	-0.00066328375	2.5132742e-05	0	0	0.9858458	0.1671898	-0.00066328375	2.7319536e-20	-1
0	0.9858458	0.1671898	-0.00066328375	1.2566371e-05	0	0	0.9858458	0.1671898	-0.00066328375	2.7324483e-20	-1
0	0.9858458	0.1671898	-0.00066328375	6.2831855e-06	0	0	0.9858458	0.1671898	-0.00066328375	2.7326955e-20	-1
0	0.9858458	0.1671898	-0.00066328375	2.513274e-06	0	0	0.9858458	0.1671898	-0.00066328375	2.732844e-20	-1
0	0.9858458	0.1671898	-0.00066328375	1.256637e-06	0	0	0.9858458	0.1671898	-0.00066328375	2.7328936e-20	-1
0	0.9858458	0.1671898	-0.00066328375	6.283185e-07	0	0	0.9858458	0.1671898	-0.00066328375	2.7329185e-20	-1
0	0.9858458	0.1671898	-0.00066328375	2.513274e-07	0	0	0.9858458	0.1671898	-0.00066328375	2.732933e-20	-1
0	0.9858458	0.1671898	-0.00066328375	1.256637e-07	0	0	0.9858458	0.1671898	-0.00066328375	2.7329382e-20	-1
0	0.9858458	0.1671898	-0.00066328375	0	0	0	0.9858458	0.1671898	-0.00066328375	2.732943e-20	-1
0	0.9858458	0.1671898	-0.00066328375	-1.256637e-07	0	0	0.9858458	0.1671898	-0.00066328375	2.732948e-20	-1
0	0.9858458	0.1671898	-0.00066328375	-2.513274e-07	0	0	0.9858458	0.1671898	-0.00066328375	2.732953e-20	-1
0	0.9858458	0.1671898	-0.00066328375	-6.283185e-07	0	0	0.9858458	0.1671898	-0.00066328375	2.732968e-20	-1
0	0.9858458	0.1671898	-0.00066328375	-1.256637e-06	0	0	0.9858458	0.1671898	-0.00066328375	2.7329925e-20	-1
0	0.9858458	0.1671898	-0.00066328375	-2.513274e-06	0	0	0.9858458	0.1671898	-0.00066328375	2.733042e-20	-1
0	0.9858458	0.1671898	-0.00066328375	-6.2831855e-06	0	0	0.9858458	0.1671898	-0.00066328375	2.7331905e-20	-1
0	0.9858458	0.1671898	-0.00066328375	-1.2566371e-05	0	0	0.9858458	0.1671898	-0.00066328375	2.7334377e-20	-1
0	0.9858458	0.1671898	-0.00066328375	-2.5132742e-05	0	0	0.9858458	0.1671898	-0.00066328375	2.7339324e-20	-1
0	0.9858458	0.1671898	-0.00066328375	-6.283185e-05	0	0	0.9858458	0.1671898	-0.00066328375	2.7354168e-20	-1
0	0.9858458	0.1671898	-0.00066328375	-0.0001256637	0	0	0.9858458	0.1671898	-0.00066328375	2.7378906e-20	-1
0	0.9858458	0.1671898	-0.00066328375	-0.0002513274	0	0	0.9858458	0.1671898	-0.00066328375	2.742838e-20	-1
0	0.9853494	0.17008899	-0.0006634572	-0.0006283185	0	0	0.9853494	0.17008899	-0.0006634572	2.757673e-20	-1
0	0.98508763	0.17159718	-0.0006635303	-0.0010053096	0	0	0.98508763	0.17159718	-0.0006635303	2.7725062e-20	-1
0	0.98508763	0.17159718	-0.0006635303	-0.001256637	0	0	0.98508763	0.17159718	-0.0006635303	2.7823936e-20	-1
0	0.984455	0.17518714	-0.00066364644	-0.0018849556	0	0	0.984455	0.17518714	-0.00066364644	2.8071007e-20	-1
0	0.98397636	0.1778541	-0.000663689	-0.002513274	0	0	0.98397636	0.1778541	-0.000663689	2.8317973e-20	-1
0	0.9829558	0.18340583	-0.0006636543	-0.0037699111	0	0	0.9829558	0.18340583	-0.0006636543	2.8811528e-20	-1
0	-0.9891182	-0.14661188	0.00066076906	-0.0062831854	0	0	-0.9891182	-0.14661188	0.00066076906	2.4851404e-20	-1
0	-0.99036956	-0.13791378	0.0006590225	-0.009424778	0	0	-0.99036956	-0.13791378	0.0006590225	2.3609625e-20	-1
0	-0.9914207	-0.13015014	0.0006571165	-0.012566371	0	0	-0.9914207	-0.13015014	0.0006571165	2.2366405e-20	-1
0	-0.9930682	-0.11693069	0.00065308163	-0.018849555	0	0	-0.9930682	-0.11693069	0.00065308163	1.98765e-20	-1
0	-0.994287	-0.10608074	0.0006489953	-0.025132742	0	0	-0.994287	-0.10608074	0.0006489953	1.7383042e-20	-1
0	-0.99593115	-0.0893574	0.0006409981	-0.03769911	0	0	-0.99593115	-0.0893574	0.0006409981	1.2388732e-20	-1
0	-0.99695694	-0.077093795	0.0006335523	-0.050265484	0	0	-0.99695694	-0.077093795	0.0006335523	7.387883e-21	-1
0	-0.9976375	-0.06773901	0.0006266326	-0.06283186	0	0	-0.9976375	-0.06773901	0.0006266326	2.382832e-21	-1
0	-0.9976375	-0.06773901	0.0006266326	-0.06283186	0	0	-0.9976375	-0.06773901	0.0006266326	2.382832e-21	1
0	-0.99695706	-0.07709283	0.0006335529	-0.050265484	0	0	-0.99695706	-0.07709283	0.0006335529	7.387882e-21	1
0	-0.9959315	-0.08935381	0.00064099743	-0.03769911	0	0	-0.9959315	-0.08935381	0.00064099743	1.2388734e-20	1
0	-0.9942874	-0.10607754	0.0006489732	-0.025132742	0	0	-0.9942874	-0.10607754	0.0006489732	1.7383042e-20	1
0	-0.9930693	-0.11692135	0.0006530803	-0.018849555	0	0	-0.9930693	-0.11692135	0.0006530803	1.9876502e-20	1
0	-0.99142134	-0.13014546	0.0006571164	-0.012566371	0	0	-0.99142134	-0.13014546	0.0006571164	2.2366403e-20	1
0	-0.9903706	-0.13790694	0.0006590298	-0.009424778	0	0	-0.9903706	-0.13790694	0.0006590298	2.3609628e-20	1
0	-0.9891187	-0.14660898	0.00066076894	-0.0062831854	0	0	-0.9891187	-0.14660898	0.00066076894	2.4851407e-20	1
0	-0.9879346	-0.15438028	0.00066198467	-0.0037699111	0	0	-0.9879346	-0.15438028	0.00066198467	2.584361e-20	1
0	-0.9872699	-0.15857157	0.00066250656	-0.002513274	0	0	-0.9872699	-0.15857157	0.00066250656	2.6339239e-20	1
0	-0.98691607	-0.16075729	0.000662741	-0.0018849556	0	0	-0.98691607	-0.16075729	0.000662741	2.6586927e-20	1
0	-0.9865488	-0.16299409	0.0006629554	-0.001256637	0	0	-0.9865488	-0.16299409	0.0006629554	2.6834523e-20	1
0	-0.9863975	-0.16390648	0.0006630324	-0.0010053096	0	0	-0.9863975	-0.16390648	0.0006630324	2.6933537e-20	1
0	-0.9863975	-0.16390648	0.0006630324	-0.0006283185	0	0	-0.9863975	-0.16390648	0.0006630324	2.7082044e-20	1
0	-0.98592603	-0.1667169	0.00066325115	-0.0002513274	0	0	-0.98592603	-0.1667169	0.00066325115	2.723048e-20	1
0	-0.98592603	-0.1667169	0.00066325115	-0.0001256637	0	0	-0.98592603	-0.1667169	0.00066325115	2.7279958e-20	1
0	-0.98592603	-0.1667169	0.00066325115	-6.283185e-05	0	0	-0.98592603	-0.1667169	0.00066325115	2.7304696e-20	1
0	-0.98592603	-0.1667169	0.00066325115	-2.5132742e-05	0	0	-0.98592603	-0.1667169	0.00066325115	2.731954e-20	1
0	-0.98592603	-0.1667169	0.00066325115	-1.2566371e-05	0	0	-0.98592603	-0.1667169	0.00066325115	2.7324487e-20	1
0	-0.98592603	-0.1667169	0.00066325115	-6.2831855e-06	0	0	-0.98592603	-0.1667169	0.00066325115	2.7326962e-20	1
0	-0.98592603	-0.1667169	0.00066325115	-2.513274e-06	0	0	-0.98592603	-0.1667169	0.00066325115	2.7328445e-20	1
0	-0.98592603	-0.1667169	0.00066325115	-1.256637e-06	0	0	-0.98592603	-0.1667169	0.00066325115	2.732894e-20	1
0	-0.98592603	-0.1667169	0.00066325115	-6.283185e-07	0	0	-0.98592603	-0.1667169	0.00066325115	2.7329188e-20	1
0	-0.98592603	-0.1667169	0.00066325115	-2.513274e-07	0	0	-0.98592603	-0.1667169	0.00066325115	2.7329337e-20	1
0	-0.98592603	-0.1667169	0.00066325115	-1.256637e-07	0	0	-0.98592603	-0.1667169	0.00066325115	2.7329385e-20	1
0	-0.98592603	-0.1667169	0.00066325115	0	0	0	-0.98592603	-0.1667169	0.00066325115	2.7329434e-20	1
0	-0.98592603	-0.1667169	0.00066325115	1.256637e-07	0	0	-0.98592603	-0.1667169	0.00066325115	2.7329485e-20	1
0	-0.98592603	-0.1667169	0.00066325115	2.513274e-07	0	0	-0.98592603	-0.1667169	0.00066325115	2.7329534e-20	1
0	-0.98592603	-0.1667169	0.00066325115	6.283185e-07	0	0	-0.98592603	-0.1667169	0.00066325115	2.7329682e-20	1
0	-0.98592603	-0.1667169	0.00066325115	1.256637e-06	0	0	-0.98592603	-0.1667169	0.00066325115	2.732993e-20	1
0	-0.98592603	-0.1667169	0.00066325115	2.513274e-06	0	0	-0.98592603	-0.1667169	0.00066325115	2.7330425e-20	1
0	-0.98592603	-0.1667169	0.00066325115	6.2831855e-06	0	0	-0.98592603	-0.1667169	0.00066325115	2.733191e-20	1
0	-0.98592603	-0.1667169	0.00066325115	1.2566371e-05	0	0	-0.98592603	-0.1667169	0.00066325115	2.7334384e-20	1
0	-0.98592603	-0.1667169	0.00066325115	2.5132742e-05	0	0	-0.98592603	-0.1667169	0.00066325115	2.733933e-20	1
0	-0.98592603	-0.1667169	0.00066325115	6.283185e-05	0	0	-0.98592603	-0.1667169	0.00066325115	2.7354175e-20	1
0	-0.98592603	-0.1667169	0.00066325115	0.0001256637	0	0	-0.98592603	-0.1667169	0.00066325115	2.7378912e-20	1
0	-0.98560184	-0.16862124	0.00066337653	0.0002513274	0	0	-0.98560184	-0.16862124	0.00066337653	2.7428362e-20	1
0	-0.98534775	-0.17009819	0.00066345534	0.0006283185	0	0	-0.98534775	-0.17009819	0.00066345534	2.757673e-20	1
0	-0.98534775	-0.17009819	0.00066345534	0.0010053096	0	0	-0.98534775	-0.17009819	0.00066345534	2.772508e-20	1
0	-0.9849112	-0.1726059	0.0006635681	0.001256637	0	0	-0.9849112	-0.1726059	0.0006635681	2.7823923e-20	1
0	-0.9844556	-0.17518407	0.000663648	0.0018849556	0	0	-0.9844556	-0.17518407	0.000663648	2.8071004e-20	1
0	-0.9839774	-0.17784819	0.00066369085	0.002513274	0	0	-0.9839774	-0.17784819	0.00066369085	2.8317973e-20	1
0	-0.98295563	-0.18340689	0.00066365686	0.0037699111	0	0	-0.98295563	-0.18340689	0.00066365686	2.8811528e-20	1
0	-0.9805869	-0.1956672	0.000662969	0.0062831854	0	0	-0.9805869	-0.1956672	0.000662969	2.9796975e-20	1
0	-0.97684586	-0.21354803	0.0006604104	0.009424778	0	0	-0.97684586	-0.21354803	0.0006604104	3.1025002e-20	1
0	-0.97184217	-0.23525773	0.0006546835	0.012566371	0	0	-0.97184217	-0.23525773	0.0006546835	3.2247607e-20	1
0	-0.9539648	-0.29958433	0.0006186991	0.018849555	0	0	-0.9539648	-0.29958433	0.0006186991	3.466697e-20	1
0	0.994287	0.106080174	-0.0006489735	0.025132742	0	0	0.994287	0.106080174	-0.0006489735	1.738304e-20	1
0	0.9959314	0.089355394	-0.0006409979	0.03769911	0	0	0.9959314	0.089355394	-0.0006409979	1.23887325e-20	1
0	0.99695694	0.07709481	-0.00063355325	0.050265484	0	0	0.99695694	0.07709481	-0.00063355325	7.387885e-21	1
0	0.9976374	0.06774101	-0.00062663347	0.06283186	0	0	0.9976374	0.06774101	-0.00062663347	2.3828351e-21	1
