# t (s)	mx ()	my ()	mz ()	B_extx (T)	B_exty (T)	B_extz (T)	mx ()	my ()	mz ()	E_total (J)	branch ()
0	0.996669	0.08064103	-0.0024013235	0.06283186	0	0	0.996669	0.08064103	-0.0024013235	5.0258553e-21	-1
0	0.984517	0.17481676	-0.0021069504	0.050265484	0	0	0.984517	0.17481676	-0.0021069504	1.00065234e-20	-1
0	0.93884075	0.34403205	-0.0018837529	0.03769911	0	0	0.93884075	0.34403205	-0.0018837529	1.4846328e-20	-1
0	0.87115574	0.49072465	-0.001987196	0.025132742	0	0	0.87115574	0.49072465	-0.001987196	1.9394776e-20	-1
0	0.8311256	0.5558156	-0.0020932518	0.018849555	0	0	0.8311256	0.5558156	-0.0020932518	2.1531458e-20	-1
0	0.78589165	0.61810887	-0.0022075544	0.012566371	0	0	0.78589165	0.61810887	-0.0022075544	2.3561437e-20	-1
0	0.7607727	0.6487707	-0.0022616456	0.009424778	0	0	0.7607727	0.6487707	-0.0022616456	2.4531872e-20	-1
0	0.73351777	0.6794311	-0.0023097186	0.0062831854	0	0	0.73351777	0.6794311	-0.0023097186	2.5469502e-20	-1
0	0.709813	0.7041584	-0.0023411773	0.0037699111	0	0	0.709813	0.7041584	-0.0023411773	2.619399e-20	-1
0	0.69719934	0.71664965	-0.0023536612	0.002513274	0	0	0.69719934	0.71664965	-0.0023536612	2.6547063e-20	-1
0	0.6906676	0.7229467	-0.0023589144	0.0018849556	0	0	0.6906676	0.7229467	-0.0023589144	2.6721191e-20	-1
0	0.6839727	0.72928417	-0.0023634182	0.001256637	0	0	0.6839727	0.72928417	-0.0023634182	2.689366e-20	-1
0	0.6839727	0.72928417	-0.0023634182	0.0010053096	0	0	0.6839727	0.72928417	-0.0023634182	2.6962309e-20	-1
0	0.67713153	0.73564076	-0.0023671044	0.0006283185	0	0	0.67713153	0.73564076	-0.0023671044	2.706443e-20	-1
0	0.67713153	0.73564076	-0.0023671044	0.0002513274	0	0	0.67713153	0.73564076	-0.0023671044	2.7166376e-20	-1
0	0.67713153	0.73564076	-0.0023671044	0.0001256637	0	0	0.67713153	0.73564076	-0.0023671044	2.7200358e-20	-1
0	0.6708111	0.74140906	-0.0023696595	6.283185e-05	0	0	0.6708111	0.74140906	-0.0023696595	2.7216636e-20	-1
0	0.6708111	0.74140906	-0.0023696595	2.5132742e-05	0	0	0.6708111	0.74140906	-0.0023696595	2.7226734e-20	-1
0	0.6708111	0.74140906	-0.0023696595	1.2566371e-05	0	0	0.6708111	0.74140906	-0.0023696595	2.72301e-20	-1
0	0.6708111	0.74140906	-0.0023696595	6.2831855e-06	0	0	0.6708111	0.74140906	-0.0023696595	2.7231784e-20	-1
0	0.6708111	0.74140906	-0.0023696595	2.513274e-06	0	0	0.6708111	0.74140906	-0.0023696595	2.7232796e-20	-1
0	0.6708111	0.74140906	-0.0023696595	1.256637e-06	0	0	0.6708111	0.74140906	-0.0023696595	2.723313e-20	-1
0	0.6708111	0.74140906	-0.0023696595	6.283185e-07	0	0	0.6708111	0.74140906	-0.0023696595	2.72333e-20	-1
0	0.6708111	0.74140906	-0.0023696595	2.513274e-07	0	0	0.6708111	0.74140906	-0.0023696595	2.72334e-20	-1
0	0.6708111	0.74140906	-0.0023696595	1.256637e-07	0	0	0.6708111	0.74140906	-0.0023696595	2.7233435e-20	-1
0	0.6708111	0.74140906	-0.0023696595	0	0	0	0.6708111	0.74140906	-0.0023696595	2.7233468e-20	-1
0	0.6708111	0.74140906	-0.0023696595	-1.256637e-07	0	0	0.6708111	0.74140906	-0.0023696595	2.72335e-20	-1
0	0.6708111	0.74140906	-0.0023696595	-2.513274e-07	0	0	0.6708111	0.74140906	-0.0023696595	2.7233535e-20	-1
0	0.6708111	0.74140906	-0.0023696595	-6.283185e-07	0	0	0.6708111	0.74140906	-0.0023696595	2.7233636e-20	-1
0	0.6708111	0.74140906	-0.0023696595	-1.256637e-06	0	0	0.6708111	0.74140906	-0.0023696595	2.7233804e-20	-1
0	0.6708111	0.74140906	-0.0023696595	-2.513274e-06	0	0	0.6708111	0.74140906	-0.0023696595	2.723414e-20	-1
0	0.6708111	0.74140906	-0.0023696595	-6.2831855e-06	0	0	0.6708111	0.74140906	-0.0023696595	2.723515e-20	-1
0	0.6708111	0.74140906	-0.0023696595	-1.2566371e-05	0	0	0.6708111	0.74140906	-0.0023696595	2.7236835e-20	-1
0	0.6708111	0.74140906	-0.0023696595	-2.5132742e-05	0	0	0.6708111	0.74140906	-0.0023696595	2.72402e-20	-1
0	0.6708111	0.74140906	-0.0023696595	-6.283185e-05	0	0	0.6708111	0.74140906	-0.0023696595	2.72503e-20	-1
0	0.6708111	0.74140906	-0.0023696595	-0.0001256637	0	0	0.6708111	0.74140906	-0.0023696595	2.7267133e-20	-1
0	0.6708111	0.74140906	-0.0023696595	-0.0002513274	0	0	0.6708111	0.74140906	-0.0023696595	2.7300796e-20	-1
0	0.6628603	0.7485265	-0.0023717063	-0.0006283185	0	0	0.6628603	0.7485265	-0.0023717063	2.74007e-20	-1
0	0.6628603	0.7485265	-0.0023717063	-0.0010053096	0	0	0.6628603	0.7485265	-0.0023717063	2.7500498e-20	-1
0	0.6554169	0.75505316	-0.0023724316	-0.001256637	0	0	0.6554169	0.75505316	-0.0023724316	2.75661e-20	-1
0	0.6477795	0.76161623	-0.0023719496	-0.0018849556	0	0	0.6477795	0.76161623	-0.0023719496	2.772961e-20	-1
0	0.6398833	0.7682631	-0.0023701875	-0.002513274	0	0	0.6398833	0.7682631	-0.0023701875	2.7891167e-20	-1
0	0.6232238	0.78183997	-0.002362039	-0.0037699111	0	0	0.6232238	0.78183997	-0.002362039	2.820816e-20	-1
0	0.5857709	0.81028545	-0.0023216438	-0.0062831854	0	0	0.5857709	0.81028545	-0.0023216438	2.8815434e-20	-1
0	0.52598214	0.8503238	-0.002192886	-0.009424778	0	0	0.52598214	0.8503238	-0.002192886	2.9514896e-20	-1
0	0.42302334	0.9059789	-0.0017875272	-0.012566371	0	0	0.42302334	0.9059789	-0.0017875272	3.0119485e-20	-1
0	-0.8969704	0.44176084	0.0059766257	-0.018849555	0	0	-0.8969704	0.44176084	0.0059766257	2.2371919e-20	-1
0	-0.93959785	0.34192413	0.005191086	-0.025132742	0	0	-0.93959785	0.34192413	0.005191086	2.0067245e-20	-1
0	-0.9388397	-0.34403503	0.0018837524	-0.03769911	0	0	-0.9388397	-0.34403503	0.0018837524	1.4846325e-20	-1
0	-0.9845243	-0.17477566	0.0021070614	-0.050265484	0	0	-0.9845243	-0.17477566	0.0021070614	1.0006526e-20	-1
0	-0.99666685	-0.080667794	0.0024012234	-0.06283186	0	0	-0.99666685	-0.080667794	0.0024012234	5.025857e-21	-1
0	-0.99666685	-0.080667794	0.0024012234	-0.06283186	0	0	-0.99666685	-0.080667794	0.0024012234	5.025857e-21	1
0	-0.9845096	-0.17485857	0.0021068424	-0.050265484	0	0	-0.9845096	-0.17485857	0.0021068424	1.000653e-20	1
0	-0.93884015	-0.34403363	0.0018837529	-0.03769911	0	0	-0.93884015	-0.34403363	0.0018837529	1.4846326e-20	1
0	-0.8711666	-0.4907053	0.0019871697	-0.025132742	0	0	-0.8711666	-0.4907053	0.0019871697	1.9394776e-20	1
0	-0.8311237	-0.55581844	0.0020932565	-0.018849555	0	0	-0.8311237	-0.55581844	0.0020932565	2.1531455e-20	1
0	-0.78588283	-0.6181201	0.002207574	-0.012566371	0	0	-0.78588283	-0.6181201	0.002207574	2.356144e-20	1
0	-0.7607739	-0.6487694	0.0022616438	-0.009424778	0	0	-0.7607739	-0.6487694	0.0022616438	2.4531872e-20	1
0	-0.7335175	-0.67943144	0.002309719	-0.0062831854	0	0	-0.7335175	-0.67943144	0.002309719	2.5469502e-20	1
0	-0.7098125	-0.704159	0.0023411778	-0.0037699111	0	0	-0.7098125	-0.704159	0.0023411778	2.619399e-20	1
0	-0.6971824	-0.7166661	0.0023536747	-0.002513274	0	0	-0.6971824	-0.7166661	0.0023536747	2.6547061e-20	1
0	-0.69066656	-0.72294784	0.0023589144	-0.0018849556	0	0	-0.69066656	-0.72294784	0.0023589144	2.672119e-20	1
0	-0.68398255	-0.729275	0.0023634196	-0.001256637	0	0	-0.68398255	-0.729275	0.0023634196	2.689366e-20	1
0	-0.68398255	-0.729275	0.0023634196	-0.0010053096	0	0	-0.68398255	-0.729275	0.0023634196	2.696231e-20	1
0	-0.67712826	-0.73564386	0.0023671056	-0.0006283185	0	0	-0.67712826	-0.73564386	0.0023671056	2.7064429e-20	1
0	-0.67712826	-0.73564386	0.0023671056	-0.0002513274	0	0	-0.67712826	-0.73564386	0.0023671056	2.7166376e-20	1
0	-0.67712826	-0.73564386	0.0023671056	-0.0001256637	0	0	-0.67712826	-0.73564386	0.0023671056	2.7200358e-20	1
0	-0.6708106	-0.74140954	0.0023696595	-6.283185e-05	0	0	-0.6708106	-0.74140954	0.0023696595	2.7216636e-20	1
0	-0.6708106	-0.74140954	0.0023696595	-2.5132742e-05	0	0	-0.6708106	-0.74140954	0.0023696595	2.7226734e-20	1
0	-0.6708106	-0.74140954	0.0023696595	-1.2566371e-05	0	0	-0.6708106	-0.74140954	0.0023696595	2.72301e-20	1
0	-0.6708106	-0.74140954	0.0023696595	-6.2831855e-06	0	0	-0.6708106	-0.74140954	0.0023696595	2.7231784e-20	1
0	-0.6708106	-0.74140954	0.0023696595	-2.513274e-06	0	0	-0.6708106	-0.74140954	0.0023696595	2.7232796e-20	1
0	-0.6708106	-0.74140954	0.0023696595	-1.256637e-06	0	0	-0.6708106	-0.74140954	0.0023696595	2.723313e-20	1
0	-0.6708106	-0.74140954	0.0023696595	-6.283185e-07	0	0	-0.6708106	-0.74140954	0.0023696595	2.72333e-20	1
0	-0.6708106	-0.74140954	0.0023696595	-2.513274e-07	0	0	-0.6708106	-0.74140954	0.0023696595	2.72334e-20	1
0	-0.6708106	-0.74140954	0.0023696595	-1.256637e-07	0	0	-0.6708106	-0.74140954	0.0023696595	2.7233435e-20	1
0	-0.6708106	-0.74140954	0.0023696595	0	0	0	-0.6708106	-0.74140954	0.0023696595	2.7233468e-20	1
0	-0.6708106	-0.74140954	0.0023696595	1.256637e-07	0	0	-0.6708106	-0.74140954	0.0023696595	2.72335e-20	1
0	-0.6708106	-0.74140954	0.0023696595	2.513274e-07	0	0	-0.6708106	-0.74140954	0.0023696595	2.7233535e-20	1
0	-0.6708106	-0.74140954	0.0023696595	6.283185e-07	0	0	-0.6708106	-0.74140954	0.0023696595	2.7233636e-20	1
0	-0.6708106	-0.74140954	0.0023696595	1.256637e-06	0	0	-0.6708106	-0.74140954	0.0023696595	2.7233804e-20	1
0	-0.6708106	-0.74140954	0.0023696595	2.513274e-06	0	0	-0.6708106	-0.74140954	0.0023696595	2.723414e-20	1
0	-0.6708106	-0.74140954	0.0023696595	6.2831855e-06	0	0	-0.6708106	-0.74140954	0.0023696595	2.723515e-20	1
0	-0.6708106	-0.74140954	0.0023696595	1.2566371e-05	0	0	-0.6708106	-0.74140954	0.0023696595	2.7236835e-20	1
0	-0.6708106	-0.74140954	0.0023696595	2.5132742e-05	0	0	-0.6708106	-0.74140954	0.0023696595	2.72402e-20	1
0	-0.6708106	-0.74140954	0.0023696595	6.283185e-05	0	0	-0.6708106	-0.74140954	0.0023696595	2.72503e-20	1
0	-0.6708106	-0.74140954	0.0023696595	0.0001256637	0	0	-0.6708106	-0.74140954	0.0023696595	2.7267133e-20	1
0	-0.6708106	-0.74140954	0.0023696595	0.0002513274	0	0	-0.6708106	-0.74140954	0.0023696595	2.7300796e-20	1
0	-0.66287494	-0.7485136	0.002371705	0.0006283185	0	0	-0.66287494	-0.7485136	0.002371705	2.74007e-20	1
0	-0.66287494	-0.7485136	0.002371705	0.0010053096	0	0	-0.66287494	-0.7485136	0.002371705	2.7500498e-20	1
0	-0.6554456	-0.75502825	0.0023724334	0.001256637	0	0	-0.6554456	-0.75502825	0.0023724334	2.75661e-20	1
0	-0.64777863	-0.76161695	0.0023719682	0.0018849556	0	0	-0.64777863	-0.76161695	0.0023719682	2.7729608e-20	1
0	-0.6398791	-0.76826656	0.0023701862	0.002513274	0	0	-0.6398791	-0.76826656	0.0023701862	2.7891167e-20	1
0	-0.6232475	-0.78182113	0.002362057	0.0037699111	0	0	-0.6232475	-0.78182113	0.002362057	2.820816e-20	1
0	-0.58577543	-0.8102821	0.0023216512	0.0062831854	0	0	-0.58577543	-0.8102821	0.0023216512	2.8815438e-20	1
0	-0.5259887	-0.8503198	0.0021929052	0.009424778	0	0	-0.5259887	-0.8503198	0.0021929052	2.9514893e-20	1
0	-0.42302284	-0.9059791	0.001787524	0.012566371	0	0	-0.42302284	-0.9059791	0.001787524	3.011948e-20	1
0	0.896973	-0.4417554	-0.0059765847	0.018849555	0	0	0.896973	-0.4417554	-0.0059765847	2.2371914e-20	1
0	0.93962264	-0.34185612	-0.00519055	0.025132742	0	0	0.93962264	-0.34185612	-0.00519055	2.0067242e-20	1
0	0.93884146	0.34403	-0.001883754	0.03769911	0	0	0.93884146	0.34403	-0.001883754	1.4846325e-20	1
0	0.9845158	0.17482354	-0.0021069353	0.050265484	0	0	0.9845158	0.17482354	-0.0021069353	1.0006531e-20	1
0	0.9966669	0.08066663	-0.00240122	0.06283186	0	0	0.9966669	0.08066663	-0.00240122	5.025861e-21	1
