# t (s)	mx ()	my ()	mz ()	B_extx (T)	B_exty (T)	B_extz (T)	mx ()	my ()	mz ()	E_total (J)	branch ()
0	0.9983276	0.056652114	-0.001761171	0.06283186	0	0	0.9983276	0.056652114	-0.001761171	2.377466e-21	-1
0	0.99785167	0.06447694	-0.0017804857	0.050265484	0	0	0.99785167	0.06447694	-0.0017804857	7.386459e-21	-1
0	0.997133	0.07475489	-0.0018009725	0.03769911	0	0	0.997133	0.07475489	-0.0018009725	1.23925146e-20	-1
0	0.9959762	0.08882969	-0.0018225032	0.025132742	0	0	0.9959762	0.08882969	-0.0018225032	1.7393977e-20	-1
0	0.99511516	0.09799555	-0.0018334095	0.018849555	0	0	0.99511516	0.09799555	-0.0018334095	1.9892099e-20	-1
0	0.99394405	0.10922472	-0.001844031	0.012566371	0	0	0.99394405	0.10922472	-0.001844031	2.2387703e-20	-1
0	0.9931948	0.11583327	-0.0018490398	0.009424778	0	0	0.9931948	0.11583327	-0.0018490398	2.3634279e-20	-1
0	0.99229836	0.12327001	-0.0018536735	0.0062831854	0	0	0.99229836	0.12327001	-0.0018536735	2.487982e-20	-1
0	0.99144804	0.12992549	-0.0018569728	0.0037699111	0	0	0.99144804	0.12992549	-0.0018569728	2.5875374e-20	-1
0	0.99096966	0.13352188	-0.0018584356	0.002513274	0	0	0.99096966	0.13352188	-0.0018584356	2.6372817e-20	-1
0	0.99071443	0.13540176	-0.0018591092	0.0018849556	0	0	0.99071443	0.13540176	-0.0018591092	2.6621443e-20	-1
0	0.9904492	0.13732603	-0.0018597455	0.001256637	0	0	0.9904492	0.13732603	-0.0018597455	2.6870006e-20	-1
0	0.9904492	0.13732603	-0.0018597455	0.0010053096	0	0	0.9904492	0.13732603	-0.0018597455	2.6969416e-20	-1
0	0.9901718	0.13931105	-0.0018603338	0.0006283185	0	0	0.9901718	0.13931105	-0.0018603338	2.71185e-20	-1
0	0.9899999	0.1405259	-0.001860664	0.0002513274	0	0	0.9899999	0.1405259	-0.001860664	2.7267566e-20	-1
0	0.9899999	0.1405259	-0.001860664	0.0001256637	0	0	0.9899999	0.1405259	-0.001860664	2.731725e-20	-1
0	0.9899999	0.1405259	-0.001860664	6.283185e-05	0	0	0.9899999	0.1405259	-0.001860664	2.734209e-20	-1
0	0.9899999	0.1405259	-0.001860664	2.5132742e-05	0	0	0.9899999	0.1405259	-0.001860664	2.7356995e-20	-1
0	0.9899999	0.1405259	-0.001860664	1.2566371e-05	0	0	0.9899999	0.1405259	-0.001860664	2.7361962e-20	-1
0	0.9899999	0.1405259	-0.001860664	6.2831855e-06	0	0	0.9899999	0.1405259	-0.001860664	2.7364447e-20	-1
0	0.9899999	0.1405259	-0.001860664	2.513274e-06	0	0	0.9899999	0.1405259	-0.001860664	2.736594e-20	-1
0	0.9899999	0.1405259	-0.001860664	1.256637e-06	0	0	0.9899999	0.1405259	-0.001860664	2.7366434e-20	-1
0	0.9899999	0.1405259	-0.001860664	6.283185e-07	0	0	0.9899999	0.1405259	-0.001860664	2.7366682e-20	-1
0	0.9899999	0.1405259	-0.001860664	2.513274e-07	0	0	0.9899999	0.1405259	-0.001860664	2.736683e-20	-1
0	0.9899999	0.1405259	-0.001860664	1.256637e-07	0	0	0.9899999	0.1405259	-0.001860664	2.7366883e-20	-1
0	0.9899999	0.1405259	-0.001860664	0	0	0	0.9899999	0.1405259	-0.001860664	2.736693e-20	-1
0	0.9899999	0.1405259	-0.001860664	-1.256637e-07	0	0	0.9899999	0.1405259	-0.001860664	2.736698e-20	-1
0	0.9899999	0.1405259	-0.001860664	-2.513274e-07	0	0	0.9899999	0.1405259	-0.001860664	2.736703e-20	-1
0	0.9899999	0.1405259	-0.001860664	-6.283185e-07	0	0	0.9899999	0.1405259	-0.001860664	2.736718e-20	-1
0	0.9899999	0.1405259	-0.001860664	-1.256637e-06	0	0	0.9899999	0.1405259	-0.001860664	2.736743e-20	-1
0	0.9899999	0.1405259	-0.001860664	-2.513274e-06	0	0	0.9899999	0.1405259	-0.001860664	2.7367926e-20	-1
0	0.9898797	0.14136928	-0.0018608782	-6.2831855e-06	0	0	0.9898797	0.14136928	-0.0018608782	2.7369406e-20	-1
0	0.9898797	0.14136928	-0.0018608782	-1.2566371e-05	0	0	0.9898797	0.14136928	-0.0018608782	2.737189e-20	-1
0	0.9898797	0.14136928	-0.0018608782	-2.5132742e-05	0	0	0.9898797	0.14136928	-0.0018608782	2.7376857e-20	-1
0	0.9898797	0.14136928	-0.0018608782	-6.283185e-05	0	0	0.9898797	0.14136928	-0.0018608782	2.739176e-20	-1
0	0.9898797	0.14136928	-0.0018608782	-0.0001256637	0	0	0.9898797	0.14136928	-0.0018608782	2.7416598e-20	-1
0	0.9898797	0.14136928	-0.0018608782	-0.0002513274	0	0	0.9898797	0.14136928	-0.0018608782	2.7466277e-20	-1
0	0.98958015	0.14344922	-0.0018613578	-0.0006283185	0	0	0.98958015	0.14344922	-0.0018613578	2.761527e-20	-1
0	0.9893922	0.14473876	-0.0018616206	-0.0010053096	0	0	0.9893922	0.14473876	-0.0018616206	2.7764246e-20	-1
0	0.9893922	0.14473876	-0.0018616206	-0.001256637	0	0	0.9893922	0.14473876	-0.0018616206	2.786355e-20	-1
0	0.9889319	0.14784837	-0.0018621436	-0.0018849556	0	0	0.9889319	0.14784837	-0.0018621436	2.811173e-20	-1
0	0.988588	0.15012932	-0.0018624389	-0.002513274	0	0	0.988588	0.15012932	-0.0018624389	2.8359836e-20	-1
0	0.98784566	0.1549343	-0.0018627907	-0.0037699111	0	0	0.98784566	0.1549343	-0.0018627907	2.8855776e-20	-1
0	0.98611873	0.16556183	-0.0018623229	-0.0062831854	0	0	0.98611873	0.16556183	-0.0018623229	2.984644e-20	-1
0	0.98337984	0.18110968	-0.0018586669	-0.009424778	0	0	0.98337984	0.18110968	-0.0018586669	3.108201e-20	-1
0	0.9797027	0.20003405	-0.0018495899	-0.012566371	0	0	0.9797027	0.20003405	-0.0018495899	3.2313594e-20	-1
0	0.9667065	0.2555215	-0.0017947811	-0.018849555	0	0	0.9667065	0.2555215	-0.0017947811	3.4757855e-20	-1
0	-0.9959763	-0.08882849	0.0018225024	-0.025132742	0	0	-0.9959763	-0.08882849	0.0018225024	1.7393975e-20	-1
0	-0.9971329	-0.07475671	0.001800975	-0.03769911	0	0	-0.9971329	-0.07475671	0.001800975	1.2392516e-20	-1
0	-0.9978516	-0.06447831	0.0017804847	-0.050265484	0	0	-0.9978516	-0.06447831	0.0017804847	7.386461e-21	-1
0	-0.9983275	-0.056654558	0.0017611731	-0.06283186	0	0	-0.9983275	-0.056654558	0.0017611731	2.3774687e-21	-1
0	-0.9983275	-0.056654558	0.0017611731	-0.06283186	0	0	-0.9983275	-0.056654558	0.0017611731	2.3774687e-21	1
0	-0.9978518	-0.06447493	0.0017804813	-0.050265484	0	0	-0.9978518	-0.06447493	0.0017804813	7.386461e-21	1
0	-0.99713314	-0.07475391	0.001800973	-0.03769911	0	0	-0.99713314	-0.07475391	0.001800973	1.23925146e-20	1
0	-0.99597645	-0.08882749	0.0018225035	-0.025132742	0	0	-0.99597645	-0.08882749	0.0018225035	1.7393977e-20	1
0	-0.9951145	-0.098002195	0.001833412	-0.018849555	0	0	-0.9951145	-0.098002195	0.001833412	1.9892102e-20	1
0	-0.9939437	-0.109227546	0.0018440317	-0.012566371	0	0	-0.9939437	-0.109227546	0.0018440317	2.2387711e-20	1
0	-0.9931948	-0.115832485	0.0018490423	-0.009424778	0	0	-0.9931948	-0.115832485	0.0018490423	2.3634277e-20	1
0	-0.99229884	-0.123266	0.0018536708	-0.0062831854	0	0	-0.99229884	-0.123266	0.0018536708	2.4879822e-20	1
0	-0.99144816	-0.12992471	0.0018569712	-0.0037699111	0	0	-0.99144816	-0.12992471	0.0018569712	2.5875376e-20	1
0	-0.9909692	-0.13352574	0.0018584359	-0.002513274	0	0	-0.9909692	-0.13352574	0.0018584359	2.6372817e-20	1
0	-0.9907148	-0.13539894	0.0018591116	-0.0018849556	0	0	-0.9907148	-0.13539894	0.0018591116	2.6621444e-20	1
0	-0.9904491	-0.13732713	0.0018597464	-0.001256637	0	0	-0.9904491	-0.13732713	0.0018597464	2.6870006e-20	1
0	-0.9904491	-0.13732713	0.0018597464	-0.0010053096	0	0	-0.9904491	-0.13732713	0.0018597464	2.6969418e-20	1
0	-0.99017113	-0.13931534	0.0018603329	-0.0006283185	0	0	-0.99017113	-0.13931534	0.0018603329	2.71185e-20	1
0	-0.99000007	-0.14052454	0.0018606638	-0.0002513274	0	0	-0.99000007	-0.14052454	0.0018606638	2.726756e-20	1
0	-0.99000007	-0.14052454	0.0018606638	-0.0001256637	0	0	-0.99000007	-0.14052454	0.0018606638	2.7317246e-20	1
0	-0.99000007	-0.14052454	0.0018606638	-6.283185e-05	0	0	-0.99000007	-0.14052454	0.0018606638	2.7342087e-20	1
0	-0.99000007	-0.14052454	0.0018606638	-2.5132742e-05	0	0	-0.99000007	-0.14052454	0.0018606638	2.735699e-20	1
0	-0.99000007	-0.14052454	0.0018606638	-1.2566371e-05	0	0	-0.99000007	-0.14052454	0.0018606638	2.736196e-20	1
0	-0.99000007	-0.14052454	0.0018606638	-6.2831855e-06	0	0	-0.99000007	-0.14052454	0.0018606638	2.7364443e-20	1
0	-0.99000007	-0.14052454	0.0018606638	-2.513274e-06	0	0	-0.99000007	-0.14052454	0.0018606638	2.7365933e-20	1
0	-0.99000007	-0.14052454	0.0018606638	-1.256637e-06	0	0	-0.99000007	-0.14052454	0.0018606638	2.736643e-20	1
0	-0.99000007	-0.14052454	0.0018606638	-6.283185e-07	0	0	-0.99000007	-0.14052454	0.0018606638	2.736668e-20	1
0	-0.99000007	-0.14052454	0.0018606638	-2.513274e-07	0	0	-0.99000007	-0.14052454	0.0018606638	2.7366828e-20	1
0	-0.99000007	-0.14052454	0.0018606638	-1.256637e-07	0	0	-0.99000007	-0.14052454	0.0018606638	2.7366876e-20	1
0	-0.99000007	-0.14052454	0.0018606638	0	0	0	-0.99000007	-0.14052454	0.0018606638	2.7366928e-20	1
0	-0.99000007	-0.14052454	0.0018606638	1.256637e-07	0	0	-0.99000007	-0.14052454	0.0018606638	2.7366977e-20	1
0	-0.99000007	-0.14052454	0.0018606638	2.513274e-07	0	0	-0.99000007	-0.14052454	0.0018606638	2.7367025e-20	1
0	-0.99000007	-0.14052454	0.0018606638	6.283185e-07	0	0	-0.99000007	-0.14052454	0.0018606638	2.7367177e-20	1
0	-0.99000007	-0.14052454	0.0018606638	1.256637e-06	0	0	-0.99000007	-0.14052454	0.0018606638	2.7367426e-20	1
0	-0.99000007	-0.14052454	0.0018606638	2.513274e-06	0	0	-0.99000007	-0.14052454	0.0018606638	2.736792e-20	1
0	-0.99000007	-0.14052454	0.0018606638	6.2831855e-06	0	0	-0.99000007	-0.14052454	0.0018606638	2.7369413e-20	1
0	-0.99000007	-0.14052454	0.0018606638	1.2566371e-05	0	0	-0.99000007	-0.14052454	0.0018606638	2.7371894e-20	1
0	-0.99000007	-0.14052454	0.0018606638	2.5132742e-05	0	0	-0.99000007	-0.14052454	0.0018606638	2.7376864e-20	1
0	-0.98985296	-0.14155637	0.0018609228	6.283185e-05	0	0	-0.98985296	-0.14155637	0.0018609228	2.7391763e-20	1
0	-0.98985296	-0.14155637	0.0018609228	0.0001256637	0	0	-0.98985296	-0.14155637	0.0018609228	2.74166e-20	1
0	-0.98985296	-0.14155637	0.0018609228	0.0002513274	0	0	-0.98985296	-0.14155637	0.0018609228	2.7466277e-20	1
0	-0.9895803	-0.14344862	0.0018613578	0.0006283185	0	0	-0.9895803	-0.14344862	0.0018613578	2.7615273e-20	1
0	-0.98939264	-0.14473599	0.0018616212	0.0010053096	0	0	-0.98939264	-0.14473599	0.0018616212	2.7764246e-20	1
0	-0.98939264	-0.14473599	0.0018616212	0.001256637	0	0	-0.98939264	-0.14473599	0.0018616212	2.7863553e-20	1
0	-0.98893344	-0.14783822	0.0018621461	0.0018849556	0	0	-0.98893344	-0.14783822	0.0018621461	2.8111733e-20	1
0	-0.98858786	-0.15012951	0.0018624393	0.002513274	0	0	-0.98858786	-0.15012951	0.0018624393	2.835984e-20	1
0	-0.98784375	-0.15494603	0.0018627874	0.0037699111	0	0	-0.98784375	-0.15494603	0.0018627874	2.885578e-20	1
0	-0.9861182	-0.1655651	0.0018623215	0.0062831854	0	0	-0.9861182	-0.1655651	0.0018623215	2.9846437e-20	1
0	-0.98338157	-0.18110022	0.0018586724	0.009424778	0	0	-0.98338157	-0.18110022	0.0018586724	3.1082013e-20	1
0	-0.97970283	-0.20003325	0.0018495924	0.012566371	0	0	-0.97970283	-0.20003325	0.0018495924	3.231359e-20	1
0	-0.96670616	-0.2555227	0.0017947922	0.018849555	0	0	-0.96670616	-0.2555227	0.0017947922	3.475785e-20	1
0	0.9959761	0.08883077	-0.0018225033	0.025132742	0	0	0.9959761	0.08883077	-0.0018225033	1.7393975e-20	1
0	0.9971329	0.07475764	-0.0018009753	0.03769911	0	0	0.9971329	0.07475764	-0.0018009753	1.2392517e-20	1
0	0.99785155	0.06447929	-0.0017804857	0.050265484	0	0	0.99785155	0.06447929	-0.0017804857	7.38646e-21	1
0	0.9983275	0.056653343	-0.001761172	0.06283186	0	0	0.9983275	0.056653343	-0.001761172	2.3774663e-21	1
