# t (s)	mx ()	my ()	mz ()	B_extx (T)	B_exty (T)	B_extz (T)	mx ()	my ()	mz ()	E_total (J)	branch ()
0	-0.17619914	0.98426783	0.0037373374	0	0.06283186	0	-0.17619914	0.98426783	0.0037373374	4.6306794e-21	-1
0	-0.23087506	0.9728861	0.0040808893	0	0.050265484	0	-0.23087506	0.9728861	0.0040808893	9.5446044e-21	-1
0	-0.30445704	0.95241094	0.004572982	0	0.03769911	0	-0.30445704	0.95241094	0.004572982	1.4380369e-20	-1
0	-0.39523008	0.9184401	0.00519202	0	0.025132742	0	-0.39523008	0.9184401	0.00519202	1.9081431e-20	-1
0	-0.44620574	0.8947712	0.005522577	0	0.018849555	0	-0.44620574	0.8947712	0.005522577	2.135742e-20	-1
0	-0.5010239	0.8652545	0.0058434503	0	0.012566371	0	-0.5010239	0.8652545	0.0058434503	2.3566994e-20	-1
0	-0.5301162	0.84773517	0.0059919963	0	0.009424778	0	-0.5301162	0.84773517	0.0059919963	2.4641798e-20	-1
0	-0.56063867	0.827859	0.006126442	0	0.0062831854	0	-0.56063867	0.827859	0.006126442	2.5693183e-20	-1
0	-0.5863381	0.809855	0.006219187	0	0.0037699111	0	-0.5863381	0.809855	0.006219187	2.6515245e-20	-1
0	-0.5996862	0.8000186	0.0062588695	0	0.002513274	0	-0.5996862	0.8000186	0.0062588695	2.6919234e-20	-1
0	-0.6064942	0.7948686	0.006276668	0	0.0018849556	0	-0.6064942	0.7948686	0.006276668	2.7119336e-20	-1
0	-0.6134468	0.78951406	0.0062930426	0	0.001256637	0	-0.6134468	0.78951406	0.0062930426	2.7318124e-20	-1
0	-0.6134468	0.78951406	0.0062930426	0	0.0010053096	0	-0.6134468	0.78951406	0.0062930426	2.7397366e-20	-1
0	-0.62047535	0.78400123	0.0063076885	0	0.0006283185	0	-0.62047535	0.78400123	0.0063076885	2.751554e-20	-1
0	-0.62047535	0.78400123	0.0063076885	0	0.0002513274	0	-0.62047535	0.78400123	0.0063076885	2.7633577e-20	-1
0	-0.62620866	0.7794286	0.00631815	0	0.0001256637	0	-0.62620866	0.7794286	0.00631815	2.7672465e-20	-1
0	-0.62620866	0.7794286	0.00631815	0	6.283185e-05	0	-0.62620866	0.7794286	0.00631815	2.7692023e-20	-1
0	-0.62620866	0.7794286	0.00631815	0	2.5132742e-05	0	-0.62620866	0.7794286	0.00631815	2.770376e-20	-1
0	-0.62620866	0.7794286	0.00631815	0	1.2566371e-05	0	-0.62620866	0.7794286	0.00631815	2.7707668e-20	-1
0	-0.62620866	0.7794286	0.00631815	0	6.2831855e-06	0	-0.62620866	0.7794286	0.00631815	2.7709626e-20	-1
0	-0.62620866	0.7794286	0.00631815	0	2.513274e-06	0	-0.62620866	0.7794286	0.00631815	2.77108e-20	-1
0	-0.62620866	0.7794286	0.00631815	0	1.256637e-06	0	-0.62620866	0.7794286	0.00631815	2.771119e-20	-1
0	-0.62620866	0.7794286	0.00631815	0	6.283185e-07	0	-0.62620866	0.7794286	0.00631815	2.7711384e-20	-1
0	-0.62620866	0.7794286	0.00631815	0	2.513274e-07	0	-0.62620866	0.7794286	0.00631815	2.7711504e-20	-1
0	-0.62620866	0.7794286	0.00631815	0	1.256637e-07	0	-0.62620866	0.7794286	0.00631815	2.7711542e-20	-1
0	-0.62620866	0.7794286	0.00631815	0	0	0	-0.62620866	0.7794286	0.00631815	2.771158e-20	-1
0	-0.62620866	0.7794286	0.00631815	0	-1.256637e-07	0	-0.62620866	0.7794286	0.00631815	2.771162e-20	-1
0	-0.62620866	0.7794286	0.00631815	0	-2.513274e-07	0	-0.62620866	0.7794286	0.00631815	2.771166e-20	-1
0	-0.62620866	0.7794286	0.00631815	0	-6.283185e-07	0	-0.62620866	0.7794286	0.00631815	2.7711775e-20	-1
0	-0.62620866	0.7794286	0.00631815	0	-1.256637e-06	0	-0.62620866	0.7794286	0.00631815	2.7711972e-20	-1
0	-0.62620866	0.7794286	0.00631815	0	-2.513274e-06	0	-0.62620866	0.7794286	0.00631815	2.7712363e-20	-1
0	-0.62620866	0.7794286	0.00631815	0	-6.2831855e-06	0	-0.62620866	0.7794286	0.00631815	2.7713536e-20	-1
0	-0.62620866	0.7794286	0.00631815	0	-1.2566371e-05	0	-0.62620866	0.7794286	0.00631815	2.7715494e-20	-1
0	-0.62620866	0.7794286	0.00631815	0	-2.5132742e-05	0	-0.62620866	0.7794286	0.00631815	2.7719404e-20	-1
0	-0.62620866	0.7794286	0.00631815	0	-6.283185e-05	0	-0.62620866	0.7794286	0.00631815	2.773114e-20	-1
0	-0.62620866	0.7794286	0.00631815	0	-0.0001256637	0	-0.62620866	0.7794286	0.00631815	2.7750698e-20	-1
0	-0.62620866	0.7794286	0.00631815	0	-0.0002513274	0	-0.62620866	0.7794286	0.00631815	2.778981e-20	-1
0	-0.63495994	0.7723148	0.0063314517	0	-0.0006283185	0	-0.63495994	0.7723148	0.0063314517	2.7906095e-20	-1
0	-0.63495994	0.7723148	0.0063314517	0	-0.0010053096	0	-0.63495994	0.7723148	0.0063314517	2.8022372e-20	-1
0	-0.6424296	0.7661116	0.006340144	0	-0.001256637	0	-0.6424296	0.7661116	0.006340144	2.8099112e-20	-1
0	-0.65005213	0.75965357	0.0063463827	0	-0.0018849556	0	-0.65005213	0.75965357	0.0063463827	2.8290543e-20	-1
0	-0.6578702	0.7528924	0.0063498924	0	-0.002513274	0	-0.6578702	0.7528924	0.0063498924	2.8480316e-20	-1
0	-0.67409647	0.7383982	0.006347323	0	-0.0037699111	0	-0.67409647	0.7383982	0.006347323	2.8854577e-20	-1
0	-0.70995927	0.7039845	0.0062889373	0	-0.0062831854	0	-0.70995927	0.7039845	0.0062889373	2.9579158e-20	-1
0	-0.76719856	0.64113176	0.006011785	0	-0.009424778	0	-0.76719856	0.64113176	0.006011785	3.0426556e-20	-1
0	-0.6646366	-0.7469288	-0.00588449	0	-0.012566371	0	-0.6646366	-0.7469288	-0.00588449	2.4581675e-20	-1
0	-0.5662963	-0.82400346	-0.005016896	0	-0.018849555	0	-0.5662963	-0.82400346	-0.005016896	2.2611803e-20	-1
0	0.3952173	-0.9184456	-0.005191936	0	-0.025132742	0	0.3952173	-0.9184456	-0.005191936	1.9081428e-20	-1
0	0.3044632	-0.952409	-0.0045730295	0	-0.03769911	0	0.3044632	-0.952409	-0.0045730295	1.4380367e-20	-1
0	0.23087773	-0.9728854	-0.004080903	0	-0.050265484	0	0.23087773	-0.9728854	-0.004080903	9.544601e-21	-1
0	0.17620954	-0.9842659	-0.0037373952	0	-0.06283186	0	0.17620954	-0.9842659	-0.0037373952	4.6306794e-21	-1
0	0.17620954	-0.9842659	-0.0037373952	0	-0.06283186	0	0.17620954	-0.9842659	-0.0037373952	4.6306794e-21	1
0	0.23086745	-0.9728879	-0.004080812	0	-0.050265484	0	0.23086745	-0.9728879	-0.004080812	9.544603e-21	1
0	0.30446953	-0.952407	-0.0045730723	0	-0.03769911	0	0.30446953	-0.952407	-0.0045730723	1.4380367e-20	1
0	0.39522812	-0.918441	-0.0051920055	0	-0.025132742	0	0.39522812	-0.918441	-0.0051920055	1.9081428e-20	1
0	0.44620356	-0.8947723	-0.005522565	0	-0.018849555	0	0.44620356	-0.8947723	-0.005522565	2.135742e-20	1
0	0.50100577	-0.865265	-0.005843357	0	-0.012566371	0	0.50100577	-0.865265	-0.005843357	2.3566996e-20	1
0	0.5301218	-0.8477316	-0.0059920214	0	-0.009424778	0	0.5301218	-0.8477316	-0.0059920214	2.4641794e-20	1
0	0.56063867	-0.82785904	-0.006126442	0	-0.0062831854	0	0.56063867	-0.82785904	-0.006126442	2.5693183e-20	1
0	0.5863208	-0.8098675	-0.0062191356	0	-0.0037699111	0	0.5863208	-0.8098675	-0.0062191356	2.6515247e-20	1
0	0.5996685	-0.8000318	-0.006258825	0	-0.002513274	0	0.5996685	-0.8000318	-0.006258825	2.6919233e-20	1
0	0.6065105	-0.7948562	-0.0062767053	0	-0.0018849556	0	0.6065105	-0.7948562	-0.0062767053	2.7119336e-20	1
0	0.6134231	-0.7895325	-0.006292995	0	-0.001256637	0	0.6134231	-0.7895325	-0.006292995	2.731812e-20	1
0	0.6134231	-0.7895325	-0.006292995	0	-0.0010053096	0	0.6134231	-0.7895325	-0.006292995	2.7397366e-20	1
0	0.6204716	-0.78400433	-0.006307682	0	-0.0006283185	0	0.6204716	-0.78400433	-0.006307682	2.7515543e-20	1
0	0.6204716	-0.78400433	-0.006307682	0	-0.0002513274	0	0.6204716	-0.78400433	-0.006307682	2.763358e-20	1
0	0.6262151	-0.7794235	-0.0063181575	0	-0.0001256637	0	0.6262151	-0.7794235	-0.0063181575	2.7672465e-20	1
0	0.6262151	-0.7794235	-0.0063181575	0	-6.283185e-05	0	0.6262151	-0.7794235	-0.0063181575	2.7692023e-20	1
0	0.6262151	-0.7794235	-0.0063181575	0	-2.5132742e-05	0	0.6262151	-0.7794235	-0.0063181575	2.770376e-20	1
0	0.6262151	-0.7794235	-0.0063181575	0	-1.2566371e-05	0	0.6262151	-0.7794235	-0.0063181575	2.7707668e-20	1
0	0.6262151	-0.7794235	-0.0063181575	0	-6.2831855e-06	0	0.6262151	-0.7794235	-0.0063181575	2.7709626e-20	1
0	0.6262151	-0.7794235	-0.0063181575	0	-2.513274e-06	0	0.6262151	-0.7794235	-0.0063181575	2.77108e-20	1
0	0.6262151	-0.7794235	-0.0063181575	0	-1.256637e-06	0	0.6262151	-0.7794235	-0.0063181575	2.771119e-20	1
0	0.6262151	-0.7794235	-0.0063181575	0	-6.283185e-07	0	0.6262151	-0.7794235	-0.0063181575	2.7711384e-20	1
0	0.6262151	-0.7794235	-0.0063181575	0	-2.513274e-07	0	0.6262151	-0.7794235	-0.0063181575	2.7711504e-20	1
0	0.6262151	-0.7794235	-0.0063181575	0	-1.256637e-07	0	0.6262151	-0.7794235	-0.0063181575	2.7711542e-20	1
0	0.6262151	-0.7794235	-0.0063181575	0	0	0	0.6262151	-0.7794235	-0.0063181575	2.771158e-20	1
0	0.6262151	-0.7794235	-0.0063181575	0	1.256637e-07	0	0.6262151	-0.7794235	-0.0063181575	2.771162e-20	1
0	0.6262151	-0.7794235	-0.0063181575	0	2.513274e-07	0	0.6262151	-0.7794235	-0.0063181575	2.771166e-20	1
0	0.6262151	-0.7794235	-0.0063181575	0	6.283185e-07	0	0.6262151	-0.7794235	-0.0063181575	2.7711775e-20	1
0	0.6262151	-0.7794235	-0.0063181575	0	1.256637e-06	0	0.6262151	-0.7794235	-0.0063181575	2.7711972e-20	1
0	0.6262151	-0.7794235	-0.0063181575	0	2.513274e-06	0	0.6262151	-0.7794235	-0.0063181575	2.7712363e-20	1
0	0.6262151	-0.7794235	-0.0063181575	0	6.2831855e-06	0	0.6262151	-0.7794235	-0.0063181575	2.7713536e-20	1
0	0.6262151	-0.7794235	-0.0063181575	0	1.2566371e-05	0	0.6262151	-0.7794235	-0.0063181575	2.771549e-20	1
0	0.6262151	-0.7794235	-0.0063181575	0	2.5132742e-05	0	0.6262151	-0.7794235	-0.0063181575	2.7719404e-20	1
0	0.6262151	-0.7794235	-0.0063181575	0	6.283185e-05	0	0.6262151	-0.7794235	-0.0063181575	2.773114e-20	1
0	0.6262151	-0.7794235	-0.0063181575	0	0.0001256637	0	0.6262151	-0.7794235	-0.0063181575	2.7750698e-20	1
0	0.6262151	-0.7794235	-0.0063181575	0	0.0002513274	0	0.6262151	-0.7794235	-0.0063181575	2.778981e-20	1
0	0.63496506	-0.7723107	-0.006331457	0	0.0006283185	0	0.63496506	-0.7723107	-0.006331457	2.790609e-20	1
0	0.63496506	-0.7723107	-0.006331457	0	0.0010053096	0	0.63496506	-0.7723107	-0.006331457	2.802237e-20	1
0	0.642419	-0.7661205	-0.006340136	0	0.001256637	0	0.642419	-0.7661205	-0.006340136	2.809911e-20	1
0	0.65005255	-0.7596533	-0.0063463813	0	0.0018849556	0	0.65005255	-0.7596533	-0.0063463813	2.8290546e-20	1
0	0.6578543	-0.7529062	-0.0063498938	0	0.002513274	0	0.6578543	-0.7529062	-0.0063498938	2.8480316e-20	1
0	0.67408717	-0.7384068	-0.006347331	0	0.0037699111	0	0.67408717	-0.7384068	-0.006347331	2.8854577e-20	1
0	0.70993006	-0.70401394	-0.006289024	0	0.0062831854	0	0.70993006	-0.70401394	-0.006289024	2.9579158e-20	1
0	0.7672453	-0.64107585	-0.0060114395	0	0.009424778	0	0.7672453	-0.64107585	-0.0060114395	3.0426556e-20	1
0	-0.50102675	0.8652528	0.005843465	0	0.012566371	0	-0.50102675	0.8652528	0.005843465	2.3566994e-20	1
0	-0.44620377	0.8947722	0.0055225594	0	0.018849555	0	-0.44620377	0.8947722	0.0055225594	2.135742e-20	1
0	-0.39523196	0.9184394	0.0051920316	0	0.025132742	0	-0.39523196	0.9184394	0.0051920316	1.9081428e-20	1
0	-0.3044661	0.9524081	0.0045730495	0	0.03769911	0	-0.3044661	0.9524081	0.0045730495	1.4380367e-20	1
0	-0.230869	0.9728875	0.0040808497	0	0.050265484	0	-0.230869	0.9728875	0.0040808497	9.5446044e-21	1
0	-0.17619975	0.9842677	0.003737331	0	0.06283186	0	-0.17619975	0.9842677	0.003737331	4.630679e-21	1
