# t (s)	mx ()	my ()	mz ()	B_extx (T)	B_exty (T)	B_extz (T)	mx ()	my ()	mz ()	E_total (J)	branch ()
0	-0.027263332	0.9995631	-2.5560435e-05	0	0.06283186	0	-0.027263332	0.9995631	-2.5560435e-05	4.5871123e-21	-1
0	-0.0322548	0.9994137	-2.3289755e-05	0	0.050265484	0	-0.0322548	0.9994137	-2.3289755e-05	9.603086e-21	-1
0	-0.03945554	0.9991543	-1.9858126e-05	0	0.03769911	0	-0.03945554	0.9991543	-1.9858126e-05	1.4618065e-20	-1
0	-0.0507189	0.9986448	-1.4270718e-05	0	0.025132742	0	-0.0507189	0.9986448	-1.4270718e-05	1.9631203e-20	-1
0	-0.059100308	0.99818313	-1.002023e-05	0	0.018849555	0	-0.059100308	0.99818313	-1.002023e-05	2.2136521e-20	-1
0	-0.07071508	0.9974266	-4.030133e-06	0	0.012566371	0	-0.07071508	0.9974266	-4.030133e-06	2.4640349e-20	-1
0	-0.07836776	0.9968539	-4.4398078e-08	0	0.009424778	0	-0.07836776	0.9968539	-4.4398078e-08	2.5891404e-20	-1
0	-0.087815985	0.99606526	4.9082664e-06	0	0.0062831854	0	-0.087815985	0.99606526	4.9082664e-06	2.7141618e-20	-1
0	-0.09716888	0.99519557	9.8340715e-06	0	0.0037699111	0	-0.09716888	0.99519557	9.8340715e-06	2.8140953e-20	-1
0	-0.10260722	0.99464905	1.2705197e-05	0	0.002513274	0	-0.10260722	0.99464905	1.2705197e-05	2.864026e-20	-1
0	-0.105608	0.99433464	1.42916515e-05	0	0.0018849556	0	-0.105608	0.99433464	1.42916515e-05	2.88898e-20	-1
0	-0.1087047	0.9940006	1.5924537e-05	0	0.001256637	0	-0.1087047	0.9940006	1.5924537e-05	2.9139263e-20	-1
0	-0.11000265	0.9938576	1.6616443e-05	0	0.0010053096	0	-0.11000265	0.9938576	1.6616443e-05	2.9239025e-20	-1
0	-0.112009235	0.9936333	1.7676917e-05	0	0.0006283185	0	-0.112009235	0.9936333	1.7676917e-05	2.9388635e-20	-1
0	-0.11410636	0.9933945	1.8783829e-05	0	0.0002513274	0	-0.11410636	0.9933945	1.8783829e-05	2.9538216e-20	-1
0	-0.114829466	0.99331105	1.916922e-05	0	0.0001256637	0	-0.114829466	0.99331105	1.916922e-05	2.958807e-20	-1
0	-0.114829466	0.99331105	1.916922e-05	0	6.283185e-05	0	-0.114829466	0.99331105	1.916922e-05	2.9612995e-20	-1
0	-0.114829466	0.99331105	1.916922e-05	0	2.5132742e-05	0	-0.114829466	0.99331105	1.916922e-05	2.962795e-20	-1
0	-0.114829466	0.99331105	1.916922e-05	0	1.2566371e-05	0	-0.114829466	0.99331105	1.916922e-05	2.9632934e-20	-1
0	-0.114829466	0.99331105	1.916922e-05	0	6.2831855e-06	0	-0.114829466	0.99331105	1.916922e-05	2.9635426e-20	-1
0	-0.114829466	0.99331105	1.916922e-05	0	2.513274e-06	0	-0.114829466	0.99331105	1.916922e-05	2.9636922e-20	-1
0	-0.114829466	0.99331105	1.916922e-05	0	1.256637e-06	0	-0.114829466	0.99331105	1.916922e-05	2.963742e-20	-1
0	-0.114829466	0.99331105	1.916922e-05	0	6.283185e-07	0	-0.114829466	0.99331105	1.916922e-05	2.9637668e-20	-1
0	-0.114829466	0.99331105	1.916922e-05	0	2.513274e-07	0	-0.114829466	0.99331105	1.916922e-05	2.963782e-20	-1
0	-0.114829466	0.99331105	1.916922e-05	0	1.256637e-07	0	-0.114829466	0.99331105	1.916922e-05	2.963787e-20	-1
0	-0.114829466	0.99331105	1.916922e-05	0	0	0	-0.114829466	0.99331105	1.916922e-05	2.963792e-20	-1
0	-0.114829466	0.99331105	1.916922e-05	0	-1.256637e-07	0	-0.114829466	0.99331105	1.916922e-05	2.963797e-20	-1
0	-0.114829466	0.99331105	1.916922e-05	0	-2.513274e-07	0	-0.114829466	0.99331105	1.916922e-05	2.9638017e-20	-1
0	-0.114829466	0.99331105	1.916922e-05	0	-6.283185e-07	0	-0.114829466	0.99331105	1.916922e-05	2.963817e-20	-1
0	-0.114829466	0.99331105	1.916922e-05	0	-1.256637e-06	0	-0.114829466	0.99331105	1.916922e-05	2.9638418e-20	-1
0	-0.114829466	0.99331105	1.916922e-05	0	-2.513274e-06	0	-0.114829466	0.99331105	1.916922e-05	2.9638915e-20	-1
0	-0.114829466	0.99331105	1.916922e-05	0	-6.2831855e-06	0	-0.114829466	0.99331105	1.916922e-05	2.964041e-20	-1
0	-0.114829466	0.99331105	1.916922e-05	0	-1.2566371e-05	0	-0.114829466	0.99331105	1.916922e-05	2.9642903e-20	-1
0	-0.114829466	0.99331105	1.916922e-05	0	-2.5132742e-05	0	-0.114829466	0.99331105	1.916922e-05	2.9647888e-20	-1
0	-0.114829466	0.99331105	1.916922e-05	0	-6.283185e-05	0	-0.114829466	0.99331105	1.916922e-05	2.9662842e-20	-1
0	-0.114829466	0.99331105	1.916922e-05	0	-0.0001256637	0	-0.114829466	0.99331105	1.916922e-05	2.9687767e-20	-1
0	-0.11701433	0.9930558	2.0321182e-05	0	-0.0002513274	0	-0.11701433	0.9930558	2.0321182e-05	2.9737595e-20	-1
0	-0.1192797	0.99278605	2.1524229e-05	0	-0.0006283185	0	-0.1192797	0.99278605	2.1524229e-05	2.9887082e-20	-1
0	-0.12166566	0.99249625	2.2784257e-05	0	-0.0010053096	0	-0.12166566	0.99249625	2.2784257e-05	3.0036534e-20	-1
0	-0.12330255	0.9922941	2.3650702e-05	0	-0.001256637	0	-0.12330255	0.9922941	2.3650702e-05	3.013614e-20	-1
0	-0.12759471	0.99175084	2.592133e-05	0	-0.0018849556	0	-0.12759471	0.99175084	2.592133e-05	3.0385065e-20	-1
0	-0.13219377	0.99114776	2.835229e-05	0	-0.002513274	0	-0.13219377	0.99114776	2.835229e-05	3.0633846e-20	-1
0	-0.14252348	0.989714	3.3801127e-05	0	-0.0037699111	0	-0.14252348	0.989714	3.3801127e-05	3.1130907e-20	-1
0	-0.169443	0.98545897	4.7891328e-05	0	-0.0062831854	0	-0.169443	0.98545897	4.7891328e-05	3.2122344e-20	-1
0	-0.22927943	0.97326946	7.811542e-05	0	-0.009424778	0	-0.22927943	0.97326946	7.811542e-05	3.3352507e-20	-1
0	0.9535229	-0.30098456	0.00018701683	0	-0.012566371	0	0.9535229	-0.30098456	0.00018701683	2.703654e-20	-1
0	0.05911278	-0.99818236	1.0011549e-05	0	-0.018849555	0	0.05911278	-0.99818236	1.0011549e-05	2.2136518e-20	-1
0	0.05071864	-0.9986448	1.4277128e-05	0	-0.025132742	0	0.05071864	-0.9986448	1.4277128e-05	1.9631206e-20	-1
0	0.039473034	-0.9991536	1.9849562e-05	0	-0.03769911	0	0.039473034	-0.9991536	1.9849562e-05	1.4618067e-20	-1
0	0.03225649	-0.99941367	2.3288445e-05	0	-0.050265484	0	0.03225649	-0.99941367	2.3288445e-05	9.603088e-21	-1
0	0.027268372	-0.9995631	2.5558053e-05	0	-0.06283186	0	0.027268372	-0.9995631	2.5558053e-05	4.5871176e-21	-1
0	0.027265843	-0.9995631	2.555954e-05	0	-0.06283186	0	0.027265843	-0.9995631	2.555954e-05	4.5871147e-21	1
0	0.03225503	-0.9994137	2.3291192e-05	0	-0.050265484	0	0.03225503	-0.9994137	2.3291192e-05	9.603086e-21	1
0	0.039452836	-0.99915445	1.9859941e-05	0	-0.03769911	0	0.039452836	-0.99915445	1.9859941e-05	1.4618063e-20	1
0	0.0507151	-0.998645	1.4277778e-05	0	-0.025132742	0	0.0507151	-0.998645	1.4277778e-05	1.9631203e-20	1
0	0.0591001	-0.99818313	1.0019755e-05	0	-0.018849555	0	0.0591001	-0.99818313	1.0019755e-05	2.2136521e-20	1
0	0.07071073	-0.99742687	4.0337945e-06	0	-0.012566371	0	0.07071073	-0.99742687	4.0337945e-06	2.4640349e-20	1
0	0.078362525	-0.9968543	4.699038e-08	0	-0.009424778	0	0.078362525	-0.9968543	4.699038e-08	2.5891404e-20	1
0	0.08782098	-0.9960648	-4.910616e-06	0	-0.0062831854	0	0.08782098	-0.9960648	-4.910616e-06	2.7141618e-20	1
0	0.09717196	-0.99519527	-9.835176e-06	0	-0.0037699111	0	0.09717196	-0.99519527	-9.835176e-06	2.814095e-20	1
0	0.102631345	-0.99464655	-1.2706478e-05	0	-0.002513274	0	0.102631345	-0.99464655	-1.2706478e-05	2.8640256e-20	1
0	0.10554616	-0.99434125	-1.4258334e-05	0	-0.0018849556	0	0.10554616	-0.99434125	-1.4258334e-05	2.88898e-20	1
0	0.1086993	-0.99400115	-1.5922462e-05	0	-0.001256637	0	0.1086993	-0.99400115	-1.5922462e-05	2.9139263e-20	1
0	0.110001534	-0.99385774	-1.6613609e-05	0	-0.0010053096	0	0.110001534	-0.99385774	-1.6613609e-05	2.923903e-20	1
0	0.112021685	-0.99363196	-1.7683124e-05	0	-0.0006283185	0	0.112021685	-0.99363196	-1.7683124e-05	2.938864e-20	1
0	0.114080265	-0.9933975	-1.8772333e-05	0	-0.0002513274	0	0.114080265	-0.9933975	-1.8772333e-05	2.9538216e-20	1
0	0.11481759	-0.9933125	-1.9163164e-05	0	-0.0001256637	0	0.11481759	-0.9933125	-1.9163164e-05	2.958807e-20	1
0	0.115197204	-0.9932685	-1.9362742e-05	0	-6.283185e-05	0	0.115197204	-0.9932685	-1.9362742e-05	2.9612995e-20	1
0	0.11539243	-0.9932457	-1.946661e-05	0	-2.5132742e-05	0	0.11539243	-0.9932457	-1.946661e-05	2.9627942e-20	1
0	0.115485474	-0.993235	-1.9515825e-05	0	-1.2566371e-05	0	0.115485474	-0.993235	-1.9515825e-05	2.963293e-20	1
0	0.115504846	-0.9932327	-1.9525829e-05	0	-6.2831855e-06	0	0.115504846	-0.9932327	-1.9525829e-05	2.9635422e-20	1
0	0.115526415	-0.9932302	-1.954275e-05	0	-2.513274e-06	0	0.115526415	-0.9932302	-1.954275e-05	2.963692e-20	1
0	0.115536794	-0.9932289	-1.9542827e-05	0	-1.256637e-06	0	0.115536794	-0.9932289	-1.9542827e-05	2.963742e-20	1
0	0.115536794	-0.9932289	-1.9542827e-05	0	-6.283185e-07	0	0.115536794	-0.9932289	-1.9542827e-05	2.9637668e-20	1
0	0.115536794	-0.9932289	-1.9542827e-05	0	-2.513274e-07	0	0.115536794	-0.9932289	-1.9542827e-05	2.9637817e-20	1
0	0.115536794	-0.9932289	-1.9542827e-05	0	-1.256637e-07	0	0.115536794	-0.9932289	-1.9542827e-05	2.9637865e-20	1
0	0.115536794	-0.9932289	-1.9542827e-05	0	0	0	0.115536794	-0.9932289	-1.9542827e-05	2.9637917e-20	1
0	0.115536794	-0.9932289	-1.9542827e-05	0	1.256637e-07	0	0.115536794	-0.9932289	-1.9542827e-05	2.9637965e-20	1
0	0.115536794	-0.9932289	-1.9542827e-05	0	2.513274e-07	0	0.115536794	-0.9932289	-1.9542827e-05	2.9638017e-20	1
0	0.115536794	-0.9932289	-1.9542827e-05	0	6.283185e-07	0	0.115536794	-0.9932289	-1.9542827e-05	2.9638166e-20	1
0	0.115536794	-0.9932289	-1.9542827e-05	0	1.256637e-06	0	0.115536794	-0.9932289	-1.9542827e-05	2.9638414e-20	1
0	0.115536794	-0.9932289	-1.9542827e-05	0	2.513274e-06	0	0.115536794	-0.9932289	-1.9542827e-05	2.9638912e-20	1
0	0.115536794	-0.9932289	-1.9542827e-05	0	6.2831855e-06	0	0.115536794	-0.9932289	-1.9542827e-05	2.9640408e-20	1
0	0.115536794	-0.9932289	-1.9542827e-05	0	1.2566371e-05	0	0.115536794	-0.9932289	-1.9542827e-05	2.96429e-20	1
0	0.115536794	-0.9932289	-1.9542827e-05	0	2.5132742e-05	0	0.115536794	-0.9932289	-1.9542827e-05	2.9647885e-20	1
0	0.115536794	-0.9932289	-1.9542827e-05	0	6.283185e-05	0	0.115536794	-0.9932289	-1.9542827e-05	2.966284e-20	1
0	0.115536794	-0.9932289	-1.9542827e-05	0	0.0001256637	0	0.115536794	-0.9932289	-1.9542827e-05	2.968776e-20	1
0	0.115536794	-0.9932289	-1.9542827e-05	0	0.0002513274	0	0.115536794	-0.9932289	-1.9542827e-05	2.9737608e-20	1
0	0.11930297	-0.99278325	-2.153607e-05	0	0.0006283185	0	0.11930297	-0.99278325	-2.153607e-05	2.988709e-20	1
0	0.12166189	-0.9924967	-2.2783948e-05	0	0.0010053096	0	0.12166189	-0.9924967	-2.2783948e-05	3.0036537e-20	1
0	0.1232951	-0.9922949	-2.3647644e-05	0	0.001256637	0	0.1232951	-0.9922949	-2.3647644e-05	3.0136138e-20	1
0	0.1275955	-0.9917507	-2.5922727e-05	0	0.0018849556	0	0.1275955	-0.9917507	-2.5922727e-05	3.038506e-20	1
0	0.13217315	-0.99115056	-2.834152e-05	0	0.002513274	0	0.13217315	-0.99115056	-2.834152e-05	3.063385e-20	1
0	0.14255169	-0.98971	-3.3815482e-05	0	0.0037699111	0	0.14255169	-0.98971	-3.3815482e-05	3.11309e-20	1
0	0.16943952	-0.9854595	-4.789084e-05	0	0.0062831854	0	0.16943952	-0.9854595	-4.789084e-05	3.2122344e-20	1
0	0.22932732	-0.97325814	-7.8138924e-05	0	0.009424778	0	0.22932732	-0.97325814	-7.8138924e-05	3.335251e-20	1
0	0.9020088	0.43142486	0.00022196176	0	0.012566371	0	0.9020088	0.43142486	0.00022196176	2.6046535e-20	1
0	-0.059113443	0.9981823	-1.0013482e-05	0	0.018849555	0	-0.059113443	0.9981823	-1.0013482e-05	2.2136523e-20	1
0	-0.05072169	0.9986447	-1.427593e-05	0	0.025132742	0	-0.05072169	0.9986447	-1.427593e-05	1.9631206e-20	1
0	-0.039457515	0.9991543	-1.9857216e-05	0	0.03769911	0	-0.039457515	0.9991543	-1.9857216e-05	1.4618062e-20	1
0	-0.032255784	0.99941367	-2.3288198e-05	0	0.050265484	0	-0.032255784	0.99941367	-2.3288198e-05	9.603089e-21	1
0	-0.027264547	0.9995631	-2.5560028e-05	0	0.06283186	0	-0.027264547	0.9995631	-2.5560028e-05	4.587114e-21	1
