# t (s)	mx ()	my ()	mz ()	B_extx (T)	B_exty (T)	B_extz (T)	mx ()	my ()	mz ()	E_total (J)	branch ()
0	0.98888195	0.14820851	0.0014411418	0.06283186	0	0	0.98888195	0.14820851	0.0014411418	2.9493716e-21	-1
0	0.9851676	0.17114712	0.0015040259	0.050265484	0	0	0.9851676	0.17114712	0.0015040259	7.9033844e-21	-1
0	0.9794962	0.20105869	0.0015742026	0.03769911	0	0	0.9794962	0.20105869	0.0015742026	1.283427e-20	-1
0	0.970438	0.24098553	0.0016483039	0.025132742	0	0	0.970438	0.24098553	0.0016483039	1.7729002e-20	-1
0	0.96385086	0.26609486	0.0016838902	0.018849555	0	0	0.96385086	0.26609486	0.0016838902	2.0156181e-20	-1
0	0.9551609	0.29575527	0.0017152847	0.012566371	0	0	0.9551609	0.29575527	0.0017152847	2.256434e-20	-1
0	0.94975877	0.3126583	0.0017281249	0.009424778	0	0	0.94975877	0.3126583	0.0017281249	2.3759406e-20	-1
0	0.9434413	0.33122194	0.0017380624	0.0062831854	0	0	0.9434413	0.33122194	0.0017380624	2.4947134e-20	-1
0	0.9375937	0.34742022	0.00174324	0.0037699111	0	0	0.9375937	0.34742022	0.00174324	2.5891202e-20	-1
0	0.9343551	0.3560332	0.0017446824	0.002513274	0	0	0.9343551	0.3560332	0.0017446824	2.636093e-20	-1
0	0.93264747	0.3604802	0.0017450745	0.0018849556	0	0	0.93264747	0.3604802	0.0017450745	2.6595169e-20	-1
0	0.9308753	0.3650295	0.0017452277	0.001256637	0	0	0.9308753	0.3650295	0.0017452277	2.682897e-20	-1
0	0.9308753	0.3650295	0.0017452277	0.0010053096	0	0	0.9308753	0.3650295	0.0017452277	2.6922402e-20	-1
0	0.9290328	0.36969107	0.0017451243	0.0006283185	0	0	0.9290328	0.36969107	0.0017451243	2.7062322e-20	-1
0	0.92790246	0.37251735	0.0017449392	0.0002513274	0	0	0.92790246	0.37251735	0.0017449392	2.7202106e-20	-1
0	0.92790246	0.37251735	0.0017449392	0.0001256637	0	0	0.92790246	0.37251735	0.0017449392	2.7248674e-20	-1
0	0.92790246	0.37251735	0.0017449392	6.283185e-05	0	0	0.92790246	0.37251735	0.0017449392	2.7271957e-20	-1
0	0.92790246	0.37251735	0.0017449392	2.5132742e-05	0	0	0.92790246	0.37251735	0.0017449392	2.7285926e-20	-1
0	0.92790246	0.37251735	0.0017449392	1.2566371e-05	0	0	0.92790246	0.37251735	0.0017449392	2.7290582e-20	-1
0	0.92790246	0.37251735	0.0017449392	6.2831855e-06	0	0	0.92790246	0.37251735	0.0017449392	2.729291e-20	-1
0	0.92790246	0.37251735	0.0017449392	2.513274e-06	0	0	0.92790246	0.37251735	0.0017449392	2.7294307e-20	-1
0	0.92790246	0.37251735	0.0017449392	1.256637e-06	0	0	0.92790246	0.37251735	0.0017449392	2.7294773e-20	-1
0	0.92790246	0.37251735	0.0017449392	6.283185e-07	0	0	0.92790246	0.37251735	0.0017449392	2.7295005e-20	-1
0	0.92790246	0.37251735	0.0017449392	2.513274e-07	0	0	0.92790246	0.37251735	0.0017449392	2.7295148e-20	-1
0	0.92790246	0.37251735	0.0017449392	1.256637e-07	0	0	0.92790246	0.37251735	0.0017449392	2.7295193e-20	-1
0	0.92790246	0.37251735	0.0017449392	0	0	0	0.92790246	0.37251735	0.0017449392	2.729524e-20	-1
0	0.92790246	0.37251735	0.0017449392	-1.256637e-07	0	0	0.92790246	0.37251735	0.0017449392	2.7295286e-20	-1
0	0.92790246	0.37251735	0.0017449392	-2.513274e-07	0	0	0.92790246	0.37251735	0.0017449392	2.7295332e-20	-1
0	0.92790246	0.37251735	0.0017449392	-6.283185e-07	0	0	0.92790246	0.37251735	0.0017449392	2.7295474e-20	-1
0	0.92790246	0.37251735	0.0017449392	-1.256637e-06	0	0	0.92790246	0.37251735	0.0017449392	2.7295707e-20	-1
0	0.92790246	0.37251735	0.0017449392	-2.513274e-06	0	0	0.92790246	0.37251735	0.0017449392	2.7296172e-20	-1
0	0.92790246	0.37251735	0.0017449392	-6.2831855e-06	0	0	0.92790246	0.37251735	0.0017449392	2.7297568e-20	-1
0	0.92790246	0.37251735	0.0017449392	-1.2566371e-05	0	0	0.92790246	0.37251735	0.0017449392	2.7299897e-20	-1
0	0.92790246	0.37251735	0.0017449392	-2.5132742e-05	0	0	0.92790246	0.37251735	0.0017449392	2.7304553e-20	-1
0	0.92790246	0.37251735	0.0017449392	-6.283185e-05	0	0	0.92790246	0.37251735	0.0017449392	2.7318522e-20	-1
0	0.926744	0.37538853	0.0017446522	-0.0001256637	0	0	0.926744	0.37538853	0.0017446522	2.734172e-20	-1
0	0.926744	0.37538853	0.0017446522	-0.0002513274	0	0	0.926744	0.37538853	0.0017446522	2.7388228e-20	-1
0	0.9251478	0.37930316	0.0017441	-0.0006283185	0	0	0.9251478	0.37930316	0.0017441	2.7527598e-20	-1
0	0.9239234	0.38227427	0.0017435616	-0.0010053096	0	0	0.9239234	0.38227427	0.0017435616	2.7666787e-20	-1
0	0.9239234	0.38227427	0.0017435616	-0.001256637	0	0	0.9239234	0.38227427	0.0017435616	2.7759522e-20	-1
0	0.9209378	0.3894081	0.0017418407	-0.0018849556	0	0	0.9209378	0.3894081	0.0017418407	2.799084e-20	-1
0	0.9187066	0.39464033	0.0017402028	-0.002513274	0	0	0.9187066	0.39464033	0.0017402028	2.822165e-20	-1
0	0.91396177	0.40550217	0.0017357926	-0.0037699111	0	0	0.91396177	0.40550217	0.0017357926	2.8681528e-20	-1
0	0.9030949	0.42914748	0.0017215522	-0.0062831854	0	0	0.9030949	0.42914748	0.0017215522	2.9593582e-20	-1
0	0.88606024	0.463283	0.0016901889	-0.009424778	0	0	0.88606024	0.463283	0.0016901889	3.071642e-20	-1
0	0.8628707	0.5051447	0.0016353992	-0.012566371	0	0	0.8628707	0.5051447	0.0016353992	3.1814404e-20	-1
0	-0.9638505	-0.26609594	-0.0016838915	-0.018849555	0	0	-0.9638505	-0.26609594	-0.0016838915	2.015618e-20	-1
0	-0.97043705	-0.24098927	-0.001648309	-0.025132742	0	0	-0.97043705	-0.24098927	-0.001648309	1.7729004e-20	-1
0	-0.97949505	-0.20106432	-0.0015742191	-0.03769911	0	0	-0.97949505	-0.20106432	-0.0015742191	1.28342694e-20	-1
0	-0.9851669	-0.17115158	-0.0015040068	-0.050265484	0	0	-0.9851669	-0.17115158	-0.0015040068	7.903387e-21	-1
0	-0.98888123	-0.14821362	-0.0014411553	-0.06283186	0	0	-0.98888123	-0.14821362	-0.0014411553	2.9493745e-21	-1
0	-0.98888123	-0.14821362	-0.0014411553	-0.06283186	0	0	-0.98888123	-0.14821362	-0.0014411553	2.9493745e-21	1
0	-0.9851676	-0.1711474	-0.0015040265	-0.050265484	0	0	-0.9851676	-0.1711474	-0.0015040265	7.903388e-21	1
0	-0.97949606	-0.20105934	-0.0015742092	-0.03769911	0	0	-0.97949606	-0.20105934	-0.0015742092	1.283427e-20	1
0	-0.9704391	-0.24098128	-0.0016482979	-0.025132742	0	0	-0.9704391	-0.24098128	-0.0016482979	1.7729004e-20	1
0	-0.9638485	-0.2661032	-0.0016838996	-0.018849555	0	0	-0.9638485	-0.2661032	-0.0016838996	2.0156178e-20	1
0	-0.9551593	-0.2957604	-0.0017152885	-0.012566371	0	0	-0.9551593	-0.2957604	-0.0017152885	2.2564338e-20	1
0	-0.94975793	-0.3126608	-0.0017281224	-0.009424778	0	0	-0.94975793	-0.3126608	-0.0017281224	2.3759406e-20	1
0	-0.9434454	-0.33121014	-0.0017380593	-0.0062831854	0	0	-0.9434454	-0.33121014	-0.0017380593	2.4947134e-20	1
0	-0.93759274	-0.3474226	-0.0017432406	-0.0037699111	0	0	-0.93759274	-0.3474226	-0.0017432406	2.58912e-20	1
0	-0.93435544	-0.3560323	-0.0017446827	-0.002513274	0	0	-0.93435544	-0.3560323	-0.0017446827	2.6360931e-20	1
0	-0.9326465	-0.36048257	-0.0017450743	-0.0018849556	0	0	-0.9326465	-0.36048257	-0.0017450743	2.659517e-20	1
0	-0.9308685	-0.3650468	-0.0017451812	-0.001256637	0	0	-0.9308685	-0.3650468	-0.0017451812	2.682897e-20	1
0	-0.9308685	-0.3650468	-0.0017451812	-0.0010053096	0	0	-0.9308685	-0.3650468	-0.0017451812	2.6922402e-20	1
0	-0.9290334	-0.3696894	-0.0017451136	-0.0006283185	0	0	-0.9290334	-0.3696894	-0.0017451136	2.7062322e-20	1
0	-0.9279025	-0.37251717	-0.0017449394	-0.0002513274	0	0	-0.9279025	-0.37251717	-0.0017449394	2.720211e-20	1
0	-0.9279025	-0.37251717	-0.0017449394	-0.0001256637	0	0	-0.9279025	-0.37251717	-0.0017449394	2.7248674e-20	1
0	-0.9279025	-0.37251717	-0.0017449394	-6.283185e-05	0	0	-0.9279025	-0.37251717	-0.0017449394	2.7271957e-20	1
0	-0.9279025	-0.37251717	-0.0017449394	-2.5132742e-05	0	0	-0.9279025	-0.37251717	-0.0017449394	2.728593e-20	1
0	-0.9279025	-0.37251717	-0.0017449394	-1.2566371e-05	0	0	-0.9279025	-0.37251717	-0.0017449394	2.7290585e-20	1
0	-0.9279025	-0.37251717	-0.0017449394	-6.2831855e-06	0	0	-0.9279025	-0.37251717	-0.0017449394	2.7292915e-20	1
0	-0.9279025	-0.37251717	-0.0017449394	-2.513274e-06	0	0	-0.9279025	-0.37251717	-0.0017449394	2.729431e-20	1
0	-0.9279025	-0.37251717	-0.0017449394	-1.256637e-06	0	0	-0.9279025	-0.37251717	-0.0017449394	2.7294776e-20	1
0	-0.9279025	-0.37251717	-0.0017449394	-6.283185e-07	0	0	-0.9279025	-0.37251717	-0.0017449394	2.729501e-20	1
0	-0.9279025	-0.37251717	-0.0017449394	-2.513274e-07	0	0	-0.9279025	-0.37251717	-0.0017449394	2.7295148e-20	1
0	-0.9279025	-0.37251717	-0.0017449394	-1.256637e-07	0	0	-0.9279025	-0.37251717	-0.0017449394	2.7295196e-20	1
0	-0.9279025	-0.37251717	-0.0017449394	0	0	0	-0.9279025	-0.37251717	-0.0017449394	2.729524e-20	1
0	-0.9279025	-0.37251717	-0.0017449394	1.256637e-07	0	0	-0.9279025	-0.37251717	-0.0017449394	2.729529e-20	1
0	-0.9279025	-0.37251717	-0.0017449394	2.513274e-07	0	0	-0.9279025	-0.37251717	-0.0017449394	2.7295335e-20	1
0	-0.9279025	-0.37251717	-0.0017449394	6.283185e-07	0	0	-0.9279025	-0.37251717	-0.0017449394	2.7295474e-20	1
0	-0.9279025	-0.37251717	-0.0017449394	1.256637e-06	0	0	-0.9279025	-0.37251717	-0.0017449394	2.7295707e-20	1
0	-0.9279025	-0.37251717	-0.0017449394	2.513274e-06	0	0	-0.9279025	-0.37251717	-0.0017449394	2.7296172e-20	1
0	-0.9279025	-0.37251717	-0.0017449394	6.2831855e-06	0	0	-0.9279025	-0.37251717	-0.0017449394	2.729757e-20	1
0	-0.9279025	-0.37251717	-0.0017449394	1.2566371e-05	0	0	-0.9279025	-0.37251717	-0.0017449394	2.7299897e-20	1
0	-0.9279025	-0.37251717	-0.0017449394	2.5132742e-05	0	0	-0.9279025	-0.37251717	-0.0017449394	2.7304557e-20	1
0	-0.92693627	-0.3749137	-0.0017447055	6.283185e-05	0	0	-0.92693627	-0.3749137	-0.0017447055	2.7318464e-20	1
0	-0.92693627	-0.3749137	-0.0017447055	0.0001256637	0	0	-0.92693627	-0.3749137	-0.0017447055	2.7341725e-20	1
0	-0.92693627	-0.3749137	-0.0017447055	0.0002513274	0	0	-0.92693627	-0.3749137	-0.0017447055	2.738824e-20	1
0	-0.9251479	-0.37930304	-0.0017440988	0.0006283185	0	0	-0.9251479	-0.37930304	-0.0017440988	2.7527595e-20	1
0	-0.9239223	-0.38227683	-0.0017435526	0.0010053096	0	0	-0.9239223	-0.38227683	-0.0017435526	2.766679e-20	1
0	-0.9239223	-0.38227683	-0.0017435526	0.001256637	0	0	-0.9239223	-0.38227683	-0.0017435526	2.7759525e-20	1
0	-0.9209423	-0.38939726	-0.0017418433	0.0018849556	0	0	-0.9209423	-0.38939726	-0.0017418433	2.799084e-20	1
0	-0.9187144	-0.39462227	-0.0017402084	0.002513274	0	0	-0.9187144	-0.39462227	-0.0017402084	2.822165e-20	1
0	-0.9139631	-0.40549922	-0.0017357949	0.0037699111	0	0	-0.9139631	-0.40549922	-0.0017357949	2.8681528e-20	1
0	-0.9030851	-0.4291681	-0.0017215344	0.0062831854	0	0	-0.9030851	-0.4291681	-0.0017215344	2.9593585e-20	1
0	-0.88606787	-0.46326834	-0.001690206	0.009424778	0	0	-0.88606787	-0.46326834	-0.001690206	3.071642e-20	1
0	-0.86287105	-0.5051441	-0.0016353987	0.012566371	0	0	-0.86287105	-0.5051441	-0.0016353987	3.1814404e-20	1
0	0.9638499	0.26609826	0.0016838941	0.018849555	0	0	0.9638499	0.26609826	0.0016838941	2.0156181e-20	1
0	0.970438	0.24098554	0.001648304	0.025132742	0	0	0.970438	0.24098554	0.001648304	1.7729002e-20	1
0	0.9794954	0.20106249	0.0015742109	0.03769911	0	0	0.9794954	0.20106249	0.0015742109	1.283427e-20	1
0	0.98516715	0.17114978	0.0015040317	0.050265484	0	0	0.98516715	0.17114978	0.0015040317	7.903386e-21	1
0	0.98888123	0.14821309	0.0014411538	0.06283186	0	0	0.98888123	0.14821309	0.0014411538	2.949374e-21	1
