# t (s)	mx ()	my ()	mz ()	B_extx (T)	B_exty (T)	B_extz (T)	mx ()	my ()	mz ()	E_total (J)	branch ()
0	-0.030398045	0.99947166	0.001445285	0	0.06283186	0	-0.030398045	0.99947166	0.001445285	4.5726653e-21	-1
0	-0.035968237	0.9992858	0.0014566416	0	0.050265484	0	-0.035968237	0.9992858	0.0014566416	9.588095e-21	-1
0	-0.04399553	0.99896353	0.00146775	0	0.03769911	0	-0.04399553	0.99896353	0.00146775	1.4602287e-20	-1
0	-0.056542084	0.9983307	0.0014779527	0	0.025132742	0	-0.056542084	0.9983307	0.0014779527	1.9614199e-20	-1
0	-0.06585495	0.9977588	0.001482165	0	0.018849555	0	-0.06585495	0.9977588	0.001482165	2.21186e-20	-1
0	-0.07871529	0.9968256	0.0014850048	0	0.012566371	0	-0.07871529	0.9968256	0.0014850048	2.4621157e-20	-1
0	-0.087162614	0.99612176	0.0014854844	0	0.009424778	0	-0.087162614	0.99612176	0.0014854844	2.587138e-20	-1
0	-0.09758584	0.9951538	0.0014848893	0	0.0062831854	0	-0.09758584	0.9951538	0.0014848893	2.7120574e-20	-1
0	-0.10784886	0.99409294	0.0014832286	0	0.0037699111	0	-0.10784886	0.99409294	0.0014832286	2.8118903e-20	-1
0	-0.11378725	0.99343014	0.0014818483	0	0.002513274	0	-0.11378725	0.99343014	0.0014818483	2.8617625e-20	-1
0	-0.11701848	0.9930544	0.0014809724	0	0.0018849556	0	-0.11701848	0.9930544	0.0014809724	2.8866852e-20	-1
0	-0.12041427	0.992648	0.0014799669	0	0.001256637	0	-0.12041427	0.992648	0.0014799669	2.9115985e-20	-1
0	-0.12041427	0.992648	0.0014799669	0	0.0010053096	0	-0.12041427	0.992648	0.0014799669	2.9215615e-20	-1
0	-0.124045044	0.9922005	0.001478788	0	0.0006283185	0	-0.124045044	0.9922005	0.001478788	2.936501e-20	-1
0	-0.12632419	0.99191266	0.0014780001	0	0.0002513274	0	-0.12632419	0.99191266	0.0014780001	2.951437e-20	-1
0	-0.12632419	0.99191266	0.0014780001	0	0.0001256637	0	-0.12632419	0.99191266	0.0014780001	2.9564146e-20	-1
0	-0.12632419	0.99191266	0.0014780001	0	6.283185e-05	0	-0.12632419	0.99191266	0.0014780001	2.9589036e-20	-1
0	-0.12632419	0.99191266	0.0014780001	0	2.5132742e-05	0	-0.12632419	0.99191266	0.0014780001	2.960397e-20	-1
0	-0.12632419	0.99191266	0.0014780001	0	1.2566371e-05	0	-0.12632419	0.99191266	0.0014780001	2.960895e-20	-1
0	-0.12632419	0.99191266	0.0014780001	0	6.2831855e-06	0	-0.12632419	0.99191266	0.0014780001	2.9611437e-20	-1
0	-0.12632419	0.99191266	0.0014780001	0	2.513274e-06	0	-0.12632419	0.99191266	0.0014780001	2.961293e-20	-1
0	-0.12632419	0.99191266	0.0014780001	0	1.256637e-06	0	-0.12632419	0.99191266	0.0014780001	2.9613428e-20	-1
0	-0.12632419	0.99191266	0.0014780001	0	6.283185e-07	0	-0.12632419	0.99191266	0.0014780001	2.9613677e-20	-1
0	-0.12632419	0.99191266	0.0014780001	0	2.513274e-07	0	-0.12632419	0.99191266	0.0014780001	2.961383e-20	-1
0	-0.12632419	0.99191266	0.0014780001	0	1.256637e-07	0	-0.12632419	0.99191266	0.0014780001	2.9613877e-20	-1
0	-0.12632419	0.99191266	0.0014780001	0	0	0	-0.12632419	0.99191266	0.0014780001	2.9613925e-20	-1
0	-0.12632419	0.99191266	0.0014780001	0	-1.256637e-07	0	-0.12632419	0.99191266	0.0014780001	2.9613977e-20	-1
0	-0.12632419	0.99191266	0.0014780001	0	-2.513274e-07	0	-0.12632419	0.99191266	0.0014780001	2.9614026e-20	-1
0	-0.12632419	0.99191266	0.0014780001	0	-6.283185e-07	0	-0.12632419	0.99191266	0.0014780001	2.9614174e-20	-1
0	-0.12632419	0.99191266	0.0014780001	0	-1.256637e-06	0	-0.12632419	0.99191266	0.0014780001	2.9614423e-20	-1
0	-0.12632419	0.99191266	0.0014780001	0	-2.513274e-06	0	-0.12632419	0.99191266	0.0014780001	2.961492e-20	-1
0	-0.12632419	0.99191266	0.0014780001	0	-6.2831855e-06	0	-0.12632419	0.99191266	0.0014780001	2.9616417e-20	-1
0	-0.12632419	0.99191266	0.0014780001	0	-1.2566371e-05	0	-0.12632419	0.99191266	0.0014780001	2.9618905e-20	-1
0	-0.12632419	0.99191266	0.0014780001	0	-2.5132742e-05	0	-0.12632419	0.99191266	0.0014780001	2.9623884e-20	-1
0	-0.12828818	0.99166036	0.0014773037	0	-6.283185e-05	0	-0.12828818	0.99166036	0.0014773037	2.9638802e-20	-1
0	-0.12828818	0.99166036	0.0014773037	0	-0.0001256637	0	-0.12828818	0.99166036	0.0014773037	2.9663686e-20	-1
0	-0.12828818	0.99166036	0.0014773037	0	-0.0002513274	0	-0.12828818	0.99166036	0.0014773037	2.9713452e-20	-1
0	-0.13196394	0.99117744	0.0014758953	0	-0.0006283185	0	-0.13196394	0.99117744	0.0014758953	2.9862697e-20	-1
0	-0.1345513	0.9908293	0.0014748509	0	-0.0010053096	0	-0.1345513	0.9908293	0.0014748509	3.0011896e-20	-1
0	-0.1345513	0.9908293	0.0014748509	0	-0.001256637	0	-0.1345513	0.9908293	0.0014748509	3.011135e-20	-1
0	-0.14098626	0.9899334	0.0014720659	0	-0.0018849556	0	-0.14098626	0.9899334	0.0014720659	3.0359816e-20	-1
0	-0.1459705	0.9892101	0.0014697256	0	-0.002513274	0	-0.1459705	0.9892101	0.0014697256	3.0608125e-20	-1
0	-0.15713295	0.9874972	0.0014639185	0	-0.0037699111	0	-0.15713295	0.9874972	0.0014639185	3.1104146e-20	-1
0	-0.18628499	0.9824112	0.0014453259	0	-0.0062831854	0	-0.18628499	0.9824112	0.0014453259	3.2092982e-20	-1
0	-0.25170252	0.9677081	0.0013876106	0	-0.009424778	0	-0.25170252	0.9677081	0.0013876106	3.3318108e-20	-1
0	0.07871714	-0.99682546	-0.0014850036	0	-0.012566371	0	0.07871714	-0.99682546	-0.0014850036	2.4621155e-20	-1
0	0.065867335	-0.99775803	-0.0014821633	0	-0.018849555	0	0.065867335	-0.99775803	-0.0014821633	2.2118598e-20	-1
0	0.056547962	-0.99833035	-0.0014779511	0	-0.025132742	0	0.056547962	-0.99833035	-0.0014779511	1.9614197e-20	-1
0	0.0440038	-0.9989631	-0.0014677462	0	-0.03769911	0	0.0440038	-0.9989631	-0.0014677462	1.4602287e-20	-1
0	0.035969146	-0.9992857	-0.0014566372	0	-0.050265484	0	0.035969146	-0.9992857	-0.0014566372	9.588095e-21	-1
0	0.030400027	-0.99947155	-0.0014452803	0	-0.06283186	0	0.030400027	-0.99947155	-0.0014452803	4.5726653e-21	-1
0	0.030400027	-0.99947155	-0.0014452803	0	-0.06283186	0	0.030400027	-0.99947155	-0.0014452803	4.5726653e-21	1
0	0.035964794	-0.9992859	-0.0014566428	0	-0.050265484	0	0.035964794	-0.9992859	-0.0014566428	9.588091e-21	1
0	0.04399956	-0.99896336	-0.001467749	0	-0.03769911	0	0.04399956	-0.99896336	-0.001467749	1.4602286e-20	1
0	0.056543365	-0.99833065	-0.0014779521	0	-0.025132742	0	0.056543365	-0.99833065	-0.0014779521	1.9614199e-20	1
0	0.06585567	-0.9977588	-0.0014821659	0	-0.018849555	0	0.06585567	-0.9977588	-0.0014821659	2.2118598e-20	1
0	0.07869042	-0.9968276	-0.0014850122	0	-0.012566371	0	0.07869042	-0.9968276	-0.0014850122	2.4621159e-20	1
0	0.08716835	-0.9961213	-0.0014854821	0	-0.009424778	0	0.08716835	-0.9961213	-0.0014854821	2.587138e-20	1
0	0.09757768	-0.9951546	-0.0014848929	0	-0.0062831854	0	0.09757768	-0.9951546	-0.0014848929	2.7120567e-20	1
0	0.10783389	-0.99409455	-0.0014832434	0	-0.0037699111	0	0.10783389	-0.99409455	-0.0014832434	2.8118897e-20	1
0	0.113786906	-0.99343026	-0.0014818482	0	-0.002513274	0	0.113786906	-0.99343026	-0.0014818482	2.8617622e-20	1
0	0.11701876	-0.9930544	-0.0014809275	0	-0.0018849556	0	0.11701876	-0.9930544	-0.0014809275	2.8866852e-20	1
0	0.12043813	-0.99264514	-0.0014799575	0	-0.001256637	0	0.12043813	-0.99264514	-0.0014799575	2.9115982e-20	1
0	0.12043813	-0.99264514	-0.0014799575	0	-0.0010053096	0	0.12043813	-0.99264514	-0.0014799575	2.9215615e-20	1
0	0.12404969	-0.9921999	-0.0014787398	0	-0.0006283185	0	0.12404969	-0.9921999	-0.0014787398	2.936501e-20	1
0	0.12632322	-0.9919128	-0.0014780005	0	-0.0002513274	0	0.12632322	-0.9919128	-0.0014780005	2.951437e-20	1
0	0.12632322	-0.9919128	-0.0014780005	0	-0.0001256637	0	0.12632322	-0.9919128	-0.0014780005	2.956415e-20	1
0	0.1274949	-0.99176276	-0.0014775792	0	-6.283185e-05	0	0.1274949	-0.99176276	-0.0014775792	2.958903e-20	1
0	0.1274949	-0.99176276	-0.0014775792	0	-2.5132742e-05	0	0.1274949	-0.99176276	-0.0014775792	2.9603964e-20	1
0	0.1274949	-0.99176276	-0.0014775792	0	-1.2566371e-05	0	0.1274949	-0.99176276	-0.0014775792	2.960894e-20	1
0	0.1274949	-0.99176276	-0.0014775792	0	-6.2831855e-06	0	0.1274949	-0.99176276	-0.0014775792	2.9611428e-20	1
0	0.1274949	-0.99176276	-0.0014775792	0	-2.513274e-06	0	0.1274949	-0.99176276	-0.0014775792	2.961292e-20	1
0	0.1274949	-0.99176276	-0.0014775792	0	-1.256637e-06	0	0.1274949	-0.99176276	-0.0014775792	2.9613418e-20	1
0	0.1274949	-0.99176276	-0.0014775792	0	-6.283185e-07	0	0.1274949	-0.99176276	-0.0014775792	2.9613667e-20	1
0	0.1274949	-0.99176276	-0.0014775792	0	-2.513274e-07	0	0.1274949	-0.99176276	-0.0014775792	2.9613816e-20	1
0	0.1274949	-0.99176276	-0.0014775792	0	-1.256637e-07	0	0.1274949	-0.99176276	-0.0014775792	2.9613867e-20	1
0	0.1274949	-0.99176276	-0.0014775792	0	0	0	0.1274949	-0.99176276	-0.0014775792	2.9613916e-20	1
0	0.1274949	-0.99176276	-0.0014775792	0	1.256637e-07	0	0.1274949	-0.99176276	-0.0014775792	2.9613967e-20	1
0	0.1274949	-0.99176276	-0.0014775792	0	2.513274e-07	0	0.1274949	-0.99176276	-0.0014775792	2.9614016e-20	1
0	0.1274949	-0.99176276	-0.0014775792	0	6.283185e-07	0	0.1274949	-0.99176276	-0.0014775792	2.9614165e-20	1
0	0.1274949	-0.99176276	-0.0014775792	0	1.256637e-06	0	0.1274949	-0.99176276	-0.0014775792	2.9614413e-20	1
0	0.1274949	-0.99176276	-0.0014775792	0	2.513274e-06	0	0.1274949	-0.99176276	-0.0014775792	2.961491e-20	1
0	0.1274949	-0.99176276	-0.0014775792	0	6.2831855e-06	0	0.1274949	-0.99176276	-0.0014775792	2.9616404e-20	1
0	0.1274949	-0.99176276	-0.0014775792	0	1.2566371e-05	0	0.1274949	-0.99176276	-0.0014775792	2.9618895e-20	1
0	0.1274949	-0.99176276	-0.0014775792	0	2.5132742e-05	0	0.1274949	-0.99176276	-0.0014775792	2.962387e-20	1
0	0.1274949	-0.99176276	-0.0014775792	0	6.283185e-05	0	0.1274949	-0.99176276	-0.0014775792	2.9638802e-20	1
0	0.1274949	-0.99176276	-0.0014775792	0	0.0001256637	0	0.1274949	-0.99176276	-0.0014775792	2.966369e-20	1
0	0.12949109	-0.99150383	-0.0014768431	0	0.0002513274	0	0.12949109	-0.99150383	-0.0014768431	2.9713446e-20	1
0	0.13197249	-0.99117637	-0.0014758869	0	0.0006283185	0	0.13197249	-0.99117637	-0.0014758869	2.9862697e-20	1
0	0.13454911	-0.9908296	-0.0014748514	0	0.0010053096	0	0.13454911	-0.9908296	-0.0014748514	3.0011896e-20	1
0	0.13454911	-0.9908296	-0.0014748514	0	0.001256637	0	0.13454911	-0.9908296	-0.0014748514	3.0111345e-20	1
0	0.14096199	-0.9899368	-0.0014720806	0	0.0018849556	0	0.14096199	-0.9899368	-0.0014720806	3.0359813e-20	1
0	0.14597481	-0.98920953	-0.001469723	0	0.002513274	0	0.14597481	-0.98920953	-0.001469723	3.0608125e-20	1
0	0.15716532	-0.9874921	-0.0014638979	0	0.0037699111	0	0.15716532	-0.9874921	-0.0014638979	3.1104146e-20	1
0	0.18622743	-0.9824221	-0.0014453894	0	0.0062831854	0	0.18622743	-0.9824221	-0.0014453894	3.209298e-20	1
0	0.25172836	-0.96770144	-0.0013875834	0	0.009424778	0	0.25172836	-0.96770144	-0.0013875834	3.331811e-20	1
0	-0.07873475	0.996824	0.0014849987	0	0.012566371	0	-0.07873475	0.996824	0.0014849987	2.462116e-20	1
0	-0.065861225	0.9977584	0.0014821506	0	0.018849555	0	-0.065861225	0.9977584	0.0014821506	2.21186e-20	1
0	-0.056551546	0.9983301	0.0014779508	0	0.025132742	0	-0.056551546	0.9983301	0.0014779508	1.9614196e-20	1
0	-0.044005517	0.99896306	0.0014677478	0	0.03769911	0	-0.044005517	0.99896306	0.0014677478	1.4602284e-20	1
0	-0.0359707	0.9992857	0.0014566414	0	0.050265484	0	-0.0359707	0.9992857	0.0014566414	9.588094e-21	1
0	-0.030399902	0.99947155	0.0014452843	0	0.06283186	0	-0.030399902	0.99947155	0.0014452843	4.5726657e-21	1
