# t (s)	mx ()	my ()	mz ()	B_extx (T)	B_exty (T)	B_extz (T)	mx ()	my ()	mz ()	E_total (J)	branch ()
0	-0.01675668	0.9997941	0.0011154832	0	0.06283186	0	-0.01675668	0.9997941	0.0011154832	4.5510064e-21	-1
0	-0.01978616	0.999738	0.0011315867	0	0.050265484	0	-0.01978616	0.999738	0.0011315867	9.568353e-21	-1
0	-0.02415656	0.99964094	0.0011510514	0	0.03769911	0	-0.02415656	0.99964094	0.0011510514	1.4585324e-20	-1
0	-0.030991595	0.99945146	0.0011765084	0	0.025132742	0	-0.030991595	0.99945146	0.0011765084	1.9601609e-20	-1
0	-0.03607133	0.9992805	0.0011931915	0	0.018849555	0	-0.03607133	0.9992805	0.0011931915	2.2109289e-20	-1
0	-0.043132395	0.99899995	0.001214497	0	0.012566371	0	-0.043132395	0.99899995	0.001214497	2.461641e-20	-1
0	-0.04780256	0.99878705	0.0012277646	0	0.009424778	0	-0.04780256	0.99878705	0.0012277646	2.5869657e-20	-1
0	-0.0536174	0.9984913	0.001243614	0	0.0062831854	0	-0.0536174	0.9984913	0.001243614	2.7122587e-20	-1
0	-0.059363976	0.9981657	0.0012587231	0	0.0037699111	0	-0.059363976	0.9981657	0.0012587231	2.812462e-20	-1
0	-0.06272836	0.99795973	0.0012673531	0	0.002513274	0	-0.06272836	0.99795973	0.0012673531	2.86255e-20	-1
0	-0.06456721	0.9978423	0.0012720069	0	0.0018849556	0	-0.06456721	0.9978423	0.0012720069	2.8875893e-20	-1
0	-0.06648955	0.99771583	0.0012768379	0	0.001256637	0	-0.06648955	0.99771583	0.0012768379	2.912626e-20	-1
0	-0.06648955	0.99771583	0.0012768379	0	0.0010053096	0	-0.06648955	0.99771583	0.0012768379	2.92264e-20	-1
0	-0.06854749	0.9975764	0.0012819598	0	0.0006283185	0	-0.06854749	0.9975764	0.0012819598	2.9376592e-20	-1
0	-0.06985193	0.9974859	0.0012851821	0	0.0002513274	0	-0.06985193	0.9974859	0.0012851821	2.9526784e-20	-1
0	-0.06985193	0.9974859	0.0012851821	0	0.0001256637	0	-0.06985193	0.9974859	0.0012851821	2.957684e-20	-1
0	-0.06985193	0.9974859	0.0012851821	0	6.283185e-05	0	-0.06985193	0.9974859	0.0012851821	2.9601873e-20	-1
0	-0.06985193	0.9974859	0.0012851821	0	2.5132742e-05	0	-0.06985193	0.9974859	0.0012851821	2.961689e-20	-1
0	-0.06985193	0.9974859	0.0012851821	0	1.2566371e-05	0	-0.06985193	0.9974859	0.0012851821	2.9621897e-20	-1
0	-0.06985193	0.9974859	0.0012851821	0	6.2831855e-06	0	-0.06985193	0.9974859	0.0012851821	2.9624398e-20	-1
0	-0.06985193	0.9974859	0.0012851821	0	2.513274e-06	0	-0.06985193	0.9974859	0.0012851821	2.96259e-20	-1
0	-0.06985193	0.9974859	0.0012851821	0	1.256637e-06	0	-0.06985193	0.9974859	0.0012851821	2.96264e-20	-1
0	-0.06985193	0.9974859	0.0012851821	0	6.283185e-07	0	-0.06985193	0.9974859	0.0012851821	2.962665e-20	-1
0	-0.06985193	0.9974859	0.0012851821	0	2.513274e-07	0	-0.06985193	0.9974859	0.0012851821	2.9626802e-20	-1
0	-0.06985193	0.9974859	0.0012851821	0	1.256637e-07	0	-0.06985193	0.9974859	0.0012851821	2.962685e-20	-1
0	-0.06985193	0.9974859	0.0012851821	0	0	0	-0.06985193	0.9974859	0.0012851821	2.9626902e-20	-1
0	-0.06985193	0.9974859	0.0012851821	0	-1.256637e-07	0	-0.06985193	0.9974859	0.0012851821	2.962695e-20	-1
0	-0.06985193	0.9974859	0.0012851821	0	-2.513274e-07	0	-0.06985193	0.9974859	0.0012851821	2.9627002e-20	-1
0	-0.06985193	0.9974859	0.0012851821	0	-6.283185e-07	0	-0.06985193	0.9974859	0.0012851821	2.962715e-20	-1
0	-0.06985193	0.9974859	0.0012851821	0	-1.256637e-06	0	-0.06985193	0.9974859	0.0012851821	2.9627403e-20	-1
0	-0.06985193	0.9974859	0.0012851821	0	-2.513274e-06	0	-0.06985193	0.9974859	0.0012851821	2.9627903e-20	-1
0	-0.06985193	0.9974859	0.0012851821	0	-6.2831855e-06	0	-0.06985193	0.9974859	0.0012851821	2.9629403e-20	-1
0	-0.06985193	0.9974859	0.0012851821	0	-1.2566371e-05	0	-0.06985193	0.9974859	0.0012851821	2.9631907e-20	-1
0	-0.06985193	0.9974859	0.0012851821	0	-2.5132742e-05	0	-0.06985193	0.9974859	0.0012851821	2.9636912e-20	-1
0	-0.07098869	0.9974055	0.001287976	0	-6.283185e-05	0	-0.07098869	0.9974055	0.001287976	2.9651924e-20	-1
0	-0.07098869	0.9974055	0.001287976	0	-0.0001256637	0	-0.07098869	0.9974055	0.001287976	2.9676953e-20	-1
0	-0.07098869	0.9974055	0.001287976	0	-0.0002513274	0	-0.07098869	0.9974055	0.001287976	2.9727007e-20	-1
0	-0.07308191	0.99725413	0.0012930897	0	-0.0006283185	0	-0.07308191	0.99725413	0.0012930897	2.987715e-20	-1
0	-0.074542426	0.9971459	0.0012966356	0	-0.0010053096	0	-0.074542426	0.9971459	0.0012966356	3.002729e-20	-1
0	-0.074542426	0.9971459	0.0012966356	0	-0.001256637	0	-0.074542426	0.9971459	0.0012966356	3.0127372e-20	-1
0	-0.07823849	0.9968625	0.001305515	0	-0.0018849556	0	-0.07823849	0.9968625	0.001305515	3.0377533e-20	-1
0	-0.08111012	0.9966327	0.0013123256	0	-0.002513274	0	-0.08111012	0.9966327	0.0013123256	3.0627642e-20	-1
0	-0.08753379	0.99608856	0.0013273326	0	-0.0037699111	0	-0.08753379	0.99608856	0.0013273326	3.112767e-20	-1
0	-0.10417278	0.99448466	0.0013647507	0	-0.0062831854	0	-0.10417278	0.99448466	0.0013647507	3.212671e-20	-1
0	-0.13825428	0.99031836	0.0014354654	0	-0.009424778	0	-0.13825428	0.99031836	0.0014354654	3.3372204e-20	-1
0	0.9393786	-0.3425625	0.0007424068	0	-0.012566371	0	0.9393786	-0.3425625	0.0007424068	2.6826897e-20	-1
0	0.036082815	-0.9992801	-0.0011932206	0	-0.018849555	0	0.036082815	-0.9992801	-0.0011932206	2.2109289e-20	-1
0	0.030995738	-0.9994514	-0.001176517	0	-0.025132742	0	0.030995738	-0.9994514	-0.001176517	1.9601609e-20	-1
0	0.02416525	-0.9996408	-0.0011510719	0	-0.03769911	0	0.02416525	-0.9996408	-0.0011510719	1.4585325e-20	-1
0	0.019793693	-0.99973774	-0.0011316099	0	-0.050265484	0	0.019793693	-0.99973774	-0.0011316099	9.5683536e-21	-1
0	0.016759029	-0.999794	-0.001115489	0	-0.06283186	0	0.016759029	-0.999794	-0.001115489	4.551009e-21	-1
0	0.016759029	-0.999794	-0.001115489	0	-0.06283186	0	0.016759029	-0.999794	-0.001115489	4.551009e-21	1
0	0.01978973	-0.99973786	-0.0011315977	0	-0.050265484	0	0.01978973	-0.99973786	-0.0011315977	9.568351e-21	1
0	0.024160974	-0.99964094	-0.001151062	0	-0.03769911	0	0.024160974	-0.99964094	-0.001151062	1.4585324e-20	1
0	0.03098815	-0.9994516	-0.0011764951	0	-0.025132742	0	0.03098815	-0.9994516	-0.0011764951	1.9601612e-20	1
0	0.03607795	-0.9992803	-0.0011932093	0	-0.018849555	0	0.03607795	-0.9992803	-0.0011932093	2.210929e-20	1
0	0.043129385	-0.9990001	-0.001214491	0	-0.012566371	0	0.043129385	-0.9990001	-0.001214491	2.4616414e-20	1
0	0.047805425	-0.9987869	-0.0012277717	0	-0.009424778	0	0.047805425	-0.9987869	-0.0012277717	2.5869657e-20	1
0	0.053616717	-0.99849135	-0.0012436127	0	-0.0062831854	0	0.053616717	-0.99849135	-0.0012436127	2.7122583e-20	1
0	0.059370745	-0.99816537	-0.0012587423	0	-0.0037699111	0	0.059370745	-0.99816537	-0.0012587423	2.8124622e-20	1
0	0.062737465	-0.99795914	-0.0012673632	0	-0.002513274	0	0.062737465	-0.99795914	-0.0012673632	2.86255e-20	1
0	0.06456126	-0.99784267	-0.0012719939	0	-0.0018849556	0	0.06456126	-0.99784267	-0.0012719939	2.8875896e-20	1
0	0.06650399	-0.9977149	-0.0012768707	0	-0.001256637	0	0.06650399	-0.9977149	-0.0012768707	2.912626e-20	1
0	0.06650399	-0.9977149	-0.0012768707	0	-0.0010053096	0	0.06650399	-0.9977149	-0.0012768707	2.9226404e-20	1
0	0.068568684	-0.9975749	-0.0012819903	0	-0.0006283185	0	0.068568684	-0.9975749	-0.0012819903	2.9376596e-20	1
0	0.069856524	-0.9974855	-0.0012851942	0	-0.0002513274	0	0.069856524	-0.9974855	-0.0012851942	2.952678e-20	1
0	0.069856524	-0.9974855	-0.0012851942	0	-0.0001256637	0	0.069856524	-0.9974855	-0.0012851942	2.957684e-20	1
0	0.069856524	-0.9974855	-0.0012851942	0	-6.283185e-05	0	0.069856524	-0.9974855	-0.0012851942	2.960187e-20	1
0	0.069856524	-0.9974855	-0.0012851942	0	-2.5132742e-05	0	0.069856524	-0.9974855	-0.0012851942	2.961689e-20	1
0	0.069856524	-0.9974855	-0.0012851942	0	-1.2566371e-05	0	0.069856524	-0.9974855	-0.0012851942	2.9621893e-20	1
0	0.069856524	-0.9974855	-0.0012851942	0	-6.2831855e-06	0	0.069856524	-0.9974855	-0.0012851942	2.9624398e-20	1
0	0.069856524	-0.9974855	-0.0012851942	0	-2.513274e-06	0	0.069856524	-0.9974855	-0.0012851942	2.96259e-20	1
0	0.069856524	-0.9974855	-0.0012851942	0	-1.256637e-06	0	0.069856524	-0.9974855	-0.0012851942	2.9626398e-20	1
0	0.069856524	-0.9974855	-0.0012851942	0	-6.283185e-07	0	0.069856524	-0.9974855	-0.0012851942	2.962665e-20	1
0	0.069856524	-0.9974855	-0.0012851942	0	-2.513274e-07	0	0.069856524	-0.9974855	-0.0012851942	2.96268e-20	1
0	0.069856524	-0.9974855	-0.0012851942	0	-1.256637e-07	0	0.069856524	-0.9974855	-0.0012851942	2.962685e-20	1
0	0.069856524	-0.9974855	-0.0012851942	0	0	0	0.069856524	-0.9974855	-0.0012851942	2.96269e-20	1
0	0.069856524	-0.9974855	-0.0012851942	0	1.256637e-07	0	0.069856524	-0.9974855	-0.0012851942	2.962695e-20	1
0	0.069856524	-0.9974855	-0.0012851942	0	2.513274e-07	0	0.069856524	-0.9974855	-0.0012851942	2.9627e-20	1
0	0.069856524	-0.9974855	-0.0012851942	0	6.283185e-07	0	0.069856524	-0.9974855	-0.0012851942	2.962715e-20	1
0	0.069856524	-0.9974855	-0.0012851942	0	1.256637e-06	0	0.069856524	-0.9974855	-0.0012851942	2.96274e-20	1
0	0.069856524	-0.9974855	-0.0012851942	0	2.513274e-06	0	0.069856524	-0.9974855	-0.0012851942	2.96279e-20	1
0	0.069856524	-0.9974855	-0.0012851942	0	6.2831855e-06	0	0.069856524	-0.9974855	-0.0012851942	2.9629403e-20	1
0	0.069856524	-0.9974855	-0.0012851942	0	1.2566371e-05	0	0.069856524	-0.9974855	-0.0012851942	2.9631907e-20	1
0	0.069856524	-0.9974855	-0.0012851942	0	2.5132742e-05	0	0.069856524	-0.9974855	-0.0012851942	2.9636912e-20	1
0	0.069856524	-0.9974855	-0.0012851942	0	6.283185e-05	0	0.069856524	-0.9974855	-0.0012851942	2.965193e-20	1
0	0.07119052	-0.9973911	-0.0012884733	0	0.0001256637	0	0.07119052	-0.9973911	-0.0012884733	2.967695e-20	1
0	0.07119052	-0.9973911	-0.0012884733	0	0.0002513274	0	0.07119052	-0.9973911	-0.0012884733	2.9727004e-20	1
0	0.07306932	-0.9972551	-0.0012930618	0	0.0006283185	0	0.07306932	-0.9972551	-0.0012930618	2.9877153e-20	1
0	0.07450932	-0.9971484	-0.0012965619	0	0.0010053096	0	0.07450932	-0.9971484	-0.0012965619	3.0027286e-20	1
0	0.07450932	-0.9971484	-0.0012965619	0	0.001256637	0	0.07450932	-0.9971484	-0.0012965619	3.0127372e-20	1
0	0.07823941	-0.9968624	-0.0013055152	0	0.0018849556	0	0.07823941	-0.9968624	-0.0013055152	3.0377536e-20	1
0	0.08110891	-0.9966328	-0.001312325	0	0.002513274	0	0.08110891	-0.9966328	-0.001312325	3.0627642e-20	1
0	0.08752878	-0.996089	-0.0013273217	0	0.0037699111	0	0.08752878	-0.996089	-0.0013273217	3.112767e-20	1
0	0.10417013	-0.9944849	-0.0013647528	0	0.0062831854	0	0.10417013	-0.9944849	-0.0013647528	3.212671e-20	1
0	0.1381551	-0.99033225	-0.0014352759	0	0.009424778	0	0.1381551	-0.99033225	-0.0014352759	3.3372204e-20	1
0	0.91305137	0.40754467	0.00097417174	0	0.012566371	0	0.91305137	0.40754467	0.00097417174	2.6270492e-20	1
0	-0.036081776	0.9992801	0.0011932263	0	0.018849555	0	-0.036081776	0.9992801	0.0011932263	2.210929e-20	1
0	-0.030993683	0.9994514	0.0011765143	0	0.025132742	0	-0.030993683	0.9994514	0.0011765143	1.960161e-20	1
0	-0.024163738	0.9996408	0.0011510685	0	0.03769911	0	-0.024163738	0.9996408	0.0011510685	1.4585325e-20	1
0	-0.019793943	0.99973774	0.0011316091	0	0.050265484	0	-0.019793943	0.99973774	0.0011316091	9.568356e-21	1
0	-0.016758798	0.999794	0.0011154886	0	0.06283186	0	-0.016758798	0.999794	0.0011154886	4.551009e-21	1
