# t (s)	mx ()	my ()	mz ()	B_extx (T)	B_exty (T)	B_extz (T)	mx ()	my ()	mz ()	E_total (J)	branch ()
0	-0.030116022	0.99947184	-0.0038046506	0	0.06283186	0	-0.030116022	0.99947184	-0.0038046506	5.009628e-21	-1
0	-0.041155957	0.99907726	-0.0037467699	0	0.050265484	0	-0.041155957	0.99907726	-0.0037467699	1.0024648e-20	-1
0	-0.064512596	0.9978403	-0.0035672905	0	0.03769911	0	-0.064512596	0.9978403	-0.0035672905	1.5036092e-20	-1
0	-0.1371926	0.9904635	-0.002762814	0	0.025132742	0	-0.1371926	0.9904635	-0.002762814	2.0031453e-20	-1
0	-0.23576832	0.9717164	-0.0012635401	0	0.018849555	0	-0.23576832	0.9717164	-0.0012635401	2.2497817e-20	-1
0	-0.38296884	0.92363334	0.0015724411	0	0.012566371	0	-0.38296884	0.92363334	0.0015724411	2.4882843e-20	-1
0	-0.46220922	0.88661504	0.0032407288	0	0.009424778	0	-0.46220922	0.88661504	0.0032407288	2.601937e-20	-1
0	-0.54255104	0.83983266	0.004898765	0	0.0062831854	0	-0.54255104	0.83983266	0.004898765	2.7103518e-20	-1
0	-0.60869735	0.7931806	0.0061410572	0	0.0037699111	0	-0.60869735	0.7931806	0.0061410572	2.7923853e-20	-1
0	-0.6430664	0.7655711	0.0067083156	0	0.002513274	0	-0.6430664	0.7655711	0.0067083156	2.831512e-20	-1
0	-0.6607535	0.75035477	0.006972188	0	0.0018849556	0	-0.6607535	0.75035477	0.006972188	2.850533e-20	-1
0	-0.6788869	0.7339854	0.007219455	0	0.001256637	0	-0.6788869	0.7339854	0.007219455	2.8691577e-20	-1
0	-0.6788869	0.7339854	0.007219455	0	0.0010053096	0	-0.6788869	0.7339854	0.007219455	2.8765248e-20	-1
0	-0.69763976	0.71618176	0.007447201	0	0.0006283185	0	-0.69763976	0.71618176	0.007447201	2.887354e-20	-1
0	-0.69763976	0.71618176	0.007447201	0	0.0002513274	0	-0.69763976	0.71618176	0.007447201	2.8981365e-20	-1
0	-0.71317637	0.7007099	0.0076117646	0	0.0001256637	0	-0.71317637	0.7007099	0.0076117646	2.9015767e-20	-1
0	-0.71317637	0.7007099	0.0076117646	0	6.283185e-05	0	-0.71317637	0.7007099	0.0076117646	2.903335e-20	-1
0	-0.71317637	0.7007099	0.0076117646	0	2.5132742e-05	0	-0.71317637	0.7007099	0.0076117646	2.90439e-20	-1
0	-0.71317637	0.7007099	0.0076117646	0	1.2566371e-05	0	-0.71317637	0.7007099	0.0076117646	2.9047417e-20	-1
0	-0.71317637	0.7007099	0.0076117646	0	6.2831855e-06	0	-0.71317637	0.7007099	0.0076117646	2.9049174e-20	-1
0	-0.71317637	0.7007099	0.0076117646	0	2.513274e-06	0	-0.71317637	0.7007099	0.0076117646	2.905023e-20	-1
0	-0.71317637	0.7007099	0.0076117646	0	1.256637e-06	0	-0.71317637	0.7007099	0.0076117646	2.9050583e-20	-1
0	-0.71317637	0.7007099	0.0076117646	0	6.283185e-07	0	-0.71317637	0.7007099	0.0076117646	2.9050758e-20	-1
0	-0.71317637	0.7007099	0.0076117646	0	2.513274e-07	0	-0.71317637	0.7007099	0.0076117646	2.9050864e-20	-1
0	-0.71317637	0.7007099	0.0076117646	0	1.256637e-07	0	-0.71317637	0.7007099	0.0076117646	2.90509e-20	-1
0	-0.71317637	0.7007099	0.0076117646	0	0	0	-0.71317637	0.7007099	0.0076117646	2.9050935e-20	-1
0	-0.71317637	0.7007099	0.0076117646	0	-1.256637e-07	0	-0.71317637	0.7007099	0.0076117646	2.9050968e-20	-1
0	-0.71317637	0.7007099	0.0076117646	0	-2.513274e-07	0	-0.71317637	0.7007099	0.0076117646	2.9051003e-20	-1
0	-0.71317637	0.7007099	0.0076117646	0	-6.283185e-07	0	-0.71317637	0.7007099	0.0076117646	2.905111e-20	-1
0	-0.71317637	0.7007099	0.0076117646	0	-1.256637e-06	0	-0.71317637	0.7007099	0.0076117646	2.9051284e-20	-1
0	-0.71317637	0.7007099	0.0076117646	0	-2.513274e-06	0	-0.71317637	0.7007099	0.0076117646	2.9051636e-20	-1
0	-0.71317637	0.7007099	0.0076117646	0	-6.2831855e-06	0	-0.71317637	0.7007099	0.0076117646	2.9052693e-20	-1
0	-0.71317637	0.7007099	0.0076117646	0	-1.2566371e-05	0	-0.71317637	0.7007099	0.0076117646	2.905445e-20	-1
0	-0.71317637	0.7007099	0.0076117646	0	-2.5132742e-05	0	-0.71317637	0.7007099	0.0076117646	2.9057966e-20	-1
0	-0.71317637	0.7007099	0.0076117646	0	-6.283185e-05	0	-0.71317637	0.7007099	0.0076117646	2.9068516e-20	-1
0	-0.71317637	0.7007099	0.0076117646	0	-0.0001256637	0	-0.71317637	0.7007099	0.0076117646	2.90861e-20	-1
0	-0.71317637	0.7007099	0.0076117646	0	-0.0002513274	0	-0.71317637	0.7007099	0.0076117646	2.9121265e-20	-1
0	-0.737615	0.67493486	0.007820485	0	-0.0006283185	0	-0.737615	0.67493486	0.007820485	2.922296e-20	-1
0	-0.737615	0.67493486	0.007820485	0	-0.0010053096	0	-0.737615	0.67493486	0.007820485	2.9324577e-20	-1
0	-0.7594739	0.6502407	0.007947987	0	-0.001256637	0	-0.7594739	0.6502407	0.007947987	2.9389284e-20	-1
0	-0.7833668	0.62125194	0.008013159	0	-0.0018849556	0	-0.7833668	0.62125194	0.008013159	2.9548908e-20	-1
0	-0.8107827	0.5850282	0.0079759285	0	-0.002513274	0	-0.8107827	0.5850282	0.0079759285	2.970044e-20	-1
0	-0.6935228	-0.72019386	-0.0044691926	0	-0.0037699111	0	-0.6935228	-0.72019386	-0.0044691926	2.8150087e-20	-1
0	-0.6104481	-0.7918532	-0.002468849	0	-0.0062831854	0	-0.6104481	-0.7918532	-0.002468849	2.7390577e-20	-1
0	-0.4816937	-0.8761827	0.00042730122	0	-0.009424778	0	-0.4816937	-0.8761827	0.00042730122	2.6344336e-20	-1
0	0.38304555	-0.9236015	-0.0015740481	0	-0.012566371	0	0.38304555	-0.9236015	-0.0015740481	2.4882843e-20	-1
0	0.23578826	-0.9717115	0.0012631943	0	-0.018849555	0	0.23578826	-0.9717115	0.0012631943	2.2497818e-20	-1
0	0.13726568	-0.99045336	0.0027618418	0	-0.025132742	0	0.13726568	-0.99045336	0.0027618418	2.0031455e-20	-1
0	0.06453098	-0.9978391	0.0035671527	0	-0.03769911	0	0.06453098	-0.9978391	0.0035671527	1.5036093e-20	-1
0	0.041158993	-0.99907714	0.0037467442	0	-0.050265484	0	0.041158993	-0.99907714	0.0037467442	1.00246495e-20	-1
0	0.030123116	-0.99947166	0.0038045966	0	-0.06283186	0	0.030123116	-0.99947166	0.0038045966	5.0096295e-21	-1
0	0.030123116	-0.99947166	0.0038045966	0	-0.06283186	0	0.030123116	-0.99947166	0.0038045966	5.0096295e-21	1
0	0.041151933	-0.99907744	0.0037468034	0	-0.050265484	0	0.041151933	-0.99907744	0.0037468034	1.0024649e-20	1
0	0.06451294	-0.9978403	0.0035672926	0	-0.03769911	0	0.06451294	-0.9978403	0.0035672926	1.5036092e-20	1
0	0.13722518	-0.9904591	0.00276238	0	-0.025132742	0	0.13722518	-0.9904591	0.00276238	2.0031452e-20	1
0	0.23584148	-0.97169864	0.0012622715	0	-0.018849555	0	0.23584148	-0.97169864	0.0012622715	2.2497815e-20	1
0	0.38294172	-0.92364454	-0.0015718732	0	-0.012566371	0	0.38294172	-0.92364454	-0.0015718732	2.4882847e-20	1
0	0.46217883	-0.8866309	-0.0032400773	0	-0.009424778	0	0.46217883	-0.8866309	-0.0032400773	2.6019367e-20	1
0	0.5425336	-0.839844	-0.004898417	0	-0.0062831854	0	0.5425336	-0.839844	-0.004898417	2.7103523e-20	1
0	0.6086829	-0.7931917	-0.006140803	0	-0.0037699111	0	0.6086829	-0.7931917	-0.006140803	2.7923853e-20	1
0	0.64305115	-0.765584	-0.006708078	0	-0.002513274	0	0.64305115	-0.765584	-0.006708078	2.831512e-20	1
0	0.6607598	-0.75034916	-0.0069722785	0	-0.0018849556	0	0.6607598	-0.75034916	-0.0069722785	2.850533e-20	1
0	0.6788832	-0.73398876	-0.0072194077	0	-0.001256637	0	0.6788832	-0.73398876	-0.0072194077	2.8691577e-20	1
0	0.6788832	-0.73398876	-0.0072194077	0	-0.0010053096	0	0.6788832	-0.73398876	-0.0072194077	2.8765248e-20	1
0	0.69763076	-0.71619046	-0.0074470993	0	-0.0006283185	0	0.69763076	-0.71619046	-0.0074470993	2.887354e-20	1
0	0.69763076	-0.71619046	-0.0074470993	0	-0.0002513274	0	0.69763076	-0.71619046	-0.0074470993	2.8981365e-20	1
0	0.7131628	-0.70072377	-0.0076116305	0	-0.0001256637	0	0.7131628	-0.70072377	-0.0076116305	2.901577e-20	1
0	0.7131628	-0.70072377	-0.0076116305	0	-6.283185e-05	0	0.7131628	-0.70072377	-0.0076116305	2.903335e-20	1
0	0.7131628	-0.70072377	-0.0076116305	0	-2.5132742e-05	0	0.7131628	-0.70072377	-0.0076116305	2.90439e-20	1
0	0.7131628	-0.70072377	-0.0076116305	0	-1.2566371e-05	0	0.7131628	-0.70072377	-0.0076116305	2.904742e-20	1
0	0.7131628	-0.70072377	-0.0076116305	0	-6.2831855e-06	0	0.7131628	-0.70072377	-0.0076116305	2.9049178e-20	1
0	0.7131628	-0.70072377	-0.0076116305	0	-2.513274e-06	0	0.7131628	-0.70072377	-0.0076116305	2.905023e-20	1
0	0.7131628	-0.70072377	-0.0076116305	0	-1.256637e-06	0	0.7131628	-0.70072377	-0.0076116305	2.9050583e-20	1
0	0.7131628	-0.70072377	-0.0076116305	0	-6.283185e-07	0	0.7131628	-0.70072377	-0.0076116305	2.905076e-20	1
0	0.7131628	-0.70072377	-0.0076116305	0	-2.513274e-07	0	0.7131628	-0.70072377	-0.0076116305	2.9050864e-20	1
0	0.7131628	-0.70072377	-0.0076116305	0	-1.256637e-07	0	0.7131628	-0.70072377	-0.0076116305	2.90509e-20	1
0	0.7131628	-0.70072377	-0.0076116305	0	0	0	0.7131628	-0.70072377	-0.0076116305	2.9050935e-20	1
0	0.7131628	-0.70072377	-0.0076116305	0	1.256637e-07	0	0.7131628	-0.70072377	-0.0076116305	2.905097e-20	1
0	0.7131628	-0.70072377	-0.0076116305	0	2.513274e-07	0	0.7131628	-0.70072377	-0.0076116305	2.9051006e-20	1
0	0.7131628	-0.70072377	-0.0076116305	0	6.283185e-07	0	0.7131628	-0.70072377	-0.0076116305	2.9051113e-20	1
0	0.7131628	-0.70072377	-0.0076116305	0	1.256637e-06	0	0.7131628	-0.70072377	-0.0076116305	2.9051288e-20	1
0	0.7131628	-0.70072377	-0.0076116305	0	2.513274e-06	0	0.7131628	-0.70072377	-0.0076116305	2.905164e-20	1
0	0.7131628	-0.70072377	-0.0076116305	0	6.2831855e-06	0	0.7131628	-0.70072377	-0.0076116305	2.9052693e-20	1
0	0.7131628	-0.70072377	-0.0076116305	0	1.2566371e-05	0	0.7131628	-0.70072377	-0.0076116305	2.905445e-20	1
0	0.7131628	-0.70072377	-0.0076116305	0	2.5132742e-05	0	0.7131628	-0.70072377	-0.0076116305	2.905797e-20	1
0	0.7131628	-0.70072377	-0.0076116305	0	6.283185e-05	0	0.7131628	-0.70072377	-0.0076116305	2.906852e-20	1
0	0.7131628	-0.70072377	-0.0076116305	0	0.0001256637	0	0.7131628	-0.70072377	-0.0076116305	2.90861e-20	1
0	0.7131628	-0.70072377	-0.0076116305	0	0.0002513274	0	0.7131628	-0.70072377	-0.0076116305	2.9121268e-20	1
0	0.73767555	-0.6748686	-0.007820917	0	0.0006283185	0	0.73767555	-0.6748686	-0.007820917	2.9222963e-20	1
0	0.73767555	-0.6748686	-0.007820917	0	0.0010053096	0	0.73767555	-0.6748686	-0.007820917	2.9324567e-20	1
0	0.7594742	-0.6502403	-0.007947989	0	0.001256637	0	0.7594742	-0.6502403	-0.007947989	2.938928e-20	1
0	0.78339374	-0.62121797	-0.008013182	0	0.0018849556	0	0.78339374	-0.62121797	-0.008013182	2.9548908e-20	1
0	0.8108189	-0.5849781	-0.007975789	0	0.002513274	0	0.8108189	-0.5849781	-0.007975789	2.970044e-20	1
0	0.6935209	0.7201958	0.004469147	0	0.0037699111	0	0.6935209	0.7201958	0.004469147	2.8150087e-20	1
0	0.6104454	0.79185534	0.0024687839	0	0.0062831854	0	0.6104454	0.79185534	0.0024687839	2.7390574e-20	1
0	0.4816265	0.87621963	-0.0004286841	0	0.009424778	0	0.4816265	0.87621963	-0.0004286841	2.6344336e-20	1
0	-0.38295507	0.92363906	0.0015721531	0	0.012566371	0	-0.38295507	0.92363906	0.0015721531	2.4882843e-20	1
0	-0.23584616	0.9716975	-0.00126219	0	0.018849555	0	-0.23584616	0.9716975	-0.00126219	2.2497818e-20	1
0	-0.13726684	0.99045324	-0.0027618264	0	0.025132742	0	-0.13726684	0.99045324	-0.0027618264	2.0031453e-20	1
0	-0.064531505	0.99783903	-0.003567107	0	0.03769911	0	-0.064531505	0.99783903	-0.003567107	1.5036095e-20	1
0	-0.04116995	0.9990767	-0.0037466506	0	0.050265484	0	-0.04116995	0.9990767	-0.0037466506	1.0024652e-20	1
0	-0.030116793	0.9994718	-0.003804645	0	0.06283186	0	-0.030116793	0.9994718	-0.003804645	5.009631e-21	1
