# t (s)	mx ()	my ()	mz ()	B_extx (T)	B_exty (T)	B_extz (T)	mx ()	my ()	mz ()	E_total (J)	branch ()
0	-0.024023224	0.9996457	-0.0011563619	0	0.06283186	0	-0.024023224	0.9996457	-0.0011563619	4.561041e-21	-1
0	-0.028401751	0.99952996	-0.0011774411	0	0.050265484	0	-0.028401751	0.99952996	-0.0011774411	9.577509e-21	-1
0	-0.03470962	0.9993299	-0.0012039696	0	0.03769911	0	-0.03470962	0.9993299	-0.0012039696	1.4593203e-20	-1
0	-0.04457712	0.99893725	-0.0012403121	0	0.025132742	0	-0.04457712	0.99893725	-0.0012403121	1.9607481e-20	-1
0	-0.051930442	0.9985813	-0.0012650215	0	0.018849555	0	-0.051930442	0.9985813	-0.0012650215	2.2113654e-20	-1
0	-0.062105536	0.9979993	-0.0012971859	0	0.012566371	0	-0.062105536	0.9979993	-0.0012971859	2.4618679e-20	-1
0	-0.068838194	0.9975569	-0.0013175322	0	0.009424778	0	-0.068838194	0.9975569	-0.0013175322	2.5870534e-20	-1
0	-0.07716574	0.9969467	-0.0013419201	0	0.0062831854	0	-0.07716574	0.9969467	-0.0013419201	2.712173e-20	-1
0	-0.08540827	0.99627364	-0.0013653504	0	0.0037699111	0	-0.08540827	0.99627364	-0.0013653504	2.8122047e-20	-1
0	-0.09022203	0.9958488	-0.0013787497	0	0.002513274	0	-0.09022203	0.9958488	-0.0013787497	2.8621923e-20	-1
0	-0.092829995	0.9956088	-0.0013859256	0	0.0018849556	0	-0.092829995	0.9956088	-0.0013859256	2.8871776e-20	-1
0	-0.0956008	0.99534637	-0.0013934892	0	0.001256637	0	-0.0956008	0.99534637	-0.0013934892	2.912157e-20	-1
0	-0.0956008	0.99534637	-0.0013934892	0	0.0010053096	0	-0.0956008	0.99534637	-0.0013934892	2.922147e-20	-1
0	-0.09853021	0.9950604	-0.0014014217	0	0.0006283185	0	-0.09853021	0.9950604	-0.0014014217	2.9371287e-20	-1
0	-0.10037982	0.9948753	-0.0014063993	0	0.0002513274	0	-0.10037982	0.9948753	-0.0014063993	2.9521087e-20	-1
0	-0.10037982	0.9948753	-0.0014063993	0	0.0001256637	0	-0.10037982	0.9948753	-0.0014063993	2.9571015e-20	-1
0	-0.10037982	0.9948753	-0.0014063993	0	6.283185e-05	0	-0.10037982	0.9948753	-0.0014063993	2.959598e-20	-1
0	-0.10037982	0.9948753	-0.0014063993	0	2.5132742e-05	0	-0.10037982	0.9948753	-0.0014063993	2.961096e-20	-1
0	-0.10037982	0.9948753	-0.0014063993	0	1.2566371e-05	0	-0.10037982	0.9948753	-0.0014063993	2.961595e-20	-1
0	-0.10037982	0.9948753	-0.0014063993	0	6.2831855e-06	0	-0.10037982	0.9948753	-0.0014063993	2.961845e-20	-1
0	-0.10037982	0.9948753	-0.0014063993	0	2.513274e-06	0	-0.10037982	0.9948753	-0.0014063993	2.9619945e-20	-1
0	-0.10037982	0.9948753	-0.0014063993	0	1.256637e-06	0	-0.10037982	0.9948753	-0.0014063993	2.9620446e-20	-1
0	-0.10037982	0.9948753	-0.0014063993	0	6.283185e-07	0	-0.10037982	0.9948753	-0.0014063993	2.9620695e-20	-1
0	-0.10037982	0.9948753	-0.0014063993	0	2.513274e-07	0	-0.10037982	0.9948753	-0.0014063993	2.9620843e-20	-1
0	-0.10037982	0.9948753	-0.0014063993	0	1.256637e-07	0	-0.10037982	0.9948753	-0.0014063993	2.9620895e-20	-1
0	-0.10037982	0.9948753	-0.0014063993	0	0	0	-0.10037982	0.9948753	-0.0014063993	2.9620944e-20	-1
0	-0.10037982	0.9948753	-0.0014063993	0	-1.256637e-07	0	-0.10037982	0.9948753	-0.0014063993	2.9620995e-20	-1
0	-0.10037982	0.9948753	-0.0014063993	0	-2.513274e-07	0	-0.10037982	0.9948753	-0.0014063993	2.9621044e-20	-1
0	-0.10037982	0.9948753	-0.0014063993	0	-6.283185e-07	0	-0.10037982	0.9948753	-0.0014063993	2.9621196e-20	-1
0	-0.10037982	0.9948753	-0.0014063993	0	-1.256637e-06	0	-0.10037982	0.9948753	-0.0014063993	2.9621444e-20	-1
0	-0.10037982	0.9948753	-0.0014063993	0	-2.513274e-06	0	-0.10037982	0.9948753	-0.0014063993	2.9621942e-20	-1
0	-0.10037982	0.9948753	-0.0014063993	0	-6.2831855e-06	0	-0.10037982	0.9948753	-0.0014063993	2.962344e-20	-1
0	-0.10037982	0.9948753	-0.0014063993	0	-1.2566371e-05	0	-0.10037982	0.9948753	-0.0014063993	2.9625936e-20	-1
0	-0.10037982	0.9948753	-0.0014063993	0	-2.5132742e-05	0	-0.10037982	0.9948753	-0.0014063993	2.963093e-20	-1
0	-0.10198274	0.9947121	-0.001410687	0	-6.283185e-05	0	-0.10198274	0.9947121	-0.001410687	2.9645895e-20	-1
0	-0.10198274	0.9947121	-0.001410687	0	-0.0001256637	0	-0.10198274	0.9947121	-0.001410687	2.9670855e-20	-1
0	-0.10198274	0.9947121	-0.001410687	0	-0.0002513274	0	-0.10198274	0.9947121	-0.001410687	2.9720774e-20	-1
0	-0.10499832	0.99439806	-0.0014187044	0	-0.0006283185	0	-0.10499832	0.99439806	-0.0014187044	2.98705e-20	-1
0	-0.10709629	0.9941741	-0.0014242423	0	-0.0010053096	0	-0.10709629	0.9941741	-0.0014242423	3.0020194e-20	-1
0	-0.10709629	0.9941741	-0.0014242423	0	-0.001256637	0	-0.10709629	0.9941741	-0.0014242423	3.011998e-20	-1
0	-0.11234541	0.99359405	-0.0014379658	0	-0.0018849556	0	-0.11234541	0.99359405	-0.0014379658	3.0369345e-20	-1
0	-0.116454005	0.99312055	-0.001448566	0	-0.002513274	0	-0.116454005	0.99312055	-0.001448566	3.0618604e-20	-1
0	-0.12563948	0.9919994	-0.0014718436	0	-0.0037699111	0	-0.12563948	0.9919994	-0.0014718436	3.111673e-20	-1
0	-0.1495407	0.98867595	-0.001529689	0	-0.0062831854	0	-0.1495407	0.98867595	-0.001529689	3.2110883e-20	-1
0	-0.20153134	0.97939444	-0.0016414402	0	-0.009424778	0	-0.20153134	0.97939444	-0.0016414402	3.334651e-20	-1
0	-0.9051114	-0.42487866	0.00111435	0	-0.012566371	0	-0.9051114	-0.42487866	0.00111435	2.6148822e-20	-1
0	0.05192789	-0.9985814	0.0012650148	0	-0.018849555	0	0.05192789	-0.9985814	0.0012650148	2.2113653e-20	-1
0	0.04458211	-0.998937	0.0012403212	0	-0.025132742	0	0.04458211	-0.998937	0.0012403212	1.9607483e-20	-1
0	0.034717433	-0.9993296	0.00120399	0	-0.03769911	0	0.034717433	-0.9993296	0.00120399	1.4593198e-20	-1
0	0.02840237	-0.99952996	0.0011774437	0	-0.050265484	0	0.02840237	-0.99952996	0.0011774437	9.577507e-21	-1
0	0.024024997	-0.99964565	0.001156367	0	-0.06283186	0	0.024024997	-0.99964565	0.001156367	4.5610428e-21	-1
0	0.024024997	-0.99964565	0.001156367	0	-0.06283186	0	0.024024997	-0.99964565	0.001156367	4.5610428e-21	1
0	0.028401561	-0.99952996	0.0011774412	0	-0.050265484	0	0.028401561	-0.99952996	0.0011774412	9.577505e-21	1
0	0.03471057	-0.9993299	0.0012039836	0	-0.03769911	0	0.03471057	-0.9993299	0.0012039836	1.4593203e-20	1
0	0.044579066	-0.9989372	0.0012403157	0	-0.025132742	0	0.044579066	-0.9989372	0.0012403157	1.960748e-20	1
0	0.05191671	-0.998582	0.0012649838	0	-0.018849555	0	0.05191671	-0.998582	0.0012649838	2.2113651e-20	1
0	0.062107682	-0.9979991	0.0012971929	0	-0.012566371	0	0.062107682	-0.9979991	0.0012971929	2.461868e-20	1
0	0.06884165	-0.9975567	0.001317544	0	-0.009424778	0	0.06884165	-0.9975567	0.001317544	2.5870532e-20	1
0	0.07716797	-0.99694645	0.0013419332	0	-0.0062831854	0	0.07716797	-0.99694645	0.0013419332	2.712173e-20	1
0	0.085409865	-0.9962735	0.0013653722	0	-0.0037699111	0	0.085409865	-0.9962735	0.0013653722	2.8122047e-20	1
0	0.09022058	-0.9958489	0.0013787441	0	-0.002513274	0	0.09022058	-0.9958489	0.0013787441	2.8621923e-20	1
0	0.092829645	-0.9956089	0.0013859259	0	-0.0018849556	0	0.092829645	-0.9956089	0.0013859259	2.8871776e-20	1
0	0.09559794	-0.99534667	0.0013934833	0	-0.001256637	0	0.09559794	-0.99534667	0.0013934833	2.9121566e-20	1
0	0.09559794	-0.99534667	0.0013934833	0	-0.0010053096	0	0.09559794	-0.99534667	0.0013934833	2.922147e-20	1
0	0.09854169	-0.99505925	0.0014014526	0	-0.0006283185	0	0.09854169	-0.99505925	0.0014014526	2.9371287e-20	1
0	0.10040237	-0.99487305	0.0014064554	0	-0.0002513274	0	0.10040237	-0.99487305	0.0014064554	2.9521084e-20	1
0	0.10040237	-0.99487305	0.0014064554	0	-0.0001256637	0	0.10040237	-0.99487305	0.0014064554	2.9571012e-20	1
0	0.10040237	-0.99487305	0.0014064554	0	-6.283185e-05	0	0.10040237	-0.99487305	0.0014064554	2.9595976e-20	1
0	0.10040237	-0.99487305	0.0014064554	0	-2.5132742e-05	0	0.10040237	-0.99487305	0.0014064554	2.9610956e-20	1
0	0.10040237	-0.99487305	0.0014064554	0	-1.2566371e-05	0	0.10040237	-0.99487305	0.0014064554	2.9615948e-20	1
0	0.10040237	-0.99487305	0.0014064554	0	-6.2831855e-06	0	0.10040237	-0.99487305	0.0014064554	2.9618443e-20	1
0	0.10040237	-0.99487305	0.0014064554	0	-2.513274e-06	0	0.10040237	-0.99487305	0.0014064554	2.9619942e-20	1
0	0.10040237	-0.99487305	0.0014064554	0	-1.256637e-06	0	0.10040237	-0.99487305	0.0014064554	2.962044e-20	1
0	0.10040237	-0.99487305	0.0014064554	0	-6.283185e-07	0	0.10040237	-0.99487305	0.0014064554	2.962069e-20	1
0	0.10040237	-0.99487305	0.0014064554	0	-2.513274e-07	0	0.10040237	-0.99487305	0.0014064554	2.962084e-20	1
0	0.10040237	-0.99487305	0.0014064554	0	-1.256637e-07	0	0.10040237	-0.99487305	0.0014064554	2.9620892e-20	1
0	0.10040237	-0.99487305	0.0014064554	0	0	0	0.10040237	-0.99487305	0.0014064554	2.962094e-20	1
0	0.10040237	-0.99487305	0.0014064554	0	1.256637e-07	0	0.10040237	-0.99487305	0.0014064554	2.962099e-20	1
0	0.10040237	-0.99487305	0.0014064554	0	2.513274e-07	0	0.10040237	-0.99487305	0.0014064554	2.962104e-20	1
0	0.10040237	-0.99487305	0.0014064554	0	6.283185e-07	0	0.10040237	-0.99487305	0.0014064554	2.962119e-20	1
0	0.10040237	-0.99487305	0.0014064554	0	1.256637e-06	0	0.10040237	-0.99487305	0.0014064554	2.962144e-20	1
0	0.10040237	-0.99487305	0.0014064554	0	2.513274e-06	0	0.10040237	-0.99487305	0.0014064554	2.962194e-20	1
0	0.10040237	-0.99487305	0.0014064554	0	6.2831855e-06	0	0.10040237	-0.99487305	0.0014064554	2.9623438e-20	1
0	0.10040237	-0.99487305	0.0014064554	0	1.2566371e-05	0	0.10040237	-0.99487305	0.0014064554	2.9625932e-20	1
0	0.10040237	-0.99487305	0.0014064554	0	2.5132742e-05	0	0.10040237	-0.99487305	0.0014064554	2.9630925e-20	1
0	0.10200591	-0.9947098	0.0014107453	0	6.283185e-05	0	0.10200591	-0.9947098	0.0014107453	2.9645895e-20	1
0	0.10200591	-0.9947098	0.0014107453	0	0.0001256637	0	0.10200591	-0.9947098	0.0014107453	2.9670855e-20	1
0	0.10200591	-0.9947098	0.0014107453	0	0.0002513274	0	0.10200591	-0.9947098	0.0014107453	2.9720774e-20	1
0	0.10497509	-0.9944005	0.0014186469	0	0.0006283185	0	0.10497509	-0.9944005	0.0014186469	2.9870497e-20	1
0	0.10708809	-0.99417496	0.0014242238	0	0.0010053096	0	0.10708809	-0.99417496	0.0014242238	3.0020194e-20	1
0	0.10708809	-0.99417496	0.0014242238	0	0.001256637	0	0.10708809	-0.99417496	0.0014242238	3.011998e-20	1
0	0.11235142	-0.99359345	0.0014379807	0	0.0018849556	0	0.11235142	-0.99359345	0.0014379807	3.0369345e-20	1
0	0.116416104	-0.99312496	0.0014484732	0	0.002513274	0	0.116416104	-0.99312496	0.0014484732	3.0618604e-20	1
0	0.12561952	-0.9920019	0.0014717954	0	0.0037699111	0	0.12561952	-0.9920019	0.0014717954	3.111673e-20	1
0	0.14954185	-0.9886758	0.0015296913	0	0.0062831854	0	0.14954185	-0.9886758	0.0015296913	3.2110886e-20	1
0	0.20152631	-0.97939545	0.0016414316	0	0.009424778	0	0.20152631	-0.97939545	0.0016414316	3.334651e-20	1
0	-0.062119573	0.99799836	-0.001297223	0	0.012566371	0	-0.062119573	0.99799836	-0.001297223	2.461868e-20	1
0	-0.05193628	0.99858105	-0.0012650364	0	0.018849555	0	-0.05193628	0.99858105	-0.0012650364	2.2113654e-20	1
0	-0.044585012	0.9989369	-0.0012403333	0	0.025132742	0	-0.044585012	0.9989369	-0.0012403333	1.960748e-20	1
0	-0.034715787	0.9993297	-0.0012039852	0	0.03769911	0	-0.034715787	0.9993297	-0.0012039852	1.4593203e-20	1
0	-0.028407823	0.99952984	-0.0011774597	0	0.050265484	0	-0.028407823	0.99952984	-0.0011774597	9.577507e-21	1
0	-0.024025686	0.99964565	-0.0011563683	0	0.06283186	0	-0.024025686	0.99964565	-0.0011563683	4.5610424e-21	1
