# t (s)	mx ()	my ()	mz ()	B_extx (T)	B_exty (T)	B_extz (T)	mx ()	my ()	mz ()	E_total (J)	branch ()
0	-0.0750077	0.99711275	0.0015987235	0	0.06283186	0	-0.0750077	0.99711275	0.0015987235	5.0977517e-21	-1
0	-0.097308785	0.9951819	0.0015713759	0	0.050265484	0	-0.097308785	0.9951819	0.0015713759	1.0097513e-20	-1
0	-0.13405097	0.99089813	0.0014974668	0	0.03769911	0	-0.13405097	0.99089813	0.0014974668	1.5082598e-20	-1
0	-0.19703361	0.9803119	0.0013051955	0	0.025132742	0	-0.19703361	0.9803119	0.0013051955	2.0032944e-20	-1
0	-0.24317004	0.96989083	0.0011197791	0	0.018849555	0	-0.24317004	0.96989083	0.0011197791	2.248073e-20	-1
0	-0.3015684	0.95333946	0.00083907763	0	0.012566371	0	-0.3015684	0.95333946	0.00083907763	2.4895243e-20	-1
0	-0.3360994	0.9417132	0.0006524479	0	0.009424778	0	-0.3360994	0.9417132	0.0006524479	2.6084315e-20	-1
0	-0.37490475	0.92693985	0.00042767846	0	0.0062831854	0	-0.37490475	0.92693985	0.00042767846	2.7256913e-20	-1
0	-0.40972966	0.91207373	0.00021514212	0	0.0037699111	0	-0.40972966	0.91207373	0.00021514212	2.8180082e-20	-1
0	-0.4287148	0.903301	9.598477e-05	0	0.002513274	0	-0.4287148	0.903301	9.598477e-05	2.8635652e-20	-1
0	-0.43870336	0.89849	3.2575084e-05	0	0.0018849556	0	-0.43870336	0.89849	3.2575084e-05	2.8861708e-20	-1
0	-0.4489893	0.89339197	-3.3133307e-05	0	0.001256637	0	-0.4489893	0.89339197	-3.3133307e-05	2.908653e-20	-1
0	-0.45325768	0.8912331	-6.050856e-05	0	0.0010053096	0	-0.45325768	0.8912331	-6.050856e-05	2.9176098e-20	-1
0	-0.45973366	0.8879083	-0.000102134305	0	0.0006283185	0	-0.45973366	0.8879083	-0.000102134305	2.9310024e-20	-1
0	-0.46637493	0.8844365	-0.00014492472	0	0.0002513274	0	-0.46637493	0.8844365	-0.00014492472	2.9443445e-20	-1
0	-0.46637493	0.8844365	-0.00014492472	0	0.0001256637	0	-0.46637493	0.8844365	-0.00014492472	2.948783e-20	-1
0	-0.46637493	0.8844365	-0.00014492472	0	6.283185e-05	0	-0.46637493	0.8844365	-0.00014492472	2.9510024e-20	-1
0	-0.46637493	0.8844365	-0.00014492472	0	2.5132742e-05	0	-0.46637493	0.8844365	-0.00014492472	2.952334e-20	-1
0	-0.46637493	0.8844365	-0.00014492472	0	1.2566371e-05	0	-0.46637493	0.8844365	-0.00014492472	2.9527776e-20	-1
0	-0.46637493	0.8844365	-0.00014492472	0	6.2831855e-06	0	-0.46637493	0.8844365	-0.00014492472	2.9529996e-20	-1
0	-0.46637493	0.8844365	-0.00014492472	0	2.513274e-06	0	-0.46637493	0.8844365	-0.00014492472	2.9531327e-20	-1
0	-0.46637493	0.8844365	-0.00014492472	0	1.256637e-06	0	-0.46637493	0.8844365	-0.00014492472	2.953177e-20	-1
0	-0.46637493	0.8844365	-0.00014492472	0	6.283185e-07	0	-0.46637493	0.8844365	-0.00014492472	2.9531993e-20	-1
0	-0.46637493	0.8844365	-0.00014492472	0	2.513274e-07	0	-0.46637493	0.8844365	-0.00014492472	2.9532125e-20	-1
0	-0.46637493	0.8844365	-0.00014492472	0	1.256637e-07	0	-0.46637493	0.8844365	-0.00014492472	2.953217e-20	-1
0	-0.46637493	0.8844365	-0.00014492472	0	0	0	-0.46637493	0.8844365	-0.00014492472	2.9532215e-20	-1
0	-0.46637493	0.8844365	-0.00014492472	0	-1.256637e-07	0	-0.46637493	0.8844365	-0.00014492472	2.953226e-20	-1
0	-0.46637493	0.8844365	-0.00014492472	0	-2.513274e-07	0	-0.46637493	0.8844365	-0.00014492472	2.9532303e-20	-1
0	-0.46637493	0.8844365	-0.00014492472	0	-6.283185e-07	0	-0.46637493	0.8844365	-0.00014492472	2.953244e-20	-1
0	-0.46637493	0.8844365	-0.00014492472	0	-1.256637e-06	0	-0.46637493	0.8844365	-0.00014492472	2.9532658e-20	-1
0	-0.46637493	0.8844365	-0.00014492472	0	-2.513274e-06	0	-0.46637493	0.8844365	-0.00014492472	2.9533104e-20	-1
0	-0.46637493	0.8844365	-0.00014492472	0	-6.2831855e-06	0	-0.46637493	0.8844365	-0.00014492472	2.9534435e-20	-1
0	-0.46637493	0.8844365	-0.00014492472	0	-1.2566371e-05	0	-0.46637493	0.8844365	-0.00014492472	2.9536655e-20	-1
0	-0.46637493	0.8844365	-0.00014492472	0	-2.5132742e-05	0	-0.46637493	0.8844365	-0.00014492472	2.954109e-20	-1
0	-0.46637493	0.8844365	-0.00014492472	0	-6.283185e-05	0	-0.46637493	0.8844365	-0.00014492472	2.9554407e-20	-1
0	-0.47316712	0.8808199	-0.00018876852	0	-0.0001256637	0	-0.47316712	0.8808199	-0.00018876852	2.957633e-20	-1
0	-0.47316712	0.8808199	-0.00018876852	0	-0.0002513274	0	-0.47316712	0.8808199	-0.00018876852	2.9620533e-20	-1
0	-0.48253775	0.8757193	-0.00024934538	0	-0.0006283185	0	-0.48253775	0.8757193	-0.00024934538	2.975264e-20	-1
0	-0.4898078	0.87167215	-0.00029637187	0	-0.0010053096	0	-0.4898078	0.87167215	-0.00029637187	2.9884178e-20	-1
0	-0.49479336	0.8688508	-0.00032861804	0	-0.001256637	0	-0.49479336	0.8688508	-0.00032861804	2.9971523e-20	-1
0	-0.50772655	0.8613541	-0.00041216367	0	-0.0018849556	0	-0.50772655	0.8613541	-0.00041216367	3.0188612e-20	-1
0	-0.52150637	0.8530786	-0.0005008263	0	-0.002513274	0	-0.52150637	0.8530786	-0.0005008263	3.040372e-20	-1
0	-0.5524086	0.83339405	-0.00069704955	0	-0.0037699111	0	-0.5524086	0.83339405	-0.00069704955	3.0827102e-20	-1
0	-0.6533253	0.75686157	-0.0012760437	0	-0.0062831854	0	-0.6533253	0.75686157	-0.0012760437	3.163326e-20	-1
0	0.9711344	0.23814094	-0.0030753226	0	-0.009424778	0	0.9711344	0.23814094	-0.0030753226	2.871899e-20	-1
0	0.3015809	-0.9533355	-0.0008390113	0	-0.012566371	0	0.3015809	-0.9533355	-0.0008390113	2.4895246e-20	-1
0	0.24317032	-0.9698907	-0.0011197658	0	-0.018849555	0	0.24317032	-0.9698907	-0.0011197658	2.248073e-20	-1
0	0.19705379	-0.9803078	-0.001305119	0	-0.025132742	0	0.19705379	-0.9803078	-0.001305119	2.0032943e-20	-1
0	0.13405469	-0.99089766	-0.0014974519	0	-0.03769911	0	0.13405469	-0.99089766	-0.0014974519	1.5082596e-20	-1
0	0.097312406	-0.99518156	-0.0015713682	0	-0.050265484	0	0.097312406	-0.99518156	-0.0015713682	1.0097511e-20	-1
0	0.07501647	-0.99711215	-0.0015987074	0	-0.06283186	0	0.07501647	-0.99711215	-0.0015987074	5.097755e-21	-1
0	0.07501059	-0.99711263	-0.0015987161	0	-0.06283186	0	0.07501059	-0.99711263	-0.0015987161	5.0977513e-21	1
0	0.09729691	-0.9951831	-0.0015714006	0	-0.050265484	0	0.09729691	-0.9951831	-0.0015714006	1.0097508e-20	1
0	0.13404861	-0.9908985	-0.0014974704	0	-0.03769911	0	0.13404861	-0.9908985	-0.0014974704	1.5082596e-20	1
0	0.19703126	-0.98031235	-0.0013052062	0	-0.025132742	0	0.19703126	-0.98031235	-0.0013052062	2.0032941e-20	1
0	0.24315768	-0.96989393	-0.0011198355	0	-0.018849555	0	0.24315768	-0.96989393	-0.0011198355	2.248073e-20	1
0	0.30156243	-0.95334136	-0.00083911035	0	-0.012566371	0	0.30156243	-0.95334136	-0.00083911035	2.4895246e-20	1
0	0.33610207	-0.94171226	-0.0006524323	0	-0.009424778	0	0.33610207	-0.94171226	-0.0006524323	2.6084315e-20	1
0	0.37490833	-0.9269384	-0.00042765596	0	-0.0062831854	0	0.37490833	-0.9269384	-0.00042765596	2.7256916e-20	1
0	0.4097281	-0.91207445	-0.00021515155	0	-0.0037699111	0	0.4097281	-0.91207445	-0.00021515155	2.8180085e-20	1
0	0.42871565	-0.9033005	-9.597994e-05	0	-0.002513274	0	0.42871565	-0.9033005	-9.597994e-05	2.863565e-20	1
0	0.43867826	-0.89850223	-3.2737487e-05	0	-0.0018849556	0	0.43867826	-0.89850223	-3.2737487e-05	2.8861708e-20	1
0	0.44900185	-0.89338565	3.3213626e-05	0	-0.001256637	0	0.44900185	-0.89338565	3.3213626e-05	2.908653e-20	1
0	0.45323706	-0.8912436	6.0373022e-05	0	-0.0010053096	0	0.45323706	-0.8912436	6.0373022e-05	2.9176095e-20	1
0	0.45971286	-0.88791907	0.000101997466	0	-0.0006283185	0	0.45971286	-0.88791907	0.000101997466	2.9310024e-20	1
0	0.46636572	-0.8844414	0.00014486499	0	-0.0002513274	0	0.46636572	-0.8844414	0.00014486499	2.9443445e-20	1
0	0.46636572	-0.8844414	0.00014486499	0	-0.0001256637	0	0.46636572	-0.8844414	0.00014486499	2.9487832e-20	1
0	0.46636572	-0.8844414	0.00014486499	0	-6.283185e-05	0	0.46636572	-0.8844414	0.00014486499	2.9510024e-20	1
0	0.46636572	-0.8844414	0.00014486499	0	-2.5132742e-05	0	0.46636572	-0.8844414	0.00014486499	2.952334e-20	1
0	0.46636572	-0.8844414	0.00014486499	0	-1.2566371e-05	0	0.46636572	-0.8844414	0.00014486499	2.952778e-20	1
0	0.46636572	-0.8844414	0.00014486499	0	-6.2831855e-06	0	0.46636572	-0.8844414	0.00014486499	2.9529996e-20	1
0	0.46636572	-0.8844414	0.00014486499	0	-2.513274e-06	0	0.46636572	-0.8844414	0.00014486499	2.953133e-20	1
0	0.46636572	-0.8844414	0.00014486499	0	-1.256637e-06	0	0.46636572	-0.8844414	0.00014486499	2.9531773e-20	1
0	0.46636572	-0.8844414	0.00014486499	0	-6.283185e-07	0	0.46636572	-0.8844414	0.00014486499	2.9531996e-20	1
0	0.46636572	-0.8844414	0.00014486499	0	-2.513274e-07	0	0.46636572	-0.8844414	0.00014486499	2.9532128e-20	1
0	0.46636572	-0.8844414	0.00014486499	0	-1.256637e-07	0	0.46636572	-0.8844414	0.00014486499	2.9532173e-20	1
0	0.46636572	-0.8844414	0.00014486499	0	0	0	0.46636572	-0.8844414	0.00014486499	2.9532215e-20	1
0	0.46636572	-0.8844414	0.00014486499	0	1.256637e-07	0	0.46636572	-0.8844414	0.00014486499	2.953226e-20	1
0	0.46636572	-0.8844414	0.00014486499	0	2.513274e-07	0	0.46636572	-0.8844414	0.00014486499	2.9532306e-20	1
0	0.46636572	-0.8844414	0.00014486499	0	6.283185e-07	0	0.46636572	-0.8844414	0.00014486499	2.953244e-20	1
0	0.46636572	-0.8844414	0.00014486499	0	1.256637e-06	0	0.46636572	-0.8844414	0.00014486499	2.953266e-20	1
0	0.46636572	-0.8844414	0.00014486499	0	2.513274e-06	0	0.46636572	-0.8844414	0.00014486499	2.9533104e-20	1
0	0.46636572	-0.8844414	0.00014486499	0	6.2831855e-06	0	0.46636572	-0.8844414	0.00014486499	2.9534435e-20	1
0	0.46636572	-0.8844414	0.00014486499	0	1.2566371e-05	0	0.46636572	-0.8844414	0.00014486499	2.9536655e-20	1
0	0.46636572	-0.8844414	0.00014486499	0	2.5132742e-05	0	0.46636572	-0.8844414	0.00014486499	2.9541095e-20	1
0	0.46636572	-0.8844414	0.00014486499	0	6.283185e-05	0	0.46636572	-0.8844414	0.00014486499	2.955441e-20	1
0	0.47320765	-0.8807981	0.00018903405	0	0.0001256637	0	0.47320765	-0.8807981	0.00018903405	2.957633e-20	1
0	0.47320765	-0.8807981	0.00018903405	0	0.0002513274	0	0.47320765	-0.8807981	0.00018903405	2.9620533e-20	1
0	0.48254478	-0.8757155	0.00024939122	0	0.0006283185	0	0.48254478	-0.8757155	0.00024939122	2.9752637e-20	1
0	0.4898213	-0.87166464	0.00029645272	0	0.0010053096	0	0.4898213	-0.87166464	0.00029645272	2.9884174e-20	1
0	0.49479178	-0.86885166	0.00032860774	0	0.001256637	0	0.49479178	-0.86885166	0.00032860774	2.9971526e-20	1
0	0.50773406	-0.8613497	0.00041221	0	0.0018849556	0	0.50773406	-0.8613497	0.00041221	3.0188612e-20	1
0	0.52152026	-0.85307	0.0005009159	0	0.002513274	0	0.52152026	-0.85307	0.0005009159	3.0403718e-20	1
0	0.5524293	-0.8333802	0.0006971807	0	0.0037699111	0	0.5524293	-0.8333802	0.0006971807	3.08271e-20	1
0	0.65358293	-0.756639	0.001277329	0	0.0062831854	0	0.65358293	-0.756639	0.001277329	3.163326e-20	1
0	0.794807	0.6065991	-0.0031190682	0	0.009424778	0	0.794807	0.6065991	-0.0031190682	2.536474e-20	1
0	0.75613475	0.6541656	-0.0028433662	0	0.012566371	0	0.75613475	0.6541656	-0.0028433662	2.457385e-20	1
0	0.6546459	0.75572	-0.001988097	0	0.018849555	0	0.6546459	0.75572	-0.001988097	2.2808518e-20	1
0	-0.19706151	0.98030627	0.00130509	0	0.025132742	0	-0.19706151	0.98030627	0.00130509	2.0032944e-20	1
0	-0.13406849	0.99089587	0.0014974151	0	0.03769911	0	-0.13406849	0.99089587	0.0014974151	1.5082596e-20	1
0	-0.09732315	0.99518055	0.0015713468	0	0.050265484	0	-0.09732315	0.99518055	0.0015713468	1.0097506e-20	1
0	-0.075010724	0.99711263	0.0015987118	0	0.06283186	0	-0.075010724	0.99711263	0.0015987118	5.097749e-21	1
