# t (s)	mx ()	my ()	mz ()	B_extx (T)	B_exty (T)	B_extz (T)	mx ()	my ()	mz ()	E_total (J)	branch ()
0	0.9999108	0.0070580617	0.0013622664	0.06283186	0	0	0.9999108	0.0070580617	0.0013622664	2.2742665e-21	-1
0	0.9999028	0.008016178	0.0013728035	0.050265484	0	0	0.9999028	0.008016178	0.0013728035	7.292305e-21	-1
0	0.99989116	0.009273756	0.0013835139	0.03769911	0	0	0.99989116	0.009273756	0.0013835139	1.2310294e-20	-1
0	0.9998728	0.011005113	0.0013944046	0.025132742	0	0	0.9998728	0.011005113	0.0013944046	1.7328211e-20	-1
0	0.99985933	0.012135722	0.0013999124	0.018849555	0	0	0.99985933	0.012135722	0.0013999124	1.9837126e-20	-1
0	0.999841	0.013528617	0.0014054603	0.012566371	0	0	0.999841	0.013528617	0.0014054603	2.2346008e-20	-1
0	0.9998293	0.01435021	0.0014082441	0.009424778	0	0	0.9998293	0.01435021	0.0014082441	2.3600427e-20	-1
0	0.99981546	0.015275143	0.001411038	0.0062831854	0	0	0.99981546	0.015275143	0.001411038	2.4854832e-20	-1
0	0.9998021	0.016113155	0.0014132776	0.0037699111	0	0	0.9998021	0.016113155	0.0014132776	2.5858338e-20	-1
0	0.9997947	0.016558394	0.0014143975	0.002513274	0	0	0.9997947	0.016558394	0.0014143975	2.636009e-20	-1
0	0.99979067	0.016802067	0.0014149572	0.0018849556	0	0	0.99979067	0.016802067	0.0014149572	2.6610964e-20	-1
0	0.9997865	0.017044488	0.0014155165	0.001256637	0	0	0.9997865	0.017044488	0.0014155165	2.6861834e-20	-1
0	0.9997865	0.017044488	0.0014155165	0.0010053096	0	0	0.9997865	0.017044488	0.0014155165	2.6962183e-20	-1
0	0.9997822	0.017291192	0.0014160762	0.0006283185	0	0	0.9997822	0.017291192	0.0014160762	2.7112706e-20	-1
0	0.99977946	0.017445348	0.0014164115	0.0002513274	0	0	0.99977946	0.017445348	0.0014164115	2.7263227e-20	-1
0	0.99977946	0.017445348	0.0014164115	0.0001256637	0	0	0.99977946	0.017445348	0.0014164115	2.73134e-20	-1
0	0.99977946	0.017445348	0.0014164115	6.283185e-05	0	0	0.99977946	0.017445348	0.0014164115	2.7338487e-20	-1
0	0.99977946	0.017445348	0.0014164115	2.5132742e-05	0	0	0.99977946	0.017445348	0.0014164115	2.735354e-20	-1
0	0.99977946	0.017445348	0.0014164115	1.2566371e-05	0	0	0.99977946	0.017445348	0.0014164115	2.7358556e-20	-1
0	0.99977946	0.017445348	0.0014164115	6.2831855e-06	0	0	0.99977946	0.017445348	0.0014164115	2.7361067e-20	-1
0	0.99977946	0.017445348	0.0014164115	2.513274e-06	0	0	0.99977946	0.017445348	0.0014164115	2.7362572e-20	-1
0	0.99977946	0.017445348	0.0014164115	1.256637e-06	0	0	0.99977946	0.017445348	0.0014164115	2.7363073e-20	-1
0	0.99977946	0.017445348	0.0014164115	6.283185e-07	0	0	0.99977946	0.017445348	0.0014164115	2.7363325e-20	-1
0	0.99977946	0.017445348	0.0014164115	2.513274e-07	0	0	0.99977946	0.017445348	0.0014164115	2.7363474e-20	-1
0	0.99977946	0.017445348	0.0014164115	1.256637e-07	0	0	0.99977946	0.017445348	0.0014164115	2.7363526e-20	-1
0	0.99977946	0.017445348	0.0014164115	0	0	0	0.99977946	0.017445348	0.0014164115	2.7363574e-20	-1
0	0.99977946	0.017445348	0.0014164115	-1.256637e-07	0	0	0.99977946	0.017445348	0.0014164115	2.7363626e-20	-1
0	0.99977946	0.017445348	0.0014164115	-2.513274e-07	0	0	0.99977946	0.017445348	0.0014164115	2.7363674e-20	-1
0	0.99977946	0.017445348	0.0014164115	-6.283185e-07	0	0	0.99977946	0.017445348	0.0014164115	2.7363826e-20	-1
0	0.99977946	0.017445348	0.0014164115	-1.256637e-06	0	0	0.99977946	0.017445348	0.0014164115	2.7364075e-20	-1
0	0.99977946	0.017445348	0.0014164115	-2.513274e-06	0	0	0.99977946	0.017445348	0.0014164115	2.736458e-20	-1
0	0.99977946	0.017445348	0.0014164115	-6.2831855e-06	0	0	0.99977946	0.017445348	0.0014164115	2.7366085e-20	-1
0	0.99977946	0.017445348	0.0014164115	-1.2566371e-05	0	0	0.99977946	0.017445348	0.0014164115	2.7368592e-20	-1
0	0.99977946	0.017445348	0.0014164115	-2.5132742e-05	0	0	0.99977946	0.017445348	0.0014164115	2.737361e-20	-1
0	0.9997772	0.017576972	0.0014166923	-6.283185e-05	0	0	0.9997772	0.017576972	0.0014166923	2.738866e-20	-1
0	0.9997772	0.017576972	0.0014166923	-0.0001256637	0	0	0.9997772	0.017576972	0.0014166923	2.7413748e-20	-1
0	0.9997772	0.017576972	0.0014166923	-0.0002513274	0	0	0.9997772	0.017576972	0.0014166923	2.746392e-20	-1
0	0.9997729	0.01781793	0.0014171957	-0.0006283185	0	0	0.9997729	0.01781793	0.0014171957	2.7614442e-20	-1
0	0.99977005	0.017973341	0.0014175314	-0.0010053096	0	0	0.99977005	0.017973341	0.0014175314	2.7764967e-20	-1
0	0.99977005	0.017973341	0.0014175314	-0.001256637	0	0	0.99977005	0.017973341	0.0014175314	2.7865314e-20	-1
0	0.9997628	0.01837102	0.0014183137	-0.0018849556	0	0	0.9997628	0.01837102	0.0014183137	2.8116176e-20	-1
0	0.9997574	0.01865681	0.0014188724	-0.002513274	0	0	0.9997574	0.01865681	0.0014188724	2.836704e-20	-1
0	0.9997457	0.019268287	0.0014199873	-0.0037699111	0	0	0.9997457	0.019268287	0.0014199873	2.8868768e-20	-1
0	0.9997188	0.020612217	0.0014222107	-0.0062831854	0	0	0.9997188	0.020612217	0.0014222107	2.98722e-20	-1
0	0.9996759	0.022583973	0.0014249648	-0.009424778	0	0	0.9996759	0.022583973	0.0014249648	3.112645e-20	-1
0	0.9996188	0.024972871	0.0014276681	-0.012566371	0	0	0.9996188	0.024972871	0.0014276681	3.2380635e-20	-1
0	0.99942774	0.031694487	0.001432733	-0.018849555	0	0	0.99942774	0.031694487	0.001432733	3.488872e-20	-1
0	0.9989898	0.043338325	0.0014364447	-0.025132742	0	0	0.9989898	0.043338325	0.0014364447	3.7396073e-20	-1
0	-0.9998911	-0.00927693	-0.001383512	-0.03769911	0	0	-0.9998911	-0.00927693	-0.001383512	1.2310296e-20	-1
0	-0.9999027	-0.0080175735	-0.001372803	-0.050265484	0	0	-0.9999027	-0.0080175735	-0.001372803	7.292301e-21	-1
0	-0.9999107	-0.007058401	-0.0013622661	-0.06283186	0	0	-0.9999107	-0.007058401	-0.0013622661	2.2742604e-21	-1
0	-0.9999108	-0.0070575234	-0.001362266	-0.06283186	0	0	-0.9999108	-0.0070575234	-0.001362266	2.2742644e-21	1
0	-0.9999028	-0.008016517	-0.001372803	-0.050265484	0	0	-0.9999028	-0.008016517	-0.001372803	7.292305e-21	1
0	-0.9998911	-0.009277007	-0.0013835137	-0.03769911	0	0	-0.9998911	-0.009277007	-0.0013835137	1.2310296e-20	1
0	-0.9998728	-0.011007112	-0.0013944004	-0.025132742	0	0	-0.9998728	-0.011007112	-0.0013944004	1.7328211e-20	1
0	-0.9998593	-0.012138668	-0.0013999087	-0.018849555	0	0	-0.9998593	-0.012138668	-0.0013999087	1.9837129e-20	1
0	-0.9998411	-0.0135245975	-0.0014054587	-0.012566371	0	0	-0.9998411	-0.0135245975	-0.0014054587	2.2346003e-20	1
0	-0.9998293	-0.01435107	-0.0014082489	-0.009424778	0	0	-0.9998293	-0.01435107	-0.0014082489	2.3600426e-20	1
0	-0.99981546	-0.015272303	-0.0014110396	-0.0062831854	0	0	-0.99981546	-0.015272303	-0.0014110396	2.4854826e-20	1
0	-0.9998021	-0.016114306	-0.0014132796	-0.0037699111	0	0	-0.9998021	-0.016114306	-0.0014132796	2.585834e-20	1
0	-0.9997946	-0.016567253	-0.0014143968	-0.002513274	0	0	-0.9997946	-0.016567253	-0.0014143968	2.636009e-20	1
0	-0.99979067	-0.016801037	-0.0014149569	-0.0018849556	0	0	-0.99979067	-0.016801037	-0.0014149569	2.6610963e-20	1
0	-0.9997866	-0.01703855	-0.0014155167	-0.001256637	0	0	-0.9997866	-0.01703855	-0.0014155167	2.6861836e-20	1
0	-0.9997866	-0.01703855	-0.0014155167	-0.0010053096	0	0	-0.9997866	-0.01703855	-0.0014155167	2.6962185e-20	1
0	-0.9997822	-0.017292056	-0.0014160768	-0.0006283185	0	0	-0.9997822	-0.017292056	-0.0014160768	2.7112706e-20	1
0	-0.99977946	-0.017447103	-0.0014164126	-0.0002513274	0	0	-0.99977946	-0.017447103	-0.0014164126	2.7263224e-20	1
0	-0.99977946	-0.017447103	-0.0014164126	-0.0001256637	0	0	-0.99977946	-0.017447103	-0.0014164126	2.7313397e-20	1
0	-0.99977946	-0.017447103	-0.0014164126	-6.283185e-05	0	0	-0.99977946	-0.017447103	-0.0014164126	2.7338487e-20	1
0	-0.99977946	-0.017447103	-0.0014164126	-2.5132742e-05	0	0	-0.99977946	-0.017447103	-0.0014164126	2.7353538e-20	1
0	-0.99977946	-0.017447103	-0.0014164126	-1.2566371e-05	0	0	-0.99977946	-0.017447103	-0.0014164126	2.7358556e-20	1
0	-0.99977946	-0.017447103	-0.0014164126	-6.2831855e-06	0	0	-0.99977946	-0.017447103	-0.0014164126	2.7361063e-20	1
0	-0.99977946	-0.017447103	-0.0014164126	-2.513274e-06	0	0	-0.99977946	-0.017447103	-0.0014164126	2.736257e-20	1
0	-0.99977946	-0.017447103	-0.0014164126	-1.256637e-06	0	0	-0.99977946	-0.017447103	-0.0014164126	2.736307e-20	1
0	-0.99977946	-0.017447103	-0.0014164126	-6.283185e-07	0	0	-0.99977946	-0.017447103	-0.0014164126	2.7363322e-20	1
0	-0.99977946	-0.017447103	-0.0014164126	-2.513274e-07	0	0	-0.99977946	-0.017447103	-0.0014164126	2.7363474e-20	1
0	-0.99977946	-0.017447103	-0.0014164126	-1.256637e-07	0	0	-0.99977946	-0.017447103	-0.0014164126	2.7363522e-20	1
0	-0.99977946	-0.017447103	-0.0014164126	0	0	0	-0.99977946	-0.017447103	-0.0014164126	2.7363574e-20	1
0	-0.99977946	-0.017447103	-0.0014164126	1.256637e-07	0	0	-0.99977946	-0.017447103	-0.0014164126	2.7363623e-20	1
0	-0.99977946	-0.017447103	-0.0014164126	2.513274e-07	0	0	-0.99977946	-0.017447103	-0.0014164126	2.7363674e-20	1
0	-0.99977946	-0.017447103	-0.0014164126	6.283185e-07	0	0	-0.99977946	-0.017447103	-0.0014164126	2.7363823e-20	1
0	-0.99977946	-0.017447103	-0.0014164126	1.256637e-06	0	0	-0.99977946	-0.017447103	-0.0014164126	2.7364075e-20	1
0	-0.99977946	-0.017447103	-0.0014164126	2.513274e-06	0	0	-0.99977946	-0.017447103	-0.0014164126	2.7364576e-20	1
0	-0.99977946	-0.017447103	-0.0014164126	6.2831855e-06	0	0	-0.99977946	-0.017447103	-0.0014164126	2.736608e-20	1
0	-0.99977946	-0.017447103	-0.0014164126	1.2566371e-05	0	0	-0.99977946	-0.017447103	-0.0014164126	2.736859e-20	1
0	-0.99977946	-0.017447103	-0.0014164126	2.5132742e-05	0	0	-0.99977946	-0.017447103	-0.0014164126	2.7373607e-20	1
0	-0.9997772	-0.017578425	-0.0014166923	6.283185e-05	0	0	-0.9997772	-0.017578425	-0.0014166923	2.7388664e-20	1
0	-0.9997772	-0.017578425	-0.0014166923	0.0001256637	0	0	-0.9997772	-0.017578425	-0.0014166923	2.741375e-20	1
0	-0.9997772	-0.017578425	-0.0014166923	0.0002513274	0	0	-0.9997772	-0.017578425	-0.0014166923	2.7463925e-20	1
0	-0.9997729	-0.017814822	-0.0014171957	0.0006283185	0	0	-0.9997729	-0.017814822	-0.0014171957	2.7614442e-20	1
0	-0.99977	-0.017976154	-0.0014175341	0.0010053096	0	0	-0.99977	-0.017976154	-0.0014175341	2.7764967e-20	1
0	-0.99977	-0.017976154	-0.0014175341	0.001256637	0	0	-0.99977	-0.017976154	-0.0014175341	2.7865314e-20	1
0	-0.9997628	-0.018371232	-0.0014183129	0.0018849556	0	0	-0.9997628	-0.018371232	-0.0014183129	2.8116176e-20	1
0	-0.9997574	-0.018657025	-0.0014188723	0.002513274	0	0	-0.9997574	-0.018657025	-0.0014188723	2.836704e-20	1
0	-0.9997457	-0.019267596	-0.0014199878	0.0037699111	0	0	-0.9997457	-0.019267596	-0.0014199878	2.8868768e-20	1
0	-0.9997188	-0.020609774	-0.0014222099	0.0062831854	0	0	-0.9997188	-0.020609774	-0.0014222099	2.98722e-20	1
0	-0.999676	-0.022579785	-0.0014249648	0.009424778	0	0	-0.999676	-0.022579785	-0.0014249648	3.1126448e-20	1
0	-0.99961877	-0.024974931	-0.0014276574	0.012566371	0	0	-0.99961877	-0.024974931	-0.0014276574	3.238064e-20	1
0	-0.99942803	-0.031683438	-0.0014327355	0.018849555	0	0	-0.99942803	-0.031683438	-0.0014327355	3.4888717e-20	1
0	-0.998989	-0.04335591	-0.0014364405	0.025132742	0	0	-0.998989	-0.04335591	-0.0014364405	3.7396073e-20	1
0	0.99989104	0.009277023	0.0013835141	0.03769911	0	0	0.99989104	0.009277023	0.0013835141	1.2310293e-20	1
0	0.9999027	0.00801803	0.0013728035	0.050265484	0	0	0.9999027	0.00801803	0.0013728035	7.292305e-21	1
0	0.9999107	0.0070592947	0.001362266	0.06283186	0	0	0.9999107	0.0070592947	0.001362266	2.2742582e-21	1
