# t (s)	mx ()	my ()	mz ()	B_extx (T)	B_exty (T)	B_extz (T)	mx ()	my ()	mz ()	E_total (J)	branch ()
0	0.99983656	0.01413767	-1.267641e-05	0.06283186	0	0	0.99983656	0.01413767	-1.267641e-05	2.256946e-21	-1
0	0.99980664	0.016065173	-1.2771419e-05	0.050265484	0	0	0.99980664	0.016065173	-1.2771419e-05	7.274559e-21	-1
0	0.99976206	0.018595692	-1.2868237e-05	0.03769911	0	0	0.99976206	0.018595692	-1.2868237e-05	1.22919984e-20	-1
0	0.99969053	0.022071777	-1.2967012e-05	0.025132742	0	0	0.99969053	0.022071777	-1.2967012e-05	1.7309142e-20	-1
0	0.99963725	0.024347711	-1.3014891e-05	0.018849555	0	0	0.99963725	0.024347711	-1.3014891e-05	1.9817556e-20	-1
0	0.99956477	0.027144922	-1.3064015e-05	0.012566371	0	0	0.99956477	0.027144922	-1.3064015e-05	2.2325812e-20	-1
0	0.9995183	0.028798258	-1.308814e-05	0.009424778	0	0	0.9995183	0.028798258	-1.308814e-05	2.3579864e-20	-1
0	0.9994626	0.030662136	-1.3113083e-05	0.0062831854	0	0	0.9994626	0.030662136	-1.3113083e-05	2.4833854e-20	-1
0	0.99940944	0.032343075	-1.3132557e-05	0.0037699111	0	0	0.99940944	0.032343075	-1.3132557e-05	2.5836988e-20	-1
0	0.9993795	0.0332524	-1.3142049e-05	0.002513274	0	0	0.9993795	0.0332524	-1.3142049e-05	2.6338537e-20	-1
0	0.99936366	0.033722907	-1.31468005e-05	0.0018849556	0	0	0.99936366	0.033722907	-1.31468005e-05	2.65893e-20	-1
0	0.9993466	0.034224045	-1.3151506e-05	0.001256637	0	0	0.9993466	0.034224045	-1.3151506e-05	2.6840066e-20	-1
0	0.99933994	0.034415025	-1.3153362e-05	0.0010053096	0	0	0.99933994	0.034415025	-1.3153362e-05	2.6940366e-20	-1
0	0.99932957	0.0347162	-1.3156171e-05	0.0006283185	0	0	0.99932957	0.0347162	-1.3156171e-05	2.7090823e-20	-1
0	0.9993187	0.035023727	-1.3158983e-05	0.0002513274	0	0	0.9993187	0.035023727	-1.3158983e-05	2.7241277e-20	-1
0	0.9993149	0.03513231	-1.3159882e-05	0.0001256637	0	0	0.9993149	0.03513231	-1.3159882e-05	2.7291432e-20	-1
0	0.9993149	0.03513231	-1.3159882e-05	6.283185e-05	0	0	0.9993149	0.03513231	-1.3159882e-05	2.7316506e-20	-1
0	0.9993149	0.03513231	-1.3159882e-05	2.5132742e-05	0	0	0.9993149	0.03513231	-1.3159882e-05	2.733155e-20	-1
0	0.9993149	0.03513231	-1.3159882e-05	1.2566371e-05	0	0	0.9993149	0.03513231	-1.3159882e-05	2.7336565e-20	-1
0	0.9993149	0.03513231	-1.3159882e-05	6.2831855e-06	0	0	0.9993149	0.03513231	-1.3159882e-05	2.7339072e-20	-1
0	0.9993149	0.03513231	-1.3159882e-05	2.513274e-06	0	0	0.9993149	0.03513231	-1.3159882e-05	2.7340578e-20	-1
0	0.9993149	0.03513231	-1.3159882e-05	1.256637e-06	0	0	0.9993149	0.03513231	-1.3159882e-05	2.734108e-20	-1
0	0.9993149	0.03513231	-1.3159882e-05	6.283185e-07	0	0	0.9993149	0.03513231	-1.3159882e-05	2.734133e-20	-1
0	0.9993149	0.03513231	-1.3159882e-05	2.513274e-07	0	0	0.9993149	0.03513231	-1.3159882e-05	2.7341483e-20	-1
0	0.9993149	0.03513231	-1.3159882e-05	1.256637e-07	0	0	0.9993149	0.03513231	-1.3159882e-05	2.734153e-20	-1
0	0.9993149	0.03513231	-1.3159882e-05	0	0	0	0.9993149	0.03513231	-1.3159882e-05	2.7341583e-20	-1
0	0.9993149	0.03513231	-1.3159882e-05	-1.256637e-07	0	0	0.9993149	0.03513231	-1.3159882e-05	2.734163e-20	-1
0	0.9993149	0.03513231	-1.3159882e-05	-2.513274e-07	0	0	0.9993149	0.03513231	-1.3159882e-05	2.7341683e-20	-1
0	0.9993149	0.03513231	-1.3159882e-05	-6.283185e-07	0	0	0.9993149	0.03513231	-1.3159882e-05	2.734183e-20	-1
0	0.9993149	0.03513231	-1.3159882e-05	-1.256637e-06	0	0	0.9993149	0.03513231	-1.3159882e-05	2.7342084e-20	-1
0	0.9993149	0.03513231	-1.3159882e-05	-2.513274e-06	0	0	0.9993149	0.03513231	-1.3159882e-05	2.7342584e-20	-1
0	0.9993149	0.03513231	-1.3159882e-05	-6.2831855e-06	0	0	0.9993149	0.03513231	-1.3159882e-05	2.734409e-20	-1
0	0.9993149	0.03513231	-1.3159882e-05	-1.2566371e-05	0	0	0.9993149	0.03513231	-1.3159882e-05	2.7346598e-20	-1
0	0.9993149	0.03513231	-1.3159882e-05	-2.5132742e-05	0	0	0.9993149	0.03513231	-1.3159882e-05	2.7351612e-20	-1
0	0.9993149	0.03513231	-1.3159882e-05	-6.283185e-05	0	0	0.9993149	0.03513231	-1.3159882e-05	2.7366657e-20	-1
0	0.99930775	0.03533639	-1.3161713e-05	-0.0001256637	0	0	0.99930775	0.03533639	-1.3161713e-05	2.739173e-20	-1
0	0.99930394	0.035444587	-1.3162684e-05	-0.0002513274	0	0	0.99930394	0.035444587	-1.3162684e-05	2.744188e-20	-1
0	0.9992923	0.03576771	-1.3165447e-05	-0.0006283185	0	0	0.9992923	0.03576771	-1.3165447e-05	2.7592328e-20	-1
0	0.9992806	0.036094755	-1.3169154e-05	-0.0010053096	0	0	0.9992806	0.036094755	-1.3169154e-05	2.7742775e-20	-1
0	0.99927247	0.036316898	-1.316998e-05	-0.001256637	0	0	0.99927247	0.036316898	-1.316998e-05	2.7843077e-20	-1
0	0.9992518	0.03688086	-1.3174449e-05	-0.0018849556	0	0	0.9992518	0.03688086	-1.3174449e-05	2.8093816e-20	-1
0	0.9992298	0.0374704	-1.3178845e-05	-0.002513274	0	0	0.9992298	0.0374704	-1.3178845e-05	2.834455e-20	-1
0	0.99918306	0.03869216	-1.3187464e-05	-0.0037699111	0	0	0.99918306	0.03869216	-1.3187464e-05	2.8846e-20	-1
0	0.9990739	0.04141015	-1.3203608e-05	-0.0062831854	0	0	0.9990739	0.04141015	-1.3203608e-05	2.984883e-20	-1
0	0.99890125	0.045376875	-1.3219951e-05	-0.009424778	0	0	0.99890125	0.045376875	-1.3219951e-05	3.110219e-20	-1
0	0.99867046	0.050193675	-1.3229137e-05	-0.012566371	0	0	0.99867046	0.050193675	-1.3229137e-05	3.23553e-20	-1
0	0.99789476	0.06376582	-1.319201e-05	-0.018849555	0	0	0.99789476	0.06376582	-1.319201e-05	3.486036e-20	-1
0	0.99606764	0.087781265	-1.28473e-05	-0.025132742	0	0	0.99606764	0.087781265	-1.28473e-05	3.7362404e-20	-1
0	-0.99976194	-0.018599335	1.2921091e-05	-0.03769911	0	0	-0.99976194	-0.018599335	1.2921091e-05	1.2291991e-20	-1
0	-0.99980664	-0.016065795	1.2771422e-05	-0.050265484	0	0	-0.99980664	-0.016065795	1.2771422e-05	7.274561e-21	-1
0	-0.99983656	-0.0141405	1.2676297e-05	-0.06283186	0	0	-0.99983656	-0.0141405	1.2676297e-05	2.2569472e-21	-1
0	-0.99983656	-0.014140377	1.2676518e-05	-0.06283186	0	0	-0.99983656	-0.014140377	1.2676518e-05	2.2569472e-21	1
0	-0.99980664	-0.016063442	1.2771447e-05	-0.050265484	0	0	-0.99980664	-0.016063442	1.2771447e-05	7.2745615e-21	1
0	-0.99976206	-0.018595487	1.2868966e-05	-0.03769911	0	0	-0.99976206	-0.018595487	1.2868966e-05	1.2291993e-20	1
0	-0.99969065	-0.022063818	1.2965236e-05	-0.025132742	0	0	-0.99969065	-0.022063818	1.2965236e-05	1.730914e-20	1
0	-0.99963737	-0.024345314	1.3014419e-05	-0.018849555	0	0	-0.99963737	-0.024345314	1.3014419e-05	1.9817554e-20	1
0	-0.9995649	-0.027140878	1.30641365e-05	-0.012566371	0	0	-0.9995649	-0.027140878	1.30641365e-05	2.232581e-20	1
0	-0.9995183	-0.028798584	1.3090557e-05	-0.009424778	0	0	-0.9995183	-0.028798584	1.3090557e-05	2.3579861e-20	1
0	-0.9994625	-0.03066577	1.3113098e-05	-0.0062831854	0	0	-0.9994625	-0.03066577	1.3113098e-05	2.4833852e-20	1
0	-0.99940944	-0.03234279	1.3127046e-05	-0.0037699111	0	0	-0.99940944	-0.03234279	1.3127046e-05	2.5836986e-20	1
0	-0.9993795	-0.033251785	1.31420475e-05	-0.002513274	0	0	-0.9993795	-0.033251785	1.31420475e-05	2.6338534e-20	1
0	-0.9993636	-0.033724442	1.3146799e-05	-0.0018849556	0	0	-0.9993636	-0.033724442	1.3146799e-05	2.6589299e-20	1
0	-0.99934685	-0.034214914	1.3151487e-05	-0.001256637	0	0	-0.99934685	-0.034214914	1.3151487e-05	2.6840064e-20	1
0	-0.99934006	-0.034413207	1.31534e-05	-0.0010053096	0	0	-0.99934006	-0.034413207	1.31534e-05	2.694037e-20	1
0	-0.99932945	-0.03472018	1.315621e-05	-0.0006283185	0	0	-0.99932945	-0.03472018	1.315621e-05	2.7090823e-20	1
0	-0.9993187	-0.035024777	1.3158979e-05	-0.0002513274	0	0	-0.9993187	-0.035024777	1.3158979e-05	2.7241274e-20	1
0	-0.9993149	-0.035134573	1.3159898e-05	-0.0001256637	0	0	-0.9993149	-0.035134573	1.3159898e-05	2.7291425e-20	1
0	-0.9993149	-0.035134573	1.3159898e-05	-6.283185e-05	0	0	-0.9993149	-0.035134573	1.3159898e-05	2.7316502e-20	1
0	-0.9993149	-0.035134573	1.3159898e-05	-2.5132742e-05	0	0	-0.9993149	-0.035134573	1.3159898e-05	2.7331547e-20	1
0	-0.9993149	-0.035134573	1.3159898e-05	-1.2566371e-05	0	0	-0.9993149	-0.035134573	1.3159898e-05	2.733656e-20	1
0	-0.9993149	-0.035134573	1.3159898e-05	-6.2831855e-06	0	0	-0.9993149	-0.035134573	1.3159898e-05	2.733907e-20	1
0	-0.9993149	-0.035134573	1.3159898e-05	-2.513274e-06	0	0	-0.9993149	-0.035134573	1.3159898e-05	2.7340575e-20	1
0	-0.9993149	-0.035134573	1.3159898e-05	-1.256637e-06	0	0	-0.9993149	-0.035134573	1.3159898e-05	2.7341075e-20	1
0	-0.9993149	-0.035134573	1.3159898e-05	-6.283185e-07	0	0	-0.9993149	-0.035134573	1.3159898e-05	2.7341327e-20	1
0	-0.9993149	-0.035134573	1.3159898e-05	-2.513274e-07	0	0	-0.9993149	-0.035134573	1.3159898e-05	2.7341476e-20	1
0	-0.9993149	-0.035134573	1.3159898e-05	-1.256637e-07	0	0	-0.9993149	-0.035134573	1.3159898e-05	2.7341528e-20	1
0	-0.9993149	-0.035134573	1.3159898e-05	0	0	0	-0.9993149	-0.035134573	1.3159898e-05	2.7341576e-20	1
0	-0.9993149	-0.035134573	1.3159898e-05	1.256637e-07	0	0	-0.9993149	-0.035134573	1.3159898e-05	2.7341628e-20	1
0	-0.9993149	-0.035134573	1.3159898e-05	2.513274e-07	0	0	-0.9993149	-0.035134573	1.3159898e-05	2.7341676e-20	1
0	-0.9993149	-0.035134573	1.3159898e-05	6.283185e-07	0	0	-0.9993149	-0.035134573	1.3159898e-05	2.7341828e-20	1
0	-0.9993149	-0.035134573	1.3159898e-05	1.256637e-06	0	0	-0.9993149	-0.035134573	1.3159898e-05	2.734208e-20	1
0	-0.9993149	-0.035134573	1.3159898e-05	2.513274e-06	0	0	-0.9993149	-0.035134573	1.3159898e-05	2.734258e-20	1
0	-0.9993149	-0.035134573	1.3159898e-05	6.2831855e-06	0	0	-0.9993149	-0.035134573	1.3159898e-05	2.7344084e-20	1
0	-0.9993149	-0.035134573	1.3159898e-05	1.2566371e-05	0	0	-0.9993149	-0.035134573	1.3159898e-05	2.734659e-20	1
0	-0.9993149	-0.035134573	1.3159898e-05	2.5132742e-05	0	0	-0.9993149	-0.035134573	1.3159898e-05	2.735161e-20	1
0	-0.9993149	-0.035134573	1.3159898e-05	6.283185e-05	0	0	-0.9993149	-0.035134573	1.3159898e-05	2.7366653e-20	1
0	-0.9993149	-0.035134573	1.3159898e-05	0.0001256637	0	0	-0.9993149	-0.035134573	1.3159898e-05	2.7391727e-20	1
0	-0.9993038	-0.035445314	1.3162678e-05	0.0002513274	0	0	-0.9993038	-0.035445314	1.3162678e-05	2.7441878e-20	1
0	-0.9992925	-0.03576301	1.3165426e-05	0.0006283185	0	0	-0.9992925	-0.03576301	1.3165426e-05	2.759233e-20	1
0	-0.9992806	-0.036093406	1.3168167e-05	0.0010053096	0	0	-0.9992806	-0.036093406	1.3168167e-05	2.7742775e-20	1
0	-0.9992726	-0.036314886	1.3169953e-05	0.001256637	0	0	-0.9992726	-0.036314886	1.3169953e-05	2.7843077e-20	1
0	-0.99925166	-0.036882807	1.3174501e-05	0.0018849556	0	0	-0.99925166	-0.036882807	1.3174501e-05	2.8093816e-20	1
0	-0.9992299	-0.037467714	1.3178602e-05	0.002513274	0	0	-0.9992299	-0.037467714	1.3178602e-05	2.8344546e-20	1
0	-0.9991834	-0.03868285	1.3187458e-05	0.0037699111	0	0	-0.9991834	-0.03868285	1.3187458e-05	2.8845998e-20	1
0	-0.9990743	-0.0414014	1.3203517e-05	0.0062831854	0	0	-0.9990743	-0.0414014	1.3203517e-05	2.984883e-20	1
0	-0.99890137	-0.04537485	1.321994e-05	0.009424778	0	0	-0.99890137	-0.04537485	1.321994e-05	3.1102188e-20	1
0	-0.99867034	-0.050195288	1.3229282e-05	0.012566371	0	0	-0.99867034	-0.050195288	1.3229282e-05	3.2355302e-20	1
0	-0.99789447	-0.06377034	1.3191193e-05	0.018849555	0	0	-0.99789447	-0.06377034	1.3191193e-05	3.486036e-20	1
0	-0.9960667	-0.08779217	1.2847116e-05	0.025132742	0	0	-0.9960667	-0.08779217	1.2847116e-05	3.736241e-20	1
0	0.99976206	0.018594885	-1.2867669e-05	0.03769911	0	0	0.99976206	0.018594885	-1.2867669e-05	1.2291995e-20	1
0	0.99980664	0.016065516	-1.2771425e-05	0.050265484	0	0	0.99980664	0.016065516	-1.2771425e-05	7.274562e-21	1
0	0.9998365	0.014142422	-1.2676468e-05	0.06283186	0	0	0.9998365	0.014142422	-1.2676468e-05	2.2569443e-21	1
