# t (s)	mx ()	my ()	mz ()	B_extx (T)	B_exty (T)	B_extz (T)	mx ()	my ()	mz ()	E_total (J)	branch ()
0	-0.059332684	0.99817157	0.0003682377	0	0.06283186	0	-0.059332684	0.99817157	0.0003682377	4.7273534e-21	-1
0	-0.07125504	0.99739003	0.00032501796	0	0.050265484	0	-0.07125504	0.99739003	0.00032501796	9.734898e-21	-1
0	-0.088769615	0.9959823	0.00025748694	0	0.03769911	0	-0.088769615	0.9959823	0.00025748694	1.4737147e-20	-1
0	-0.11650789	0.99311686	0.00014372551	0	0.025132742	0	-0.11650789	0.99311686	0.00014372551	1.9729224e-20	-1
0	-0.13712505	0.9904784	5.5247736e-05	0	0.018849555	0	-0.13712505	0.9904784	5.5247736e-05	2.2218147e-20	-1
0	-0.16528285	0.98616695	-6.949587e-05	0	0.012566371	0	-0.16528285	0.98616695	-6.949587e-05	2.4698561e-20	-1
0	-0.18346548	0.98294413	-0.00015181933	0	0.009424778	0	-0.18346548	0.98294413	-0.00015181933	2.5933909e-20	-1
0	-0.20547676	0.9785763	-0.00025276217	0	0.0062831854	0	-0.20547676	0.9785763	-0.00025276217	2.7164537e-20	-1
0	-0.2267363	0.9738666	-0.00035104353	0	0.0037699111	0	-0.2267363	0.9738666	-0.00035104353	2.8144484e-20	-1
0	-0.23891935	0.9709475	-0.00040750985	0	0.002513274	0	-0.23891935	0.9709475	-0.00040750985	2.8632505e-20	-1
0	-0.24548256	0.9693078	-0.00043793366	0	0.0018849556	0	-0.24548256	0.9693078	-0.00043793366	2.8875932e-20	-1
0	-0.25235403	0.9675404	-0.00046975398	0	0.001256637	0	-0.25235403	0.9675404	-0.00046975398	2.911894e-20	-1
0	-0.25522125	0.96678746	-0.00048302088	0	0.0010053096	0	-0.25522125	0.96678746	-0.00048302088	2.9216013e-20	-1
0	-0.259628	0.96561253	-0.00050339603	0	0.0006283185	0	-0.259628	0.96561253	-0.00050339603	2.936148e-20	-1
0	-0.26414204	0.9643867	-0.00052423996	0	0.0002513274	0	-0.26414204	0.9643867	-0.00052423996	2.9506767e-20	-1
0	-0.2657557	0.9639429	-0.00053168694	0	0.0001256637	0	-0.2657557	0.9639429	-0.00053168694	2.955515e-20	-1
0	-0.2657557	0.9639429	-0.00053168694	0	6.283185e-05	0	-0.2657557	0.9639429	-0.00053168694	2.957934e-20	-1
0	-0.2657557	0.9639429	-0.00053168694	0	2.5132742e-05	0	-0.2657557	0.9639429	-0.00053168694	2.959385e-20	-1
0	-0.2657557	0.9639429	-0.00053168694	0	1.2566371e-05	0	-0.2657557	0.9639429	-0.00053168694	2.959869e-20	-1
0	-0.2657557	0.9639429	-0.00053168694	0	6.2831855e-06	0	-0.2657557	0.9639429	-0.00053168694	2.9601107e-20	-1
0	-0.2657557	0.9639429	-0.00053168694	0	2.513274e-06	0	-0.2657557	0.9639429	-0.00053168694	2.9602558e-20	-1
0	-0.2657557	0.9639429	-0.00053168694	0	1.256637e-06	0	-0.2657557	0.9639429	-0.00053168694	2.9603043e-20	-1
0	-0.2657557	0.9639429	-0.00053168694	0	6.283185e-07	0	-0.2657557	0.9639429	-0.00053168694	2.9603285e-20	-1
0	-0.2657557	0.9639429	-0.00053168694	0	2.513274e-07	0	-0.2657557	0.9639429	-0.00053168694	2.960343e-20	-1
0	-0.2657557	0.9639429	-0.00053168694	0	1.256637e-07	0	-0.2657557	0.9639429	-0.00053168694	2.960348e-20	-1
0	-0.2657557	0.9639429	-0.00053168694	0	0	0	-0.2657557	0.9639429	-0.00053168694	2.9603528e-20	-1
0	-0.2657557	0.9639429	-0.00053168694	0	-1.256637e-07	0	-0.2657557	0.9639429	-0.00053168694	2.9603576e-20	-1
0	-0.2657557	0.9639429	-0.00053168694	0	-2.513274e-07	0	-0.2657557	0.9639429	-0.00053168694	2.9603624e-20	-1
0	-0.2657557	0.9639429	-0.00053168694	0	-6.283185e-07	0	-0.2657557	0.9639429	-0.00053168694	2.960377e-20	-1
0	-0.2657557	0.9639429	-0.00053168694	0	-1.256637e-06	0	-0.2657557	0.9639429	-0.00053168694	2.960401e-20	-1
0	-0.2657557	0.9639429	-0.00053168694	0	-2.513274e-06	0	-0.2657557	0.9639429	-0.00053168694	2.9604494e-20	-1
0	-0.2657557	0.9639429	-0.00053168694	0	-6.2831855e-06	0	-0.2657557	0.9639429	-0.00053168694	2.9605944e-20	-1
0	-0.2657557	0.9639429	-0.00053168694	0	-1.2566371e-05	0	-0.2657557	0.9639429	-0.00053168694	2.9608365e-20	-1
0	-0.2657557	0.9639429	-0.00053168694	0	-2.5132742e-05	0	-0.2657557	0.9639429	-0.00053168694	2.9613202e-20	-1
0	-0.2657557	0.9639429	-0.00053168694	0	-6.283185e-05	0	-0.2657557	0.9639429	-0.00053168694	2.9627713e-20	-1
0	-0.2657557	0.9639429	-0.00053168694	0	-0.0001256637	0	-0.2657557	0.9639429	-0.00053168694	2.96519e-20	-1
0	-0.2705496	0.9626075	-0.00055377895	0	-0.0002513274	0	-0.2705496	0.9626075	-0.00055377895	2.970018e-20	-1
0	-0.2755012	0.9612011	-0.0005765521	0	-0.0006283185	0	-0.2755012	0.9612011	-0.0005765521	2.9845e-20	-1
0	-0.2755012	0.9612011	-0.0005765521	0	-0.0010053096	0	-0.2755012	0.9612011	-0.0005765521	2.998971e-20	-1
0	-0.28420115	0.958663	-0.00061643193	0	-0.001256637	0	-0.28420115	0.958663	-0.00061643193	3.008587e-20	-1
0	-0.29347777	0.95586216	-0.0006587322	0	-0.0018849556	0	-0.29347777	0.95586216	-0.0006587322	3.0326076e-20	-1
0	-0.30350137	0.9527248	-0.00070413353	0	-0.002513274	0	-0.30350137	0.9527248	-0.00070413353	3.0565542e-20	-1
0	-0.32612482	0.94521487	-0.0008051314	0	-0.0037699111	0	-0.32612482	0.94521487	-0.0008051314	3.1041852e-20	-1
0	-0.39044398	0.920497	-0.0010757751	0	-0.0062831854	0	-0.39044398	0.920497	-0.0010757751	3.197976e-20	-1
0	0.18346587	-0.9829441	0.0001518276	0	-0.009424778	0	0.18346587	-0.9829441	0.0001518276	2.5933909e-20	-1
0	0.16530198	-0.98616374	6.958448e-05	0	-0.012566371	0	0.16530198	-0.98616374	6.958448e-05	2.4698563e-20	-1
0	0.13713849	-0.9904765	-5.5204353e-05	0	-0.018849555	0	0.13713849	-0.9904765	-5.5204353e-05	2.2218147e-20	-1
0	0.11651239	-0.99311626	-0.0001437066	0	-0.025132742	0	0.11651239	-0.99311626	-0.0001437066	1.9729225e-20	-1
0	0.08877191	-0.99598205	-0.00025747705	0	-0.03769911	0	0.08877191	-0.99598205	-0.00025747705	1.4737148e-20	-1
0	0.071260676	-0.9973897	-0.0003249921	0	-0.050265484	0	0.071260676	-0.9973897	-0.0003249921	9.734897e-21	-1
0	0.059333667	-0.9981715	-0.0003682312	0	-0.06283186	0	0.059333667	-0.9981715	-0.0003682312	4.727354e-21	-1
0	0.059333563	-0.9981715	-0.00036823406	0	-0.06283186	0	0.059333563	-0.9981715	-0.00036823406	4.7273546e-21	1
0	0.071254656	-0.99739003	-0.00032501447	0	-0.050265484	0	0.071254656	-0.99739003	-0.00032501447	9.734898e-21	1
0	0.088769004	-0.9959823	-0.00025748904	0	-0.03769911	0	0.088769004	-0.9959823	-0.00025748904	1.4737148e-20	1
0	0.11650822	-0.99311686	-0.00014374912	0	-0.025132742	0	0.11650822	-0.99311686	-0.00014374912	1.9729225e-20	1
0	0.13712206	-0.99047875	-5.526107e-05	0	-0.018849555	0	0.13712206	-0.99047875	-5.526107e-05	2.2218144e-20	1
0	0.16527611	-0.9861681	6.9465765e-05	0	-0.012566371	0	0.16527611	-0.9861681	6.9465765e-05	2.4698563e-20	1
0	0.18346646	-0.982944	0.00015183135	0	-0.009424778	0	0.18346646	-0.982944	0.00015183135	2.593391e-20	1
0	0.20548043	-0.9785756	0.000252779	0	-0.0062831854	0	0.20548043	-0.9785756	0.000252779	2.7164537e-20	1
0	0.22672883	-0.97386837	0.0003510085	0	-0.0037699111	0	0.22672883	-0.97386837	0.0003510085	2.814448e-20	1
0	0.23894066	-0.97094226	0.00040760968	0	-0.002513274	0	0.23894066	-0.97094226	0.00040760968	2.86325e-20	1
0	0.24544433	-0.9693175	0.00043775025	0	-0.0018849556	0	0.24544433	-0.9693175	0.00043775025	2.8875932e-20	1
0	0.25236154	-0.96753836	0.0004697855	0	-0.001256637	0	0.25236154	-0.96753836	0.0004697855	2.911894e-20	1
0	0.2551924	-0.9667951	0.00048288575	0	-0.0010053096	0	0.2551924	-0.9667951	0.00048288575	2.9216013e-20	1
0	0.2596345	-0.9656108	0.0005034265	0	-0.0006283185	0	0.2596345	-0.9656108	0.0005034265	2.936148e-20	1
0	0.2642005	-0.9643706	0.0005245012	0	-0.0002513274	0	0.2642005	-0.9643706	0.0005245012	2.9506767e-20	1
0	0.2642005	-0.9643706	0.0005245012	0	-0.0001256637	0	0.2642005	-0.9643706	0.0005245012	2.9555163e-20	1
0	0.2642005	-0.9643706	0.0005245012	0	-6.283185e-05	0	0.2642005	-0.9643706	0.0005245012	2.957936e-20	1
0	0.2642005	-0.9643706	0.0005245012	0	-2.5132742e-05	0	0.2642005	-0.9643706	0.0005245012	2.959388e-20	1
0	0.2642005	-0.9643706	0.0005245012	0	-1.2566371e-05	0	0.2642005	-0.9643706	0.0005245012	2.959872e-20	1
0	0.2642005	-0.9643706	0.0005245012	0	-6.2831855e-06	0	0.2642005	-0.9643706	0.0005245012	2.960114e-20	1
0	0.2642005	-0.9643706	0.0005245012	0	-2.513274e-06	0	0.2642005	-0.9643706	0.0005245012	2.9602594e-20	1
0	0.2642005	-0.9643706	0.0005245012	0	-1.256637e-06	0	0.2642005	-0.9643706	0.0005245012	2.9603075e-20	1
0	0.2642005	-0.9643706	0.0005245012	0	-6.283185e-07	0	0.2642005	-0.9643706	0.0005245012	2.9603317e-20	1
0	0.2642005	-0.9643706	0.0005245012	0	-2.513274e-07	0	0.2642005	-0.9643706	0.0005245012	2.9603463e-20	1
0	0.2642005	-0.9643706	0.0005245012	0	-1.256637e-07	0	0.2642005	-0.9643706	0.0005245012	2.960351e-20	1
0	0.2642005	-0.9643706	0.0005245012	0	0	0	0.2642005	-0.9643706	0.0005245012	2.960356e-20	1
0	0.2642005	-0.9643706	0.0005245012	0	1.256637e-07	0	0.2642005	-0.9643706	0.0005245012	2.9603608e-20	1
0	0.2642005	-0.9643706	0.0005245012	0	2.513274e-07	0	0.2642005	-0.9643706	0.0005245012	2.9603657e-20	1
0	0.2642005	-0.9643706	0.0005245012	0	6.283185e-07	0	0.2642005	-0.9643706	0.0005245012	2.9603802e-20	1
0	0.2642005	-0.9643706	0.0005245012	0	1.256637e-06	0	0.2642005	-0.9643706	0.0005245012	2.9604044e-20	1
0	0.2642005	-0.9643706	0.0005245012	0	2.513274e-06	0	0.2642005	-0.9643706	0.0005245012	2.960453e-20	1
0	0.2642005	-0.9643706	0.0005245012	0	6.2831855e-06	0	0.2642005	-0.9643706	0.0005245012	2.960598e-20	1
0	0.2642005	-0.9643706	0.0005245012	0	1.2566371e-05	0	0.2642005	-0.9643706	0.0005245012	2.96084e-20	1
0	0.2642005	-0.9643706	0.0005245012	0	2.5132742e-05	0	0.2642005	-0.9643706	0.0005245012	2.961324e-20	1
0	0.26812035	-0.9632874	0.0005425886	0	6.283185e-05	0	0.26812035	-0.9632874	0.0005425886	2.962769e-20	1
0	0.26812035	-0.9632874	0.0005425886	0	0.0001256637	0	0.26812035	-0.9632874	0.0005425886	2.9651863e-20	1
0	0.26812035	-0.9632874	0.0005425886	0	0.0002513274	0	0.26812035	-0.9632874	0.0005425886	2.9700204e-20	1
0	0.27548972	-0.9612044	0.0005764977	0	0.0006283185	0	0.27548972	-0.9612044	0.0005764977	2.9844996e-20	1
0	0.2806646	-0.9597051	0.00060024264	0	0.0010053096	0	0.2806646	-0.9597051	0.00060024264	2.9989598e-20	1
0	0.2806646	-0.9597051	0.00060024264	0	0.001256637	0	0.2806646	-0.9597051	0.00060024264	3.0085922e-20	1
0	0.2935052	-0.9558537	0.00065885787	0	0.0018849556	0	0.2935052	-0.9558537	0.00065885787	3.0326076e-20	1
0	0.3035074	-0.95272285	0.0007041603	0	0.002513274	0	0.3035074	-0.95272285	0.0007041603	3.0565535e-20	1
0	0.32611197	-0.9452193	0.00080507435	0	0.0037699111	0	0.32611197	-0.9452193	0.00080507435	3.1041856e-20	1
0	0.39054108	-0.9204558	0.0010761607	0	0.0062831854	0	0.39054108	-0.9204558	0.0010761607	3.197976e-20	1
0	0.8927927	0.4501751	-0.0023544754	0	0.009424778	0	0.8927927	0.4501751	-0.0023544754	2.6078922e-20	1
0	0.849985	0.5265293	-0.0019999729	0	0.012566371	0	0.849985	0.5265293	-0.0019999729	2.5467487e-20	1
0	-0.13713747	0.9904766	5.51922e-05	0	0.018849555	0	-0.13713747	0.9904766	5.51922e-05	2.2218147e-20	1
0	-0.116520524	0.99311537	0.00014367135	0	0.025132742	0	-0.116520524	0.99311537	0.00014367135	1.9729224e-20	1
0	-0.0887721	0.99598205	0.00025747577	0	0.03769911	0	-0.0887721	0.99598205	0.00025747577	1.4737148e-20	1
0	-0.071258806	0.9973898	0.00032500125	0	0.050265484	0	-0.071258806	0.9973898	0.00032500125	9.734901e-21	1
0	-0.059339106	0.99817115	0.00036821203	0	0.06283186	0	-0.059339106	0.99817115	0.00036821203	4.727355e-21	1
