# t (s)	mx ()	my ()	mz ()	B_extx (T)	B_exty (T)	B_extz (T)	mx ()	my ()	mz ()	E_total (J)	branch ()
0	-0.027786026	0.99954873	-0.00012943475	0	0.06283186	0	-0.027786026	0.99954873	-0.00012943475	4.58819e-21	-1
0	-0.032876812	0.9993934	-0.0001307537	0	0.050265484	0	-0.032876812	0.9993934	-0.0001307537	9.604078e-21	-1
0	-0.040218197	0.99912393	-0.00013219242	0	0.03769911	0	-0.040218197	0.99912393	-0.00013219242	1.461893e-20	-1
0	-0.05170445	0.9985943	-0.00013382078	0	0.025132742	0	-0.05170445	0.9985943	-0.00013382078	1.9631872e-20	-1
0	-0.06025032	0.99811435	-0.00013474352	0	0.018849555	0	-0.06025032	0.99811435	-0.00013474352	2.2137045e-20	-1
0	-0.07208973	0.99732816	-0.00013576349	0	0.012566371	0	-0.07208973	0.99732816	-0.00013576349	2.4640662e-20	-1
0	-0.07988784	0.9967332	-0.00013631763	0	0.009424778	0	-0.07988784	0.9967332	-0.00013631763	2.5891585e-20	-1
0	-0.08952312	0.99591315	-0.00013690567	0	0.0062831854	0	-0.08952312	0.99591315	-0.00013690567	2.7141625e-20	-1
0	-0.09903905	0.99501103	-0.00013739704	0	0.0037699111	0	-0.09903905	0.99501103	-0.00013739704	2.814079e-20	-1
0	-0.10458115	0.9944433	-0.00013766512	0	0.002513274	0	-0.10458115	0.9944433	-0.00013766512	2.8639998e-20	-1
0	-0.10758757	0.9941222	-0.00013777244	0	0.0018849556	0	-0.10758757	0.9941222	-0.00013777244	2.888949e-20	-1
0	-0.11077564	0.99377173	-0.000137897	0	0.001256637	0	-0.11077564	0.99377173	-0.000137897	2.9138894e-20	-1
0	-0.11077564	0.99377173	-0.000137897	0	0.0010053096	0	-0.11077564	0.99377173	-0.000137897	2.923864e-20	-1
0	-0.11414807	0.9933897	-0.00013802235	0	0.0006283185	0	-0.11414807	0.9933897	-0.00013802235	2.9388215e-20	-1
0	-0.11625136	0.9931456	-0.00013809578	0	0.0002513274	0	-0.11625136	0.9931456	-0.00013809578	2.9537757e-20	-1
0	-0.11700669	0.9930568	-0.00013812089	0	0.0001256637	0	-0.11700669	0.9930568	-0.00013812089	2.958759e-20	-1
0	-0.11700669	0.9930568	-0.00013812089	0	6.283185e-05	0	-0.11700669	0.9930568	-0.00013812089	2.961251e-20	-1
0	-0.11700669	0.9930568	-0.00013812089	0	2.5132742e-05	0	-0.11700669	0.9930568	-0.00013812089	2.962746e-20	-1
0	-0.11700669	0.9930568	-0.00013812089	0	1.2566371e-05	0	-0.11700669	0.9930568	-0.00013812089	2.9632443e-20	-1
0	-0.11700669	0.9930568	-0.00013812089	0	6.2831855e-06	0	-0.11700669	0.9930568	-0.00013812089	2.9634938e-20	-1
0	-0.11700669	0.9930568	-0.00013812089	0	2.513274e-06	0	-0.11700669	0.9930568	-0.00013812089	2.963643e-20	-1
0	-0.11700669	0.9930568	-0.00013812089	0	1.256637e-06	0	-0.11700669	0.9930568	-0.00013812089	2.9636928e-20	-1
0	-0.11700669	0.9930568	-0.00013812089	0	6.283185e-07	0	-0.11700669	0.9930568	-0.00013812089	2.963718e-20	-1
0	-0.11700669	0.9930568	-0.00013812089	0	2.513274e-07	0	-0.11700669	0.9930568	-0.00013812089	2.963733e-20	-1
0	-0.11700669	0.9930568	-0.00013812089	0	1.256637e-07	0	-0.11700669	0.9930568	-0.00013812089	2.9637377e-20	-1
0	-0.11700669	0.9930568	-0.00013812089	0	0	0	-0.11700669	0.9930568	-0.00013812089	2.963743e-20	-1
0	-0.11700669	0.9930568	-0.00013812089	0	-1.256637e-07	0	-0.11700669	0.9930568	-0.00013812089	2.9637477e-20	-1
0	-0.11700669	0.9930568	-0.00013812089	0	-2.513274e-07	0	-0.11700669	0.9930568	-0.00013812089	2.963753e-20	-1
0	-0.11700669	0.9930568	-0.00013812089	0	-6.283185e-07	0	-0.11700669	0.9930568	-0.00013812089	2.9637678e-20	-1
0	-0.11700669	0.9930568	-0.00013812089	0	-1.256637e-06	0	-0.11700669	0.9930568	-0.00013812089	2.9637927e-20	-1
0	-0.11700669	0.9930568	-0.00013812089	0	-2.513274e-06	0	-0.11700669	0.9930568	-0.00013812089	2.9638424e-20	-1
0	-0.11700669	0.9930568	-0.00013812089	0	-6.2831855e-06	0	-0.11700669	0.9930568	-0.00013812089	2.963992e-20	-1
0	-0.11700669	0.9930568	-0.00013812089	0	-1.2566371e-05	0	-0.11700669	0.9930568	-0.00013812089	2.964241e-20	-1
0	-0.11700669	0.9930568	-0.00013812089	0	-2.5132742e-05	0	-0.11700669	0.9930568	-0.00013812089	2.9647394e-20	-1
0	-0.11700669	0.9930568	-0.00013812089	0	-6.283185e-05	0	-0.11700669	0.9930568	-0.00013812089	2.9662348e-20	-1
0	-0.11700669	0.9930568	-0.00013812089	0	-0.0001256637	0	-0.11700669	0.9930568	-0.00013812089	2.9687263e-20	-1
0	-0.11923289	0.99279165	-0.00013819383	0	-0.0002513274	0	-0.11923289	0.99279165	-0.00013819383	2.9737082e-20	-1
0	-0.121537074	0.992512	-0.0001382656	0	-0.0006283185	0	-0.121537074	0.992512	-0.0001382656	2.988653e-20	-1
0	-0.12396387	0.9922116	-0.00013833948	0	-0.0010053096	0	-0.12396387	0.9922116	-0.00013833948	3.0035936e-20	-1
0	-0.12562557	0.99200237	-0.00013838836	0	-0.001256637	0	-0.12562557	0.99200237	-0.00013838836	3.013551e-20	-1
0	-0.129996	0.9914387	-0.00013850303	0	-0.0018849556	0	-0.129996	0.9914387	-0.00013850303	3.0384363e-20	-1
0	-0.13465375	0.9908163	-0.00013861255	0	-0.002513274	0	-0.13465375	0.9908163	-0.00013861255	3.0633064e-20	-1
0	-0.14518225	0.9893272	-0.0001388101	0	-0.0037699111	0	-0.14518225	0.9893272	-0.0001388101	3.1129944e-20	-1
0	-0.17257625	0.98491466	-0.00013903249	0	-0.0062831854	0	-0.17257625	0.98491466	-0.00013903249	3.212092e-20	-1
0	-0.23372479	0.9722108	-0.00013806824	0	-0.009424778	0	-0.23372479	0.9722108	-0.00013806824	3.3350148e-20	-1
0	-0.90152776	-0.43242872	1.5680373e-05	0	-0.012566371	0	-0.90152776	-0.43242872	1.5680373e-05	2.6036463e-20	-1
0	0.06024719	-0.99811447	0.0001347416	0	-0.018849555	0	0.06024719	-0.99811447	0.0001347416	2.2137041e-20	-1
0	0.051708143	-0.99859405	0.0001338206	0	-0.025132742	0	0.051708143	-0.99859405	0.0001338206	1.9631873e-20	-1
0	0.04022421	-0.9991237	0.00013219233	0	-0.03769911	0	0.04022421	-0.9991237	0.00013219233	1.461893e-20	-1
0	0.03287936	-0.99939334	0.00013075309	0	-0.050265484	0	0.03287936	-0.99939334	0.00013075309	9.604077e-21	-1
0	0.027788907	-0.9995487	0.00012943853	0	-0.06283186	0	0.027788907	-0.9995487	0.00012943853	4.588192e-21	-1
0	0.027788907	-0.9995487	0.00012943853	0	-0.06283186	0	0.027788907	-0.9995487	0.00012943853	4.588192e-21	1
0	0.03287357	-0.9993935	0.00013075818	0	-0.050265484	0	0.03287357	-0.9993935	0.00013075818	9.60408e-21	1
0	0.040220052	-0.9991239	0.00013219289	0	-0.03769911	0	0.040220052	-0.9991239	0.00013219289	1.4618931e-20	1
0	0.051702864	-0.9985943	0.00013382046	0	-0.025132742	0	0.051702864	-0.9985943	0.00013382046	1.9631873e-20	1
0	0.060247127	-0.99811447	0.00013474196	0	-0.018849555	0	0.060247127	-0.99811447	0.00013474196	2.213704e-20	1
0	0.07209015	-0.99732804	0.00013576285	0	-0.012566371	0	0.07209015	-0.99732804	0.00013576285	2.4640664e-20	1
0	0.07989608	-0.9967325	0.00013633934	0	-0.009424778	0	0.07989608	-0.9967325	0.00013633934	2.5891582e-20	1
0	0.089522555	-0.99591315	0.00013690512	0	-0.0062831854	0	0.089522555	-0.99591315	0.00013690512	2.7141625e-20	1
0	0.099056974	-0.99500924	0.00013739872	0	-0.0037699111	0	0.099056974	-0.99500924	0.00013739872	2.814079e-20	1
0	0.10458194	-0.9944432	0.00013764722	0	-0.002513274	0	0.10458194	-0.9944432	0.00013764722	2.864e-20	1
0	0.107587494	-0.99412227	0.00013776889	0	-0.0018849556	0	0.107587494	-0.99412227	0.00013776889	2.888949e-20	1
0	0.110747516	-0.9937749	0.00013789625	0	-0.001256637	0	0.110747516	-0.9937749	0.00013789625	2.91389e-20	1
0	0.112098396	-0.99362326	0.00013794779	0	-0.0010053096	0	0.112098396	-0.99362326	0.00013794779	2.9238634e-20	1
0	0.1141477	-0.9933897	0.00013802234	0	-0.0006283185	0	0.1141477	-0.9933897	0.00013802234	2.9388212e-20	1
0	0.11626594	-0.9931438	0.0001380957	0	-0.0002513274	0	0.11626594	-0.9931438	0.0001380957	2.9537757e-20	1
0	0.1169907	-0.9930587	0.00013812061	0	-0.0001256637	0	0.1169907	-0.9930587	0.00013812061	2.958759e-20	1
0	0.11736125	-0.9930149	0.00013813327	0	-6.283185e-05	0	0.11736125	-0.9930149	0.00013813327	2.961251e-20	1
0	0.11736125	-0.9930149	0.00013813327	0	-2.5132742e-05	0	0.11736125	-0.9930149	0.00013813327	2.962746e-20	1
0	0.11736125	-0.9930149	0.00013813327	0	-1.2566371e-05	0	0.11736125	-0.9930149	0.00013813327	2.9632443e-20	1
0	0.11736125	-0.9930149	0.00013813327	0	-6.2831855e-06	0	0.11736125	-0.9930149	0.00013813327	2.9634938e-20	1
0	0.11736125	-0.9930149	0.00013813327	0	-2.513274e-06	0	0.11736125	-0.9930149	0.00013813327	2.963643e-20	1
0	0.11736125	-0.9930149	0.00013813327	0	-1.256637e-06	0	0.11736125	-0.9930149	0.00013813327	2.963693e-20	1
0	0.11736125	-0.9930149	0.00013813327	0	-6.283185e-07	0	0.11736125	-0.9930149	0.00013813327	2.963718e-20	1
0	0.11736125	-0.9930149	0.00013813327	0	-2.513274e-07	0	0.11736125	-0.9930149	0.00013813327	2.963733e-20	1
0	0.11736125	-0.9930149	0.00013813327	0	-1.256637e-07	0	0.11736125	-0.9930149	0.00013813327	2.9637377e-20	1
0	0.11736125	-0.9930149	0.00013813327	0	0	0	0.11736125	-0.9930149	0.00013813327	2.963743e-20	1
0	0.11736125	-0.9930149	0.00013813327	0	1.256637e-07	0	0.11736125	-0.9930149	0.00013813327	2.9637477e-20	1
0	0.11736125	-0.9930149	0.00013813327	0	2.513274e-07	0	0.11736125	-0.9930149	0.00013813327	2.963753e-20	1
0	0.11736125	-0.9930149	0.00013813327	0	6.283185e-07	0	0.11736125	-0.9930149	0.00013813327	2.9637678e-20	1
0	0.11736125	-0.9930149	0.00013813327	0	1.256637e-06	0	0.11736125	-0.9930149	0.00013813327	2.9637927e-20	1
0	0.11736125	-0.9930149	0.00013813327	0	2.513274e-06	0	0.11736125	-0.9930149	0.00013813327	2.9638424e-20	1
0	0.11736125	-0.9930149	0.00013813327	0	6.2831855e-06	0	0.11736125	-0.9930149	0.00013813327	2.963992e-20	1
0	0.11736125	-0.9930149	0.00013813327	0	1.2566371e-05	0	0.11736125	-0.9930149	0.00013813327	2.964241e-20	1
0	0.11736125	-0.9930149	0.00013813327	0	2.5132742e-05	0	0.11736125	-0.9930149	0.00013813327	2.9647394e-20	1
0	0.11736125	-0.9930149	0.00013813327	0	6.283185e-05	0	0.11736125	-0.9930149	0.00013813327	2.9662345e-20	1
0	0.11736125	-0.9930149	0.00013813327	0	0.0001256637	0	0.11736125	-0.9930149	0.00013813327	2.9687263e-20	1
0	0.119229406	-0.9927921	0.00013819346	0	0.0002513274	0	0.119229406	-0.9927921	0.00013819346	2.9737082e-20	1
0	0.12154581	-0.992511	0.00013826677	0	0.0006283185	0	0.12154581	-0.992511	0.00013826677	2.9886533e-20	1
0	0.12396515	-0.99221146	0.00013833918	0	0.0010053096	0	0.12396515	-0.99221146	0.00013833918	3.0035936e-20	1
0	0.12563118	-0.9920017	0.00013838649	0	0.001256637	0	0.12563118	-0.9920017	0.00013838649	3.0135514e-20	1
0	0.12999529	-0.99143875	0.00013850193	0	0.0018849556	0	0.12999529	-0.99143875	0.00013850193	3.0384363e-20	1
0	0.13467315	-0.9908137	0.0001386127	0	0.002513274	0	0.13467315	-0.9908137	0.0001386127	3.063306e-20	1
0	0.14517221	-0.98932874	0.00013881185	0	0.0037699111	0	0.14517221	-0.98932874	0.00013881185	3.1129944e-20	1
0	0.17256323	-0.9849169	0.00013903278	0	0.0062831854	0	0.17256323	-0.9849169	0.00013903278	3.212092e-20	1
0	0.23384534	-0.9721818	0.00013806425	0	0.009424778	0	0.23384534	-0.9721818	0.00013806425	3.335015e-20	1
0	0.9015063	0.43247333	-1.5681177e-05	0	0.012566371	0	0.9015063	0.43247333	-1.5681177e-05	2.6036461e-20	1
0	-0.060239572	0.99811494	-0.00013474113	0	0.018849555	0	-0.060239572	0.99811494	-0.00013474113	2.213704e-20	1
0	-0.051713355	0.9985938	-0.00013382152	0	0.025132742	0	-0.051713355	0.9985938	-0.00013382152	1.9631872e-20	1
0	-0.0402205	0.9991238	-0.00013219232	0	0.03769911	0	-0.0402205	0.9991238	-0.00013219232	1.461893e-20	1
0	-0.0328796	0.99939334	-0.00013075296	0	0.050265484	0	-0.0328796	0.99939334	-0.00013075296	9.604077e-21	1
0	-0.027789969	0.9995487	-0.00012942619	0	0.06283186	0	-0.027789969	0.9995487	-0.00012942619	4.5881935e-21	1
