# t (s)	mx ()	my ()	mz ()	B_extx (T)	B_exty (T)	B_extz (T)	mx ()	my ()	mz ()	E_total (J)	branch ()
0	0.9854381	0.16953394	-0.00420459	0.06283186	0	0	0.9854381	0.16953394	-0.00420459	3.7093703e-21	-1
0	0.9786868	0.20491537	-0.0044010757	0.050265484	0	0	0.9786868	0.20491537	-0.0044010757	8.6391995e-21	-1
0	0.96772134	0.2516275	-0.0046257125	0.03769911	0	0	0.96772134	0.2516275	-0.0046257125	1.35254645e-20	-1
0	0.949797	0.31250954	-0.004860633	0.025132742	0	0	0.949797	0.31250954	-0.004860633	1.8340683e-20	-1
0	0.93690014	0.34925497	-0.0049700094	0.018849555	0	0	0.93690014	0.34925497	-0.0049700094	2.0708459e-20	-1
0	0.9202894	0.3909095	-0.0050632954	0.012566371	0	0	0.9202894	0.3909095	-0.0050632954	2.3039431e-20	-1
0	0.91017646	0.4138983	-0.005100324	0.009424778	0	0	0.91017646	0.4138983	-0.005100324	2.4187853e-20	-1
0	0.89855826	0.438538	-0.0051282663	0.0062831854	0	0	0.89855826	0.438538	-0.0051282663	2.532267e-20	-1
0	-0.4406181	0.8975516	-0.002012066	0.0037699111	0	0	-0.4406181	0.8975516	-0.002012066	2.7970935e-20	-1
0	-0.46298015	0.8862189	-0.002019574	0.002513274	0	0	-0.46298015	0.8862189	-0.002019574	2.7744145e-20	-1
0	-0.47370973	0.880528	-0.002021911	0.0018849556	0	0	-0.47370973	0.880528	-0.002021911	2.7626614e-20	-1
0	-0.4841882	0.8748075	-0.002023307	0.001256637	0	0	-0.4841882	0.8748075	-0.002023307	2.7506428e-20	-1
0	-0.48829186	0.8725228	-0.0020235984	0.0010053096	0	0	-0.48829186	0.8725228	-0.0020235984	2.7457624e-20	-1
0	-0.49440235	0.8690736	-0.0020237546	0.0006283185	0	0	-0.49440235	0.8690736	-0.0020237546	2.7383646e-20	-1
0	-0.500442	0.8656086	-0.002023568	0.0002513274	0	0	-0.500442	0.8656086	-0.002023568	2.7308754e-20	-1
0	-0.500442	0.8656086	-0.002023568	0.0001256637	0	0	-0.500442	0.8656086	-0.002023568	2.7283638e-20	-1
0	-0.500442	0.8656086	-0.002023568	6.283185e-05	0	0	-0.500442	0.8656086	-0.002023568	2.7271082e-20	-1
0	-0.504022	0.8635282	-0.0020232932	2.5132742e-05	0	0	-0.504022	0.8635282	-0.0020232932	2.726339e-20	-1
0	-0.504022	0.8635282	-0.0020232932	1.2566371e-05	0	0	-0.504022	0.8635282	-0.0020232932	2.726086e-20	-1
0	-0.504022	0.8635282	-0.0020232932	6.2831855e-06	0	0	-0.504022	0.8635282	-0.0020232932	2.7259595e-20	-1
0	-0.504022	0.8635282	-0.0020232932	2.513274e-06	0	0	-0.504022	0.8635282	-0.0020232932	2.7258836e-20	-1
0	-0.504022	0.8635282	-0.0020232932	1.256637e-06	0	0	-0.504022	0.8635282	-0.0020232932	2.7258584e-20	-1
0	-0.504022	0.8635282	-0.0020232932	6.283185e-07	0	0	-0.504022	0.8635282	-0.0020232932	2.7258458e-20	-1
0	-0.504022	0.8635282	-0.0020232932	2.513274e-07	0	0	-0.504022	0.8635282	-0.0020232932	2.7258383e-20	-1
0	-0.504022	0.8635282	-0.0020232932	1.256637e-07	0	0	-0.504022	0.8635282	-0.0020232932	2.7258357e-20	-1
0	-0.504022	0.8635282	-0.0020232932	0	0	0	-0.504022	0.8635282	-0.0020232932	2.725833e-20	-1
0	-0.504022	0.8635282	-0.0020232932	-1.256637e-07	0	0	-0.504022	0.8635282	-0.0020232932	2.7258306e-20	-1
0	-0.504022	0.8635282	-0.0020232932	-2.513274e-07	0	0	-0.504022	0.8635282	-0.0020232932	2.725828e-20	-1
0	-0.504022	0.8635282	-0.0020232932	-6.283185e-07	0	0	-0.504022	0.8635282	-0.0020232932	2.7258206e-20	-1
0	-0.504022	0.8635282	-0.0020232932	-1.256637e-06	0	0	-0.504022	0.8635282	-0.0020232932	2.725808e-20	-1
0	-0.504022	0.8635282	-0.0020232932	-2.513274e-06	0	0	-0.504022	0.8635282	-0.0020232932	2.7257824e-20	-1
0	-0.504022	0.8635282	-0.0020232932	-6.2831855e-06	0	0	-0.504022	0.8635282	-0.0020232932	2.7257065e-20	-1
0	-0.504022	0.8635282	-0.0020232932	-1.2566371e-05	0	0	-0.504022	0.8635282	-0.0020232932	2.72558e-20	-1
0	-0.504022	0.8635282	-0.0020232932	-2.5132742e-05	0	0	-0.504022	0.8635282	-0.0020232932	2.725327e-20	-1
0	-0.504022	0.8635282	-0.0020232932	-6.283185e-05	0	0	-0.504022	0.8635282	-0.0020232932	2.7245685e-20	-1
0	-0.504022	0.8635282	-0.0020232932	-0.0001256637	0	0	-0.504022	0.8635282	-0.0020232932	2.7233038e-20	-1
0	-0.5083668	0.8609765	-0.0020227877	-0.0002513274	0	0	-0.5083668	0.8609765	-0.0020227877	2.72075e-20	-1
0	-0.51423883	0.8574811	-0.0020217984	-0.0006283185	0	0	-0.51423883	0.8574811	-0.0020217984	2.7130516e-20	-1
0	-0.5200457	0.85397065	-0.0020204606	-0.0010053096	0	0	-0.5200457	0.85397065	-0.0020204606	2.705266e-20	-1
0	-0.52389085	0.85161626	-0.0020193723	-0.001256637	0	0	-0.52389085	0.85161626	-0.0020193723	2.7000266e-20	-1
0	-0.5333863	0.8456996	-0.0020159623	-0.0018849556	0	0	-0.5333863	0.8456996	-0.0020159623	2.6867611e-20	-1
0	-0.5427542	0.8397164	-0.002011544	-0.002513274	0	0	-0.5427542	0.8397164	-0.002011544	2.6732592e-20	-1
0	-0.56109	0.8275734	-0.001999632	-0.0037699111	0	0	-0.56109	0.8275734	-0.001999632	2.6455592e-20	-1
0	-0.59667873	0.80228686	-0.0019625693	-0.0062831854	0	0	-0.59667873	0.80228686	-0.0019625693	2.5874452e-20	-1
0	-0.6400354	0.7681372	-0.0018876772	-0.009424778	0	0	-0.6400354	0.7681372	-0.0018876772	2.509856e-20	-1
0	-0.6835289	0.7297005	-0.001771861	-0.012566371	0	0	-0.6835289	0.7297005	-0.001771861	2.4268372e-20	-1
0	-0.7830988	0.62164104	-0.0012928917	-0.018849555	0	0	-0.7830988	0.62164104	-0.0012928917	2.2435253e-20	-1
0	-0.9497937	-0.31251943	0.004860663	-0.025132742	0	0	-0.9497937	-0.31251943	0.004860663	1.8340683e-20	-1
0	-0.96772146	-0.25162682	0.0046257107	-0.03769911	0	0	-0.96772146	-0.25162682	0.0046257107	1.3525463e-20	-1
0	-0.9786851	-0.20492321	0.0044011157	-0.050265484	0	0	-0.9786851	-0.20492321	0.0044011157	8.639194e-21	-1
0	-0.9854374	-0.1695379	0.004204605	-0.06283186	0	0	-0.9854374	-0.1695379	0.004204605	3.709371e-21	-1
0	-0.9854374	-0.1695379	0.004204605	-0.06283186	0	0	-0.9854374	-0.1695379	0.004204605	3.709371e-21	1
0	-0.9786867	-0.20491564	0.0044011064	-0.050265484	0	0	-0.9786867	-0.20491564	0.0044011064	8.639194e-21	1
0	-0.967721	-0.25162864	0.004625717	-0.03769911	0	0	-0.967721	-0.25162864	0.004625717	1.3525464e-20	1
0	-0.94979334	-0.31252053	0.0048606666	-0.025132742	0	0	-0.94979334	-0.31252053	0.0048606666	1.834068e-20	1
0	-0.9369	-0.34925517	0.00497001	-0.018849555	0	0	-0.9369	-0.34925517	0.00497001	2.0708459e-20	1
0	-0.9202892	-0.39090997	0.0050632986	-0.012566371	0	0	-0.9202892	-0.39090997	0.0050632986	2.3039433e-20	1
0	-0.9101839	-0.41388208	0.0051003024	-0.009424778	0	0	-0.9101839	-0.41388208	0.0051003024	2.4187852e-20	1
0	-0.898563	-0.43852818	0.0051282626	-0.0062831854	0	0	-0.898563	-0.43852818	0.0051282626	2.532267e-20	1
0	-0.8879492	-0.45963025	0.0051423106	-0.0037699111	0	0	-0.8879492	-0.45963025	0.0051423106	2.6219341e-20	1
0	-0.8821174	-0.4707208	0.005145968	-0.002513274	0	0	-0.8821174	-0.4707208	0.005145968	2.6663513e-20	1
0	-0.87906057	-0.47640258	0.0051468397	-0.0018849556	0	0	-0.87906057	-0.47640258	0.0051468397	2.6884472e-20	1
0	-0.8758954	-0.4821948	0.0051470194	-0.001256637	0	0	-0.8758954	-0.4821948	0.0051470194	2.7104657e-20	1
0	-0.8758954	-0.4821948	0.0051470194	-0.0010053096	0	0	-0.8758954	-0.4821948	0.0051470194	2.719257e-20	1
0	-0.872618	-0.48809838	0.005146465	-0.0006283185	0	0	-0.872618	-0.48809838	0.005146465	2.732403e-20	1
0	-0.870597	-0.49169272	0.005145761	-0.0002513274	0	0	-0.870597	-0.49169272	0.005145761	2.7455255e-20	1
0	-0.870597	-0.49169272	0.005145761	-0.0001256637	0	0	-0.870597	-0.49169272	0.005145761	2.7498947e-20	1
0	-0.870597	-0.49169272	0.005145761	-6.283185e-05	0	0	-0.870597	-0.49169272	0.005145761	2.7520793e-20	1
0	-0.870597	-0.49169272	0.005145761	-2.5132742e-05	0	0	-0.870597	-0.49169272	0.005145761	2.75339e-20	1
0	-0.870597	-0.49169272	0.005145761	-1.2566371e-05	0	0	-0.870597	-0.49169272	0.005145761	2.7538268e-20	1
0	-0.870597	-0.49169272	0.005145761	-6.2831855e-06	0	0	-0.870597	-0.49169272	0.005145761	2.7540455e-20	1
0	-0.870597	-0.49169272	0.005145761	-2.513274e-06	0	0	-0.870597	-0.49169272	0.005145761	2.7541764e-20	1
0	-0.870597	-0.49169272	0.005145761	-1.256637e-06	0	0	-0.870597	-0.49169272	0.005145761	2.75422e-20	1
0	-0.870597	-0.49169272	0.005145761	-6.283185e-07	0	0	-0.870597	-0.49169272	0.005145761	2.754242e-20	1
0	-0.870597	-0.49169272	0.005145761	-2.513274e-07	0	0	-0.870597	-0.49169272	0.005145761	2.7542552e-20	1
0	-0.870597	-0.49169272	0.005145761	-1.256637e-07	0	0	-0.870597	-0.49169272	0.005145761	2.7542594e-20	1
0	-0.870597	-0.49169272	0.005145761	0	0	0	-0.870597	-0.49169272	0.005145761	2.754264e-20	1
0	-0.870597	-0.49169272	0.005145761	1.256637e-07	0	0	-0.870597	-0.49169272	0.005145761	2.754268e-20	1
0	-0.870597	-0.49169272	0.005145761	2.513274e-07	0	0	-0.870597	-0.49169272	0.005145761	2.7542727e-20	1
0	-0.870597	-0.49169272	0.005145761	6.283185e-07	0	0	-0.870597	-0.49169272	0.005145761	2.7542856e-20	1
0	-0.870597	-0.49169272	0.005145761	1.256637e-06	0	0	-0.870597	-0.49169272	0.005145761	2.7543076e-20	1
0	-0.870597	-0.49169272	0.005145761	2.513274e-06	0	0	-0.870597	-0.49169272	0.005145761	2.7543512e-20	1
0	-0.870597	-0.49169272	0.005145761	6.2831855e-06	0	0	-0.870597	-0.49169272	0.005145761	2.7544824e-20	1
0	-0.870597	-0.49169272	0.005145761	1.2566371e-05	0	0	-0.870597	-0.49169272	0.005145761	2.7547008e-20	1
0	-0.870597	-0.49169272	0.005145761	2.5132742e-05	0	0	-0.870597	-0.49169272	0.005145761	2.7551376e-20	1
0	-0.870597	-0.49169272	0.005145761	6.283185e-05	0	0	-0.870597	-0.49169272	0.005145761	2.7564482e-20	1
0	-0.86852926	-0.49533457	0.0051447647	0.0001256637	0	0	-0.86852926	-0.49533457	0.0051447647	2.7586173e-20	1
0	-0.86852926	-0.49533457	0.0051447647	0.0002513274	0	0	-0.86852926	-0.49533457	0.0051447647	2.762976e-20	1
0	-0.86570174	-0.500258	0.005142957	0.0006283185	0	0	-0.86570174	-0.500258	0.005142957	2.776024e-20	1
0	-0.86352384	-0.5040066	0.005141259	0.0010053096	0	0	-0.86352384	-0.5040066	0.005141259	2.7890407e-20	1
0	-0.86352384	-0.5040066	0.005141259	0.001256637	0	0	-0.86352384	-0.5040066	0.005141259	2.797708e-20	1
0	-0.85824555	-0.51293993	0.005135881	0.0018849556	0	0	-0.85824555	-0.51293993	0.005135881	2.8192842e-20	1
0	-0.85428834	-0.5195013	0.0051308325	0.002513274	0	0	-0.85428834	-0.5195013	0.0051308325	2.84077e-20	1
0	-0.845865	-0.53310215	0.005117347	0.0037699111	0	0	-0.845865	-0.53310215	0.005117347	2.883434e-20	1
0	-0.8264394	-0.5627377	0.0050735795	0.0062831854	0	0	-0.8264394	-0.5627377	0.0050735795	2.967391e-20	1
0	-0.79495	-0.60639775	0.004972438	0.009424778	0	0	-0.79495	-0.60639775	0.004972438	3.069212e-20	1
0	-0.7455014	-0.66624385	0.0047606127	0.012566371	0	0	-0.7455014	-0.66624385	0.0047606127	3.1661566e-20	1
0	0.7831001	-0.6216394	0.001292883	0.018849555	0	0	0.7831001	-0.6216394	0.001292883	2.2435255e-20	1
0	0.94979775	0.3125071	-0.004860628	0.025132742	0	0	0.94979775	0.3125071	-0.004860628	1.834068e-20	1
0	0.96772087	0.25162923	-0.00462572	0.03769911	0	0	0.96772087	0.25162923	-0.00462572	1.3525466e-20	1
0	0.9786856	0.20492065	-0.004401099	0.050265484	0	0	0.9786856	0.20492065	-0.004401099	8.639198e-21	1
0	0.9854375	0.16953734	-0.0042046094	0.06283186	0	0	0.9854375	0.16953734	-0.0042046094	3.709371e-21	1
