# t (s)	mx ()	my ()	mz ()	B_extx (T)	B_exty (T)	B_extz (T)	mx ()	my ()	mz ()	E_total (J)	branch ()
0	-0.03172016	0.9994315	0.00039224693	0	0.06283186	0	-0.03172016	0.9994315	0.00039224693	4.5965837e-21	-1
0	-0.037565652	0.9992279	0.00040016434	0	0.050265484	0	-0.037565652	0.9992279	0.00040016434	9.611768e-21	-1
0	-0.04600162	0.99887407	0.0004102739	0	0.03769911	0	-0.04600162	0.99887407	0.0004102739	1.46256e-20	-1
0	-0.05919563	0.99817777	0.00042431566	0	0.025132742	0	-0.05919563	0.99817777	0.00042431566	1.963692e-20	-1
0	-0.06901516	0.9975461	0.00043393316	0	0.018849555	0	-0.06901516	0.9975461	0.00043393316	2.2140869e-20	-1
0	-0.08258027	0.9965136	0.00044647657	0	0.012566371	0	-0.08258027	0.9965136	0.00044647657	2.4642778e-20	-1
0	-0.091508366	0.99573267	0.00045437802	0	0.009424778	0	-0.091508366	0.99573267	0.00045437802	2.5892569e-20	-1
0	-0.10253229	0.9946569	0.00046382035	0	0.0062831854	0	-0.10253229	0.9946569	0.00046382035	2.7141198e-20	-1
0	-0.113380134	0.9934778	0.00047281367	0	0.0037699111	0	-0.113380134	0.9934778	0.00047281367	2.8138975e-20	-1
0	-0.11969882	0.9927357	0.00047792768	0	0.002513274	0	-0.11969882	0.9927357	0.00047792768	2.863737e-20	-1
0	-0.123118386	0.992317	0.00048065075	0	0.0018849556	0	-0.123118386	0.992317	0.00048065075	2.8886423e-20	-1
0	-0.12672883	0.991862	0.0004835132	0	0.001256637	0	-0.12672883	0.991862	0.0004835132	2.913536e-20	-1
0	-0.12824267	0.9916673	0.00048470218	0	0.0010053096	0	-0.12824267	0.9916673	0.00048470218	2.9234902e-20	-1
0	-0.13057	0.9913633	0.00048651942	0	0.0006283185	0	-0.13057	0.9913633	0.00048651942	2.9384186e-20	-1
0	-0.13297391	0.9910434	0.0004883851	0	0.0002513274	0	-0.13297391	0.9910434	0.0004883851	2.9533414e-20	-1
0	-0.1338125	0.99093044	0.00048903236	0	0.0001256637	0	-0.1338125	0.99093044	0.00048903236	2.958315e-20	-1
0	-0.1338125	0.99093044	0.00048903236	0	6.283185e-05	0	-0.1338125	0.99093044	0.00048903236	2.9608012e-20	-1
0	-0.1338125	0.99093044	0.00048903236	0	2.5132742e-05	0	-0.1338125	0.99093044	0.00048903236	2.962293e-20	-1
0	-0.1338125	0.99093044	0.00048903236	0	1.2566371e-05	0	-0.1338125	0.99093044	0.00048903236	2.9627903e-20	-1
0	-0.1338125	0.99093044	0.00048903236	0	6.2831855e-06	0	-0.1338125	0.99093044	0.00048903236	2.963039e-20	-1
0	-0.1338125	0.99093044	0.00048903236	0	2.513274e-06	0	-0.1338125	0.99093044	0.00048903236	2.963188e-20	-1
0	-0.1338125	0.99093044	0.00048903236	0	1.256637e-06	0	-0.1338125	0.99093044	0.00048903236	2.963238e-20	-1
0	-0.1338125	0.99093044	0.00048903236	0	6.283185e-07	0	-0.1338125	0.99093044	0.00048903236	2.9632627e-20	-1
0	-0.1338125	0.99093044	0.00048903236	0	2.513274e-07	0	-0.1338125	0.99093044	0.00048903236	2.9632776e-20	-1
0	-0.1338125	0.99093044	0.00048903236	0	1.256637e-07	0	-0.1338125	0.99093044	0.00048903236	2.9632828e-20	-1
0	-0.1338125	0.99093044	0.00048903236	0	0	0	-0.1338125	0.99093044	0.00048903236	2.9632876e-20	-1
0	-0.1338125	0.99093044	0.00048903236	0	-1.256637e-07	0	-0.1338125	0.99093044	0.00048903236	2.9632928e-20	-1
0	-0.1338125	0.99093044	0.00048903236	0	-2.513274e-07	0	-0.1338125	0.99093044	0.00048903236	2.9632976e-20	-1
0	-0.1338125	0.99093044	0.00048903236	0	-6.283185e-07	0	-0.1338125	0.99093044	0.00048903236	2.9633125e-20	-1
0	-0.1338125	0.99093044	0.00048903236	0	-1.256637e-06	0	-0.1338125	0.99093044	0.00048903236	2.9633374e-20	-1
0	-0.1338125	0.99093044	0.00048903236	0	-2.513274e-06	0	-0.1338125	0.99093044	0.00048903236	2.963387e-20	-1
0	-0.1338125	0.99093044	0.00048903236	0	-6.2831855e-06	0	-0.1338125	0.99093044	0.00048903236	2.9635364e-20	-1
0	-0.1338125	0.99093044	0.00048903236	0	-1.2566371e-05	0	-0.1338125	0.99093044	0.00048903236	2.963785e-20	-1
0	-0.1338125	0.99093044	0.00048903236	0	-2.5132742e-05	0	-0.1338125	0.99093044	0.00048903236	2.9642822e-20	-1
0	-0.1338125	0.99093044	0.00048903236	0	-6.283185e-05	0	-0.1338125	0.99093044	0.00048903236	2.9657743e-20	-1
0	-0.13547972	0.9907037	0.00049031666	0	-0.0001256637	0	-0.13547972	0.9907037	0.00049031666	2.9682598e-20	-1
0	-0.13634707	0.9905846	0.0004909815	0	-0.0002513274	0	-0.13634707	0.9905846	0.0004909815	2.973231e-20	-1
0	-0.13898106	0.99021816	0.00049299165	0	-0.0006283185	0	-0.13898106	0.99021816	0.00049299165	2.988142e-20	-1
0	-0.14171922	0.98982966	0.0004950728	0	-0.0010053096	0	-0.14171922	0.98982966	0.0004950728	3.0030475e-20	-1
0	-0.14360842	0.98955715	0.0004964895	0	-0.001256637	0	-0.14360842	0.98955715	0.0004964895	3.0129808e-20	-1
0	-0.14854541	0.98882747	0.0005001709	0	-0.0018849556	0	-0.14854541	0.98882747	0.0005001709	3.0378024e-20	-1
0	-0.1538777	0.98801106	0.0005040882	0	-0.002513274	0	-0.1538777	0.98801106	0.0005040882	3.0626046e-20	-1
0	-0.16579786	0.9860793	0.0005126279	0	-0.0037699111	0	-0.16579786	0.9860793	0.0005126279	3.1121407e-20	-1
0	-0.19705275	0.9803076	0.00053354376	0	-0.0062831854	0	-0.19705275	0.9803076	0.00053354376	3.2108515e-20	-1
0	-0.27141982	0.9623612	0.000573838	0	-0.009424778	0	-0.27141982	0.9623612	0.000573838	3.332963e-20	-1
0	-0.8969252	-0.44189155	-0.0003360167	0	-0.012566371	0	-0.8969252	-0.44189155	-0.0003360167	2.5968867e-20	-1
0	0.06902176	-0.9975456	-0.00043393782	0	-0.018849555	0	0.06902176	-0.9975456	-0.00043393782	2.2140869e-20	-1
0	0.059204288	-0.9981773	-0.00042432282	0	-0.025132742	0	0.059204288	-0.9981773	-0.00042432282	1.9636919e-20	-1
0	0.046003364	-0.99887395	-0.0004102749	0	-0.03769911	0	0.046003364	-0.99887395	-0.0004102749	1.4625597e-20	-1
0	0.03756961	-0.99922776	-0.0004001715	0	-0.050265484	0	0.03756961	-0.99922776	-0.0004001715	9.611767e-21	-1
0	0.03172853	-0.9994312	-0.00039223567	0	-0.06283186	0	0.03172853	-0.9994312	-0.00039223567	4.59658e-21	-1
0	0.03172853	-0.9994312	-0.00039223567	0	-0.06283186	0	0.03172853	-0.9994312	-0.00039223567	4.59658e-21	1
0	0.03756625	-0.9992279	-0.00040016347	0	-0.050265484	0	0.03756625	-0.9992279	-0.00040016347	9.611769e-21	1
0	0.04599777	-0.99887425	-0.0004102705	0	-0.03769911	0	0.04599777	-0.99887425	-0.0004102705	1.4625599e-20	1
0	0.05919855	-0.9981776	-0.00042431365	0	-0.025132742	0	0.05919855	-0.9981776	-0.00042431365	1.9636922e-20	1
0	0.069014475	-0.9975461	-0.00043393238	0	-0.018849555	0	0.069014475	-0.9975461	-0.00043393238	2.2140869e-20	1
0	0.082594834	-0.9965124	-0.0004464887	0	-0.012566371	0	0.082594834	-0.9965124	-0.0004464887	2.4642778e-20	1
0	0.091521345	-0.9957315	-0.00045438873	0	-0.009424778	0	0.091521345	-0.9957315	-0.00045438873	2.5892566e-20	1
0	0.10252905	-0.9946573	-0.00046381727	0	-0.0062831854	0	0.10252905	-0.9946573	-0.00046381727	2.71412e-20	1
0	0.11337936	-0.9934779	-0.00047281478	0	-0.0037699111	0	0.11337936	-0.9934779	-0.00047281478	2.8138975e-20	1
0	0.119692385	-0.99273646	-0.00047792302	0	-0.002513274	0	0.119692385	-0.99273646	-0.00047792302	2.863737e-20	1
0	0.123109385	-0.99231815	-0.00048065057	0	-0.0018849556	0	0.123109385	-0.99231815	-0.00048065057	2.888642e-20	1
0	0.12671116	-0.9918642	-0.00048349967	0	-0.001256637	0	0.12671116	-0.9918642	-0.00048349967	2.913536e-20	1
0	0.1282585	-0.9916652	-0.00048470858	0	-0.0010053096	0	0.1282585	-0.9916652	-0.00048470858	2.9234905e-20	1
0	0.13058157	-0.99136174	-0.00048652798	0	-0.0006283185	0	0.13058157	-0.99136174	-0.00048652798	2.9384182e-20	1
0	0.1329664	-0.9910444	-0.00048837985	0	-0.0002513274	0	0.1329664	-0.9910444	-0.00048837985	2.953341e-20	1
0	0.13380843	-0.99093103	-0.00048903807	0	-0.0001256637	0	0.13380843	-0.99093103	-0.00048903807	2.9583145e-20	1
0	0.13421512	-0.99087596	-0.00048934337	0	-6.283185e-05	0	0.13421512	-0.99087596	-0.00048934337	2.9608006e-20	1
0	0.13421512	-0.99087596	-0.00048934337	0	-2.5132742e-05	0	0.13421512	-0.99087596	-0.00048934337	2.9622924e-20	1
0	0.13421512	-0.99087596	-0.00048934337	0	-1.2566371e-05	0	0.13421512	-0.99087596	-0.00048934337	2.9627897e-20	1
0	0.13421512	-0.99087596	-0.00048934337	0	-6.2831855e-06	0	0.13421512	-0.99087596	-0.00048934337	2.9630385e-20	1
0	0.13421512	-0.99087596	-0.00048934337	0	-2.513274e-06	0	0.13421512	-0.99087596	-0.00048934337	2.9631875e-20	1
0	0.13421512	-0.99087596	-0.00048934337	0	-1.256637e-06	0	0.13421512	-0.99087596	-0.00048934337	2.9632372e-20	1
0	0.13421512	-0.99087596	-0.00048934337	0	-6.283185e-07	0	0.13421512	-0.99087596	-0.00048934337	2.963262e-20	1
0	0.13421512	-0.99087596	-0.00048934337	0	-2.513274e-07	0	0.13421512	-0.99087596	-0.00048934337	2.963277e-20	1
0	0.13421512	-0.99087596	-0.00048934337	0	-1.256637e-07	0	0.13421512	-0.99087596	-0.00048934337	2.963282e-20	1
0	0.13421512	-0.99087596	-0.00048934337	0	0	0	0.13421512	-0.99087596	-0.00048934337	2.963287e-20	1
0	0.13421512	-0.99087596	-0.00048934337	0	1.256637e-07	0	0.13421512	-0.99087596	-0.00048934337	2.963292e-20	1
0	0.13421512	-0.99087596	-0.00048934337	0	2.513274e-07	0	0.13421512	-0.99087596	-0.00048934337	2.963297e-20	1
0	0.13421512	-0.99087596	-0.00048934337	0	6.283185e-07	0	0.13421512	-0.99087596	-0.00048934337	2.963312e-20	1
0	0.13421512	-0.99087596	-0.00048934337	0	1.256637e-06	0	0.13421512	-0.99087596	-0.00048934337	2.9633367e-20	1
0	0.13421512	-0.99087596	-0.00048934337	0	2.513274e-06	0	0.13421512	-0.99087596	-0.00048934337	2.9633865e-20	1
0	0.13421512	-0.99087596	-0.00048934337	0	6.2831855e-06	0	0.13421512	-0.99087596	-0.00048934337	2.9635358e-20	1
0	0.13421512	-0.99087596	-0.00048934337	0	1.2566371e-05	0	0.13421512	-0.99087596	-0.00048934337	2.9637843e-20	1
0	0.13421512	-0.99087596	-0.00048934337	0	2.5132742e-05	0	0.13421512	-0.99087596	-0.00048934337	2.9642815e-20	1
0	0.13421512	-0.99087596	-0.00048934337	0	6.283185e-05	0	0.13421512	-0.99087596	-0.00048934337	2.9657734e-20	1
0	0.13421512	-0.99087596	-0.00048934337	0	0.0001256637	0	0.13421512	-0.99087596	-0.00048934337	2.9682598e-20	1
0	0.13634522	-0.99058485	-0.00049096486	0	0.0002513274	0	0.13634522	-0.99058485	-0.00049096486	2.9732306e-20	1
0	0.13899103	-0.99021673	-0.00049299916	0	0.0006283185	0	0.13899103	-0.99021673	-0.00049299916	2.988142e-20	1
0	0.14172043	-0.98982954	-0.0004950679	0	0.0010053096	0	0.14172043	-0.98982954	-0.0004950679	3.0030472e-20	1
0	0.14172043	-0.98982954	-0.0004950679	0	0.001256637	0	0.14172043	-0.98982954	-0.0004950679	3.0129824e-20	1
0	0.14854994	-0.9888268	-0.0005001731	0	0.0018849556	0	0.14854994	-0.9888268	-0.0005001731	3.0378024e-20	1
0	0.15387507	-0.9880115	-0.00050408585	0	0.002513274	0	0.15387507	-0.9880115	-0.00050408585	3.0626046e-20	1
0	0.16582865	-0.9860741	-0.00051264925	0	0.0037699111	0	0.16582865	-0.9860741	-0.00051264925	3.112141e-20	1
0	0.1971066	-0.98029673	-0.0005335716	0	0.0062831854	0	0.1971066	-0.98029673	-0.0005335716	3.2108515e-20	1
0	0.27142882	-0.9623587	-0.0005738422	0	0.009424778	0	0.27142882	-0.9623587	-0.0005738422	3.332963e-20	1
0	0.89692646	0.44188905	0.00033601868	0	0.012566371	0	0.89692646	0.44188905	0.00033601868	2.5968865e-20	1
0	-0.069011465	0.9975463	0.00043393008	0	0.018849555	0	-0.069011465	0.9975463	0.00043393008	2.2140867e-20	1
0	-0.05921427	0.9981767	0.00042433117	0	0.025132742	0	-0.05921427	0.9981767	0.00042433117	1.9636917e-20	1
0	-0.046004042	0.99887395	0.00041027917	0	0.03769911	0	-0.046004042	0.99887395	0.00041027917	1.4625595e-20	1
0	-0.03757019	0.9992277	0.00040016652	0	0.050265484	0	-0.03757019	0.9992277	0.00040016652	9.611764e-21	1
0	-0.031726003	0.99943125	0.0003922515	0	0.06283186	0	-0.031726003	0.99943125	0.0003922515	4.5965817e-21	1
