# t (s)	mx ()	my ()	mz ()	B_extx (T)	B_exty (T)	B_extz (T)	mx ()	my ()	mz ()	E_total (J)	branch ()
0	0.9963043	-0.08495439	0.0052215056	0.06283186	0	0	0.9963043	-0.08495439	0.0052215056	2.8575322e-21	-1
0	0.9951483	-0.097547255	0.0052863434	0.050265484	0	0	0.9951483	-0.097547255	0.0052863434	7.854785e-21	-1
0	0.9933678	-0.11424288	0.0053565595	0.03769911	0	0	0.9933678	-0.11424288	0.0053565595	1.2844817e-20	-1
0	0.99044377	-0.1372793	0.005431943	0.025132742	0	0	0.99044377	-0.1372793	0.005431943	1.7823345e-20	-1
0	0.9882356	-0.15235043	0.0054707127	0.018849555	0	0	0.9882356	-0.15235043	0.0054707127	2.0305985e-20	-1
0	0.9852082	-0.17082024	0.0055087307	0.012566371	0	0	0.9852082	-0.17082024	0.0055087307	2.278213e-20	-1
0	0.98325753	-0.18170312	0.00552669	0.009424778	0	0	0.98325753	-0.18170312	0.00552669	2.4017013e-20	-1
0	0.980911	-0.19396183	0.0055432427	0.0062831854	0	0	0.980911	-0.19396183	0.0055432427	2.5249208e-20	-1
0	0.9786721	-0.20495129	0.005554907	0.0037699111	0	0	0.9786721	-0.20495129	0.005554907	2.6232652e-20	-1
0	0.9774053	-0.21090522	0.0055600093	0.002513274	0	0	0.9774053	-0.21090522	0.0055600093	2.6723488e-20	-1
0	0.976732	-0.21399933	0.0055623353	0.0018849556	0	0	0.976732	-0.21399933	0.0055623353	2.6968654e-20	-1
0	0.9760272	-0.21718886	0.0055644936	0.001256637	0	0	0.9760272	-0.21718886	0.0055644936	2.7213657e-20	-1
0	0.9760272	-0.21718886	0.0055644936	0.0010053096	0	0	0.9760272	-0.21718886	0.0055644936	2.731162e-20	-1
0	0.9752868	-0.22048727	0.0055664647	0.0006283185	0	0	0.9752868	-0.22048727	0.0055664647	2.7458477e-20	-1
0	0.97483265	-0.22248486	0.0055675553	0.0002513274	0	0	0.97483265	-0.22248486	0.0055675553	2.7605272e-20	-1
0	0.97483265	-0.22248486	0.0055675553	0.0001256637	0	0	0.97483265	-0.22248486	0.0055675553	2.7654196e-20	-1
0	0.97483265	-0.22248486	0.0055675553	6.283185e-05	0	0	0.97483265	-0.22248486	0.0055675553	2.7678656e-20	-1
0	0.97483265	-0.22248486	0.0055675553	2.5132742e-05	0	0	0.97483265	-0.22248486	0.0055675553	2.7693335e-20	-1
0	0.97483265	-0.22248486	0.0055675553	1.2566371e-05	0	0	0.97483265	-0.22248486	0.0055675553	2.7698227e-20	-1
0	0.97483265	-0.22248486	0.0055675553	6.2831855e-06	0	0	0.97483265	-0.22248486	0.0055675553	2.7700673e-20	-1
0	0.97483265	-0.22248486	0.0055675553	2.513274e-06	0	0	0.97483265	-0.22248486	0.0055675553	2.770214e-20	-1
0	0.97483265	-0.22248486	0.0055675553	1.256637e-06	0	0	0.97483265	-0.22248486	0.0055675553	2.7702628e-20	-1
0	0.97483265	-0.22248486	0.0055675553	6.283185e-07	0	0	0.97483265	-0.22248486	0.0055675553	2.7702873e-20	-1
0	0.97483265	-0.22248486	0.0055675553	2.513274e-07	0	0	0.97483265	-0.22248486	0.0055675553	2.770302e-20	-1
0	0.97483265	-0.22248486	0.0055675553	1.256637e-07	0	0	0.97483265	-0.22248486	0.0055675553	2.770307e-20	-1
0	0.97483265	-0.22248486	0.0055675553	0	0	0	0.97483265	-0.22248486	0.0055675553	2.770312e-20	-1
0	0.97483265	-0.22248486	0.0055675553	-1.256637e-07	0	0	0.97483265	-0.22248486	0.0055675553	2.7703167e-20	-1
0	0.97483265	-0.22248486	0.0055675553	-2.513274e-07	0	0	0.97483265	-0.22248486	0.0055675553	2.7703216e-20	-1
0	0.97483265	-0.22248486	0.0055675553	-6.283185e-07	0	0	0.97483265	-0.22248486	0.0055675553	2.770336e-20	-1
0	0.97483265	-0.22248486	0.0055675553	-1.256637e-06	0	0	0.97483265	-0.22248486	0.0055675553	2.7703607e-20	-1
0	0.97483265	-0.22248486	0.0055675553	-2.513274e-06	0	0	0.97483265	-0.22248486	0.0055675553	2.7704098e-20	-1
0	0.97483265	-0.22248486	0.0055675553	-6.2831855e-06	0	0	0.97483265	-0.22248486	0.0055675553	2.7705565e-20	-1
0	0.97483265	-0.22248486	0.0055675553	-1.2566371e-05	0	0	0.97483265	-0.22248486	0.0055675553	2.770801e-20	-1
0	0.97483265	-0.22248486	0.0055675553	-2.5132742e-05	0	0	0.97483265	-0.22248486	0.0055675553	2.7712903e-20	-1
0	0.97483265	-0.22248486	0.0055675553	-6.283185e-05	0	0	0.97483265	-0.22248486	0.0055675553	2.772758e-20	-1
0	0.9743601	-0.22454369	0.0055685667	-0.0001256637	0	0	0.9743601	-0.22454369	0.0055685667	2.7752006e-20	-1
0	0.9743601	-0.22454369	0.0055685667	-0.0002513274	0	0	0.9743601	-0.22454369	0.0055685667	2.7800907e-20	-1
0	0.9737084	-0.22735119	0.0055697868	-0.0006283185	0	0	0.9737084	-0.22735119	0.0055697868	2.7947535e-20	-1
0	0.9732077	-0.22948375	0.0055706003	-0.0010053096	0	0	0.9732077	-0.22948375	0.0055706003	2.8094097e-20	-1
0	0.9732077	-0.22948375	0.0055706003	-0.001256637	0	0	0.9732077	-0.22948375	0.0055706003	2.819178e-20	-1
0	0.9719764	-0.23464042	0.0055721262	-0.0018849556	0	0	0.9719764	-0.23464042	0.0055721262	2.8435762e-20	-1
0	0.9710399	-0.23848343	0.005572874	-0.002513274	0	0	0.9710399	-0.23848343	0.005572874	2.867954e-20	-1
0	0.96902895	-0.24652176	0.005573347	-0.0037699111	0	0	0.96902895	-0.24652176	0.005573347	2.916636e-20	-1
0	0.9642893	-0.2644422	0.00556927	-0.0062831854	0	0	0.9642893	-0.2644422	0.00556927	3.013668e-20	-1
0	0.9565097	-0.29131216	0.005549852	-0.009424778	0	0	0.9565097	-0.29131216	0.005549852	3.1341883e-20	-1
0	0.94529617	-0.32584575	0.0055017145	-0.012566371	0	0	0.94529617	-0.32584575	0.0055017145	3.253539e-20	-1
0	-0.98823494	0.15235454	-0.005470721	-0.018849555	0	0	-0.98823494	0.15235454	-0.005470721	2.0305987e-20	-1
0	-0.9904432	0.1372833	-0.0054319478	-0.025132742	0	0	-0.9904432	0.1372833	-0.0054319478	1.7823345e-20	-1
0	-0.9933675	0.114245206	-0.0053565633	-0.03769911	0	0	-0.9933675	0.114245206	-0.0053565633	1.2844816e-20	-1
0	-0.99514806	0.0975505	-0.005286352	-0.050265484	0	0	-0.99514806	0.0975505	-0.005286352	7.8547875e-21	-1
0	-0.99630404	0.084956825	-0.005221511	-0.06283186	0	0	-0.99630404	0.084956825	-0.005221511	2.8575314e-21	-1
0	-0.99630404	0.084956825	-0.005221511	-0.06283186	0	0	-0.99630404	0.084956825	-0.005221511	2.8575314e-21	1
0	-0.9951484	0.0975464	-0.0052863443	-0.050265484	0	0	-0.9951484	0.0975464	-0.0052863443	7.854784e-21	1
0	-0.99336827	0.11423908	-0.005356554	-0.03769911	0	0	-0.99336827	0.11423908	-0.005356554	1.2844815e-20	1
0	-0.9904438	0.1372786	-0.005431941	-0.025132742	0	0	-0.9904438	0.1372786	-0.005431941	1.7823345e-20	1
0	-0.9882362	0.15234652	-0.0054707136	-0.018849555	0	0	-0.9882362	0.15234652	-0.0054707136	2.030599e-20	1
0	-0.9852081	0.17082071	-0.0055087325	-0.012566371	0	0	-0.9852081	0.17082071	-0.0055087325	2.2782132e-20	1
0	-0.9832581	0.18169989	-0.0055266824	-0.009424778	0	0	-0.9832581	0.18169989	-0.0055266824	2.401701e-20	1
0	-0.9809114	0.19396013	-0.00554326	-0.0062831854	0	0	-0.9809114	0.19396013	-0.00554326	2.5249205e-20	1
0	-0.978672	0.20495176	-0.005554906	-0.0037699111	0	0	-0.978672	0.20495176	-0.005554906	2.6232652e-20	1
0	-0.9774065	0.21089947	-0.005560009	-0.002513274	0	0	-0.9774065	0.21089947	-0.005560009	2.6723487e-20	1
0	-0.976731	0.21400374	-0.0055623353	-0.0018849556	0	0	-0.976731	0.21400374	-0.0055623353	2.6968657e-20	1
0	-0.9760281	0.21718457	-0.005564493	-0.001256637	0	0	-0.9760281	0.21718457	-0.005564493	2.7213657e-20	1
0	-0.9760281	0.21718457	-0.005564493	-0.0010053096	0	0	-0.9760281	0.21718457	-0.005564493	2.731162e-20	1
0	-0.97528994	0.22047336	-0.0055664657	-0.0006283185	0	0	-0.97528994	0.22047336	-0.0055664657	2.7458477e-20	1
0	-0.97483134	0.2224904	-0.0055675544	-0.0002513274	0	0	-0.97483134	0.2224904	-0.0055675544	2.7605272e-20	1
0	-0.97483134	0.2224904	-0.0055675544	-0.0001256637	0	0	-0.97483134	0.2224904	-0.0055675544	2.7654196e-20	1
0	-0.97483134	0.2224904	-0.0055675544	-6.283185e-05	0	0	-0.97483134	0.2224904	-0.0055675544	2.7678656e-20	1
0	-0.97483134	0.2224904	-0.0055675544	-2.5132742e-05	0	0	-0.97483134	0.2224904	-0.0055675544	2.769333e-20	1
0	-0.97483134	0.2224904	-0.0055675544	-1.2566371e-05	0	0	-0.97483134	0.2224904	-0.0055675544	2.7698224e-20	1
0	-0.97483134	0.2224904	-0.0055675544	-6.2831855e-06	0	0	-0.97483134	0.2224904	-0.0055675544	2.770067e-20	1
0	-0.97483134	0.2224904	-0.0055675544	-2.513274e-06	0	0	-0.97483134	0.2224904	-0.0055675544	2.770214e-20	1
0	-0.97483134	0.2224904	-0.0055675544	-1.256637e-06	0	0	-0.97483134	0.2224904	-0.0055675544	2.7702628e-20	1
0	-0.97483134	0.2224904	-0.0055675544	-6.283185e-07	0	0	-0.97483134	0.2224904	-0.0055675544	2.7702873e-20	1
0	-0.97483134	0.2224904	-0.0055675544	-2.513274e-07	0	0	-0.97483134	0.2224904	-0.0055675544	2.770302e-20	1
0	-0.97483134	0.2224904	-0.0055675544	-1.256637e-07	0	0	-0.97483134	0.2224904	-0.0055675544	2.7703067e-20	1
0	-0.97483134	0.2224904	-0.0055675544	0	0	0	-0.97483134	0.2224904	-0.0055675544	2.7703116e-20	1
0	-0.97483134	0.2224904	-0.0055675544	1.256637e-07	0	0	-0.97483134	0.2224904	-0.0055675544	2.7703167e-20	1
0	-0.97483134	0.2224904	-0.0055675544	2.513274e-07	0	0	-0.97483134	0.2224904	-0.0055675544	2.7703216e-20	1
0	-0.97483134	0.2224904	-0.0055675544	6.283185e-07	0	0	-0.97483134	0.2224904	-0.0055675544	2.770336e-20	1
0	-0.97483134	0.2224904	-0.0055675544	1.256637e-06	0	0	-0.97483134	0.2224904	-0.0055675544	2.7703607e-20	1
0	-0.97483134	0.2224904	-0.0055675544	2.513274e-06	0	0	-0.97483134	0.2224904	-0.0055675544	2.7704095e-20	1
0	-0.97483134	0.2224904	-0.0055675544	6.2831855e-06	0	0	-0.97483134	0.2224904	-0.0055675544	2.770556e-20	1
0	-0.97483134	0.2224904	-0.0055675544	1.2566371e-05	0	0	-0.97483134	0.2224904	-0.0055675544	2.7708008e-20	1
0	-0.97483134	0.2224904	-0.0055675544	2.5132742e-05	0	0	-0.97483134	0.2224904	-0.0055675544	2.77129e-20	1
0	-0.97483134	0.2224904	-0.0055675544	6.283185e-05	0	0	-0.97483134	0.2224904	-0.0055675544	2.772758e-20	1
0	-0.97435987	0.22454464	-0.0055685607	0.0001256637	0	0	-0.97435987	0.22454464	-0.0055685607	2.7752003e-20	1
0	-0.97435987	0.22454464	-0.0055685607	0.0002513274	0	0	-0.97435987	0.22454464	-0.0055685607	2.78009e-20	1
0	-0.9737116	0.2273373	-0.0055697877	0.0006283185	0	0	-0.9737116	0.2273373	-0.0055697877	2.794753e-20	1
0	-0.9732074	0.2294847	-0.0055706007	0.0010053096	0	0	-0.9732074	0.2294847	-0.0055706007	2.8094094e-20	1
0	-0.9732074	0.2294847	-0.0055706007	0.001256637	0	0	-0.9732074	0.2294847	-0.0055706007	2.8191776e-20	1
0	-0.9719756	0.23464343	-0.0055721346	0.0018849556	0	0	-0.9719756	0.23464343	-0.0055721346	2.8435762e-20	1
0	-0.971043	0.23847082	-0.0055728797	0.002513274	0	0	-0.971043	0.23847082	-0.0055728797	2.8679538e-20	1
0	-0.9690239	0.24654132	-0.005573359	0.0037699111	0	0	-0.9690239	0.24654132	-0.005573359	2.916636e-20	1
0	-0.9642849	0.26445842	-0.005569256	0.0062831854	0	0	-0.9642849	0.26445842	-0.005569256	3.013668e-20	1
0	-0.9565099	0.2913115	-0.0055498527	0.009424778	0	0	-0.9565099	0.2913115	-0.0055498527	3.134188e-20	1
0	-0.94530547	0.32581872	-0.0055017695	0.012566371	0	0	-0.94530547	0.32581872	-0.0055017695	3.253539e-20	1
0	0.98823655	-0.15234376	0.0054707103	0.018849555	0	0	0.98823655	-0.15234376	0.0054707103	2.0305987e-20	1
0	0.9904429	-0.13728566	0.005431951	0.025132742	0	0	0.9904429	-0.13728566	0.005431951	1.7823346e-20	1
0	0.9933674	-0.11424619	0.005356565	0.03769911	0	0	0.9933674	-0.11424619	0.005356565	1.2844814e-20	1
0	0.99514806	-0.097549945	0.005286351	0.050265484	0	0	0.99514806	-0.097549945	0.005286351	7.854784e-21	1
0	0.9963041	-0.08495686	0.0052215117	0.06283186	0	0	0.9963041	-0.08495686	0.0052215117	2.8575294e-21	1
