# t (s)	mx ()	my ()	mz ()	B_extx (T)	B_exty (T)	B_extz (T)	mx ()	my ()	mz ()	E_total (J)	branch ()
0	0.9987744	0.048177563	-0.00026364467	0.06283186	0	0	0.9987744	0.048177563	-0.00026364467	2.3158325e-21	-1
0	0.99843407	0.054760385	-0.0002661781	0.050265484	0	0	0.99843407	0.054760385	-0.0002661781	7.32739e-21	-1
0	0.9979218	0.063395575	-0.00026883732	0.03769911	0	0	0.9979218	0.063395575	-0.00026883732	1.2336845e-20	-1
0	0.9971001	0.075204015	-0.00027161537	0.025132742	0	0	0.9971001	0.075204015	-0.00027161537	1.7343029e-20	-1
0	0.99648976	0.08289069	-0.00027302653	0.018849555	0	0	0.99648976	0.08289069	-0.00027302653	1.9844278e-20	-1
0	0.995662	0.09229225	-0.000274417	0.012566371	0	0	0.995662	0.09229225	-0.000274417	2.234374e-20	-1
0	0.99513316	0.0978232	-0.00027505998	0.009424778	0	0	0.99513316	0.0978232	-0.00027505998	2.3592603e-20	-1
0	0.9944999	0.10405758	-0.00027571566	0.0062831854	0	0	0.9944999	0.10405758	-0.00027571566	2.4840735e-20	-1
0	0.9939015	0.10962103	-0.0002761823	0.0037699111	0	0	0.9939015	0.10962103	-0.0002761823	2.5838623e-20	-1
0	0.9935641	0.11263451	-0.00027638813	0.002513274	0	0	0.9935641	0.11263451	-0.00027638813	2.6337332e-20	-1
0	0.9933847	0.11420478	-0.0002764918	0.0018849556	0	0	0.9933847	0.11420478	-0.0002764918	2.6586617e-20	-1
0	0.99319845	0.11581191	-0.00027658773	0.001256637	0	0	0.99319845	0.11581191	-0.00027658773	2.6835859e-20	-1
0	0.99319845	0.11581191	-0.00027658773	0.0010053096	0	0	0.99319845	0.11581191	-0.00027658773	2.6935547e-20	-1
0	0.9930023	0.117480405	-0.0002766751	0.0006283185	0	0	0.9930023	0.117480405	-0.0002766751	2.7085053e-20	-1
0	0.99288213	0.118491024	-0.00027673075	0.0002513274	0	0	0.99288213	0.118491024	-0.00027673075	2.7234544e-20	-1
0	0.99288213	0.118491024	-0.00027673075	0.0001256637	0	0	0.99288213	0.118491024	-0.00027673075	2.728437e-20	-1
0	0.99288213	0.118491024	-0.00027673075	6.283185e-05	0	0	0.99288213	0.118491024	-0.00027673075	2.7309287e-20	-1
0	0.99288213	0.118491024	-0.00027673075	2.5132742e-05	0	0	0.99288213	0.118491024	-0.00027673075	2.7324235e-20	-1
0	0.99288213	0.118491024	-0.00027673075	1.2566371e-05	0	0	0.99288213	0.118491024	-0.00027673075	2.7329217e-20	-1
0	0.99288213	0.118491024	-0.00027673075	6.2831855e-06	0	0	0.99288213	0.118491024	-0.00027673075	2.7331708e-20	-1
0	0.99288213	0.118491024	-0.00027673075	2.513274e-06	0	0	0.99288213	0.118491024	-0.00027673075	2.7333204e-20	-1
0	0.99288213	0.118491024	-0.00027673075	1.256637e-06	0	0	0.99288213	0.118491024	-0.00027673075	2.7333702e-20	-1
0	0.99288213	0.118491024	-0.00027673075	6.283185e-07	0	0	0.99288213	0.118491024	-0.00027673075	2.733395e-20	-1
0	0.99288213	0.118491024	-0.00027673075	2.513274e-07	0	0	0.99288213	0.118491024	-0.00027673075	2.73341e-20	-1
0	0.99288213	0.118491024	-0.00027673075	1.256637e-07	0	0	0.99288213	0.118491024	-0.00027673075	2.733415e-20	-1
0	0.99288213	0.118491024	-0.00027673075	0	0	0	0.99288213	0.118491024	-0.00027673075	2.73342e-20	-1
0	0.99288213	0.118491024	-0.00027673075	-1.256637e-07	0	0	0.99288213	0.118491024	-0.00027673075	2.7334248e-20	-1
0	0.99288213	0.118491024	-0.00027673075	-2.513274e-07	0	0	0.99288213	0.118491024	-0.00027673075	2.73343e-20	-1
0	0.99288213	0.118491024	-0.00027673075	-6.283185e-07	0	0	0.99288213	0.118491024	-0.00027673075	2.7334448e-20	-1
0	0.99288213	0.118491024	-0.00027673075	-1.256637e-06	0	0	0.99288213	0.118491024	-0.00027673075	2.7334697e-20	-1
0	0.99288213	0.118491024	-0.00027673075	-2.513274e-06	0	0	0.99288213	0.118491024	-0.00027673075	2.7335195e-20	-1
0	0.99288213	0.118491024	-0.00027673075	-6.2831855e-06	0	0	0.99288213	0.118491024	-0.00027673075	2.733669e-20	-1
0	0.99288213	0.118491024	-0.00027673075	-1.2566371e-05	0	0	0.99288213	0.118491024	-0.00027673075	2.7339182e-20	-1
0	0.99288213	0.118491024	-0.00027673075	-2.5132742e-05	0	0	0.99288213	0.118491024	-0.00027673075	2.7344164e-20	-1
0	0.9927798	0.11934437	-0.0002767729	-6.283185e-05	0	0	0.9927798	0.11934437	-0.0002767729	2.735911e-20	-1
0	0.9927798	0.11934437	-0.0002767729	-0.0001256637	0	0	0.9927798	0.11934437	-0.0002767729	2.738402e-20	-1
0	0.9927798	0.11934437	-0.0002767729	-0.0002513274	0	0	0.9927798	0.11934437	-0.0002767729	2.7433846e-20	-1
0	0.99258745	0.12093234	-0.0002768461	-0.0006283185	0	0	0.99258745	0.12093234	-0.0002768461	2.7583294e-20	-1
0	0.99245596	0.122005336	-0.0002768883	-0.0010053096	0	0	0.99245596	0.122005336	-0.0002768883	2.773272e-20	-1
0	0.99245596	0.122005336	-0.0002768883	-0.001256637	0	0	0.99245596	0.122005336	-0.0002768883	2.783233e-20	-1
0	0.99213314	0.1246009	-0.00027698465	-0.0018849556	0	0	0.99213314	0.1246009	-0.00027698465	2.8081308e-20	-1
0	0.99188864	0.12653065	-0.00027704303	-0.002513274	0	0	0.99188864	0.12653065	-0.00027704303	2.8330228e-20	-1
0	0.99136853	0.13053998	-0.00027713514	-0.0037699111	0	0	0.99136853	0.13053998	-0.00027713514	2.882788e-20	-1
0	0.9901602	0.13940164	-0.00027718802	-0.0062831854	0	0	0.9901602	0.13940164	-0.00027718802	2.982233e-20	-1
0	0.9882504	0.15234229	-0.00027690228	-0.009424778	0	0	0.9882504	0.15234229	-0.00027690228	3.106347e-20	-1
0	0.9857044	0.1680166	-0.00027598144	-0.012566371	0	0	0.9857044	0.1680166	-0.00027598144	3.2301836e-20	-1
0	0.9769754	0.21295235	-0.00026975473	-0.018849555	0	0	0.9769754	0.21295235	-0.00026975473	3.4765668e-20	-1
0	0.9495839	0.313183	-0.00023419998	-0.025132742	0	0	0.9495839	0.313183	-0.00023419998	3.7191934e-20	-1
0	-0.9979216	-0.063400164	0.0002688375	-0.03769911	0	0	-0.9979216	-0.063400164	0.0002688375	1.2336844e-20	-1
0	-0.998434	-0.054761924	0.00026617717	-0.050265484	0	0	-0.998434	-0.054761924	0.00026617717	7.3273856e-21	-1
0	-0.9987743	-0.048179492	0.00026364467	-0.06283186	0	0	-0.9987743	-0.048179492	0.00026364467	2.3158282e-21	-1
0	-0.9987743	-0.048179492	0.00026364467	-0.06283186	0	0	-0.9987743	-0.048179492	0.00026364467	2.3158282e-21	1
0	-0.99843407	-0.054760806	0.00026617717	-0.050265484	0	0	-0.99843407	-0.054760806	0.00026617717	7.327391e-21	1
0	-0.9979218	-0.063396305	0.00026883715	-0.03769911	0	0	-0.9979218	-0.063396305	0.00026883715	1.2336844e-20	1
0	-0.9971001	-0.075203985	0.00027161487	-0.025132742	0	0	-0.9971001	-0.075203985	0.00027161487	1.7343029e-20	1
0	-0.99649	-0.08288789	0.0002730264	-0.018849555	0	0	-0.99649	-0.08288789	0.0002730264	1.9844276e-20	1
0	-0.995662	-0.092292756	0.00027441705	-0.012566371	0	0	-0.995662	-0.092292756	0.00027441705	2.2343738e-20	1
0	-0.99513423	-0.09781307	0.0002750826	-0.009424778	0	0	-0.99513423	-0.09781307	0.0002750826	2.35926e-20	1
0	-0.99450004	-0.10405713	0.0002756636	-0.0062831854	0	0	-0.99450004	-0.10405713	0.0002756636	2.4840738e-20	1
0	-0.9939016	-0.10962023	0.00027617888	-0.0037699111	0	0	-0.9939016	-0.10962023	0.00027617888	2.583862e-20	1
0	-0.99356437	-0.11263314	0.00027639436	-0.002513274	0	0	-0.99356437	-0.11263314	0.00027639436	2.633733e-20	1
0	-0.9933847	-0.114204794	0.0002764918	-0.0018849556	0	0	-0.9933847	-0.114204794	0.0002764918	2.6586617e-20	1
0	-0.99319816	-0.11581458	0.00027658773	-0.001256637	0	0	-0.99319816	-0.11581458	0.00027658773	2.6835864e-20	1
0	-0.99319816	-0.11581458	0.00027658773	-0.0010053096	0	0	-0.99319816	-0.11581458	0.00027658773	2.6935552e-20	1
0	-0.99300295	-0.1174749	0.00027667877	-0.0006283185	0	0	-0.99300295	-0.1174749	0.00027667877	2.7085055e-20	1
0	-0.99288225	-0.118489996	0.00027673095	-0.0002513274	0	0	-0.99288225	-0.118489996	0.00027673095	2.7234547e-20	1
0	-0.99288225	-0.118489996	0.00027673095	-0.0001256637	0	0	-0.99288225	-0.118489996	0.00027673095	2.7284375e-20	1
0	-0.99288225	-0.118489996	0.00027673095	-6.283185e-05	0	0	-0.99288225	-0.118489996	0.00027673095	2.7309287e-20	1
0	-0.99288225	-0.118489996	0.00027673095	-2.5132742e-05	0	0	-0.99288225	-0.118489996	0.00027673095	2.7324235e-20	1
0	-0.99288225	-0.118489996	0.00027673095	-1.2566371e-05	0	0	-0.99288225	-0.118489996	0.00027673095	2.732922e-20	1
0	-0.99288225	-0.118489996	0.00027673095	-6.2831855e-06	0	0	-0.99288225	-0.118489996	0.00027673095	2.733171e-20	1
0	-0.99288225	-0.118489996	0.00027673095	-2.513274e-06	0	0	-0.99288225	-0.118489996	0.00027673095	2.7333204e-20	1
0	-0.99288225	-0.118489996	0.00027673095	-1.256637e-06	0	0	-0.99288225	-0.118489996	0.00027673095	2.7333702e-20	1
0	-0.99288225	-0.118489996	0.00027673095	-6.283185e-07	0	0	-0.99288225	-0.118489996	0.00027673095	2.733395e-20	1
0	-0.99288225	-0.118489996	0.00027673095	-2.513274e-07	0	0	-0.99288225	-0.118489996	0.00027673095	2.7334103e-20	1
0	-0.99288225	-0.118489996	0.00027673095	-1.256637e-07	0	0	-0.99288225	-0.118489996	0.00027673095	2.733415e-20	1
0	-0.99288225	-0.118489996	0.00027673095	0	0	0	-0.99288225	-0.118489996	0.00027673095	2.7334203e-20	1
0	-0.99288225	-0.118489996	0.00027673095	1.256637e-07	0	0	-0.99288225	-0.118489996	0.00027673095	2.733425e-20	1
0	-0.99288225	-0.118489996	0.00027673095	2.513274e-07	0	0	-0.99288225	-0.118489996	0.00027673095	2.73343e-20	1
0	-0.99288225	-0.118489996	0.00027673095	6.283185e-07	0	0	-0.99288225	-0.118489996	0.00027673095	2.733445e-20	1
0	-0.99288225	-0.118489996	0.00027673095	1.256637e-06	0	0	-0.99288225	-0.118489996	0.00027673095	2.73347e-20	1
0	-0.99288225	-0.118489996	0.00027673095	2.513274e-06	0	0	-0.99288225	-0.118489996	0.00027673095	2.7335198e-20	1
0	-0.99288225	-0.118489996	0.00027673095	6.2831855e-06	0	0	-0.99288225	-0.118489996	0.00027673095	2.7336694e-20	1
0	-0.99288225	-0.118489996	0.00027673095	1.2566371e-05	0	0	-0.99288225	-0.118489996	0.00027673095	2.7339185e-20	1
0	-0.99288225	-0.118489996	0.00027673095	2.5132742e-05	0	0	-0.99288225	-0.118489996	0.00027673095	2.7344168e-20	1
0	-0.9927788	-0.11935282	0.0002767715	6.283185e-05	0	0	-0.9927788	-0.11935282	0.0002767715	2.735911e-20	1
0	-0.9927788	-0.11935282	0.0002767715	0.0001256637	0	0	-0.9927788	-0.11935282	0.0002767715	2.738402e-20	1
0	-0.9927788	-0.11935282	0.0002767715	0.0002513274	0	0	-0.9927788	-0.11935282	0.0002767715	2.7433842e-20	1
0	-0.99258745	-0.120931804	0.0002768365	0.0006283185	0	0	-0.99258745	-0.120931804	0.0002768365	2.758329e-20	1
0	-0.9924555	-0.12200904	0.00027688942	0.0010053096	0	0	-0.9924555	-0.12200904	0.00027688942	2.7732716e-20	1
0	-0.9924555	-0.12200904	0.00027688942	0.001256637	0	0	-0.9924555	-0.12200904	0.00027688942	2.783233e-20	1
0	-0.9921328	-0.124604136	0.00027698447	0.0018849556	0	0	-0.9921328	-0.124604136	0.00027698447	2.8081305e-20	1
0	-0.9918902	-0.12651905	0.0002770435	0.002513274	0	0	-0.9918902	-0.12651905	0.0002770435	2.8330228e-20	1
0	-0.9913684	-0.13054074	0.00027713497	0.0037699111	0	0	-0.9913684	-0.13054074	0.00027713497	2.882788e-20	1
0	-0.99015987	-0.1394043	0.00027718782	0.0062831854	0	0	-0.99015987	-0.1394043	0.00027718782	2.9822333e-20	1
0	0.99513245	0.09783153	-0.0002750847	0.009424778	0	0	0.99513245	0.09783153	-0.0002750847	2.35926e-20	1
0	0.9956616	0.092296645	-0.0002744171	0.012566371	0	0	0.9956616	0.092296645	-0.0002744171	2.2343735e-20	1
0	0.9964894	0.082895055	-0.00027302682	0.018849555	0	0	0.9964894	0.082895055	-0.00027302682	1.9844276e-20	1
0	0.9970998	0.075208396	-0.000271615	0.025132742	0	0	0.9970998	0.075208396	-0.000271615	1.7343032e-20	1
0	0.99792176	0.063397616	-0.00026883744	0.03769911	0	0	0.99792176	0.063397616	-0.00026883744	1.2336842e-20	1
0	0.99843395	0.054762192	-0.0002661782	0.050265484	0	0	0.99843395	0.054762192	-0.0002661782	7.3273856e-21	1
0	0.9987743	0.048179366	-0.00026364473	0.06283186	0	0	0.9987743	0.048179366	-0.00026364473	2.3158305e-21	1
