# t (s)	mx ()	my ()	mz ()	B_extx (T)	B_exty (T)	B_extz (T)	mx ()	my ()	mz ()	E_total (J)	branch ()
0	-0.026014604	0.9995964	-0.00035379952	0	0.06283186	0	-0.026014604	0.9995964	-0.00035379952	4.5825188e-21	-1
0	-0.030775324	0.99946034	-0.0003594108	0	0.050265484	0	-0.030775324	0.99946034	-0.0003594108	9.598688e-21	-1
0	-0.037631325	0.9992247	-0.0003662816	0	0.03769911	0	-0.037631325	0.9992247	-0.0003662816	1.4613957e-20	-1
0	-0.04835386	0.99876213	-0.000375422	0	0.025132742	0	-0.04835386	0.99876213	-0.000375422	1.9627552e-20	-1
0	-0.05633448	0.9983431	-0.0003814832	0	0.018849555	0	-0.05633448	0.9983431	-0.0003814832	2.2133213e-20	-1
0	-0.06738914	0.99765694	-0.00038921708	0	0.012566371	0	-0.06738914	0.99765694	-0.00038921708	2.4637521e-20	-1
0	-0.074657455	0.99713874	-0.00039401167	0	0.009424778	0	-0.074657455	0.99713874	-0.00039401167	2.58889e-20	-1
0	-0.08369263	0.9964204	-0.00039971684	0	0.0062831854	0	-0.08369263	0.9964204	-0.00039971684	2.7139505e-20	-1
0	-0.09260711	0.9956306	-0.0004051174	0	0.0037699111	0	-0.09260711	0.9956306	-0.0004051174	2.813924e-20	-1
0	-0.0978033	0.99513316	-0.00040817918	0	0.002513274	0	-0.0978033	0.99513316	-0.00040817918	2.8638776e-20	-1
0	-0.10062155	0.99485195	-0.00040980487	0	0.0018849556	0	-0.10062155	0.99485195	-0.00040980487	2.888844e-20	-1
0	-0.10360658	0.9945452	-0.00041151268	0	0.001256637	0	-0.10360658	0.9945452	-0.00041151268	2.9138038e-20	-1
0	-0.10360658	0.9945452	-0.00041151268	0	0.0010053096	0	-0.10360658	0.9945452	-0.00041151268	2.923786e-20	-1
0	-0.10676695	0.9942106	-0.0004133027	0	0.0006283185	0	-0.10676695	0.9942106	-0.0004133027	2.938756e-20	-1
0	-0.10873444	0.9939972	-0.00041440403	0	0.0002513274	0	-0.10873444	0.9939972	-0.00041440403	2.953722e-20	-1
0	-0.10944027	0.9939196	-0.00041479518	0	0.0001256637	0	-0.10944027	0.9939196	-0.00041479518	2.9587103e-20	-1
0	-0.10979727	0.9938802	-0.00041499455	0	6.283185e-05	0	-0.10979727	0.9938802	-0.00041499455	2.9612042e-20	-1
0	-0.10979727	0.9938802	-0.00041499455	0	2.5132742e-05	0	-0.10979727	0.9938802	-0.00041499455	2.9627002e-20	-1
0	-0.10979727	0.9938802	-0.00041499455	0	1.2566371e-05	0	-0.10979727	0.9938802	-0.00041499455	2.963199e-20	-1
0	-0.10979727	0.9938802	-0.00041499455	0	6.2831855e-06	0	-0.10979727	0.9938802	-0.00041499455	2.9634485e-20	-1
0	-0.10979727	0.9938802	-0.00041499455	0	2.513274e-06	0	-0.10979727	0.9938802	-0.00041499455	2.963598e-20	-1
0	-0.10979727	0.9938802	-0.00041499455	0	1.256637e-06	0	-0.10979727	0.9938802	-0.00041499455	2.963648e-20	-1
0	-0.10979727	0.9938802	-0.00041499455	0	6.283185e-07	0	-0.10979727	0.9938802	-0.00041499455	2.963673e-20	-1
0	-0.10979727	0.9938802	-0.00041499455	0	2.513274e-07	0	-0.10979727	0.9938802	-0.00041499455	2.963688e-20	-1
0	-0.10979727	0.9938802	-0.00041499455	0	1.256637e-07	0	-0.10979727	0.9938802	-0.00041499455	2.9636928e-20	-1
0	-0.10979727	0.9938802	-0.00041499455	0	0	0	-0.10979727	0.9938802	-0.00041499455	2.963698e-20	-1
0	-0.10979727	0.9938802	-0.00041499455	0	-1.256637e-07	0	-0.10979727	0.9938802	-0.00041499455	2.9637028e-20	-1
0	-0.10979727	0.9938802	-0.00041499455	0	-2.513274e-07	0	-0.10979727	0.9938802	-0.00041499455	2.963708e-20	-1
0	-0.10979727	0.9938802	-0.00041499455	0	-6.283185e-07	0	-0.10979727	0.9938802	-0.00041499455	2.963723e-20	-1
0	-0.10979727	0.9938802	-0.00041499455	0	-1.256637e-06	0	-0.10979727	0.9938802	-0.00041499455	2.9637477e-20	-1
0	-0.10979727	0.9938802	-0.00041499455	0	-2.513274e-06	0	-0.10979727	0.9938802	-0.00041499455	2.9637978e-20	-1
0	-0.10979727	0.9938802	-0.00041499455	0	-6.2831855e-06	0	-0.10979727	0.9938802	-0.00041499455	2.9639474e-20	-1
0	-0.10979727	0.9938802	-0.00041499455	0	-1.2566371e-05	0	-0.10979727	0.9938802	-0.00041499455	2.9641966e-20	-1
0	-0.10979727	0.9938802	-0.00041499455	0	-2.5132742e-05	0	-0.10979727	0.9938802	-0.00041499455	2.9646954e-20	-1
0	-0.10979727	0.9938802	-0.00041499455	0	-6.283185e-05	0	-0.10979727	0.9938802	-0.00041499455	2.9661918e-20	-1
0	-0.10979727	0.9938802	-0.00041499455	0	-0.0001256637	0	-0.10979727	0.9938802	-0.00041499455	2.9686856e-20	-1
0	-0.11153842	0.9936862	-0.00041595628	0	-0.0002513274	0	-0.11153842	0.9936862	-0.00041595628	2.9736723e-20	-1
0	-0.11371752	0.99343896	-0.0004171573	0	-0.0006283185	0	-0.11371752	0.99343896	-0.0004171573	2.9886313e-20	-1
0	-0.11597731	0.9931774	-0.00041838962	0	-0.0010053096	0	-0.11597731	0.9931774	-0.00041838962	3.003586e-20	-1
0	-0.11755678	0.99299157	-0.0004192442	0	-0.001256637	0	-0.11755678	0.99299157	-0.0004192442	3.0135537e-20	-1
0	-0.12161693	0.9925021	-0.00042142195	0	-0.0018849556	0	-0.12161693	0.9925021	-0.00042142195	3.038464e-20	-1
0	-0.12602456	0.9919516	-0.00042374682	0	-0.002513274	0	-0.12602456	0.9919516	-0.00042374682	3.0633616e-20	-1
0	-0.13586798	0.9906503	-0.00042880533	0	-0.0037699111	0	-0.13586798	0.9906503	-0.00042880533	3.1131114e-20	-1
0	-0.16152906	0.9867879	-0.00044112923	0	-0.0062831854	0	-0.16152906	0.9867879	-0.00044112923	3.212367e-20	-1
0	-0.21770322	0.9759259	-0.00046368735	0	-0.009424778	0	-0.21770322	0.9759259	-0.00046368735	3.3356133e-20	-1
0	-0.9035662	-0.428155	0.00023595276	0	-0.012566371	0	-0.9035662	-0.428155	0.00023595276	2.6070933e-20	-1
0	0.056353755	-0.99834204	0.00038148733	0	-0.018849555	0	0.056353755	-0.99834204	0.00038148733	2.2133211e-20	-1
0	0.048358925	-0.9987619	0.0003754241	0	-0.025132742	0	0.048358925	-0.9987619	0.0003754241	1.9627553e-20	-1
0	0.03763418	-0.99922466	0.00036628367	0	-0.03769911	0	0.03763418	-0.99922466	0.00036628367	1.4613952e-20	-1
0	0.0307759	-0.9994603	0.00035940734	0	-0.050265484	0	0.0307759	-0.9994603	0.00035940734	9.5986935e-21	-1
0	0.026021514	-0.99959624	0.00035380386	0	-0.06283186	0	0.026021514	-0.99959624	0.00035380386	4.582523e-21	-1
0	0.026021514	-0.99959624	0.00035380386	0	-0.06283186	0	0.026021514	-0.99959624	0.00035380386	4.582523e-21	1
0	0.030772984	-0.9994604	0.00035940643	0	-0.050265484	0	0.030772984	-0.9994604	0.00035940643	9.598689e-21	1
0	0.03763008	-0.9992248	0.00036628166	0	-0.03769911	0	0.03763008	-0.9992248	0.00036628166	1.4613955e-20	1
0	0.048351783	-0.99876225	0.00037542096	0	-0.025132742	0	0.048351783	-0.99876225	0.00037542096	1.9627553e-20	1
0	0.05633033	-0.99834335	0.0003814741	0	-0.018849555	0	0.05633033	-0.99834335	0.0003814741	2.2133211e-20	1
0	0.067393675	-0.99765664	0.00038922287	0	-0.012566371	0	0.067393675	-0.99765664	0.00038922287	2.4637523e-20	1
0	0.07468388	-0.99713683	0.0003940253	0	-0.009424778	0	0.07468388	-0.99713683	0.0003940253	2.58889e-20	1
0	0.08369779	-0.9964199	0.0003997221	0	-0.0062831854	0	0.08369779	-0.9964199	0.0003997221	2.7139508e-20	1
0	0.092609525	-0.9956304	0.00040512072	0	-0.0037699111	0	0.092609525	-0.9956304	0.00040512072	2.8139243e-20	1
0	0.09779723	-0.99513376	0.00040817048	0	-0.002513274	0	0.09779723	-0.99513376	0.00040817048	2.8638776e-20	1
0	0.10061526	-0.9948526	0.0004098018	0	-0.0018849556	0	0.10061526	-0.9948526	0.0004098018	2.8888443e-20	1
0	0.10363374	-0.99454236	0.00041152764	0	-0.001256637	0	0.10363374	-0.99454236	0.00041152764	2.913804e-20	1
0	0.10363374	-0.99454236	0.00041152764	0	-0.0010053096	0	0.10363374	-0.99454236	0.00041152764	2.9237862e-20	1
0	0.10676728	-0.9942106	0.0004133008	0	-0.0006283185	0	0.10676728	-0.9942106	0.0004133008	2.9387556e-20	1
0	0.10876518	-0.99399376	0.00041441998	0	-0.0002513274	0	0.10876518	-0.99399376	0.00041441998	2.953722e-20	1
0	0.10876518	-0.99399376	0.00041441998	0	-0.0001256637	0	0.10876518	-0.99399376	0.00041441998	2.9587107e-20	1
0	0.10876518	-0.99399376	0.00041441998	0	-6.283185e-05	0	0.10876518	-0.99399376	0.00041441998	2.9612048e-20	1
0	0.10876518	-0.99399376	0.00041441998	0	-2.5132742e-05	0	0.10876518	-0.99399376	0.00041441998	2.9627012e-20	1
0	0.10876518	-0.99399376	0.00041441998	0	-1.2566371e-05	0	0.10876518	-0.99399376	0.00041441998	2.9632e-20	1
0	0.10876518	-0.99399376	0.00041441998	0	-6.2831855e-06	0	0.10876518	-0.99399376	0.00041441998	2.9634495e-20	1
0	0.10876518	-0.99399376	0.00041441998	0	-2.513274e-06	0	0.10876518	-0.99399376	0.00041441998	2.963599e-20	1
0	0.10876518	-0.99399376	0.00041441998	0	-1.256637e-06	0	0.10876518	-0.99399376	0.00041441998	2.9636492e-20	1
0	0.10876518	-0.99399376	0.00041441998	0	-6.283185e-07	0	0.10876518	-0.99399376	0.00041441998	2.963674e-20	1
0	0.10876518	-0.99399376	0.00041441998	0	-2.513274e-07	0	0.10876518	-0.99399376	0.00041441998	2.963689e-20	1
0	0.10876518	-0.99399376	0.00041441998	0	-1.256637e-07	0	0.10876518	-0.99399376	0.00041441998	2.9636938e-20	1
0	0.10876518	-0.99399376	0.00041441998	0	0	0	0.10876518	-0.99399376	0.00041441998	2.963699e-20	1
0	0.10876518	-0.99399376	0.00041441998	0	1.256637e-07	0	0.10876518	-0.99399376	0.00041441998	2.9637038e-20	1
0	0.10876518	-0.99399376	0.00041441998	0	2.513274e-07	0	0.10876518	-0.99399376	0.00041441998	2.963709e-20	1
0	0.10876518	-0.99399376	0.00041441998	0	6.283185e-07	0	0.10876518	-0.99399376	0.00041441998	2.9637238e-20	1
0	0.10876518	-0.99399376	0.00041441998	0	1.256637e-06	0	0.10876518	-0.99399376	0.00041441998	2.9637487e-20	1
0	0.11014688	-0.9938415	0.00041517703	0	2.513274e-06	0	0.11014688	-0.9938415	0.00041517703	2.9637978e-20	1
0	0.11014688	-0.9938415	0.00041517703	0	6.2831855e-06	0	0.11014688	-0.9938415	0.00041517703	2.9639474e-20	1
0	0.11014688	-0.9938415	0.00041517703	0	1.2566371e-05	0	0.11014688	-0.9938415	0.00041517703	2.964197e-20	1
0	0.11014688	-0.9938415	0.00041517703	0	2.5132742e-05	0	0.11014688	-0.9938415	0.00041517703	2.9646954e-20	1
0	0.11014688	-0.9938415	0.00041517703	0	6.283185e-05	0	0.11014688	-0.9938415	0.00041517703	2.9661918e-20	1
0	0.11014688	-0.9938415	0.00041517703	0	0.0001256637	0	0.11014688	-0.9938415	0.00041517703	2.9686856e-20	1
0	0.11154181	-0.99368584	0.00041596073	0	0.0002513274	0	0.11154181	-0.99368584	0.00041596073	2.9736726e-20	1
0	0.11371213	-0.99343956	0.00041714983	0	0.0006283185	0	0.11371213	-0.99343956	0.00041714983	2.9886307e-20	1
0	0.11598466	-0.9931766	0.00041839402	0	0.0010053096	0	0.11598466	-0.9931766	0.00041839402	3.003586e-20	1
0	0.117528915	-0.9929949	0.00041923087	0	0.001256637	0	0.117528915	-0.9929949	0.00041923087	3.0135534e-20	1
0	0.121628836	-0.9925006	0.0004214276	0	0.0018849556	0	0.121628836	-0.9925006	0.0004214276	3.038464e-20	1
0	0.12599024	-0.9919559	0.0004237299	0	0.002513274	0	0.12599024	-0.9919559	0.0004237299	3.0633616e-20	1
0	0.13587803	-0.99064887	0.00042881735	0	0.0037699111	0	0.13587803	-0.99064887	0.00042881735	3.1131114e-20	1
0	0.16152631	-0.9867884	0.0004411281	0	0.0062831854	0	0.16152631	-0.9867884	0.0004411281	3.2123666e-20	1
0	0.21776387	-0.97591233	0.00046370763	0	0.009424778	0	0.21776387	-0.97591233	0.00046370763	3.3356133e-20	1
0	0.90356815	0.42815077	-0.00023595468	0	0.012566371	0	0.90356815	0.42815077	-0.00023595468	2.6070935e-20	1
0	-0.056332745	0.9983432	-0.0003814762	0	0.018849555	0	-0.056332745	0.9983432	-0.0003814762	2.2133211e-20	1
0	-0.048357844	0.99876195	-0.00037542393	0	0.025132742	0	-0.048357844	0.99876195	-0.00037542393	1.9627552e-20	1
0	-0.037635908	0.99922454	-0.0003662848	0	0.03769911	0	-0.037635908	0.99922454	-0.0003662848	1.4613957e-20	1
0	-0.030778572	0.9994602	-0.0003594083	0	0.050265484	0	-0.030778572	0.9994602	-0.0003594083	9.598688e-21	1
0	-0.026020993	0.99959624	-0.0003538037	0	0.06283186	0	-0.026020993	0.99959624	-0.0003538037	4.582519e-21	1
