# t (s)	mx ()	my ()	mz ()	B_extx (T)	B_exty (T)	B_extz (T)	mx ()	my ()	mz ()	E_total (J)	branch ()
0	0.015881954	0.9998088	0.0006305239	0	0.06283186	0	0.015881954	0.9998088	0.0006305239	4.562627e-21	-1
0	0.018765695	0.99975806	0.00062932516	0	0.050265484	0	0.018765695	0.99975806	0.00062932516	9.5800585e-21	-1
0	0.022918653	0.9996706	0.0006252584	0	0.03769911	0	0.022918653	0.9996706	0.0006252584	1.4597151e-20	-1
0	0.029416144	0.9994996	0.00061577914	0	0.025132742	0	0.029416144	0.9994996	0.00061577914	1.961363e-20	-1
0	0.03427059	0.99934447	0.0006072733	0	0.018849555	0	0.03427059	0.99934447	0.0006072733	2.2121441e-20	-1
0	0.041022442	0.9990895	0.00059426035	0	0.012566371	0	0.041022442	0.9990895	0.00059426035	2.4628762e-20	-1
0	0.04549265	0.9988956	0.00058512803	0	0.009424778	0	0.04549265	0.9988956	0.00058512803	2.5882129e-20	-1
0	0.051036317	0.9986273	0.0005734067	0	0.0062831854	0	0.051036317	0.9986273	0.0005734067	2.713521e-20	-1
0	0.056554638	0.99832964	0.00056138623	0	0.0037699111	0	0.056554638	0.99832964	0.00056138623	2.8137392e-20	-1
0	0.05979214	0.9981407	0.0005542217	0	0.002513274	0	0.05979214	0.9981407	0.0005542217	2.8638356e-20	-1
0	0.06153209	0.99803483	0.0005503347	0	0.0018849556	0	0.06153209	0.99803483	0.0005503347	2.88888e-20	-1
0	0.06339018	0.99791837	0.00054616015	0	0.001256637	0	0.06339018	0.99791837	0.00054616015	2.9139224e-20	-1
0	0.06339018	0.99791837	0.00054616015	0	0.0010053096	0	0.06339018	0.99791837	0.00054616015	2.9239384e-20	-1
0	0.06536915	0.9977906	0.00054168975	0	0.0006283185	0	0.06536915	0.9977906	0.00054168975	2.9389608e-20	-1
0	0.066615224	0.9977081	0.0005388616	0	0.0002513274	0	0.066615224	0.9977081	0.0005388616	2.9539825e-20	-1
0	0.066615224	0.9977081	0.0005388616	0	0.0001256637	0	0.066615224	0.9977081	0.0005388616	2.9589895e-20	-1
0	0.066615224	0.9977081	0.0005388616	0	6.283185e-05	0	0.066615224	0.9977081	0.0005388616	2.961493e-20	-1
0	0.066615224	0.9977081	0.0005388616	0	2.5132742e-05	0	0.066615224	0.9977081	0.0005388616	2.9629952e-20	-1
0	0.066615224	0.9977081	0.0005388616	0	1.2566371e-05	0	0.066615224	0.9977081	0.0005388616	2.9634957e-20	-1
0	0.066615224	0.9977081	0.0005388616	0	6.2831855e-06	0	0.066615224	0.9977081	0.0005388616	2.963746e-20	-1
0	0.066615224	0.9977081	0.0005388616	0	2.513274e-06	0	0.066615224	0.9977081	0.0005388616	2.9638964e-20	-1
0	0.066615224	0.9977081	0.0005388616	0	1.256637e-06	0	0.066615224	0.9977081	0.0005388616	2.9639465e-20	-1
0	0.066615224	0.9977081	0.0005388616	0	6.283185e-07	0	0.066615224	0.9977081	0.0005388616	2.9639713e-20	-1
0	0.066615224	0.9977081	0.0005388616	0	2.513274e-07	0	0.066615224	0.9977081	0.0005388616	2.9639865e-20	-1
0	0.066615224	0.9977081	0.0005388616	0	1.256637e-07	0	0.066615224	0.9977081	0.0005388616	2.9639914e-20	-1
0	0.066615224	0.9977081	0.0005388616	0	0	0	0.066615224	0.9977081	0.0005388616	2.9639965e-20	-1
0	0.066615224	0.9977081	0.0005388616	0	-1.256637e-07	0	0.066615224	0.9977081	0.0005388616	2.9640014e-20	-1
0	0.066615224	0.9977081	0.0005388616	0	-2.513274e-07	0	0.066615224	0.9977081	0.0005388616	2.9640066e-20	-1
0	0.066615224	0.9977081	0.0005388616	0	-6.283185e-07	0	0.066615224	0.9977081	0.0005388616	2.9640214e-20	-1
0	0.066615224	0.9977081	0.0005388616	0	-1.256637e-06	0	0.066615224	0.9977081	0.0005388616	2.9640466e-20	-1
0	0.066615224	0.9977081	0.0005388616	0	-2.513274e-06	0	0.066615224	0.9977081	0.0005388616	2.9640967e-20	-1
0	0.066615224	0.9977081	0.0005388616	0	-6.2831855e-06	0	0.066615224	0.9977081	0.0005388616	2.9642466e-20	-1
0	0.066615224	0.9977081	0.0005388616	0	-1.2566371e-05	0	0.066615224	0.9977081	0.0005388616	2.964497e-20	-1
0	0.066615224	0.9977081	0.0005388616	0	-2.5132742e-05	0	0.066615224	0.9977081	0.0005388616	2.964998e-20	-1
0	0.066615224	0.9977081	0.0005388616	0	-6.283185e-05	0	0.066615224	0.9977081	0.0005388616	2.9665e-20	-1
0	0.06788829	0.99762213	0.0005359663	0	-0.0001256637	0	0.06788829	0.99762213	0.0005359663	2.9690026e-20	-1
0	0.06835416	0.9975903	0.00053490326	0	-0.0002513274	0	0.06835416	0.9975903	0.00053490326	2.9740093e-20	-1
0	0.06971347	0.9974961	0.000531792	0	-0.0006283185	0	0.06971347	0.9974961	0.000531792	2.9890275e-20	-1
0	0.07113477	0.99739575	0.00052853127	0	-0.0010053096	0	0.07113477	0.99739575	0.00052853127	3.0040447e-20	-1
0	0.07113477	0.99739575	0.00052853127	0	-0.001256637	0	0.07113477	0.99739575	0.00052853127	3.0140558e-20	-1
0	0.07467	0.99713707	0.00052038324	0	-0.0018849556	0	0.07467	0.99713707	0.00052038324	3.0390784e-20	-1
0	0.07743344	0.99692607	0.000513972	0	-0.002513274	0	0.07743344	0.99692607	0.000513972	3.0640964e-20	-1
0	0.08362953	0.9964249	0.00049948716	0	-0.0037699111	0	0.08362953	0.9964249	0.00049948716	3.1141146e-20	-1
0	0.09961835	0.9949523	0.00046156324	0	-0.0062831854	0	0.09961835	0.9949523	0.00046156324	3.214059e-20	-1
0	0.13215919	0.9911518	0.00038288024	0	-0.009424778	0	0.13215919	0.9911518	0.00038288024	3.3386858e-20	-1
0	-0.041028187	-0.99908924	-0.00059424597	0	-0.012566371	0	-0.041028187	-0.99908924	-0.00059424597	2.4628758e-20	-1
0	-0.03427036	-0.99934447	-0.0006072697	0	-0.018849555	0	-0.03427036	-0.99934447	-0.0006072697	2.2121445e-20	-1
0	-0.02942267	-0.99949944	-0.000615763	0	-0.025132742	0	-0.02942267	-0.99949944	-0.000615763	1.9613628e-20	-1
0	-0.022920579	-0.9996706	-0.00062525424	0	-0.03769911	0	-0.022920579	-0.9996706	-0.00062525424	1.4597153e-20	-1
0	-0.018767536	-0.999758	-0.00062932854	0	-0.050265484	0	-0.018767536	-0.999758	-0.00062932854	9.580055e-21	-1
0	-0.015883636	-0.9998088	-0.000630515	0	-0.06283186	0	-0.015883636	-0.9998088	-0.000630515	4.5626285e-21	-1
0	-0.015883636	-0.9998088	-0.000630515	0	-0.06283186	0	-0.015883636	-0.9998088	-0.000630515	4.5626285e-21	1
0	-0.01876308	-0.9997581	-0.00062932563	0	-0.050265484	0	-0.01876308	-0.9997581	-0.00062932563	9.5800585e-21	1
0	-0.022918765	-0.9996706	-0.00062525866	0	-0.03769911	0	-0.022918765	-0.9996706	-0.00062525866	1.4597153e-20	1
0	-0.029422326	-0.99949944	-0.0006157643	0	-0.025132742	0	-0.029422326	-0.99949944	-0.0006157643	1.9613627e-20	1
0	-0.03427388	-0.99934435	-0.0006072641	0	-0.018849555	0	-0.03427388	-0.99934435	-0.0006072641	2.2121443e-20	1
0	-0.04103177	-0.99908906	-0.00059423817	0	-0.012566371	0	-0.04103177	-0.99908906	-0.00059423817	2.462876e-20	1
0	-0.04547853	-0.99889624	-0.00058516423	0	-0.009424778	0	-0.04547853	-0.99889624	-0.00058516423	2.5882128e-20	1
0	-0.05103858	-0.9986272	-0.0005734036	0	-0.0062831854	0	-0.05103858	-0.9986272	-0.0005734036	2.7135214e-20	1
0	-0.0565504	-0.9983299	-0.0005614053	0	-0.0037699111	0	-0.0565504	-0.9983299	-0.0005614053	2.8137395e-20	1
0	-0.059788905	-0.9981409	-0.00055422884	0	-0.002513274	0	-0.059788905	-0.9981409	-0.00055422884	2.8638356e-20	1
0	-0.061522957	-0.99803543	-0.00055035786	0	-0.0018849556	0	-0.061522957	-0.99803543	-0.00055035786	2.88888e-20	1
0	-0.06337009	-0.9979197	-0.0005462098	0	-0.001256637	0	-0.06337009	-0.9979197	-0.0005462098	2.9139224e-20	1
0	-0.06337009	-0.9979197	-0.0005462098	0	-0.0010053096	0	-0.06337009	-0.9979197	-0.0005462098	2.9239384e-20	1
0	-0.06534383	-0.99779224	-0.00054175046	0	-0.0006283185	0	-0.06534383	-0.99779224	-0.00054175046	2.9389604e-20	1
0	-0.06661829	-0.99770784	-0.0005388547	0	-0.0002513274	0	-0.06661829	-0.99770784	-0.0005388547	2.9539825e-20	1
0	-0.06661829	-0.99770784	-0.0005388547	0	-0.0001256637	0	-0.06661829	-0.99770784	-0.0005388547	2.9589895e-20	1
0	-0.06661829	-0.99770784	-0.0005388547	0	-6.283185e-05	0	-0.06661829	-0.99770784	-0.0005388547	2.961493e-20	1
0	-0.06661829	-0.99770784	-0.0005388547	0	-2.5132742e-05	0	-0.06661829	-0.99770784	-0.0005388547	2.9629952e-20	1
0	-0.06661829	-0.99770784	-0.0005388547	0	-1.2566371e-05	0	-0.06661829	-0.99770784	-0.0005388547	2.9634957e-20	1
0	-0.06661829	-0.99770784	-0.0005388547	0	-6.2831855e-06	0	-0.06661829	-0.99770784	-0.0005388547	2.963746e-20	1
0	-0.06661829	-0.99770784	-0.0005388547	0	-2.513274e-06	0	-0.06661829	-0.99770784	-0.0005388547	2.9638964e-20	1
0	-0.06661829	-0.99770784	-0.0005388547	0	-1.256637e-06	0	-0.06661829	-0.99770784	-0.0005388547	2.9639465e-20	1
0	-0.06661829	-0.99770784	-0.0005388547	0	-6.283185e-07	0	-0.06661829	-0.99770784	-0.0005388547	2.9639713e-20	1
0	-0.06661829	-0.99770784	-0.0005388547	0	-2.513274e-07	0	-0.06661829	-0.99770784	-0.0005388547	2.9639865e-20	1
0	-0.06661829	-0.99770784	-0.0005388547	0	-1.256637e-07	0	-0.06661829	-0.99770784	-0.0005388547	2.9639914e-20	1
0	-0.06661829	-0.99770784	-0.0005388547	0	0	0	-0.06661829	-0.99770784	-0.0005388547	2.9639965e-20	1
0	-0.06661829	-0.99770784	-0.0005388547	0	1.256637e-07	0	-0.06661829	-0.99770784	-0.0005388547	2.9640014e-20	1
0	-0.06661829	-0.99770784	-0.0005388547	0	2.513274e-07	0	-0.06661829	-0.99770784	-0.0005388547	2.9640066e-20	1
0	-0.06661829	-0.99770784	-0.0005388547	0	6.283185e-07	0	-0.06661829	-0.99770784	-0.0005388547	2.9640214e-20	1
0	-0.06661829	-0.99770784	-0.0005388547	0	1.256637e-06	0	-0.06661829	-0.99770784	-0.0005388547	2.9640466e-20	1
0	-0.06661829	-0.99770784	-0.0005388547	0	2.513274e-06	0	-0.06661829	-0.99770784	-0.0005388547	2.9640967e-20	1
0	-0.06661829	-0.99770784	-0.0005388547	0	6.2831855e-06	0	-0.06661829	-0.99770784	-0.0005388547	2.964247e-20	1
0	-0.06661829	-0.99770784	-0.0005388547	0	1.2566371e-05	0	-0.06661829	-0.99770784	-0.0005388547	2.9644974e-20	1
0	-0.06661829	-0.99770784	-0.0005388547	0	2.5132742e-05	0	-0.06661829	-0.99770784	-0.0005388547	2.964998e-20	1
0	-0.06661829	-0.99770784	-0.0005388547	0	6.283185e-05	0	-0.06661829	-0.99770784	-0.0005388547	2.9665e-20	1
0	-0.06790446	-0.99762106	-0.000535927	0	0.0001256637	0	-0.06790446	-0.99762106	-0.000535927	2.9690023e-20	1
0	-0.06790446	-0.99762106	-0.000535927	0	0.0002513274	0	-0.06790446	-0.99762106	-0.000535927	2.974009e-20	1
0	-0.06972119	-0.99749565	-0.00053177413	0	0.0006283185	0	-0.06972119	-0.99749565	-0.00053177413	2.9890275e-20	1
0	-0.071132734	-0.9973959	-0.00052853755	0	0.0010053096	0	-0.071132734	-0.9973959	-0.00052853755	3.0040447e-20	1
0	-0.071132734	-0.9973959	-0.00052853755	0	0.001256637	0	-0.071132734	-0.9973959	-0.00052853755	3.0140558e-20	1
0	-0.0746772	-0.9971365	-0.00052036834	0	0.0018849556	0	-0.0746772	-0.9971365	-0.00052036834	3.0390784e-20	1
0	-0.07743427	-0.99692595	-0.00051397644	0	0.002513274	0	-0.07743427	-0.99692595	-0.00051397644	3.0640964e-20	1
0	-0.0836152	-0.9964261	-0.00049952685	0	0.0037699111	0	-0.0836152	-0.9964261	-0.00049952685	3.114115e-20	1
0	-0.09961715	-0.99495244	-0.00046156583	0	0.0062831854	0	-0.09961715	-0.99495244	-0.00046156583	3.2140594e-20	1
0	-0.13217172	-0.9911501	-0.00038284983	0	0.009424778	0	-0.13217172	-0.9911501	-0.00038284983	3.3386855e-20	1
0	-0.91109705	0.41189325	-0.0009255761	0	0.012566371	0	-0.91109705	0.41189325	-0.0009255761	2.6253107e-20	1
0	0.034283057	0.999344	0.0006072437	0	0.018849555	0	0.034283057	0.999344	0.0006072437	2.2121443e-20	1
0	0.029429775	0.9994992	0.00061574706	0	0.025132742	0	0.029429775	0.9994992	0.00061574706	1.9613627e-20	1
0	0.022921223	0.9996705	0.00062528846	0	0.03769911	0	0.022921223	0.9996705	0.00062528846	1.4597151e-20	1
0	0.018766947	0.999758	0.0006292404	0	0.050265484	0	0.018766947	0.999758	0.0006292404	9.580058e-21	1
0	0.015886921	0.9998087	0.00063051353	0	0.06283186	0	0.015886921	0.9998087	0.00063051353	4.5626257e-21	1
