# t (s)	mx ()	my ()	mz ()	B_extx (T)	B_exty (T)	B_extz (T)	mx ()	my ()	mz ()	E_total (J)	branch ()
0	0.08699913	0.9961368	-0.0019796179	0	0.06283186	0	0.08699913	0.9961368	-0.0019796179	5.0667365e-21	-1
0	0.112450615	0.9935827	-0.0020976048	0	0.050265484	0	0.112450615	0.9935827	-0.0020976048	1.0060189e-20	-1
0	0.15318055	0.9881183	-0.0022818884	0	0.03769911	0	0.15318055	0.9881183	-0.0022818884	1.5034584e-20	-1
0	0.21935461	0.9755542	-0.0025763293	0	0.025132742	0	0.21935461	0.9755542	-0.0025763293	1.9966334e-20	-1
0	0.2655785	0.9639887	-0.0027770014	0	0.018849555	0	0.2655785	0.9639887	-0.0027770014	2.2400733e-20	-1
0	0.32250342	0.94645405	-0.0030133098	0	0.012566371	0	0.32250342	0.94645405	-0.0030133098	2.4799127e-20	-1
0	0.35559088	0.9345186	-0.0031424859	0	0.009424778	0	0.35559088	0.9345186	-0.0031424859	2.5979344e-20	-1
0	0.39244935	0.9196397	-0.0032768387	0	0.0062831854	0	0.39244935	0.9196397	-0.0032768387	2.714282e-20	-1
0	0.42524916	0.9049324	-0.0033860004	0	0.0037699111	0	0.42524916	0.9049324	-0.0033860004	2.805872e-20	-1
0	0.44306278	0.89634097	-0.003440484	0	0.002513274	0	0.44306278	0.89634097	-0.003440484	2.8510744e-20	-1
0	0.45238572	0.8916697	-0.0034675132	0	0.0018849556	0	0.45238572	0.8916697	-0.0034675132	2.8735078e-20	-1
0	0.46196973	0.88673985	-0.003494172	0	0.001256637	0	0.46196973	0.88673985	-0.003494172	2.8958207e-20	-1
0	0.46590972	0.88467515	-0.0035047857	0	0.0010053096	0	0.46590972	0.88467515	-0.0035047857	2.9047106e-20	-1
0	0.47195005	0.88146615	-0.003520656	0	0.0006283185	0	0.47195005	0.88146615	-0.003520656	2.9180056e-20	-1
0	0.47809756	0.8781456	-0.0035362993	0	0.0002513274	0	0.47809756	0.8781456	-0.0035362993	2.9312515e-20	-1
0	0.47809756	0.8781456	-0.0035362993	0	0.0001256637	0	0.47809756	0.8781456	-0.0035362993	2.9356585e-20	-1
0	0.47809756	0.8781456	-0.0035362993	0	6.283185e-05	0	0.47809756	0.8781456	-0.0035362993	2.9378622e-20	-1
0	0.47809756	0.8781456	-0.0035362993	0	2.5132742e-05	0	0.47809756	0.8781456	-0.0035362993	2.939184e-20	-1
0	0.47809756	0.8781456	-0.0035362993	0	1.2566371e-05	0	0.47809756	0.8781456	-0.0035362993	2.9396248e-20	-1
0	0.47809756	0.8781456	-0.0035362993	0	6.2831855e-06	0	0.47809756	0.8781456	-0.0035362993	2.939845e-20	-1
0	0.47809756	0.8781456	-0.0035362993	0	2.513274e-06	0	0.47809756	0.8781456	-0.0035362993	2.9399773e-20	-1
0	0.47809756	0.8781456	-0.0035362993	0	1.256637e-06	0	0.47809756	0.8781456	-0.0035362993	2.9400216e-20	-1
0	0.47809756	0.8781456	-0.0035362993	0	6.283185e-07	0	0.47809756	0.8781456	-0.0035362993	2.9400435e-20	-1
0	0.47809756	0.8781456	-0.0035362993	0	2.513274e-07	0	0.47809756	0.8781456	-0.0035362993	2.9400568e-20	-1
0	0.47809756	0.8781456	-0.0035362993	0	1.256637e-07	0	0.47809756	0.8781456	-0.0035362993	2.9400613e-20	-1
0	0.47809756	0.8781456	-0.0035362993	0	0	0	0.47809756	0.8781456	-0.0035362993	2.9400655e-20	-1
0	0.47809756	0.8781456	-0.0035362993	0	-1.256637e-07	0	0.47809756	0.8781456	-0.0035362993	2.94007e-20	-1
0	0.47809756	0.8781456	-0.0035362993	0	-2.513274e-07	0	0.47809756	0.8781456	-0.0035362993	2.9400742e-20	-1
0	0.47809756	0.8781456	-0.0035362993	0	-6.283185e-07	0	0.47809756	0.8781456	-0.0035362993	2.9400875e-20	-1
0	0.47809756	0.8781456	-0.0035362993	0	-1.256637e-06	0	0.47809756	0.8781456	-0.0035362993	2.9401098e-20	-1
0	0.47809756	0.8781456	-0.0035362993	0	-2.513274e-06	0	0.47809756	0.8781456	-0.0035362993	2.9401537e-20	-1
0	0.47809756	0.8781456	-0.0035362993	0	-6.2831855e-06	0	0.47809756	0.8781456	-0.0035362993	2.940286e-20	-1
0	0.47809756	0.8781456	-0.0035362993	0	-1.2566371e-05	0	0.47809756	0.8781456	-0.0035362993	2.9405062e-20	-1
0	0.47809756	0.8781456	-0.0035362993	0	-2.5132742e-05	0	0.47809756	0.8781456	-0.0035362993	2.940947e-20	-1
0	0.47809756	0.8781456	-0.0035362993	0	-6.283185e-05	0	0.47809756	0.8781456	-0.0035362993	2.942269e-20	-1
0	0.48440087	0.8746828	-0.0035517868	0	-0.0001256637	0	0.48440087	0.8746828	-0.0035517868	2.9444463e-20	-1
0	0.48440087	0.8746828	-0.0035517868	0	-0.0002513274	0	0.48440087	0.8746828	-0.0035517868	2.948836e-20	-1
0	0.49306452	0.86982644	-0.003572138	0	-0.0006283185	0	0.49306452	0.86982644	-0.003572138	2.9619564e-20	-1
0	0.49976438	0.8659928	-0.003587108	0	-0.0010053096	0	0.49976438	0.8659928	-0.003587108	2.9750233e-20	-1
0	0.49976438	0.8659928	-0.003587108	0	-0.001256637	0	0.49976438	0.8659928	-0.003587108	2.983715e-20	-1
0	0.51618385	0.8563035	-0.003620836	0	-0.0018849556	0	0.51618385	0.8563035	-0.003620836	3.005278e-20	-1
0	0.5287143	0.84862113	-0.0036435996	0	-0.002513274	0	0.5287143	0.84862113	-0.0036435996	3.0266694e-20	-1
0	0.5564496	0.83069277	-0.0036840984	0	-0.0037699111	0	0.5564496	0.83069277	-0.0036840984	3.0688236e-20	-1
0	0.6358117	0.77162707	-0.0037118348	0	-0.0062831854	0	0.6358117	0.77162707	-0.0037118348	3.1496614e-20	-1
0	0.79812646	-0.6022322	0.0015383043	0	-0.009424778	0	0.79812646	-0.6022322	0.0015383043	2.5259989e-20	-1
0	0.7619866	-0.64734566	0.0014471646	0	-0.012566371	0	0.7619866	-0.64734566	0.0014471646	2.4476085e-20	-1
0	0.6706112	-0.74159014	0.0012132652	0	-0.018849555	0	0.6706112	-0.74159014	0.0012132652	2.273582e-20	-1
0	-0.21936646	-0.9755516	0.002576387	0	-0.025132742	0	-0.21936646	-0.9755516	0.002576387	1.9966334e-20	-1
0	-0.15319785	-0.98811567	0.0022819543	0	-0.03769911	0	-0.15319785	-0.98811567	0.0022819543	1.503459e-20	-1
0	-0.112470895	-0.99358046	0.002097689	0	-0.050265484	0	-0.112470895	-0.99358046	0.002097689	1.0060187e-20	-1
0	-0.08700277	-0.9961364	0.0019796328	0	-0.06283186	0	-0.08700277	-0.9961364	0.0019796328	5.0667393e-21	-1
0	-0.08700277	-0.9961364	0.0019796328	0	-0.06283186	0	-0.08700277	-0.9961364	0.0019796328	5.0667393e-21	1
0	-0.112466544	-0.99358094	0.002097671	0	-0.050265484	0	-0.112466544	-0.99358094	0.002097671	1.0060192e-20	1
0	-0.15318409	-0.98811775	0.0022818965	0	-0.03769911	0	-0.15318409	-0.98811775	0.0022818965	1.5034586e-20	1
0	-0.21936266	-0.97555244	0.0025763721	0	-0.025132742	0	-0.21936266	-0.97555244	0.0025763721	1.9966335e-20	1
0	-0.26559436	-0.9639844	0.002777067	0	-0.018849555	0	-0.26559436	-0.9639844	0.002777067	2.2400734e-20	1
0	-0.32249424	-0.94645715	0.0030132737	0	-0.012566371	0	-0.32249424	-0.94645715	0.0030132737	2.4799125e-20	1
0	-0.35560632	-0.9345126	0.0031425208	0	-0.009424778	0	-0.35560632	-0.9345126	0.0031425208	2.5979344e-20	1
0	-0.39244452	-0.91964185	0.0032768222	0	-0.0062831854	0	-0.39244452	-0.91964185	0.0032768222	2.7142824e-20	1
0	-0.42529494	-0.9049108	0.0033861408	0	-0.0037699111	0	-0.42529494	-0.9049108	0.0033861408	2.805872e-20	1
0	-0.4430494	-0.8963476	0.0034404476	0	-0.002513274	0	-0.4430494	-0.8963476	0.0034404476	2.8510744e-20	1
0	-0.45235038	-0.89168763	0.0034674143	0	-0.0018849556	0	-0.45235038	-0.89168763	0.0034674143	2.8735075e-20	1
0	-0.4619822	-0.8867334	0.0034942045	0	-0.001256637	0	-0.4619822	-0.8867334	0.0034942045	2.8958207e-20	1
0	-0.4619822	-0.8867334	0.0034942045	0	-0.0010053096	0	-0.4619822	-0.8867334	0.0034942045	2.904721e-20	1
0	-0.47192505	-0.8814795	0.0035205937	0	-0.0006283185	0	-0.47192505	-0.8814795	0.0035205937	2.9180056e-20	1
0	-0.47809923	-0.8781446	0.0035363021	0	-0.0002513274	0	-0.47809923	-0.8781446	0.0035363021	2.9312515e-20	1
0	-0.47809923	-0.8781446	0.0035363021	0	-0.0001256637	0	-0.47809923	-0.8781446	0.0035363021	2.9356585e-20	1
0	-0.47809923	-0.8781446	0.0035363021	0	-6.283185e-05	0	-0.47809923	-0.8781446	0.0035363021	2.937862e-20	1
0	-0.47809923	-0.8781446	0.0035363021	0	-2.5132742e-05	0	-0.47809923	-0.8781446	0.0035363021	2.939184e-20	1
0	-0.47809923	-0.8781446	0.0035363021	0	-1.2566371e-05	0	-0.47809923	-0.8781446	0.0035363021	2.9396248e-20	1
0	-0.47809923	-0.8781446	0.0035363021	0	-6.2831855e-06	0	-0.47809923	-0.8781446	0.0035363021	2.939845e-20	1
0	-0.47809923	-0.8781446	0.0035363021	0	-2.513274e-06	0	-0.47809923	-0.8781446	0.0035363021	2.9399773e-20	1
0	-0.47809923	-0.8781446	0.0035363021	0	-1.256637e-06	0	-0.47809923	-0.8781446	0.0035363021	2.9400212e-20	1
0	-0.47809923	-0.8781446	0.0035363021	0	-6.283185e-07	0	-0.47809923	-0.8781446	0.0035363021	2.9400435e-20	1
0	-0.47809923	-0.8781446	0.0035363021	0	-2.513274e-07	0	-0.47809923	-0.8781446	0.0035363021	2.9400568e-20	1
0	-0.47809923	-0.8781446	0.0035363021	0	-1.256637e-07	0	-0.47809923	-0.8781446	0.0035363021	2.940061e-20	1
0	-0.47809923	-0.8781446	0.0035363021	0	0	0	-0.47809923	-0.8781446	0.0035363021	2.9400655e-20	1
0	-0.47809923	-0.8781446	0.0035363021	0	1.256637e-07	0	-0.47809923	-0.8781446	0.0035363021	2.9400697e-20	1
0	-0.47809923	-0.8781446	0.0035363021	0	2.513274e-07	0	-0.47809923	-0.8781446	0.0035363021	2.9400742e-20	1
0	-0.47809923	-0.8781446	0.0035363021	0	6.283185e-07	0	-0.47809923	-0.8781446	0.0035363021	2.9400875e-20	1
0	-0.47809923	-0.8781446	0.0035363021	0	1.256637e-06	0	-0.47809923	-0.8781446	0.0035363021	2.9401094e-20	1
0	-0.47809923	-0.8781446	0.0035363021	0	2.513274e-06	0	-0.47809923	-0.8781446	0.0035363021	2.9401537e-20	1
0	-0.47809923	-0.8781446	0.0035363021	0	6.2831855e-06	0	-0.47809923	-0.8781446	0.0035363021	2.940286e-20	1
0	-0.47809923	-0.8781446	0.0035363021	0	1.2566371e-05	0	-0.47809923	-0.8781446	0.0035363021	2.9405062e-20	1
0	-0.47809923	-0.8781446	0.0035363021	0	2.5132742e-05	0	-0.47809923	-0.8781446	0.0035363021	2.940947e-20	1
0	-0.47809923	-0.8781446	0.0035363021	0	6.283185e-05	0	-0.47809923	-0.8781446	0.0035363021	2.9422688e-20	1
0	-0.48440158	-0.8746824	0.0035517896	0	0.0001256637	0	-0.48440158	-0.8746824	0.0035517896	2.9444463e-20	1
0	-0.48440158	-0.8746824	0.0035517896	0	0.0002513274	0	-0.48440158	-0.8746824	0.0035517896	2.948836e-20	1
0	-0.49305773	-0.86983037	0.0035721231	0	0.0006283185	0	-0.49305773	-0.86983037	0.0035721231	2.9619564e-20	1
0	-0.49976304	-0.8659936	0.0035871062	0	0.0010053096	0	-0.49976304	-0.8659936	0.0035871062	2.9750233e-20	1
0	-0.49976304	-0.8659936	0.0035871062	0	0.001256637	0	-0.49976304	-0.8659936	0.0035871062	2.983715e-20	1
0	-0.5161806	-0.8563055	0.00362083	0	0.0018849556	0	-0.5161806	-0.8563055	0.00362083	3.005278e-20	1
0	-0.5287409	-0.8486046	0.0036436426	0	0.002513274	0	-0.5287409	-0.8486046	0.0036436426	3.0266694e-20	1
0	-0.55645025	-0.8306924	0.0036840988	0	0.0037699111	0	-0.55645025	-0.8306924	0.0036840988	3.0688236e-20	1
0	-0.63580585	-0.77163184	0.0037118385	0	0.0062831854	0	-0.63580585	-0.77163184	0.0037118385	3.1496618e-20	1
0	-0.7981188	0.60224235	-0.001538285	0	0.009424778	0	-0.7981188	0.60224235	-0.001538285	2.5259988e-20	1
0	-0.76198745	0.6473447	-0.0014471668	0	0.012566371	0	-0.76198745	0.6473447	-0.0014471668	2.4476085e-20	1
0	-0.67061317	0.7415885	-0.0012132695	0	0.018849555	0	-0.67061317	0.7415885	-0.0012132695	2.2735822e-20	1
0	0.2193524	0.9755547	-0.0025763279	0	0.025132742	0	0.2193524	0.9755547	-0.0025763279	1.9966335e-20	1
0	0.15319183	0.9881166	-0.002281934	0	0.03769911	0	0.15319183	0.9881166	-0.002281934	1.5034584e-20	1
0	0.11248466	0.9935789	-0.0020977461	0	0.050265484	0	0.11248466	0.9935789	-0.0020977461	1.0060193e-20	1
0	0.08700523	0.9961363	-0.0019796472	0	0.06283186	0	0.08700523	0.9961363	-0.0019796472	5.0667373e-21	1
