# t (s)	mx ()	my ()	mz ()	B_extx (T)	B_exty (T)	B_extz (T)	mx ()	my ()	mz ()	E_total (J)	branch ()
0	-0.02922659	0.99950767	-4.7649864e-05	0	0.06283186	0	-0.02922659	0.99950767	-4.7649864e-05	4.5920007e-21	-1
0	-0.034593485	0.9993354	-4.8710746e-05	0	0.050265484	0	-0.034593485	0.9993354	-4.8710746e-05	9.607645e-21	-1
0	-0.042332754	0.9990365	-5.0091006e-05	0	0.03769911	0	-0.042332754	0.9990365	-5.0091006e-05	1.4622138e-20	-1
0	-0.054439396	0.9984487	-5.2037834e-05	0	0.025132742	0	-0.054439396	0.9984487	-5.2037834e-05	1.9634512e-20	-1
0	-0.06345847	0.99791527	-5.3389882e-05	0	0.018849555	0	-0.06345847	0.99791527	-5.3389882e-05	2.2139255e-20	-1
0	-0.07592701	0.99704313	-5.51727e-05	0	0.012566371	0	-0.07592701	0.99704313	-5.51727e-05	2.464228e-20	-1
0	-0.08414741	0.9963823	-5.631048e-05	0	0.009424778	0	-0.08414741	0.9963823	-5.631048e-05	2.5892803e-20	-1
0	-0.09429097	0.99547267	-5.7678415e-05	0	0.0062831854	0	-0.09429097	0.99547267	-5.7678415e-05	2.714235e-20	-1
0	-0.10429462	0.99447346	-5.8994672e-05	0	0.0037699111	0	-0.10429462	0.99447346	-5.8994672e-05	2.814103e-20	-1
0	-0.11014962	0.99384147	-5.9748367e-05	0	0.002513274	0	-0.11014962	0.99384147	-5.9748367e-05	2.8639953e-20	-1
0	-0.11327617	0.9934896	-6.0145867e-05	0	0.0018849556	0	-0.11327617	0.9934896	-6.0145867e-05	2.8889296e-20	-1
0	-0.11662368	0.99310195	-6.057196e-05	0	0.001256637	0	-0.11662368	0.99310195	-6.057196e-05	2.9138536e-20	-1
0	-0.11801584	0.9929373	-6.074814e-05	0	0.0010053096	0	-0.11801584	0.9929373	-6.074814e-05	2.92382e-20	-1
0	-0.1201653	0.99267924	-6.1009196e-05	0	0.0006283185	0	-0.1201653	0.99267924	-6.1009196e-05	2.9387675e-20	-1
0	-0.12242147	0.99240327	-6.129683e-05	0	0.0002513274	0	-0.12242147	0.99240327	-6.129683e-05	2.953711e-20	-1
0	-0.12242147	0.99240327	-6.129683e-05	0	0.0001256637	0	-0.12242147	0.99240327	-6.129683e-05	2.9586916e-20	-1
0	-0.123569205	0.99226093	-6.14419e-05	0	6.283185e-05	0	-0.123569205	0.99226093	-6.14419e-05	2.9611812e-20	-1
0	-0.12379112	0.9922333	-6.1471335e-05	0	2.5132742e-05	0	-0.12379112	0.9922333	-6.1471335e-05	2.962675e-20	-1
0	-0.12379112	0.9922333	-6.1471335e-05	0	1.2566371e-05	0	-0.12379112	0.9922333	-6.1471335e-05	2.963173e-20	-1
0	-0.12379112	0.9922333	-6.1471335e-05	0	6.2831855e-06	0	-0.12379112	0.9922333	-6.1471335e-05	2.963422e-20	-1
0	-0.12379112	0.9922333	-6.1471335e-05	0	2.513274e-06	0	-0.12379112	0.9922333	-6.1471335e-05	2.9635713e-20	-1
0	-0.12379112	0.9922333	-6.1471335e-05	0	1.256637e-06	0	-0.12379112	0.9922333	-6.1471335e-05	2.963621e-20	-1
0	-0.12379112	0.9922333	-6.1471335e-05	0	6.283185e-07	0	-0.12379112	0.9922333	-6.1471335e-05	2.963646e-20	-1
0	-0.12379112	0.9922333	-6.1471335e-05	0	2.513274e-07	0	-0.12379112	0.9922333	-6.1471335e-05	2.9636608e-20	-1
0	-0.12379112	0.9922333	-6.1471335e-05	0	1.256637e-07	0	-0.12379112	0.9922333	-6.1471335e-05	2.963666e-20	-1
0	-0.12379112	0.9922333	-6.1471335e-05	0	0	0	-0.12379112	0.9922333	-6.1471335e-05	2.963671e-20	-1
0	-0.12379112	0.9922333	-6.1471335e-05	0	-1.256637e-07	0	-0.12379112	0.9922333	-6.1471335e-05	2.963676e-20	-1
0	-0.12379112	0.9922333	-6.1471335e-05	0	-2.513274e-07	0	-0.12379112	0.9922333	-6.1471335e-05	2.963681e-20	-1
0	-0.12379112	0.9922333	-6.1471335e-05	0	-6.283185e-07	0	-0.12379112	0.9922333	-6.1471335e-05	2.9636957e-20	-1
0	-0.12379112	0.9922333	-6.1471335e-05	0	-1.256637e-06	0	-0.12379112	0.9922333	-6.1471335e-05	2.9637206e-20	-1
0	-0.12379112	0.9922333	-6.1471335e-05	0	-2.513274e-06	0	-0.12379112	0.9922333	-6.1471335e-05	2.9637704e-20	-1
0	-0.12379112	0.9922333	-6.1471335e-05	0	-6.2831855e-06	0	-0.12379112	0.9922333	-6.1471335e-05	2.96392e-20	-1
0	-0.12379112	0.9922333	-6.1471335e-05	0	-1.2566371e-05	0	-0.12379112	0.9922333	-6.1471335e-05	2.9641688e-20	-1
0	-0.12379112	0.9922333	-6.1471335e-05	0	-2.5132742e-05	0	-0.12379112	0.9922333	-6.1471335e-05	2.9646667e-20	-1
0	-0.12379112	0.9922333	-6.1471335e-05	0	-6.283185e-05	0	-0.12379112	0.9922333	-6.1471335e-05	2.9661608e-20	-1
0	-0.12379112	0.9922333	-6.1471335e-05	0	-0.0001256637	0	-0.12379112	0.9922333	-6.1471335e-05	2.9686504e-20	-1
0	-0.12379112	0.9922333	-6.1471335e-05	0	-0.0002513274	0	-0.12379112	0.9922333	-6.1471335e-05	2.97363e-20	-1
0	-0.12794754	0.9917054	-6.1985025e-05	0	-0.0006283185	0	-0.12794754	0.9917054	-6.1985025e-05	2.988562e-20	-1
0	-0.13047062	0.99137634	-6.229537e-05	0	-0.0010053096	0	-0.13047062	0.99137634	-6.229537e-05	3.00349e-20	-1
0	-0.13222516	0.99114364	-6.250656e-05	0	-0.001256637	0	-0.13222516	0.99114364	-6.250656e-05	3.013439e-20	-1
0	-0.13680905	0.99052083	-6.306544e-05	0	-0.0018849556	0	-0.13680905	0.99052083	-6.306544e-05	3.0383016e-20	-1
0	-0.14172462	0.98982894	-6.365701e-05	0	-0.002513274	0	-0.14172462	0.98982894	-6.365701e-05	3.0631477e-20	-1
0	-0.1527588	0.98818487	-6.495832e-05	0	-0.0037699111	0	-0.1527588	0.98818487	-6.495832e-05	3.1127824e-20	-1
0	-0.18156703	0.98329574	-6.819001e-05	0	-0.0062831854	0	-0.18156703	0.98329574	-6.819001e-05	3.211744e-20	-1
0	-0.24730483	0.9688431	-7.458584e-05	0	-0.009424778	0	-0.24730483	0.9688431	-7.458584e-05	3.334384e-20	-1
0	0.95524263	-0.29548484	-3.933072e-05	0	-0.012566371	0	0.95524263	-0.29548484	-3.933072e-05	2.7073445e-20	-1
0	0.06346382	-0.997915	5.339052e-05	0	-0.018849555	0	0.06346382	-0.997915	5.339052e-05	2.2139255e-20	-1
0	0.054452624	-0.998448	5.2039293e-05	0	-0.025132742	0	0.054452624	-0.998448	5.2039293e-05	1.9634512e-20	-1
0	0.042339437	-0.9990362	5.0091992e-05	0	-0.03769911	0	0.042339437	-0.9990362	5.0091992e-05	1.462214e-20	-1
0	0.03459426	-0.9993354	4.871388e-05	0	-0.050265484	0	0.03459426	-0.9993354	4.871388e-05	9.6076414e-21	-1
0	0.02922967	-0.99950755	4.765057e-05	0	-0.06283186	0	0.02922967	-0.99950755	4.765057e-05	4.592003e-21	-1
0	0.02922967	-0.99950755	4.765057e-05	0	-0.06283186	0	0.02922967	-0.99950755	4.765057e-05	4.592003e-21	1
0	0.03459303	-0.9993354	4.8713555e-05	0	-0.050265484	0	0.03459303	-0.9993354	4.8713555e-05	9.6076366e-21	1
0	0.042330947	-0.99903655	5.0090915e-05	0	-0.03769911	0	0.042330947	-0.99903655	5.0090915e-05	1.4622138e-20	1
0	0.054447226	-0.9984484	5.2040094e-05	0	-0.025132742	0	0.054447226	-0.9984484	5.2040094e-05	1.963451e-20	1
0	0.0634525	-0.99791574	5.3389667e-05	0	-0.018849555	0	0.0634525	-0.99791574	5.3389667e-05	2.2139255e-20	1
0	0.07592958	-0.9970429	5.517632e-05	0	-0.012566371	0	0.07592958	-0.9970429	5.517632e-05	2.464228e-20	1
0	0.08413255	-0.99638355	5.6309003e-05	0	-0.009424778	0	0.08413255	-0.99638355	5.6309003e-05	2.5892802e-20	1
0	0.09428911	-0.9954729	5.7681966e-05	0	-0.0062831854	0	0.09428911	-0.9954729	5.7681966e-05	2.7142352e-20	1
0	0.10429707	-0.9944732	5.899301e-05	0	-0.0037699111	0	0.10429707	-0.9944732	5.899301e-05	2.8141033e-20	1
0	0.110125124	-0.99384415	5.974607e-05	0	-0.002513274	0	0.110125124	-0.99384415	5.974607e-05	2.8639956e-20	1
0	0.113278955	-0.9934894	6.014856e-05	0	-0.0018849556	0	0.113278955	-0.9934894	6.014856e-05	2.8889293e-20	1
0	0.11662054	-0.9931023	6.057151e-05	0	-0.001256637	0	0.11662054	-0.9931023	6.057151e-05	2.9138536e-20	1
0	0.11662054	-0.9931023	6.057151e-05	0	-0.0010053096	0	0.11662054	-0.9931023	6.057151e-05	2.923821e-20	1
0	0.12015891	-0.9926801	6.1016868e-05	0	-0.0006283185	0	0.12015891	-0.9926801	6.1016868e-05	2.9387675e-20	1
0	0.12240207	-0.99240565	6.126084e-05	0	-0.0002513274	0	0.12240207	-0.99240565	6.126084e-05	2.9537107e-20	1
0	0.12317139	-0.9923104	6.139345e-05	0	-0.0001256637	0	0.12317139	-0.9923104	6.139345e-05	2.958691e-20	1
0	0.12317139	-0.9923104	6.139345e-05	0	-6.283185e-05	0	0.12317139	-0.9923104	6.139345e-05	2.961181e-20	1
0	0.12317139	-0.9923104	6.139345e-05	0	-2.5132742e-05	0	0.12317139	-0.9923104	6.139345e-05	2.962675e-20	1
0	0.12317139	-0.9923104	6.139345e-05	0	-1.2566371e-05	0	0.12317139	-0.9923104	6.139345e-05	2.963173e-20	1
0	0.12317139	-0.9923104	6.139345e-05	0	-6.2831855e-06	0	0.12317139	-0.9923104	6.139345e-05	2.963422e-20	1
0	0.12317139	-0.9923104	6.139345e-05	0	-2.513274e-06	0	0.12317139	-0.9923104	6.139345e-05	2.9635713e-20	1
0	0.12317139	-0.9923104	6.139345e-05	0	-1.256637e-06	0	0.12317139	-0.9923104	6.139345e-05	2.963621e-20	1
0	0.12317139	-0.9923104	6.139345e-05	0	-6.283185e-07	0	0.12317139	-0.9923104	6.139345e-05	2.963646e-20	1
0	0.12317139	-0.9923104	6.139345e-05	0	-2.513274e-07	0	0.12317139	-0.9923104	6.139345e-05	2.9636608e-20	1
0	0.12317139	-0.9923104	6.139345e-05	0	-1.256637e-07	0	0.12317139	-0.9923104	6.139345e-05	2.963666e-20	1
0	0.12317139	-0.9923104	6.139345e-05	0	0	0	0.12317139	-0.9923104	6.139345e-05	2.963671e-20	1
0	0.12317139	-0.9923104	6.139345e-05	0	1.256637e-07	0	0.12317139	-0.9923104	6.139345e-05	2.963676e-20	1
0	0.12317139	-0.9923104	6.139345e-05	0	2.513274e-07	0	0.12317139	-0.9923104	6.139345e-05	2.963681e-20	1
0	0.12317139	-0.9923104	6.139345e-05	0	6.283185e-07	0	0.12317139	-0.9923104	6.139345e-05	2.9636957e-20	1
0	0.12317139	-0.9923104	6.139345e-05	0	1.256637e-06	0	0.12317139	-0.9923104	6.139345e-05	2.9637206e-20	1
0	0.12317139	-0.9923104	6.139345e-05	0	2.513274e-06	0	0.12317139	-0.9923104	6.139345e-05	2.9637704e-20	1
0	0.12317139	-0.9923104	6.139345e-05	0	6.2831855e-06	0	0.12317139	-0.9923104	6.139345e-05	2.96392e-20	1
0	0.12317139	-0.9923104	6.139345e-05	0	1.2566371e-05	0	0.12317139	-0.9923104	6.139345e-05	2.9641688e-20	1
0	0.12317139	-0.9923104	6.139345e-05	0	2.5132742e-05	0	0.12317139	-0.9923104	6.139345e-05	2.964667e-20	1
0	0.12317139	-0.9923104	6.139345e-05	0	6.283185e-05	0	0.12317139	-0.9923104	6.139345e-05	2.9661608e-20	1
0	0.1247186	-0.99211705	6.158608e-05	0	0.0001256637	0	0.1247186	-0.99211705	6.158608e-05	2.96865e-20	1
0	0.1247186	-0.99211705	6.158608e-05	0	0.0002513274	0	0.1247186	-0.99211705	6.158608e-05	2.973629e-20	1
0	0.12794968	-0.9917051	6.198618e-05	0	0.0006283185	0	0.12794968	-0.9917051	6.198618e-05	2.9885612e-20	1
0	0.13047986	-0.9913751	6.229585e-05	0	0.0010053096	0	0.13047986	-0.9913751	6.229585e-05	3.00349e-20	1
0	0.1322266	-0.99114347	6.251107e-05	0	0.001256637	0	0.1322266	-0.99114347	6.251107e-05	3.0134387e-20	1
0	0.13679385	-0.9905229	6.306507e-05	0	0.0018849556	0	0.13679385	-0.9905229	6.306507e-05	3.0383016e-20	1
0	0.14172998	-0.98982817	6.365556e-05	0	0.002513274	0	0.14172998	-0.98982817	6.365556e-05	3.0631477e-20	1
0	0.15276545	-0.98818386	6.4958804e-05	0	0.0037699111	0	0.15276545	-0.98818386	6.4958804e-05	3.1127824e-20	1
0	0.18157491	-0.98329425	6.8193025e-05	0	0.0062831854	0	0.18157491	-0.98329425	6.8193025e-05	3.211744e-20	1
0	0.2472912	-0.96884656	7.4584445e-05	0	0.009424778	0	0.2472912	-0.96884656	7.4584445e-05	3.3343844e-20	1
0	-0.95524454	0.2954787	3.9332164e-05	0	0.012566371	0	-0.95524454	0.2954787	3.9332164e-05	2.7073449e-20	1
0	-0.06345606	0.9979155	-5.3389253e-05	0	0.018849555	0	-0.06345606	0.9979155	-5.3389253e-05	2.2139256e-20	1
0	-0.054452814	0.998448	-5.2043477e-05	0	0.025132742	0	-0.054452814	0.998448	-5.2043477e-05	1.9634515e-20	1
0	-0.042339604	0.9990362	-5.0092494e-05	0	0.03769911	0	-0.042339604	0.9990362	-5.0092494e-05	1.462214e-20	1
0	-0.0345961	0.9993353	-4.871391e-05	0	0.050265484	0	-0.0345961	0.9993353	-4.871391e-05	9.607643e-21	1
0	-0.029229535	0.99950755	-4.765038e-05	0	0.06283186	0	-0.029229535	0.99950755	-4.765038e-05	4.5920047e-21	1
