# t (s)	mx ()	my ()	mz ()	B_extx (T)	B_exty (T)	B_extz (T)	mx ()	my ()	mz ()	E_total (J)	branch ()
0	0.99830073	0.057116996	-0.0019507477	0.06283186	0	0	0.99830073	0.057116996	-0.0019507477	2.387724e-21	-1
0	0.9978162	0.06501706	-0.0019723014	0.050265484	0	0	0.9978162	0.06501706	-0.0019723014	7.396563e-21	-1
0	0.99708366	0.075405136	-0.0019951994	0.03769911	0	0	0.99708366	0.075405136	-0.0019951994	1.24024044e-20	-1
0	0.99590385	0.089632735	-0.0020192815	0.025132742	0	0	0.99590385	0.089632735	-0.0020192815	1.7403565e-20	-1
0	0.9950241	0.0989109	-0.0020315233	0.018849555	0	0	0.9950241	0.0989109	-0.0020315233	1.9901492e-20	-1
0	0.99382854	0.11026633	-0.0020434372	0.012566371	0	0	0.99382854	0.11026633	-0.0020434372	2.239684e-20	-1
0	0.9930632	0.11695145	-0.0020490608	0.009424778	0	0	0.9930632	0.11695145	-0.0020490608	2.3643252e-20	-1
0	0.99214673	0.12448068	-0.0020542778	0.0062831854	0	0	0.99214673	0.12448068	-0.0020542778	2.4888619e-20	-1
0	0.9912758	0.13122961	-0.002057965	0.0037699111	0	0	0.9912758	0.13122961	-0.002057965	2.5884015e-20	-1
0	0.99078673	0.13486888	-0.002059618	0.002513274	0	0	0.99078673	0.13486888	-0.002059618	2.6381367e-20	-1
0	0.99052584	0.13676997	-0.002060365	0.0018849556	0	0	0.99052584	0.13676997	-0.002060365	2.6629947e-20	-1
0	0.99025327	0.1387282	-0.002061075	0.001256637	0	0	0.99025327	0.1387282	-0.002061075	2.6878462e-20	-1
0	0.99025327	0.1387282	-0.002061075	0.0010053096	0	0	0.99025327	0.1387282	-0.002061075	2.6977853e-20	-1
0	0.9899707	0.14072867	-0.0020617323	0.0006283185	0	0	0.9899707	0.14072867	-0.0020617323	2.7126904e-20	-1
0	0.9897944	0.14196232	-0.002062104	0.0002513274	0	0	0.9897944	0.14196232	-0.002062104	2.7275935e-20	-1
0	0.9897944	0.14196232	-0.002062104	0.0001256637	0	0	0.9897944	0.14196232	-0.002062104	2.7325608e-20	-1
0	0.9897944	0.14196232	-0.002062104	6.283185e-05	0	0	0.9897944	0.14196232	-0.002062104	2.7350443e-20	-1
0	0.9897944	0.14196232	-0.002062104	2.5132742e-05	0	0	0.9897944	0.14196232	-0.002062104	2.7365345e-20	-1
0	0.9897944	0.14196232	-0.002062104	1.2566371e-05	0	0	0.9897944	0.14196232	-0.002062104	2.7370314e-20	-1
0	0.9897944	0.14196232	-0.002062104	6.2831855e-06	0	0	0.9897944	0.14196232	-0.002062104	2.7372796e-20	-1
0	0.9897944	0.14196232	-0.002062104	2.513274e-06	0	0	0.9897944	0.14196232	-0.002062104	2.7374285e-20	-1
0	0.9897944	0.14196232	-0.002062104	1.256637e-06	0	0	0.9897944	0.14196232	-0.002062104	2.7374783e-20	-1
0	0.9897944	0.14196232	-0.002062104	6.283185e-07	0	0	0.9897944	0.14196232	-0.002062104	2.7375032e-20	-1
0	0.9897944	0.14196232	-0.002062104	2.513274e-07	0	0	0.9897944	0.14196232	-0.002062104	2.737518e-20	-1
0	0.9897944	0.14196232	-0.002062104	1.256637e-07	0	0	0.9897944	0.14196232	-0.002062104	2.737523e-20	-1
0	0.9897944	0.14196232	-0.002062104	0	0	0	0.9897944	0.14196232	-0.002062104	2.737528e-20	-1
0	0.9897944	0.14196232	-0.002062104	-1.256637e-07	0	0	0.9897944	0.14196232	-0.002062104	2.737533e-20	-1
0	0.9897944	0.14196232	-0.002062104	-2.513274e-07	0	0	0.9897944	0.14196232	-0.002062104	2.737538e-20	-1
0	0.9897944	0.14196232	-0.002062104	-6.283185e-07	0	0	0.9897944	0.14196232	-0.002062104	2.737553e-20	-1
0	0.9897944	0.14196232	-0.002062104	-1.256637e-06	0	0	0.9897944	0.14196232	-0.002062104	2.7375778e-20	-1
0	0.9897944	0.14196232	-0.002062104	-2.513274e-06	0	0	0.9897944	0.14196232	-0.002062104	2.7376273e-20	-1
0	0.9897944	0.14196232	-0.002062104	-6.2831855e-06	0	0	0.9897944	0.14196232	-0.002062104	2.7377762e-20	-1
0	0.9897944	0.14196232	-0.002062104	-1.2566371e-05	0	0	0.9897944	0.14196232	-0.002062104	2.7380247e-20	-1
0	0.9897944	0.14196232	-0.002062104	-2.5132742e-05	0	0	0.9897944	0.14196232	-0.002062104	2.7385213e-20	-1
0	0.9896444	0.14300327	-0.0020623945	-6.283185e-05	0	0	0.9896444	0.14300327	-0.0020623945	2.7400112e-20	-1
0	0.9896444	0.14300327	-0.0020623945	-0.0001256637	0	0	0.9896444	0.14300327	-0.0020623945	2.7424944e-20	-1
0	0.9896444	0.14300327	-0.0020623945	-0.0002513274	0	0	0.9896444	0.14300327	-0.0020623945	2.747461e-20	-1
0	0.9893656	0.14491835	-0.0020628793	-0.0006283185	0	0	0.9893656	0.14491835	-0.0020628793	2.7623574e-20	-1
0	0.9893656	0.14491835	-0.0020628793	-0.0010053096	0	0	0.9893656	0.14491835	-0.0020628793	2.7772528e-20	-1
0	0.9890412	0.14711347	-0.0020633538	-0.001256637	0	0	0.9890412	0.14711347	-0.0020633538	2.7871793e-20	-1
0	0.9887023	0.1493725	-0.0020637554	-0.0018849556	0	0	0.9887023	0.1493725	-0.0020637554	2.811992e-20	-1
0	0.9883479	0.15169773	-0.0020641617	-0.002513274	0	0	0.9883479	0.15169773	-0.0020641617	2.836797e-20	-1
0	0.9875859	0.1565776	-0.0020644618	-0.0037699111	0	0	0.9875859	0.1565776	-0.0020644618	2.8863782e-20	-1
0	0.9858172	0.16734412	-0.0020638905	-0.0062831854	0	0	0.9858172	0.16734412	-0.0020638905	2.9854166e-20	-1
0	0.9830055	0.1831263	-0.0020596762	-0.009424778	0	0	0.9830055	0.1831263	-0.0020596762	3.1089312e-20	-1
0	0.97922385	0.2023615	-0.0020492398	-0.012566371	0	0	0.97922385	0.2023615	-0.0020492398	3.232037e-20	-1
0	0.96577585	0.25901294	-0.0019858414	-0.018849555	0	0	0.96577585	0.25901294	-0.0019858414	3.4762966e-20	-1
0	-0.99590373	-0.08963385	0.002019296	-0.025132742	0	0	-0.99590373	-0.08963385	0.002019296	1.7403567e-20	-1
0	-0.9970834	-0.075408265	0.001995197	-0.03769911	0	0	-0.9970834	-0.075408265	0.001995197	1.2402405e-20	-1
0	-0.99781585	-0.065022744	0.0019723042	-0.050265484	0	0	-0.99781585	-0.065022744	0.0019723042	7.39656e-21	-1
0	-0.9983007	-0.057118006	0.0019507527	-0.06283186	0	0	-0.9983007	-0.057118006	0.0019507527	2.3877267e-21	-1
0	-0.9983007	-0.057118006	0.0019507527	-0.06283186	0	0	-0.9983007	-0.057118006	0.0019507527	2.3877267e-21	1
0	-0.997816	-0.06501986	0.0019722986	-0.050265484	0	0	-0.997816	-0.06501986	0.0019722986	7.396561e-21	1
0	-0.9970838	-0.07540418	0.0019951975	-0.03769911	0	0	-0.9970838	-0.07540418	0.0019951975	1.2402405e-20	1
0	-0.99590397	-0.08963039	0.0020192936	-0.025132742	0	0	-0.99590397	-0.08963039	0.0020192936	1.7403565e-20	1
0	-0.9950243	-0.09890929	0.0020315242	-0.018849555	0	0	-0.9950243	-0.09890929	0.0020315242	1.990149e-20	1
0	-0.9938285	-0.1102664	0.0020434374	-0.012566371	0	0	-0.9938285	-0.1102664	0.0020434374	2.2396838e-20	1
0	-0.9930633	-0.11695119	0.0020490596	-0.009424778	0	0	-0.9930633	-0.11695119	0.0020490596	2.3643255e-20	1
0	-0.99214685	-0.124479614	0.0020542627	-0.0062831854	0	0	-0.99214685	-0.124479614	0.0020542627	2.4888624e-20	1
0	-0.99127686	-0.1312215	0.002057965	-0.0037699111	0	0	-0.99127686	-0.1312215	0.002057965	2.5884016e-20	1
0	-0.99078727	-0.13486485	0.0020596078	-0.002513274	0	0	-0.99078727	-0.13486485	0.0020596078	2.6381367e-20	1
0	-0.99052584	-0.13676989	0.0020603654	-0.0018849556	0	0	-0.99052584	-0.13676989	0.0020603654	2.6629944e-20	1
0	-0.9902542	-0.13872115	0.0020610746	-0.001256637	0	0	-0.9902542	-0.13872115	0.0020610746	2.687846e-20	1
0	-0.9902542	-0.13872115	0.0020610746	-0.0010053096	0	0	-0.9902542	-0.13872115	0.0020610746	2.6977853e-20	1
0	-0.98997104	-0.14072615	0.0020617289	-0.0006283185	0	0	-0.98997104	-0.14072615	0.0020617289	2.7126904e-20	1
0	-0.9897944	-0.14196229	0.0020621032	-0.0002513274	0	0	-0.9897944	-0.14196229	0.0020621032	2.7275938e-20	1
0	-0.9897944	-0.14196229	0.0020621032	-0.0001256637	0	0	-0.9897944	-0.14196229	0.0020621032	2.732561e-20	1
0	-0.9897944	-0.14196229	0.0020621032	-6.283185e-05	0	0	-0.9897944	-0.14196229	0.0020621032	2.735045e-20	1
0	-0.9897944	-0.14196229	0.0020621032	-2.5132742e-05	0	0	-0.9897944	-0.14196229	0.0020621032	2.7365348e-20	1
0	-0.9897944	-0.14196229	0.0020621032	-1.2566371e-05	0	0	-0.9897944	-0.14196229	0.0020621032	2.7370318e-20	1
0	-0.9897944	-0.14196229	0.0020621032	-6.2831855e-06	0	0	-0.9897944	-0.14196229	0.0020621032	2.73728e-20	1
0	-0.9897944	-0.14196229	0.0020621032	-2.513274e-06	0	0	-0.9897944	-0.14196229	0.0020621032	2.7374292e-20	1
0	-0.9897944	-0.14196229	0.0020621032	-1.256637e-06	0	0	-0.9897944	-0.14196229	0.0020621032	2.7374786e-20	1
0	-0.9897944	-0.14196229	0.0020621032	-6.283185e-07	0	0	-0.9897944	-0.14196229	0.0020621032	2.7375035e-20	1
0	-0.9897944	-0.14196229	0.0020621032	-2.513274e-07	0	0	-0.9897944	-0.14196229	0.0020621032	2.7375184e-20	1
0	-0.9897944	-0.14196229	0.0020621032	-1.256637e-07	0	0	-0.9897944	-0.14196229	0.0020621032	2.7375235e-20	1
0	-0.9897944	-0.14196229	0.0020621032	0	0	0	-0.9897944	-0.14196229	0.0020621032	2.7375284e-20	1
0	-0.9897944	-0.14196229	0.0020621032	1.256637e-07	0	0	-0.9897944	-0.14196229	0.0020621032	2.7375332e-20	1
0	-0.9897944	-0.14196229	0.0020621032	2.513274e-07	0	0	-0.9897944	-0.14196229	0.0020621032	2.7375384e-20	1
0	-0.9897944	-0.14196229	0.0020621032	6.283185e-07	0	0	-0.9897944	-0.14196229	0.0020621032	2.7375533e-20	1
0	-0.9897944	-0.14196229	0.0020621032	1.256637e-06	0	0	-0.9897944	-0.14196229	0.0020621032	2.737578e-20	1
0	-0.9897944	-0.14196229	0.0020621032	2.513274e-06	0	0	-0.9897944	-0.14196229	0.0020621032	2.737628e-20	1
0	-0.9897944	-0.14196229	0.0020621032	6.2831855e-06	0	0	-0.9897944	-0.14196229	0.0020621032	2.737777e-20	1
0	-0.9897944	-0.14196229	0.0020621032	1.2566371e-05	0	0	-0.9897944	-0.14196229	0.0020621032	2.738025e-20	1
0	-0.9897944	-0.14196229	0.0020621032	2.5132742e-05	0	0	-0.9897944	-0.14196229	0.0020621032	2.738522e-20	1
0	-0.9896444	-0.14300337	0.0020623943	6.283185e-05	0	0	-0.9896444	-0.14300337	0.0020623943	2.740011e-20	1
0	-0.9896444	-0.14300337	0.0020623943	0.0001256637	0	0	-0.9896444	-0.14300337	0.0020623943	2.742494e-20	1
0	-0.9896444	-0.14300337	0.0020623943	0.0002513274	0	0	-0.9896444	-0.14300337	0.0020623943	2.7474607e-20	1
0	-0.989365	-0.14492187	0.0020628795	0.0006283185	0	0	-0.989365	-0.14492187	0.0020628795	2.7623574e-20	1
0	-0.989365	-0.14492187	0.0020628795	0.0010053096	0	0	-0.989365	-0.14492187	0.0020628795	2.7772528e-20	1
0	-0.98904085	-0.14711574	0.0020633524	0.001256637	0	0	-0.98904085	-0.14711574	0.0020633524	2.787179e-20	1
0	-0.98870134	-0.1493785	0.0020637552	0.0018849556	0	0	-0.98870134	-0.1493785	0.0020637552	2.811992e-20	1
0	-0.9883479	-0.15169764	0.0020640814	0.002513274	0	0	-0.9883479	-0.15169764	0.0020640814	2.836797e-20	1
0	-0.9875858	-0.15657824	0.0020644565	0.0037699111	0	0	-0.9875858	-0.15657824	0.0020644565	2.8863782e-20	1
0	-0.9858171	-0.16734529	0.0020638863	0.0062831854	0	0	-0.9858171	-0.16734529	0.0020638863	2.9854163e-20	1
0	-0.9830057	-0.1831255	0.0020596692	0.009424778	0	0	-0.9830057	-0.1831255	0.0020596692	3.1089312e-20	1
0	-0.97922385	-0.20236123	0.0020492391	0.012566371	0	0	-0.97922385	-0.20236123	0.0020492391	3.232037e-20	1
0	-0.965771	-0.25903094	0.0019858112	0.018849555	0	0	-0.965771	-0.25903094	0.0019858112	3.4762966e-20	1
0	0.99590373	0.089633524	-0.0020193006	0.025132742	0	0	0.99590373	0.089633524	-0.0020193006	1.7403565e-20	1
0	0.99708354	0.07540704	-0.0019951998	0.03769911	0	0	0.99708354	0.07540704	-0.0019951998	1.24024084e-20	1
0	0.99781585	0.06502287	-0.0019723044	0.050265484	0	0	0.99781585	0.06502287	-0.0019723044	7.396559e-21	1
0	0.99830055	0.057119496	-0.0019507543	0.06283186	0	0	0.99830055	0.057119496	-0.0019507543	2.3877229e-21	1
