# t (s)	mx ()	my ()	mz ()	B_extx (T)	B_exty (T)	B_extz (T)	mx ()	my ()	mz ()	E_total (J)	branch ()
0	0.99918926	0.03851698	-0.0024452398	0.06283186	0	0	0.99918926	0.03851698	-0.0024452398	4.569921e-21	-1
0	0.9988732	0.045971192	-0.0024230115	0.050265484	0	0	0.9988732	0.045971192	-0.0024230115	9.583634e-21	-1
0	0.9983076	0.056927778	-0.0023790067	0.03769911	0	0	0.9983076	0.056927778	-0.0023790067	1.4595216e-20	-1
0	0.9971559	0.07440564	-0.0022924733	0.025132742	0	0	0.9971559	0.07440564	-0.0022924733	1.9602712e-20	-1
0	0.99608016	0.087625206	-0.002218648	0.018849555	0	0	0.99608016	0.087625206	-0.002218648	2.2103583e-20	-1
0	0.9942722	0.10617819	-0.0021068275	0.012566371	0	0	0.9942722	0.10617819	-0.0021068275	2.4600938e-20	-1
0	0.99287796	0.11849977	-0.002028488	0.009424778	0	0	0.99287796	0.11849977	-0.002028488	2.584755e-20	-1
0	0.99093115	0.13379607	-0.0019276335	0.0062831854	0	0	0.99093115	0.13379607	-0.0019276335	2.7092094e-20	-1
0	0.98876756	0.14893511	-0.0018245019	0.0037699111	0	0	0.98876756	0.14893511	-0.0018245019	2.8085667e-20	-1
0	0.9873923	0.15778908	-0.0017628653	0.002513274	0	0	0.9873923	0.15778908	-0.0017628653	2.8581543e-20	-1
0	0.9866134	0.16258499	-0.0017291198	0.0018849556	0	0	0.9866134	0.16258499	-0.0017291198	2.8829206e-20	-1
0	0.9857565	0.16769895	-0.0016928676	0.001256637	0	0	0.9857565	0.16769895	-0.0016928676	2.9076662e-20	-1
0	0.9857565	0.16769895	-0.0016928676	0.0010053096	0	0	0.9857565	0.16769895	-0.0016928676	2.9175604e-20	-1
0	0.9848207	0.17310552	-0.0016542705	0.0006283185	0	0	0.9848207	0.17310552	-0.0016542705	2.9323902e-20	-1
0	0.9842142	0.1765191	-0.0016297501	0.0002513274	0	0	0.9842142	0.1765191	-0.0016297501	2.9472122e-20	-1
0	0.9842142	0.1765191	-0.0016297501	0.0001256637	0	0	0.9842142	0.1765191	-0.0016297501	2.9521514e-20	-1
0	0.9842142	0.1765191	-0.0016297501	6.283185e-05	0	0	0.9842142	0.1765191	-0.0016297501	2.954621e-20	-1
0	0.9842142	0.1765191	-0.0016297501	2.5132742e-05	0	0	0.9842142	0.1765191	-0.0016297501	2.9561028e-20	-1
0	0.9842142	0.1765191	-0.0016297501	1.2566371e-05	0	0	0.9842142	0.1765191	-0.0016297501	2.9565968e-20	-1
0	0.9842142	0.1765191	-0.0016297501	6.2831855e-06	0	0	0.9842142	0.1765191	-0.0016297501	2.9568437e-20	-1
0	0.9842142	0.1765191	-0.0016297501	2.513274e-06	0	0	0.9842142	0.1765191	-0.0016297501	2.956992e-20	-1
0	0.9842142	0.1765191	-0.0016297501	1.256637e-06	0	0	0.9842142	0.1765191	-0.0016297501	2.957041e-20	-1
0	0.9842142	0.1765191	-0.0016297501	6.283185e-07	0	0	0.9842142	0.1765191	-0.0016297501	2.957066e-20	-1
0	0.9842142	0.1765191	-0.0016297501	2.513274e-07	0	0	0.9842142	0.1765191	-0.0016297501	2.957081e-20	-1
0	0.9842142	0.1765191	-0.0016297501	1.256637e-07	0	0	0.9842142	0.1765191	-0.0016297501	2.9570857e-20	-1
0	0.9842142	0.1765191	-0.0016297501	0	0	0	0.9842142	0.1765191	-0.0016297501	2.9570906e-20	-1
0	0.9842142	0.1765191	-0.0016297501	-1.256637e-07	0	0	0.9842142	0.1765191	-0.0016297501	2.9570957e-20	-1
0	0.9842142	0.1765191	-0.0016297501	-2.513274e-07	0	0	0.9842142	0.1765191	-0.0016297501	2.9571006e-20	-1
0	0.9842142	0.1765191	-0.0016297501	-6.283185e-07	0	0	0.9842142	0.1765191	-0.0016297501	2.9571154e-20	-1
0	0.9842142	0.1765191	-0.0016297501	-1.256637e-06	0	0	0.9842142	0.1765191	-0.0016297501	2.95714e-20	-1
0	0.9842142	0.1765191	-0.0016297501	-2.513274e-06	0	0	0.9842142	0.1765191	-0.0016297501	2.9571894e-20	-1
0	0.9842142	0.1765191	-0.0016297501	-6.2831855e-06	0	0	0.9842142	0.1765191	-0.0016297501	2.9573377e-20	-1
0	0.9842142	0.1765191	-0.0016297501	-1.2566371e-05	0	0	0.9842142	0.1765191	-0.0016297501	2.9575846e-20	-1
0	0.9842142	0.1765191	-0.0016297501	-2.5132742e-05	0	0	0.9842142	0.1765191	-0.0016297501	2.9580786e-20	-1
0	0.9842142	0.1765191	-0.0016297501	-6.283185e-05	0	0	0.9842142	0.1765191	-0.0016297501	2.95956e-20	-1
0	0.98357105	0.18006611	-0.0016041851	-0.0001256637	0	0	0.98357105	0.18006611	-0.0016041851	2.9620252e-20	-1
0	0.98357105	0.18006611	-0.0016041851	-0.0002513274	0	0	0.98357105	0.18006611	-0.0016041851	2.9669615e-20	-1
0	0.9826522	0.18501154	-0.0015683526	-0.0006283185	0	0	0.9826522	0.18501154	-0.0015683526	2.9817606e-20	-1
0	0.98191	0.18890798	-0.0015399826	-0.0010053096	0	0	0.98191	0.18890798	-0.0015399826	2.996549e-20	-1
0	0.9813892	0.19159323	-0.0015203652	-0.001256637	0	0	0.9813892	0.19159323	-0.0015203652	3.0064018e-20	-1
0	0.97997993	0.19867112	-0.0014684107	-0.0018849556	0	0	0.97997993	0.19867112	-0.0014684107	3.03101e-20	-1
0	0.9784042	0.20628606	-0.0014121537	-0.002513274	0	0	0.9784042	0.20628606	-0.0014121537	3.0555806e-20	-1
0	0.974604	0.22354153	-0.0012834945	-0.0037699111	0	0	0.974604	0.22354153	-0.0012834945	3.10459e-20	-1
0	0.962566	0.27069342	-0.00092696695	-0.0062831854	0	0	0.962566	0.27069342	-0.00092696695	3.2018743e-20	-1
0	-0.42447302	0.9052963	-0.0035237223	-0.009424778	0	0	-0.42447302	0.9052963	-0.0035237223	2.6409964e-20	-1
0	-0.53368986	0.8455033	-0.0025508269	-0.012566371	0	0	-0.53368986	0.8455033	-0.0025508269	2.5813746e-20	-1
0	-0.9960792	-0.08763643	0.0022185752	-0.018849555	0	0	-0.9960792	-0.08763643	0.0022185752	2.2103584e-20	-1
0	-0.99715513	-0.07441522	0.002292413	-0.025132742	0	0	-0.99715513	-0.07441522	0.002292413	1.9602712e-20	-1
0	-0.998307	-0.05693752	0.0023789457	-0.03769911	0	0	-0.998307	-0.05693752	0.0023789457	1.4595216e-20	-1
0	-0.9988724	-0.045986686	0.0024229197	-0.050265484	0	0	-0.9988724	-0.045986686	0.0024229197	9.583638e-21	-1
0	-0.9991891	-0.03852295	0.0024452046	-0.06283186	0	0	-0.9991891	-0.03852295	0.0024452046	4.5699217e-21	-1
0	-0.9991891	-0.03852295	0.0024452046	-0.06283186	0	0	-0.9991891	-0.03852295	0.0024452046	4.5699217e-21	1
0	-0.9988725	-0.04598458	0.0024229311	-0.050265484	0	0	-0.9988725	-0.04598458	0.0024229311	9.583631e-21	1
0	-0.99830747	-0.056930475	0.002378989	-0.03769911	0	0	-0.99830747	-0.056930475	0.002378989	1.4595216e-20	1
0	-0.9971558	-0.074407056	0.002292458	-0.025132742	0	0	-0.9971558	-0.074407056	0.002292458	1.960271e-20	1
0	-0.9960795	-0.08763334	0.0022185985	-0.018849555	0	0	-0.9960795	-0.08763334	0.0022185985	2.2103584e-20	1
0	-0.9942726	-0.10617451	0.0021068507	-0.012566371	0	0	-0.9942726	-0.10617451	0.0021068507	2.4600938e-20	1
0	-0.9928801	-0.11848186	0.0020286185	-0.009424778	0	0	-0.9928801	-0.11848186	0.0020286185	2.584755e-20	1
0	-0.99093336	-0.13378	0.0019277465	-0.0062831854	0	0	-0.99093336	-0.13378	0.0019277465	2.7092092e-20	1
0	-0.9887663	-0.14894325	0.0018244425	-0.0037699111	0	0	-0.9887663	-0.14894325	0.0018244425	2.808566e-20	1
0	-0.98739445	-0.15777579	0.0017629613	-0.002513274	0	0	-0.98739445	-0.15777579	0.0017629613	2.858154e-20	1
0	-0.98661137	-0.1625975	0.0017290281	-0.0018849556	0	0	-0.98661137	-0.1625975	0.0017290281	2.8829202e-20	1
0	-0.9857578	-0.1676906	0.0016929051	-0.001256637	0	0	-0.9857578	-0.1676906	0.0016929051	2.9076662e-20	1
0	-0.9857578	-0.1676906	0.0016929051	-0.0010053096	0	0	-0.9857578	-0.1676906	0.0016929051	2.9175604e-20	1
0	-0.9848189	-0.17311613	0.0016541906	-0.0006283185	0	0	-0.9848189	-0.17311613	0.0016541906	2.9323902e-20	1
0	-0.9842141	-0.17651963	0.0016297577	-0.0002513274	0	0	-0.9842141	-0.17651963	0.0016297577	2.9472122e-20	1
0	-0.9842141	-0.17651963	0.0016297577	-0.0001256637	0	0	-0.9842141	-0.17651963	0.0016297577	2.9521517e-20	1
0	-0.9842141	-0.17651963	0.0016297577	-6.283185e-05	0	0	-0.9842141	-0.17651963	0.0016297577	2.9546213e-20	1
0	-0.9842141	-0.17651963	0.0016297577	-2.5132742e-05	0	0	-0.9842141	-0.17651963	0.0016297577	2.956103e-20	1
0	-0.9842141	-0.17651963	0.0016297577	-1.2566371e-05	0	0	-0.9842141	-0.17651963	0.0016297577	2.9565968e-20	1
0	-0.9842141	-0.17651963	0.0016297577	-6.2831855e-06	0	0	-0.9842141	-0.17651963	0.0016297577	2.956844e-20	1
0	-0.9842141	-0.17651963	0.0016297577	-2.513274e-06	0	0	-0.9842141	-0.17651963	0.0016297577	2.956992e-20	1
0	-0.9842141	-0.17651963	0.0016297577	-1.256637e-06	0	0	-0.9842141	-0.17651963	0.0016297577	2.9570414e-20	1
0	-0.9842141	-0.17651963	0.0016297577	-6.283185e-07	0	0	-0.9842141	-0.17651963	0.0016297577	2.9570663e-20	1
0	-0.9842141	-0.17651963	0.0016297577	-2.513274e-07	0	0	-0.9842141	-0.17651963	0.0016297577	2.957081e-20	1
0	-0.9842141	-0.17651963	0.0016297577	-1.256637e-07	0	0	-0.9842141	-0.17651963	0.0016297577	2.957086e-20	1
0	-0.9842141	-0.17651963	0.0016297577	0	0	0	-0.9842141	-0.17651963	0.0016297577	2.957091e-20	1
0	-0.9842141	-0.17651963	0.0016297577	1.256637e-07	0	0	-0.9842141	-0.17651963	0.0016297577	2.9570957e-20	1
0	-0.9842141	-0.17651963	0.0016297577	2.513274e-07	0	0	-0.9842141	-0.17651963	0.0016297577	2.957101e-20	1
0	-0.9842141	-0.17651963	0.0016297577	6.283185e-07	0	0	-0.9842141	-0.17651963	0.0016297577	2.9571154e-20	1
0	-0.9842141	-0.17651963	0.0016297577	1.256637e-06	0	0	-0.9842141	-0.17651963	0.0016297577	2.9571403e-20	1
0	-0.9842141	-0.17651963	0.0016297577	2.513274e-06	0	0	-0.9842141	-0.17651963	0.0016297577	2.9571898e-20	1
0	-0.9842141	-0.17651963	0.0016297577	6.2831855e-06	0	0	-0.9842141	-0.17651963	0.0016297577	2.9573377e-20	1
0	-0.9842141	-0.17651963	0.0016297577	1.2566371e-05	0	0	-0.9842141	-0.17651963	0.0016297577	2.957585e-20	1
0	-0.9842141	-0.17651963	0.0016297577	2.5132742e-05	0	0	-0.9842141	-0.17651963	0.0016297577	2.9580786e-20	1
0	-0.9836769	-0.17948721	0.0016083644	6.283185e-05	0	0	-0.9836769	-0.17948721	0.0016083644	2.9595576e-20	1
0	-0.9836769	-0.17948721	0.0016083644	0.0001256637	0	0	-0.9836769	-0.17948721	0.0016083644	2.962026e-20	1
0	-0.9836769	-0.17948721	0.0016083644	0.0002513274	0	0	-0.9836769	-0.17948721	0.0016083644	2.9669624e-20	1
0	-0.9826509	-0.18501833	0.001568302	0.0006283185	0	0	-0.9826509	-0.18501833	0.001568302	2.9817606e-20	1
0	-0.98190904	-0.18891293	0.0015399458	0.0010053096	0	0	-0.98190904	-0.18891293	0.0015399458	2.9965493e-20	1
0	-0.98190904	-0.18891293	0.0015399458	0.001256637	0	0	-0.98190904	-0.18891293	0.0015399458	3.0064047e-20	1
0	-0.9799816	-0.19866285	0.0014684731	0.0018849556	0	0	-0.9799816	-0.19866285	0.0014684731	3.0310105e-20	1
0	-0.9783962	-0.20632432	0.0014118643	0.002513274	0	0	-0.9783962	-0.20632432	0.0014118643	3.0555806e-20	1
0	-0.974604	-0.2235412	0.0012834974	0.0037699111	0	0	-0.974604	-0.2235412	0.0012834974	3.10459e-20	1
0	-0.9625392	-0.2707889	0.00092623493	0.0062831854	0	0	-0.9625392	-0.2707889	0.00092623493	3.2018743e-20	1
0	0.42449987	-0.90528375	0.003523523	0.009424778	0	0	0.42449987	-0.90528375	0.003523523	2.6409966e-20	1
0	0.5336542	-0.8455258	0.0025512043	0.012566371	0	0	0.5336542	-0.8455258	0.0025512043	2.581375e-20	1
0	0.99607867	0.08764227	-0.0022185398	0.018849555	0	0	0.99607867	0.08764227	-0.0022185398	2.2103581e-20	1
0	0.99715465	0.074421816	-0.002292371	0.025132742	0	0	0.99715465	0.074421816	-0.002292371	1.9602712e-20	1
0	0.998307	0.05693759	-0.0023789466	0.03769911	0	0	0.998307	0.05693759	-0.0023789466	1.4595214e-20	1
0	0.9988723	0.045989804	-0.0024229013	0.050265484	0	0	0.9988723	0.045989804	-0.0024229013	9.5836354e-21	1
0	0.9991889	0.03852602	-0.0024451856	0.06283186	0	0	0.9991889	0.03852602	-0.0024451856	4.5699192e-21	1
