# t (s)	mx ()	my ()	mz ()	B_extx (T)	B_exty (T)	B_extz (T)	mx ()	my ()	mz ()	E_total (J)	branch ()
0	0.98151183	-0.19098899	-0.0004944276	0.06283186	0	0	0.98151183	-0.19098899	-0.0004944276	3.593165e-21	-1
0	0.9734524	-0.22851914	-0.00061343773	0.050265484	0	0	0.9734524	-0.22851914	-0.00061343773	8.500163e-21	-1
0	0.96078146	-0.2769705	-0.0007395552	0.03769911	0	0	0.96078146	-0.2769705	-0.0007395552	1.3356048e-20	-1
0	0.9407717	-0.33873075	-0.0008570786	0.025132742	0	0	0.9407717	-0.33873075	-0.0008570786	1.8131329e-20	-1
0	0.92672944	-0.3754295	-0.0009055211	0.018849555	0	0	0.92672944	-0.3754295	-0.0009055211	2.047502e-20	-1
0	0.90895	-0.41661453	-0.0009427519	0.012566371	0	0	0.90895	-0.41661453	-0.0009427519	2.2779006e-20	-1
0	0.89827585	-0.43914562	-0.00095620623	0.009424778	0	0	0.89827585	-0.43914562	-0.00095620623	2.3912842e-20	-1
0	0.88611376	-0.46318567	-0.0009657758	0.0062831854	0	0	0.88611376	-0.46318567	-0.0009657758	2.5032382e-20	-1
0	0.87511086	-0.48364395	-0.0009704658	0.0037699111	0	0	0.87511086	-0.48364395	-0.0009704658	2.5916363e-20	-1
0	0.86912274	-0.49431962	-0.0009717864	0.002513274	0	0	0.86912274	-0.49431962	-0.0009717864	2.635405e-20	-1
0	0.8659824	-0.4997986	-0.0009721948	0.0018849556	0	0	0.8659824	-0.4997986	-0.0009721948	2.6571743e-20	-1
0	0.8627484	-0.50535846	-0.00097243336	0.001256637	0	0	0.8627484	-0.50535846	-0.00097243336	2.6788633e-20	-1
0	0.8627484	-0.50535846	-0.00097243336	0.0010053096	0	0	0.8627484	-0.50535846	-0.00097243336	2.6875227e-20	-1
0	0.8594042	-0.5110228	-0.0009725031	0.0006283185	0	0	0.8594042	-0.5110228	-0.0009725031	2.7004699e-20	-1
0	0.8573476	-0.51446444	-0.0009724642	0.0002513274	0	0	0.8573476	-0.51446444	-0.0009724642	2.713393e-20	-1
0	0.8573476	-0.51446444	-0.0009724642	0.0001256637	0	0	0.8573476	-0.51446444	-0.0009724642	2.7176958e-20	-1
0	0.8573476	-0.51446444	-0.0009724642	6.283185e-05	0	0	0.8573476	-0.51446444	-0.0009724642	2.719847e-20	-1
0	0.8573476	-0.51446444	-0.0009724642	2.5132742e-05	0	0	0.8573476	-0.51446444	-0.0009724642	2.721138e-20	-1
0	0.8573476	-0.51446444	-0.0009724642	1.2566371e-05	0	0	0.8573476	-0.51446444	-0.0009724642	2.721568e-20	-1
0	0.8573476	-0.51446444	-0.0009724642	6.2831855e-06	0	0	0.8573476	-0.51446444	-0.0009724642	2.7217832e-20	-1
0	0.8573476	-0.51446444	-0.0009724642	2.513274e-06	0	0	0.8573476	-0.51446444	-0.0009724642	2.721912e-20	-1
0	0.8573476	-0.51446444	-0.0009724642	1.256637e-06	0	0	0.8573476	-0.51446444	-0.0009724642	2.7219554e-20	-1
0	0.8573476	-0.51446444	-0.0009724642	6.283185e-07	0	0	0.8573476	-0.51446444	-0.0009724642	2.7219767e-20	-1
0	0.8573476	-0.51446444	-0.0009724642	2.513274e-07	0	0	0.8573476	-0.51446444	-0.0009724642	2.7219897e-20	-1
0	0.8573476	-0.51446444	-0.0009724642	1.256637e-07	0	0	0.8573476	-0.51446444	-0.0009724642	2.721994e-20	-1
0	0.8573476	-0.51446444	-0.0009724642	0	0	0	0.8573476	-0.51446444	-0.0009724642	2.7219984e-20	-1
0	0.8573476	-0.51446444	-0.0009724642	-1.256637e-07	0	0	0.8573476	-0.51446444	-0.0009724642	2.7220026e-20	-1
0	0.8573476	-0.51446444	-0.0009724642	-2.513274e-07	0	0	0.8573476	-0.51446444	-0.0009724642	2.7220068e-20	-1
0	0.8573476	-0.51446444	-0.0009724642	-6.283185e-07	0	0	0.8573476	-0.51446444	-0.0009724642	2.7220197e-20	-1
0	0.8573476	-0.51446444	-0.0009724642	-1.256637e-06	0	0	0.8573476	-0.51446444	-0.0009724642	2.7220414e-20	-1
0	0.8573476	-0.51446444	-0.0009724642	-2.513274e-06	0	0	0.8573476	-0.51446444	-0.0009724642	2.7220843e-20	-1
0	0.8573476	-0.51446444	-0.0009724642	-6.2831855e-06	0	0	0.8573476	-0.51446444	-0.0009724642	2.7222133e-20	-1
0	0.8573476	-0.51446444	-0.0009724642	-1.2566371e-05	0	0	0.8573476	-0.51446444	-0.0009724642	2.7224285e-20	-1
0	0.8573476	-0.51446444	-0.0009724642	-2.5132742e-05	0	0	0.8573476	-0.51446444	-0.0009724642	2.722859e-20	-1
0	0.8573476	-0.51446444	-0.0009724642	-6.283185e-05	0	0	0.8573476	-0.51446444	-0.0009724642	2.7241497e-20	-1
0	0.8552444	-0.5179521	-0.0009723646	-0.0001256637	0	0	0.8552444	-0.5179521	-0.0009723646	2.7262852e-20	-1
0	0.8552444	-0.5179521	-0.0009723646	-0.0002513274	0	0	0.8552444	-0.5179521	-0.0009723646	2.7305775e-20	-1
0	0.8523859	-0.5226412	-0.00097214396	-0.0006283185	0	0	0.8523859	-0.5226412	-0.00097214396	2.743425e-20	-1
0	0.85018146	-0.5262183	-0.0009719066	-0.0010053096	0	0	0.85018146	-0.5262183	-0.0009719066	2.7562414e-20	-1
0	0.85018146	-0.5262183	-0.0009719066	-0.001256637	0	0	0.85018146	-0.5262183	-0.0009719066	2.7647746e-20	-1
0	0.84485364	-0.53472745	-0.0009711338	-0.0018849556	0	0	0.84485364	-0.53472745	-0.0009711338	2.786015e-20	-1
0	0.840896	-0.54092777	-0.00097040087	-0.002513274	0	0	0.840896	-0.54092777	-0.00097040087	2.807165e-20	-1
0	0.8324892	-0.5537746	-0.00096848997	-0.0037699111	0	0	0.8324892	-0.5537746	-0.00096848997	2.849157e-20	-1
0	0.8134529	-0.5813692	-0.0009632644	-0.0062831854	0	0	0.8134529	-0.5813692	-0.0009632644	2.9317866e-20	-1
0	0.7836679	-0.6209265	-0.000955823	-0.009424778	0	0	0.7836679	-0.6209265	-0.000955823	3.0320616e-20	-1
0	0.7413677	-0.67085737	-0.000954679	-0.012566371	0	0	0.7413677	-0.67085737	-0.000954679	3.127921e-20	-1
0	-0.9267323	0.37542266	0.0009055178	-0.018849555	0	0	-0.9267323	0.37542266	0.0009055178	2.0475024e-20	-1
0	-0.9407668	0.33874416	0.00085709855	-0.025132742	0	0	-0.9407668	0.33874416	0.00085709855	1.8131329e-20	-1
0	-0.96078116	0.27697158	0.00073955755	-0.03769911	0	0	-0.96078116	0.27697158	0.00073955755	1.3356053e-20	-1
0	-0.97345126	0.22852397	0.00061345	-0.050265484	0	0	-0.97345126	0.22852397	0.00061345	8.500167e-21	-1
0	-0.9815104	0.19099632	0.00049445266	-0.06283186	0	0	-0.9815104	0.19099632	0.00049445266	3.5931668e-21	-1
0	-0.9815104	0.19099632	0.00049445266	-0.06283186	0	0	-0.9815104	0.19099632	0.00049445266	3.5931668e-21	1
0	-0.97345257	0.22851841	0.0006134343	-0.050265484	0	0	-0.97345257	0.22851841	0.0006134343	8.500166e-21	1
0	-0.96078014	0.27697504	0.00073956524	-0.03769911	0	0	-0.96078014	0.27697504	0.00073956524	1.335605e-20	1
0	-0.94076955	0.33873653	0.0008570872	-0.025132742	0	0	-0.94076955	0.33873653	0.0008570872	1.8131332e-20	1
0	-0.9267307	0.3754266	0.00090551795	-0.018849555	0	0	-0.9267307	0.3754266	0.00090551795	2.047502e-20	1
0	-0.90894914	0.41661644	0.00094275305	-0.012566371	0	0	-0.90894914	0.41661644	0.00094275305	2.2779008e-20	1
0	-0.8982738	0.4391499	0.0009562096	-0.009424778	0	0	-0.8982738	0.4391499	0.0009562096	2.3912843e-20	1
0	-0.88612235	0.46316922	0.0009657716	-0.0062831854	0	0	-0.88612235	0.46316922	0.0009657716	2.5032379e-20	1
0	-0.87512004	0.4836273	0.00097045896	-0.0037699111	0	0	-0.87512004	0.4836273	0.00097045896	2.5916365e-20	1
0	-0.8691215	0.49432188	0.0009717864	-0.002513274	0	0	-0.8691215	0.49432188	0.0009717864	2.6354047e-20	1
0	-0.8659842	0.4997955	0.0009721945	-0.0018849556	0	0	-0.8659842	0.4997955	0.0009721945	2.6571738e-20	1
0	-0.86274457	0.50536513	0.00097243174	-0.001256637	0	0	-0.86274457	0.50536513	0.00097243174	2.6788633e-20	1
0	-0.86274457	0.50536513	0.00097243174	-0.0010053096	0	0	-0.86274457	0.50536513	0.00097243174	2.6875227e-20	1
0	-0.8594053	0.51102096	0.000972503	-0.0006283185	0	0	-0.8594053	0.51102096	0.000972503	2.7004697e-20	1
0	-0.8573473	0.5144649	0.00097246433	-0.0002513274	0	0	-0.8573473	0.5144649	0.00097246433	2.7133935e-20	1
0	-0.8573473	0.5144649	0.00097246433	-0.0001256637	0	0	-0.8573473	0.5144649	0.00097246433	2.7176958e-20	1
0	-0.8573473	0.5144649	0.00097246433	-6.283185e-05	0	0	-0.8573473	0.5144649	0.00097246433	2.719847e-20	1
0	-0.8573473	0.5144649	0.00097246433	-2.5132742e-05	0	0	-0.8573473	0.5144649	0.00097246433	2.721138e-20	1
0	-0.8573473	0.5144649	0.00097246433	-1.2566371e-05	0	0	-0.8573473	0.5144649	0.00097246433	2.7215683e-20	1
0	-0.8573473	0.5144649	0.00097246433	-6.2831855e-06	0	0	-0.8573473	0.5144649	0.00097246433	2.7217835e-20	1
0	-0.8573473	0.5144649	0.00097246433	-2.513274e-06	0	0	-0.8573473	0.5144649	0.00097246433	2.7219124e-20	1
0	-0.8573473	0.5144649	0.00097246433	-1.256637e-06	0	0	-0.8573473	0.5144649	0.00097246433	2.7219554e-20	1
0	-0.8573473	0.5144649	0.00097246433	-6.283185e-07	0	0	-0.8573473	0.5144649	0.00097246433	2.721977e-20	1
0	-0.8573473	0.5144649	0.00097246433	-2.513274e-07	0	0	-0.8573473	0.5144649	0.00097246433	2.72199e-20	1
0	-0.8573473	0.5144649	0.00097246433	-1.256637e-07	0	0	-0.8573473	0.5144649	0.00097246433	2.7219942e-20	1
0	-0.8573473	0.5144649	0.00097246433	0	0	0	-0.8573473	0.5144649	0.00097246433	2.7219984e-20	1
0	-0.8573473	0.5144649	0.00097246433	1.256637e-07	0	0	-0.8573473	0.5144649	0.00097246433	2.722003e-20	1
0	-0.8573473	0.5144649	0.00097246433	2.513274e-07	0	0	-0.8573473	0.5144649	0.00097246433	2.722007e-20	1
0	-0.8573473	0.5144649	0.00097246433	6.283185e-07	0	0	-0.8573473	0.5144649	0.00097246433	2.72202e-20	1
0	-0.8573473	0.5144649	0.00097246433	1.256637e-06	0	0	-0.8573473	0.5144649	0.00097246433	2.7220417e-20	1
0	-0.8573473	0.5144649	0.00097246433	2.513274e-06	0	0	-0.8573473	0.5144649	0.00097246433	2.7220847e-20	1
0	-0.8573473	0.5144649	0.00097246433	6.2831855e-06	0	0	-0.8573473	0.5144649	0.00097246433	2.7222136e-20	1
0	-0.8573473	0.5144649	0.00097246433	1.2566371e-05	0	0	-0.8573473	0.5144649	0.00097246433	2.7224288e-20	1
0	-0.8573473	0.5144649	0.00097246433	2.5132742e-05	0	0	-0.8573473	0.5144649	0.00097246433	2.7228592e-20	1
0	-0.85560066	0.5173635	0.00097238645	6.283185e-05	0	0	-0.85560066	0.5173635	0.00097238645	2.7241387e-20	1
0	-0.85560066	0.5173635	0.00097238645	0.0001256637	0	0	-0.85560066	0.5173635	0.00097238645	2.7262855e-20	1
0	-0.85560066	0.5173635	0.00097238645	0.0002513274	0	0	-0.85560066	0.5173635	0.00097238645	2.7305794e-20	1
0	-0.8523824	0.5226469	0.0009721422	0.0006283185	0	0	-0.8523824	0.5226469	0.0009721422	2.7434246e-20	1
0	-0.8501829	0.52621603	0.0009719082	0.0010053096	0	0	-0.8501829	0.52621603	0.0009719082	2.7562414e-20	1
0	-0.84869087	0.5286182	0.0009717189	0.001256637	0	0	-0.84869087	0.5286182	0.0009717189	2.764767e-20	1
0	-0.8448663	0.53470755	0.00097113696	0.0018849556	0	0	-0.8448663	0.53470755	0.00097113696	2.786015e-20	1
0	-0.84089565	0.54092836	0.00097040064	0.002513274	0	0	-0.84089565	0.54092836	0.00097040064	2.807165e-20	1
0	-0.83249414	0.5537671	0.0009684979	0.0037699111	0	0	-0.83249414	0.5537671	0.0009684979	2.8491574e-20	1
0	-0.8134557	0.5813652	0.0009632653	0.0062831854	0	0	-0.8134557	0.5813652	0.0009632653	2.9317866e-20	1
0	-0.78365886	0.6209379	0.00095582084	0.009424778	0	0	-0.78365886	0.6209379	0.00095582084	3.0320616e-20	1
0	-0.7413908	0.6708318	0.0009546777	0.012566371	0	0	-0.7413908	0.6708318	0.0009546777	3.127921e-20	1
0	0.9267323	-0.37542263	-0.00090551376	0.018849555	0	0	0.9267323	-0.37542263	-0.00090551376	2.0475022e-20	1
0	0.9407647	-0.33874992	-0.0008571069	0.025132742	0	0	0.9407647	-0.33874992	-0.0008571069	1.8131326e-20	1
0	0.9607775	-0.27698386	-0.00073958526	0.03769911	0	0	0.9607775	-0.27698386	-0.00073958526	1.33560516e-20	1
0	0.9734511	-0.22852474	-0.0006134521	0.050265484	0	0	0.9734511	-0.22852474	-0.0006134521	8.500164e-21	1
0	0.9815118	-0.19098943	-0.00049442914	0.06283186	0	0	0.9815118	-0.19098943	-0.00049442914	3.593161e-21	1
