# t (s)	mx ()	my ()	mz ()	B_extx (T)	B_exty (T)	B_extz (T)	mx ()	my ()	mz ()	E_total (J)	branch ()
0	-0.015161959	0.99982	-0.00026421793	0	0.06283186	0	-0.015161959	0.99982	-0.00026421793	4.565448e-21	-1
0	-0.018009314	0.999772	-0.00024327455	0	0.050265484	0	-0.018009314	0.999772	-0.00024327455	9.582938e-21	-1
0	-0.022163633	0.9996877	-0.00021124464	0	0.03769911	0	-0.022163633	0.9996877	-0.00021124464	1.4600111e-20	-1
0	-0.028796958	0.9995177	-0.00015811162	0	0.025132742	0	-0.028796958	0.9995177	-0.00015811162	1.9616679e-20	-1
0	-0.03385535	0.99935865	-0.00011665682	0	0.018849555	0	-0.03385535	0.99935865	-0.00011665682	2.2124538e-20	-1
0	-0.041049898	0.9990884	-5.69301e-05	0	0.012566371	0	-0.041049898	0.9990884	-5.69301e-05	2.4631875e-20	-1
0	-0.04591541	0.9988762	-1.6183414e-05	0	0.009424778	0	-0.04591541	0.9988762	-1.6183414e-05	2.5885228e-20	-1
0	-0.05206793	0.998574	3.5593504e-05	0	0.0062831854	0	-0.05206793	0.998574	3.5593504e-05	2.7138268e-20	-1
0	-0.05831644	0.9982282	8.839211e-05	0	0.0037699111	0	-0.05831644	0.9982282	8.839211e-05	2.8140377e-20	-1
0	-0.06205511	0.9980024	0.00012004099	0	0.002513274	0	-0.06205511	0.9980024	0.00012004099	2.864128e-20	-1
0	-0.06409499	0.9978734	0.00013734552	0	0.0018849556	0	-0.06409499	0.9978734	0.00013734552	2.8891687e-20	-1
0	-0.06626159	0.9977317	0.00015571929	0	0.001256637	0	-0.06626159	0.9977317	0.00015571929	2.914206e-20	-1
0	-0.067194924	0.9976692	0.0001636387	0	0.0010053096	0	-0.067194924	0.9976692	0.0001636387	2.92422e-20	-1
0	-0.06859664	0.99757373	0.00017553239	0	0.0006283185	0	-0.06859664	0.99757373	0.00017553239	2.9392396e-20	-1
0	-0.070102945	0.9974689	0.00018831616	0	0.0002513274	0	-0.070102945	0.9974689	0.00018831616	2.954258e-20	-1
0	-0.070102945	0.9974689	0.00018831616	0	0.0001256637	0	-0.070102945	0.9974689	0.00018831616	2.959264e-20	-1
0	-0.070102945	0.9974689	0.00018831616	0	6.283185e-05	0	-0.070102945	0.9974689	0.00018831616	2.9617667e-20	-1
0	-0.070102945	0.9974689	0.00018831616	0	2.5132742e-05	0	-0.070102945	0.9974689	0.00018831616	2.9632686e-20	-1
0	-0.070102945	0.9974689	0.00018831616	0	1.2566371e-05	0	-0.070102945	0.9974689	0.00018831616	2.963769e-20	-1
0	-0.07107803	0.9973998	0.0001965948	0	6.2831855e-06	0	-0.07107803	0.9973998	0.0001965948	2.964019e-20	-1
0	-0.07109617	0.9973985	0.00019674911	0	2.513274e-06	0	-0.07109617	0.9973985	0.00019674911	2.964169e-20	-1
0	-0.07109617	0.9973985	0.00019674911	0	1.256637e-06	0	-0.07109617	0.9973985	0.00019674911	2.9642192e-20	-1
0	-0.07109617	0.9973985	0.00019674911	0	6.283185e-07	0	-0.07109617	0.9973985	0.00019674911	2.9642444e-20	-1
0	-0.07109617	0.9973985	0.00019674911	0	2.513274e-07	0	-0.07109617	0.9973985	0.00019674911	2.9642592e-20	-1
0	-0.07109617	0.9973985	0.00019674911	0	1.256637e-07	0	-0.07109617	0.9973985	0.00019674911	2.9642644e-20	-1
0	-0.07109617	0.9973985	0.00019674911	0	0	0	-0.07109617	0.9973985	0.00019674911	2.9642693e-20	-1
0	-0.07109617	0.9973985	0.00019674911	0	-1.256637e-07	0	-0.07109617	0.9973985	0.00019674911	2.9642744e-20	-1
0	-0.07109617	0.9973985	0.00019674911	0	-2.513274e-07	0	-0.07109617	0.9973985	0.00019674911	2.9642793e-20	-1
0	-0.07109617	0.9973985	0.00019674911	0	-6.283185e-07	0	-0.07109617	0.9973985	0.00019674911	2.9642945e-20	-1
0	-0.07109617	0.9973985	0.00019674911	0	-1.256637e-06	0	-0.07109617	0.9973985	0.00019674911	2.9643193e-20	-1
0	-0.07109617	0.9973985	0.00019674911	0	-2.513274e-06	0	-0.07109617	0.9973985	0.00019674911	2.9643694e-20	-1
0	-0.07109617	0.9973985	0.00019674911	0	-6.2831855e-06	0	-0.07109617	0.9973985	0.00019674911	2.9645197e-20	-1
0	-0.07109617	0.9973985	0.00019674911	0	-1.2566371e-05	0	-0.07109617	0.9973985	0.00019674911	2.9647698e-20	-1
0	-0.07109617	0.9973985	0.00019674911	0	-2.5132742e-05	0	-0.07109617	0.9973985	0.00019674911	2.9652703e-20	-1
0	-0.07109617	0.9973985	0.00019674911	0	-6.283185e-05	0	-0.07109617	0.9973985	0.00019674911	2.966772e-20	-1
0	-0.07109617	0.9973985	0.00019674911	0	-0.0001256637	0	-0.07109617	0.9973985	0.00019674911	2.9692747e-20	-1
0	-0.07218674	0.99732006	0.0002060099	0	-0.0002513274	0	-0.07218674	0.99732006	0.0002060099	2.9742798e-20	-1
0	-0.0738219	0.99720025	0.00021989031	0	-0.0006283185	0	-0.0738219	0.99720025	0.00021989031	2.9892937e-20	-1
0	-0.07552739	0.99707246	0.00023437571	0	-0.0010053096	0	-0.07552739	0.99707246	0.00023437571	3.0043064e-20	-1
0	-0.07672933	0.99698055	0.00024459185	0	-0.001256637	0	-0.07672933	0.99698055	0.00024459185	3.0143134e-20	-1
0	-0.079877496	0.99673307	0.0002713163	0	-0.0018849556	0	-0.079877496	0.99673307	0.0002713163	3.0393275e-20	-1
0	-0.083305225	0.9964521	0.0003004217	0	-0.002513274	0	-0.083305225	0.9964521	0.0003004217	3.0643345e-20	-1
0	-0.09112439	0.9957669	0.00036676877	0	-0.0037699111	0	-0.09112439	0.9957669	0.00036676877	3.1143247e-20	-1
0	-0.11250221	0.9935767	0.00054744864	0	-0.0062831854	0	-0.11250221	0.9935767	0.00054744864	3.2141718e-20	-1
0	-0.16423859	0.98633933	0.0009751259	0	-0.009424778	0	-0.16423859	0.98633933	0.0009751259	3.3384725e-20	-1
0	0.041053303	-0.9990882	5.6899968e-05	0	-0.012566371	0	0.041053303	-0.9990882	5.6899968e-05	2.4631876e-20	-1
0	0.033863276	-0.9993584	0.00011659877	0	-0.018849555	0	0.033863276	-0.9993584	0.00011659877	2.2124538e-20	-1
0	0.02880816	-0.9995174	0.00015801622	0	-0.025132742	0	0.02880816	-0.9995174	0.00015801622	1.9616677e-20	-1
0	0.022167075	-0.9996876	0.00021121473	0	-0.03769911	0	0.022167075	-0.9996876	0.00021121473	1.4600111e-20	-1
0	0.018009555	-0.999772	0.00024326865	0	-0.050265484	0	0.018009555	-0.999772	0.00024326865	9.582942e-21	-1
0	0.015161717	-0.99982	0.00026421982	0	-0.06283186	0	0.015161717	-0.99982	0.00026421982	4.565444e-21	-1
0	0.015161717	-0.99982	0.00026421982	0	-0.06283186	0	0.015161717	-0.99982	0.00026421982	4.565444e-21	1
0	0.018006124	-0.9997721	0.00024329704	0	-0.050265484	0	0.018006124	-0.9997721	0.00024329704	9.5829375e-21	1
0	0.022161938	-0.9996878	0.00021124852	0	-0.03769911	0	0.022161938	-0.9996878	0.00021124852	1.4600114e-20	1
0	0.028797187	-0.9995177	0.00015811101	0	-0.025132742	0	0.028797187	-0.9995177	0.00015811101	1.9616677e-20	1
0	0.033857867	-0.99935853	0.000116643016	0	-0.018849555	0	0.033857867	-0.99935853	0.000116643016	2.212454e-20	1
0	0.041040793	-0.99908876	5.700809e-05	0	-0.012566371	0	0.041040793	-0.99908876	5.700809e-05	2.4631875e-20	1
0	0.045928255	-0.9988756	1.6081334e-05	0	-0.009424778	0	0.045928255	-0.9988756	1.6081334e-05	2.5885231e-20	1
0	0.052072052	-0.9985738	-3.5628746e-05	0	-0.0062831854	0	0.052072052	-0.9985738	-3.5628746e-05	2.713827e-20	1
0	0.058331855	-0.99822724	-8.85248e-05	0	-0.0037699111	0	0.058331855	-0.99822724	-8.85248e-05	2.8140374e-20	1
0	0.062051058	-0.9980027	-0.00012001963	0	-0.002513274	0	0.062051058	-0.9980027	-0.00012001963	2.8641277e-20	1
0	0.06410308	-0.9978728	-0.00013741475	0	-0.0018849556	0	0.06410308	-0.9978728	-0.00013741475	2.8891687e-20	1
0	0.06627998	-0.9977305	-0.00015587645	0	-0.001256637	0	0.06627998	-0.9977305	-0.00015587645	2.914206e-20	1
0	0.06719859	-0.997669	-0.00016367076	0	-0.0010053096	0	0.06719859	-0.997669	-0.00016367076	2.92422e-20	1
0	0.06861143	-0.99757266	-0.0001756585	0	-0.0006283185	0	0.06861143	-0.99757266	-0.0001756585	2.9392396e-20	1
0	0.07009815	-0.99746925	-0.00018827725	0	-0.0002513274	0	0.07009815	-0.99746925	-0.00018827725	2.954258e-20	1
0	0.07009815	-0.99746925	-0.00018827725	0	-0.0001256637	0	0.07009815	-0.99746925	-0.00018827725	2.959264e-20	1
0	0.07009815	-0.99746925	-0.00018827725	0	-6.283185e-05	0	0.07009815	-0.99746925	-0.00018827725	2.9617667e-20	1
0	0.07009815	-0.99746925	-0.00018827725	0	-2.5132742e-05	0	0.07009815	-0.99746925	-0.00018827725	2.9632686e-20	1
0	0.07009815	-0.99746925	-0.00018827725	0	-1.2566371e-05	0	0.07009815	-0.99746925	-0.00018827725	2.963769e-20	1
0	0.07009815	-0.99746925	-0.00018827725	0	-6.2831855e-06	0	0.07009815	-0.99746925	-0.00018827725	2.9640195e-20	1
0	0.07009815	-0.99746925	-0.00018827725	0	-2.513274e-06	0	0.07009815	-0.99746925	-0.00018827725	2.9641697e-20	1
0	0.07009815	-0.99746925	-0.00018827725	0	-1.256637e-06	0	0.07009815	-0.99746925	-0.00018827725	2.9642198e-20	1
0	0.07009815	-0.99746925	-0.00018827725	0	-6.283185e-07	0	0.07009815	-0.99746925	-0.00018827725	2.9642447e-20	1
0	0.07009815	-0.99746925	-0.00018827725	0	-2.513274e-07	0	0.07009815	-0.99746925	-0.00018827725	2.96426e-20	1
0	0.07009815	-0.99746925	-0.00018827725	0	-1.256637e-07	0	0.07009815	-0.99746925	-0.00018827725	2.9642647e-20	1
0	0.07009815	-0.99746925	-0.00018827725	0	0	0	0.07009815	-0.99746925	-0.00018827725	2.96427e-20	1
0	0.07009815	-0.99746925	-0.00018827725	0	1.256637e-07	0	0.07009815	-0.99746925	-0.00018827725	2.9642747e-20	1
0	0.07009815	-0.99746925	-0.00018827725	0	2.513274e-07	0	0.07009815	-0.99746925	-0.00018827725	2.96428e-20	1
0	0.07009815	-0.99746925	-0.00018827725	0	6.283185e-07	0	0.07009815	-0.99746925	-0.00018827725	2.9642948e-20	1
0	0.07009815	-0.99746925	-0.00018827725	0	1.256637e-06	0	0.07009815	-0.99746925	-0.00018827725	2.9643197e-20	1
0	0.07009815	-0.99746925	-0.00018827725	0	2.513274e-06	0	0.07009815	-0.99746925	-0.00018827725	2.9643697e-20	1
0	0.07009815	-0.99746925	-0.00018827725	0	6.2831855e-06	0	0.07009815	-0.99746925	-0.00018827725	2.96452e-20	1
0	0.07009815	-0.99746925	-0.00018827725	0	1.2566371e-05	0	0.07009815	-0.99746925	-0.00018827725	2.9647704e-20	1
0	0.07123214	-0.99738884	-0.00019790196	0	2.5132742e-05	0	0.07123214	-0.99738884	-0.00019790196	2.9652706e-20	1
0	0.07123214	-0.99738884	-0.00019790196	0	6.283185e-05	0	0.07123214	-0.99738884	-0.00019790196	2.966772e-20	1
0	0.07123214	-0.99738884	-0.00019790196	0	0.0001256637	0	0.07123214	-0.99738884	-0.00019790196	2.969275e-20	1
0	0.07123214	-0.99738884	-0.00019790196	0	0.0002513274	0	0.07123214	-0.99738884	-0.00019790196	2.9742804e-20	1
0	0.07380536	-0.9972015	-0.00021975214	0	0.0006283185	0	0.07380536	-0.9972015	-0.00021975214	2.9892934e-20	1
0	0.0755572	-0.99707013	-0.00023464768	0	0.0010053096	0	0.0755572	-0.99707013	-0.00023464768	3.004306e-20	1
0	0.07672703	-0.9969807	-0.00024456473	0	0.001256637	0	0.07672703	-0.9969807	-0.00024456473	3.0143137e-20	1
0	0.07986362	-0.99673414	-0.00027119956	0	0.0018849556	0	0.07986362	-0.99673414	-0.00027119956	3.0393272e-20	1
0	0.08330303	-0.99645233	-0.0003004028	0	0.002513274	0	0.08330303	-0.99645233	-0.0003004028	3.0643342e-20	1
0	0.09112761	-0.99576664	-0.00036679587	0	0.0037699111	0	0.09112761	-0.99576664	-0.00036679587	3.1143247e-20	1
0	0.11254513	-0.9935719	-0.00054781104	0	0.0062831854	0	0.11254513	-0.9935719	-0.00054781104	3.214172e-20	1
0	0.16409136	-0.9863639	-0.0009739364	0	0.009424778	0	0.16409136	-0.9863639	-0.0009739364	3.3384722e-20	1
0	-0.041063465	0.9990878	-5.681353e-05	0	0.012566371	0	-0.041063465	0.9990878	-5.681353e-05	2.4631875e-20	1
0	-0.03385792	0.99935853	-0.000116645504	0	0.018849555	0	-0.03385792	0.99935853	-0.000116645504	2.212454e-20	1
0	-0.028803281	0.9995175	-0.0001580585	0	0.025132742	0	-0.028803281	0.9995175	-0.0001580585	1.9616679e-20	1
0	-0.022165779	0.9996877	-0.00021122611	0	0.03769911	0	-0.022165779	0.9996877	-0.00021122611	1.4600114e-20	1
0	-0.018009983	0.99977195	-0.0002432695	0	0.050265484	0	-0.018009983	0.99977195	-0.0002432695	9.58294e-21	1
0	-0.015163052	0.99982	-0.00026420836	0	0.06283186	0	-0.015163052	0.99982	-0.00026420836	4.5654457e-21	1
