# t (s)	mx ()	my ()	mz ()	B_extx (T)	B_exty (T)	B_extz (T)	mx ()	my ()	mz ()	E_total (J)	branch ()
0	-0.02103636	0.99971306	0.0011665719	0	0.06283186	0	-0.02103636	0.99971306	0.0011665719	4.532573e-21	-1
0	-0.024865327	0.9996244	0.0011785929	0	0.050265484	0	-0.024865327	0.9996244	0.0011785929	9.5494334e-21	-1
0	-0.030384062	0.9994709	0.0011918438	0	0.03769911	0	-0.030384062	0.9994709	0.0011918438	1.4565709e-20	-1
0	-0.039026357	0.99916977	0.0012071481	0	0.025132742	0	-0.039026357	0.99916977	0.0012071481	1.9580895e-20	-1
0	-0.04546058	0.9988971	0.0012160691	0	0.018849555	0	-0.04546058	0.9988971	0.0012160691	2.208775e-20	-1
0	-0.054404333	0.99844915	0.0012263278	0	0.012566371	0	-0.054404333	0.99844915	0.0012263278	2.4593723e-20	-1
0	-0.060311615	0.9981093	0.0012321702	0	0.009424778	0	-0.060311615	0.9981093	0.0012321702	2.58462e-20	-1
0	-0.06763236	0.99763936	0.0012386432	0	0.0062831854	0	-0.06763236	0.99763936	0.0012386432	2.7098172e-20	-1
0	-0.07490575	0.99711907	0.0012443981	0	0.0037699111	0	-0.07490575	0.99711907	0.0012443981	2.8099254e-20	-1
0	-0.079164065	0.9967897	0.0012475041	0	0.002513274	0	-0.079164065	0.9967897	0.0012475041	2.8599582e-20	-1
0	-0.081458315	0.9966047	0.0012491099	0	0.0018849556	0	-0.081458315	0.9966047	0.0012491099	2.884968e-20	-1
0	-0.08390217	0.99640167	0.0012507585	0	0.001256637	0	-0.08390217	0.99640167	0.0012507585	2.9099726e-20	-1
0	-0.08390217	0.99640167	0.0012507585	0	0.0010053096	0	-0.08390217	0.99640167	0.0012507585	2.9199734e-20	-1
0	-0.086494505	0.9961798	0.0012524668	0	0.0006283185	0	-0.086494505	0.9961798	0.0012524668	2.9349722e-20	-1
0	-0.08813637	0.9960357	0.0012535121	0	0.0002513274	0	-0.08813637	0.9960357	0.0012535121	2.949969e-20	-1
0	-0.08813637	0.9960357	0.0012535121	0	0.0001256637	0	-0.08813637	0.9960357	0.0012535121	2.9549677e-20	-1
0	-0.08813637	0.9960357	0.0012535121	0	6.283185e-05	0	-0.08813637	0.9960357	0.0012535121	2.957467e-20	-1
0	-0.08813637	0.9960357	0.0012535121	0	2.5132742e-05	0	-0.08813637	0.9960357	0.0012535121	2.9589666e-20	-1
0	-0.08813637	0.9960357	0.0012535121	0	1.2566371e-05	0	-0.08813637	0.9960357	0.0012535121	2.9594664e-20	-1
0	-0.08813637	0.9960357	0.0012535121	0	6.2831855e-06	0	-0.08813637	0.9960357	0.0012535121	2.9597165e-20	-1
0	-0.08813637	0.9960357	0.0012535121	0	2.513274e-06	0	-0.08813637	0.9960357	0.0012535121	2.9598665e-20	-1
0	-0.08813637	0.9960357	0.0012535121	0	1.256637e-06	0	-0.08813637	0.9960357	0.0012535121	2.9599162e-20	-1
0	-0.08813637	0.9960357	0.0012535121	0	6.283185e-07	0	-0.08813637	0.9960357	0.0012535121	2.9599414e-20	-1
0	-0.08813637	0.9960357	0.0012535121	0	2.513274e-07	0	-0.08813637	0.9960357	0.0012535121	2.9599563e-20	-1
0	-0.08813637	0.9960357	0.0012535121	0	1.256637e-07	0	-0.08813637	0.9960357	0.0012535121	2.9599615e-20	-1
0	-0.08813637	0.9960357	0.0012535121	0	0	0	-0.08813637	0.9960357	0.0012535121	2.9599663e-20	-1
0	-0.08813637	0.9960357	0.0012535121	0	-1.256637e-07	0	-0.08813637	0.9960357	0.0012535121	2.9599715e-20	-1
0	-0.08813637	0.9960357	0.0012535121	0	-2.513274e-07	0	-0.08813637	0.9960357	0.0012535121	2.9599763e-20	-1
0	-0.08813637	0.9960357	0.0012535121	0	-6.283185e-07	0	-0.08813637	0.9960357	0.0012535121	2.9599912e-20	-1
0	-0.08813637	0.9960357	0.0012535121	0	-1.256637e-06	0	-0.08813637	0.9960357	0.0012535121	2.9600164e-20	-1
0	-0.08813637	0.9960357	0.0012535121	0	-2.513274e-06	0	-0.08813637	0.9960357	0.0012535121	2.9600665e-20	-1
0	-0.08813637	0.9960357	0.0012535121	0	-6.2831855e-06	0	-0.08813637	0.9960357	0.0012535121	2.9602164e-20	-1
0	-0.08813637	0.9960357	0.0012535121	0	-1.2566371e-05	0	-0.08813637	0.9960357	0.0012535121	2.9604662e-20	-1
0	-0.08813637	0.9960357	0.0012535121	0	-2.5132742e-05	0	-0.08813637	0.9960357	0.0012535121	2.960966e-20	-1
0	-0.08813637	0.9960357	0.0012535121	0	-6.283185e-05	0	-0.08813637	0.9960357	0.0012535121	2.9624656e-20	-1
0	-0.08983606	0.9958837	0.0012545754	0	-0.0001256637	0	-0.08983606	0.9958837	0.0012545754	2.9649633e-20	-1
0	-0.08983606	0.9958837	0.0012545754	0	-0.0002513274	0	-0.08983606	0.9958837	0.0012545754	2.9699613e-20	-1
0	-0.09219924	0.9956675	0.0012560267	0	-0.0006283185	0	-0.09219924	0.9956675	0.0012560267	2.984953e-20	-1
0	-0.094090834	0.99549043	0.0012571325	0	-0.0010053096	0	-0.094090834	0.99549043	0.0012571325	2.9999417e-20	-1
0	-0.094090834	0.99549043	0.0012571325	0	-0.001256637	0	-0.094090834	0.99549043	0.0012571325	3.0099335e-20	-1
0	-0.09870717	0.9950428	0.0012597663	0	-0.0018849556	0	-0.09870717	0.9950428	0.0012597663	3.034905e-20	-1
0	-0.10232076	0.9946774	0.0012617253	0	-0.002513274	0	-0.10232076	0.9946774	0.0012617253	3.059869e-20	-1
0	-0.11043541	0.9938085	0.001265805	0	-0.0037699111	0	-0.11043541	0.9938085	0.001265805	3.1097658e-20	-1
0	-0.13152543	0.9912356	0.001274542	0	-0.0062831854	0	-0.13152543	0.9912356	0.001274542	3.209397e-20	-1
0	-0.17589402	0.984326	0.0012850754	0	-0.009424778	0	-0.17589402	0.984326	0.0012850754	3.3333983e-20	-1
0	-0.90617776	-0.42260188	-0.00025492214	0	-0.012566371	0	-0.90617776	-0.42260188	-0.00025492214	2.6151045e-20	-1
0	0.04546435	-0.9988969	-0.0012160635	0	-0.018849555	0	0.04546435	-0.9988969	-0.0012160635	2.2087752e-20	-1
0	0.0390291	-0.9991696	-0.0012071505	0	-0.025132742	0	0.0390291	-0.9991696	-0.0012071505	1.9580897e-20	-1
0	0.030386642	-0.99947083	-0.0011918452	0	-0.03769911	0	0.030386642	-0.99947083	-0.0011918452	1.4565705e-20	-1
0	0.024866775	-0.99962425	-0.0011785938	0	-0.050265484	0	0.024866775	-0.99962425	-0.0011785938	9.549435e-21	-1
0	0.021038055	-0.99971306	-0.0011665747	0	-0.06283186	0	0.021038055	-0.99971306	-0.0011665747	4.5325717e-21	-1
0	0.021038055	-0.99971306	-0.0011665747	0	-0.06283186	0	0.021038055	-0.99971306	-0.0011665747	4.5325717e-21	1
0	0.024864867	-0.9996244	-0.0011785916	0	-0.050265484	0	0.024864867	-0.9996244	-0.0011785916	9.549437e-21	1
0	0.03038588	-0.99947083	-0.0011918434	0	-0.03769911	0	0.03038588	-0.99947083	-0.0011918434	1.4565707e-20	1
0	0.03901736	-0.99917006	-0.0012071421	0	-0.025132742	0	0.03901736	-0.99917006	-0.0012071421	1.9580895e-20	1
0	0.045461155	-0.9988971	-0.0012160172	0	-0.018849555	0	0.045461155	-0.9988971	-0.0012160172	2.2087752e-20	1
0	0.054406106	-0.9984491	-0.0012263283	0	-0.012566371	0	0.054406106	-0.9984491	-0.0012263283	2.459372e-20	1
0	0.060317874	-0.99810886	-0.0012321742	0	-0.009424778	0	0.060317874	-0.99810886	-0.0012321742	2.5846202e-20	1
0	0.0676377	-0.99763906	-0.0012386458	0	-0.0062831854	0	0.0676377	-0.99763906	-0.0012386458	2.7098175e-20	1
0	0.07490781	-0.99711895	-0.001244399	0	-0.0037699111	0	0.07490781	-0.99711895	-0.001244399	2.8099258e-20	1
0	0.07916778	-0.9967894	-0.0012475094	0	-0.002513274	0	0.07916778	-0.9967894	-0.0012475094	2.8599582e-20	1
0	0.08144374	-0.9966058	-0.0012491031	0	-0.0018849556	0	0.08144374	-0.9966058	-0.0012491031	2.8849675e-20	1
0	0.083924	-0.9963998	-0.001250776	0	-0.001256637	0	0.083924	-0.9963998	-0.001250776	2.9099726e-20	1
0	0.083924	-0.9963998	-0.001250776	0	-0.0010053096	0	0.083924	-0.9963998	-0.001250776	2.9199734e-20	1
0	0.08649242	-0.99617994	-0.0012524654	0	-0.0006283185	0	0.08649242	-0.99617994	-0.0012524654	2.934972e-20	1
0	0.088119075	-0.99603724	-0.0012535057	0	-0.0002513274	0	0.088119075	-0.99603724	-0.0012535057	2.9499687e-20	1
0	0.088119075	-0.99603724	-0.0012535057	0	-0.0001256637	0	0.088119075	-0.99603724	-0.0012535057	2.9549674e-20	1
0	0.088119075	-0.99603724	-0.0012535057	0	-6.283185e-05	0	0.088119075	-0.99603724	-0.0012535057	2.9574667e-20	1
0	0.088119075	-0.99603724	-0.0012535057	0	-2.5132742e-05	0	0.088119075	-0.99603724	-0.0012535057	2.9589663e-20	1
0	0.088119075	-0.99603724	-0.0012535057	0	-1.2566371e-05	0	0.088119075	-0.99603724	-0.0012535057	2.959466e-20	1
0	0.088119075	-0.99603724	-0.0012535057	0	-6.2831855e-06	0	0.088119075	-0.99603724	-0.0012535057	2.959716e-20	1
0	0.088119075	-0.99603724	-0.0012535057	0	-2.513274e-06	0	0.088119075	-0.99603724	-0.0012535057	2.9598658e-20	1
0	0.088119075	-0.99603724	-0.0012535057	0	-1.256637e-06	0	0.088119075	-0.99603724	-0.0012535057	2.959916e-20	1
0	0.088119075	-0.99603724	-0.0012535057	0	-6.283185e-07	0	0.088119075	-0.99603724	-0.0012535057	2.9599408e-20	1
0	0.088119075	-0.99603724	-0.0012535057	0	-2.513274e-07	0	0.088119075	-0.99603724	-0.0012535057	2.959956e-20	1
0	0.088119075	-0.99603724	-0.0012535057	0	-1.256637e-07	0	0.088119075	-0.99603724	-0.0012535057	2.9599608e-20	1
0	0.088119075	-0.99603724	-0.0012535057	0	0	0	0.088119075	-0.99603724	-0.0012535057	2.959966e-20	1
0	0.088119075	-0.99603724	-0.0012535057	0	1.256637e-07	0	0.088119075	-0.99603724	-0.0012535057	2.9599708e-20	1
0	0.088119075	-0.99603724	-0.0012535057	0	2.513274e-07	0	0.088119075	-0.99603724	-0.0012535057	2.959976e-20	1
0	0.088119075	-0.99603724	-0.0012535057	0	6.283185e-07	0	0.088119075	-0.99603724	-0.0012535057	2.959991e-20	1
0	0.088119075	-0.99603724	-0.0012535057	0	1.256637e-06	0	0.088119075	-0.99603724	-0.0012535057	2.9600157e-20	1
0	0.088119075	-0.99603724	-0.0012535057	0	2.513274e-06	0	0.088119075	-0.99603724	-0.0012535057	2.9600658e-20	1
0	0.088119075	-0.99603724	-0.0012535057	0	6.2831855e-06	0	0.088119075	-0.99603724	-0.0012535057	2.9602157e-20	1
0	0.088119075	-0.99603724	-0.0012535057	0	1.2566371e-05	0	0.088119075	-0.99603724	-0.0012535057	2.960466e-20	1
0	0.088119075	-0.99603724	-0.0012535057	0	2.5132742e-05	0	0.088119075	-0.99603724	-0.0012535057	2.9609657e-20	1
0	0.088119075	-0.99603724	-0.0012535057	0	6.283185e-05	0	0.088119075	-0.99603724	-0.0012535057	2.9624653e-20	1
0	0.089834854	-0.9958838	-0.0012545814	0	0.0001256637	0	0.089834854	-0.9958838	-0.0012545814	2.9649636e-20	1
0	0.089834854	-0.9958838	-0.0012545814	0	0.0002513274	0	0.089834854	-0.9958838	-0.0012545814	2.9699616e-20	1
0	0.09220109	-0.99566734	-0.0012560189	0	0.0006283185	0	0.09220109	-0.99566734	-0.0012560189	2.9849526e-20	1
0	0.094041556	-0.995495	-0.0012571134	0	0.0010053096	0	0.094041556	-0.995495	-0.0012571134	2.9999414e-20	1
0	0.094041556	-0.995495	-0.0012571134	0	0.001256637	0	0.094041556	-0.995495	-0.0012571134	3.0099335e-20	1
0	0.09871538	-0.995042	-0.0012597727	0	0.0018849556	0	0.09871538	-0.995042	-0.0012597727	3.0349056e-20	1
0	0.102322675	-0.9946772	-0.0012617259	0	0.002513274	0	0.102322675	-0.9946772	-0.0012617259	3.059869e-20	1
0	0.110444345	-0.99380744	-0.0012658054	0	0.0037699111	0	0.110444345	-0.99380744	-0.0012658054	3.1097658e-20	1
0	0.13149557	-0.9912396	-0.0012745324	0	0.0062831854	0	0.13149557	-0.9912396	-0.0012745324	3.209397e-20	1
0	0.17585519	-0.9843329	-0.0012850708	0	0.009424778	0	0.17585519	-0.9843329	-0.0012850708	3.3333983e-20	1
0	0.90617263	0.4226129	0.00025492054	0	0.012566371	0	0.90617263	0.4226129	0.00025492054	2.6151044e-20	1
0	-0.045471005	0.9988966	0.0012160679	0	0.018849555	0	-0.045471005	0.9988966	0.0012160679	2.208775e-20	1
0	-0.039031804	0.9991695	0.001207153	0	0.025132742	0	-0.039031804	0.9991695	0.001207153	1.9580895e-20	1
0	-0.03039	0.9994707	0.0011918491	0	0.03769911	0	-0.03039	0.9994707	0.0011918491	1.456571e-20	1
0	-0.024865968	0.99962425	0.0011785921	0	0.050265484	0	-0.024865968	0.99962425	0.0011785921	9.5494334e-21	1
0	-0.021038795	0.999713	0.0011665786	0	0.06283186	0	-0.021038795	0.999713	0.0011665786	4.5325693e-21	1
