# t (s)	mx ()	my ()	mz ()	B_extx (T)	B_exty (T)	B_extz (T)	mx ()	my ()	mz ()	E_total (J)	branch ()
0	-0.034457482	0.9993408	0.0003213424	0	0.06283186	0	-0.034457482	0.9993408	0.0003213424	4.6064614e-21	-1
0	-0.040838026	0.9990994	0.00031872356	0	0.050265484	0	-0.040838026	0.9990994	0.00031872356	9.621104e-21	-1
0	-0.05005174	0.99867916	0.00031359645	0	0.03769911	0	-0.05005174	0.99867916	0.00031359645	1.4634143e-20	-1
0	-0.06449149	0.99784935	0.00030369192	0	0.025132742	0	-0.06449149	0.99784935	0.00030369192	1.9644194e-20	-1
0	-0.0752102	0.99709785	0.00029543965	0	0.018849555	0	-0.0752102	0.99709785	0.00029543965	2.2147176e-20	-1
0	-0.09005226	0.9958657	0.0002831829	0	0.012566371	0	-0.09005226	0.9958657	0.0002831829	2.464774e-20	-1
0	-0.09979758	0.9949355	0.00027475203	0	0.009424778	0	-0.09979758	0.9949355	0.00027475203	2.5896621e-20	-1
0	-0.111796655	0.9936576	0.00026404392	0	0.0062831854	0	-0.111796655	0.9936576	0.00026404392	2.714414e-20	-1
0	-0.12359853	0.9922575	0.0002532358	0	0.0037699111	0	-0.12359853	0.9922575	0.0002532358	2.8140807e-20	-1
0	-0.13046545	0.99137723	0.00024682324	0	0.002513274	0	-0.13046545	0.99137723	0.00024682324	2.8638553e-20	-1
0	-0.13416883	0.9908824	0.00024333867	0	0.0018849556	0	-0.13416883	0.9908824	0.00024333867	2.8887254e-20	-1
0	-0.13811111	0.99034023	0.00023961446	0	0.001256637	0	-0.13811111	0.99034023	0.00023961446	2.913582e-20	-1
0	-0.13974255	0.9901111	0.00023806095	0	0.0010053096	0	-0.13974255	0.9901111	0.00023806095	2.9235212e-20	-1
0	-0.14227124	0.9897506	0.00023566026	0	0.0006283185	0	-0.14227124	0.9897506	0.00023566026	2.9384254e-20	-1
0	-0.14488618	0.98937094	0.0002331498	0	0.0002513274	0	-0.14488618	0.98937094	0.0002331498	2.9533237e-20	-1
0	-0.14488618	0.98937094	0.0002331498	0	0.0001256637	0	-0.14488618	0.98937094	0.0002331498	2.9582887e-20	-1
0	-0.14488618	0.98937094	0.0002331498	0	6.283185e-05	0	-0.14488618	0.98937094	0.0002331498	2.9607715e-20	-1
0	-0.14488618	0.98937094	0.0002331498	0	2.5132742e-05	0	-0.14488618	0.98937094	0.0002331498	2.962261e-20	-1
0	-0.14488618	0.98937094	0.0002331498	0	1.2566371e-05	0	-0.14488618	0.98937094	0.0002331498	2.9627574e-20	-1
0	-0.14488618	0.98937094	0.0002331498	0	6.2831855e-06	0	-0.14488618	0.98937094	0.0002331498	2.963006e-20	-1
0	-0.14488618	0.98937094	0.0002331498	0	2.513274e-06	0	-0.14488618	0.98937094	0.0002331498	2.9631548e-20	-1
0	-0.14488618	0.98937094	0.0002331498	0	1.256637e-06	0	-0.14488618	0.98937094	0.0002331498	2.9632043e-20	-1
0	-0.14488618	0.98937094	0.0002331498	0	6.283185e-07	0	-0.14488618	0.98937094	0.0002331498	2.963229e-20	-1
0	-0.14488618	0.98937094	0.0002331498	0	2.513274e-07	0	-0.14488618	0.98937094	0.0002331498	2.963244e-20	-1
0	-0.14488618	0.98937094	0.0002331498	0	1.256637e-07	0	-0.14488618	0.98937094	0.0002331498	2.963249e-20	-1
0	-0.14488618	0.98937094	0.0002331498	0	0	0	-0.14488618	0.98937094	0.0002331498	2.963254e-20	-1
0	-0.14488618	0.98937094	0.0002331498	0	-1.256637e-07	0	-0.14488618	0.98937094	0.0002331498	2.963259e-20	-1
0	-0.14488618	0.98937094	0.0002331498	0	-2.513274e-07	0	-0.14488618	0.98937094	0.0002331498	2.963264e-20	-1
0	-0.14488618	0.98937094	0.0002331498	0	-6.283185e-07	0	-0.14488618	0.98937094	0.0002331498	2.963279e-20	-1
0	-0.14488618	0.98937094	0.0002331498	0	-1.256637e-06	0	-0.14488618	0.98937094	0.0002331498	2.9633035e-20	-1
0	-0.14488618	0.98937094	0.0002331498	0	-2.513274e-06	0	-0.14488618	0.98937094	0.0002331498	2.9633532e-20	-1
0	-0.14488618	0.98937094	0.0002331498	0	-6.2831855e-06	0	-0.14488618	0.98937094	0.0002331498	2.9635022e-20	-1
0	-0.14488618	0.98937094	0.0002331498	0	-1.2566371e-05	0	-0.14488618	0.98937094	0.0002331498	2.9637503e-20	-1
0	-0.14488618	0.98937094	0.0002331498	0	-2.5132742e-05	0	-0.14488618	0.98937094	0.0002331498	2.964247e-20	-1
0	-0.14714423	0.9890374	0.00023098433	0	-6.283185e-05	0	-0.14714423	0.9890374	0.00023098433	2.9657346e-20	-1
0	-0.14714423	0.9890374	0.00023098433	0	-0.0001256637	0	-0.14714423	0.9890374	0.00023098433	2.968216e-20	-1
0	-0.14714423	0.9890374	0.00023098433	0	-0.0002513274	0	-0.14714423	0.9890374	0.00023098433	2.9731795e-20	-1
0	-0.15139277	0.98839545	0.0002268938	0	-0.0006283185	0	-0.15139277	0.98839545	0.0002268938	2.988063e-20	-1
0	-0.15435852	0.98793626	0.00022402678	0	-0.0010053096	0	-0.15435852	0.98793626	0.00022402678	3.0029403e-20	-1
0	-0.15435852	0.98793626	0.00022402678	0	-0.001256637	0	-0.15435852	0.98793626	0.00022402678	3.012856e-20	-1
0	-0.16175687	0.98675096	0.00021683953	0	-0.0018849556	0	-0.16175687	0.98675096	0.00021683953	3.0376253e-20	-1
0	-0.16754603	0.9857837	0.00021117815	0	-0.002513274	0	-0.16754603	0.9857837	0.00021117815	3.0623732e-20	-1
0	-0.18047063	0.98349786	0.000198439	0	-0.0037699111	0	-0.18047063	0.98349786	0.000198439	3.1117895e-20	-1
0	-0.21450105	0.97663563	0.0001645005	0	-0.0062831854	0	-0.21450105	0.97663563	0.0001645005	3.2101923e-20	-1
0	-0.30055395	0.9536586	7.890069e-05	0	-0.009424778	0	-0.30055395	0.9536586	7.890069e-05	3.33164e-20	-1
0	0.090053916	-0.9958656	-0.00028318312	0	-0.012566371	0	0.090053916	-0.9958656	-0.00028318312	2.4647737e-20	-1
0	0.07522829	-0.9970964	-0.00029542256	0	-0.018849555	0	0.07522829	-0.9970964	-0.00029542256	2.2147183e-20	-1
0	0.0645004	-0.99784875	-0.00030368316	0	-0.025132742	0	0.0645004	-0.99784875	-0.00030368316	1.9644197e-20	-1
0	0.050059192	-0.9986788	-0.00031358923	0	-0.03769911	0	0.050059192	-0.9986788	-0.00031358923	1.4634143e-20	-1
0	0.040839016	-0.9990994	-0.0003187197	0	-0.050265484	0	0.040839016	-0.9990994	-0.0003187197	9.621106e-21	-1
0	0.0344615	-0.99934065	-0.00032134	0	-0.06283186	0	0.0344615	-0.99934065	-0.00032134	4.6064662e-21	-1
0	0.0344604	-0.99934065	-0.00032134028	0	-0.06283186	0	0.0344604	-0.99934065	-0.00032134028	4.606467e-21	1
0	0.04083685	-0.9990995	-0.00031872254	0	-0.050265484	0	0.04083685	-0.9990995	-0.00031872254	9.621107e-21	1
0	0.05005628	-0.9986789	-0.00031359075	0	-0.03769911	0	0.05005628	-0.9986789	-0.00031359075	1.4634145e-20	1
0	0.06448893	-0.9978496	-0.00030369416	0	-0.025132742	0	0.06448893	-0.9978496	-0.00030369416	1.9644195e-20	1
0	0.075224504	-0.9970968	-0.0002954274	0	-0.018849555	0	0.075224504	-0.9970968	-0.0002954274	2.2147181e-20	1
0	0.090050146	-0.99586594	-0.00028318592	0	-0.012566371	0	0.090050146	-0.99586594	-0.00028318592	2.4647737e-20	1
0	0.0997829	-0.99493694	-0.00027476676	0	-0.009424778	0	0.0997829	-0.99493694	-0.00027476676	2.589662e-20	1
0	0.11180198	-0.993657	-0.00026404057	0	-0.0062831854	0	0.11180198	-0.993657	-0.00026404057	2.714414e-20	1
0	0.12360504	-0.99225664	-0.00025322795	0	-0.0037699111	0	0.12360504	-0.99225664	-0.00025322795	2.8140804e-20	1
0	0.13048446	-0.99137473	-0.00024680322	0	-0.002513274	0	0.13048446	-0.99137473	-0.00024680322	2.863855e-20	1
0	0.13419855	-0.9908784	-0.00024330986	0	-0.0018849556	0	0.13419855	-0.9908784	-0.00024330986	2.8887254e-20	1
0	0.1381095	-0.9903405	-0.00023960636	0	-0.001256637	0	0.1381095	-0.9903405	-0.00023960636	2.9135828e-20	1
0	0.13976987	-0.9901073	-0.00023802934	0	-0.0010053096	0	0.13976987	-0.9901073	-0.00023802934	2.923521e-20	1
0	0.14226562	-0.98975146	-0.0002356575	0	-0.0006283185	0	0.14226562	-0.98975146	-0.0002356575	2.9384254e-20	1
0	0.14490291	-0.9893685	-0.00023313565	0	-0.0002513274	0	0.14490291	-0.9893685	-0.00023313565	2.9533237e-20	1
0	0.14490291	-0.9893685	-0.00023313565	0	-0.0001256637	0	0.14490291	-0.9893685	-0.00023313565	2.9582887e-20	1
0	0.14490291	-0.9893685	-0.00023313565	0	-6.283185e-05	0	0.14490291	-0.9893685	-0.00023313565	2.9607715e-20	1
0	0.14490291	-0.9893685	-0.00023313565	0	-2.5132742e-05	0	0.14490291	-0.9893685	-0.00023313565	2.962261e-20	1
0	0.14490291	-0.9893685	-0.00023313565	0	-1.2566371e-05	0	0.14490291	-0.9893685	-0.00023313565	2.9627574e-20	1
0	0.14490291	-0.9893685	-0.00023313565	0	-6.2831855e-06	0	0.14490291	-0.9893685	-0.00023313565	2.963006e-20	1
0	0.14490291	-0.9893685	-0.00023313565	0	-2.513274e-06	0	0.14490291	-0.9893685	-0.00023313565	2.9631548e-20	1
0	0.14490291	-0.9893685	-0.00023313565	0	-1.256637e-06	0	0.14490291	-0.9893685	-0.00023313565	2.9632043e-20	1
0	0.14490291	-0.9893685	-0.00023313565	0	-6.283185e-07	0	0.14490291	-0.9893685	-0.00023313565	2.963229e-20	1
0	0.14490291	-0.9893685	-0.00023313565	0	-2.513274e-07	0	0.14490291	-0.9893685	-0.00023313565	2.963244e-20	1
0	0.14490291	-0.9893685	-0.00023313565	0	-1.256637e-07	0	0.14490291	-0.9893685	-0.00023313565	2.963249e-20	1
0	0.14490291	-0.9893685	-0.00023313565	0	0	0	0.14490291	-0.9893685	-0.00023313565	2.963254e-20	1
0	0.14490291	-0.9893685	-0.00023313565	0	1.256637e-07	0	0.14490291	-0.9893685	-0.00023313565	2.963259e-20	1
0	0.14490291	-0.9893685	-0.00023313565	0	2.513274e-07	0	0.14490291	-0.9893685	-0.00023313565	2.963264e-20	1
0	0.14490291	-0.9893685	-0.00023313565	0	6.283185e-07	0	0.14490291	-0.9893685	-0.00023313565	2.963279e-20	1
0	0.14490291	-0.9893685	-0.00023313565	0	1.256637e-06	0	0.14490291	-0.9893685	-0.00023313565	2.9633038e-20	1
0	0.14490291	-0.9893685	-0.00023313565	0	2.513274e-06	0	0.14490291	-0.9893685	-0.00023313565	2.9633532e-20	1
0	0.14490291	-0.9893685	-0.00023313565	0	6.2831855e-06	0	0.14490291	-0.9893685	-0.00023313565	2.9635022e-20	1
0	0.14490291	-0.9893685	-0.00023313565	0	1.2566371e-05	0	0.14490291	-0.9893685	-0.00023313565	2.9637503e-20	1
0	0.14490291	-0.9893685	-0.00023313565	0	2.5132742e-05	0	0.14490291	-0.9893685	-0.00023313565	2.964247e-20	1
0	0.14490291	-0.9893685	-0.00023313565	0	6.283185e-05	0	0.14490291	-0.9893685	-0.00023313565	2.9657365e-20	1
0	0.14760798	-0.98896825	-0.00023053854	0	0.0001256637	0	0.14760798	-0.98896825	-0.00023053854	2.9682158e-20	1
0	0.14760798	-0.98896825	-0.00023053854	0	0.0002513274	0	0.14760798	-0.98896825	-0.00023053854	2.9731792e-20	1
0	0.15139174	-0.9883956	-0.00022689547	0	0.0006283185	0	0.15139174	-0.9883956	-0.00022689547	2.988063e-20	1
0	0.1543685	-0.9879347	-0.00022401838	0	0.0010053096	0	0.1543685	-0.9879347	-0.00022401838	3.0029403e-20	1
0	0.15641141	-0.9876131	-0.00022203873	0	0.001256637	0	0.15641141	-0.9876131	-0.00022203873	3.0128542e-20	1
0	0.16177845	-0.9867474	-0.00021681686	0	0.0018849556	0	0.16177845	-0.9867474	-0.00021681686	3.0376253e-20	1
0	0.16754216	-0.9857844	-0.00021118185	0	0.002513274	0	0.16754216	-0.9857844	-0.00021118185	3.0623735e-20	1
0	0.18046722	-0.9834986	-0.0001984499	0	0.0037699111	0	0.18046722	-0.9834986	-0.0001984499	3.1117898e-20	1
0	0.21454182	-0.9766267	-0.00016445864	0	0.0062831854	0	0.21454182	-0.9766267	-0.00016445864	3.210192e-20	1
0	0.30055857	-0.95365715	-7.889593e-05	0	0.009424778	0	0.30055857	-0.95365715	-7.889593e-05	3.33164e-20	1
0	0.8930584	0.44965172	-0.00040238607	0	0.012566371	0	0.8930584	0.44965172	-0.00040238607	2.5914289e-20	1
0	-0.07521799	0.99709725	0.000295432	0	0.018849555	0	-0.07521799	0.99709725	0.000295432	2.2147181e-20	1
0	-0.06449783	0.997849	0.00030368633	0	0.025132742	0	-0.06449783	0.997849	0.00030368633	1.9644195e-20	1
0	-0.05006002	0.99867874	0.00031359392	0	0.03769911	0	-0.05006002	0.99867874	0.00031359392	1.4634143e-20	1
0	-0.04084181	0.99909925	0.00031871893	0	0.050265484	0	-0.04084181	0.99909925	0.00031871893	9.621104e-21	1
0	-0.034471035	0.9993403	0.00032133085	0	0.06283186	0	-0.034471035	0.9993403	0.00032133085	4.6064626e-21	1
