# t (s)	mx ()	my ()	mz ()	B_extx (T)	B_exty (T)	B_extz (T)	mx ()	my ()	mz ()	E_total (J)	branch ()
0	0.99107516	0.13267642	-0.004943356	0.06283186	0	0	0.99107516	0.13267642	-0.004943356	3.333677e-21	-1
0	0.98767686	0.15594614	-0.005156963	0.050265484	0	0	0.98767686	0.15594614	-0.005156963	8.2995046e-21	-1
0	0.982188	0.1874032	-0.0054069357	0.03769911	0	0	0.982188	0.1874032	-0.0054069357	1.3243545e-20	-1
0	0.97282743	0.2310912	-0.0056847287	0.025132742	0	0	0.97282743	0.2310912	-0.0056847287	1.8151357e-20	-1
0	0.96565366	0.2594185	-0.005822599	0.018849555	0	0	0.96565366	0.2594185	-0.005822599	2.0583884e-20	-1
0	0.9558175	0.29357058	-0.005944437	0.012566371	0	0	0.9558175	0.29357058	-0.005944437	2.2995277e-20	-1
0	0.9495304	0.31329614	-0.005992497	0.009424778	0	0	0.9495304	0.31329614	-0.005992497	2.4190639e-20	-1
0	0.94202256	0.33518183	-0.006026458	0.0062831854	0	0	0.94202256	0.33518183	-0.006026458	2.5377371e-20	-1
0	0.9349295	0.3544745	-0.006039357	0.0037699111	0	0	0.9349295	0.3544745	-0.006039357	2.6319409e-20	-1
0	0.9309381	0.36482224	-0.006039635	0.002513274	0	0	0.9309381	0.36482224	-0.006039635	2.6787616e-20	-1
0	0.92883325	0.3701455	-0.006037982	0.0018849556	0	0	0.92883325	0.3701455	-0.006037982	2.702095e-20	-1
0	0.9266176	0.37565446	-0.006034947	0.001256637	0	0	0.9266176	0.37565446	-0.006034947	2.725374e-20	-1
0	0.9266176	0.37565446	-0.006034947	0.0010053096	0	0	0.9266176	0.37565446	-0.006034947	2.7346746e-20	-1
0	0.92432225	0.38126445	-0.0060305083	0.0006283185	0	0	0.92432225	0.38126445	-0.0060305083	2.7485968e-20	-1
0	0.92432225	0.38126445	-0.0060305083	0.0002513274	0	0	0.92432225	0.38126445	-0.0060305083	2.762513e-20	-1
0	0.9224189	0.38584423	-0.006025871	0.0001256637	0	0	0.9224189	0.38584423	-0.006025871	2.7671324e-20	-1
0	0.9224189	0.38584423	-0.006025871	6.283185e-05	0	0	0.9224189	0.38584423	-0.006025871	2.769447e-20	-1
0	0.9224189	0.38584423	-0.006025871	2.5132742e-05	0	0	0.9224189	0.38584423	-0.006025871	2.7708357e-20	-1
0	0.9224189	0.38584423	-0.006025871	1.2566371e-05	0	0	0.9224189	0.38584423	-0.006025871	2.7712987e-20	-1
0	0.9224189	0.38584423	-0.006025871	6.2831855e-06	0	0	0.9224189	0.38584423	-0.006025871	2.77153e-20	-1
0	0.9224189	0.38584423	-0.006025871	2.513274e-06	0	0	0.9224189	0.38584423	-0.006025871	2.771669e-20	-1
0	0.9224189	0.38584423	-0.006025871	1.256637e-06	0	0	0.9224189	0.38584423	-0.006025871	2.7717152e-20	-1
0	0.9224189	0.38584423	-0.006025871	6.283185e-07	0	0	0.9224189	0.38584423	-0.006025871	2.7717384e-20	-1
0	0.9224189	0.38584423	-0.006025871	2.513274e-07	0	0	0.9224189	0.38584423	-0.006025871	2.7717523e-20	-1
0	0.9224189	0.38584423	-0.006025871	1.256637e-07	0	0	0.9224189	0.38584423	-0.006025871	2.771757e-20	-1
0	0.9224189	0.38584423	-0.006025871	0	0	0	0.9224189	0.38584423	-0.006025871	2.7717617e-20	-1
0	0.9224189	0.38584423	-0.006025871	-1.256637e-07	0	0	0.9224189	0.38584423	-0.006025871	2.7717662e-20	-1
0	0.9224189	0.38584423	-0.006025871	-2.513274e-07	0	0	0.9224189	0.38584423	-0.006025871	2.7717708e-20	-1
0	0.9224189	0.38584423	-0.006025871	-6.283185e-07	0	0	0.9224189	0.38584423	-0.006025871	2.7717847e-20	-1
0	0.9224189	0.38584423	-0.006025871	-1.256637e-06	0	0	0.9224189	0.38584423	-0.006025871	2.771808e-20	-1
0	0.9224189	0.38584423	-0.006025871	-2.513274e-06	0	0	0.9224189	0.38584423	-0.006025871	2.771854e-20	-1
0	0.9224189	0.38584423	-0.006025871	-6.2831855e-06	0	0	0.9224189	0.38584423	-0.006025871	2.771993e-20	-1
0	0.9224189	0.38584423	-0.006025871	-1.2566371e-05	0	0	0.9224189	0.38584423	-0.006025871	2.7722244e-20	-1
0	0.9224189	0.38584423	-0.006025871	-2.5132742e-05	0	0	0.9224189	0.38584423	-0.006025871	2.7726874e-20	-1
0	0.9224189	0.38584423	-0.006025871	-6.283185e-05	0	0	0.9224189	0.38584423	-0.006025871	2.7740762e-20	-1
0	0.9224189	0.38584423	-0.006025871	-0.0001256637	0	0	0.9224189	0.38584423	-0.006025871	2.7763907e-20	-1
0	0.9224189	0.38584423	-0.006025871	-0.0002513274	0	0	0.9224189	0.38584423	-0.006025871	2.78102e-20	-1
0	0.91942346	0.39292485	-0.0060168756	-0.0006283185	0	0	0.91942346	0.39292485	-0.0060168756	2.7948627e-20	-1
0	0.91942346	0.39292485	-0.0060168756	-0.0010053096	0	0	0.91942346	0.39292485	-0.0060168756	2.8087053e-20	-1
0	0.9168049	0.39899337	-0.0060074152	-0.001256637	0	0	0.9168049	0.39899337	-0.0060074152	2.817901e-20	-1
0	0.9140632	0.405232	-0.005995998	-0.0018849556	0	0	0.9140632	0.405232	-0.005995998	2.8408717e-20	-1
0	0.9111891	0.4116509	-0.0059824595	-0.002513274	0	0	0.9111891	0.4116509	-0.0059824595	2.8637717e-20	-1
0	0.9050029	0.42507225	-0.005948256	-0.0037699111	0	0	0.9050029	0.42507225	-0.005948256	2.909347e-20	-1
0	0.8905107	0.4546386	-0.0058446946	-0.0062831854	0	0	0.8905107	0.4546386	-0.0058446946	2.999481e-20	-1
0	0.86656094	0.49876082	-0.005617652	-0.009424778	0	0	0.86656094	0.49876082	-0.005617652	3.1097897e-20	-1
0	0.8301363	0.55726755	-0.0051830467	-0.012566371	0	0	0.8301363	0.55726755	-0.0051830467	3.216422e-20	-1
0	-0.9656493	-0.25943458	0.0058226576	-0.018849555	0	0	-0.9656493	-0.25943458	0.0058226576	2.0583884e-20	-1
0	-0.97282505	-0.23110086	0.0056847753	-0.025132742	0	0	-0.97282505	-0.23110086	0.0056847753	1.8151359e-20	-1
0	-0.9821887	-0.18739921	0.005406903	-0.03769911	0	0	-0.9821887	-0.18739921	0.005406903	1.3243548e-20	-1
0	-0.9876764	-0.15594849	0.0051569804	-0.050265484	0	0	-0.9876764	-0.15594849	0.0051569804	8.299505e-21	-1
0	-0.9910747	-0.13267997	0.0049433876	-0.06283186	0	0	-0.9910747	-0.13267997	0.0049433876	3.333678e-21	-1
0	-0.9910747	-0.13267997	0.0049433876	-0.06283186	0	0	-0.9910747	-0.13267997	0.0049433876	3.333678e-21	1
0	-0.9876764	-0.15594906	0.0051569818	-0.050265484	0	0	-0.9876764	-0.15594906	0.0051569818	8.299508e-21	1
0	-0.9821886	-0.1873996	0.005406905	-0.03769911	0	0	-0.9821886	-0.1873996	0.005406905	1.3243543e-20	1
0	-0.97282976	-0.23108125	0.005684682	-0.025132742	0	0	-0.97282976	-0.23108125	0.005684682	1.8151362e-20	1
0	-0.9656526	-0.25942254	0.005822614	-0.018849555	0	0	-0.9656526	-0.25942254	0.005822614	2.0583885e-20	1
0	-0.9558207	-0.29356015	0.0059444094	-0.012566371	0	0	-0.9558207	-0.29356015	0.0059444094	2.2995279e-20	1
0	-0.94952893	-0.31330085	0.005992504	-0.009424778	0	0	-0.94952893	-0.31330085	0.005992504	2.4190639e-20	1
0	-0.94202167	-0.33518434	0.006026461	-0.0062831854	0	0	-0.94202167	-0.33518434	0.006026461	2.5377375e-20	1
0	-0.9349313	-0.35446993	0.0060393587	-0.0037699111	0	0	-0.9349313	-0.35446993	0.0060393587	2.631941e-20	1
0	-0.930946	-0.36480194	0.0060396483	-0.002513274	0	0	-0.930946	-0.36480194	0.0060396483	2.6787616e-20	1
0	-0.92883193	-0.37014866	0.0060379794	-0.0018849556	0	0	-0.92883193	-0.37014866	0.0060379794	2.7020948e-20	1
0	-0.92661893	-0.37565136	0.006034949	-0.001256637	0	0	-0.92661893	-0.37565136	0.006034949	2.725374e-20	1
0	-0.92661893	-0.37565136	0.006034949	-0.0010053096	0	0	-0.92661893	-0.37565136	0.006034949	2.7346746e-20	1
0	-0.92432946	-0.381247	0.0060305335	-0.0006283185	0	0	-0.92432946	-0.381247	0.0060305335	2.748597e-20	1
0	-0.92432946	-0.381247	0.0060305335	-0.0002513274	0	0	-0.92432946	-0.381247	0.0060305335	2.762513e-20	1
0	-0.922413	-0.38585842	0.00602585	-0.0001256637	0	0	-0.922413	-0.38585842	0.00602585	2.7671327e-20	1
0	-0.922413	-0.38585842	0.00602585	-6.283185e-05	0	0	-0.922413	-0.38585842	0.00602585	2.7694472e-20	1
0	-0.922413	-0.38585842	0.00602585	-2.5132742e-05	0	0	-0.922413	-0.38585842	0.00602585	2.770836e-20	1
0	-0.922413	-0.38585842	0.00602585	-1.2566371e-05	0	0	-0.922413	-0.38585842	0.00602585	2.771299e-20	1
0	-0.922413	-0.38585842	0.00602585	-6.2831855e-06	0	0	-0.922413	-0.38585842	0.00602585	2.7715304e-20	1
0	-0.922413	-0.38585842	0.00602585	-2.513274e-06	0	0	-0.922413	-0.38585842	0.00602585	2.7716693e-20	1
0	-0.922413	-0.38585842	0.00602585	-1.256637e-06	0	0	-0.922413	-0.38585842	0.00602585	2.7717155e-20	1
0	-0.922413	-0.38585842	0.00602585	-6.283185e-07	0	0	-0.922413	-0.38585842	0.00602585	2.7717388e-20	1
0	-0.922413	-0.38585842	0.00602585	-2.513274e-07	0	0	-0.922413	-0.38585842	0.00602585	2.7717527e-20	1
0	-0.922413	-0.38585842	0.00602585	-1.256637e-07	0	0	-0.922413	-0.38585842	0.00602585	2.7717572e-20	1
0	-0.922413	-0.38585842	0.00602585	0	0	0	-0.922413	-0.38585842	0.00602585	2.7717617e-20	1
0	-0.922413	-0.38585842	0.00602585	1.256637e-07	0	0	-0.922413	-0.38585842	0.00602585	2.7717666e-20	1
0	-0.922413	-0.38585842	0.00602585	2.513274e-07	0	0	-0.922413	-0.38585842	0.00602585	2.771771e-20	1
0	-0.922413	-0.38585842	0.00602585	6.283185e-07	0	0	-0.922413	-0.38585842	0.00602585	2.771785e-20	1
0	-0.922413	-0.38585842	0.00602585	1.256637e-06	0	0	-0.922413	-0.38585842	0.00602585	2.7718082e-20	1
0	-0.922413	-0.38585842	0.00602585	2.513274e-06	0	0	-0.922413	-0.38585842	0.00602585	2.7718544e-20	1
0	-0.922413	-0.38585842	0.00602585	6.2831855e-06	0	0	-0.922413	-0.38585842	0.00602585	2.7719934e-20	1
0	-0.922413	-0.38585842	0.00602585	1.2566371e-05	0	0	-0.922413	-0.38585842	0.00602585	2.7722247e-20	1
0	-0.922413	-0.38585842	0.00602585	2.5132742e-05	0	0	-0.922413	-0.38585842	0.00602585	2.7726878e-20	1
0	-0.922413	-0.38585842	0.00602585	6.283185e-05	0	0	-0.922413	-0.38585842	0.00602585	2.7740765e-20	1
0	-0.922413	-0.38585842	0.00602585	0.0001256637	0	0	-0.922413	-0.38585842	0.00602585	2.776391e-20	1
0	-0.922413	-0.38585842	0.00602585	0.0002513274	0	0	-0.922413	-0.38585842	0.00602585	2.78102e-20	1
0	-0.9194252	-0.39292085	0.006016883	0.0006283185	0	0	-0.9194252	-0.39292085	0.006016883	2.794863e-20	1
0	-0.9194252	-0.39292085	0.006016883	0.0010053096	0	0	-0.9194252	-0.39292085	0.006016883	2.8087053e-20	1
0	-0.9168037	-0.3989962	0.0060074087	0.001256637	0	0	-0.9168037	-0.3989962	0.0060074087	2.8179003e-20	1
0	-0.91406214	-0.40523446	0.0059959926	0.0018849556	0	0	-0.91406214	-0.40523446	0.0059959926	2.8408717e-20	1
0	-0.91118824	-0.41165286	0.0059824535	0.002513274	0	0	-0.91118824	-0.41165286	0.0059824535	2.863772e-20	1
0	-0.90500474	-0.42506844	0.005948268	0.0037699111	0	0	-0.90500474	-0.42506844	0.005948268	2.909347e-20	1
0	-0.8904977	-0.45466414	0.005844578	0.0062831854	0	0	-0.8904977	-0.45466414	0.005844578	2.9994813e-20	1
0	-0.86657935	-0.4987288	0.005617859	0.009424778	0	0	-0.86657935	-0.4987288	0.005617859	3.10979e-20	1
0	-0.8301418	-0.5572593	0.0051831193	0.012566371	0	0	-0.8301418	-0.5572593	0.0051831193	3.2164217e-20	1
0	0.9656527	0.25942206	-0.0058226115	0.018849555	0	0	0.9656527	0.25942206	-0.0058226115	2.0583887e-20	1
0	0.9728259	0.23109764	-0.0056847604	0.025132742	0	0	0.9728259	0.23109764	-0.0056847604	1.8151359e-20	1
0	0.98218787	0.18740377	-0.005406933	0.03769911	0	0	0.98218787	0.18740377	-0.005406933	1.3243547e-20	1
0	0.9876753	0.15595579	-0.0051570265	0.050265484	0	0	0.9876753	0.15595579	-0.0051570265	8.2995094e-21	1
0	0.9910748	0.1326791	-0.00494338	0.06283186	0	0	0.9910748	0.1326791	-0.00494338	3.3336786e-21	1
