# t (s)	mx ()	my ()	mz ()	B_extx (T)	B_exty (T)	B_extz (T)	mx ()	my ()	mz ()	E_total (J)	maxTorque (T)	state_phase ()
0	0.99393606	0.109249696	0.0034651263	0	0	0	0.99393606	0.109249696	0.0034651263	2.7467967e-20	1.7441118e-07	-2
0	0.99393606	0.109249696	0.0034651263	0	1.256637e-07	0	0.99393606	0.109249696	0.0034651263	2.746796e-20	1.9568841e-07	-2
0	0.99393606	0.109249696	0.0034651263	0	2.513274e-07	0	0.99393606	0.109249696	0.0034651263	2.7467957e-20	3.2069556e-07	-2
0	0.99393606	0.109249696	0.0034651263	0	6.283185e-07	0	0.99393606	0.109249696	0.0034651263	2.746794e-20	6.9525896e-07	-2
0	0.99393606	0.109249696	0.0034651263	0	1.256637e-06	0	0.99393606	0.109249696	0.0034651263	2.7467912e-20	1.3203054e-06	-2
0	0.99393606	0.109249696	0.0034651263	0	2.513274e-06	0	0.99393606	0.109249696	0.0034651263	2.7467857e-20	2.5694735e-06	-2
0	0.99393606	0.109249696	0.0034651263	0	6.2831855e-06	0	0.99393606	0.109249696	0.0034651263	2.7467692e-20	6.3179036e-06	-2
0	0.99393606	0.109249696	0.0034651263	0	1.2566371e-05	0	0.99393606	0.109249696	0.0034651263	2.7467418e-20	1.2565135e-05	-2
0	0.99393606	0.109249696	0.0034651263	0	2.5132742e-05	0	0.99393606	0.109249696	0.0034651263	2.746687e-20	2.5059597e-05	-2
0	0.9937675	0.1107713	0.0034646662	0	6.283185e-05	0	0.9937675	0.1107713	0.0034646662	2.7465207e-20	1.6631887e-07	-2
0	0.9935964	0.112294436	0.0034641582	0	0.0001256637	0	0.9935964	0.112294436	0.0034641582	2.7462406e-20	1.469494e-07	-2
0	0.9932474	0.11533814	0.003463001	0	0.0002513274	0	0.9932474	0.11533814	0.003463001	2.7456697e-20	1.3808376e-07	-2
0	0.99214566	0.12445387	0.0034584054	0	0.0006283185	0	0.99214566	0.12445387	0.0034584054	2.7438644e-20	8.7195865e-08	-2
0	0.99096286	0.13353893	0.003452146	0	0.0010053096	0	0.99096286	0.13353893	0.003452146	2.7419225e-20	1.9612575e-07	-2
0	0.9901283	0.13958803	0.003447052	0	0.001256637	0	0.9901283	0.13958803	0.003447052	2.740551e-20	2.1126006e-07	-2
0	0.98787904	0.15469566	0.0034311193	0	0.0018849556	0	0.98787904	0.15469566	0.0034311193	2.7368592e-20	3.730101e-07	-2
0	0.9853946	0.16979277	0.0034106504	0	0.002513274	0	0.9853946	0.16979277	0.0034106504	2.732788e-20	1.4525845e-07	-2
0	0.9796821	0.20011854	0.0033560041	0	0.0037699111	0	0.9796821	0.20011854	0.0033560041	2.7235074e-20	1.09255744e-07	-2
0	0.9648998	0.2622481	0.0031894445	0	0.0062831854	0	0.9648998	0.2622481	0.0031894445	2.7003272e-20	2.7332507e-07	-2
0	0.93773544	0.3470261	0.0028520836	0	0.009424778	0	0.93773544	0.3470261	0.0028520836	2.6622302e-20	2.3257857e-07	-2
0	-0.08680741	0.9961512	0.0023787254	0	0.012566371	0	-0.08680741	0.9961512	0.0023787254	2.4580966e-20	2.7731685e-08	-2
0	-0.07245682	0.99729925	0.0022890992	0	0.018849555	0	-0.07245682	0.99729925	0.0022890992	2.2079806e-20	9.015455e-08	-2
0	-0.062109023	0.99799824	0.002221643	0	0.025132742	0	-0.062109023	0.99799824	0.002221643	1.9576388e-20	7.752236e-08	-2
0	-0.04822322	0.998767	0.0021254201	0	0.03769911	0	-0.04822322	0.998767	0.0021254201	1.4565759e-20	6.379695e-08	-2
0	-0.03936218	0.99915665	0.0020583367	0	0.050265484	0	-0.03936218	0.99915665	0.0020583367	9.55236e-21	2.9432238e-08	-2
0	-0.033230495	0.9993804	0.0020073848	0	0.06283186	0	-0.033230495	0.9993804	0.0020073848	4.5374787e-21	1.2722193e-08	-2
0	-0.99393606	-0.109249696	-0.0034651263	0	0	0	-0.99393606	-0.109249696	-0.0034651263	2.7467967e-20	1.7441117e-07	2
0	-0.99393606	-0.109249696	-0.0034651263	0	1.256637e-07	0	-0.99393606	-0.109249696	-0.0034651263	2.7467973e-20	2.9933238e-07	2
0	-0.99393606	-0.109249696	-0.0034651263	0	2.513274e-07	0	-0.99393606	-0.109249696	-0.0034651263	2.7467977e-20	4.2426524e-07	2
0	-0.99393606	-0.109249696	-0.0034651263	0	6.283185e-07	0	-0.99393606	-0.109249696	-0.0034651263	2.7467996e-20	7.986163e-07	2
0	-0.99393606	-0.109249696	-0.0034651263	0	1.256637e-06	0	-0.99393606	-0.109249696	-0.0034651263	2.7468022e-20	1.4233167e-06	2
0	-0.99393606	-0.109249696	-0.0034651263	0	2.513274e-06	0	-0.99393606	-0.109249696	-0.0034651263	2.7468077e-20	2.6717983e-06	2
0	-0.99393606	-0.109249696	-0.0034651263	0	6.2831855e-06	0	-0.99393606	-0.109249696	-0.0034651263	2.746824e-20	6.418175e-06	2
0	-0.99393606	-0.109249696	-0.0034651263	0	1.2566371e-05	0	-0.99393606	-0.109249696	-0.0034651263	2.7468516e-20	1.2661985e-05	2
0	-0.99393606	-0.109249696	-0.0034651263	0	2.5132742e-05	0	-0.99393606	-0.109249696	-0.0034651263	2.7469062e-20	2.5149604e-05	2
0	-0.9941026	-0.10772435	-0.00346554	0	6.283185e-05	0	-0.9941026	-0.10772435	-0.00346554	2.747069e-20	1.5362713e-07	2
0	-0.9942672	-0.106195934	-0.0034659065	0	0.0001256637	0	-0.9942672	-0.106195934	-0.0034659065	2.7473373e-20	7.18072e-08	2
0	-0.99458885	-0.10314228	-0.0034664955	0	0.0002513274	0	-0.99458885	-0.10314228	-0.0034664955	2.7478627e-20	1.8609697e-07	2
0	-0.9955001	-0.09394787	-0.0034671123	0	0.0006283185	0	-0.9955001	-0.09394787	-0.0034671123	2.7493464e-20	1.0908239e-07	2
0	-0.99632996	-0.08470224	-0.0034659756	0	0.0010053096	0	-0.99632996	-0.08470224	-0.0034659756	2.750691e-20	1.2986212e-07	2
0	-0.9968372	-0.0785128	-0.0034642275	0	0.001256637	0	-0.9968372	-0.0785128	-0.0034642275	2.75151e-20	8.246862e-08	2
0	-0.9979444	-0.062906474	-0.0034562908	0	0.0018849556	0	-0.9979444	-0.062906474	-0.0034562908	2.753285e-20	1.5392474e-07	2
0	-0.99881625	-0.047093455	-0.0034430758	0	0.002513274	0	-0.99881625	-0.047093455	-0.0034430758	2.7546656e-20	6.095672e-08	2
0	-0.9998192	-0.014658188	-0.0033995982	0	0.0037699111	0	-0.9998192	-0.014658188	-0.0033995982	2.7562198e-20	4.210243e-08	2
0	-0.9984003	0.055214137	-0.0032308954	0	0.0062831854	0	-0.9984003	0.055214137	-0.0032308954	2.7542542e-20	7.097667e-08	2
0	-0.98660505	0.16262257	-0.00277362	0	0.009424778	0	-0.98660505	0.16262257	-0.00277362	2.7409515e-20	1.5128002e-07	2
0	-0.08681187	0.99615085	0.0023787501	0	0.012566371	0	-0.08681187	0.99615085	0.0023787501	2.4580968e-20	1.7422038e-07	2
0	-0.07245787	0.9972992	0.0022891052	0	0.018849555	0	-0.07245787	0.9972992	0.0022891052	2.2079808e-20	1.2616749e-07	2
0	-0.06210927	0.9979981	0.0022216444	0	0.025132742	0	-0.06210927	0.9979981	0.0022216444	1.9576388e-20	5.6807345e-08	2
0	-0.048223227	0.998767	0.0021254201	0	0.03769911	0	-0.048223227	0.998767	0.0021254201	1.4565759e-20	7.692606e-08	2
0	-0.039362244	0.9991566	0.002058337	0	0.050265484	0	-0.039362244	0.9991566	0.002058337	9.55236e-21	4.5234774e-08	2
0	-0.033230904	0.9993804	0.0020073869	0	0.06283186	0	-0.033230904	0.9993804	0.0020073869	4.5374782e-21	7.006455e-08	2
