# t (s)	mx ()	my ()	mz ()	B_extx (T)	B_exty (T)	B_extz (T)	mx ()	my ()	mz ()	E_total (J)	branch ()
0	-0.037239507	0.99924034	0.0010360451	0	0.06283186	0	-0.037239507	0.99924034	0.0010360451	4.588471e-21	-1
0	-0.044255145	0.9989532	0.0010901231	0	0.050265484	0	-0.044255145	0.9989532	0.0010901231	9.6025055e-21	-1
0	-0.05445046	0.99844813	0.0011660068	0	0.03769911	0	-0.05445046	0.99844813	0.0011660068	1.4614617e-20	-1
0	-0.07056477	0.9974371	0.0012823376	0	0.025132742	0	-0.07056477	0.9974371	0.0012823376	1.9623117e-20	-1
0	-0.0826574	0.9965067	0.0013679101	0	0.018849555	0	-0.0826574	0.9965067	0.0013679101	2.2124863e-20	-1
0	-0.0994979	0.9949646	0.0014853787	0	0.012566371	0	-0.0994979	0.9949646	0.0014853787	2.462359e-20	-1
0	-0.11064246	0.99378586	0.0015621658	0	0.009424778	0	-0.11064246	0.99378586	0.0015621658	2.5871196e-20	-1
0	-0.124492645	0.99214435	0.001656557	0	0.0062831854	0	-0.124492645	0.99214435	0.001656557	2.7117052e-20	-1
0	-0.13825065	0.99031925	0.0017491215	0	0.0037699111	0	-0.13825065	0.99031925	0.0017491215	2.8111998e-20	-1
0	-0.14628395	0.9891635	0.0018025823	0	0.002513274	0	-0.14628395	0.9891635	0.0018025823	2.8608707e-20	-1
0	-0.15067874	0.98850304	0.001831631	0	0.0018849556	0	-0.15067874	0.98850304	0.001831631	2.8856832e-20	-1
0	-0.15531236	0.987785	0.0018621066	0	0.001256637	0	-0.15531236	0.987785	0.0018621066	2.9104786e-20	-1
0	-0.15531236	0.987785	0.0018621066	0	0.0010053096	0	-0.15531236	0.987785	0.0018621066	2.920393e-20	-1
0	-0.16026852	0.98699224	0.0018945127	0	0.0006283185	0	-0.16026852	0.98699224	0.0018945127	2.935255e-20	-1
0	-0.16337234	0.98648286	0.0019147146	0	0.0002513274	0	-0.16337234	0.98648286	0.0019147146	2.950111e-20	-1
0	-0.16337234	0.98648286	0.0019147146	0	0.0001256637	0	-0.16337234	0.98648286	0.0019147146	2.9550617e-20	-1
0	-0.16337234	0.98648286	0.0019147146	0	6.283185e-05	0	-0.16337234	0.98648286	0.0019147146	2.9575368e-20	-1
0	-0.16337234	0.98648286	0.0019147146	0	2.5132742e-05	0	-0.16337234	0.98648286	0.0019147146	2.959022e-20	-1
0	-0.16337234	0.98648286	0.0019147146	0	1.2566371e-05	0	-0.16337234	0.98648286	0.0019147146	2.9595172e-20	-1
0	-0.16337234	0.98648286	0.0019147146	0	6.2831855e-06	0	-0.16337234	0.98648286	0.0019147146	2.9597647e-20	-1
0	-0.16337234	0.98648286	0.0019147146	0	2.513274e-06	0	-0.16337234	0.98648286	0.0019147146	2.9599133e-20	-1
0	-0.16337234	0.98648286	0.0019147146	0	1.256637e-06	0	-0.16337234	0.98648286	0.0019147146	2.9599627e-20	-1
0	-0.16337234	0.98648286	0.0019147146	0	6.283185e-07	0	-0.16337234	0.98648286	0.0019147146	2.9599876e-20	-1
0	-0.16337234	0.98648286	0.0019147146	0	2.513274e-07	0	-0.16337234	0.98648286	0.0019147146	2.9600025e-20	-1
0	-0.16337234	0.98648286	0.0019147146	0	1.256637e-07	0	-0.16337234	0.98648286	0.0019147146	2.9600073e-20	-1
0	-0.16337234	0.98648286	0.0019147146	0	0	0	-0.16337234	0.98648286	0.0019147146	2.9600122e-20	-1
0	-0.16337234	0.98648286	0.0019147146	0	-1.256637e-07	0	-0.16337234	0.98648286	0.0019147146	2.9600174e-20	-1
0	-0.16337234	0.98648286	0.0019147146	0	-2.513274e-07	0	-0.16337234	0.98648286	0.0019147146	2.9600222e-20	-1
0	-0.16337234	0.98648286	0.0019147146	0	-6.283185e-07	0	-0.16337234	0.98648286	0.0019147146	2.960037e-20	-1
0	-0.16337234	0.98648286	0.0019147146	0	-1.256637e-06	0	-0.16337234	0.98648286	0.0019147146	2.9600616e-20	-1
0	-0.16337234	0.98648286	0.0019147146	0	-2.513274e-06	0	-0.16337234	0.98648286	0.0019147146	2.9601114e-20	-1
0	-0.16337234	0.98648286	0.0019147146	0	-6.2831855e-06	0	-0.16337234	0.98648286	0.0019147146	2.9602597e-20	-1
0	-0.16337234	0.98648286	0.0019147146	0	-1.2566371e-05	0	-0.16337234	0.98648286	0.0019147146	2.9605072e-20	-1
0	-0.16337234	0.98648286	0.0019147146	0	-2.5132742e-05	0	-0.16337234	0.98648286	0.0019147146	2.9610025e-20	-1
0	-0.16605279	0.98603475	0.0019320878	0	-6.283185e-05	0	-0.16605279	0.98603475	0.0019320878	2.9624844e-20	-1
0	-0.16605279	0.98603475	0.0019320878	0	-0.0001256637	0	-0.16605279	0.98603475	0.0019320878	2.9649585e-20	-1
0	-0.16605279	0.98603475	0.0019320878	0	-0.0002513274	0	-0.16605279	0.98603475	0.0019320878	2.969907e-20	-1
0	-0.17114498	0.985163	0.001964944	0	-0.0006283185	0	-0.17114498	0.985163	0.001964944	2.9847426e-20	-1
0	-0.1747211	0.9845345	0.0019878505	0	-0.0010053096	0	-0.1747211	0.9845345	0.0019878505	2.9995698e-20	-1
0	-0.1747211	0.9845345	0.0019878505	0	-0.001256637	0	-0.1747211	0.9845345	0.0019878505	3.0094514e-20	-1
0	-0.18370584	0.9828963	0.0020449818	0	-0.0018849556	0	-0.18370584	0.9828963	0.0020449818	3.0341285e-20	-1
0	-0.19073527	0.9815553	0.0020891335	0	-0.002513274	0	-0.19073527	0.9815553	0.0020891335	3.058775e-20	-1
0	-0.20676386	0.97830176	0.0021879296	0	-0.0037699111	0	-0.20676386	0.97830176	0.0021879296	3.1079563e-20	-1
0	-0.25135356	0.96779704	0.0024469332	0	-0.0062831854	0	-0.25135356	0.96779704	0.0024469332	3.2056822e-20	-1
0	-0.92761916	-0.37320822	-0.0032788352	0	-0.009424778	0	-0.92761916	-0.37320822	-0.0032788352	2.6572345e-20	-1
0	-0.87623525	-0.4815933	-0.0025288127	0	-0.012566371	0	-0.87623525	-0.4815933	-0.0025288127	2.604064e-20	-1
0	0.08266185	-0.99650633	-0.0013679413	0	-0.018849555	0	0.08266185	-0.99650633	-0.0013679413	2.2124865e-20	-1
0	0.070569515	-0.99743676	-0.0012823662	0	-0.025132742	0	0.070569515	-0.99743676	-0.0012823662	1.962312e-20	-1
0	0.054457873	-0.99844766	-0.001166058	0	-0.03769911	0	0.054457873	-0.99844766	-0.001166058	1.4614616e-20	-1
0	0.044261094	-0.99895287	-0.0010901631	0	-0.050265484	0	0.044261094	-0.99895287	-0.0010901631	9.602505e-21	-1
0	0.03724133	-0.9992403	-0.0010360578	0	-0.06283186	0	0.03724133	-0.9992403	-0.0010360578	4.588471e-21	-1
0	0.03724133	-0.9992403	-0.0010360578	0	-0.06283186	0	0.03724133	-0.9992403	-0.0010360578	4.588471e-21	1
0	0.044253554	-0.9989532	-0.0010901112	0	-0.050265484	0	0.044253554	-0.9989532	-0.0010901112	9.602504e-21	1
0	0.054454815	-0.9984479	-0.0011660344	0	-0.03769911	0	0.054454815	-0.9984479	-0.0011660344	1.4614617e-20	1
0	0.07056598	-0.997437	-0.001282346	0	-0.025132742	0	0.07056598	-0.997437	-0.001282346	1.9623118e-20	1
0	0.08265059	-0.99650717	-0.0013678758	0	-0.018849555	0	0.08265059	-0.99650717	-0.0013678758	2.2124863e-20	1
0	0.0994986	-0.99496454	-0.0014853752	0	-0.012566371	0	0.0994986	-0.99496454	-0.0014853752	2.4623588e-20	1
0	0.11065295	-0.99378467	-0.0015622046	0	-0.009424778	0	0.11065295	-0.99378467	-0.0015622046	2.5871196e-20	1
0	0.12450375	-0.9921429	-0.0016566308	0	-0.0062831854	0	0.12450375	-0.9921429	-0.0016566308	2.7117055e-20	1
0	0.13824359	-0.99032027	-0.0017490727	0	-0.0037699111	0	0.13824359	-0.99032027	-0.0017490727	2.8112e-20	1
0	0.1462791	-0.98916423	-0.0018025506	0	-0.002513274	0	0.1462791	-0.98916423	-0.0018025506	2.860871e-20	1
0	0.15066335	-0.98850536	-0.0018315313	0	-0.0018849556	0	0.15066335	-0.98850536	-0.0018315313	2.8856832e-20	1
0	0.15530948	-0.9877854	-0.0018620881	0	-0.001256637	0	0.15530948	-0.9877854	-0.0018620881	2.9104786e-20	1
0	0.15530948	-0.9877854	-0.0018620881	0	-0.0010053096	0	0.15530948	-0.9877854	-0.0018620881	2.9203928e-20	1
0	0.16024266	-0.98699653	-0.0018943467	0	-0.0006283185	0	0.16024266	-0.98699653	-0.0018943467	2.9352546e-20	1
0	0.16336282	-0.9864844	-0.0019146486	0	-0.0002513274	0	0.16336282	-0.9864844	-0.0019146486	2.9501106e-20	1
0	0.16336282	-0.9864844	-0.0019146486	0	-0.0001256637	0	0.16336282	-0.9864844	-0.0019146486	2.955061e-20	1
0	0.16336282	-0.9864844	-0.0019146486	0	-6.283185e-05	0	0.16336282	-0.9864844	-0.0019146486	2.9575365e-20	1
0	0.16336282	-0.9864844	-0.0019146486	0	-2.5132742e-05	0	0.16336282	-0.9864844	-0.0019146486	2.9590218e-20	1
0	0.16541135	-0.98614264	-0.0019279281	0	-1.2566371e-05	0	0.16541135	-0.98614264	-0.0019279281	2.9595152e-20	1
0	0.16541135	-0.98614264	-0.0019279281	0	-6.2831855e-06	0	0.16541135	-0.98614264	-0.0019279281	2.9597627e-20	1
0	0.16541135	-0.98614264	-0.0019279281	0	-2.513274e-06	0	0.16541135	-0.98614264	-0.0019279281	2.9599114e-20	1
0	0.16541135	-0.98614264	-0.0019279281	0	-1.256637e-06	0	0.16541135	-0.98614264	-0.0019279281	2.9599608e-20	1
0	0.16541135	-0.98614264	-0.0019279281	0	-6.283185e-07	0	0.16541135	-0.98614264	-0.0019279281	2.9599857e-20	1
0	0.16541135	-0.98614264	-0.0019279281	0	-2.513274e-07	0	0.16541135	-0.98614264	-0.0019279281	2.9600002e-20	1
0	0.16541135	-0.98614264	-0.0019279281	0	-1.256637e-07	0	0.16541135	-0.98614264	-0.0019279281	2.9600054e-20	1
0	0.16541135	-0.98614264	-0.0019279281	0	0	0	0.16541135	-0.98614264	-0.0019279281	2.9600102e-20	1
0	0.16541135	-0.98614264	-0.0019279281	0	1.256637e-07	0	0.16541135	-0.98614264	-0.0019279281	2.960015e-20	1
0	0.16541135	-0.98614264	-0.0019279281	0	2.513274e-07	0	0.16541135	-0.98614264	-0.0019279281	2.9600203e-20	1
0	0.16541135	-0.98614264	-0.0019279281	0	6.283185e-07	0	0.16541135	-0.98614264	-0.0019279281	2.960035e-20	1
0	0.16541135	-0.98614264	-0.0019279281	0	1.256637e-06	0	0.16541135	-0.98614264	-0.0019279281	2.9600597e-20	1
0	0.16541135	-0.98614264	-0.0019279281	0	2.513274e-06	0	0.16541135	-0.98614264	-0.0019279281	2.960109e-20	1
0	0.16541135	-0.98614264	-0.0019279281	0	6.2831855e-06	0	0.16541135	-0.98614264	-0.0019279281	2.9602578e-20	1
0	0.16541135	-0.98614264	-0.0019279281	0	1.2566371e-05	0	0.16541135	-0.98614264	-0.0019279281	2.9605053e-20	1
0	0.16541135	-0.98614264	-0.0019279281	0	2.5132742e-05	0	0.16541135	-0.98614264	-0.0019279281	2.961e-20	1
0	0.16541135	-0.98614264	-0.0019279281	0	6.283185e-05	0	0.16541135	-0.98614264	-0.0019279281	2.9624847e-20	1
0	0.16541135	-0.98614264	-0.0019279281	0	0.0001256637	0	0.16541135	-0.98614264	-0.0019279281	2.964959e-20	1
0	0.16541135	-0.98614264	-0.0019279281	0	0.0002513274	0	0.16541135	-0.98614264	-0.0019279281	2.9699083e-20	1
0	0.17114969	-0.98516214	-0.0019649677	0	0.0006283185	0	0.17114969	-0.98516214	-0.0019649677	2.9847426e-20	1
0	0.17471725	-0.9845352	-0.0019878468	0	0.0010053096	0	0.17471725	-0.9845352	-0.0019878468	2.99957e-20	1
0	0.17471725	-0.9845352	-0.0019878468	0	0.001256637	0	0.17471725	-0.9845352	-0.0019878468	3.0094517e-20	1
0	0.18369162	-0.98289895	-0.0020448929	0	0.0018849556	0	0.18369162	-0.98289895	-0.0020448929	3.0341282e-20	1
0	0.19073957	-0.9815545	-0.0020891593	0	0.002513274	0	0.19073957	-0.9815545	-0.0020891593	3.0587753e-20	1
0	0.20676553	-0.9783014	-0.0021879387	0	0.0037699111	0	0.20676553	-0.9783014	-0.0021879387	3.107956e-20	1
0	0.2513637	-0.9677944	-0.002446989	0	0.0062831854	0	0.2513637	-0.9677944	-0.002446989	3.205682e-20	1
0	0.92762303	0.37319878	0.0032788916	0	0.009424778	0	0.92762303	0.37319878	0.0032788916	2.6572339e-20	1
0	0.87624335	0.48157847	0.002528931	0	0.012566371	0	0.87624335	0.48157847	0.002528931	2.604064e-20	1
0	-0.08267251	0.99650544	0.0013680132	0	0.018849555	0	-0.08267251	0.99650544	0.0013680132	2.2124863e-20	1
0	-0.07057494	0.9974364	0.0012824065	0	0.025132742	0	-0.07057494	0.9974364	0.0012824065	1.9623118e-20	1
0	-0.054461803	0.99844754	0.0011660869	0	0.03769911	0	-0.054461803	0.99844754	0.0011660869	1.4614617e-20	1
0	-0.044257313	0.9989531	0.0010901378	0	0.050265484	0	-0.044257313	0.9989531	0.0010901378	9.6025014e-21	1
0	-0.037244067	0.99924016	0.0010360769	0	0.06283186	0	-0.037244067	0.99924016	0.0010360769	4.588469e-21	1
