# t (s)	mx ()	my ()	mz ()	B_extx (T)	B_exty (T)	B_extz (T)	mx ()	my ()	mz ()	E_total (J)	branch ()
0	-0.03546918	0.99930537	0.00020564384	0	0.06283186	0	-0.03546918	0.99930537	0.00020564384	4.6084264e-21	-1
0	-0.042064484	0.99904853	0.00022456716	0	0.050265484	0	-0.042064484	0.99904853	0.00022456716	9.622858e-21	-1
0	-0.051601723	0.99860024	0.00025163294	0	0.03769911	0	-0.051601723	0.99860024	0.00025163294	1.463558e-20	-1
0	-0.06656423	0.9977131	0.00029380166	0	0.025132742	0	-0.06656423	0.9977131	0.00029380166	1.964511e-20	-1
0	-0.07770544	0.9969063	0.00032508356	0	0.018849555	0	-0.07770544	0.9969063	0.00032508356	2.2147687e-20	-1
0	-0.09312248	0.9955831	0.00036826715	0	0.012566371	0	-0.09312248	0.9955831	0.00036826715	2.4647662e-20	-1
0	-0.10325699	0.9945821	0.00039657924	0	0.009424778	0	-0.10325699	0.9945821	0.00039657924	2.5896152e-20	-1
0	-0.11578427	0.9932004	0.00043146755	0	0.0062831854	0	-0.11578427	0.9932004	0.00043146755	2.7143163e-20	-1
0	-0.12807167	0.99168956	0.0004655339	0	0.0037699111	0	-0.12807167	0.99168956	0.0004655339	2.8139318e-20	-1
0	-0.13521343	0.99074024	0.00048524555	0	0.002513274	0	-0.13521343	0.99074024	0.00048524555	2.8636767e-20	-1
0	-0.13908453	0.9902038	0.00049590075	0	0.0018849556	0	-0.13908453	0.9902038	0.00049590075	2.88853e-20	-1
0	-0.14319845	0.98961675	0.0005071969	0	0.001256637	0	-0.14319845	0.98961675	0.0005071969	2.91337e-20	-1
0	-0.14490616	0.98936796	0.00051187054	0	0.0010053096	0	-0.14490616	0.98936796	0.00051187054	2.9233012e-20	-1
0	-0.1475654	0.98897445	0.00051915646	0	0.0006283185	0	-0.1475654	0.98897445	0.00051915646	2.9381937e-20	-1
0	-0.1475654	0.98897445	0.00051915646	0	0.0002513274	0	-0.1475654	0.98897445	0.00051915646	2.9530833e-20	-1
0	-0.15122053	0.98842174	0.0005291379	0	0.0001256637	0	-0.15122053	0.98842174	0.0005291379	2.958041e-20	-1
0	-0.15122053	0.98842174	0.0005291379	0	6.283185e-05	0	-0.15122053	0.98842174	0.0005291379	2.960521e-20	-1
0	-0.15122053	0.98842174	0.0005291379	0	2.5132742e-05	0	-0.15122053	0.98842174	0.0005291379	2.9620094e-20	-1
0	-0.15122053	0.98842174	0.0005291379	0	1.2566371e-05	0	-0.15122053	0.98842174	0.0005291379	2.9625054e-20	-1
0	-0.15122053	0.98842174	0.0005291379	0	6.2831855e-06	0	-0.15122053	0.98842174	0.0005291379	2.9627532e-20	-1
0	-0.15122053	0.98842174	0.0005291379	0	2.513274e-06	0	-0.15122053	0.98842174	0.0005291379	2.962902e-20	-1
0	-0.15122053	0.98842174	0.0005291379	0	1.256637e-06	0	-0.15122053	0.98842174	0.0005291379	2.9629516e-20	-1
0	-0.15122053	0.98842174	0.0005291379	0	6.283185e-07	0	-0.15122053	0.98842174	0.0005291379	2.9629765e-20	-1
0	-0.15122053	0.98842174	0.0005291379	0	2.513274e-07	0	-0.15122053	0.98842174	0.0005291379	2.9629913e-20	-1
0	-0.15122053	0.98842174	0.0005291379	0	1.256637e-07	0	-0.15122053	0.98842174	0.0005291379	2.9629965e-20	-1
0	-0.15122053	0.98842174	0.0005291379	0	0	0	-0.15122053	0.98842174	0.0005291379	2.9630013e-20	-1
0	-0.15122053	0.98842174	0.0005291379	0	-1.256637e-07	0	-0.15122053	0.98842174	0.0005291379	2.9630062e-20	-1
0	-0.15122053	0.98842174	0.0005291379	0	-2.513274e-07	0	-0.15122053	0.98842174	0.0005291379	2.9630114e-20	-1
0	-0.15122053	0.98842174	0.0005291379	0	-6.283185e-07	0	-0.15122053	0.98842174	0.0005291379	2.9630262e-20	-1
0	-0.15122053	0.98842174	0.0005291379	0	-1.256637e-06	0	-0.15122053	0.98842174	0.0005291379	2.9630508e-20	-1
0	-0.15122053	0.98842174	0.0005291379	0	-2.513274e-06	0	-0.15122053	0.98842174	0.0005291379	2.9631005e-20	-1
0	-0.15122053	0.98842174	0.0005291379	0	-6.2831855e-06	0	-0.15122053	0.98842174	0.0005291379	2.9632492e-20	-1
0	-0.15122053	0.98842174	0.0005291379	0	-1.2566371e-05	0	-0.15122053	0.98842174	0.0005291379	2.9634973e-20	-1
0	-0.15122053	0.98842174	0.0005291379	0	-2.5132742e-05	0	-0.15122053	0.98842174	0.0005291379	2.9639933e-20	-1
0	-0.15122053	0.98842174	0.0005291379	0	-6.283185e-05	0	-0.15122053	0.98842174	0.0005291379	2.9654816e-20	-1
0	-0.15122053	0.98842174	0.0005291379	0	-0.0001256637	0	-0.15122053	0.98842174	0.0005291379	2.967962e-20	-1
0	-0.15122053	0.98842174	0.0005291379	0	-0.0002513274	0	-0.15122053	0.98842174	0.0005291379	2.972922e-20	-1
0	-0.15708427	0.98750603	0.0005451082	0	-0.0006283185	0	-0.15708427	0.98750603	0.0005451082	2.9877893e-20	-1
0	-0.15708427	0.98750603	0.0005451082	0	-0.0010053096	0	-0.15708427	0.98750603	0.0005451082	3.002657e-20	-1
0	-0.16234457	0.9866542	0.00055935944	0	-0.001256637	0	-0.16234457	0.9866542	0.00055935944	3.0125582e-20	-1
0	-0.16796835	0.9857117	0.0005745365	0	-0.0018849556	0	-0.16796835	0.9857117	0.0005745365	3.037304e-20	-1
0	-0.17400728	0.9846628	0.0005907476	0	-0.002513274	0	-0.17400728	0.9846628	0.0005907476	3.0620252e-20	-1
0	-0.18759647	0.9821625	0.00062687614	0	-0.0037699111	0	-0.18759647	0.9821625	0.00062687614	3.11138e-20	-1
0	-0.22365957	0.9745773	0.00071989966	0	-0.0062831854	0	-0.22365957	0.9745773	0.00071989966	3.2096165e-20	-1
0	-0.32447362	0.9457822	0.000947321	0	-0.009424778	0	-0.32447362	0.9457822	0.000947321	3.330624e-20	-1
0	0.9490806	-0.31470135	0.0007767966	0	-0.012566371	0	0.9490806	-0.31470135	0.0007767966	2.720346e-20	-1
0	0.07770726	-0.99690616	-0.0003250885	0	-0.018849555	0	0.07770726	-0.99690616	-0.0003250885	2.2147685e-20	-1
0	0.06657804	-0.99771214	-0.0002938377	0	-0.025132742	0	0.06657804	-0.99771214	-0.0002938377	1.9645108e-20	-1
0	0.051612526	-0.99859965	-0.00025166135	0	-0.03769911	0	0.051612526	-0.99859965	-0.00025166135	1.4635578e-20	-1
0	0.042064965	-0.9990485	-0.00022456066	0	-0.050265484	0	0.042064965	-0.9990485	-0.00022456066	9.6228554e-21	-1
0	0.035470277	-0.9993053	-0.00020564644	0	-0.06283186	0	0.035470277	-0.9993053	-0.00020564644	4.6084276e-21	-1
0	0.035470277	-0.9993053	-0.00020564644	0	-0.06283186	0	0.035470277	-0.9993053	-0.00020564644	4.6084276e-21	1
0	0.04206305	-0.9990486	-0.00022455516	0	-0.050265484	0	0.04206305	-0.9990486	-0.00022455516	9.622859e-21	1
0	0.051602244	-0.99860024	-0.00025163585	0	-0.03769911	0	0.051602244	-0.99860024	-0.00025163585	1.4635576e-20	1
0	0.06656474	-0.9977131	-0.00029380072	0	-0.025132742	0	0.06656474	-0.9977131	-0.00029380072	1.9645105e-20	1
0	0.077704735	-0.99690634	-0.00032505975	0	-0.018849555	0	0.077704735	-0.99690634	-0.00032505975	2.2147687e-20	1
0	0.09310354	-0.99558485	-0.0003682147	0	-0.012566371	0	0.09310354	-0.99558485	-0.0003682147	2.4647664e-20	1
0	0.103256844	-0.9945822	-0.0003965617	0	-0.009424778	0	0.103256844	-0.9945822	-0.0003965617	2.5896148e-20	1
0	0.11575587	-0.99320376	-0.00043138996	0	-0.0062831854	0	0.11575587	-0.99320376	-0.00043138996	2.7143163e-20	1
0	0.12805837	-0.99169123	-0.00046549743	0	-0.0037699111	0	0.12805837	-0.99169123	-0.00046549743	2.8139318e-20	1
0	0.13521397	-0.9907402	-0.0004852478	0	-0.002513274	0	0.13521397	-0.9907402	-0.0004852478	2.8636767e-20	1
0	0.13909487	-0.9902023	-0.00049593125	0	-0.0018849556	0	0.13909487	-0.9902023	-0.00049593125	2.88853e-20	1
0	0.14319952	-0.98961663	-0.0005072011	0	-0.001256637	0	0.14319952	-0.98961663	-0.0005072011	2.91337e-20	1
0	0.14319952	-0.98961663	-0.0005072011	0	-0.0010053096	0	0.14319952	-0.98961663	-0.0005072011	2.9233025e-20	1
0	0.14754179	-0.988978	-0.00051909196	0	-0.0006283185	0	0.14754179	-0.988978	-0.00051909196	2.9381937e-20	1
0	0.14754179	-0.988978	-0.00051909196	0	-0.0002513274	0	0.14754179	-0.988978	-0.00051909196	2.9530833e-20	1
0	0.15122029	-0.9884218	-0.00052913907	0	-0.0001256637	0	0.15122029	-0.9884218	-0.00052913907	2.9580412e-20	1
0	0.15122029	-0.9884218	-0.00052913907	0	-6.283185e-05	0	0.15122029	-0.9884218	-0.00052913907	2.9605214e-20	1
0	0.15122029	-0.9884218	-0.00052913907	0	-2.5132742e-05	0	0.15122029	-0.9884218	-0.00052913907	2.9620094e-20	1
0	0.15122029	-0.9884218	-0.00052913907	0	-1.2566371e-05	0	0.15122029	-0.9884218	-0.00052913907	2.9625054e-20	1
0	0.15122029	-0.9884218	-0.00052913907	0	-6.2831855e-06	0	0.15122029	-0.9884218	-0.00052913907	2.9627535e-20	1
0	0.15122029	-0.9884218	-0.00052913907	0	-2.513274e-06	0	0.15122029	-0.9884218	-0.00052913907	2.962902e-20	1
0	0.15122029	-0.9884218	-0.00052913907	0	-1.256637e-06	0	0.15122029	-0.9884218	-0.00052913907	2.962952e-20	1
0	0.15122029	-0.9884218	-0.00052913907	0	-6.283185e-07	0	0.15122029	-0.9884218	-0.00052913907	2.9629768e-20	1
0	0.15122029	-0.9884218	-0.00052913907	0	-2.513274e-07	0	0.15122029	-0.9884218	-0.00052913907	2.9629917e-20	1
0	0.15122029	-0.9884218	-0.00052913907	0	-1.256637e-07	0	0.15122029	-0.9884218	-0.00052913907	2.9629965e-20	1
0	0.15122029	-0.9884218	-0.00052913907	0	0	0	0.15122029	-0.9884218	-0.00052913907	2.9630013e-20	1
0	0.15122029	-0.9884218	-0.00052913907	0	1.256637e-07	0	0.15122029	-0.9884218	-0.00052913907	2.9630065e-20	1
0	0.15122029	-0.9884218	-0.00052913907	0	2.513274e-07	0	0.15122029	-0.9884218	-0.00052913907	2.9630114e-20	1
0	0.15122029	-0.9884218	-0.00052913907	0	6.283185e-07	0	0.15122029	-0.9884218	-0.00052913907	2.9630262e-20	1
0	0.15122029	-0.9884218	-0.00052913907	0	1.256637e-06	0	0.15122029	-0.9884218	-0.00052913907	2.963051e-20	1
0	0.15122029	-0.9884218	-0.00052913907	0	2.513274e-06	0	0.15122029	-0.9884218	-0.00052913907	2.9631005e-20	1
0	0.15122029	-0.9884218	-0.00052913907	0	6.2831855e-06	0	0.15122029	-0.9884218	-0.00052913907	2.9632495e-20	1
0	0.15122029	-0.9884218	-0.00052913907	0	1.2566371e-05	0	0.15122029	-0.9884218	-0.00052913907	2.9634977e-20	1
0	0.15122029	-0.9884218	-0.00052913907	0	2.5132742e-05	0	0.15122029	-0.9884218	-0.00052913907	2.9639936e-20	1
0	0.15122029	-0.9884218	-0.00052913907	0	6.283185e-05	0	0.15122029	-0.9884218	-0.00052913907	2.9654816e-20	1
0	0.15122029	-0.9884218	-0.00052913907	0	0.0001256637	0	0.15122029	-0.9884218	-0.00052913907	2.967962e-20	1
0	0.15409654	-0.9879771	-0.00053697743	0	0.0002513274	0	0.15409654	-0.9879771	-0.00053697743	2.9729188e-20	1
0	0.15709066	-0.9875051	-0.00054511905	0	0.0006283185	0	0.15709066	-0.9875051	-0.00054511905	2.98779e-20	1
0	0.15709066	-0.9875051	-0.00054511905	0	0.0010053096	0	0.15709066	-0.9875051	-0.00054511905	3.0026572e-20	1
0	0.16231404	-0.9866593	-0.0005592783	0	0.001256637	0	0.16231404	-0.9866593	-0.0005592783	3.0125585e-20	1
0	0.1679543	-0.9857141	-0.0005744983	0	0.0018849556	0	0.1679543	-0.9857141	-0.0005744983	3.037304e-20	1
0	0.1740075	-0.9846628	-0.0005907478	0	0.002513274	0	0.1740075	-0.9846628	-0.0005907478	3.0620252e-20	1
0	0.18759274	-0.9821632	-0.0006268666	0	0.0037699111	0	0.18759274	-0.9821632	-0.0006268666	3.1113798e-20	1
0	0.22366115	-0.97457695	-0.00071990397	0	0.0062831854	0	0.22366115	-0.97457695	-0.00071990397	3.2096165e-20	1
0	0.32444865	-0.9457907	-0.0009472721	0	0.009424778	0	0.32444865	-0.9457907	-0.0009472721	3.330624e-20	1
0	0.8901013	0.45547342	0.0011568508	0	0.012566371	0	0.8901013	0.45547342	0.0011568508	2.5920344e-20	1
0	-0.077716306	0.99690545	0.00032510815	0	0.018849555	0	-0.077716306	0.99690545	0.00032510815	2.2147685e-20	1
0	-0.06657001	0.99771273	0.00029381513	0	0.025132742	0	-0.06657001	0.99771273	0.00029381513	1.9645107e-20	1
0	-0.05161091	0.99859977	0.00025165797	0	0.03769911	0	-0.05161091	0.99859977	0.00025165797	1.4635578e-20	1
0	-0.04206959	0.9990483	0.00022457361	0	0.050265484	0	-0.04206959	0.9990483	0.00022457361	9.6228554e-21	1
0	-0.035471343	0.99930525	0.00020564905	0	0.06283186	0	-0.035471343	0.99930525	0.00020564905	4.6084284e-21	1
