# t (s)	mx ()	my ()	mz ()	B_extx (T)	B_exty (T)	B_extz (T)	mx ()	my ()	mz ()	E_total (J)	branch ()
0	0.9934464	0.11369631	0.0004327575	0.06283186	0	0	0.9934464	0.11369631	0.0004327575	2.6230097e-21	-1
0	0.99143267	0.13007551	0.00044419395	0.050265484	0	0	0.99143267	0.13007551	0.00044419395	7.603902e-21	-1
0	0.98838675	0.15147385	0.0004567326	0.03769911	0	0	0.98838675	0.15147385	0.0004567326	1.2572323e-20	-1
0	0.9835223	0.18035579	0.00046992578	0.025132742	0	0	0.9835223	0.18035579	0.00046992578	1.7521346e-20	-1
0	0.97995055	0.19883603	0.00047634475	0.018849555	0	0	0.97995055	0.19883603	0.00047634475	1.9984978e-20	-1
0	0.97518265	0.22102112	0.00048214235	0.012566371	0	0	0.97518265	0.22102112	0.00048214235	2.2438245e-20	-1
0	0.9721806	0.23386344	0.00048460343	0.009424778	0	0	0.9721806	0.23386344	0.00048460343	2.3659896e-20	-1
0	0.9686376	0.24811998	0.00048660766	0.0062831854	0	0	0.9686376	0.24811998	0.00048660766	2.4877465e-20	-1
0	0.96532273	0.26070988	0.00048776108	0.0037699111	0	0	0.96532273	0.26070988	0.00048776108	2.584806e-20	-1
0	0.96347153	0.2674655	0.00048815133	0.002513274	0	0	0.96347153	0.2674655	0.00048815133	2.6332048e-20	-1
0	0.96249497	0.27095646	0.0004882928	0.0018849556	0	0	0.96249497	0.27095646	0.0004882928	2.6573683e-20	-1
0	0.9614749	0.27455163	0.00048839406	0.001256637	0	0	0.9614749	0.27455163	0.00048839406	2.681507e-20	-1
0	0.9614749	0.27455163	0.00048839406	0.0010053096	0	0	0.9614749	0.27455163	0.00048839406	2.6911573e-20	-1
0	0.9604207	0.2782145	0.0004884544	0.0006283185	0	0	0.9604207	0.2782145	0.0004884544	2.7056194e-20	-1
0	0.95976377	0.28047067	0.0004884689	0.0002513274	0	0	0.95976377	0.28047067	0.0004884689	2.7200746e-20	-1
0	0.95976377	0.28047067	0.0004884689	0.0001256637	0	0	0.95976377	0.28047067	0.0004884689	2.7248913e-20	-1
0	0.95976377	0.28047067	0.0004884689	6.283185e-05	0	0	0.95976377	0.28047067	0.0004884689	2.7272995e-20	-1
0	0.95976377	0.28047067	0.0004884689	2.5132742e-05	0	0	0.95976377	0.28047067	0.0004884689	2.7287444e-20	-1
0	0.95976377	0.28047067	0.0004884689	1.2566371e-05	0	0	0.95976377	0.28047067	0.0004884689	2.729226e-20	-1
0	0.95976377	0.28047067	0.0004884689	6.2831855e-06	0	0	0.95976377	0.28047067	0.0004884689	2.729467e-20	-1
0	0.95976377	0.28047067	0.0004884689	2.513274e-06	0	0	0.95976377	0.28047067	0.0004884689	2.7296114e-20	-1
0	0.95976377	0.28047067	0.0004884689	1.256637e-06	0	0	0.95976377	0.28047067	0.0004884689	2.7296595e-20	-1
0	0.95976377	0.28047067	0.0004884689	6.283185e-07	0	0	0.95976377	0.28047067	0.0004884689	2.7296837e-20	-1
0	0.95976377	0.28047067	0.0004884689	2.513274e-07	0	0	0.95976377	0.28047067	0.0004884689	2.729698e-20	-1
0	0.95976377	0.28047067	0.0004884689	1.256637e-07	0	0	0.95976377	0.28047067	0.0004884689	2.7297028e-20	-1
0	0.95976377	0.28047067	0.0004884689	0	0	0	0.95976377	0.28047067	0.0004884689	2.7297077e-20	-1
0	0.95976377	0.28047067	0.0004884689	-1.256637e-07	0	0	0.95976377	0.28047067	0.0004884689	2.7297125e-20	-1
0	0.95976377	0.28047067	0.0004884689	-2.513274e-07	0	0	0.95976377	0.28047067	0.0004884689	2.7297173e-20	-1
0	0.95976377	0.28047067	0.0004884689	-6.283185e-07	0	0	0.95976377	0.28047067	0.0004884689	2.729732e-20	-1
0	0.95976377	0.28047067	0.0004884689	-1.256637e-06	0	0	0.95976377	0.28047067	0.0004884689	2.7297558e-20	-1
0	0.95976377	0.28047067	0.0004884689	-2.513274e-06	0	0	0.95976377	0.28047067	0.0004884689	2.729804e-20	-1
0	0.95976377	0.28047067	0.0004884689	-6.2831855e-06	0	0	0.95976377	0.28047067	0.0004884689	2.7299484e-20	-1
0	0.95976377	0.28047067	0.0004884689	-1.2566371e-05	0	0	0.95976377	0.28047067	0.0004884689	2.7301894e-20	-1
0	0.95976377	0.28047067	0.0004884689	-2.5132742e-05	0	0	0.95976377	0.28047067	0.0004884689	2.730671e-20	-1
0	0.95920575	0.2823723	0.00048846845	-6.283185e-05	0	0	0.95920575	0.2823723	0.00048846845	2.7321123e-20	-1
0	0.95920575	0.2823723	0.00048846845	-0.0001256637	0	0	0.95920575	0.2823723	0.00048846845	2.7345192e-20	-1
0	0.95920575	0.2823723	0.00048846845	-0.0002513274	0	0	0.95920575	0.2823723	0.00048846845	2.739333e-20	-1
0	0.95817316	0.28585416	0.0004884377	-0.0006283185	0	0	0.95817316	0.28585416	0.0004884377	2.7537628e-20	-1
0	0.9574622	0.28822488	0.0004883942	-0.0010053096	0	0	0.9574622	0.28822488	0.0004883942	2.768183e-20	-1
0	0.9569775	0.2898291	0.0004883527	-0.001256637	0	0	0.9569775	0.2898291	0.0004883527	2.7777908e-20	-1
0	0.9557332	0.29390365	0.00048821873	-0.0018849556	0	0	0.9557332	0.29390365	0.00048821873	2.801788e-20	-1
0	0.9544351	0.2980892	0.0004880281	-0.002513274	0	0	0.9544351	0.2980892	0.0004880281	2.825754e-20	-1
0	0.9516602	0.30682713	0.0004874461	-0.0037699111	0	0	0.9516602	0.30682713	0.0004874461	2.873583e-20	-1
0	0.9452826	0.3259344	0.0004854034	-0.0062831854	0	0	0.9452826	0.3259344	0.0004854034	2.968791e-20	-1
0	0.93526113	0.35364893	0.00048067753	-0.009424778	0	0	0.93526113	0.35364893	0.00048067753	3.086788e-20	-1
0	0.92176807	0.38744032	0.00047242542	-0.012566371	0	0	0.92176807	0.38744032	0.00047242542	3.203327e-20	-1
0	0.8654524	0.5007101	0.0004314183	-0.018849555	0	0	0.8654524	0.5007101	0.0004314183	3.4290213e-20	-1
0	-0.9835216	-0.18036002	-0.00046992692	-0.025132742	0	0	-0.9835216	-0.18036002	-0.00046992692	1.7521346e-20	-1
0	-0.98838586	-0.15147948	-0.00045673753	-0.03769911	0	0	-0.98838586	-0.15147948	-0.00045673753	1.2572322e-20	-1
0	-0.9914321	-0.13008001	-0.0004441946	-0.050265484	0	0	-0.9914321	-0.13008001	-0.0004441946	7.603902e-21	-1
0	-0.99344623	-0.11369764	-0.00043275923	-0.06283186	0	0	-0.99344623	-0.11369764	-0.00043275923	2.6230144e-21	-1
0	-0.99344623	-0.11369764	-0.00043275923	-0.06283186	0	0	-0.99344623	-0.11369764	-0.00043275923	2.6230144e-21	1
0	-0.9914323	-0.13007842	-0.00044422978	-0.050265484	0	0	-0.9914323	-0.13007842	-0.00044422978	7.6039e-21	1
0	-0.9883863	-0.15147638	-0.00045673636	-0.03769911	0	0	-0.9883863	-0.15147638	-0.00045673636	1.2572325e-20	1
0	-0.9835217	-0.18035902	-0.0004699268	-0.025132742	0	0	-0.9835217	-0.18035902	-0.0004699268	1.7521353e-20	1
0	-0.97995186	-0.19882947	-0.0004763407	-0.018849555	0	0	-0.97995186	-0.19882947	-0.0004763407	1.9984981e-20	1
0	-0.9751817	-0.22102545	-0.00048214503	-0.012566371	0	0	-0.9751817	-0.22102545	-0.00048214503	2.2438242e-20	1
0	-0.9721829	-0.23385376	-0.0004846037	-0.009424778	0	0	-0.9721829	-0.23385376	-0.0004846037	2.3659897e-20	1
0	-0.9686376	-0.24811986	-0.0004866061	-0.0062831854	0	0	-0.9686376	-0.24811986	-0.0004866061	2.4877465e-20	1
0	-0.9653197	-0.2607214	-0.0004877613	-0.0037699111	0	0	-0.9653197	-0.2607214	-0.0004877613	2.5848061e-20	1
0	-0.9634703	-0.26747006	-0.00048815133	-0.002513274	0	0	-0.9634703	-0.26747006	-0.00048815133	2.6332043e-20	1
0	-0.96249366	-0.270961	-0.0004882924	-0.0018849556	0	0	-0.96249366	-0.270961	-0.0004882924	2.6573684e-20	1
0	-0.96147597	-0.27454817	-0.0004883941	-0.001256637	0	0	-0.96147597	-0.27454817	-0.0004883941	2.6815071e-20	1
0	-0.96147597	-0.27454817	-0.0004883941	-0.0010053096	0	0	-0.96147597	-0.27454817	-0.0004883941	2.6911575e-20	1
0	-0.9604185	-0.27822202	-0.00048845407	-0.0006283185	0	0	-0.9604185	-0.27822202	-0.00048845407	2.7056196e-20	1
0	-0.95976293	-0.2804737	-0.0004884688	-0.0002513274	0	0	-0.95976293	-0.2804737	-0.0004884688	2.7200742e-20	1
0	-0.95976293	-0.2804737	-0.0004884688	-0.0001256637	0	0	-0.95976293	-0.2804737	-0.0004884688	2.724891e-20	1
0	-0.9594302	-0.28160888	-0.0004884695	-6.283185e-05	0	0	-0.9594302	-0.28160888	-0.0004884695	2.727298e-20	1
0	-0.95936286	-0.28183815	-0.0004884697	-2.5132742e-05	0	0	-0.95936286	-0.28183815	-0.0004884697	2.7287428e-20	1
0	-0.95934254	-0.28190744	-0.0004884699	-1.2566371e-05	0	0	-0.95934254	-0.28190744	-0.0004884699	2.729224e-20	1
0	-0.95934254	-0.28190744	-0.0004884699	-6.2831855e-06	0	0	-0.95934254	-0.28190744	-0.0004884699	2.7294647e-20	1
0	-0.95934254	-0.28190744	-0.0004884699	-2.513274e-06	0	0	-0.95934254	-0.28190744	-0.0004884699	2.729609e-20	1
0	-0.95934254	-0.28190744	-0.0004884699	-1.256637e-06	0	0	-0.95934254	-0.28190744	-0.0004884699	2.7296572e-20	1
0	-0.95934254	-0.28190744	-0.0004884699	-6.283185e-07	0	0	-0.95934254	-0.28190744	-0.0004884699	2.7296815e-20	1
0	-0.95934254	-0.28190744	-0.0004884699	-2.513274e-07	0	0	-0.95934254	-0.28190744	-0.0004884699	2.729696e-20	1
0	-0.95934254	-0.28190744	-0.0004884699	-1.256637e-07	0	0	-0.95934254	-0.28190744	-0.0004884699	2.729701e-20	1
0	-0.95934254	-0.28190744	-0.0004884699	0	0	0	-0.95934254	-0.28190744	-0.0004884699	2.7297054e-20	1
0	-0.95934254	-0.28190744	-0.0004884699	1.256637e-07	0	0	-0.95934254	-0.28190744	-0.0004884699	2.7297102e-20	1
0	-0.95934254	-0.28190744	-0.0004884699	2.513274e-07	0	0	-0.95934254	-0.28190744	-0.0004884699	2.729715e-20	1
0	-0.95934254	-0.28190744	-0.0004884699	6.283185e-07	0	0	-0.95934254	-0.28190744	-0.0004884699	2.7297296e-20	1
0	-0.95934254	-0.28190744	-0.0004884699	1.256637e-06	0	0	-0.95934254	-0.28190744	-0.0004884699	2.7297535e-20	1
0	-0.95934254	-0.28190744	-0.0004884699	2.513274e-06	0	0	-0.95934254	-0.28190744	-0.0004884699	2.7298017e-20	1
0	-0.95934254	-0.28190744	-0.0004884699	6.2831855e-06	0	0	-0.95934254	-0.28190744	-0.0004884699	2.729946e-20	1
0	-0.95934254	-0.28190744	-0.0004884699	1.2566371e-05	0	0	-0.95934254	-0.28190744	-0.0004884699	2.7301868e-20	1
0	-0.95934254	-0.28190744	-0.0004884699	2.5132742e-05	0	0	-0.95934254	-0.28190744	-0.0004884699	2.7306686e-20	1
0	-0.95934254	-0.28190744	-0.0004884699	6.283185e-05	0	0	-0.95934254	-0.28190744	-0.0004884699	2.732113e-20	1
0	-0.95934254	-0.28190744	-0.0004884699	0.0001256637	0	0	-0.95934254	-0.28190744	-0.0004884699	2.7345202e-20	1
0	-0.9588647	-0.28352737	-0.00048846245	0.0002513274	0	0	-0.9588647	-0.28352737	-0.00048846245	2.7393317e-20	1
0	-0.9581739	-0.28585166	-0.00048843736	0.0006283185	0	0	-0.9581739	-0.28585166	-0.00048843736	2.7537628e-20	1
0	-0.95746267	-0.2882233	-0.0004883943	0.0010053096	0	0	-0.95746267	-0.2882233	-0.0004883943	2.7681832e-20	1
0	-0.95746267	-0.2882233	-0.0004883943	0.001256637	0	0	-0.95746267	-0.2882233	-0.0004883943	2.777793e-20	1
0	-0.95572925	-0.29391634	-0.00048821673	0.0018849556	0	0	-0.95572925	-0.29391634	-0.00048821673	2.801788e-20	1
0	-0.954435	-0.2980895	-0.0004880238	0.002513274	0	0	-0.954435	-0.2980895	-0.0004880238	2.825754e-20	1
0	-0.9516604	-0.30682677	-0.0004874461	0.0037699111	0	0	-0.9516604	-0.30682677	-0.0004874461	2.873583e-20	1
0	-0.94528	-0.32594183	-0.00048540204	0.0062831854	0	0	-0.94528	-0.32594183	-0.00048540204	2.9687913e-20	1
0	-0.9352565	-0.35366094	-0.00048067467	0.009424778	0	0	-0.9352565	-0.35366094	-0.00048067467	3.086788e-20	1
0	-0.9217715	-0.38743228	-0.00047242752	0.012566371	0	0	-0.9217715	-0.38743228	-0.00047242752	3.203327e-20	1
0	-0.865399	-0.5008023	-0.00043137942	0.018849555	0	0	-0.865399	-0.5008023	-0.00043137942	3.4290213e-20	1
0	0.98352253	0.18035457	0.00046992546	0.025132742	0	0	0.98352253	0.18035457	0.00046992546	1.7521346e-20	1
0	0.9883863	0.1514765	0.00045673404	0.03769911	0	0	0.9883863	0.1514765	0.00045673404	1.2572322e-20	1
0	0.99143213	0.13007972	0.00044419462	0.050265484	0	0	0.99143213	0.13007972	0.00044419462	7.603905e-21	1
0	0.9934462	0.11369826	0.00043275795	0.06283186	0	0	0.9934462	0.11369826	0.00043275795	2.6230168e-21	1
