# t (s)	mx ()	my ()	mz ()	B_extx (T)	B_exty (T)	B_extz (T)	mx ()	my ()	mz ()	E_total (J)	branch ()
0	0.018426854	0.9997648	0.00088048057	0	0.06283186	0	0.018426854	0.9997648	0.00088048057	4.554373e-21	-1
0	0.021857563	0.9996948	0.0009134784	0	0.050265484	0	0.021857563	0.9996948	0.0009134784	9.571536e-21	-1
0	0.026852638	0.99957216	0.00095887267	0	0.03769911	0	0.026852638	0.99957216	0.00095887267	1.4588233e-20	-1
0	0.034774262	0.99932694	0.001027344	0	0.025132742	0	0.034774262	0.99932694	0.001027344	1.9604056e-20	-1
0	0.040784094	0.99909914	0.001077652	0	0.018849555	0	0.040784094	0.99909914	0.001077652	2.2111355e-20	-1
0	0.04926894	0.9987159	0.00114728	0	0.012566371	0	0.04926894	0.9987159	0.00114728	2.4617913e-20	-1
0	0.05497698	0.9984175	0.0011934538	0	0.009424778	0	0.05497698	0.9984175	0.0011934538	2.5870755e-20	-1
0	0.06215979	0.9979954	0.0012510133	0	0.0062831854	0	0.06215979	0.9979954	0.0012510133	2.7123146e-20	-1
0	0.06940654	0.997517	0.0013085187	0	0.0037699111	0	0.06940654	0.997517	0.0013085187	2.8124606e-20	-1
0	0.07368332	0.9972099	0.0013422391	0	0.002513274	0	0.07368332	0.9972099	0.0013422391	2.8625134e-20	-1
0	0.07603736	0.99703294	0.0013607282	0	0.0018849556	0	0.07603736	0.99703294	0.0013607282	2.887534e-20	-1
0	0.07856263	0.9968369	0.0013805074	0	0.001256637	0	0.07856263	0.9968369	0.0013805074	2.912549e-20	-1
0	0.07856263	0.9968369	0.0013805074	0	0.0010053096	0	0.07856263	0.9968369	0.0013805074	2.9225545e-20	-1
0	0.08122497	0.9966233	0.0014013066	0	0.0006283185	0	0.08122497	0.9966233	0.0014013066	2.93756e-20	-1
0	0.08291873	0.9964837	0.0014145046	0	0.0002513274	0	0.08291873	0.9964837	0.0014145046	2.9525637e-20	-1
0	0.08291873	0.9964837	0.0014145046	0	0.0001256637	0	0.08291873	0.9964837	0.0014145046	2.9575646e-20	-1
0	0.08291873	0.9964837	0.0014145046	0	6.283185e-05	0	0.08291873	0.9964837	0.0014145046	2.960065e-20	-1
0	0.08291873	0.9964837	0.0014145046	0	2.5132742e-05	0	0.08291873	0.9964837	0.0014145046	2.961565e-20	-1
0	0.08291873	0.9964837	0.0014145046	0	1.2566371e-05	0	0.08291873	0.9964837	0.0014145046	2.9620653e-20	-1
0	0.08291873	0.9964837	0.0014145046	0	6.2831855e-06	0	0.08291873	0.9964837	0.0014145046	2.9623154e-20	-1
0	0.08291873	0.9964837	0.0014145046	0	2.513274e-06	0	0.08291873	0.9964837	0.0014145046	2.9624653e-20	-1
0	0.08291873	0.9964837	0.0014145046	0	1.256637e-06	0	0.08291873	0.9964837	0.0014145046	2.9625154e-20	-1
0	0.08291873	0.9964837	0.0014145046	0	6.283185e-07	0	0.08291873	0.9964837	0.0014145046	2.9625403e-20	-1
0	0.08291873	0.9964837	0.0014145046	0	2.513274e-07	0	0.08291873	0.9964837	0.0014145046	2.9625554e-20	-1
0	0.08291873	0.9964837	0.0014145046	0	1.256637e-07	0	0.08291873	0.9964837	0.0014145046	2.9625603e-20	-1
0	0.08291873	0.9964837	0.0014145046	0	0	0	0.08291873	0.9964837	0.0014145046	2.9625655e-20	-1
0	0.08291873	0.9964837	0.0014145046	0	-1.256637e-07	0	0.08291873	0.9964837	0.0014145046	2.9625703e-20	-1
0	0.08291873	0.9964837	0.0014145046	0	-2.513274e-07	0	0.08291873	0.9964837	0.0014145046	2.9625755e-20	-1
0	0.08291873	0.9964837	0.0014145046	0	-6.283185e-07	0	0.08291873	0.9964837	0.0014145046	2.9625903e-20	-1
0	0.08291873	0.9964837	0.0014145046	0	-1.256637e-06	0	0.08291873	0.9964837	0.0014145046	2.9626155e-20	-1
0	0.08291873	0.9964837	0.0014145046	0	-2.513274e-06	0	0.08291873	0.9964837	0.0014145046	2.9626653e-20	-1
0	0.08291873	0.9964837	0.0014145046	0	-6.2831855e-06	0	0.08291873	0.9964837	0.0014145046	2.9628156e-20	-1
0	0.084148705	0.99638045	0.0014240746	0	-1.2566371e-05	0	0.084148705	0.99638045	0.0014240746	2.9630647e-20	-1
0	0.084148705	0.99638045	0.0014240746	0	-2.5132742e-05	0	0.084148705	0.99638045	0.0014240746	2.963565e-20	-1
0	0.084148705	0.99638045	0.0014240746	0	-6.283185e-05	0	0.084148705	0.99638045	0.0014240746	2.965065e-20	-1
0	0.084148705	0.99638045	0.0014240746	0	-0.0001256637	0	0.084148705	0.99638045	0.0014240746	2.967565e-20	-1
0	0.084148705	0.99638045	0.0014240746	0	-0.0002513274	0	0.084148705	0.99638045	0.0014240746	2.9725653e-20	-1
0	0.08714442	0.9961226	0.0014473333	0	-0.0006283185	0	0.08714442	0.9961226	0.0014473333	2.987563e-20	-1
0	0.08914069	0.9959458	0.0014627828	0	-0.0010053096	0	0.08914069	0.9959458	0.0014627828	3.002559e-20	-1
0	0.08914069	0.9959458	0.0014627828	0	-0.001256637	0	0.08914069	0.9959458	0.0014627828	3.0125553e-20	-1
0	0.09404792	0.9954939	0.0015006351	0	-0.0018849556	0	0.09404792	0.9954939	0.0015006351	3.037538e-20	-1
0	0.09796545	0.99511564	0.001530699	0	-0.002513274	0	0.09796545	0.99511564	0.001530699	3.0625134e-20	-1
0	0.106839575	0.9942011	0.0015983167	0	-0.0037699111	0	0.106839575	0.9942011	0.0015983167	3.112431e-20	-1
0	0.13096197	0.9913094	0.0017784269	0	-0.0062831854	0	0.13096197	0.9913094	0.0017784269	3.2120893e-20	-1
0	0.19088084	0.981526	0.0021974316	0	-0.009424778	0	0.19088084	0.981526	0.0021974316	3.3359868e-20	-1
0	0.8741857	-0.48530158	-0.002247979	0	-0.012566371	0	0.8741857	-0.48530158	-0.002247979	2.6400476e-20	-1
0	-0.040786855	-0.999099	-0.0010776746	0	-0.018849555	0	-0.040786855	-0.999099	-0.0010776746	2.2111358e-20	-1
0	-0.034795724	-0.9993262	-0.001027513	0	-0.025132742	0	-0.034795724	-0.9993262	-0.001027513	1.9604055e-20	-1
0	-0.026855264	-0.99957216	-0.00095889636	0	-0.03769911	0	-0.026855264	-0.99957216	-0.00095889636	1.4588233e-20	-1
0	-0.021861877	-0.99969476	-0.00091351266	0	-0.050265484	0	-0.021861877	-0.99969476	-0.00091351266	9.571535e-21	-1
0	-0.018429186	-0.9997648	-0.00088050007	0	-0.06283186	0	-0.018429186	-0.9997648	-0.00088050007	4.5543732e-21	-1
0	-0.018429186	-0.9997648	-0.00088050007	0	-0.06283186	0	-0.018429186	-0.9997648	-0.00088050007	4.5543732e-21	1
0	-0.021858172	-0.9996948	-0.00091348635	0	-0.050265484	0	-0.021858172	-0.9996948	-0.00091348635	9.5715355e-21	1
0	-0.02684982	-0.9995723	-0.0009588516	0	-0.03769911	0	-0.02684982	-0.9995723	-0.0009588516	1.4588233e-20	1
0	-0.03477309	-0.999327	-0.0010273347	0	-0.025132742	0	-0.03477309	-0.999327	-0.0010273347	1.9604058e-20	1
0	-0.040773638	-0.9990995	-0.0010775714	0	-0.018849555	0	-0.040773638	-0.9990995	-0.0010775714	2.2111355e-20	1
0	-0.049272366	-0.99871576	-0.0011472993	0	-0.012566371	0	-0.049272366	-0.99871576	-0.0011472993	2.4617914e-20	1
0	-0.054969713	-0.99841785	-0.0011933979	0	-0.009424778	0	-0.054969713	-0.99841785	-0.0011933979	2.5870752e-20	1
0	-0.06215507	-0.99799573	-0.0012509497	0	-0.0062831854	0	-0.06215507	-0.99799573	-0.0012509497	2.7123146e-20	1
0	-0.069414824	-0.9975165	-0.0013085837	0	-0.0037699111	0	-0.069414824	-0.9975165	-0.0013085837	2.8124606e-20	1
0	-0.07369758	-0.99720883	-0.0013423492	0	-0.002513274	0	-0.07369758	-0.99720883	-0.0013423492	2.862513e-20	1
0	-0.07605207	-0.9970318	-0.0013608428	0	-0.0018849556	0	-0.07605207	-0.9970318	-0.0013608428	2.8875337e-20	1
0	-0.07855813	-0.99683726	-0.0013804659	0	-0.001256637	0	-0.07855813	-0.99683726	-0.0013804659	2.9125495e-20	1
0	-0.07855813	-0.99683726	-0.0013804659	0	-0.0010053096	0	-0.07855813	-0.99683726	-0.0013804659	2.9225545e-20	1
0	-0.081232935	-0.9966227	-0.0014013685	0	-0.0006283185	0	-0.081232935	-0.9966227	-0.0014013685	2.93756e-20	1
0	-0.08295758	-0.9964804	-0.0014148038	0	-0.0002513274	0	-0.08295758	-0.9964804	-0.0014148038	2.952564e-20	1
0	-0.083504915	-0.9964346	-0.001419063	0	-0.0001256637	0	-0.083504915	-0.9964346	-0.001419063	2.9575646e-20	1
0	-0.083504915	-0.9964346	-0.001419063	0	-6.283185e-05	0	-0.083504915	-0.9964346	-0.001419063	2.960065e-20	1
0	-0.083504915	-0.9964346	-0.001419063	0	-2.5132742e-05	0	-0.083504915	-0.9964346	-0.001419063	2.9615648e-20	1
0	-0.083504915	-0.9964346	-0.001419063	0	-1.2566371e-05	0	-0.083504915	-0.9964346	-0.001419063	2.962065e-20	1
0	-0.083504915	-0.9964346	-0.001419063	0	-6.2831855e-06	0	-0.083504915	-0.9964346	-0.001419063	2.962315e-20	1
0	-0.083504915	-0.9964346	-0.001419063	0	-2.513274e-06	0	-0.083504915	-0.9964346	-0.001419063	2.962465e-20	1
0	-0.083504915	-0.9964346	-0.001419063	0	-1.256637e-06	0	-0.083504915	-0.9964346	-0.001419063	2.962515e-20	1
0	-0.083504915	-0.9964346	-0.001419063	0	-6.283185e-07	0	-0.083504915	-0.9964346	-0.001419063	2.96254e-20	1
0	-0.083504915	-0.9964346	-0.001419063	0	-2.513274e-07	0	-0.083504915	-0.9964346	-0.001419063	2.962555e-20	1
0	-0.083504915	-0.9964346	-0.001419063	0	-1.256637e-07	0	-0.083504915	-0.9964346	-0.001419063	2.96256e-20	1
0	-0.083504915	-0.9964346	-0.001419063	0	0	0	-0.083504915	-0.9964346	-0.001419063	2.962565e-20	1
0	-0.083504915	-0.9964346	-0.001419063	0	1.256637e-07	0	-0.083504915	-0.9964346	-0.001419063	2.96257e-20	1
0	-0.083504915	-0.9964346	-0.001419063	0	2.513274e-07	0	-0.083504915	-0.9964346	-0.001419063	2.962575e-20	1
0	-0.083504915	-0.9964346	-0.001419063	0	6.283185e-07	0	-0.083504915	-0.9964346	-0.001419063	2.96259e-20	1
0	-0.083504915	-0.9964346	-0.001419063	0	1.256637e-06	0	-0.083504915	-0.9964346	-0.001419063	2.962615e-20	1
0	-0.083504915	-0.9964346	-0.001419063	0	2.513274e-06	0	-0.083504915	-0.9964346	-0.001419063	2.962665e-20	1
0	-0.083504915	-0.9964346	-0.001419063	0	6.2831855e-06	0	-0.083504915	-0.9964346	-0.001419063	2.9628152e-20	1
0	-0.083504915	-0.9964346	-0.001419063	0	1.2566371e-05	0	-0.083504915	-0.9964346	-0.001419063	2.963065e-20	1
0	-0.083504915	-0.9964346	-0.001419063	0	2.5132742e-05	0	-0.083504915	-0.9964346	-0.001419063	2.9635652e-20	1
0	-0.083504915	-0.9964346	-0.001419063	0	6.283185e-05	0	-0.083504915	-0.9964346	-0.001419063	2.9650654e-20	1
0	-0.083504915	-0.9964346	-0.001419063	0	0.0001256637	0	-0.083504915	-0.9964346	-0.001419063	2.9675657e-20	1
0	-0.085302055	-0.9962822	-0.0014330372	0	0.0002513274	0	-0.085302055	-0.9962822	-0.0014330372	2.972565e-20	1
0	-0.08718459	-0.99611914	-0.0014476273	0	0.0006283185	0	-0.08718459	-0.99611914	-0.0014476273	2.987563e-20	1
0	-0.08912529	-0.9959471	-0.0014626659	0	0.0010053096	0	-0.08912529	-0.9959471	-0.0014626659	3.002559e-20	1
0	-0.08912529	-0.9959471	-0.0014626659	0	0.001256637	0	-0.08912529	-0.9959471	-0.0014626659	3.0125553e-20	1
0	-0.09408575	-0.9954903	-0.0015009225	0	0.0018849556	0	-0.09408575	-0.9954903	-0.0015009225	3.0375387e-20	1
0	-0.09797489	-0.9951147	-0.0015307702	0	0.002513274	0	-0.09797489	-0.9951147	-0.0015307702	3.0625128e-20	1
0	-0.10685964	-0.994199	-0.0015984658	0	0.0037699111	0	-0.10685964	-0.994199	-0.0015984658	3.1124312e-20	1
0	-0.13095117	-0.99131083	-0.001778346	0	0.0062831854	0	-0.13095117	-0.99131083	-0.001778346	3.2120893e-20	1
0	-0.19093603	-0.9815153	-0.002197794	0	0.009424778	0	-0.19093603	-0.9815153	-0.002197794	3.3359868e-20	1
0	-0.8742727	0.4851449	0.0022495908	0	0.012566371	0	-0.8742727	0.4851449	0.0022495908	2.6400477e-20	1
0	0.040777374	0.9990994	0.0010776012	0	0.018849555	0	0.040777374	0.9990994	0.0010776012	2.2111355e-20	1
0	0.03478479	0.99932665	0.0010274271	0	0.025132742	0	0.03478479	0.99932665	0.0010274271	1.9604061e-20	1
0	0.026856482	0.99957216	0.00095890614	0	0.03769911	0	0.026856482	0.99957216	0.00095890614	1.4588235e-20	1
0	0.02186234	0.99969476	0.0009135181	0	0.050265484	0	0.02186234	0.99969476	0.0009135181	9.571539e-21	1
0	0.018431785	0.9997647	0.0008805209	0	0.06283186	0	0.018431785	0.9997647	0.0008805209	4.5543724e-21	1
