# t (s)	mx ()	my ()	mz ()	B_extx (T)	B_exty (T)	B_extz (T)	mx ()	my ()	mz ()	E_total (J)	branch ()
0	-0.02460254	0.99963224	0.00019635499	0	0.06283186	0	-0.02460254	0.99963224	0.00019635499	4.5805038e-21	-1
0	-0.029093046	0.99951077	0.0001996735	0	0.050265484	0	-0.029093046	0.99951077	0.0001996735	9.596884e-21	-1
0	-0.035566464	0.9993005	0.00020379745	0	0.03769911	0	-0.035566464	0.9993005	0.00020379745	1.461246e-20	-1
0	-0.045685016	0.9988879	0.00020935941	0	0.025132742	0	-0.045685016	0.9988879	0.00020935941	1.9626548e-20	-1
0	-0.053217266	0.9985143	0.00021297854	0	0.018849555	0	-0.053217266	0.9985143	0.00021297854	2.2132578e-20	-1
0	-0.06366725	0.99790156	0.00021792587	0	0.012566371	0	-0.06366725	0.99790156	0.00021792587	2.4637398e-20	-1
0	-0.070558965	0.9974375	0.00022094978	0	0.009424778	0	-0.070558965	0.9974375	0.00022094978	2.5889117e-20	-1
0	-0.07908481	0.99679697	0.00022455797	0	0.0062831854	0	-0.07908481	0.99679697	0.00022455797	2.7140148e-20	-1
0	-0.08753071	0.9960902	0.00022801032	0	0.0037699111	0	-0.08753071	0.9960902	0.00022801032	2.81403e-20	-1
0	-0.09243013	0.9956471	0.0002299667	0	0.002513274	0	-0.09243013	0.9956471	0.0002299667	2.8640082e-20	-1
0	-0.09509668	0.99539566	0.00023101685	0	0.0018849556	0	-0.09509668	0.99539566	0.00023101685	2.888988e-20	-1
0	-0.0979297	0.99512076	0.00023212063	0	0.001256637	0	-0.0979297	0.99512076	0.00023212063	2.9139618e-20	-1
0	-0.09911688	0.9950031	0.0002325831	0	0.0010053096	0	-0.09911688	0.9950031	0.0002325831	2.923949e-20	-1
0	-0.10091166	0.9948225	0.00023327509	0	0.0006283185	0	-0.10091166	0.9948225	0.00023327509	2.9389278e-20	-1
0	-0.10283215	0.9946257	0.00023401054	0	0.0002513274	0	-0.10283215	0.9946257	0.00023401054	2.953904e-20	-1
0	-0.1034615	0.99456036	0.00023425173	0	0.0001256637	0	-0.1034615	0.99456036	0.00023425173	2.9588955e-20	-1
0	-0.1034615	0.99456036	0.00023425173	0	6.283185e-05	0	-0.1034615	0.99456036	0.00023425173	2.961391e-20	-1
0	-0.1034615	0.99456036	0.00023425173	0	2.5132742e-05	0	-0.1034615	0.99456036	0.00023425173	2.9628886e-20	-1
0	-0.1034615	0.99456036	0.00023425173	0	1.2566371e-05	0	-0.1034615	0.99456036	0.00023425173	2.9633875e-20	-1
0	-0.1034615	0.99456036	0.00023425173	0	6.2831855e-06	0	-0.1034615	0.99456036	0.00023425173	2.9636372e-20	-1
0	-0.1034615	0.99456036	0.00023425173	0	2.513274e-06	0	-0.1034615	0.99456036	0.00023425173	2.963787e-20	-1
0	-0.1034615	0.99456036	0.00023425173	0	1.256637e-06	0	-0.1034615	0.99456036	0.00023425173	2.963837e-20	-1
0	-0.1034615	0.99456036	0.00023425173	0	6.283185e-07	0	-0.1034615	0.99456036	0.00023425173	2.9638618e-20	-1
0	-0.1034615	0.99456036	0.00023425173	0	2.513274e-07	0	-0.1034615	0.99456036	0.00023425173	2.9638767e-20	-1
0	-0.1034615	0.99456036	0.00023425173	0	1.256637e-07	0	-0.1034615	0.99456036	0.00023425173	2.963882e-20	-1
0	-0.1034615	0.99456036	0.00023425173	0	0	0	-0.1034615	0.99456036	0.00023425173	2.9638867e-20	-1
0	-0.1034615	0.99456036	0.00023425173	0	-1.256637e-07	0	-0.1034615	0.99456036	0.00023425173	2.9638915e-20	-1
0	-0.1034615	0.99456036	0.00023425173	0	-2.513274e-07	0	-0.1034615	0.99456036	0.00023425173	2.9638967e-20	-1
0	-0.1034615	0.99456036	0.00023425173	0	-6.283185e-07	0	-0.1034615	0.99456036	0.00023425173	2.9639116e-20	-1
0	-0.1034615	0.99456036	0.00023425173	0	-1.256637e-06	0	-0.1034615	0.99456036	0.00023425173	2.9639364e-20	-1
0	-0.1034615	0.99456036	0.00023425173	0	-2.513274e-06	0	-0.1034615	0.99456036	0.00023425173	2.9639865e-20	-1
0	-0.1034615	0.99456036	0.00023425173	0	-6.2831855e-06	0	-0.1034615	0.99456036	0.00023425173	2.964136e-20	-1
0	-0.1034615	0.99456036	0.00023425173	0	-1.2566371e-05	0	-0.1034615	0.99456036	0.00023425173	2.964386e-20	-1
0	-0.1034615	0.99456036	0.00023425173	0	-2.5132742e-05	0	-0.1034615	0.99456036	0.00023425173	2.9648848e-20	-1
0	-0.1034615	0.99456036	0.00023425173	0	-6.283185e-05	0	-0.1034615	0.99456036	0.00023425173	2.9663824e-20	-1
0	-0.1034615	0.99456036	0.00023425173	0	-0.0001256637	0	-0.1034615	0.99456036	0.00023425173	2.968878e-20	-1
0	-0.10544938	0.99435127	0.00023500745	0	-0.0002513274	0	-0.10544938	0.99435127	0.00023500745	2.973867e-20	-1
0	-0.107502215	0.9941313	0.00023578265	0	-0.0006283185	0	-0.107502215	0.9941313	0.00023578265	2.9888362e-20	-1
0	-0.10965387	0.993896	0.00023659106	0	-0.0010053096	0	-0.10965387	0.993896	0.00023659106	3.0038017e-20	-1
0	-0.111133486	0.9937315	0.00023714254	0	-0.001256637	0	-0.111133486	0.9937315	0.00023714254	3.0137763e-20	-1
0	-0.115009606	0.99329007	0.00023857766	0	-0.0018849556	0	-0.115009606	0.99329007	0.00023857766	3.0387065e-20	-1
0	-0.11917369	0.9927986	0.00024010027	0	-0.002513274	0	-0.11917369	0.9927986	0.00024010027	3.063624e-20	-1
0	-0.12853464	0.9916291	0.0002434497	0	-0.0037699111	0	-0.12853464	0.9916291	0.0002434497	3.1134196e-20	-1
0	-0.15283778	0.9881724	0.00025169997	0	-0.0062831854	0	-0.15283778	0.9881724	0.00025169997	3.212792e-20	-1
0	-0.20527157	0.97861814	0.00026723166	0	-0.009424778	0	-0.20527157	0.97861814	0.00026723166	3.336277e-20	-1
0	-0.90513265	-0.42483497	-0.00015999557	0	-0.012566371	0	-0.90513265	-0.42483497	-0.00015999557	2.609506e-20	-1
0	0.053227853	-0.9985137	-0.00021309775	0	-0.018849555	0	0.053227853	-0.9985137	-0.00021309775	2.2132576e-20	-1
0	0.045690846	-0.99888766	-0.00020935174	0	-0.025132742	0	0.045690846	-0.99888766	-0.00020935174	1.9626547e-20	-1
0	0.035566762	-0.9993005	-0.00020379698	0	-0.03769911	0	0.035566762	-0.9993005	-0.00020379698	1.4612459e-20	-1
0	0.029094249	-0.99951077	-0.00019968349	0	-0.050265484	0	0.029094249	-0.99951077	-0.00019968349	9.596882e-21	-1
0	0.02460955	-0.999632	-0.00019635804	0	-0.06283186	0	0.02460955	-0.999632	-0.00019635804	4.580502e-21	-1
0	0.024604402	-0.9996322	-0.00019635604	0	-0.06283186	0	0.024604402	-0.9996322	-0.00019635604	4.580503e-21	1
0	0.029093137	-0.99951077	-0.00019966978	0	-0.050265484	0	0.029093137	-0.99951077	-0.00019966978	9.596884e-21	1
0	0.035565984	-0.9993005	-0.00020379448	0	-0.03769911	0	0.035565984	-0.9993005	-0.00020379448	1.4612462e-20	1
0	0.045685034	-0.9988879	-0.00020935957	0	-0.025132742	0	0.045685034	-0.9988879	-0.00020935957	1.9626543e-20	1
0	0.053218976	-0.9985142	-0.00021309423	0	-0.018849555	0	0.053218976	-0.9985142	-0.00021309423	2.2132578e-20	1
0	0.06365529	-0.9979024	-0.00021791841	0	-0.012566371	0	0.06365529	-0.9979024	-0.00021791841	2.4637403e-20	1
0	0.070547655	-0.9974383	-0.00022094388	0	-0.009424778	0	0.070547655	-0.9974383	-0.00022094388	2.5889118e-20	1
0	0.07909065	-0.99679655	-0.00022456166	0	-0.0062831854	0	0.07909065	-0.99679655	-0.00022456166	2.7140148e-20	1
0	0.08751376	-0.99609166	-0.00022800479	0	-0.0037699111	0	0.08751376	-0.99609166	-0.00022800479	2.8140297e-20	1
0	0.09243406	-0.9956467	-0.00022997634	0	-0.002513274	0	0.09243406	-0.9956467	-0.00022997634	2.8640075e-20	1
0	0.095101066	-0.9953953	-0.00023102033	0	-0.0018849556	0	0.095101066	-0.9953953	-0.00023102033	2.8889884e-20	1
0	0.09796909	-0.99511683	-0.00023213655	0	-0.001256637	0	0.09796909	-0.99511683	-0.00023213655	2.9139615e-20	1
0	0.09909364	-0.99500537	-0.00023257408	0	-0.0010053096	0	0.09909364	-0.99500537	-0.00023257408	2.923949e-20	1
0	0.100922704	-0.99482137	-0.00023328008	0	-0.0006283185	0	0.100922704	-0.99482137	-0.00023328008	2.9389278e-20	1
0	0.102816075	-0.9946273	-0.00023400558	0	-0.0002513274	0	0.102816075	-0.9946273	-0.00023400558	2.9539043e-20	1
0	0.10345924	-0.99456054	-0.00023425158	0	-0.0001256637	0	0.10345924	-0.99456054	-0.00023425158	2.9588955e-20	1
0	0.10345924	-0.99456054	-0.00023425158	0	-6.283185e-05	0	0.10345924	-0.99456054	-0.00023425158	2.961391e-20	1
0	0.10345924	-0.99456054	-0.00023425158	0	-2.5132742e-05	0	0.10345924	-0.99456054	-0.00023425158	2.9628883e-20	1
0	0.10345924	-0.99456054	-0.00023425158	0	-1.2566371e-05	0	0.10345924	-0.99456054	-0.00023425158	2.9633875e-20	1
0	0.10345924	-0.99456054	-0.00023425158	0	-6.2831855e-06	0	0.10345924	-0.99456054	-0.00023425158	2.963637e-20	1
0	0.10345924	-0.99456054	-0.00023425158	0	-2.513274e-06	0	0.10345924	-0.99456054	-0.00023425158	2.963787e-20	1
0	0.10345924	-0.99456054	-0.00023425158	0	-1.256637e-06	0	0.10345924	-0.99456054	-0.00023425158	2.9638366e-20	1
0	0.10345924	-0.99456054	-0.00023425158	0	-6.283185e-07	0	0.10345924	-0.99456054	-0.00023425158	2.9638615e-20	1
0	0.10345924	-0.99456054	-0.00023425158	0	-2.513274e-07	0	0.10345924	-0.99456054	-0.00023425158	2.9638767e-20	1
0	0.10345924	-0.99456054	-0.00023425158	0	-1.256637e-07	0	0.10345924	-0.99456054	-0.00023425158	2.9638815e-20	1
0	0.10345924	-0.99456054	-0.00023425158	0	0	0	0.10345924	-0.99456054	-0.00023425158	2.9638867e-20	1
0	0.10345924	-0.99456054	-0.00023425158	0	1.256637e-07	0	0.10345924	-0.99456054	-0.00023425158	2.9638915e-20	1
0	0.10345924	-0.99456054	-0.00023425158	0	2.513274e-07	0	0.10345924	-0.99456054	-0.00023425158	2.9638967e-20	1
0	0.10345924	-0.99456054	-0.00023425158	0	6.283185e-07	0	0.10345924	-0.99456054	-0.00023425158	2.9639116e-20	1
0	0.10345924	-0.99456054	-0.00023425158	0	1.256637e-06	0	0.10345924	-0.99456054	-0.00023425158	2.9639364e-20	1
0	0.10345924	-0.99456054	-0.00023425158	0	2.513274e-06	0	0.10345924	-0.99456054	-0.00023425158	2.9639865e-20	1
0	0.10345924	-0.99456054	-0.00023425158	0	6.2831855e-06	0	0.10345924	-0.99456054	-0.00023425158	2.964136e-20	1
0	0.10345924	-0.99456054	-0.00023425158	0	1.2566371e-05	0	0.10345924	-0.99456054	-0.00023425158	2.9643856e-20	1
0	0.10345924	-0.99456054	-0.00023425158	0	2.5132742e-05	0	0.10345924	-0.99456054	-0.00023425158	2.9648848e-20	1
0	0.10345924	-0.99456054	-0.00023425158	0	6.283185e-05	0	0.10345924	-0.99456054	-0.00023425158	2.966382e-20	1
0	0.10478447	-0.9944217	-0.00023475467	0	0.0001256637	0	0.10478447	-0.9944217	-0.00023475467	2.968877e-20	1
0	0.10478447	-0.9944217	-0.00023475467	0	0.0002513274	0	0.10478447	-0.9944217	-0.00023475467	2.9738675e-20	1
0	0.10751496	-0.9941299	-0.00023578585	0	0.0006283185	0	0.10751496	-0.9941299	-0.00023578585	2.9888362e-20	1
0	0.10964067	-0.99389756	-0.00023658678	0	0.0010053096	0	0.10964067	-0.99389756	-0.00023658678	3.0038014e-20	1
0	0.11112659	-0.99373233	-0.0002371408	0	0.001256637	0	0.11112659	-0.99373233	-0.0002371408	3.0137763e-20	1
0	0.1150098	-0.99329007	-0.00023857868	0	0.0018849556	0	0.1150098	-0.99329007	-0.00023857868	3.038706e-20	1
0	0.11917421	-0.99279857	-0.00024010052	0	0.002513274	0	0.11917421	-0.99279857	-0.00024010052	3.0636243e-20	1
0	0.12850517	-0.991633	-0.00024344027	0	0.0037699111	0	0.12850517	-0.991633	-0.00024344027	3.1134196e-20	1
0	0.15279287	-0.9881793	-0.00025168466	0	0.0062831854	0	0.15279287	-0.9881793	-0.00025168466	3.212792e-20	1
0	0.2051717	-0.97863907	-0.0002672057	0	0.009424778	0	0.2051717	-0.97863907	-0.0002672057	3.3362773e-20	1
0	-0.063675195	0.9979011	0.00021792977	0	0.012566371	0	-0.063675195	0.9979011	0.00021792977	2.4637397e-20	1
0	-0.05322682	0.9985138	0.0002130976	0	0.018849555	0	-0.05322682	0.9985138	0.0002130976	2.2132574e-20	1
0	-0.045690134	0.99888766	0.00020936248	0	0.025132742	0	-0.045690134	0.99888766	0.00020936248	1.9626545e-20	1
0	-0.03556858	0.99930036	0.00020379892	0	0.03769911	0	-0.03556858	0.99930036	0.00020379892	1.4612459e-20	1
0	-0.029096084	0.99951065	0.000199675	0	0.050265484	0	-0.029096084	0.99951065	0.000199675	9.596884e-21	1
0	-0.024605714	0.9996321	0.00019643457	0	0.06283186	0	-0.024605714	0.9996321	0.00019643457	4.580504e-21	1
