# t (s)	mx ()	my ()	mz ()	B_extx (T)	B_exty (T)	B_extz (T)	mx ()	my ()	mz ()	E_total (J)	branch ()
0	-0.01829391	0.99976766	-0.00038437865	0	0.06283186	0	-0.01829391	0.99976766	-0.00038437865	4.567595e-21	-1
0	-0.021609083	0.9997008	-0.0003879451	0	0.050265484	0	-0.021609083	0.9997008	-0.0003879451	9.584779e-21	-1
0	-0.026385058	0.99958515	-0.0003916708	0	0.03769911	0	-0.026385058	0.99958515	-0.0003916708	1.4601521e-20	-1
0	-0.033855803	0.99935913	-0.00039575802	0	0.025132742	0	-0.033855803	0.99935913	-0.00039575802	1.9617444e-20	-1
0	-0.039405446	0.99915516	-0.00039798924	0	0.018849555	0	-0.039405446	0.99915516	-0.00039798924	2.2124858e-20	-1
0	-0.047132563	0.9988198	-0.00040041	0	0.012566371	0	-0.047132563	0.9988198	-0.00040041	2.4631608e-20	-1
0	-0.052233785	0.9985656	-0.00040170917	0	0.009424778	0	-0.052233785	0.9985656	-0.00040170917	2.58846e-20	-1
0	-0.058562588	0.998214	-0.00040308788	0	0.0062831854	0	-0.058562588	0.998214	-0.00040308788	2.7137217e-20	-1
0	-0.06483762	0.9978256	-0.00040423824	0	0.0037699111	0	-0.06483762	0.9978256	-0.00040423824	2.8138936e-20	-1
0	-0.06849758	0.99758077	-0.00040483498	0	0.002513274	0	-0.06849758	0.99758077	-0.00040483498	2.863964e-20	-1
0	-0.07050093	0.99744105	-0.00040513775	0	0.0018849556	0	-0.07050093	0.99744105	-0.00040513775	2.8889942e-20	-1
0	-0.07259984	0.99729025	-0.00040544308	0	0.001256637	0	-0.07259984	0.99729025	-0.00040544308	2.9140203e-20	-1
0	-0.07259984	0.99729025	-0.00040544308	0	0.0010053096	0	-0.07259984	0.99729025	-0.00040544308	2.92403e-20	-1
0	-0.07483243	0.997125	-0.00040575134	0	0.0006283185	0	-0.07483243	0.997125	-0.00040575134	2.9390428e-20	-1
0	-0.076245785	0.99701786	-0.00040593863	0	0.0002513274	0	-0.076245785	0.99701786	-0.00040593863	2.9540545e-20	-1
0	-0.076245785	0.99701786	-0.00040593863	0	0.0001256637	0	-0.076245785	0.99701786	-0.00040593863	2.959058e-20	-1
0	-0.07696892	0.9969623	-0.00040602987	0	6.283185e-05	0	-0.07696892	0.9969623	-0.00040602987	2.9615593e-20	-1
0	-0.07696892	0.9969623	-0.00040602987	0	2.5132742e-05	0	-0.07696892	0.9969623	-0.00040602987	2.96306e-20	-1
0	-0.07696892	0.9969623	-0.00040602987	0	1.2566371e-05	0	-0.07696892	0.9969623	-0.00040602987	2.9635607e-20	-1
0	-0.07696892	0.9969623	-0.00040602987	0	6.2831855e-06	0	-0.07696892	0.9969623	-0.00040602987	2.9638108e-20	-1
0	-0.07696892	0.9969623	-0.00040602987	0	2.513274e-06	0	-0.07696892	0.9969623	-0.00040602987	2.963961e-20	-1
0	-0.07696892	0.9969623	-0.00040602987	0	1.256637e-06	0	-0.07696892	0.9969623	-0.00040602987	2.9640108e-20	-1
0	-0.07696892	0.9969623	-0.00040602987	0	6.283185e-07	0	-0.07696892	0.9969623	-0.00040602987	2.964036e-20	-1
0	-0.07696892	0.9969623	-0.00040602987	0	2.513274e-07	0	-0.07696892	0.9969623	-0.00040602987	2.9640508e-20	-1
0	-0.07696892	0.9969623	-0.00040602987	0	1.256637e-07	0	-0.07696892	0.9969623	-0.00040602987	2.964056e-20	-1
0	-0.07696892	0.9969623	-0.00040602987	0	0	0	-0.07696892	0.9969623	-0.00040602987	2.964061e-20	-1
0	-0.07696892	0.9969623	-0.00040602987	0	-1.256637e-07	0	-0.07696892	0.9969623	-0.00040602987	2.964066e-20	-1
0	-0.07696892	0.9969623	-0.00040602987	0	-2.513274e-07	0	-0.07696892	0.9969623	-0.00040602987	2.964071e-20	-1
0	-0.07696892	0.9969623	-0.00040602987	0	-6.283185e-07	0	-0.07696892	0.9969623	-0.00040602987	2.964086e-20	-1
0	-0.07696892	0.9969623	-0.00040602987	0	-1.256637e-06	0	-0.07696892	0.9969623	-0.00040602987	2.964111e-20	-1
0	-0.07696892	0.9969623	-0.00040602987	0	-2.513274e-06	0	-0.07696892	0.9969623	-0.00040602987	2.964161e-20	-1
0	-0.07696892	0.9969623	-0.00040602987	0	-6.2831855e-06	0	-0.07696892	0.9969623	-0.00040602987	2.964311e-20	-1
0	-0.07696892	0.9969623	-0.00040602987	0	-1.2566371e-05	0	-0.07696892	0.9969623	-0.00040602987	2.9645614e-20	-1
0	-0.07696892	0.9969623	-0.00040602987	0	-2.5132742e-05	0	-0.07696892	0.9969623	-0.00040602987	2.9650615e-20	-1
0	-0.07696892	0.9969623	-0.00040602987	0	-6.283185e-05	0	-0.07696892	0.9969623	-0.00040602987	2.9665624e-20	-1
0	-0.07696892	0.9969623	-0.00040602987	0	-0.0001256637	0	-0.07696892	0.9969623	-0.00040602987	2.9690643e-20	-1
0	-0.07822013	0.9968648	-0.00040618726	0	-0.0002513274	0	-0.07822013	0.9968648	-0.00040618726	2.9740668e-20	-1
0	-0.079773456	0.99674153	-0.00040637644	0	-0.0006283185	0	-0.079773456	0.99674153	-0.00040637644	2.9890743e-20	-1
0	-0.08134408	0.99661446	-0.00040656741	0	-0.0010053096	0	-0.08134408	0.99661446	-0.00040656741	3.00408e-20	-1
0	-0.08134408	0.99661446	-0.00040656741	0	-0.001256637	0	-0.08134408	0.99661446	-0.00040656741	3.014083e-20	-1
0	-0.08533722	0.9962802	-0.00040699716	0	-0.0018849556	0	-0.08533722	0.9962802	-0.00040699716	3.0390848e-20	-1
0	-0.088485315	0.9960053	-0.00040731227	0	-0.002513274	0	-0.088485315	0.9960053	-0.00040731227	3.0640806e-20	-1
0	-0.09548091	0.99535847	-0.0004079283	0	-0.0037699111	0	-0.09548091	0.99535847	-0.0004079283	3.1140494e-20	-1
0	-0.11346768	0.9934671	-0.0004090272	0	-0.0062831854	0	-0.11346768	0.9934671	-0.0004090272	3.2138675e-20	-1
0	-0.15055555	0.98852265	-0.00040941796	0	-0.009424778	0	-0.15055555	0.98852265	-0.00040941796	3.338248e-20	-1
0	-0.9120193	-0.40984944	4.610994e-05	0	-0.012566371	0	-0.9120193	-0.40984944	4.610994e-05	2.6207958e-20	-1
0	0.039411798	-0.99915487	0.00039799075	0	-0.018849555	0	0.039411798	-0.99915487	0.00039799075	2.2124857e-20	-1
0	0.033857375	-0.999359	0.00039575892	0	-0.025132742	0	0.033857375	-0.999359	0.00039575892	1.961745e-20	-1
0	0.026396245	-0.9995849	0.00039167152	0	-0.03769911	0	0.026396245	-0.9995849	0.00039167152	1.4601523e-20	-1
0	0.021612149	-0.99970067	0.000387922	0	-0.050265484	0	0.021612149	-0.99970067	0.000387922	9.58478e-21	-1
0	0.018295743	-0.99976766	0.00038437828	0	-0.06283186	0	0.018295743	-0.99976766	0.00038437828	4.5675936e-21	-1
0	0.018295743	-0.99976766	0.00038437828	0	-0.06283186	0	0.018295743	-0.99976766	0.00038437828	4.5675936e-21	1
0	0.021606956	-0.9997008	0.00038791515	0	-0.050265484	0	0.021606956	-0.9997008	0.00038791515	9.584778e-21	1
0	0.026383772	-0.9995853	0.00039167027	0	-0.03769911	0	0.026383772	-0.9995853	0.00039167027	1.4601525e-20	1
0	0.033857115	-0.9993591	0.00039575747	0	-0.025132742	0	0.033857115	-0.9993591	0.00039575747	1.9617448e-20	1
0	0.03941261	-0.9991548	0.00039799017	0	-0.018849555	0	0.03941261	-0.9991548	0.00039799017	2.212486e-20	1
0	0.04713636	-0.9988196	0.00040041102	0	-0.012566371	0	0.04713636	-0.9988196	0.00040041102	2.4631607e-20	1
0	0.05223695	-0.99856544	0.00040170955	0	-0.009424778	0	0.05223695	-0.99856544	0.00040170955	2.58846e-20	1
0	0.05856274	-0.998214	0.00040308246	0	-0.0062831854	0	0.05856274	-0.998214	0.00040308246	2.7137217e-20	1
0	0.06484375	-0.99782515	0.00040423777	0	-0.0037699111	0	0.06484375	-0.99782515	0.00040423777	2.813894e-20	1
0	0.06850472	-0.9975803	0.00040483446	0	-0.002513274	0	0.06850472	-0.9975803	0.00040483446	2.863964e-20	1
0	0.07049368	-0.99744153	0.0004051379	0	-0.0018849556	0	0.07049368	-0.99744153	0.0004051379	2.888994e-20	1
0	0.07259263	-0.99729085	0.00040544308	0	-0.001256637	0	0.07259263	-0.99729085	0.00040544308	2.9140206e-20	1
0	0.07347302	-0.99722624	0.00040555035	0	-0.0010053096	0	0.07347302	-0.99722624	0.00040555035	2.92403e-20	1
0	0.07482752	-0.99712545	0.00040575073	0	-0.0006283185	0	0.07482752	-0.99712545	0.00040575073	2.939043e-20	1
0	0.076238856	-0.99701846	0.00040593802	0	-0.0002513274	0	0.076238856	-0.99701846	0.00040593802	2.9540545e-20	1
0	0.076238856	-0.99701846	0.00040593802	0	-0.0001256637	0	0.076238856	-0.99701846	0.00040593802	2.959058e-20	1
0	0.076238856	-0.99701846	0.00040593802	0	-6.283185e-05	0	0.076238856	-0.99701846	0.00040593802	2.96156e-20	1
0	0.07710515	-0.99695176	0.00040604878	0	-2.5132742e-05	0	0.07710515	-0.99695176	0.00040604878	2.9630605e-20	1
0	0.07710515	-0.99695176	0.00040604878	0	-1.2566371e-05	0	0.07710515	-0.99695176	0.00040604878	2.9635607e-20	1
0	0.07710515	-0.99695176	0.00040604878	0	-6.2831855e-06	0	0.07710515	-0.99695176	0.00040604878	2.963811e-20	1
0	0.07710515	-0.99695176	0.00040604878	0	-2.513274e-06	0	0.07710515	-0.99695176	0.00040604878	2.963961e-20	1
0	0.07710515	-0.99695176	0.00040604878	0	-1.256637e-06	0	0.07710515	-0.99695176	0.00040604878	2.964011e-20	1
0	0.07710515	-0.99695176	0.00040604878	0	-6.283185e-07	0	0.07710515	-0.99695176	0.00040604878	2.964036e-20	1
0	0.07710515	-0.99695176	0.00040604878	0	-2.513274e-07	0	0.07710515	-0.99695176	0.00040604878	2.964051e-20	1
0	0.07710515	-0.99695176	0.00040604878	0	-1.256637e-07	0	0.07710515	-0.99695176	0.00040604878	2.964056e-20	1
0	0.07710515	-0.99695176	0.00040604878	0	0	0	0.07710515	-0.99695176	0.00040604878	2.9640612e-20	1
0	0.07710515	-0.99695176	0.00040604878	0	1.256637e-07	0	0.07710515	-0.99695176	0.00040604878	2.964066e-20	1
0	0.07710515	-0.99695176	0.00040604878	0	2.513274e-07	0	0.07710515	-0.99695176	0.00040604878	2.9640712e-20	1
0	0.07710515	-0.99695176	0.00040604878	0	6.283185e-07	0	0.07710515	-0.99695176	0.00040604878	2.964086e-20	1
0	0.07710515	-0.99695176	0.00040604878	0	1.256637e-06	0	0.07710515	-0.99695176	0.00040604878	2.9641113e-20	1
0	0.07710515	-0.99695176	0.00040604878	0	2.513274e-06	0	0.07710515	-0.99695176	0.00040604878	2.9641613e-20	1
0	0.07710515	-0.99695176	0.00040604878	0	6.2831855e-06	0	0.07710515	-0.99695176	0.00040604878	2.9643113e-20	1
0	0.07710515	-0.99695176	0.00040604878	0	1.2566371e-05	0	0.07710515	-0.99695176	0.00040604878	2.9645614e-20	1
0	0.07710515	-0.99695176	0.00040604878	0	2.5132742e-05	0	0.07710515	-0.99695176	0.00040604878	2.965062e-20	1
0	0.07710515	-0.99695176	0.00040604878	0	6.283185e-05	0	0.07710515	-0.99695176	0.00040604878	2.9665627e-20	1
0	0.07710515	-0.99695176	0.00040604878	0	0.0001256637	0	0.07710515	-0.99695176	0.00040604878	2.9690643e-20	1
0	0.07710515	-0.99695176	0.00040604878	0	0.0002513274	0	0.07710515	-0.99695176	0.00040604878	2.9740675e-20	1
0	0.07973994	-0.9967443	0.00040637353	0	0.0006283185	0	0.07973994	-0.9967443	0.00040637353	2.9890743e-20	1
0	0.081355125	-0.9966136	0.00040655793	0	0.0010053096	0	0.081355125	-0.9966136	0.00040655793	3.00408e-20	1
0	0.081355125	-0.9966136	0.00040655793	0	0.001256637	0	0.081355125	-0.9966136	0.00040655793	3.014083e-20	1
0	0.08535773	-0.99627846	0.00040699937	0	0.0018849556	0	0.08535773	-0.99627846	0.00040699937	3.0390848e-20	1
0	0.08846998	-0.9960066	0.00040731183	0	0.002513274	0	0.08846998	-0.9960066	0.00040731183	3.0640806e-20	1
0	0.09545797	-0.9953606	0.00040792607	0	0.0037699111	0	0.09545797	-0.9953606	0.00040792607	3.1140494e-20	1
0	0.113487706	-0.9934648	0.00040902774	0	0.0062831854	0	0.113487706	-0.9934648	0.00040902774	3.213867e-20	1
0	0.15041958	-0.98854333	0.00040942308	0	0.009424778	0	0.15041958	-0.98854333	0.00040942308	3.338248e-20	1
0	-0.9463183	0.32291067	4.541978e-06	0	0.012566371	0	-0.9463183	0.32291067	4.541978e-06	2.6866917e-20	1
0	-0.0394056	0.99915516	-0.00039798924	0	0.018849555	0	-0.0394056	0.99915516	-0.00039798924	2.2124855e-20	1
0	-0.033856712	0.9993591	-0.0003957575	0	0.025132742	0	-0.033856712	0.9993591	-0.0003957575	1.9617448e-20	1
0	-0.026392424	0.99958503	-0.00039167103	0	0.03769911	0	-0.026392424	0.99958503	-0.00039167103	1.4601523e-20	1
0	-0.021612212	0.99970067	-0.0003879164	0	0.050265484	0	-0.021612212	0.99970067	-0.0003879164	9.58478e-21	1
0	-0.018295903	0.99976766	-0.00038437743	0	0.06283186	0	-0.018295903	0.99976766	-0.00038437743	4.5675936e-21	1
