# t (s)	mx ()	my ()	mz ()	B_extx (T)	B_exty (T)	B_extz (T)	mx ()	my ()	mz ()	E_total (J)	branch ()
0	-0.03323787	0.99937844	-0.0027560904	0	0.06283186	0	-0.03323787	0.99937844	-0.0027560904	4.5110077e-21	-1
0	-0.039284155	0.999158	-0.002786332	0	0.050265484	0	-0.039284155	0.999158	-0.002786332	9.525889e-21	-1
0	-0.047963306	0.99877787	-0.0028199935	0	0.03769911	0	-0.047963306	0.99877787	-0.0028199935	1.4539307e-20	-1
0	-0.061439436	0.9980381	-0.0028590309	0	0.025132742	0	-0.061439436	0.9980381	-0.0028590309	1.9550047e-20	-1
0	-0.07137832	0.9973756	-0.002881573	0	0.018849555	0	-0.07137832	0.9973756	-0.002881573	2.205361e-20	-1
0	-0.08502865	0.99630344	-0.0029069306	0	0.012566371	0	-0.08502865	0.99630344	-0.0029069306	2.4555044e-20	-1
0	-0.09392062	0.9955037	-0.002920851	0	0.009424778	0	-0.09392062	0.9955037	-0.002920851	2.5804557e-20	-1
0	-0.104836784	0.9944123	-0.0029356647	0	0.0062831854	0	-0.104836784	0.9944123	-0.0029356647	2.7052897e-20	-1
0	-0.115496516	0.99322957	-0.0029480695	0	0.0037699111	0	-0.115496516	0.99322957	-0.0029480695	2.805042e-20	-1
0	-0.12169278	0.9924888	-0.0029544106	0	0.002513274	0	-0.12169278	0.9924888	-0.0029544106	2.854869e-20	-1
0	-0.12502196	0.9920746	-0.0029576083	0	0.0018849556	0	-0.12502196	0.9920746	-0.0029576083	2.8797682e-20	-1
0	-0.12853703	0.99162495	-0.0029607895	0	0.001256637	0	-0.12853703	0.99162495	-0.0029607895	2.9046564e-20	-1
0	-0.12853703	0.99162495	-0.0029607895	0	0.0010053096	0	-0.12853703	0.99162495	-0.0029607895	2.9146093e-20	-1
0	-0.13227415	0.99113286	-0.002963974	0	0.0006283185	0	-0.13227415	0.99113286	-0.002963974	2.9295325e-20	-1
0	-0.1346092	0.99081814	-0.0029658654	0	0.0002513274	0	-0.1346092	0.99081814	-0.0029658654	2.944452e-20	-1
0	-0.1346092	0.99081814	-0.0029658654	0	0.0001256637	0	-0.1346092	0.99081814	-0.0029658654	2.9494246e-20	-1
0	-0.1346092	0.99081814	-0.0029658654	0	6.283185e-05	0	-0.1346092	0.99081814	-0.0029658654	2.9519107e-20	-1
0	-0.1346092	0.99081814	-0.0029658654	0	2.5132742e-05	0	-0.1346092	0.99081814	-0.0029658654	2.9534025e-20	-1
0	-0.1346092	0.99081814	-0.0029658654	0	1.2566371e-05	0	-0.1346092	0.99081814	-0.0029658654	2.9538998e-20	-1
0	-0.1346092	0.99081814	-0.0029658654	0	6.2831855e-06	0	-0.1346092	0.99081814	-0.0029658654	2.9541482e-20	-1
0	-0.1346092	0.99081814	-0.0029658654	0	2.513274e-06	0	-0.1346092	0.99081814	-0.0029658654	2.9542975e-20	-1
0	-0.1346092	0.99081814	-0.0029658654	0	1.256637e-06	0	-0.1346092	0.99081814	-0.0029658654	2.9543473e-20	-1
0	-0.1346092	0.99081814	-0.0029658654	0	6.283185e-07	0	-0.1346092	0.99081814	-0.0029658654	2.9543722e-20	-1
0	-0.1346092	0.99081814	-0.0029658654	0	2.513274e-07	0	-0.1346092	0.99081814	-0.0029658654	2.954387e-20	-1
0	-0.1346092	0.99081814	-0.0029658654	0	1.256637e-07	0	-0.1346092	0.99081814	-0.0029658654	2.954392e-20	-1
0	-0.1346092	0.99081814	-0.0029658654	0	0	0	-0.1346092	0.99081814	-0.0029658654	2.954397e-20	-1
0	-0.1346092	0.99081814	-0.0029658654	0	-1.256637e-07	0	-0.1346092	0.99081814	-0.0029658654	2.954402e-20	-1
0	-0.1346092	0.99081814	-0.0029658654	0	-2.513274e-07	0	-0.1346092	0.99081814	-0.0029658654	2.9544067e-20	-1
0	-0.1346092	0.99081814	-0.0029658654	0	-6.283185e-07	0	-0.1346092	0.99081814	-0.0029658654	2.954422e-20	-1
0	-0.1346092	0.99081814	-0.0029658654	0	-1.256637e-06	0	-0.1346092	0.99081814	-0.0029658654	2.9544468e-20	-1
0	-0.1346092	0.99081814	-0.0029658654	0	-2.513274e-06	0	-0.1346092	0.99081814	-0.0029658654	2.9544962e-20	-1
0	-0.1346092	0.99081814	-0.0029658654	0	-6.2831855e-06	0	-0.1346092	0.99081814	-0.0029658654	2.9546455e-20	-1
0	-0.1346092	0.99081814	-0.0029658654	0	-1.2566371e-05	0	-0.1346092	0.99081814	-0.0029658654	2.9548943e-20	-1
0	-0.1346092	0.99081814	-0.0029658654	0	-2.5132742e-05	0	-0.1346092	0.99081814	-0.0029658654	2.9553913e-20	-1
0	-0.13662747	0.9905417	-0.0029674391	0	-6.283185e-05	0	-0.13662747	0.9905417	-0.0029674391	2.9568815e-20	-1
0	-0.13662747	0.9905417	-0.0029674391	0	-0.0001256637	0	-0.13662747	0.9905417	-0.0029674391	2.959367e-20	-1
0	-0.13662747	0.9905417	-0.0029674391	0	-0.0002513274	0	-0.13662747	0.9905417	-0.0029674391	2.964338e-20	-1
0	-0.14039081	0.99001485	-0.002970234	0	-0.0006283185	0	-0.14039081	0.99001485	-0.002970234	2.9792454e-20	-1
0	-0.1430406	0.9896351	-0.0029720818	0	-0.0010053096	0	-0.1430406	0.9896351	-0.0029720818	2.9941476e-20	-1
0	-0.1430406	0.9896351	-0.0029720818	0	-0.001256637	0	-0.1430406	0.9896351	-0.0029720818	3.0040806e-20	-1
0	-0.14961739	0.98866147	-0.0029762783	0	-0.0018849556	0	-0.14961739	0.98866147	-0.0029762783	3.0288963e-20	-1
0	-0.15469965	0.9878783	-0.0029791403	0	-0.002513274	0	-0.15469965	0.9878783	-0.0029791403	3.0536946e-20	-1
0	-0.16608307	0.9860269	-0.0029843713	0	-0.0037699111	0	-0.16608307	0.9860269	-0.0029843713	3.1032266e-20	-1
0	-0.19526854	0.98066044	-0.0029906863	0	-0.0062831854	0	-0.19526854	0.98066044	-0.0029906863	3.2019483e-20	-1
0	-0.2593856	0.96567225	-0.0029700557	0	-0.009424778	0	-0.2593856	0.96567225	-0.0029700557	3.3242175e-20	-1
0	0.08501416	-0.99630463	0.0029069225	0	-0.012566371	0	0.08501416	-0.99630463	0.0029069225	2.4555047e-20	-1
0	0.07138766	-0.9973749	0.0028815772	0	-0.018849555	0	0.07138766	-0.9973749	0.0028815772	2.205361e-20	-1
0	0.06144367	-0.9980378	0.0028590404	0	-0.025132742	0	0.06144367	-0.9980378	0.0028590404	1.9550049e-20	-1
0	0.047967665	-0.9987776	0.0028199991	0	-0.03769911	0	0.047967665	-0.9987776	0.0028199991	1.453931e-20	-1
0	0.039286748	-0.9991579	0.002786332	0	-0.050265484	0	0.039286748	-0.9991579	0.002786332	9.525889e-21	-1
0	0.03324604	-0.9993782	0.0027561025	0	-0.06283186	0	0.03324604	-0.9993782	0.0027561025	4.511008e-21	-1
0	0.03324604	-0.9993782	0.0027561025	0	-0.06283186	0	0.03324604	-0.9993782	0.0027561025	4.511008e-21	1
0	0.03928241	-0.9991581	0.0027863267	0	-0.050265484	0	0.03928241	-0.9991581	0.0027863267	9.5258854e-21	1
0	0.047963627	-0.99877787	0.0028199959	0	-0.03769911	0	0.047963627	-0.99877787	0.0028199959	1.4539307e-20	1
0	0.06143172	-0.9980386	0.002859022	0	-0.025132742	0	0.06143172	-0.9980386	0.002859022	1.9550047e-20	1
0	0.07136983	-0.9973762	0.0028815642	0	-0.018849555	0	0.07136983	-0.9973762	0.0028815642	2.205361e-20	1
0	0.08501471	-0.99630463	0.0029069216	0	-0.012566371	0	0.08501471	-0.99630463	0.0029069216	2.4555044e-20	1
0	0.09391278	-0.99550444	0.0029208441	0	-0.009424778	0	0.09391278	-0.99550444	0.0029208441	2.5804557e-20	1
0	0.1048284	-0.9944132	0.002935658	0	-0.0062831854	0	0.1048284	-0.9944132	0.002935658	2.7052895e-20	1
0	0.11548699	-0.9932307	0.0029480634	0	-0.0037699111	0	0.11548699	-0.9932307	0.0029480634	2.805042e-20	1
0	0.121696964	-0.99248827	0.0029544313	0	-0.002513274	0	0.121696964	-0.99248827	0.0029544313	2.8548695e-20	1
0	0.12501684	-0.9920752	0.002957603	0	-0.0018849556	0	0.12501684	-0.9920752	0.002957603	2.8797686e-20	1
0	0.12854186	-0.99162424	0.0029607916	0	-0.001256637	0	0.12854186	-0.99162424	0.0029607916	2.9046564e-20	1
0	0.12854186	-0.99162424	0.0029607916	0	-0.0010053096	0	0.12854186	-0.99162424	0.0029607916	2.914609e-20	1
0	0.13226691	-0.99113387	0.002963967	0	-0.0006283185	0	0.13226691	-0.99113387	0.002963967	2.9295325e-20	1
0	0.13460782	-0.9908184	0.0029658643	0	-0.0002513274	0	0.13460782	-0.9908184	0.0029658643	2.944452e-20	1
0	0.13460782	-0.9908184	0.0029658643	0	-0.0001256637	0	0.13460782	-0.9908184	0.0029658643	2.9494246e-20	1
0	0.13460782	-0.9908184	0.0029658643	0	-6.283185e-05	0	0.13460782	-0.9908184	0.0029658643	2.951911e-20	1
0	0.13460782	-0.9908184	0.0029658643	0	-2.5132742e-05	0	0.13460782	-0.9908184	0.0029658643	2.9534025e-20	1
0	0.13460782	-0.9908184	0.0029658643	0	-1.2566371e-05	0	0.13460782	-0.9908184	0.0029658643	2.9538998e-20	1
0	0.13460782	-0.9908184	0.0029658643	0	-6.2831855e-06	0	0.13460782	-0.9908184	0.0029658643	2.9541486e-20	1
0	0.13460782	-0.9908184	0.0029658643	0	-2.513274e-06	0	0.13460782	-0.9908184	0.0029658643	2.9542975e-20	1
0	0.13460782	-0.9908184	0.0029658643	0	-1.256637e-06	0	0.13460782	-0.9908184	0.0029658643	2.9543473e-20	1
0	0.13460782	-0.9908184	0.0029658643	0	-6.283185e-07	0	0.13460782	-0.9908184	0.0029658643	2.9543722e-20	1
0	0.13460782	-0.9908184	0.0029658643	0	-2.513274e-07	0	0.13460782	-0.9908184	0.0029658643	2.954387e-20	1
0	0.13460782	-0.9908184	0.0029658643	0	-1.256637e-07	0	0.13460782	-0.9908184	0.0029658643	2.9543922e-20	1
0	0.13460782	-0.9908184	0.0029658643	0	0	0	0.13460782	-0.9908184	0.0029658643	2.954397e-20	1
0	0.13460782	-0.9908184	0.0029658643	0	1.256637e-07	0	0.13460782	-0.9908184	0.0029658643	2.954402e-20	1
0	0.13460782	-0.9908184	0.0029658643	0	2.513274e-07	0	0.13460782	-0.9908184	0.0029658643	2.954407e-20	1
0	0.13460782	-0.9908184	0.0029658643	0	6.283185e-07	0	0.13460782	-0.9908184	0.0029658643	2.954422e-20	1
0	0.13460782	-0.9908184	0.0029658643	0	1.256637e-06	0	0.13460782	-0.9908184	0.0029658643	2.9544468e-20	1
0	0.13460782	-0.9908184	0.0029658643	0	2.513274e-06	0	0.13460782	-0.9908184	0.0029658643	2.9544966e-20	1
0	0.13460782	-0.9908184	0.0029658643	0	6.2831855e-06	0	0.13460782	-0.9908184	0.0029658643	2.954646e-20	1
0	0.13460782	-0.9908184	0.0029658643	0	1.2566371e-05	0	0.13460782	-0.9908184	0.0029658643	2.9548943e-20	1
0	0.13460782	-0.9908184	0.0029658643	0	2.5132742e-05	0	0.13460782	-0.9908184	0.0029658643	2.9553916e-20	1
0	0.13661706	-0.9905431	0.0029674342	0	6.283185e-05	0	0.13661706	-0.9905431	0.0029674342	2.9568815e-20	1
0	0.13661706	-0.9905431	0.0029674342	0	0.0001256637	0	0.13661706	-0.9905431	0.0029674342	2.959367e-20	1
0	0.13661706	-0.9905431	0.0029674342	0	0.0002513274	0	0.13661706	-0.9905431	0.0029674342	2.964338e-20	1
0	0.14040372	-0.990013	0.0029702391	0	0.0006283185	0	0.14040372	-0.990013	0.0029702391	2.9792454e-20	1
0	0.14304473	-0.98963463	0.0029720836	0	0.0010053096	0	0.14304473	-0.98963463	0.0029720836	2.9941476e-20	1
0	0.14304473	-0.98963463	0.0029720836	0	0.001256637	0	0.14304473	-0.98963463	0.0029720836	3.0040806e-20	1
0	0.14961532	-0.98866177	0.0029762774	0	0.0018849556	0	0.14961532	-0.98866177	0.0029762774	3.0288963e-20	1
0	0.15470345	-0.9878777	0.0029791414	0	0.002513274	0	0.15470345	-0.9878777	0.0029791414	3.0536946e-20	1
0	0.16607916	-0.9860276	0.0029843706	0	0.0037699111	0	0.16607916	-0.9860276	0.0029843706	3.103227e-20	1
0	0.19532494	-0.9806491	0.0029906791	0	0.0062831854	0	0.19532494	-0.9806491	0.0029906791	3.2019486e-20	1
0	0.2594291	-0.9656606	0.0029700221	0	0.009424778	0	0.2594291	-0.9656606	0.0029700221	3.3242175e-20	1
0	0.8967004	0.44234735	-0.00040656084	0	0.012566371	0	0.8967004	0.44234735	-0.00040656084	2.5969584e-20	1
0	-0.07137573	0.9973757	-0.0028815707	0	0.018849555	0	-0.07137573	0.9973757	-0.0028815707	2.2053608e-20	1
0	-0.06145202	0.99803734	-0.0028590455	0	0.025132742	0	-0.06145202	0.99803734	-0.0028590455	1.955005e-20	1
0	-0.047970727	0.9987775	-0.0028200033	0	0.03769911	0	-0.047970727	0.9987775	-0.0028200033	1.4539308e-20	1
0	-0.039285816	0.99915797	-0.0027863302	0	0.050265484	0	-0.039285816	0.99915797	-0.0027863302	9.525889e-21	1
0	-0.033244785	0.9993782	-0.002756102	0	0.06283186	0	-0.033244785	0.9993782	-0.002756102	4.5110085e-21	1
