# t (s)	mx ()	my ()	mz ()	B_extx (T)	B_exty (T)	B_extz (T)	mx ()	my ()	mz ()	E_total (J)	branch ()
0	-0.02990203	0.99948764	7.438271e-05	0	0.06283186	0	-0.02990203	0.99948764	7.438271e-05	4.5937613e-21	-1
0	-0.035394225	0.9993073	7.4787255e-05	0	0.050265484	0	-0.035394225	0.9993073	7.4787255e-05	9.609279e-21	-1
0	-0.043324172	0.998994	7.5154254e-05	0	0.03769911	0	-0.043324172	0.998994	7.5154254e-05	1.4623602e-20	-1
0	-0.05572648	0.9983777	7.531759e-05	0	0.025132742	0	-0.05572648	0.9983777	7.531759e-05	1.96357e-20	-1
0	-0.06495179	0.9978192	7.526105e-05	0	0.018849555	0	-0.06495179	0.9978192	7.526105e-05	2.2140235e-20	-1
0	-0.07772802	0.99690425	7.502697e-05	0	0.012566371	0	-0.07772802	0.99690425	7.502697e-05	2.4642969e-20	-1
0	-0.08613853	0.996212	7.4799886e-05	0	0.009424778	0	-0.08613853	0.996212	7.4799886e-05	2.5893301e-20	-1
0	-0.09650971	0.9952599	7.4458905e-05	0	0.0062831854	0	-0.09650971	0.9952599	7.4458905e-05	2.714261e-20	-1
0	-0.106748745	0.99421287	7.407914e-05	0	0.0037699111	0	-0.106748745	0.99421287	7.407914e-05	2.8141053e-20	-1
0	-0.112700045	0.9935553	7.3815056e-05	0	0.002513274	0	-0.112700045	0.9935553	7.3815056e-05	2.863984e-20	-1
0	-0.11593868	0.9931822	7.367254e-05	0	0.0018849556	0	-0.11593868	0.9931822	7.367254e-05	2.88891e-20	-1
0	-0.119347006	0.99277806	7.3519004e-05	0	0.001256637	0	-0.119347006	0.99277806	7.3519004e-05	2.9138264e-20	-1
0	-0.120784	0.99260414	7.345184e-05	0	0.0010053096	0	-0.120784	0.99260414	7.345184e-05	2.92379e-20	-1
0	-0.12298505	0.9923336	7.334919e-05	0	0.0006283185	0	-0.12298505	0.9923336	7.334919e-05	2.9387323e-20	-1
0	-0.12525842	0.992049	7.324258e-05	0	0.0002513274	0	-0.12525842	0.992049	7.324258e-05	2.9536697e-20	-1
0	-0.12603514	0.9919505	7.320247e-05	0	0.0001256637	0	-0.12603514	0.9919505	7.320247e-05	2.958649e-20	-1
0	-0.12603514	0.9919505	7.320247e-05	0	6.283185e-05	0	-0.12603514	0.9919505	7.320247e-05	2.961138e-20	-1
0	-0.12603514	0.9919505	7.320247e-05	0	2.5132742e-05	0	-0.12603514	0.9919505	7.320247e-05	2.9626314e-20	-1
0	-0.12603514	0.9919505	7.320247e-05	0	1.2566371e-05	0	-0.12603514	0.9919505	7.320247e-05	2.9631293e-20	-1
0	-0.12603514	0.9919505	7.320247e-05	0	6.2831855e-06	0	-0.12603514	0.9919505	7.320247e-05	2.963378e-20	-1
0	-0.12603514	0.9919505	7.320247e-05	0	2.513274e-06	0	-0.12603514	0.9919505	7.320247e-05	2.9635274e-20	-1
0	-0.12603514	0.9919505	7.320247e-05	0	1.256637e-06	0	-0.12603514	0.9919505	7.320247e-05	2.963577e-20	-1
0	-0.12603514	0.9919505	7.320247e-05	0	6.283185e-07	0	-0.12603514	0.9919505	7.320247e-05	2.963602e-20	-1
0	-0.12603514	0.9919505	7.320247e-05	0	2.513274e-07	0	-0.12603514	0.9919505	7.320247e-05	2.963617e-20	-1
0	-0.12603514	0.9919505	7.320247e-05	0	1.256637e-07	0	-0.12603514	0.9919505	7.320247e-05	2.963622e-20	-1
0	-0.12603514	0.9919505	7.320247e-05	0	0	0	-0.12603514	0.9919505	7.320247e-05	2.963627e-20	-1
0	-0.12603514	0.9919505	7.320247e-05	0	-1.256637e-07	0	-0.12603514	0.9919505	7.320247e-05	2.963632e-20	-1
0	-0.12603514	0.9919505	7.320247e-05	0	-2.513274e-07	0	-0.12603514	0.9919505	7.320247e-05	2.963637e-20	-1
0	-0.12603514	0.9919505	7.320247e-05	0	-6.283185e-07	0	-0.12603514	0.9919505	7.320247e-05	2.9636518e-20	-1
0	-0.12603514	0.9919505	7.320247e-05	0	-1.256637e-06	0	-0.12603514	0.9919505	7.320247e-05	2.9636767e-20	-1
0	-0.12603514	0.9919505	7.320247e-05	0	-2.513274e-06	0	-0.12603514	0.9919505	7.320247e-05	2.9637264e-20	-1
0	-0.12603514	0.9919505	7.320247e-05	0	-6.2831855e-06	0	-0.12603514	0.9919505	7.320247e-05	2.963876e-20	-1
0	-0.12603514	0.9919505	7.320247e-05	0	-1.2566371e-05	0	-0.12603514	0.9919505	7.320247e-05	2.9641248e-20	-1
0	-0.12603514	0.9919505	7.320247e-05	0	-2.5132742e-05	0	-0.12603514	0.9919505	7.320247e-05	2.9646227e-20	-1
0	-0.12603514	0.9919505	7.320247e-05	0	-6.283185e-05	0	-0.12603514	0.9919505	7.320247e-05	2.966116e-20	-1
0	-0.12603514	0.9919505	7.320247e-05	0	-0.0001256637	0	-0.12603514	0.9919505	7.320247e-05	2.9686052e-20	-1
0	-0.12843361	0.9916425	7.308603e-05	0	-0.0002513274	0	-0.12843361	0.9916425	7.308603e-05	2.9735805e-20	-1
0	-0.13092718	0.99131614	7.296075e-05	0	-0.0006283185	0	-0.13092718	0.99131614	7.296075e-05	2.9885076e-20	-1
0	-0.13354483	0.99096656	7.282598e-05	0	-0.0010053096	0	-0.13354483	0.99096656	7.282598e-05	3.0034298e-20	-1
0	-0.13530001	0.99072826	7.2738236e-05	0	-0.001256637	0	-0.13530001	0.99072826	7.2738236e-05	3.013375e-20	-1
0	-0.13998634	0.99007654	7.249008e-05	0	-0.0018849556	0	-0.13998634	0.99007654	7.249008e-05	3.0382266e-20	-1
0	-0.14502934	0.9893497	7.222048e-05	0	-0.002513274	0	-0.14502934	0.9893497	7.222048e-05	3.0630614e-20	-1
0	-0.15628016	0.9876337	7.158409e-05	0	-0.0037699111	0	-0.15628016	0.9876337	7.158409e-05	3.11267e-20	-1
0	-0.1857279	0.98251784	6.975157e-05	0	-0.0062831854	0	-0.1857279	0.98251784	6.975157e-05	3.2115662e-20	-1
0	-0.25364736	0.9672009	6.475765e-05	0	-0.009424778	0	-0.25364736	0.9672009	6.475765e-05	3.3340694e-20	-1
0	0.07773167	-0.9969039	-7.5026706e-05	0	-0.012566371	0	0.07773167	-0.9969039	-7.5026706e-05	2.464297e-20	-1
0	0.06495918	-0.9978187	-7.526092e-05	0	-0.018849555	0	0.06495918	-0.9978187	-7.526092e-05	2.2140239e-20	-1
0	0.055742037	-0.99837685	-7.531632e-05	0	-0.025132742	0	0.055742037	-0.99837685	-7.531632e-05	1.9635702e-20	-1
0	0.043325834	-0.9989939	-7.515448e-05	0	-0.03769911	0	0.043325834	-0.9989939	-7.515448e-05	1.4623602e-20	-1
0	0.035397805	-0.9993072	-7.481188e-05	0	-0.050265484	0	0.035397805	-0.9993072	-7.481188e-05	9.609279e-21	-1
0	0.029905118	-0.9994875	-7.438306e-05	0	-0.06283186	0	0.029905118	-0.9994875	-7.438306e-05	4.5937592e-21	-1
0	0.02990418	-0.9994876	-7.438292e-05	0	-0.06283186	0	0.02990418	-0.9994876	-7.438292e-05	4.5937596e-21	1
0	0.03539425	-0.9993073	-7.4812575e-05	0	-0.050265484	0	0.03539425	-0.9993073	-7.4812575e-05	9.609279e-21	1
0	0.043324046	-0.99899393	-7.515494e-05	0	-0.03769911	0	0.043324046	-0.99899393	-7.515494e-05	1.4623602e-20	1
0	0.0557267	-0.9983777	-7.531662e-05	0	-0.025132742	0	0.0557267	-0.9983777	-7.531662e-05	1.96357e-20	1
0	0.064948075	-0.9978194	-7.526163e-05	0	-0.018849555	0	0.064948075	-0.9978194	-7.526163e-05	2.2140237e-20	1
0	0.0777296	-0.9969041	-7.502755e-05	0	-0.012566371	0	0.0777296	-0.9969041	-7.502755e-05	2.4642969e-20	1
0	0.08613579	-0.99621224	-7.480017e-05	0	-0.009424778	0	0.08613579	-0.99621224	-7.480017e-05	2.5893301e-20	1
0	0.096511945	-0.99525964	-7.4458236e-05	0	-0.0062831854	0	0.096511945	-0.99525964	-7.4458236e-05	2.714261e-20	1
0	0.10676896	-0.9942107	-7.406527e-05	0	-0.0037699111	0	0.10676896	-0.9942107	-7.406527e-05	2.8141053e-20	1
0	0.11270535	-0.9935547	-7.381573e-05	0	-0.002513274	0	0.11270535	-0.9935547	-7.381573e-05	2.8639836e-20	1
0	0.11592961	-0.99318326	-7.3673866e-05	0	-0.0018849556	0	0.11592961	-0.99318326	-7.3673866e-05	2.88891e-20	1
0	0.119315624	-0.9927819	-7.352054e-05	0	-0.001256637	0	0.119315624	-0.9927819	-7.352054e-05	2.913826e-20	1
0	0.12077577	-0.9926051	-7.345163e-05	0	-0.0010053096	0	0.12077577	-0.9926051	-7.345163e-05	2.9237898e-20	1
0	0.12297894	-0.99233437	-7.334905e-05	0	-0.0006283185	0	0.12297894	-0.99233437	-7.334905e-05	2.938732e-20	1
0	0.12525967	-0.9920488	-7.323967e-05	0	-0.0002513274	0	0.12525967	-0.9920488	-7.323967e-05	2.95367e-20	1
0	0.12604602	-0.9919491	-7.319967e-05	0	-0.0001256637	0	0.12604602	-0.9919491	-7.319967e-05	2.9586483e-20	1
0	0.12604602	-0.9919491	-7.319967e-05	0	-6.283185e-05	0	0.12604602	-0.9919491	-7.319967e-05	2.9611376e-20	1
0	0.12604602	-0.9919491	-7.319967e-05	0	-2.5132742e-05	0	0.12604602	-0.9919491	-7.319967e-05	2.962631e-20	1
0	0.12604602	-0.9919491	-7.319967e-05	0	-1.2566371e-05	0	0.12604602	-0.9919491	-7.319967e-05	2.9631287e-20	1
0	0.12604602	-0.9919491	-7.319967e-05	0	-6.2831855e-06	0	0.12604602	-0.9919491	-7.319967e-05	2.9633778e-20	1
0	0.12604602	-0.9919491	-7.319967e-05	0	-2.513274e-06	0	0.12604602	-0.9919491	-7.319967e-05	2.963527e-20	1
0	0.12604602	-0.9919491	-7.319967e-05	0	-1.256637e-06	0	0.12604602	-0.9919491	-7.319967e-05	2.9635768e-20	1
0	0.12604602	-0.9919491	-7.319967e-05	0	-6.283185e-07	0	0.12604602	-0.9919491	-7.319967e-05	2.9636017e-20	1
0	0.12604602	-0.9919491	-7.319967e-05	0	-2.513274e-07	0	0.12604602	-0.9919491	-7.319967e-05	2.9636166e-20	1
0	0.12604602	-0.9919491	-7.319967e-05	0	-1.256637e-07	0	0.12604602	-0.9919491	-7.319967e-05	2.9636214e-20	1
0	0.12604602	-0.9919491	-7.319967e-05	0	0	0	0.12604602	-0.9919491	-7.319967e-05	2.9636266e-20	1
0	0.12604602	-0.9919491	-7.319967e-05	0	1.256637e-07	0	0.12604602	-0.9919491	-7.319967e-05	2.9636314e-20	1
0	0.12604602	-0.9919491	-7.319967e-05	0	2.513274e-07	0	0.12604602	-0.9919491	-7.319967e-05	2.9636366e-20	1
0	0.12604602	-0.9919491	-7.319967e-05	0	6.283185e-07	0	0.12604602	-0.9919491	-7.319967e-05	2.9636515e-20	1
0	0.12604602	-0.9919491	-7.319967e-05	0	1.256637e-06	0	0.12604602	-0.9919491	-7.319967e-05	2.9636763e-20	1
0	0.12604602	-0.9919491	-7.319967e-05	0	2.513274e-06	0	0.12604602	-0.9919491	-7.319967e-05	2.963726e-20	1
0	0.12604602	-0.9919491	-7.319967e-05	0	6.2831855e-06	0	0.12604602	-0.9919491	-7.319967e-05	2.9638754e-20	1
0	0.12604602	-0.9919491	-7.319967e-05	0	1.2566371e-05	0	0.12604602	-0.9919491	-7.319967e-05	2.9641245e-20	1
0	0.12604602	-0.9919491	-7.319967e-05	0	2.5132742e-05	0	0.12604602	-0.9919491	-7.319967e-05	2.964622e-20	1
0	0.12604602	-0.9919491	-7.319967e-05	0	6.283185e-05	0	0.12604602	-0.9919491	-7.319967e-05	2.9661155e-20	1
0	0.12604602	-0.9919491	-7.319967e-05	0	0.0001256637	0	0.12604602	-0.9919491	-7.319967e-05	2.9686045e-20	1
0	0.12843469	-0.9916424	-7.308301e-05	0	0.0002513274	0	0.12843469	-0.9916424	-7.308301e-05	2.9735805e-20	1
0	0.13092598	-0.9913163	-7.296539e-05	0	0.0006283185	0	0.13092598	-0.9913163	-7.296539e-05	2.9885076e-20	1
0	0.13351703	-0.9909704	-7.2820316e-05	0	0.0010053096	0	0.13351703	-0.9909704	-7.2820316e-05	3.0034298e-20	1
0	0.13528512	-0.9907303	-7.273913e-05	0	0.001256637	0	0.13528512	-0.9907303	-7.273913e-05	3.0133747e-20	1
0	0.13998267	-0.990077	-7.2492796e-05	0	0.0018849556	0	0.13998267	-0.990077	-7.2492796e-05	3.0382266e-20	1
0	0.14501032	-0.9893526	-7.22219e-05	0	0.002513274	0	0.14501032	-0.9893526	-7.22219e-05	3.063061e-20	1
0	0.15628138	-0.98763347	-7.158345e-05	0	0.0037699111	0	0.15628138	-0.98763347	-7.158345e-05	3.1126703e-20	1
0	0.18575412	-0.98251283	-6.974913e-05	0	0.0062831854	0	0.18575412	-0.98251283	-6.974913e-05	3.2115662e-20	1
0	0.25366753	-0.9671956	-6.475598e-05	0	0.009424778	0	0.25366753	-0.9671956	-6.475598e-05	3.3340688e-20	1
0	-0.9557841	0.29372975	2.2817598e-05	0	0.012566371	0	-0.9557841	0.29372975	2.2817598e-05	2.7086462e-20	1
0	-0.064962044	0.99781847	7.5260155e-05	0	0.018849555	0	-0.064962044	0.99781847	7.5260155e-05	2.2140237e-20	1
0	-0.055720694	0.99837804	7.53176e-05	0	0.025132742	0	-0.055720694	0.99837804	7.53176e-05	1.9635704e-20	1
0	-0.043326586	0.9989939	7.515403e-05	0	0.03769911	0	-0.043326586	0.9989939	7.515403e-05	1.4623602e-20	1
0	-0.035396587	0.9993073	7.481128e-05	0	0.050265484	0	-0.035396587	0.9993073	7.481128e-05	9.609282e-21	1
0	-0.029905682	0.9994875	7.438325e-05	0	0.06283186	0	-0.029905682	0.9994875	7.438325e-05	4.593761e-21	1
