# t (s)	mx ()	my ()	mz ()	B_extx (T)	B_exty (T)	B_extz (T)	mx ()	my ()	mz ()	E_total (J)	branch ()
0	-0.008250919	0.9998995	-0.001835756	0	0.06283186	0	-0.008250919	0.9998995	-0.001835756	4.521504e-21	-1
0	-0.009732032	0.99988544	-0.0018494946	0	0.050265484	0	-0.009732032	0.99988544	-0.0018494946	9.539477e-21	-1
0	-0.011856925	0.99986166	-0.0018629085	0	0.03769911	0	-0.011856925	0.99986166	-0.0018629085	1.4557353e-20	-1
0	-0.015172827	0.999816	-0.0018754994	0	0.025132742	0	-0.015172827	0.999816	-0.0018754994	1.9575064e-20	-1
0	-0.01763349	0.9997752	-0.0018811468	0	0.018849555	0	-0.01763349	0.9997752	-0.0018811468	2.2083805e-20	-1
0	-0.021053627	0.99970853	-0.0018859464	0	0.012566371	0	-0.021053627	0.99970853	-0.0018859464	2.4592422e-20	-1
0	-0.023305442	0.99965835	-0.0018878395	0	0.009424778	0	-0.023305442	0.99965835	-0.0018878395	2.5846651e-20	-1
0	-0.026100427	0.99958897	-0.0018892034	0	0.0062831854	0	-0.026100427	0.99958897	-0.0018892034	2.710081e-20	-1
0	-0.028868776	0.9995127	-0.0018897662	0	0.0037699111	0	-0.028868776	0.9995127	-0.0018897662	2.810406e-20	-1
0	-0.030477948	0.99946475	-0.0018898111	0	0.002513274	0	-0.030477948	0.99946475	-0.0018898111	2.8605654e-20	-1
0	-0.0313666	0.9994372	-0.0018897469	0	0.0018849556	0	-0.0313666	0.9994372	-0.0018897469	2.885644e-20	-1
0	-0.032298166	0.99940753	-0.0018896372	0	0.001256637	0	-0.032298166	0.99940753	-0.0018896372	2.9107222e-20	-1
0	-0.03268815	0.9993948	-0.0018895759	0	0.0010053096	0	-0.03268815	0.9993948	-0.0018895759	2.920753e-20	-1
0	-0.033277936	0.9993753	-0.0018894778	0	0.0006283185	0	-0.033277936	0.9993753	-0.0018894778	2.9357994e-20	-1
0	-0.03389962	0.99935436	-0.001889344	0	0.0002513274	0	-0.03389962	0.99935436	-0.001889344	2.9508457e-20	-1
0	-0.03410688	0.9993473	-0.0018892976	0	0.0001256637	0	-0.03410688	0.9993473	-0.0018892976	2.9558604e-20	-1
0	-0.03410688	0.9993473	-0.0018892976	0	6.283185e-05	0	-0.03410688	0.9993473	-0.0018892976	2.958368e-20	-1
0	-0.03410688	0.9993473	-0.0018892976	0	2.5132742e-05	0	-0.03410688	0.9993473	-0.0018892976	2.9598726e-20	-1
0	-0.03410688	0.9993473	-0.0018892976	0	1.2566371e-05	0	-0.03410688	0.9993473	-0.0018892976	2.960374e-20	-1
0	-0.03410688	0.9993473	-0.0018892976	0	6.2831855e-06	0	-0.03410688	0.9993473	-0.0018892976	2.9606248e-20	-1
0	-0.03410688	0.9993473	-0.0018892976	0	2.513274e-06	0	-0.03410688	0.9993473	-0.0018892976	2.9607754e-20	-1
0	-0.03410688	0.9993473	-0.0018892976	0	1.256637e-06	0	-0.03410688	0.9993473	-0.0018892976	2.9608255e-20	-1
0	-0.03410688	0.9993473	-0.0018892976	0	6.283185e-07	0	-0.03410688	0.9993473	-0.0018892976	2.9608507e-20	-1
0	-0.03410688	0.9993473	-0.0018892976	0	2.513274e-07	0	-0.03410688	0.9993473	-0.0018892976	2.9608655e-20	-1
0	-0.03410688	0.9993473	-0.0018892976	0	1.256637e-07	0	-0.03410688	0.9993473	-0.0018892976	2.9608707e-20	-1
0	-0.03410688	0.9993473	-0.0018892976	0	0	0	-0.03410688	0.9993473	-0.0018892976	2.9608756e-20	-1
0	-0.03410688	0.9993473	-0.0018892976	0	-1.256637e-07	0	-0.03410688	0.9993473	-0.0018892976	2.9608807e-20	-1
0	-0.03410688	0.9993473	-0.0018892976	0	-2.513274e-07	0	-0.03410688	0.9993473	-0.0018892976	2.9608856e-20	-1
0	-0.03410688	0.9993473	-0.0018892976	0	-6.283185e-07	0	-0.03410688	0.9993473	-0.0018892976	2.9609008e-20	-1
0	-0.03410688	0.9993473	-0.0018892976	0	-1.256637e-06	0	-0.03410688	0.9993473	-0.0018892976	2.9609256e-20	-1
0	-0.03410688	0.9993473	-0.0018892976	0	-2.513274e-06	0	-0.03410688	0.9993473	-0.0018892976	2.960976e-20	-1
0	-0.03410688	0.9993473	-0.0018892976	0	-6.2831855e-06	0	-0.03410688	0.9993473	-0.0018892976	2.9611263e-20	-1
0	-0.03410688	0.9993473	-0.0018892976	0	-1.2566371e-05	0	-0.03410688	0.9993473	-0.0018892976	2.961377e-20	-1
0	-0.03410688	0.9993473	-0.0018892976	0	-2.5132742e-05	0	-0.03410688	0.9993473	-0.0018892976	2.9618785e-20	-1
0	-0.03410688	0.9993473	-0.0018892976	0	-6.283185e-05	0	-0.03410688	0.9993473	-0.0018892976	2.9633833e-20	-1
0	-0.03410688	0.9993473	-0.0018892976	0	-0.0001256637	0	-0.03410688	0.9993473	-0.0018892976	2.965891e-20	-1
0	-0.034775022	0.9993242	-0.0018891155	0	-0.0002513274	0	-0.034775022	0.9993242	-0.0018891155	2.9709058e-20	-1
0	-0.035449985	0.9993005	-0.0018889207	0	-0.0006283185	0	-0.035449985	0.9993005	-0.0018889207	2.985951e-20	-1
0	-0.036151767	0.9992753	-0.0018887015	0	-0.0010053096	0	-0.036151767	0.9992753	-0.0018887015	3.000996e-20	-1
0	-0.036151767	0.9992753	-0.0018887015	0	-0.001256637	0	-0.036151767	0.9992753	-0.0018887015	3.0110256e-20	-1
0	-0.03792274	0.9992095	-0.0018880403	0	-0.0018849556	0	-0.03792274	0.9992095	-0.0018880403	3.0360986e-20	-1
0	-0.03929937	0.99915624	-0.0018874416	0	-0.002513274	0	-0.03929937	0.99915624	-0.0018874416	3.0611706e-20	-1
0	-0.042336486	0.999032	-0.0018859198	0	-0.0037699111	0	-0.042336486	0.999032	-0.0018859198	3.111311e-20	-1
0	-0.050136387	0.99867046	-0.0018808512	0	-0.0062831854	0	-0.050136387	0.99867046	-0.0018808512	3.211567e-20	-1
0	-0.065322995	0.99779135	-0.0018677386	0	-0.009424778	0	-0.065322995	0.99779135	-0.0018677386	3.336815e-20	-1
0	-0.09498302	0.9954039	-0.0018346065	0	-0.012566371	0	-0.09498302	0.9954039	-0.0018346065	3.4618795e-20	-1
0	0.017649528	-0.99977493	0.0018811324	0	-0.018849555	0	0.017649528	-0.99977493	0.0018811324	2.2083808e-20	-1
0	0.015174119	-0.99981594	0.0018754975	0	-0.025132742	0	0.015174119	-0.99981594	0.0018754975	1.9575064e-20	-1
0	0.011859783	-0.9998616	0.0018629057	0	-0.03769911	0	0.011859783	-0.9998616	0.0018629057	1.4557354e-20	-1
0	0.009732902	-0.99988544	0.0018494967	0	-0.050265484	0	0.009732902	-0.99988544	0.0018494967	9.539473e-21	-1
0	0.008252769	-0.9998995	0.0018357462	0	-0.06283186	0	0.008252769	-0.9998995	0.0018357462	4.521508e-21	-1
0	0.008252769	-0.9998995	0.0018357462	0	-0.06283186	0	0.008252769	-0.9998995	0.0018357462	4.521508e-21	1
0	0.009730021	-0.99988544	0.0018494811	0	-0.050265484	0	0.009730021	-0.99988544	0.0018494811	9.539474e-21	1
0	0.01185542	-0.99986166	0.0018629059	0	-0.03769911	0	0.01185542	-0.99986166	0.0018629059	1.4557353e-20	1
0	0.015174715	-0.99981594	0.0018754972	0	-0.025132742	0	0.015174715	-0.99981594	0.0018754972	1.9575063e-20	1
0	0.017624307	-0.9997753	0.0018811554	0	-0.018849555	0	0.017624307	-0.9997753	0.0018811554	2.2083808e-20	1
0	0.021049447	-0.99970865	0.0018859501	0	-0.012566371	0	0.021049447	-0.99970865	0.0018859501	2.4592419e-20	1
0	0.023294037	-0.9996586	0.001887837	0	-0.009424778	0	0.023294037	-0.9996586	0.001887837	2.584665e-20	1
0	0.026102692	-0.99958897	0.0018892237	0	-0.0062831854	0	0.026102692	-0.99958897	0.0018892237	2.7100809e-20	1
0	0.028877322	-0.99951243	0.0018897557	0	-0.0037699111	0	0.028877322	-0.99951243	0.0018897557	2.810406e-20	1
0	0.030468894	-0.9994651	0.0018898195	0	-0.002513274	0	0.030468894	-0.9994651	0.0018898195	2.8605654e-20	1
0	0.03136088	-0.9994374	0.0018897699	0	-0.0018849556	0	0.03136088	-0.9994374	0.0018897699	2.885644e-20	1
0	0.032280777	-0.99940807	0.0018896542	0	-0.001256637	0	0.032280777	-0.99940807	0.0018896542	2.910722e-20	1
0	0.032280777	-0.99940807	0.0018896542	0	-0.0010053096	0	0.032280777	-0.99940807	0.0018896542	2.920753e-20	1
0	0.03329549	-0.99937475	0.0018894593	0	-0.0006283185	0	0.03329549	-0.99937475	0.0018894593	2.9357994e-20	1
0	0.0339113	-0.999354	0.001889332	0	-0.0002513274	0	0.0339113	-0.999354	0.001889332	2.9508453e-20	1
0	0.0339113	-0.999354	0.001889332	0	-0.0001256637	0	0.0339113	-0.999354	0.001889332	2.9558604e-20	1
0	0.034218997	-0.99934345	0.0018892672	0	-6.283185e-05	0	0.034218997	-0.99934345	0.0018892672	2.9583682e-20	1
0	0.034218997	-0.99934345	0.0018892672	0	-2.5132742e-05	0	0.034218997	-0.99934345	0.0018892672	2.9598726e-20	1
0	0.034218997	-0.99934345	0.0018892672	0	-1.2566371e-05	0	0.034218997	-0.99934345	0.0018892672	2.960374e-20	1
0	0.034218997	-0.99934345	0.0018892672	0	-6.2831855e-06	0	0.034218997	-0.99934345	0.0018892672	2.960625e-20	1
0	0.034218997	-0.99934345	0.0018892672	0	-2.513274e-06	0	0.034218997	-0.99934345	0.0018892672	2.9607754e-20	1
0	0.034218997	-0.99934345	0.0018892672	0	-1.256637e-06	0	0.034218997	-0.99934345	0.0018892672	2.9608255e-20	1
0	0.034218997	-0.99934345	0.0018892672	0	-6.283185e-07	0	0.034218997	-0.99934345	0.0018892672	2.9608507e-20	1
0	0.034218997	-0.99934345	0.0018892672	0	-2.513274e-07	0	0.034218997	-0.99934345	0.0018892672	2.960866e-20	1
0	0.034218997	-0.99934345	0.0018892672	0	-1.256637e-07	0	0.034218997	-0.99934345	0.0018892672	2.9608707e-20	1
0	0.034218997	-0.99934345	0.0018892672	0	0	0	0.034218997	-0.99934345	0.0018892672	2.960876e-20	1
0	0.034218997	-0.99934345	0.0018892672	0	1.256637e-07	0	0.034218997	-0.99934345	0.0018892672	2.9608807e-20	1
0	0.034218997	-0.99934345	0.0018892672	0	2.513274e-07	0	0.034218997	-0.99934345	0.0018892672	2.960886e-20	1
0	0.034218997	-0.99934345	0.0018892672	0	6.283185e-07	0	0.034218997	-0.99934345	0.0018892672	2.9609008e-20	1
0	0.034218997	-0.99934345	0.0018892672	0	1.256637e-06	0	0.034218997	-0.99934345	0.0018892672	2.960926e-20	1
0	0.034218997	-0.99934345	0.0018892672	0	2.513274e-06	0	0.034218997	-0.99934345	0.0018892672	2.960976e-20	1
0	0.034218997	-0.99934345	0.0018892672	0	6.2831855e-06	0	0.034218997	-0.99934345	0.0018892672	2.9611266e-20	1
0	0.034218997	-0.99934345	0.0018892672	0	1.2566371e-05	0	0.034218997	-0.99934345	0.0018892672	2.9613774e-20	1
0	0.034218997	-0.99934345	0.0018892672	0	2.5132742e-05	0	0.034218997	-0.99934345	0.0018892672	2.9618788e-20	1
0	0.034218997	-0.99934345	0.0018892672	0	6.283185e-05	0	0.034218997	-0.99934345	0.0018892672	2.9633833e-20	1
0	0.034218997	-0.99934345	0.0018892672	0	0.0001256637	0	0.034218997	-0.99934345	0.0018892672	2.965891e-20	1
0	0.034779854	-0.999324	0.0018891098	0	0.0002513274	0	0.034779854	-0.999324	0.0018891098	2.970906e-20	1
0	0.0354394	-0.99930084	0.0018889338	0	0.0006283185	0	0.0354394	-0.99930084	0.0018889338	2.9859514e-20	1
0	0.036163554	-0.99927485	0.0018886896	0	0.0010053096	0	0.036163554	-0.99927485	0.0018886896	3.000996e-20	1
0	0.036163554	-0.99927485	0.0018886896	0	0.001256637	0	0.036163554	-0.99927485	0.0018886896	3.011026e-20	1
0	0.037914053	-0.9992099	0.0018880494	0	0.0018849556	0	0.037914053	-0.9992099	0.0018880494	3.0360992e-20	1
0	0.039292037	-0.9991565	0.0018874478	0	0.002513274	0	0.039292037	-0.9991565	0.0018874478	3.0611706e-20	1
0	0.042348854	-0.9990314	0.0018859063	0	0.0037699111	0	0.042348854	-0.9990314	0.0018859063	3.1113106e-20	1
0	0.050168112	-0.9986689	0.0018808162	0	0.0062831854	0	0.050168112	-0.9986689	0.0018808162	3.211567e-20	1
0	0.065337	-0.9977904	0.0018677227	0	0.009424778	0	0.065337	-0.9977904	0.0018677227	3.3368143e-20	1
0	0.09497067	-0.9954051	0.0018346108	0	0.012566371	0	0.09497067	-0.9954051	0.0018346108	3.4618795e-20	1
0	-0.017624687	0.9997753	-0.001881154	0	0.018849555	0	-0.017624687	0.9997753	-0.001881154	2.2083808e-20	1
0	-0.015176581	0.99981594	-0.0018755111	0	0.025132742	0	-0.015176581	0.99981594	-0.0018755111	1.9575064e-20	1
0	-0.0118596805	0.9998616	-0.001862905	0	0.03769911	0	-0.0118596805	0.9998616	-0.001862905	1.4557354e-20	1
0	-0.009734888	0.9998853	-0.0018494979	0	0.050265484	0	-0.009734888	0.9998853	-0.0018494979	9.539475e-21	1
0	-0.008254148	0.9998995	-0.0018357569	0	0.06283186	0	-0.008254148	0.9998995	-0.0018357569	4.5215098e-21	1
