# t (s)	mx ()	my ()	mz ()	B_extx (T)	B_exty (T)	B_extz (T)	mx ()	my ()	mz ()	E_total (J)	branch ()
0	0.98963314	0.14311266	-0.0012376742	0.06283186	0	0	0.98963314	0.14311266	-0.0012376742	2.8902397e-21	-1
0	0.9862064	0.16506296	-0.0012910416	0.050265484	0	0	0.9862064	0.16506296	-0.0012910416	7.848694e-21	-1
0	0.9809822	0.19368547	-0.0013498099	0.03769911	0	0	0.9809822	0.19368547	-0.0013498099	1.2785832e-20	-1
0	0.9726397	0.23194736	-0.0014107717	0.025132742	0	0	0.9726397	0.23194736	-0.0014107717	1.7689671e-20	-1
0	0.9665648	0.25606972	-0.0014395474	0.018849555	0	0	0.9665648	0.25606972	-0.0014395474	2.0122984e-20	-1
0	0.9585399	0.28462198	-0.0014645517	0.012566371	0	0	0.9585399	0.28462198	-0.0014645517	2.253875e-20	-1
0	0.9535428	0.30092883	-0.0014746168	0.009424778	0	0	0.9535428	0.30092883	-0.0014746168	2.3738308e-20	-1
0	0.9477047	0.31882718	-0.0014823228	0.0062831854	0	0	0.9477047	0.31882718	-0.0014823228	2.4931083e-20	-1
0	0.9422819	0.33450472	-0.0014862984	0.0037699111	0	0	0.9422819	0.33450472	-0.0014862984	2.5879635e-20	-1
0	0.9392754	0.3428513	-0.0014873962	0.002513274	0	0	0.9392754	0.3428513	-0.0014873962	2.6351772e-20	-1
0	0.9376937	0.3471511	-0.001487694	0.0018849556	0	0	0.9376937	0.3471511	-0.001487694	2.6587259e-20	-1
0	0.936041	0.35158032	-0.0014878083	0.001256637	0	0	0.936041	0.35158032	-0.0014878083	2.6822343e-20	-1
0	0.936041	0.35158032	-0.0014878083	0.0010053096	0	0	0.936041	0.35158032	-0.0014878083	2.6916294e-20	-1
0	0.93434274	0.35606658	-0.0014877378	0.0006283185	0	0	0.93434274	0.35606658	-0.0014877378	2.705701e-20	-1
0	0.93434274	0.35606658	-0.0014877378	0.0002513274	0	0	0.93434274	0.35606658	-0.0014877378	2.719768e-20	-1
0	0.9329319	0.35974473	-0.0014875357	0.0001256637	0	0	0.9329319	0.35974473	-0.0014875357	2.724443e-20	-1
0	0.9329319	0.35974473	-0.0014875357	6.283185e-05	0	0	0.9329319	0.35974473	-0.0014875357	2.726784e-20	-1
0	0.9329319	0.35974473	-0.0014875357	2.5132742e-05	0	0	0.9329319	0.35974473	-0.0014875357	2.7281887e-20	-1
0	0.9329319	0.35974473	-0.0014875357	1.2566371e-05	0	0	0.9329319	0.35974473	-0.0014875357	2.728657e-20	-1
0	0.9329319	0.35974473	-0.0014875357	6.2831855e-06	0	0	0.9329319	0.35974473	-0.0014875357	2.7288908e-20	-1
0	0.9329319	0.35974473	-0.0014875357	2.513274e-06	0	0	0.9329319	0.35974473	-0.0014875357	2.7290314e-20	-1
0	0.9329319	0.35974473	-0.0014875357	1.256637e-06	0	0	0.9329319	0.35974473	-0.0014875357	2.7290782e-20	-1
0	0.9329319	0.35974473	-0.0014875357	6.283185e-07	0	0	0.9329319	0.35974473	-0.0014875357	2.7291015e-20	-1
0	0.9329319	0.35974473	-0.0014875357	2.513274e-07	0	0	0.9329319	0.35974473	-0.0014875357	2.7291157e-20	-1
0	0.9329319	0.35974473	-0.0014875357	1.256637e-07	0	0	0.9329319	0.35974473	-0.0014875357	2.7291202e-20	-1
0	0.9329319	0.35974473	-0.0014875357	0	0	0	0.9329319	0.35974473	-0.0014875357	2.729125e-20	-1
0	0.9329319	0.35974473	-0.0014875357	-1.256637e-07	0	0	0.9329319	0.35974473	-0.0014875357	2.7291296e-20	-1
0	0.9329319	0.35974473	-0.0014875357	-2.513274e-07	0	0	0.9329319	0.35974473	-0.0014875357	2.7291344e-20	-1
0	0.9329319	0.35974473	-0.0014875357	-6.283185e-07	0	0	0.9329319	0.35974473	-0.0014875357	2.7291483e-20	-1
0	0.9329319	0.35974473	-0.0014875357	-1.256637e-06	0	0	0.9329319	0.35974473	-0.0014875357	2.7291716e-20	-1
0	0.9329319	0.35974473	-0.0014875357	-2.513274e-06	0	0	0.9329319	0.35974473	-0.0014875357	2.7292185e-20	-1
0	0.9329319	0.35974473	-0.0014875357	-6.2831855e-06	0	0	0.9329319	0.35974473	-0.0014875357	2.729359e-20	-1
0	0.9329319	0.35974473	-0.0014875357	-1.2566371e-05	0	0	0.9329319	0.35974473	-0.0014875357	2.7295933e-20	-1
0	0.9329319	0.35974473	-0.0014875357	-2.5132742e-05	0	0	0.9329319	0.35974473	-0.0014875357	2.7300615e-20	-1
0	0.9329319	0.35974473	-0.0014875357	-6.283185e-05	0	0	0.9329319	0.35974473	-0.0014875357	2.731466e-20	-1
0	0.9329319	0.35974473	-0.0014875357	-0.0001256637	0	0	0.9329319	0.35974473	-0.0014875357	2.7338067e-20	-1
0	0.9329319	0.35974473	-0.0014875357	-0.0002513274	0	0	0.9329319	0.35974473	-0.0014875357	2.7384887e-20	-1
0	0.93073165	0.36539608	-0.0014869783	-0.0006283185	0	0	0.93073165	0.36539608	-0.0014869783	2.7525013e-20	-1
0	0.93073165	0.36539608	-0.0014869783	-0.0010053096	0	0	0.93073165	0.36539608	-0.0014869783	2.766514e-20	-1
0	0.92881763	0.3702317	-0.001486267	-0.001256637	0	0	0.92881763	0.3702317	-0.001486267	2.7758317e-20	-1
0	0.9268257	0.37518764	-0.0014853186	-0.0018849556	0	0	0.9268257	0.37518764	-0.0014853186	2.7991136e-20	-1
0	0.9247545	0.38026124	-0.0014841228	-0.002513274	0	0	0.9247545	0.38026124	-0.0014841228	2.8223438e-20	-1
0	0.92033756	0.39082438	-0.001480914	-0.0037699111	0	0	0.92033756	0.39082438	-0.001480914	2.8686433e-20	-1
0	0.910232	0.41380292	-0.0014707523	-0.0062831854	0	0	0.910232	0.41380292	-0.0014707523	2.960526e-20	-1
0	0.8944013	0.44697583	-0.0014491163	-0.009424778	0	0	0.8944013	0.44697583	-0.0014491163	3.0737767e-20	-1
0	0.87287676	0.48765802	-0.0014132243	-0.012566371	0	0	0.87287676	0.48765802	-0.0014132243	3.1847184e-20	-1
0	-0.96656585	-0.25606537	0.0014395437	-0.018849555	0	0	-0.96656585	-0.25606537	0.0014395437	2.0122983e-20	-1
0	-0.97263765	-0.23195577	0.0014107814	-0.025132742	0	0	-0.97263765	-0.23195577	0.0014107814	1.768967e-20	-1
0	-0.98098123	-0.19369045	0.0013498184	-0.03769911	0	0	-0.98098123	-0.19369045	0.0013498184	1.2785833e-20	-1
0	-0.98620605	-0.16506478	0.0012910382	-0.050265484	0	0	-0.98620605	-0.16506478	0.0012910382	7.848697e-21	-1
0	-0.9896326	-0.14311641	0.0012376814	-0.06283186	0	0	-0.9896326	-0.14311641	0.0012376814	2.8902452e-21	-1
0	-0.9896326	-0.14311641	0.0012376814	-0.06283186	0	0	-0.9896326	-0.14311641	0.0012376814	2.8902452e-21	1
0	-0.98620677	-0.16506025	0.0012910361	-0.050265484	0	0	-0.98620677	-0.16506025	0.0012910361	7.848694e-21	1
0	-0.9809822	-0.19368562	0.0013498104	-0.03769911	0	0	-0.9809822	-0.19368562	0.0013498104	1.2785831e-20	1
0	-0.97263956	-0.23194814	0.0014107727	-0.025132742	0	0	-0.97263956	-0.23194814	0.0014107727	1.768967e-20	1
0	-0.9665638	-0.25607312	0.0014395446	-0.018849555	0	0	-0.9665638	-0.25607312	0.0014395446	2.0122986e-20	1
0	-0.9585407	-0.28461948	0.0014645414	-0.012566371	0	0	-0.9585407	-0.28461948	0.0014645414	2.2538752e-20	1
0	-0.9535463	-0.30091792	0.0014746131	-0.009424778	0	0	-0.9535463	-0.30091792	0.0014746131	2.373831e-20	1
0	-0.94770044	-0.31883985	0.0014823256	-0.0062831854	0	0	-0.94770044	-0.31883985	0.0014823256	2.4931081e-20	1
0	-0.94228154	-0.33450568	0.0014862985	-0.0037699111	0	0	-0.94228154	-0.33450568	0.0014862985	2.5879631e-20	1
0	-0.9392773	-0.34284586	0.0014873962	-0.002513274	0	0	-0.9392773	-0.34284586	0.0014873962	2.6351772e-20	1
0	-0.93769187	-0.34715605	0.0014876935	-0.0018849556	0	0	-0.93769187	-0.34715605	0.0014876935	2.6587257e-20	1
0	-0.9360504	-0.3515554	0.0014878113	-0.001256637	0	0	-0.9360504	-0.3515554	0.0014878113	2.6822343e-20	1
0	-0.9360504	-0.3515554	0.0014878113	-0.0010053096	0	0	-0.9360504	-0.3515554	0.0014878113	2.6916294e-20	1
0	-0.9343424	-0.35606736	0.0014877357	-0.0006283185	0	0	-0.9343424	-0.35606736	0.0014877357	2.7057008e-20	1
0	-0.9332901	-0.35881487	0.0014875992	-0.0002513274	0	0	-0.9332901	-0.35881487	0.0014875992	2.71976e-20	1
0	-0.9332901	-0.35881487	0.0014875992	-0.0001256637	0	0	-0.9332901	-0.35881487	0.0014875992	2.7244437e-20	1
0	-0.9332901	-0.35881487	0.0014875992	-6.283185e-05	0	0	-0.9332901	-0.35881487	0.0014875992	2.7267857e-20	1
0	-0.9332901	-0.35881487	0.0014875992	-2.5132742e-05	0	0	-0.9332901	-0.35881487	0.0014875992	2.728191e-20	1
0	-0.9332901	-0.35881487	0.0014875992	-1.2566371e-05	0	0	-0.9332901	-0.35881487	0.0014875992	2.728659e-20	1
0	-0.9332901	-0.35881487	0.0014875992	-6.2831855e-06	0	0	-0.9332901	-0.35881487	0.0014875992	2.7288934e-20	1
0	-0.9332901	-0.35881487	0.0014875992	-2.513274e-06	0	0	-0.9332901	-0.35881487	0.0014875992	2.729034e-20	1
0	-0.9332901	-0.35881487	0.0014875992	-1.256637e-06	0	0	-0.9332901	-0.35881487	0.0014875992	2.7290808e-20	1
0	-0.9332901	-0.35881487	0.0014875992	-6.283185e-07	0	0	-0.9332901	-0.35881487	0.0014875992	2.729104e-20	1
0	-0.9332901	-0.35881487	0.0014875992	-2.513274e-07	0	0	-0.9332901	-0.35881487	0.0014875992	2.7291183e-20	1
0	-0.9332901	-0.35881487	0.0014875992	-1.256637e-07	0	0	-0.9332901	-0.35881487	0.0014875992	2.7291228e-20	1
0	-0.9332901	-0.35881487	0.0014875992	0	0	0	-0.9332901	-0.35881487	0.0014875992	2.7291277e-20	1
0	-0.9332901	-0.35881487	0.0014875992	1.256637e-07	0	0	-0.9332901	-0.35881487	0.0014875992	2.7291322e-20	1
0	-0.9332901	-0.35881487	0.0014875992	2.513274e-07	0	0	-0.9332901	-0.35881487	0.0014875992	2.729137e-20	1
0	-0.9332901	-0.35881487	0.0014875992	6.283185e-07	0	0	-0.9332901	-0.35881487	0.0014875992	2.729151e-20	1
0	-0.9332901	-0.35881487	0.0014875992	1.256637e-06	0	0	-0.9332901	-0.35881487	0.0014875992	2.7291745e-20	1
0	-0.9332901	-0.35881487	0.0014875992	2.513274e-06	0	0	-0.9332901	-0.35881487	0.0014875992	2.7292214e-20	1
0	-0.9332901	-0.35881487	0.0014875992	6.2831855e-06	0	0	-0.9332901	-0.35881487	0.0014875992	2.729362e-20	1
0	-0.9332901	-0.35881487	0.0014875992	1.2566371e-05	0	0	-0.9332901	-0.35881487	0.0014875992	2.729596e-20	1
0	-0.9332901	-0.35881487	0.0014875992	2.5132742e-05	0	0	-0.9332901	-0.35881487	0.0014875992	2.7300644e-20	1
0	-0.9332901	-0.35881487	0.0014875992	6.283185e-05	0	0	-0.9332901	-0.35881487	0.0014875992	2.7314696e-20	1
0	-0.9332901	-0.35881487	0.0014875992	0.0001256637	0	0	-0.9332901	-0.35881487	0.0014875992	2.7338112e-20	1
0	-0.93184525	-0.36254844	0.0014872962	0.0002513274	0	0	-0.93184525	-0.36254844	0.0014872962	2.7384803e-20	1
0	-0.93184525	-0.36254844	0.0014872962	0.0006283185	0	0	-0.93184525	-0.36254844	0.0014872962	2.7525097e-20	1
0	-0.92959094	-0.36828697	0.0014865766	0.0010053096	0	0	-0.92959094	-0.36828697	0.0014865766	2.7665052e-20	1
0	-0.92959094	-0.36828697	0.0014865766	0.001256637	0	0	-0.92959094	-0.36828697	0.0014865766	2.7758356e-20	1
0	-0.9268284	-0.37518102	0.0014853212	0.0018849556	0	0	-0.9268284	-0.37518102	0.0014853212	2.7991133e-20	1
0	-0.9247565	-0.38025624	0.0014841252	0.002513274	0	0	-0.9247565	-0.38025624	0.0014841252	2.8223438e-20	1
0	-0.9203383	-0.39082283	0.0014809158	0.0037699111	0	0	-0.9203383	-0.39082283	0.0014809158	2.8686436e-20	1
0	-0.910231	-0.4138051	0.0014707604	0.0062831854	0	0	-0.910231	-0.4138051	0.0014707604	2.9605256e-20	1
0	-0.8943939	-0.44699067	0.0014491032	0.009424778	0	0	-0.8943939	-0.44699067	0.0014491032	3.0737767e-20	1
0	-0.8728951	-0.48762524	0.0014132592	0.012566371	0	0	-0.8728951	-0.48762524	0.0014132592	3.1847187e-20	1
0	0.9665586	0.25609308	-0.0014395679	0.018849555	0	0	0.9665586	0.25609308	-0.0014395679	2.0122984e-20	1
0	0.97263885	0.23195107	-0.0014107767	0.025132742	0	0	0.97263885	0.23195107	-0.0014107767	1.7689671e-20	1
0	0.980981	0.19369179	-0.0013498235	0.03769911	0	0	0.980981	0.19369179	-0.0013498235	1.2785832e-20	1
0	0.9862062	0.16506438	-0.0012910444	0.050265484	0	0	0.9862062	0.16506438	-0.0012910444	7.848694e-21	1
0	0.98963255	0.14311662	-0.0012376822	0.06283186	0	0	0.98963255	0.14311662	-0.0012376822	2.890241e-21	1
