# t (s)	mx ()	my ()	mz ()	B_extx (T)	B_exty (T)	B_extz (T)	mx ()	my ()	mz ()	E_total (J)	branch ()
0	0.9995817	0.026295278	0.0041452935	0.06283186	0	0	0.9995817	0.026295278	0.0041452935	2.485057e-21	-1
0	0.9994761	0.030013677	0.004180707	0.050265484	0	0	0.9994761	0.030013677	0.004180707	7.501217e-21	-1
0	0.99931455	0.03495042	0.0042172708	0.03769911	0	0	0.99931455	0.03495042	0.0042172708	1.2516718e-20	-1
0	0.9990499	0.041809175	0.0042549814	0.025132742	0	0	0.9990499	0.041809175	0.0042549814	1.7531177e-20	-1
0	0.99884856	0.04635958	0.004274169	0.018849555	0	0	0.99884856	0.04635958	0.004274169	2.0037809e-20	-1
0	0.99856985	0.05200392	0.004293363	0.012566371	0	0	0.99856985	0.05200392	0.004293363	2.254384e-20	-1
0	0.99838805	0.05537936	0.0043028565	0.009424778	0	0	0.99838805	0.05537936	0.0043028565	2.3796563e-20	-1
0	0.99816763	0.059212565	0.004312164	0.0062831854	0	0	0.99816763	0.059212565	0.004312164	2.504903e-20	-1
0	0.99795496	0.062687755	0.004319397	0.0037699111	0	0	0.99795496	0.062687755	0.004319397	2.605079e-20	-1
0	0.99783456	0.06457415	0.004322904	0.002513274	0	0	0.99783456	0.06457415	0.004322904	2.6551585e-20	-1
0	0.99776983	0.06556463	0.004324627	0.0018849556	0	0	0.99776983	0.06556463	0.004324627	2.6801957e-20	-1
0	0.997702	0.06658788	0.0043263226	0.001256637	0	0	0.997702	0.06658788	0.0043263226	2.7052315e-20	-1
0	0.997702	0.06658788	0.0043263226	0.0010053096	0	0	0.997702	0.06658788	0.0043263226	2.7152452e-20	-1
0	0.99763155	0.067632675	0.0043280134	0.0006283185	0	0	0.99763155	0.067632675	0.0043280134	2.7302654e-20	-1
0	0.9975873	0.068281665	0.004328979	0.0002513274	0	0	0.9975873	0.068281665	0.004328979	2.7452848e-20	-1
0	0.9975873	0.068281665	0.004328979	0.0001256637	0	0	0.9975873	0.068281665	0.004328979	2.7502912e-20	-1
0	0.9975873	0.068281665	0.004328979	6.283185e-05	0	0	0.9975873	0.068281665	0.004328979	2.7527944e-20	-1
0	0.9975873	0.068281665	0.004328979	2.5132742e-05	0	0	0.9975873	0.068281665	0.004328979	2.7542966e-20	-1
0	0.9975873	0.068281665	0.004328979	1.2566371e-05	0	0	0.9975873	0.068281665	0.004328979	2.754797e-20	-1
0	0.9975873	0.068281665	0.004328979	6.2831855e-06	0	0	0.9975873	0.068281665	0.004328979	2.7550475e-20	-1
0	0.9975873	0.068281665	0.004328979	2.513274e-06	0	0	0.9975873	0.068281665	0.004328979	2.7551977e-20	-1
0	0.9975873	0.068281665	0.004328979	1.256637e-06	0	0	0.9975873	0.068281665	0.004328979	2.7552478e-20	-1
0	0.9975873	0.068281665	0.004328979	6.283185e-07	0	0	0.9975873	0.068281665	0.004328979	2.7552727e-20	-1
0	0.9975873	0.068281665	0.004328979	2.513274e-07	0	0	0.9975873	0.068281665	0.004328979	2.7552876e-20	-1
0	0.9975873	0.068281665	0.004328979	1.256637e-07	0	0	0.9975873	0.068281665	0.004328979	2.7552927e-20	-1
0	0.9975873	0.068281665	0.004328979	0	0	0	0.9975873	0.068281665	0.004328979	2.7552976e-20	-1
0	0.9975873	0.068281665	0.004328979	-1.256637e-07	0	0	0.9975873	0.068281665	0.004328979	2.7553028e-20	-1
0	0.9975873	0.068281665	0.004328979	-2.513274e-07	0	0	0.9975873	0.068281665	0.004328979	2.7553076e-20	-1
0	0.9975873	0.068281665	0.004328979	-6.283185e-07	0	0	0.9975873	0.068281665	0.004328979	2.7553228e-20	-1
0	0.9975873	0.068281665	0.004328979	-1.256637e-06	0	0	0.9975873	0.068281665	0.004328979	2.7553477e-20	-1
0	0.9975873	0.068281665	0.004328979	-2.513274e-06	0	0	0.9975873	0.068281665	0.004328979	2.7553978e-20	-1
0	0.9975873	0.068281665	0.004328979	-6.2831855e-06	0	0	0.9975873	0.068281665	0.004328979	2.755548e-20	-1
0	0.9975873	0.068281665	0.004328979	-1.2566371e-05	0	0	0.9975873	0.068281665	0.004328979	2.7557984e-20	-1
0	0.9975873	0.068281665	0.004328979	-2.5132742e-05	0	0	0.9975873	0.068281665	0.004328979	2.756299e-20	-1
0	0.9975491	0.06883678	0.004329792	-6.283185e-05	0	0	0.9975491	0.06883678	0.004329792	2.7578008e-20	-1
0	0.9975491	0.06883678	0.004329792	-0.0001256637	0	0	0.9975491	0.06883678	0.004329792	2.760304e-20	-1
0	0.9975491	0.06883678	0.004329792	-0.0002513274	0	0	0.9975491	0.06883678	0.004329792	2.76531e-20	-1
0	0.9974792	0.06984043	0.004331236	-0.0006283185	0	0	0.9974792	0.06984043	0.004331236	2.7803276e-20	-1
0	0.99743056	0.070531614	0.004332183	-0.0010053096	0	0	0.99743056	0.070531614	0.004332183	2.795345e-20	-1
0	0.99743056	0.070531614	0.004332183	-0.001256637	0	0	0.99743056	0.070531614	0.004332183	2.8053562e-20	-1
0	0.99731123	0.07219744	0.004334332	-0.0018849556	0	0	0.99731123	0.07219744	0.004334332	2.8303823e-20	-1
0	0.9972203	0.07344138	0.004335818	-0.002513274	0	0	0.9972203	0.07344138	0.004335818	2.855406e-20	-1
0	0.9970257	0.07603422	0.0043386295	-0.0037699111	0	0	0.9970257	0.07603422	0.0043386295	2.9054473e-20	-1
0	0.9965657	0.081836656	0.0043434864	-0.0062831854	0	0	0.9965657	0.081836656	0.0043434864	3.0054965e-20	-1
0	0.99581265	0.09053135	0.0043474045	-0.009424778	0	0	0.99581265	0.09053135	0.0043474045	3.130483e-20	-1
0	0.9947752	0.10128711	0.0043474566	-0.012566371	0	0	0.9947752	0.10128711	0.0043474566	3.2553586e-20	-1
0	0.9909793	0.13338074	0.0043207346	-0.018849555	0	0	0.9909793	0.13338074	0.0043207346	3.5045642e-20	-1
0	0.9787401	0.20464844	0.004140868	-0.025132742	0	0	0.9787401	0.20464844	0.004140868	3.7520715e-20	-1
0	-0.9993144	-0.034954064	-0.004217292	-0.03769911	0	0	-0.9993144	-0.034954064	-0.004217292	1.25167185e-20	-1
0	-0.99947596	-0.030016806	-0.0041807136	-0.050265484	0	0	-0.99947596	-0.030016806	-0.0041807136	7.5012115e-21	-1
0	-0.9995816	-0.02630017	-0.004145299	-0.06283186	0	0	-0.9995816	-0.02630017	-0.004145299	2.4850541e-21	-1
0	-0.9995816	-0.02630017	-0.004145299	-0.06283186	0	0	-0.9995816	-0.02630017	-0.004145299	2.4850541e-21	1
0	-0.999476	-0.030015193	-0.0041807084	-0.050265484	0	0	-0.999476	-0.030015193	-0.0041807084	7.501216e-21	1
0	-0.99931455	-0.03495043	-0.0042172717	-0.03769911	0	0	-0.99931455	-0.03495043	-0.0042172717	1.2516719e-20	1
0	-0.9990498	-0.041814335	-0.004254981	-0.025132742	0	0	-0.9990498	-0.041814335	-0.004254981	1.7531175e-20	1
0	-0.9988491	-0.04634746	-0.004274163	-0.018849555	0	0	-0.9988491	-0.04634746	-0.004274163	2.0037809e-20	1
0	-0.9985696	-0.052009687	-0.0042933626	-0.012566371	0	0	-0.9985696	-0.052009687	-0.0042933626	2.254384e-20	1
0	-0.9983881	-0.055377245	-0.0043028546	-0.009424778	0	0	-0.9983881	-0.055377245	-0.0043028546	2.379656e-20	1
0	-0.99816704	-0.059222043	-0.004312166	-0.0062831854	0	0	-0.99816704	-0.059222043	-0.004312166	2.504903e-20	1
0	-0.9979553	-0.06268368	-0.004319395	-0.0037699111	0	0	-0.9979553	-0.06268368	-0.004319395	2.6050792e-20	1
0	-0.99783444	-0.06457634	-0.0043228734	-0.002513274	0	0	-0.99783444	-0.06457634	-0.0043228734	2.6551586e-20	1
0	-0.9977696	-0.06556842	-0.004324627	-0.0018849556	0	0	-0.9977696	-0.06556842	-0.004324627	2.6801956e-20	1
0	-0.9977019	-0.06658913	-0.0043263226	-0.001256637	0	0	-0.9977019	-0.06658913	-0.0043263226	2.7052318e-20	1
0	-0.9977019	-0.06658913	-0.0043263226	-0.0010053096	0	0	-0.9977019	-0.06658913	-0.0043263226	2.715246e-20	1
0	-0.99763155	-0.06763382	-0.004327992	-0.0006283185	0	0	-0.99763155	-0.06763382	-0.004327992	2.7302654e-20	1
0	-0.99758697	-0.06828618	-0.0043289815	-0.0002513274	0	0	-0.99758697	-0.06828618	-0.0043289815	2.745285e-20	1
0	-0.99758697	-0.06828618	-0.0043289815	-0.0001256637	0	0	-0.99758697	-0.06828618	-0.0043289815	2.7502915e-20	1
0	-0.99758697	-0.06828618	-0.0043289815	-6.283185e-05	0	0	-0.99758697	-0.06828618	-0.0043289815	2.7527947e-20	1
0	-0.99758697	-0.06828618	-0.0043289815	-2.5132742e-05	0	0	-0.99758697	-0.06828618	-0.0043289815	2.7542966e-20	1
0	-0.99758697	-0.06828618	-0.0043289815	-1.2566371e-05	0	0	-0.99758697	-0.06828618	-0.0043289815	2.7547974e-20	1
0	-0.99758697	-0.06828618	-0.0043289815	-6.2831855e-06	0	0	-0.99758697	-0.06828618	-0.0043289815	2.7550478e-20	1
0	-0.99758697	-0.06828618	-0.0043289815	-2.513274e-06	0	0	-0.99758697	-0.06828618	-0.0043289815	2.7551977e-20	1
0	-0.99758697	-0.06828618	-0.0043289815	-1.256637e-06	0	0	-0.99758697	-0.06828618	-0.0043289815	2.7552478e-20	1
0	-0.99758697	-0.06828618	-0.0043289815	-6.283185e-07	0	0	-0.99758697	-0.06828618	-0.0043289815	2.755273e-20	1
0	-0.99758697	-0.06828618	-0.0043289815	-2.513274e-07	0	0	-0.99758697	-0.06828618	-0.0043289815	2.755288e-20	1
0	-0.99758697	-0.06828618	-0.0043289815	-1.256637e-07	0	0	-0.99758697	-0.06828618	-0.0043289815	2.755293e-20	1
0	-0.99758697	-0.06828618	-0.0043289815	0	0	0	-0.99758697	-0.06828618	-0.0043289815	2.755298e-20	1
0	-0.99758697	-0.06828618	-0.0043289815	1.256637e-07	0	0	-0.99758697	-0.06828618	-0.0043289815	2.755303e-20	1
0	-0.99758697	-0.06828618	-0.0043289815	2.513274e-07	0	0	-0.99758697	-0.06828618	-0.0043289815	2.755308e-20	1
0	-0.99758697	-0.06828618	-0.0043289815	6.283185e-07	0	0	-0.99758697	-0.06828618	-0.0043289815	2.755323e-20	1
0	-0.99758697	-0.06828618	-0.0043289815	1.256637e-06	0	0	-0.99758697	-0.06828618	-0.0043289815	2.755348e-20	1
0	-0.99758697	-0.06828618	-0.0043289815	2.513274e-06	0	0	-0.99758697	-0.06828618	-0.0043289815	2.755398e-20	1
0	-0.99758697	-0.06828618	-0.0043289815	6.2831855e-06	0	0	-0.99758697	-0.06828618	-0.0043289815	2.7555483e-20	1
0	-0.99758697	-0.06828618	-0.0043289815	1.2566371e-05	0	0	-0.99758697	-0.06828618	-0.0043289815	2.7557987e-20	1
0	-0.99758697	-0.06828618	-0.0043289815	2.5132742e-05	0	0	-0.99758697	-0.06828618	-0.0043289815	2.7562992e-20	1
0	-0.99758697	-0.06828618	-0.0043289815	6.283185e-05	0	0	-0.99758697	-0.06828618	-0.0043289815	2.757801e-20	1
0	-0.9975418	-0.06894231	-0.0043299543	0.0001256637	0	0	-0.9975418	-0.06894231	-0.0043299543	2.7603036e-20	1
0	-0.9975418	-0.06894231	-0.0043299543	0.0002513274	0	0	-0.9975418	-0.06894231	-0.0043299543	2.76531e-20	1
0	-0.99747866	-0.06984894	-0.004331234	0.0006283185	0	0	-0.99747866	-0.06984894	-0.004331234	2.780328e-20	1
0	-0.9974302	-0.070536956	-0.004332181	0.0010053096	0	0	-0.9974302	-0.070536956	-0.004332181	2.795345e-20	1
0	-0.9974302	-0.070536956	-0.004332181	0.001256637	0	0	-0.9974302	-0.070536956	-0.004332181	2.8053566e-20	1
0	-0.9973109	-0.07220256	-0.0043343375	0.0018849556	0	0	-0.9973109	-0.07220256	-0.0043343375	2.8303823e-20	1
0	-0.99722004	-0.07344391	-0.004335814	0.002513274	0	0	-0.99722004	-0.07344391	-0.004335814	2.8554065e-20	1
0	-0.9970247	-0.07604721	-0.004338625	0.0037699111	0	0	-0.9970247	-0.07604721	-0.004338625	2.9054473e-20	1
0	-0.9965646	-0.08184953	-0.004343481	0.0062831854	0	0	-0.9965646	-0.08184953	-0.004343481	3.0054958e-20	1
0	-0.99581337	-0.09052315	-0.004347414	0.009424778	0	0	-0.99581337	-0.09052315	-0.004347414	3.130483e-20	1
0	-0.99477595	-0.10127993	-0.004347464	0.012566371	0	0	-0.99477595	-0.10127993	-0.004347464	3.2553586e-20	1
0	-0.9909789	-0.13338393	-0.0043207435	0.018849555	0	0	-0.9909789	-0.13338393	-0.0043207435	3.5045642e-20	1
0	-0.97874534	-0.20462343	-0.004140963	0.025132742	0	0	-0.97874534	-0.20462343	-0.004140963	3.752072e-20	1
0	0.99931455	0.034950823	0.0042172708	0.03769911	0	0	0.99931455	0.034950823	0.0042172708	1.2516719e-20	1
0	0.99947584	0.030018765	0.0041807117	0.050265484	0	0	0.99947584	0.030018765	0.0041807117	7.501216e-21	1
0	0.9995816	0.026301613	0.0041453	0.06283186	0	0	0.9995816	0.026301613	0.0041453	2.4850553e-21	1
