# t (s)	mx ()	my ()	mz ()	B_extx (T)	B_exty (T)	B_extz (T)	mx ()	my ()	mz ()	E_total (J)	branch ()
0	-0.03830509	0.9992006	-0.00020915986	0	0.06283186	0	-0.03830509	0.9992006	-0.00020915986	4.6186898e-21	-1
0	-0.045447685	0.9989002	-0.00022058192	0	0.050265484	0	-0.045447685	0.9989002	-0.00022058192	9.6324964e-21	-1
0	-0.055781133	0.9983753	-0.00023659706	0	0.03769911	0	-0.055781133	0.9983753	-0.00023659706	1.4644299e-20	-1
0	-0.0719689	0.9973376	-0.00026104972	0	0.025132742	0	-0.0719689	0.9973376	-0.00026104972	1.9652369e-20	-1
0	-0.083992645	0.9963959	-0.00027892264	0	0.018849555	0	-0.083992645	0.9963959	-0.00027892264	2.2153847e-20	-1
0	-0.100601725	0.99485457	-0.00030333968	0	0.012566371	0	-0.100601725	0.99485457	-0.00030333968	2.465229e-20	-1
0	-0.11147908	0.9936935	-0.0003191819	0	0.009424778	0	-0.11147908	0.9936935	-0.0003191819	2.5899768e-20	-1
0	-0.124857366	0.9920999	-0.000338511	0	0.0062831854	0	-0.124857366	0.9920999	-0.000338511	2.7145538e-20	-1
0	-0.13798432	0.990358	-0.00035729317	0	0.0037699111	0	-0.13798432	0.990358	-0.00035729317	2.814048e-20	-1
0	-0.14559181	0.98926735	-0.00036808936	0	0.002513274	0	-0.14559181	0.98926735	-0.00036808936	2.8637222e-20	-1
0	-0.1497154	0.9886513	-0.0003739117	0	0.0018849556	0	-0.1497154	0.9886513	-0.0003739117	2.8885373e-20	-1
0	-0.15408456	0.9879792	-0.00038005592	0	0.001256637	0	-0.15408456	0.9879792	-0.00038005592	2.9133372e-20	-1
0	-0.15408456	0.9879792	-0.00038005592	0	0.0010053096	0	-0.15408456	0.9879792	-0.00038005592	2.9232537e-20	-1
0	-0.15869471	0.98724854	-0.00038651144	0	0.0006283185	0	-0.15869471	0.98724854	-0.00038651144	2.9381187e-20	-1
0	-0.16159275	0.986778	-0.00039055455	0	0.0002513274	0	-0.16159275	0.986778	-0.00039055455	2.9529786e-20	-1
0	-0.16257325	0.9866168	-0.00039191998	0	0.0001256637	0	-0.16257325	0.9866168	-0.00039191998	2.957931e-20	-1
0	-0.16309024	0.9865314	-0.0003926389	0	6.283185e-05	0	-0.16309024	0.9865314	-0.0003926389	2.9604064e-20	-1
0	-0.16309024	0.9865314	-0.0003926389	0	2.5132742e-05	0	-0.16309024	0.9865314	-0.0003926389	2.9618918e-20	-1
0	-0.16309024	0.9865314	-0.0003926389	0	1.2566371e-05	0	-0.16309024	0.9865314	-0.0003926389	2.9623868e-20	-1
0	-0.16309024	0.9865314	-0.0003926389	0	6.2831855e-06	0	-0.16309024	0.9865314	-0.0003926389	2.9626343e-20	-1
0	-0.16309024	0.9865314	-0.0003926389	0	2.513274e-06	0	-0.16309024	0.9865314	-0.0003926389	2.962783e-20	-1
0	-0.16309024	0.9865314	-0.0003926389	0	1.256637e-06	0	-0.16309024	0.9865314	-0.0003926389	2.9628324e-20	-1
0	-0.16309024	0.9865314	-0.0003926389	0	6.283185e-07	0	-0.16309024	0.9865314	-0.0003926389	2.962857e-20	-1
0	-0.16309024	0.9865314	-0.0003926389	0	2.513274e-07	0	-0.16309024	0.9865314	-0.0003926389	2.9628718e-20	-1
0	-0.16309024	0.9865314	-0.0003926389	0	1.256637e-07	0	-0.16309024	0.9865314	-0.0003926389	2.962877e-20	-1
0	-0.16309024	0.9865314	-0.0003926389	0	0	0	-0.16309024	0.9865314	-0.0003926389	2.9628818e-20	-1
0	-0.16309024	0.9865314	-0.0003926389	0	-1.256637e-07	0	-0.16309024	0.9865314	-0.0003926389	2.9628866e-20	-1
0	-0.16309024	0.9865314	-0.0003926389	0	-2.513274e-07	0	-0.16309024	0.9865314	-0.0003926389	2.9628918e-20	-1
0	-0.16309024	0.9865314	-0.0003926389	0	-6.283185e-07	0	-0.16309024	0.9865314	-0.0003926389	2.9629067e-20	-1
0	-0.16309024	0.9865314	-0.0003926389	0	-1.256637e-06	0	-0.16309024	0.9865314	-0.0003926389	2.9629312e-20	-1
0	-0.16309024	0.9865314	-0.0003926389	0	-2.513274e-06	0	-0.16309024	0.9865314	-0.0003926389	2.9629807e-20	-1
0	-0.16309024	0.9865314	-0.0003926389	0	-6.2831855e-06	0	-0.16309024	0.9865314	-0.0003926389	2.9631293e-20	-1
0	-0.16309024	0.9865314	-0.0003926389	0	-1.2566371e-05	0	-0.16309024	0.9865314	-0.0003926389	2.9633768e-20	-1
0	-0.16309024	0.9865314	-0.0003926389	0	-2.5132742e-05	0	-0.16309024	0.9865314	-0.0003926389	2.9638718e-20	-1
0	-0.16309024	0.9865314	-0.0003926389	0	-6.283185e-05	0	-0.16309024	0.9865314	-0.0003926389	2.9653572e-20	-1
0	-0.16309024	0.9865314	-0.0003926389	0	-0.0001256637	0	-0.16309024	0.9865314	-0.0003926389	2.9678326e-20	-1
0	-0.16309024	0.9865314	-0.0003926389	0	-0.0002513274	0	-0.16309024	0.9865314	-0.0003926389	2.9727837e-20	-1
0	-0.16879094	0.98557127	-0.00040054473	0	-0.0006283185	0	-0.16879094	0.98557127	-0.00040054473	2.9876232e-20	-1
0	-0.1720956	0.9849992	-0.0004051156	0	-0.0010053096	0	-0.1720956	0.9849992	-0.0004051156	3.002457e-20	-1
0	-0.17435798	0.9846009	-0.00040821588	0	-0.001256637	0	-0.17435798	0.9846009	-0.00040821588	3.0123414e-20	-1
0	-0.18029937	0.98352945	-0.00041634875	0	-0.0018849556	0	-0.18029937	0.98352945	-0.00041634875	3.037034e-20	-1
0	-0.18667632	0.98233813	-0.00042501115	0	-0.002513274	0	-0.18667632	0.98233813	-0.00042501115	3.061699e-20	-1
0	-0.20098747	0.97950816	-0.00044418377	0	-0.0037699111	0	-0.20098747	0.97950816	-0.00044418377	3.1109287e-20	-1
0	-0.23896614	0.9709352	-0.0004929749	0	-0.0062831854	0	-0.23896614	0.9709352	-0.0004929749	3.208854e-20	-1
0	-0.35507357	0.93471813	-0.0006154947	0	-0.009424778	0	-0.35507357	0.93471813	-0.0006154947	3.329201e-20	-1
0	-0.88835764	-0.4588647	0.0006064861	0	-0.012566371	0	-0.88835764	-0.4588647	0.0006064861	2.5850553e-20	-1
0	0.08401014	-0.9963944	0.00027894764	0	-0.018849555	0	0.08401014	-0.9963944	0.00027894764	2.2153847e-20	-1
0	0.071973875	-0.9973372	0.00026105682	0	-0.025132742	0	0.071973875	-0.9973372	0.00026105682	1.9652365e-20	-1
0	0.05578468	-0.9983751	0.00023659834	0	-0.03769911	0	0.05578468	-0.9983751	0.00023659834	1.4644296e-20	-1
0	0.045446523	-0.9989003	0.00022057783	0	-0.050265484	0	0.045446523	-0.9989003	0.00022057783	9.632496e-21	-1
0	0.038307235	-0.99920046	0.00020916291	0	-0.06283186	0	0.038307235	-0.99920046	0.00020916291	4.6186898e-21	-1
0	0.038307235	-0.99920046	0.00020916291	0	-0.06283186	0	0.038307235	-0.99920046	0.00020916291	4.6186898e-21	1
0	0.045446027	-0.9989003	0.00022057959	0	-0.050265484	0	0.045446027	-0.9989003	0.00022057959	9.632496e-21	1
0	0.0557812	-0.9983753	0.00023659616	0	-0.03769911	0	0.0557812	-0.9983753	0.00023659616	1.4644297e-20	1
0	0.07196996	-0.99733746	0.00026105088	0	-0.025132742	0	0.07196996	-0.99733746	0.00026105088	1.9652367e-20	1
0	0.08399597	-0.9963956	0.00027892756	0	-0.018849555	0	0.08399597	-0.9963956	0.00027892756	2.2153847e-20	1
0	0.10059287	-0.9948555	0.00030332533	0	-0.012566371	0	0.10059287	-0.9948555	0.00030332533	2.465229e-20	1
0	0.11148245	-0.9936931	0.00031918281	0	-0.009424778	0	0.11148245	-0.9936931	0.00031918281	2.5899771e-20	1
0	0.12485456	-0.99210024	0.00033850502	0	-0.0062831854	0	0.12485456	-0.99210024	0.00033850502	2.7145534e-20	1
0	0.13798775	-0.9903575	0.00035729932	0	-0.0037699111	0	0.13798775	-0.9903575	0.00035729932	2.8140478e-20	1
0	0.14560378	-0.9892656	0.0003681057	0	-0.002513274	0	0.14560378	-0.9892656	0.0003681057	2.8637225e-20	1
0	0.14970547	-0.9886527	0.0003738976	0	-0.0018849556	0	0.14970547	-0.9886527	0.0003738976	2.8885376e-20	1
0	0.15411006	-0.9879752	0.0003800912	0	-0.001256637	0	0.15411006	-0.9879752	0.0003800912	2.9133366e-20	1
0	0.15586591	-0.98769945	0.0003825543	0	-0.0010053096	0	0.15586591	-0.98769945	0.0003825543	2.923252e-20	1
0	0.15869144	-0.98724914	0.0003865071	0	-0.0006283185	0	0.15869144	-0.98724914	0.0003865071	2.938119e-20	1
0	0.16159755	-0.9867772	0.00039056127	0	-0.0002513274	0	0.16159755	-0.9867772	0.00039056127	2.9529792e-20	1
0	0.16159755	-0.9867772	0.00039056127	0	-0.0001256637	0	0.16159755	-0.9867772	0.00039056127	2.9579313e-20	1
0	0.16159755	-0.9867772	0.00039056127	0	-6.283185e-05	0	0.16159755	-0.9867772	0.00039056127	2.9604074e-20	1
0	0.16159755	-0.9867772	0.00039056127	0	-2.5132742e-05	0	0.16159755	-0.9867772	0.00039056127	2.961893e-20	1
0	0.16159755	-0.9867772	0.00039056127	0	-1.2566371e-05	0	0.16159755	-0.9867772	0.00039056127	2.962388e-20	1
0	0.16159755	-0.9867772	0.00039056127	0	-6.2831855e-06	0	0.16159755	-0.9867772	0.00039056127	2.962636e-20	1
0	0.16159755	-0.9867772	0.00039056127	0	-2.513274e-06	0	0.16159755	-0.9867772	0.00039056127	2.9627842e-20	1
0	0.16159755	-0.9867772	0.00039056127	0	-1.256637e-06	0	0.16159755	-0.9867772	0.00039056127	2.962834e-20	1
0	0.16159755	-0.9867772	0.00039056127	0	-6.283185e-07	0	0.16159755	-0.9867772	0.00039056127	2.9628585e-20	1
0	0.16159755	-0.9867772	0.00039056127	0	-2.513274e-07	0	0.16159755	-0.9867772	0.00039056127	2.9628734e-20	1
0	0.16159755	-0.9867772	0.00039056127	0	-1.256637e-07	0	0.16159755	-0.9867772	0.00039056127	2.9628786e-20	1
0	0.16159755	-0.9867772	0.00039056127	0	0	0	0.16159755	-0.9867772	0.00039056127	2.9628834e-20	1
0	0.16159755	-0.9867772	0.00039056127	0	1.256637e-07	0	0.16159755	-0.9867772	0.00039056127	2.9628883e-20	1
0	0.16159755	-0.9867772	0.00039056127	0	2.513274e-07	0	0.16159755	-0.9867772	0.00039056127	2.9628934e-20	1
0	0.16159755	-0.9867772	0.00039056127	0	6.283185e-07	0	0.16159755	-0.9867772	0.00039056127	2.9629083e-20	1
0	0.16159755	-0.9867772	0.00039056127	0	1.256637e-06	0	0.16159755	-0.9867772	0.00039056127	2.962933e-20	1
0	0.16159755	-0.9867772	0.00039056127	0	2.513274e-06	0	0.16159755	-0.9867772	0.00039056127	2.9629823e-20	1
0	0.16159755	-0.9867772	0.00039056127	0	6.2831855e-06	0	0.16159755	-0.9867772	0.00039056127	2.963131e-20	1
0	0.16159755	-0.9867772	0.00039056127	0	1.2566371e-05	0	0.16159755	-0.9867772	0.00039056127	2.9633787e-20	1
0	0.16159755	-0.9867772	0.00039056127	0	2.5132742e-05	0	0.16159755	-0.9867772	0.00039056127	2.9638738e-20	1
0	0.16159755	-0.9867772	0.00039056127	0	6.283185e-05	0	0.16159755	-0.9867772	0.00039056127	2.9653595e-20	1
0	0.16460684	-0.98627925	0.00039474719	0	0.0001256637	0	0.16460684	-0.98627925	0.00039474719	2.9678316e-20	1
0	0.16563687	-0.9861067	0.00039617647	0	0.0002513274	0	0.16563687	-0.9861067	0.00039617647	2.9727808e-20	1
0	0.168805	-0.9855689	0.00040056452	0	0.0006283185	0	0.168805	-0.9855689	0.00040056452	2.9876232e-20	1
0	0.17209385	-0.98499954	0.00040509965	0	0.0010053096	0	0.17209385	-0.98499954	0.00040509965	3.0024572e-20	1
0	0.17209385	-0.98499954	0.00040509965	0	0.001256637	0	0.17209385	-0.98499954	0.00040509965	3.0123436e-20	1
0	0.18030351	-0.98352873	0.00041635433	0	0.0018849556	0	0.18030351	-0.98352873	0.00041635433	3.0370343e-20	1
0	0.18668282	-0.9823369	0.00042502006	0	0.002513274	0	0.18668282	-0.9823369	0.00042502006	3.0616985e-20	1
0	0.20099536	-0.9795065	0.0004441944	0	0.0037699111	0	0.20099536	-0.9795065	0.0004441944	3.1109287e-20	1
0	0.2389454	-0.97094035	0.00049294916	0	0.0062831854	0	0.2389454	-0.97094035	0.00049294916	3.2088543e-20	1
0	0.35462177	-0.9348897	0.00061511784	0	0.009424778	0	0.35462177	-0.9348897	0.00061511784	3.329201e-20	1
0	-0.96000683	0.27962792	0.00043461556	0	0.012566371	0	-0.96000683	0.27962792	0.00043461556	2.7252438e-20	1
0	-0.08400097	0.99639523	-0.0002789346	0	0.018849555	0	-0.08400097	0.99639523	-0.0002789346	2.2153848e-20	1
0	-0.07197241	0.9973373	-0.00026105542	0	0.025132742	0	-0.07197241	0.9973373	-0.00026105542	1.9652367e-20	1
0	-0.055784523	0.9983751	-0.00023659844	0	0.03769911	0	-0.055784523	0.9983751	-0.00023659844	1.4644294e-20	1
0	-0.045449264	0.9989002	-0.00022058056	0	0.050265484	0	-0.045449264	0.9989002	-0.00022058056	9.632493e-21	1
0	-0.038306035	0.9992005	-0.0002091613	0	0.06283186	0	-0.038306035	0.9992005	-0.0002091613	4.6186906e-21	1
