# t (s)	mx ()	my ()	mz ()	B_extx (T)	B_exty (T)	B_extz (T)	mx ()	my ()	mz ()	E_total (J)	branch ()
0	0.034668766	0.9993273	-0.0035559754	0	0.06283186	0	0.034668766	0.9993273	-0.0035559754	4.4336077e-21	-1
0	0.04090652	0.9990903	-0.003608955	0	0.050265484	0	0.04090652	0.9990903	-0.003608955	9.448194e-21	-1
0	0.049835324	0.99868345	-0.0036726692	0	0.03769911	0	0.049835324	0.99868345	-0.0036726692	1.4461216e-20	-1
0	0.06362483	0.9978981	-0.0037546596	0	0.025132742	0	0.06362483	0.9978981	-0.0037546596	1.9471374e-20	-1
0	0.073771596	0.9971983	-0.003807155	0	0.018849555	0	0.073771596	0.9971983	-0.003807155	2.1974538e-20	-1
0	0.08762234	0.9960753	-0.0038718213	0	0.012566371	0	0.08762234	0.9960753	-0.0038718213	2.447547e-20	-1
0	0.09662381	0.9952414	-0.003910522	0	0.009424778	0	0.09662381	0.9952414	-0.003910522	2.5724676e-20	-1
0	0.107649826	0.99410796	-0.0039549936	0	0.0062831854	0	0.107649826	0.99410796	-0.0039549936	2.6972654e-20	-1
0	0.11844626	0.99287826	-0.0039957752	0	0.0037699111	0	0.11844626	0.99287826	-0.0039957752	2.796986e-20	-1
0	0.124626726	0.99212074	-0.0040180325	0	0.002513274	0	0.124626726	0.99212074	-0.0040180325	2.846795e-20	-1
0	0.12798315	0.9916929	-0.004029786	0	0.0018849556	0	0.12798315	0.9916929	-0.004029786	2.8716845e-20	-1
0	0.13152593	0.99122876	-0.004041952	0	0.001256637	0	0.13152593	0.99122876	-0.004041952	2.8965623e-20	-1
0	0.13152593	0.99122876	-0.004041952	0	0.0010053096	0	0.13152593	0.99122876	-0.004041952	2.9065114e-20	-1
0	0.13526997	0.9907243	-0.004054536	0	0.0006283185	0	0.13526997	0.9907243	-0.004054536	2.9214287e-20	-1
0	0.13762486	0.99039966	-0.004062316	0	0.0002513274	0	0.13762486	0.99039966	-0.004062316	2.9363422e-20	-1
0	0.13762486	0.99039966	-0.004062316	0	0.0001256637	0	0.13762486	0.99039966	-0.004062316	2.9413124e-20	-1
0	0.13762486	0.99039966	-0.004062316	0	6.283185e-05	0	0.13762486	0.99039966	-0.004062316	2.9437975e-20	-1
0	0.13762486	0.99039966	-0.004062316	0	2.5132742e-05	0	0.13762486	0.99039966	-0.004062316	2.9452887e-20	-1
0	0.13762486	0.99039966	-0.004062316	0	1.2566371e-05	0	0.13762486	0.99039966	-0.004062316	2.9457856e-20	-1
0	0.13762486	0.99039966	-0.004062316	0	6.2831855e-06	0	0.13762486	0.99039966	-0.004062316	2.9460344e-20	-1
0	0.13762486	0.99039966	-0.004062316	0	2.513274e-06	0	0.13762486	0.99039966	-0.004062316	2.9461834e-20	-1
0	0.13762486	0.99039966	-0.004062316	0	1.256637e-06	0	0.13762486	0.99039966	-0.004062316	2.9462332e-20	-1
0	0.13762486	0.99039966	-0.004062316	0	6.283185e-07	0	0.13762486	0.99039966	-0.004062316	2.946258e-20	-1
0	0.13762486	0.99039966	-0.004062316	0	2.513274e-07	0	0.13762486	0.99039966	-0.004062316	2.946273e-20	-1
0	0.13762486	0.99039966	-0.004062316	0	1.256637e-07	0	0.13762486	0.99039966	-0.004062316	2.9462778e-20	-1
0	0.13762486	0.99039966	-0.004062316	0	0	0	0.13762486	0.99039966	-0.004062316	2.946283e-20	-1
0	0.13762486	0.99039966	-0.004062316	0	-1.256637e-07	0	0.13762486	0.99039966	-0.004062316	2.9462878e-20	-1
0	0.13762486	0.99039966	-0.004062316	0	-2.513274e-07	0	0.13762486	0.99039966	-0.004062316	2.9462926e-20	-1
0	0.13762486	0.99039966	-0.004062316	0	-6.283185e-07	0	0.13762486	0.99039966	-0.004062316	2.9463078e-20	-1
0	0.13762486	0.99039966	-0.004062316	0	-1.256637e-06	0	0.13762486	0.99039966	-0.004062316	2.9463324e-20	-1
0	0.13762486	0.99039966	-0.004062316	0	-2.513274e-06	0	0.13762486	0.99039966	-0.004062316	2.946382e-20	-1
0	0.13762486	0.99039966	-0.004062316	0	-6.2831855e-06	0	0.13762486	0.99039966	-0.004062316	2.9465314e-20	-1
0	0.13762486	0.99039966	-0.004062316	0	-1.2566371e-05	0	0.13762486	0.99039966	-0.004062316	2.94678e-20	-1
0	0.13762486	0.99039966	-0.004062316	0	-2.5132742e-05	0	0.13762486	0.99039966	-0.004062316	2.9472768e-20	-1
0	0.1396501	0.9901158	-0.0040689227	0	-6.283185e-05	0	0.1396501	0.9901158	-0.0040689227	2.9487664e-20	-1
0	0.1396501	0.9901158	-0.0040689227	0	-0.0001256637	0	0.1396501	0.9901158	-0.0040689227	2.951251e-20	-1
0	0.1396501	0.9901158	-0.0040689227	0	-0.0002513274	0	0.1396501	0.9901158	-0.0040689227	2.9562198e-20	-1
0	0.14344451	0.98957276	-0.0040810937	0	-0.0006283185	0	0.14344451	0.98957276	-0.0040810937	2.9711203e-20	-1
0	0.1461015	0.98918366	-0.004089454	0	-0.0010053096	0	0.1461015	0.98918366	-0.004089454	2.9860157e-20	-1
0	0.1461015	0.98918366	-0.004089454	0	-0.001256637	0	0.1461015	0.98918366	-0.004089454	2.9959445e-20	-1
0	0.15271173	0.9881838	-0.00410969	0	-0.0018849556	0	0.15271173	0.9881838	-0.00410969	3.0207482e-20	-1
0	0.15782535	0.9873793	-0.004124794	0	-0.002513274	0	0.15782535	0.9873793	-0.004124794	3.045534e-20	-1
0	0.16923296	0.9854865	-0.0041567963	0	-0.0037699111	0	0.16923296	0.9854865	-0.0041567963	3.09504e-20	-1
0	0.19867323	0.9799713	-0.0042286064	0	-0.0062831854	0	0.19867323	0.9799713	-0.0042286064	3.193701e-20	-1
0	0.2643321	0.964324	-0.004331737	0	-0.009424778	0	0.2643321	0.964324	-0.004331737	3.3158562e-20	-1
0	-0.08763011	-0.99607456	0.0038718504	0	-0.012566371	0	-0.08763011	-0.99607456	0.0038718504	2.4475468e-20	-1
0	-0.073776215	-0.99719787	0.0038071722	0	-0.018849555	0	-0.073776215	-0.99719787	0.0038071722	2.1974536e-20	-1
0	-0.06364265	-0.997897	0.003754729	0	-0.025132742	0	-0.06364265	-0.997897	0.003754729	1.9471374e-20	-1
0	-0.049845852	-0.99868286	0.0036727104	0	-0.03769911	0	-0.049845852	-0.99868286	0.0036727104	1.4461217e-20	-1
0	-0.040908188	-0.9990902	0.0036089693	0	-0.050265484	0	-0.040908188	-0.9990902	0.0036089693	9.448191e-21	-1
0	-0.034672886	-0.9993272	0.0035559926	0	-0.06283186	0	-0.034672886	-0.9993272	0.0035559926	4.433607e-21	-1
0	-0.034672886	-0.9993272	0.0035559926	0	-0.06283186	0	-0.034672886	-0.9993272	0.0035559926	4.433607e-21	1
0	-0.040906332	-0.9990903	0.0036089546	0	-0.050265484	0	-0.040906332	-0.9990903	0.0036089546	9.448194e-21	1
0	-0.049838852	-0.9986832	0.0036726831	0	-0.03769911	0	-0.049838852	-0.9986832	0.0036726831	1.4461214e-20	1
0	-0.063637406	-0.99789727	0.0037547075	0	-0.025132742	0	-0.063637406	-0.99789727	0.0037547075	1.9471378e-20	1
0	-0.07376543	-0.9971987	0.0038071335	0	-0.018849555	0	-0.07376543	-0.9971987	0.0038071335	2.197454e-20	1
0	-0.08760675	-0.9960766	0.0038717657	0	-0.012566371	0	-0.08760675	-0.9960766	0.0038717657	2.4475465e-20	1
0	-0.096617684	-0.995242	0.0039105024	0	-0.009424778	0	-0.096617684	-0.995242	0.0039105024	2.5724674e-20	1
0	-0.10763766	-0.9941093	0.0039549503	0	-0.0062831854	0	-0.10763766	-0.9941093	0.0039549503	2.6972657e-20	1
0	-0.118396446	-0.99288416	0.0039956197	0	-0.0037699111	0	-0.118396446	-0.99288416	0.0039956197	2.796986e-20	1
0	-0.124621965	-0.99212134	0.0040180148	0	-0.002513274	0	-0.124621965	-0.99212134	0.0040180148	2.846795e-20	1
0	-0.12798563	-0.99169254	0.0040297927	0	-0.0018849556	0	-0.12798563	-0.99169254	0.0040297927	2.871684e-20	1
0	-0.13153315	-0.99122787	0.0040419716	0	-0.001256637	0	-0.13153315	-0.99122787	0.0040419716	2.896563e-20	1
0	-0.13153315	-0.99122787	0.0040419716	0	-0.0010053096	0	-0.13153315	-0.99122787	0.0040419716	2.906512e-20	1
0	-0.13527247	-0.99072397	0.00405454	0	-0.0006283185	0	-0.13527247	-0.99072397	0.00405454	2.921429e-20	1
0	-0.13762423	-0.9903997	0.004062319	0	-0.0002513274	0	-0.13762423	-0.9903997	0.004062319	2.9363422e-20	1
0	-0.13762423	-0.9903997	0.004062319	0	-0.0001256637	0	-0.13762423	-0.9903997	0.004062319	2.9413127e-20	1
0	-0.13762423	-0.9903997	0.004062319	0	-6.283185e-05	0	-0.13762423	-0.9903997	0.004062319	2.9437978e-20	1
0	-0.13762423	-0.9903997	0.004062319	0	-2.5132742e-05	0	-0.13762423	-0.9903997	0.004062319	2.945289e-20	1
0	-0.13762423	-0.9903997	0.004062319	0	-1.2566371e-05	0	-0.13762423	-0.9903997	0.004062319	2.945786e-20	1
0	-0.13762423	-0.9903997	0.004062319	0	-6.2831855e-06	0	-0.13762423	-0.9903997	0.004062319	2.9460344e-20	1
0	-0.13762423	-0.9903997	0.004062319	0	-2.513274e-06	0	-0.13762423	-0.9903997	0.004062319	2.9461837e-20	1
0	-0.13762423	-0.9903997	0.004062319	0	-1.256637e-06	0	-0.13762423	-0.9903997	0.004062319	2.9462332e-20	1
0	-0.13762423	-0.9903997	0.004062319	0	-6.283185e-07	0	-0.13762423	-0.9903997	0.004062319	2.946258e-20	1
0	-0.13762423	-0.9903997	0.004062319	0	-2.513274e-07	0	-0.13762423	-0.9903997	0.004062319	2.946273e-20	1
0	-0.13762423	-0.9903997	0.004062319	0	-1.256637e-07	0	-0.13762423	-0.9903997	0.004062319	2.946278e-20	1
0	-0.13762423	-0.9903997	0.004062319	0	0	0	-0.13762423	-0.9903997	0.004062319	2.946283e-20	1
0	-0.13762423	-0.9903997	0.004062319	0	1.256637e-07	0	-0.13762423	-0.9903997	0.004062319	2.946288e-20	1
0	-0.13762423	-0.9903997	0.004062319	0	2.513274e-07	0	-0.13762423	-0.9903997	0.004062319	2.946293e-20	1
0	-0.13762423	-0.9903997	0.004062319	0	6.283185e-07	0	-0.13762423	-0.9903997	0.004062319	2.9463078e-20	1
0	-0.13762423	-0.9903997	0.004062319	0	1.256637e-06	0	-0.13762423	-0.9903997	0.004062319	2.9463327e-20	1
0	-0.13762423	-0.9903997	0.004062319	0	2.513274e-06	0	-0.13762423	-0.9903997	0.004062319	2.9463824e-20	1
0	-0.13762423	-0.9903997	0.004062319	0	6.2831855e-06	0	-0.13762423	-0.9903997	0.004062319	2.9465314e-20	1
0	-0.13762423	-0.9903997	0.004062319	0	1.2566371e-05	0	-0.13762423	-0.9903997	0.004062319	2.94678e-20	1
0	-0.13762423	-0.9903997	0.004062319	0	2.5132742e-05	0	-0.13762423	-0.9903997	0.004062319	2.947277e-20	1
0	-0.1396448	-0.9901166	0.0040689074	0	6.283185e-05	0	-0.1396448	-0.9901166	0.0040689074	2.948766e-20	1
0	-0.1396448	-0.9901166	0.0040689074	0	0.0001256637	0	-0.1396448	-0.9901166	0.0040689074	2.9512505e-20	1
0	-0.1396448	-0.9901166	0.0040689074	0	0.0002513274	0	-0.1396448	-0.9901166	0.0040689074	2.9562194e-20	1
0	-0.14345017	-0.9895719	0.004081111	0	0.0006283185	0	-0.14345017	-0.9895719	0.004081111	2.9711203e-20	1
0	-0.14610183	-0.98918355	0.004089456	0	0.0010053096	0	-0.14610183	-0.98918355	0.004089456	2.986016e-20	1
0	-0.14610183	-0.98918355	0.004089456	0	0.001256637	0	-0.14610183	-0.98918355	0.004089456	2.9959445e-20	1
0	-0.15271963	-0.98818254	0.004109711	0	0.0018849556	0	-0.15271963	-0.98818254	0.004109711	3.020748e-20	1
0	-0.1578038	-0.98738277	0.0041247415	0	0.002513274	0	-0.1578038	-0.98738277	0.0041247415	3.0455343e-20	1
0	-0.16922903	-0.9854872	0.004156802	0	0.0037699111	0	-0.16922903	-0.9854872	0.004156802	3.0950404e-20	1
0	-0.19867167	-0.9799715	0.0042286045	0	0.0062831854	0	-0.19867167	-0.9799715	0.0042286045	3.193701e-20	1
0	-0.264467	-0.9642869	0.004331854	0	0.009424778	0	-0.264467	-0.9642869	0.004331854	3.3158562e-20	1
0	-0.89783406	0.4400397	-0.0016406042	0	0.012566371	0	-0.89783406	0.4400397	-0.0016406042	2.607505e-20	1
0	0.07377781	0.99719775	-0.0038071782	0	0.018849555	0	0.07377781	0.99719775	-0.0038071782	2.1974536e-20	1
0	0.06364186	0.997897	-0.0037547245	0	0.025132742	0	0.06364186	0.997897	-0.0037547245	1.9471378e-20	1
0	0.04984194	0.9986831	-0.0036726957	0	0.03769911	0	0.04984194	0.9986831	-0.0036726957	1.4461211e-20	1
0	0.040908393	0.9990902	-0.0036089646	0	0.050265484	0	0.040908393	0.9990902	-0.0036089646	9.4481935e-21	1
0	0.03466963	0.99932724	-0.003555979	0	0.06283186	0	0.03466963	0.99932724	-0.003555979	4.4336093e-21	1
