# t (s)	mx ()	my ()	mz ()	B_extx (T)	B_exty (T)	B_extz (T)	mx ()	my ()	mz ()	E_total (J)	branch ()
0	0.018554151	0.9997628	-0.00039846607	0	0.06283186	0	0.018554151	0.9997628	-0.00039846607	4.5650377e-21	-1
0	0.02198593	0.9996923	-0.0004233878	0	0.050265484	0	0.02198593	0.9996923	-0.0004233878	9.582187e-21	-1
0	0.02697149	0.9995694	-0.00045863076	0	0.03769911	0	0.02697149	0.9995694	-0.00045863076	1.4598873e-20	-1
0	0.034847267	0.9993248	-0.00051304424	0	0.025132742	0	0.034847267	0.9993248	-0.00051304424	1.9614682e-20	-1
0	0.04078491	0.9990996	-0.0005534956	0	0.018849555	0	0.04078491	0.9990996	-0.0005534956	2.2121983e-20	-1
0	0.04913914	0.9987228	-0.00060991745	0	0.012566371	0	0.04913914	0.9987228	-0.00060991745	2.4628542e-20	-1
0	0.054715827	0.9984324	-0.0006473531	0	0.009424778	0	0.054715827	0.9984324	-0.0006473531	2.5881396e-20	-1
0	0.061734147	0.99802244	-0.0006942495	0	0.0062831854	0	0.061734147	0.99802244	-0.0006942495	2.7133812e-20	-1
0	0.06875618	0.9975627	-0.0007409767	0	0.0037699111	0	0.06875618	0.9975627	-0.0007409767	2.8135305e-20	-1
0	0.07290116	0.9972681	-0.0007684618	0	0.002513274	0	0.07290116	0.9972681	-0.0007684618	2.8635862e-20	-1
0	0.07518309	0.99709845	-0.0007835806	0	0.0018849556	0	0.07518309	0.99709845	-0.0007835806	2.888608e-20	-1
0	0.07758731	0.996914	-0.00079945044	0	0.001256637	0	0.07758731	0.996914	-0.00079945044	2.9136258e-20	-1
0	0.07859993	0.99683464	-0.00080613623	0	0.0010053096	0	0.07859993	0.99683464	-0.00080613623	2.9236317e-20	-1
0	0.08015247	0.9967109	-0.00081637717	0	0.0006283185	0	0.08015247	0.9967109	-0.00081637717	2.9386383e-20	-1
0	0.081782036	0.99657834	-0.00082711456	0	0.0002513274	0	0.081782036	0.99657834	-0.00082711456	2.9536435e-20	-1
0	0.081782036	0.99657834	-0.00082711456	0	0.0001256637	0	0.081782036	0.99657834	-0.00082711456	2.9586448e-20	-1
0	0.081782036	0.99657834	-0.00082711456	0	6.283185e-05	0	0.081782036	0.99657834	-0.00082711456	2.9611454e-20	-1
0	0.081782036	0.99657834	-0.00082711456	0	2.5132742e-05	0	0.081782036	0.99657834	-0.00082711456	2.962646e-20	-1
0	0.081782036	0.99657834	-0.00082711456	0	1.2566371e-05	0	0.081782036	0.99657834	-0.00082711456	2.963146e-20	-1
0	0.081782036	0.99657834	-0.00082711456	0	6.2831855e-06	0	0.081782036	0.99657834	-0.00082711456	2.9633962e-20	-1
0	0.081782036	0.99657834	-0.00082711456	0	2.513274e-06	0	0.081782036	0.99657834	-0.00082711456	2.963546e-20	-1
0	0.081782036	0.99657834	-0.00082711456	0	1.256637e-06	0	0.081782036	0.99657834	-0.00082711456	2.9635962e-20	-1
0	0.081782036	0.99657834	-0.00082711456	0	6.283185e-07	0	0.081782036	0.99657834	-0.00082711456	2.963621e-20	-1
0	0.081782036	0.99657834	-0.00082711456	0	2.513274e-07	0	0.081782036	0.99657834	-0.00082711456	2.9636363e-20	-1
0	0.081782036	0.99657834	-0.00082711456	0	1.256637e-07	0	0.081782036	0.99657834	-0.00082711456	2.963641e-20	-1
0	0.081782036	0.99657834	-0.00082711456	0	0	0	0.081782036	0.99657834	-0.00082711456	2.963646e-20	-1
0	0.081782036	0.99657834	-0.00082711456	0	-1.256637e-07	0	0.081782036	0.99657834	-0.00082711456	2.963651e-20	-1
0	0.081782036	0.99657834	-0.00082711456	0	-2.513274e-07	0	0.081782036	0.99657834	-0.00082711456	2.963656e-20	-1
0	0.081782036	0.99657834	-0.00082711456	0	-6.283185e-07	0	0.081782036	0.99657834	-0.00082711456	2.9636712e-20	-1
0	0.081782036	0.99657834	-0.00082711456	0	-1.256637e-06	0	0.081782036	0.99657834	-0.00082711456	2.963696e-20	-1
0	0.081782036	0.99657834	-0.00082711456	0	-2.513274e-06	0	0.081782036	0.99657834	-0.00082711456	2.963746e-20	-1
0	0.081782036	0.99657834	-0.00082711456	0	-6.2831855e-06	0	0.081782036	0.99657834	-0.00082711456	2.963896e-20	-1
0	0.081782036	0.99657834	-0.00082711456	0	-1.2566371e-05	0	0.081782036	0.99657834	-0.00082711456	2.964146e-20	-1
0	0.081782036	0.99657834	-0.00082711456	0	-2.5132742e-05	0	0.081782036	0.99657834	-0.00082711456	2.9646463e-20	-1
0	0.083201185	0.9964608	-0.00083645317	0	-6.283185e-05	0	0.083201185	0.9964608	-0.00083645317	2.966146e-20	-1
0	0.083201185	0.9964608	-0.00083645317	0	-0.0001256637	0	0.083201185	0.9964608	-0.00083645317	2.9686462e-20	-1
0	0.083201185	0.9964608	-0.00083645317	0	-0.0002513274	0	0.083201185	0.9964608	-0.00083645317	2.973647e-20	-1
0	0.0858514	0.9962357	-0.0008538811	0	-0.0006283185	0	0.0858514	0.9962357	-0.0008538811	2.9886472e-20	-1
0	0.08771449	0.99607325	-0.0008661103	0	-0.0010053096	0	0.08771449	0.99607325	-0.0008661103	3.0036443e-20	-1
0	0.08901386	0.99595785	-0.00087463064	0	-0.001256637	0	0.08901386	0.99595785	-0.00087463064	3.0136416e-20	-1
0	0.0924426	0.99564517	-0.0008970629	0	-0.0018849556	0	0.0924426	0.99564517	-0.0008970629	3.0386283e-20	-1
0	0.09610213	0.99529827	-0.00092097616	0	-0.002513274	0	0.09610213	0.99529827	-0.00092097616	3.0636078e-20	-1
0	0.10446091	0.99445486	-0.00097531476	0	-0.0037699111	0	0.10446091	0.99445486	-0.00097531476	3.1135366e-20	-1
0	0.12676178	0.9918566	-0.0011183944	0	-0.0062831854	0	0.12676178	0.9918566	-0.0011183944	3.2132325e-20	-1
0	0.17817393	0.9839152	-0.0014345574	0	-0.009424778	0	0.17817393	0.9839152	-0.0014345574	3.337273e-20	-1
0	-0.049149983	-0.9987223	0.0006099916	0	-0.012566371	0	-0.049149983	-0.9987223	0.0006099916	2.4628545e-20	-1
0	-0.040794548	-0.99909914	0.000553561	0	-0.018849555	0	-0.040794548	-0.99909914	0.000553561	2.2121984e-20	-1
0	-0.034856863	-0.99932456	0.0005131073	0	-0.025132742	0	-0.034856863	-0.99932456	0.0005131073	1.961468e-20	-1
0	-0.026974363	-0.99956936	0.00045864933	0	-0.03769911	0	-0.026974363	-0.99956936	0.00045864933	1.4598875e-20	-1
0	-0.02198847	-0.9996923	0.0004234006	0	-0.050265484	0	-0.02198847	-0.9996923	0.0004234006	9.582187e-21	-1
0	-0.01855763	-0.9997627	0.00039848156	0	-0.06283186	0	-0.01855763	-0.9997627	0.00039848156	4.565034e-21	-1
0	-0.01855763	-0.9997627	0.00039848156	0	-0.06283186	0	-0.01855763	-0.9997627	0.00039848156	4.565034e-21	1
0	-0.021985244	-0.99969244	0.00042338241	0	-0.050265484	0	-0.021985244	-0.99969244	0.00042338241	9.582188e-21	1
0	-0.026962183	-0.99956965	0.00045857183	0	-0.03769911	0	-0.026962183	-0.99956965	0.00045857183	1.4598875e-20	1
0	-0.034842394	-0.99932504	0.0005130118	0	-0.025132742	0	-0.034842394	-0.99932504	0.0005130118	1.9614682e-20	1
0	-0.040796474	-0.99909914	0.0005535712	0	-0.018849555	0	-0.040796474	-0.99909914	0.0005535712	2.2121986e-20	1
0	-0.049135126	-0.99872303	0.0006098914	0	-0.012566371	0	-0.049135126	-0.99872303	0.0006098914	2.4628543e-20	1
0	-0.054725617	-0.9984318	0.0006474189	0	-0.009424778	0	-0.054725617	-0.9984318	0.0006474189	2.5881392e-20	1
0	-0.061731618	-0.99802256	0.00069424	0	-0.0062831854	0	-0.061731618	-0.99802256	0.00069424	2.7133812e-20	1
0	-0.06876409	-0.99756217	0.0007410289	0	-0.0037699111	0	-0.06876409	-0.99756217	0.0007410289	2.813531e-20	1
0	-0.072888896	-0.9972689	0.0007683813	0	-0.002513274	0	-0.072888896	-0.9972689	0.0007683813	2.8635862e-20	1
0	-0.075198695	-0.99709725	0.0007836645	0	-0.0018849556	0	-0.075198695	-0.99709725	0.0007836645	2.8886084e-20	1
0	-0.07756658	-0.9969157	0.0007993149	0	-0.001256637	0	-0.07756658	-0.9969157	0.0007993149	2.9136258e-20	1
0	-0.078585535	-0.99683577	0.0008060412	0	-0.0010053096	0	-0.078585535	-0.99683577	0.0008060412	2.923631e-20	1
0	-0.080179185	-0.99670875	0.0008165543	0	-0.0006283185	0	-0.080179185	-0.99670875	0.0008165543	2.938638e-20	1
0	-0.08178321	-0.9965783	0.0008271219	0	-0.0002513274	0	-0.08178321	-0.9965783	0.0008271219	2.9536432e-20	1
0	-0.08178321	-0.9965783	0.0008271219	0	-0.0001256637	0	-0.08178321	-0.9965783	0.0008271219	2.9586448e-20	1
0	-0.08261645	-0.99650943	0.00083260844	0	-6.283185e-05	0	-0.08261645	-0.99650943	0.00083260844	2.961145e-20	1
0	-0.08261645	-0.99650943	0.00083260844	0	-2.5132742e-05	0	-0.08261645	-0.99650943	0.00083260844	2.9626453e-20	1
0	-0.08261645	-0.99650943	0.00083260844	0	-1.2566371e-05	0	-0.08261645	-0.99650943	0.00083260844	2.9631455e-20	1
0	-0.08261645	-0.99650943	0.00083260844	0	-6.2831855e-06	0	-0.08261645	-0.99650943	0.00083260844	2.9633955e-20	1
0	-0.08261645	-0.99650943	0.00083260844	0	-2.513274e-06	0	-0.08261645	-0.99650943	0.00083260844	2.9635455e-20	1
0	-0.08261645	-0.99650943	0.00083260844	0	-1.256637e-06	0	-0.08261645	-0.99650943	0.00083260844	2.9635956e-20	1
0	-0.08261645	-0.99650943	0.00083260844	0	-6.283185e-07	0	-0.08261645	-0.99650943	0.00083260844	2.9636204e-20	1
0	-0.08261645	-0.99650943	0.00083260844	0	-2.513274e-07	0	-0.08261645	-0.99650943	0.00083260844	2.9636356e-20	1
0	-0.08261645	-0.99650943	0.00083260844	0	-1.256637e-07	0	-0.08261645	-0.99650943	0.00083260844	2.9636405e-20	1
0	-0.08261645	-0.99650943	0.00083260844	0	0	0	-0.08261645	-0.99650943	0.00083260844	2.9636456e-20	1
0	-0.08261645	-0.99650943	0.00083260844	0	1.256637e-07	0	-0.08261645	-0.99650943	0.00083260844	2.9636505e-20	1
0	-0.08261645	-0.99650943	0.00083260844	0	2.513274e-07	0	-0.08261645	-0.99650943	0.00083260844	2.9636557e-20	1
0	-0.08261645	-0.99650943	0.00083260844	0	6.283185e-07	0	-0.08261645	-0.99650943	0.00083260844	2.9636705e-20	1
0	-0.08261645	-0.99650943	0.00083260844	0	1.256637e-06	0	-0.08261645	-0.99650943	0.00083260844	2.9636957e-20	1
0	-0.08261645	-0.99650943	0.00083260844	0	2.513274e-06	0	-0.08261645	-0.99650943	0.00083260844	2.9637455e-20	1
0	-0.08261645	-0.99650943	0.00083260844	0	6.2831855e-06	0	-0.08261645	-0.99650943	0.00083260844	2.9638957e-20	1
0	-0.08261645	-0.99650943	0.00083260844	0	1.2566371e-05	0	-0.08261645	-0.99650943	0.00083260844	2.9641455e-20	1
0	-0.08261645	-0.99650943	0.00083260844	0	2.5132742e-05	0	-0.08261645	-0.99650943	0.00083260844	2.9646457e-20	1
0	-0.08261645	-0.99650943	0.00083260844	0	6.283185e-05	0	-0.08261645	-0.99650943	0.00083260844	2.966146e-20	1
0	-0.08261645	-0.99650943	0.00083260844	0	0.0001256637	0	-0.08261645	-0.99650943	0.00083260844	2.9686465e-20	1
0	-0.084040165	-0.9963902	0.0008419761	0	0.0002513274	0	-0.084040165	-0.9963902	0.0008419761	2.9736468e-20	1
0	-0.08585097	-0.9962358	0.00085387623	0	0.0006283185	0	-0.08585097	-0.9962358	0.00085387623	2.988647e-20	1
0	-0.087722585	-0.99607253	0.0008661571	0	0.0010053096	0	-0.087722585	-0.99607253	0.0008661571	3.0036443e-20	1
0	-0.087722585	-0.99607253	0.0008661571	0	0.001256637	0	-0.087722585	-0.99607253	0.0008661571	3.013642e-20	1
0	-0.092423424	-0.99564695	0.00089695107	0	0.0018849556	0	-0.092423424	-0.99564695	0.00089695107	3.0386286e-20	1
0	-0.09610115	-0.9952983	0.0009209658	0	0.002513274	0	-0.09610115	-0.9952983	0.0009209658	3.0636075e-20	1
0	-0.10443817	-0.99445736	0.00097516715	0	0.0037699111	0	-0.10443817	-0.99445736	0.00097516715	3.1135363e-20	1
0	-0.12676299	-0.99185646	0.0011184042	0	0.0062831854	0	-0.12676299	-0.99185646	0.0011184042	3.2132325e-20	1
0	-0.17812869	-0.98392344	0.0014342899	0	0.009424778	0	-0.17812869	-0.98392344	0.0014342899	3.337273e-20	1
0	-0.88981426	0.45602793	-0.0022188975	0	0.012566371	0	-0.88981426	0.45602793	-0.0022188975	2.6326852e-20	1
0	0.040800363	0.9990989	-0.0005535977	0	0.018849555	0	0.040800363	0.9990989	-0.0005535977	2.2121981e-20	1
0	0.03485956	0.99932444	-0.00051312475	0	0.025132742	0	0.03485956	0.99932444	-0.00051312475	1.9614683e-20	1
0	0.026974175	0.9995693	-0.00045864872	0	0.03769911	0	0.026974175	0.9995693	-0.00045864872	1.4598875e-20	1
0	0.021987416	0.9996923	-0.00042339735	0	0.050265484	0	0.021987416	0.9996923	-0.00042339735	9.582187e-21	1
0	0.018555623	0.9997628	-0.000398476	0	0.06283186	0	0.018555623	0.9997628	-0.000398476	4.5650345e-21	1
