# t (s)	mx ()	my ()	mz ()	B_extx (T)	B_exty (T)	B_extz (T)	mx ()	my ()	mz ()	E_total (J)	branch ()
0	0.9970759	0.0755406	-0.0013395338	0.06283186	0	0	0.9970759	0.0755406	-0.0013395338	2.4320604e-21	-1
0	0.99622214	0.08605547	-0.001356974	0.050265484	0	0	0.99622214	0.08605547	-0.001356974	7.433887e-21	-1
0	0.9949336	0.09983893	-0.0013758847	0.03769911	0	0	0.9949336	0.09983893	-0.0013758847	1.2430434e-20	-1
0	0.9928651	0.11863862	-0.0013961607	0.025132742	0	0	0.9928651	0.11863862	-0.0013961607	1.7418763e-20	-1
0	0.99133104	0.13082758	-0.0014065262	0.018849555	0	0	0.99133104	0.13082758	-0.0014065262	1.9908281e-20	-1
0	0.9892585	0.14566034	-0.0014165716	0.012566371	0	0	0.9892585	0.14566034	-0.0014165716	2.2393309e-20	-1
0	0.9879383	0.1543532	-0.0014212332	0.009424778	0	0	0.9879383	0.1543532	-0.0014212332	2.3633658e-20	-1
0	0.98636353	0.16410773	-0.0014254283	0.0062831854	0	0	0.98636353	0.16410773	-0.0014254283	2.4872195e-20	-1
0	0.9848752	0.17280832	-0.0014282872	0.0037699111	0	0	0.9848752	0.17280832	-0.0014282872	2.5861477e-20	-1
0	0.98404	0.17749867	-0.0014294563	0.002513274	0	0	0.98404	0.17749867	-0.0014294563	2.6355532e-20	-1
0	0.9835963	0.17993942	-0.0014299771	0.0018849556	0	0	0.9835963	0.17993942	-0.0014299771	2.6602393e-20	-1
0	0.98313403	0.18244648	-0.0014304441	0.001256637	0	0	0.98313403	0.18244648	-0.0014304441	2.6849144e-20	-1
0	0.98313403	0.18244648	-0.0014304441	0.0010053096	0	0	0.98313403	0.18244648	-0.0014304441	2.6947822e-20	-1
0	0.98265254	0.18501967	-0.0014308526	0.0006283185	0	0	0.98265254	0.18501967	-0.0014308526	2.709578e-20	-1
0	0.98235285	0.18660311	-0.0014310671	0.0002513274	0	0	0.98235285	0.18660311	-0.0014310671	2.72437e-20	-1
0	0.98235285	0.18660311	-0.0014310671	0.0001256637	0	0	0.98235285	0.18660311	-0.0014310671	2.7293e-20	-1
0	0.98235285	0.18660311	-0.0014310671	6.283185e-05	0	0	0.98235285	0.18660311	-0.0014310671	2.731765e-20	-1
0	0.98235285	0.18660311	-0.0014310671	2.5132742e-05	0	0	0.98235285	0.18660311	-0.0014310671	2.733244e-20	-1
0	0.98235285	0.18660311	-0.0014310671	1.2566371e-05	0	0	0.98235285	0.18660311	-0.0014310671	2.733737e-20	-1
0	0.98235285	0.18660311	-0.0014310671	6.2831855e-06	0	0	0.98235285	0.18660311	-0.0014310671	2.7339835e-20	-1
0	0.98235285	0.18660311	-0.0014310671	2.513274e-06	0	0	0.98235285	0.18660311	-0.0014310671	2.7341315e-20	-1
0	0.98235285	0.18660311	-0.0014310671	1.256637e-06	0	0	0.98235285	0.18660311	-0.0014310671	2.7341806e-20	-1
0	0.98235285	0.18660311	-0.0014310671	6.283185e-07	0	0	0.98235285	0.18660311	-0.0014310671	2.7342054e-20	-1
0	0.98235285	0.18660311	-0.0014310671	2.513274e-07	0	0	0.98235285	0.18660311	-0.0014310671	2.73422e-20	-1
0	0.98235285	0.18660311	-0.0014310671	1.256637e-07	0	0	0.98235285	0.18660311	-0.0014310671	2.734225e-20	-1
0	0.98235285	0.18660311	-0.0014310671	0	0	0	0.98235285	0.18660311	-0.0014310671	2.73423e-20	-1
0	0.98235285	0.18660311	-0.0014310671	-1.256637e-07	0	0	0.98235285	0.18660311	-0.0014310671	2.734235e-20	-1
0	0.98235285	0.18660311	-0.0014310671	-2.513274e-07	0	0	0.98235285	0.18660311	-0.0014310671	2.7342397e-20	-1
0	0.98235285	0.18660311	-0.0014310671	-6.283185e-07	0	0	0.98235285	0.18660311	-0.0014310671	2.7342546e-20	-1
0	0.98235285	0.18660311	-0.0014310671	-1.256637e-06	0	0	0.98235285	0.18660311	-0.0014310671	2.734279e-20	-1
0	0.98235285	0.18660311	-0.0014310671	-2.513274e-06	0	0	0.98235285	0.18660311	-0.0014310671	2.7343286e-20	-1
0	0.98235285	0.18660311	-0.0014310671	-6.2831855e-06	0	0	0.98235285	0.18660311	-0.0014310671	2.7344765e-20	-1
0	0.98235285	0.18660311	-0.0014310671	-1.2566371e-05	0	0	0.98235285	0.18660311	-0.0014310671	2.734723e-20	-1
0	0.98235285	0.18660311	-0.0014310671	-2.5132742e-05	0	0	0.98235285	0.18660311	-0.0014310671	2.7352158e-20	-1
0	0.98235285	0.18660311	-0.0014310671	-6.283185e-05	0	0	0.98235285	0.18660311	-0.0014310671	2.736695e-20	-1
0	0.9820454	0.18821351	-0.0014312569	-0.0001256637	0	0	0.9820454	0.18821351	-0.0014312569	2.7391572e-20	-1
0	0.9820454	0.18821351	-0.0014312569	-0.0002513274	0	0	0.9820454	0.18821351	-0.0014312569	2.7440857e-20	-1
0	0.98162293	0.19040304	-0.0014314699	-0.0006283185	0	0	0.98162293	0.19040304	-0.0014314699	2.7588667e-20	-1
0	0.98129755	0.19207144	-0.0014315986	-0.0010053096	0	0	0.98129755	0.19207144	-0.0014315986	2.7736432e-20	-1
0	0.98129755	0.19207144	-0.0014315986	-0.001256637	0	0	0.98129755	0.19207144	-0.0014315986	2.7834925e-20	-1
0	0.9805037	0.19608065	-0.0014317827	-0.0018849556	0	0	0.9805037	0.19608065	-0.0014317827	2.808102e-20	-1
0	0.9799018	0.1990644	-0.0014318007	-0.002513274	0	0	0.9799018	0.1990644	-0.0014318007	2.832698e-20	-1
0	0.9786188	0.20527416	-0.0014315373	-0.0037699111	0	0	0.9786188	0.20527416	-0.0014315373	2.8818426e-20	-1
0	0.9756439	0.21896785	-0.0014294607	-0.0062831854	0	0	0.9756439	0.21896785	-0.0014294607	2.979922e-20	-1
0	0.97093034	0.23898816	-0.0014226907	-0.009424778	0	0	0.97093034	0.23898816	-0.0014226907	3.1020472e-20	-1
0	0.96459836	0.26336747	-0.0014083338	-0.012566371	0	0	0.96459836	0.26336747	-0.0014083338	3.223486e-20	-1
0	0.9412273	0.3374531	-0.001321104	-0.018849555	0	0	0.9412273	0.3374531	-0.001321104	3.4630482e-20	-1
0	-0.9928647	-0.11864134	0.001396162	-0.025132742	0	0	-0.9928647	-0.11864134	0.001396162	1.741876e-20	-1
0	-0.9949332	-0.099842906	0.0013758871	-0.03769911	0	0	-0.9949332	-0.099842906	0.0013758871	1.2430435e-20	-1
0	-0.9962219	-0.08605749	0.0013569766	-0.050265484	0	0	-0.9962219	-0.08605749	0.0013569766	7.433885e-21	-1
0	-0.99707556	-0.07554577	0.001339542	-0.06283186	0	0	-0.99707556	-0.07554577	0.001339542	2.4320617e-21	-1
0	-0.99707556	-0.07554577	0.001339542	-0.06283186	0	0	-0.99707556	-0.07554577	0.001339542	2.4320617e-21	1
0	-0.9962226	-0.086049944	0.0013569734	-0.050265484	0	0	-0.9962226	-0.086049944	0.0013569734	7.433887e-21	1
0	-0.99493384	-0.099836	0.0013758834	-0.03769911	0	0	-0.99493384	-0.099836	0.0013758834	1.2430436e-20	1
0	-0.9928651	-0.11863853	0.0013961606	-0.025132742	0	0	-0.9928651	-0.11863853	0.0013961606	1.7418761e-20	1
0	-0.99133164	-0.13082309	0.0014065256	-0.018849555	0	0	-0.99133164	-0.13082309	0.0014065256	1.990828e-20	1
0	-0.9892578	-0.1456646	0.0014165726	-0.012566371	0	0	-0.9892578	-0.1456646	0.0014165726	2.239331e-20	1
0	-0.9879379	-0.15435572	0.001421233	-0.009424778	0	0	-0.9879379	-0.15435572	0.001421233	2.3633658e-20	1
0	-0.986362	-0.16411713	0.0014254292	-0.0062831854	0	0	-0.986362	-0.16411713	0.0014254292	2.4872192e-20	1
0	-0.98487484	-0.17281076	0.0014282705	-0.0037699111	0	0	-0.98487484	-0.17281076	0.0014282705	2.5861477e-20	1
0	-0.98404	-0.17749876	0.0014294558	-0.002513274	0	0	-0.98404	-0.17749876	0.0014294558	2.635553e-20	1
0	-0.98359656	-0.17993842	0.001429977	-0.0018849556	0	0	-0.98359656	-0.17993842	0.001429977	2.6602395e-20	1
0	-0.9831333	-0.18245041	0.0014304442	-0.001256637	0	0	-0.9831333	-0.18245041	0.0014304442	2.6849147e-20	1
0	-0.9831333	-0.18245041	0.0014304442	-0.0010053096	0	0	-0.9831333	-0.18245041	0.0014304442	2.6947824e-20	1
0	-0.9826503	-0.18503231	0.0014308508	-0.0006283185	0	0	-0.9826503	-0.18503231	0.0014308508	2.7095781e-20	1
0	-0.9823544	-0.18659502	0.0014310679	-0.0002513274	0	0	-0.9823544	-0.18659502	0.0014310679	2.72437e-20	1
0	-0.9822524	-0.18713096	0.0014311336	-0.0001256637	0	0	-0.9822524	-0.18713096	0.0014311336	2.7293e-20	1
0	-0.9822524	-0.18713096	0.0014311336	-6.283185e-05	0	0	-0.9822524	-0.18713096	0.0014311336	2.7317646e-20	1
0	-0.9822524	-0.18713096	0.0014311336	-2.5132742e-05	0	0	-0.9822524	-0.18713096	0.0014311336	2.7332432e-20	1
0	-0.9822524	-0.18713096	0.0014311336	-1.2566371e-05	0	0	-0.9822524	-0.18713096	0.0014311336	2.7337363e-20	1
0	-0.9822524	-0.18713096	0.0014311336	-6.2831855e-06	0	0	-0.9822524	-0.18713096	0.0014311336	2.7339828e-20	1
0	-0.9822524	-0.18713096	0.0014311336	-2.513274e-06	0	0	-0.9822524	-0.18713096	0.0014311336	2.7341308e-20	1
0	-0.9822524	-0.18713096	0.0014311336	-1.256637e-06	0	0	-0.9822524	-0.18713096	0.0014311336	2.73418e-20	1
0	-0.9822524	-0.18713096	0.0014311336	-6.283185e-07	0	0	-0.9822524	-0.18713096	0.0014311336	2.7342045e-20	1
0	-0.9822524	-0.18713096	0.0014311336	-2.513274e-07	0	0	-0.9822524	-0.18713096	0.0014311336	2.7342193e-20	1
0	-0.9822524	-0.18713096	0.0014311336	-1.256637e-07	0	0	-0.9822524	-0.18713096	0.0014311336	2.7342242e-20	1
0	-0.9822524	-0.18713096	0.0014311336	0	0	0	-0.9822524	-0.18713096	0.0014311336	2.7342294e-20	1
0	-0.9822524	-0.18713096	0.0014311336	1.256637e-07	0	0	-0.9822524	-0.18713096	0.0014311336	2.7342342e-20	1
0	-0.9822524	-0.18713096	0.0014311336	2.513274e-07	0	0	-0.9822524	-0.18713096	0.0014311336	2.734239e-20	1
0	-0.9822524	-0.18713096	0.0014311336	6.283185e-07	0	0	-0.9822524	-0.18713096	0.0014311336	2.734254e-20	1
0	-0.9822524	-0.18713096	0.0014311336	1.256637e-06	0	0	-0.9822524	-0.18713096	0.0014311336	2.7342785e-20	1
0	-0.9822524	-0.18713096	0.0014311336	2.513274e-06	0	0	-0.9822524	-0.18713096	0.0014311336	2.734328e-20	1
0	-0.9822524	-0.18713096	0.0014311336	6.2831855e-06	0	0	-0.9822524	-0.18713096	0.0014311336	2.7344756e-20	1
0	-0.9822524	-0.18713096	0.0014311336	1.2566371e-05	0	0	-0.9822524	-0.18713096	0.0014311336	2.734722e-20	1
0	-0.9822524	-0.18713096	0.0014311336	2.5132742e-05	0	0	-0.9822524	-0.18713096	0.0014311336	2.7352152e-20	1
0	-0.9822524	-0.18713096	0.0014311336	6.283185e-05	0	0	-0.9822524	-0.18713096	0.0014311336	2.736694e-20	1
0	-0.9822524	-0.18713096	0.0014311336	0.0001256637	0	0	-0.9822524	-0.18713096	0.0014311336	2.7391588e-20	1
0	-0.9819422	-0.18875062	0.0014313152	0.0002513274	0	0	-0.9819422	-0.18875062	0.0014313152	2.7440854e-20	1
0	-0.98162425	-0.19039594	0.0014314705	0.0006283185	0	0	-0.98162425	-0.19039594	0.0014314705	2.7588667e-20	1
0	-0.9812982	-0.19206782	0.0014315989	0.0010053096	0	0	-0.9812982	-0.19206782	0.0014315989	2.7736432e-20	1
0	-0.9812982	-0.19206782	0.0014315989	0.001256637	0	0	-0.9812982	-0.19206782	0.0014315989	2.7834925e-20	1
0	-0.98049897	-0.19610405	0.0014317785	0.0018849556	0	0	-0.98049897	-0.19610405	0.0014317785	2.808102e-20	1
0	-0.9799044	-0.1990515	0.0014318079	0.002513274	0	0	-0.9799044	-0.1990515	0.0014318079	2.8326978e-20	1
0	-0.9786166	-0.20528471	0.0014315376	0.0037699111	0	0	-0.9786166	-0.20528471	0.0014315376	2.8818426e-20	1
0	-0.975644	-0.21896729	0.0014294626	0.0062831854	0	0	-0.975644	-0.21896729	0.0014294626	2.979922e-20	1
0	-0.9709325	-0.2389798	0.0014226953	0.009424778	0	0	-0.9709325	-0.2389798	0.0014226953	3.1020472e-20	1
0	-0.964597	-0.26337266	0.0014083296	0.012566371	0	0	-0.964597	-0.26337266	0.0014083296	3.223486e-20	1
0	-0.9412453	-0.33740294	0.0013211891	0.018849555	0	0	-0.9412453	-0.33740294	0.0013211891	3.4630482e-20	1
0	0.9928646	0.11864219	-0.0013961621	0.025132742	0	0	0.9928646	0.11864219	-0.0013961621	1.741876e-20	1
0	0.99493265	0.09984845	-0.0013758906	0.03769911	0	0	0.99493265	0.09984845	-0.0013758906	1.2430434e-20	1
0	0.9962219	0.086058065	-0.0013569773	0.050265484	0	0	0.9962219	0.086058065	-0.0013569773	7.433888e-21	1
0	0.9970758	0.07554218	-0.001339539	0.06283186	0	0	0.9970758	0.07554218	-0.001339539	2.4320598e-21	1
