# t (s)	mx ()	my ()	mz ()	B_extx (T)	B_exty (T)	B_extz (T)	mx ()	my ()	mz ()	E_total (J)	branch ()
0	0.99494046	-0.099551134	0.0068132537	0.06283186	0	0	0.99494046	-0.099551134	0.0068132537	3.5903985e-21	-1
0	0.99310005	-0.11646277	0.006924427	0.050265484	0	0	0.99310005	-0.11646277	0.006924427	8.579244e-21	-1
0	0.9901265	-0.13947645	0.0070488304	0.03769911	0	0	0.9901265	-0.13947645	0.0070488304	1.355629e-20	-1
0	0.98497957	-0.1720719	0.007185093	0.025132742	0	0	0.98497957	-0.1720719	0.007185093	1.8513577e-20	-1
0	0.98094064	-0.19375673	0.0072544385	0.018849555	0	0	0.98094064	-0.19375673	0.0072544385	2.0980349e-20	-1
0	0.97524965	-0.22060168	0.007319389	0.012566371	0	0	0.97524965	-0.22060168	0.007319389	2.3435059e-20	-1
0	0.9715071	-0.23652732	0.0073476015	0.009424778	0	0	0.9715071	-0.23652732	0.0073476015	2.4656359e-20	-1
0	0.96694255	-0.25453246	0.007370577	0.0062831854	0	0	0.96694255	-0.25453246	0.007370577	2.587247e-20	-1
0	0.96252	-0.2707651	0.0073832967	0.0037699111	0	0	0.96252	-0.2707651	0.0073832967	2.684084e-20	-1
0	0.9599986	-0.27956724	0.0073870793	0.002513274	0	0	0.9599986	-0.27956724	0.0073870793	2.7323256e-20	-1
0	0.95864296	-0.28417802	0.007388179	0.0018849556	0	0	0.95864296	-0.28417802	0.007388179	2.7563975e-20	-1
0	0.95722413	-0.28891784	0.0073886947	0.001256637	0	0	0.95722413	-0.28891784	0.0073886947	2.7804342e-20	-1
0	0.95722413	-0.28891784	0.0073886947	0.0010053096	0	0	0.95722413	-0.28891784	0.0073886947	2.790042e-20	-1
0	0.95573014	-0.29381892	0.0073885536	0.0006283185	0	0	0.95573014	-0.29381892	0.0073885536	2.8044347e-20	-1
0	0.9547946	-0.29684323	0.0073881256	0.0002513274	0	0	0.9547946	-0.29684323	0.0073881256	2.818817e-20	-1
0	0.9547946	-0.29684323	0.0073881256	0.0001256637	0	0	0.9547946	-0.29684323	0.0073881256	2.8236085e-20	-1
0	0.9547946	-0.29684323	0.0073881256	6.283185e-05	0	0	0.9547946	-0.29684323	0.0073881256	2.8260044e-20	-1
0	0.9547946	-0.29684323	0.0073881256	2.5132742e-05	0	0	0.9547946	-0.29684323	0.0073881256	2.827442e-20	-1
0	0.9547946	-0.29684323	0.0073881256	1.2566371e-05	0	0	0.9547946	-0.29684323	0.0073881256	2.827921e-20	-1
0	0.9547946	-0.29684323	0.0073881256	6.2831855e-06	0	0	0.9547946	-0.29684323	0.0073881256	2.8281606e-20	-1
0	0.9547946	-0.29684323	0.0073881256	2.513274e-06	0	0	0.9547946	-0.29684323	0.0073881256	2.8283044e-20	-1
0	0.9547946	-0.29684323	0.0073881256	1.256637e-06	0	0	0.9547946	-0.29684323	0.0073881256	2.8283522e-20	-1
0	0.9547946	-0.29684323	0.0073881256	6.283185e-07	0	0	0.9547946	-0.29684323	0.0073881256	2.8283764e-20	-1
0	0.9547946	-0.29684323	0.0073881256	2.513274e-07	0	0	0.9547946	-0.29684323	0.0073881256	2.8283906e-20	-1
0	0.9547946	-0.29684323	0.0073881256	1.256637e-07	0	0	0.9547946	-0.29684323	0.0073881256	2.8283955e-20	-1
0	0.9547946	-0.29684323	0.0073881256	0	0	0	0.9547946	-0.29684323	0.0073881256	2.8284003e-20	-1
0	0.9547946	-0.29684323	0.0073881256	-1.256637e-07	0	0	0.9547946	-0.29684323	0.0073881256	2.8284052e-20	-1
0	0.9547946	-0.29684323	0.0073881256	-2.513274e-07	0	0	0.9547946	-0.29684323	0.0073881256	2.8284097e-20	-1
0	0.9547946	-0.29684323	0.0073881256	-6.283185e-07	0	0	0.9547946	-0.29684323	0.0073881256	2.8284242e-20	-1
0	0.9547946	-0.29684323	0.0073881256	-1.256637e-06	0	0	0.9547946	-0.29684323	0.0073881256	2.828448e-20	-1
0	0.9547946	-0.29684323	0.0073881256	-2.513274e-06	0	0	0.9547946	-0.29684323	0.0073881256	2.828496e-20	-1
0	0.9547946	-0.29684323	0.0073881256	-6.2831855e-06	0	0	0.9547946	-0.29684323	0.0073881256	2.8286397e-20	-1
0	0.9547946	-0.29684323	0.0073881256	-1.2566371e-05	0	0	0.9547946	-0.29684323	0.0073881256	2.8288795e-20	-1
0	0.9547946	-0.29684323	0.0073881256	-2.5132742e-05	0	0	0.9547946	-0.29684323	0.0073881256	2.8293587e-20	-1
0	0.9539981	-0.29939145	0.0073875766	-6.283185e-05	0	0	0.9539981	-0.29939145	0.0073875766	2.8307907e-20	-1
0	0.9539981	-0.29939145	0.0073875766	-0.0001256637	0	0	0.9539981	-0.29939145	0.0073875766	2.8331847e-20	-1
0	0.9539981	-0.29939145	0.0073875766	-0.0002513274	0	0	0.9539981	-0.29939145	0.0073875766	2.8379723e-20	-1
0	0.95250547	-0.30410385	0.0073860674	-0.0006283185	0	0	0.95250547	-0.30410385	0.0073860674	2.8523184e-20	-1
0	0.95146906	-0.30732888	0.0073846765	-0.0010053096	0	0	0.95146906	-0.30732888	0.0073846765	2.8666513e-20	-1
0	0.95146906	-0.30732888	0.0073846765	-0.001256637	0	0	0.95146906	-0.30732888	0.0073846765	2.876201e-20	-1
0	0.94892204	-0.3151007	0.0073801363	-0.0018849556	0	0	0.94892204	-0.3151007	0.0073801363	2.9000316e-20	-1
0	0.94696844	-0.32092056	0.0073756175	-0.002513274	0	0	0.94696844	-0.32092056	0.0073756175	2.923818e-20	-1
0	0.9427254	-0.33317125	0.0073630484	-0.0037699111	0	0	0.9427254	-0.33317125	0.0073630484	2.971237e-20	-1
0	0.9323865	-0.36108023	0.007318726	-0.0062831854	0	0	0.9323865	-0.36108023	0.007318726	3.0653637e-20	-1
0	0.91402555	-0.40529436	0.0072040204	-0.009424778	0	0	0.91402555	-0.40529436	0.0072040204	3.181276e-20	-1
0	0.88017154	-0.4743194	0.006915543	-0.012566371	0	0	0.88017154	-0.4743194	0.006915543	3.2941188e-20	-1
0	-0.9809384	0.19376844	-0.007254459	-0.018849555	0	0	-0.9809384	0.19376844	-0.007254459	2.0980352e-20	-1
0	-0.98497856	0.17207775	-0.00718512	-0.025132742	0	0	-0.98497856	0.17207775	-0.00718512	1.8513582e-20	-1
0	-0.99012566	0.13948217	-0.0070488434	-0.03769911	0	0	-0.99012566	0.13948217	-0.0070488434	1.355629e-20	-1
0	-0.9930998	0.116465524	-0.0069244397	-0.050265484	0	0	-0.9930998	0.116465524	-0.0069244397	8.579243e-21	-1
0	-0.99494004	0.09955595	-0.0068132714	-0.06283186	0	0	-0.99494004	0.09955595	-0.0068132714	3.5903993e-21	-1
0	-0.99494004	0.09955595	-0.0068132714	-0.06283186	0	0	-0.99494004	0.09955595	-0.0068132714	3.5903993e-21	1
0	-0.99310094	0.11645574	-0.006924402	-0.050265484	0	0	-0.99310094	0.11645574	-0.006924402	8.579243e-21	1
0	-0.9901267	0.13947478	-0.007048817	-0.03769911	0	0	-0.9901267	0.13947478	-0.007048817	1.355629e-20	1
0	-0.9849796	0.17207137	-0.007185093	-0.025132742	0	0	-0.9849796	0.17207137	-0.007185093	1.8513582e-20	1
0	-0.9809402	0.19375879	-0.0072544413	-0.018849555	0	0	-0.9809402	0.19375879	-0.0072544413	2.0980352e-20	1
0	-0.97525	0.22059977	-0.007319386	-0.012566371	0	0	-0.97525	0.22059977	-0.007319386	2.3435059e-20	1
0	-0.97150755	0.23652542	-0.0073476005	-0.009424778	0	0	-0.97150755	0.23652542	-0.0073476005	2.4656362e-20	1
0	-0.9669432	0.2545297	-0.0073705763	-0.0062831854	0	0	-0.9669432	0.2545297	-0.0073705763	2.5872471e-20	1
0	-0.9625237	0.27075207	-0.007383298	-0.0037699111	0	0	-0.9625237	0.27075207	-0.007383298	2.684084e-20	1
0	-0.95999354	0.2795847	-0.0073870607	-0.002513274	0	0	-0.95999354	0.2795847	-0.0073870607	2.7323256e-20	1
0	-0.95864403	0.28417444	-0.007388179	-0.0018849556	0	0	-0.95864403	0.28417444	-0.007388179	2.7563975e-20	1
0	-0.95722246	0.28892344	-0.0073886914	-0.001256637	0	0	-0.95722246	0.28892344	-0.0073886914	2.7804342e-20	1
0	-0.95722246	0.28892344	-0.0073886914	-0.0010053096	0	0	-0.95722246	0.28892344	-0.0073886914	2.7900418e-20	1
0	-0.9557301	0.29381943	-0.007388553	-0.0006283185	0	0	-0.9557301	0.29381943	-0.007388553	2.804435e-20	1
0	-0.9547959	0.29683906	-0.0073881284	-0.0002513274	0	0	-0.9547959	0.29683906	-0.0073881284	2.818817e-20	1
0	-0.9547959	0.29683906	-0.0073881284	-0.0001256637	0	0	-0.9547959	0.29683906	-0.0073881284	2.8236088e-20	1
0	-0.9547959	0.29683906	-0.0073881284	-6.283185e-05	0	0	-0.9547959	0.29683906	-0.0073881284	2.8260044e-20	1
0	-0.9547959	0.29683906	-0.0073881284	-2.5132742e-05	0	0	-0.9547959	0.29683906	-0.0073881284	2.827442e-20	1
0	-0.9547959	0.29683906	-0.0073881284	-1.2566371e-05	0	0	-0.9547959	0.29683906	-0.0073881284	2.827921e-20	1
0	-0.9547959	0.29683906	-0.0073881284	-6.2831855e-06	0	0	-0.9547959	0.29683906	-0.0073881284	2.828161e-20	1
0	-0.9547959	0.29683906	-0.0073881284	-2.513274e-06	0	0	-0.9547959	0.29683906	-0.0073881284	2.8283047e-20	1
0	-0.9547959	0.29683906	-0.0073881284	-1.256637e-06	0	0	-0.9547959	0.29683906	-0.0073881284	2.8283525e-20	1
0	-0.9547959	0.29683906	-0.0073881284	-6.283185e-07	0	0	-0.9547959	0.29683906	-0.0073881284	2.8283764e-20	1
0	-0.9547959	0.29683906	-0.0073881284	-2.513274e-07	0	0	-0.9547959	0.29683906	-0.0073881284	2.8283906e-20	1
0	-0.9547959	0.29683906	-0.0073881284	-1.256637e-07	0	0	-0.9547959	0.29683906	-0.0073881284	2.8283955e-20	1
0	-0.9547959	0.29683906	-0.0073881284	0	0	0	-0.9547959	0.29683906	-0.0073881284	2.8284003e-20	1
0	-0.9547959	0.29683906	-0.0073881284	1.256637e-07	0	0	-0.9547959	0.29683906	-0.0073881284	2.8284052e-20	1
0	-0.9547959	0.29683906	-0.0073881284	2.513274e-07	0	0	-0.9547959	0.29683906	-0.0073881284	2.82841e-20	1
0	-0.9547959	0.29683906	-0.0073881284	6.283185e-07	0	0	-0.9547959	0.29683906	-0.0073881284	2.8284242e-20	1
0	-0.9547959	0.29683906	-0.0073881284	1.256637e-06	0	0	-0.9547959	0.29683906	-0.0073881284	2.828448e-20	1
0	-0.9547959	0.29683906	-0.0073881284	2.513274e-06	0	0	-0.9547959	0.29683906	-0.0073881284	2.8284963e-20	1
0	-0.9547959	0.29683906	-0.0073881284	6.2831855e-06	0	0	-0.9547959	0.29683906	-0.0073881284	2.82864e-20	1
0	-0.9547959	0.29683906	-0.0073881284	1.2566371e-05	0	0	-0.9547959	0.29683906	-0.0073881284	2.8288795e-20	1
0	-0.9547959	0.29683906	-0.0073881284	2.5132742e-05	0	0	-0.9547959	0.29683906	-0.0073881284	2.8293587e-20	1
0	-0.953997	0.29939502	-0.007387574	6.283185e-05	0	0	-0.953997	0.29939502	-0.007387574	2.8307907e-20	1
0	-0.953997	0.29939502	-0.007387574	0.0001256637	0	0	-0.953997	0.29939502	-0.007387574	2.8331847e-20	1
0	-0.953997	0.29939502	-0.007387574	0.0002513274	0	0	-0.953997	0.29939502	-0.007387574	2.8379723e-20	1
0	-0.9525032	0.3041107	-0.0073860623	0.0006283185	0	0	-0.9525032	0.3041107	-0.0073860623	2.8523188e-20	1
0	-0.951465	0.3073417	-0.0073846634	0.0010053096	0	0	-0.951465	0.3073417	-0.0073846634	2.866651e-20	1
0	-0.951465	0.3073417	-0.0073846634	0.001256637	0	0	-0.951465	0.3073417	-0.0073846634	2.8762007e-20	1
0	-0.94891906	0.3151096	-0.007380126	0.0018849556	0	0	-0.94891906	0.3151096	-0.007380126	2.9000316e-20	1
0	-0.94697237	0.32090908	-0.007375633	0.002513274	0	0	-0.94697237	0.32090908	-0.007375633	2.923818e-20	1
0	-0.942721	0.33318383	-0.007363026	0.0037699111	0	0	-0.942721	0.33318383	-0.007363026	2.9712373e-20	1
0	-0.9323994	0.3610468	-0.0073188064	0.0062831854	0	0	-0.9323994	0.3610468	-0.0073188064	3.0653633e-20	1
0	0.97150564	-0.2365334	0.007347635	0.009424778	0	0	0.97150564	-0.2365334	0.007347635	2.465636e-20	1
0	0.97524774	-0.2206099	0.0073193973	0.012566371	0	0	0.97524774	-0.2206099	0.0073193973	2.3435062e-20	1
0	0.9809392	-0.19376394	0.0072544487	0.018849555	0	0	0.9809392	-0.19376394	0.0072544487	2.0980346e-20	1
0	0.98497635	-0.17209017	0.007185134	0.025132742	0	0	0.98497635	-0.17209017	0.007185134	1.8513578e-20	1
0	0.99012566	-0.13948202	0.0070488434	0.03769911	0	0	0.99012566	-0.13948202	0.0070488434	1.355629e-20	1
0	0.9930998	-0.116465405	0.0069244504	0.050265484	0	0	0.9930998	-0.116465405	0.0069244504	8.579243e-21	1
0	0.99494016	-0.09955469	0.006813268	0.06283186	0	0	0.99494016	-0.09955469	0.006813268	3.5904005e-21	1
