# t (s)	mx ()	my ()	mz ()	B_extx (T)	B_exty (T)	B_extz (T)	mx ()	my ()	mz ()	E_total (J)	branch ()
0	-0.026978917	0.99957085	4.2560336e-05	0	0.06283186	0	-0.026978917	0.99957085	4.2560336e-05	4.5863805e-21	-1
0	-0.031916462	0.9994246	4.452265e-05	0	0.050265484	0	-0.031916462	0.9994246	4.452265e-05	9.602399e-21	-1
0	-0.039033763	0.9991709	4.723423e-05	0	0.03769911	0	-0.039033763	0.9991709	4.723423e-05	1.4617441e-20	-1
0	-0.050170537	0.99867254	5.133032e-05	0	0.025132742	0	-0.050170537	0.99867254	5.133032e-05	1.9630689e-20	-1
0	-0.058467142	0.99822044	5.43148e-05	0	0.018849555	0	-0.058467142	0.99822044	5.43148e-05	2.2136087e-20	-1
0	-0.06994939	0.99748063	5.8388312e-05	0	0.012566371	0	-0.06994939	0.99748063	5.8388312e-05	2.464003e-20	-1
0	-0.077520095	0.9969202	6.1044295e-05	0	0.009424778	0	-0.077520095	0.9969202	6.1044295e-05	2.5891159e-20	-1
0	-0.086866766	0.9961485	6.4300635e-05	0	0.0062831854	0	-0.086866766	0.9961485	6.4300635e-05	2.7141463e-20	-1
0	-0.09612495	0.99529696	6.7499044e-05	0	0.0037699111	0	-0.09612495	0.99529696	6.7499044e-05	2.814089e-20	-1
0	-0.10150581	0.9947622	6.934824e-05	0	0.002513274	0	-0.10150581	0.9947622	6.934824e-05	2.8640253e-20	-1
0	-0.10442747	0.9944594	7.034728e-05	0	0.0018849556	0	-0.10442747	0.9944594	7.034728e-05	2.8889826e-20	-1
0	-0.10751572	0.99413	7.140184e-05	0	0.001256637	0	-0.10751572	0.99413	7.140184e-05	2.9139318e-20	-1
0	-0.108818084	0.99398816	7.1845534e-05	0	0.0010053096	0	-0.108818084	0.99398816	7.1845534e-05	2.9239096e-20	-1
0	-0.11082792	0.99376583	7.25295e-05	0	0.0006283185	0	-0.11082792	0.99376583	7.25295e-05	2.9388725e-20	-1
0	-0.1128695	0.9935359	7.3222946e-05	0	0.0002513274	0	-0.1128695	0.9935359	7.3222946e-05	2.9538322e-20	-1
0	-0.11357587	0.9934553	7.346428e-05	0	0.0001256637	0	-0.11357587	0.9934553	7.346428e-05	2.9588186e-20	-1
0	-0.11357587	0.9934553	7.346428e-05	0	6.283185e-05	0	-0.11357587	0.9934553	7.346428e-05	2.9613114e-20	-1
0	-0.11357587	0.9934553	7.346428e-05	0	2.5132742e-05	0	-0.11357587	0.9934553	7.346428e-05	2.9628068e-20	-1
0	-0.11357587	0.9934553	7.346428e-05	0	1.2566371e-05	0	-0.11357587	0.9934553	7.346428e-05	2.9633054e-20	-1
0	-0.11357587	0.9934553	7.346428e-05	0	6.2831855e-06	0	-0.11357587	0.9934553	7.346428e-05	2.963555e-20	-1
0	-0.11357587	0.9934553	7.346428e-05	0	2.513274e-06	0	-0.11357587	0.9934553	7.346428e-05	2.9637044e-20	-1
0	-0.11357587	0.9934553	7.346428e-05	0	1.256637e-06	0	-0.11357587	0.9934553	7.346428e-05	2.9637542e-20	-1
0	-0.11357587	0.9934553	7.346428e-05	0	6.283185e-07	0	-0.11357587	0.9934553	7.346428e-05	2.963779e-20	-1
0	-0.11357587	0.9934553	7.346428e-05	0	2.513274e-07	0	-0.11357587	0.9934553	7.346428e-05	2.9637943e-20	-1
0	-0.11357587	0.9934553	7.346428e-05	0	1.256637e-07	0	-0.11357587	0.9934553	7.346428e-05	2.963799e-20	-1
0	-0.11357587	0.9934553	7.346428e-05	0	0	0	-0.11357587	0.9934553	7.346428e-05	2.963804e-20	-1
0	-0.11357587	0.9934553	7.346428e-05	0	-1.256637e-07	0	-0.11357587	0.9934553	7.346428e-05	2.963809e-20	-1
0	-0.11357587	0.9934553	7.346428e-05	0	-2.513274e-07	0	-0.11357587	0.9934553	7.346428e-05	2.963814e-20	-1
0	-0.11357587	0.9934553	7.346428e-05	0	-6.283185e-07	0	-0.11357587	0.9934553	7.346428e-05	2.9638292e-20	-1
0	-0.11357587	0.9934553	7.346428e-05	0	-1.256637e-06	0	-0.11357587	0.9934553	7.346428e-05	2.963854e-20	-1
0	-0.11357587	0.9934553	7.346428e-05	0	-2.513274e-06	0	-0.11357587	0.9934553	7.346428e-05	2.9639038e-20	-1
0	-0.11357587	0.9934553	7.346428e-05	0	-6.2831855e-06	0	-0.11357587	0.9934553	7.346428e-05	2.9640534e-20	-1
0	-0.11357587	0.9934553	7.346428e-05	0	-1.2566371e-05	0	-0.11357587	0.9934553	7.346428e-05	2.9643025e-20	-1
0	-0.11357587	0.9934553	7.346428e-05	0	-2.5132742e-05	0	-0.11357587	0.9934553	7.346428e-05	2.964801e-20	-1
0	-0.11357587	0.9934553	7.346428e-05	0	-6.283185e-05	0	-0.11357587	0.9934553	7.346428e-05	2.9662968e-20	-1
0	-0.11357587	0.9934553	7.346428e-05	0	-0.0001256637	0	-0.11357587	0.9934553	7.346428e-05	2.9687897e-20	-1
0	-0.115761235	0.9932028	7.420225e-05	0	-0.0002513274	0	-0.115761235	0.9932028	7.420225e-05	2.9737738e-20	-1
0	-0.11800918	0.992938	7.496241e-05	0	-0.0006283185	0	-0.11800918	0.992938	7.496241e-05	2.9887247e-20	-1
0	-0.120276	0.99266577	7.572724e-05	0	-0.0010053096	0	-0.120276	0.99266577	7.572724e-05	3.0036718e-20	-1
0	-0.12194136	0.99246234	7.6287855e-05	0	-0.001256637	0	-0.12194136	0.99246234	7.6287855e-05	3.013634e-20	-1
0	-0.1262222	0.99192655	7.772466e-05	0	-0.0018849556	0	-0.1262222	0.99192655	7.772466e-05	3.0385304e-20	-1
0	-0.13076732	0.99133706	7.9244026e-05	0	-0.002513274	0	-0.13076732	0.99133706	7.9244026e-05	3.0634133e-20	-1
0	-0.14097777	0.9899355	8.263722e-05	0	-0.0037699111	0	-0.14097777	0.9899355	8.263722e-05	3.1131298e-20	-1
0	-0.16759351	0.98577535	9.1263646e-05	0	-0.0062831854	0	-0.16759351	0.98577535	9.1263646e-05	3.2122997e-20	-1
0	-0.22659308	0.9738989	0.00010914462	0	-0.009424778	0	-0.22659308	0.9738989	0.00010914462	3.335371e-20	-1
0	0.06995059	-0.9974805	-5.838832e-05	0	-0.012566371	0	0.06995059	-0.9974805	-5.838832e-05	2.464003e-20	-1
0	0.05847126	-0.9982202	-5.4316173e-05	0	-0.018849555	0	0.05847126	-0.9982202	-5.4316173e-05	2.2136088e-20	-1
0	0.050184164	-0.9986719	-5.1335384e-05	0	-0.025132742	0	0.050184164	-0.9986719	-5.1335384e-05	1.9630687e-20	-1
0	0.039038956	-0.9991708	-4.7233993e-05	0	-0.03769911	0	0.039038956	-0.9991708	-4.7233993e-05	1.4617443e-20	-1
0	0.031917594	-0.9994245	-4.4521155e-05	0	-0.050265484	0	0.031917594	-0.9994245	-4.4521155e-05	9.6023964e-21	-1
0	0.02697961	-0.99957085	-4.256054e-05	0	-0.06283186	0	0.02697961	-0.99957085	-4.256054e-05	4.586382e-21	-1
0	0.0269796	-0.99957085	-4.2560576e-05	0	-0.06283186	0	0.0269796	-0.99957085	-4.2560576e-05	4.586382e-21	1
0	0.031915635	-0.9994246	-4.452409e-05	0	-0.050265484	0	0.031915635	-0.9994246	-4.452409e-05	9.602397e-21	1
0	0.039038464	-0.9991708	-4.7235604e-05	0	-0.03769911	0	0.039038464	-0.9991708	-4.7235604e-05	1.4617443e-20	1
0	0.050175164	-0.9986723	-5.1334177e-05	0	-0.025132742	0	0.050175164	-0.9986723	-5.1334177e-05	1.9630689e-20	1
0	0.05846587	-0.9982205	-5.431459e-05	0	-0.018849555	0	0.05846587	-0.9982205	-5.431459e-05	2.2136085e-20	1
0	0.06996137	-0.9974798	-5.840104e-05	0	-0.012566371	0	0.06996137	-0.9974798	-5.840104e-05	2.4640032e-20	1
0	0.07751024	-0.996921	-6.104142e-05	0	-0.009424778	0	0.07751024	-0.996921	-6.104142e-05	2.5891162e-20	1
0	0.08688031	-0.99614733	-6.430404e-05	0	-0.0062831854	0	0.08688031	-0.99614733	-6.430404e-05	2.7141463e-20	1
0	0.09611649	-0.9952978	-6.7496134e-05	0	-0.0037699111	0	0.09611649	-0.9952978	-6.7496134e-05	2.8140888e-20	1
0	0.10151373	-0.99476135	-6.934858e-05	0	-0.002513274	0	0.10151373	-0.99476135	-6.934858e-05	2.864025e-20	1
0	0.10442276	-0.99445987	-7.034661e-05	0	-0.0018849556	0	0.10442276	-0.99445987	-7.034661e-05	2.8889826e-20	1
0	0.10752311	-0.9941292	-7.140417e-05	0	-0.001256637	0	0.10752311	-0.9941292	-7.140417e-05	2.9139318e-20	1
0	0.10752311	-0.9941292	-7.140417e-05	0	-0.0010053096	0	0.10752311	-0.9941292	-7.140417e-05	2.92391e-20	1
0	0.11080593	-0.99376833	-7.252204e-05	0	-0.0006283185	0	0.11080593	-0.99376833	-7.252204e-05	2.9388725e-20	1
0	0.11285609	-0.99353737	-7.3218114e-05	0	-0.0002513274	0	0.11285609	-0.99353737	-7.3218114e-05	2.9538326e-20	1
0	0.11285609	-0.99353737	-7.3218114e-05	0	-0.0001256637	0	0.11285609	-0.99353737	-7.3218114e-05	2.9588186e-20	1
0	0.11393271	-0.9934144	-7.358272e-05	0	-6.283185e-05	0	0.11393271	-0.9934144	-7.358272e-05	2.961311e-20	1
0	0.11393271	-0.9934144	-7.358272e-05	0	-2.5132742e-05	0	0.11393271	-0.9934144	-7.358272e-05	2.9628068e-20	1
0	0.11393271	-0.9934144	-7.358272e-05	0	-1.2566371e-05	0	0.11393271	-0.9934144	-7.358272e-05	2.9633054e-20	1
0	0.11393271	-0.9934144	-7.358272e-05	0	-6.2831855e-06	0	0.11393271	-0.9934144	-7.358272e-05	2.9635545e-20	1
0	0.11393271	-0.9934144	-7.358272e-05	0	-2.513274e-06	0	0.11393271	-0.9934144	-7.358272e-05	2.963704e-20	1
0	0.11393271	-0.9934144	-7.358272e-05	0	-1.256637e-06	0	0.11393271	-0.9934144	-7.358272e-05	2.9637542e-20	1
0	0.11393271	-0.9934144	-7.358272e-05	0	-6.283185e-07	0	0.11393271	-0.9934144	-7.358272e-05	2.963779e-20	1
0	0.11393271	-0.9934144	-7.358272e-05	0	-2.513274e-07	0	0.11393271	-0.9934144	-7.358272e-05	2.963794e-20	1
0	0.11393271	-0.9934144	-7.358272e-05	0	-1.256637e-07	0	0.11393271	-0.9934144	-7.358272e-05	2.9637988e-20	1
0	0.11393271	-0.9934144	-7.358272e-05	0	0	0	0.11393271	-0.9934144	-7.358272e-05	2.963804e-20	1
0	0.11393271	-0.9934144	-7.358272e-05	0	1.256637e-07	0	0.11393271	-0.9934144	-7.358272e-05	2.9638088e-20	1
0	0.11393271	-0.9934144	-7.358272e-05	0	2.513274e-07	0	0.11393271	-0.9934144	-7.358272e-05	2.963814e-20	1
0	0.11393271	-0.9934144	-7.358272e-05	0	6.283185e-07	0	0.11393271	-0.9934144	-7.358272e-05	2.963829e-20	1
0	0.11393271	-0.9934144	-7.358272e-05	0	1.256637e-06	0	0.11393271	-0.9934144	-7.358272e-05	2.9638537e-20	1
0	0.11393271	-0.9934144	-7.358272e-05	0	2.513274e-06	0	0.11393271	-0.9934144	-7.358272e-05	2.9639035e-20	1
0	0.11393271	-0.9934144	-7.358272e-05	0	6.2831855e-06	0	0.11393271	-0.9934144	-7.358272e-05	2.964053e-20	1
0	0.11393271	-0.9934144	-7.358272e-05	0	1.2566371e-05	0	0.11393271	-0.9934144	-7.358272e-05	2.9643025e-20	1
0	0.11393271	-0.9934144	-7.358272e-05	0	2.5132742e-05	0	0.11393271	-0.9934144	-7.358272e-05	2.964801e-20	1
0	0.11393271	-0.9934144	-7.358272e-05	0	6.283185e-05	0	0.11393271	-0.9934144	-7.358272e-05	2.9662965e-20	1
0	0.11393271	-0.9934144	-7.358272e-05	0	0.0001256637	0	0.11393271	-0.9934144	-7.358272e-05	2.9687893e-20	1
0	0.11575875	-0.99320304	-7.420116e-05	0	0.0002513274	0	0.11575875	-0.99320304	-7.420116e-05	2.973773e-20	1
0	0.11800726	-0.99293816	-7.496164e-05	0	0.0006283185	0	0.11800726	-0.99293816	-7.496164e-05	2.9887247e-20	1
0	0.12035104	-0.9926566	-7.575502e-05	0	0.0010053096	0	0.12035104	-0.9926566	-7.575502e-05	3.0036718e-20	1
0	0.12197194	-0.9924586	-7.629702e-05	0	0.001256637	0	0.12197194	-0.9924586	-7.629702e-05	3.0136335e-20	1
0	0.12622547	-0.9919262	-7.772603e-05	0	0.0018849556	0	0.12622547	-0.9919262	-7.772603e-05	3.038531e-20	1
0	0.13076961	-0.9913368	-7.924567e-05	0	0.002513274	0	0.13076961	-0.9913368	-7.924567e-05	3.0634133e-20	1
0	0.14098385	-0.9899347	-8.2632374e-05	0	0.0037699111	0	0.14098385	-0.9899347	-8.2632374e-05	3.1131298e-20	1
0	0.16759834	-0.9857745	-9.126594e-05	0	0.0062831854	0	0.16759834	-0.9857745	-9.126594e-05	3.2122997e-20	1
0	0.22657964	-0.973902	-0.00010914086	0	0.009424778	0	0.22657964	-0.973902	-0.00010914086	3.3353706e-20	1
0	-0.9533808	0.30143428	-0.0001151007	0	0.012566371	0	-0.9533808	0.30143428	-0.0001151007	2.7030511e-20	1
0	-0.058468007	0.9982204	5.4321332e-05	0	0.018849555	0	-0.058468007	0.9982204	5.4321332e-05	2.2136087e-20	1
0	-0.05018235	0.99867195	5.1334828e-05	0	0.025132742	0	-0.05018235	0.99867195	5.1334828e-05	1.963069e-20	1
0	-0.039039597	0.9991708	4.7236208e-05	0	0.03769911	0	-0.039039597	0.9991708	4.7236208e-05	1.4617445e-20	1
0	-0.031916834	0.9994246	4.4521505e-05	0	0.050265484	0	-0.031916834	0.9994246	4.4521505e-05	9.602395e-21	1
0	-0.026981361	0.99957085	4.255949e-05	0	0.06283186	0	-0.026981361	0.99957085	4.255949e-05	4.5863813e-21	1
