# t (s)	mx ()	my ()	mz ()	B_extx (T)	B_exty (T)	B_extz (T)	mx ()	my ()	mz ()	E_total (J)	branch ()
0	-0.060976017	0.99806535	-0.003832425	0	0.06283186	0	-0.060976017	0.99806535	-0.003832425	4.5208914e-21	-1
0	-0.072544575	0.9972897	-0.0038912017	0	0.050265484	0	-0.072544575	0.9972897	-0.0038912017	9.527907e-21	-1
0	-0.089192286	0.9959369	-0.0039607068	0	0.03769911	0	-0.089192286	0.9959369	-0.0039607068	1.4529754e-20	-1
0	-0.1148532	0.99330163	-0.004045979	0	0.025132742	0	-0.1148532	0.99330163	-0.004045979	1.9522047e-20	-1
0	-0.13347241	0.99096924	-0.004096349	0	0.018849555	0	-0.13347241	0.99096924	-0.004096349	2.2011775e-20	-1
0	-0.15841049	0.9872865	-0.0041521117	0	0.012566371	0	-0.15841049	0.9872865	-0.0041521117	2.4494115e-20	-1
0	-0.17426977	0.98460853	-0.004181464	0	0.009424778	0	-0.17426977	0.98460853	-0.004181464	2.5731186e-20	-1
0	-0.19324335	0.98105836	-0.004210813	0	0.0062831854	0	-0.19324335	0.98105836	-0.004210813	2.6964382e-20	-1
0	-0.2113603	0.97731245	-0.004233218	0	0.0037699111	0	-0.2113603	0.97731245	-0.004233218	2.794727e-20	-1
0	-0.22161376	0.97503686	-0.0042435047	0	0.002513274	0	-0.22161376	0.97503686	-0.0042435047	2.8437183e-20	-1
0	-0.22711322	0.97376955	-0.0042483388	0	0.0018849556	0	-0.22711322	0.97376955	-0.0042483388	2.8681683e-20	-1
0	-0.23287247	0.97240734	-0.004252908	0	0.001256637	0	-0.23287247	0.97240734	-0.004252908	2.8925853e-20	-1
0	-0.23287247	0.97240734	-0.004252908	0	0.0010053096	0	-0.23287247	0.97240734	-0.004252908	2.9023454e-20	-1
0	-0.23890123	0.97094274	-0.004257038	0	0.0006283185	0	-0.23890123	0.97094274	-0.004257038	2.9169675e-20	-1
0	-0.24270548	0.9699981	-0.00425936	0	0.0002513274	0	-0.24270548	0.9699981	-0.00425936	2.9315785e-20	-1
0	-0.24270548	0.9699981	-0.00425936	0	0.0001256637	0	-0.24270548	0.9699981	-0.00425936	2.9364466e-20	-1
0	-0.24270548	0.9699981	-0.00425936	0	6.283185e-05	0	-0.24270548	0.9699981	-0.00425936	2.9388803e-20	-1
0	-0.24270548	0.9699981	-0.00425936	0	2.5132742e-05	0	-0.24270548	0.9699981	-0.00425936	2.9403408e-20	-1
0	-0.24270548	0.9699981	-0.00425936	0	1.2566371e-05	0	-0.24270548	0.9699981	-0.00425936	2.9408277e-20	-1
0	-0.24270548	0.9699981	-0.00425936	0	6.2831855e-06	0	-0.24270548	0.9699981	-0.00425936	2.941071e-20	-1
0	-0.24270548	0.9699981	-0.00425936	0	2.513274e-06	0	-0.24270548	0.9699981	-0.00425936	2.941217e-20	-1
0	-0.24270548	0.9699981	-0.00425936	0	1.256637e-06	0	-0.24270548	0.9699981	-0.00425936	2.9412656e-20	-1
0	-0.24270548	0.9699981	-0.00425936	0	6.283185e-07	0	-0.24270548	0.9699981	-0.00425936	2.94129e-20	-1
0	-0.24270548	0.9699981	-0.00425936	0	2.513274e-07	0	-0.24270548	0.9699981	-0.00425936	2.9413047e-20	-1
0	-0.24270548	0.9699981	-0.00425936	0	1.256637e-07	0	-0.24270548	0.9699981	-0.00425936	2.9413095e-20	-1
0	-0.24270548	0.9699981	-0.00425936	0	0	0	-0.24270548	0.9699981	-0.00425936	2.9413143e-20	-1
0	-0.24270548	0.9699981	-0.00425936	0	-1.256637e-07	0	-0.24270548	0.9699981	-0.00425936	2.9413192e-20	-1
0	-0.24270548	0.9699981	-0.00425936	0	-2.513274e-07	0	-0.24270548	0.9699981	-0.00425936	2.941324e-20	-1
0	-0.24270548	0.9699981	-0.00425936	0	-6.283185e-07	0	-0.24270548	0.9699981	-0.00425936	2.9413386e-20	-1
0	-0.24270548	0.9699981	-0.00425936	0	-1.256637e-06	0	-0.24270548	0.9699981	-0.00425936	2.941363e-20	-1
0	-0.24270548	0.9699981	-0.00425936	0	-2.513274e-06	0	-0.24270548	0.9699981	-0.00425936	2.9414116e-20	-1
0	-0.24270548	0.9699981	-0.00425936	0	-6.2831855e-06	0	-0.24270548	0.9699981	-0.00425936	2.9415577e-20	-1
0	-0.24270548	0.9699981	-0.00425936	0	-1.2566371e-05	0	-0.24270548	0.9699981	-0.00425936	2.9418013e-20	-1
0	-0.24270548	0.9699981	-0.00425936	0	-2.5132742e-05	0	-0.24270548	0.9699981	-0.00425936	2.942288e-20	-1
0	-0.24594551	0.9691811	-0.0042611603	0	-6.283185e-05	0	-0.24594551	0.9691811	-0.0042611603	2.9437432e-20	-1
0	-0.24594551	0.9691811	-0.0042611603	0	-0.0001256637	0	-0.24594551	0.9691811	-0.0042611603	2.946175e-20	-1
0	-0.24594551	0.9691811	-0.0042611603	0	-0.0002513274	0	-0.24594551	0.9691811	-0.0042611603	2.951039e-20	-1
0	-0.2520077	0.96762145	-0.0042640734	0	-0.0006283185	0	-0.2520077	0.96762145	-0.0042640734	2.9656128e-20	-1
0	-0.25621533	0.966515	-0.0042657503	0	-0.0010053096	0	-0.25621533	0.966515	-0.0042657503	2.9801728e-20	-1
0	-0.25621533	0.966515	-0.0042657503	0	-0.001256637	0	-0.25621533	0.966515	-0.0042657503	2.9898737e-20	-1
0	-0.2666299	0.96369207	-0.004268674	0	-0.0018849556	0	-0.2666299	0.96369207	-0.004268674	3.0140772e-20	-1
0	-0.2746653	0.96143115	-0.004269734	0	-0.002513274	0	-0.2746653	0.96143115	-0.004269734	3.0382305e-20	-1
0	-0.29237887	0.95618975	-0.0042684097	0	-0.0037699111	0	-0.29237887	0.95618975	-0.0042684097	3.0863534e-20	-1
0	-0.33828324	0.9409201	-0.004241209	0	-0.0062831854	0	-0.33828324	0.9409201	-0.004241209	3.181629e-20	-1
0	-0.90359473	-0.42809737	0.00046974546	0	-0.009424778	0	-0.90359473	-0.42809737	0.00046974546	2.6082963e-20	-1
0	-0.86303115	-0.5048729	0.0004840261	0	-0.012566371	0	-0.86303115	-0.5048729	0.0004840261	2.5499052e-20	-1
0	0.13348725	-0.9909673	0.004096372	0	-0.018849555	0	0.13348725	-0.9909673	0.004096372	2.2011774e-20	-1
0	0.114863135	-0.99330056	0.0040460033	0	-0.025132742	0	0.114863135	-0.99330056	0.0040460033	1.952205e-20	-1
0	0.08919701	-0.99593645	0.003960722	0	-0.03769911	0	0.08919701	-0.99593645	0.003960722	1.4529754e-20	-1
0	0.07254703	-0.99728954	0.0038911998	0	-0.050265484	0	0.07254703	-0.99728954	0.0038911998	9.5279106e-21	-1
0	0.06098017	-0.9980651	0.0038324364	0	-0.06283186	0	0.06098017	-0.9980651	0.0038324364	4.5208914e-21	-1
0	0.06098017	-0.9980651	0.0038324364	0	-0.06283186	0	0.06098017	-0.9980651	0.0038324364	4.5208914e-21	1
0	0.0725405	-0.99729	0.0038911845	0	-0.050265484	0	0.0725405	-0.99729	0.0038911845	9.5279065e-21	1
0	0.08919318	-0.99593675	0.003960711	0	-0.03769911	0	0.08919318	-0.99593675	0.003960711	1.4529752e-20	1
0	0.11485611	-0.99330133	0.0040459847	0	-0.025132742	0	0.11485611	-0.99330133	0.0040459847	1.9522049e-20	1
0	0.13346952	-0.99096966	0.0040963423	0	-0.018849555	0	0.13346952	-0.99096966	0.0040963423	2.2011772e-20	1
0	0.15840939	-0.9872867	0.0041521117	0	-0.012566371	0	0.15840939	-0.9872867	0.0041521117	2.4494112e-20	1
0	0.17427346	-0.98460793	0.004181469	0	-0.009424778	0	0.17427346	-0.98460793	0.004181469	2.5731183e-20	1
0	0.19323178	-0.9810606	0.0042108046	0	-0.0062831854	0	0.19323178	-0.9810606	0.0042108046	2.6964379e-20	1
0	0.2113449	-0.9773158	0.004233201	0	-0.0037699111	0	0.2113449	-0.9773158	0.004233201	2.7947273e-20	1
0	0.22162613	-0.975034	0.0042435247	0	-0.002513274	0	0.22162613	-0.975034	0.0042435247	2.843718e-20	1
0	0.22711062	-0.9737702	0.004248337	0	-0.0018849556	0	0.22711062	-0.9737702	0.004248337	2.868168e-20	1
0	0.23287302	-0.9724072	0.004252868	0	-0.001256637	0	0.23287302	-0.9724072	0.004252868	2.8925857e-20	1
0	0.23287302	-0.9724072	0.004252868	0	-0.0010053096	0	0.23287302	-0.9724072	0.004252868	2.9023457e-20	1
0	0.2389253	-0.97093683	0.0042570466	0	-0.0006283185	0	0.2389253	-0.97093683	0.0042570466	2.9169675e-20	1
0	0.24270079	-0.9699993	0.004259358	0	-0.0002513274	0	0.24270079	-0.9699993	0.004259358	2.9315785e-20	1
0	0.24270079	-0.9699993	0.004259358	0	-0.0001256637	0	0.24270079	-0.9699993	0.004259358	2.9364463e-20	1
0	0.24270079	-0.9699993	0.004259358	0	-6.283185e-05	0	0.24270079	-0.9699993	0.004259358	2.9388803e-20	1
0	0.24270079	-0.9699993	0.004259358	0	-2.5132742e-05	0	0.24270079	-0.9699993	0.004259358	2.9403408e-20	1
0	0.24270079	-0.9699993	0.004259358	0	-1.2566371e-05	0	0.24270079	-0.9699993	0.004259358	2.9408274e-20	1
0	0.24270079	-0.9699993	0.004259358	0	-6.2831855e-06	0	0.24270079	-0.9699993	0.004259358	2.941071e-20	1
0	0.24270079	-0.9699993	0.004259358	0	-2.513274e-06	0	0.24270079	-0.9699993	0.004259358	2.941217e-20	1
0	0.24270079	-0.9699993	0.004259358	0	-1.256637e-06	0	0.24270079	-0.9699993	0.004259358	2.9412656e-20	1
0	0.24270079	-0.9699993	0.004259358	0	-6.283185e-07	0	0.24270079	-0.9699993	0.004259358	2.94129e-20	1
0	0.24270079	-0.9699993	0.004259358	0	-2.513274e-07	0	0.24270079	-0.9699993	0.004259358	2.9413047e-20	1
0	0.24270079	-0.9699993	0.004259358	0	-1.256637e-07	0	0.24270079	-0.9699993	0.004259358	2.9413095e-20	1
0	0.24270079	-0.9699993	0.004259358	0	0	0	0.24270079	-0.9699993	0.004259358	2.9413143e-20	1
0	0.24270079	-0.9699993	0.004259358	0	1.256637e-07	0	0.24270079	-0.9699993	0.004259358	2.9413192e-20	1
0	0.24270079	-0.9699993	0.004259358	0	2.513274e-07	0	0.24270079	-0.9699993	0.004259358	2.941324e-20	1
0	0.24270079	-0.9699993	0.004259358	0	6.283185e-07	0	0.24270079	-0.9699993	0.004259358	2.9413386e-20	1
0	0.24270079	-0.9699993	0.004259358	0	1.256637e-06	0	0.24270079	-0.9699993	0.004259358	2.941363e-20	1
0	0.24270079	-0.9699993	0.004259358	0	2.513274e-06	0	0.24270079	-0.9699993	0.004259358	2.9414116e-20	1
0	0.24270079	-0.9699993	0.004259358	0	6.2831855e-06	0	0.24270079	-0.9699993	0.004259358	2.9415577e-20	1
0	0.24270079	-0.9699993	0.004259358	0	1.2566371e-05	0	0.24270079	-0.9699993	0.004259358	2.941801e-20	1
0	0.24270079	-0.9699993	0.004259358	0	2.5132742e-05	0	0.24270079	-0.9699993	0.004259358	2.942288e-20	1
0	0.24595499	-0.9691787	0.0042611645	0	6.283185e-05	0	0.24595499	-0.9691787	0.0042611645	2.943743e-20	1
0	0.24595499	-0.9691787	0.0042611645	0	0.0001256637	0	0.24595499	-0.9691787	0.0042611645	2.946175e-20	1
0	0.24595499	-0.9691787	0.0042611645	0	0.0002513274	0	0.24595499	-0.9691787	0.0042611645	2.9510386e-20	1
0	0.25199807	-0.96762395	0.0042640707	0	0.0006283185	0	0.25199807	-0.96762395	0.0042640707	2.9656128e-20	1
0	0.25622255	-0.9665131	0.004265751	0	0.0010053096	0	0.25622255	-0.9665131	0.004265751	2.980173e-20	1
0	0.25622255	-0.9665131	0.004265751	0	0.001256637	0	0.25622255	-0.9665131	0.004265751	2.989874e-20	1
0	0.2666326	-0.96369123	0.004268674	0	0.0018849556	0	0.2666326	-0.96369123	0.004268674	3.0140775e-20	1
0	0.2746783	-0.96142745	0.004269731	0	0.002513274	0	0.2746783	-0.96142745	0.004269731	3.0382305e-20	1
0	0.29236776	-0.9561931	0.0042684143	0	0.0037699111	0	0.29236776	-0.9561931	0.0042684143	3.0863527e-20	1
0	0.33827338	-0.9409237	0.0042412207	0	0.0062831854	0	0.33827338	-0.9409237	0.0042412207	3.1816297e-20	1
0	0.9035913	0.42810476	-0.00046974735	0	0.009424778	0	0.9035913	0.42810476	-0.00046974735	2.608297e-20	1
0	0.8630322	0.50487083	-0.00048402528	0	0.012566371	0	0.8630322	0.50487083	-0.00048402528	2.5499052e-20	1
0	-0.13348526	0.9909675	-0.00409637	0	0.018849555	0	-0.13348526	0.9909675	-0.00409637	2.2011775e-20	1
0	-0.11487098	0.9932996	-0.004046013	0	0.025132742	0	-0.11487098	0.9932996	-0.004046013	1.952205e-20	1
0	-0.08919805	0.9959363	-0.003960721	0	0.03769911	0	-0.08919805	0.9959363	-0.003960721	1.4529755e-20	1
0	-0.07254897	0.99728936	-0.0038912059	0	0.050265484	0	-0.07254897	0.99728936	-0.0038912059	9.527902e-21	1
0	-0.060979486	0.9980651	-0.0038324352	0	0.06283186	0	-0.060979486	0.9980651	-0.0038324352	4.5208926e-21	1
