# t (s)	mx ()	my ()	mz ()	B_extx (T)	B_exty (T)	B_extz (T)	mx ()	my ()	mz ()	E_total (J)	branch ()
0	-0.04244051	0.99903303	0.0005745647	0	0.06283186	0	-0.04244051	0.99903303	0.0005745647	4.616304e-21	-1
0	-0.050664946	0.99864864	0.00064678094	0	0.050265484	0	-0.050664946	0.99864864	0.00064678094	9.629073e-21	-1
0	-0.06272098	0.9979627	0.000752455	0	0.03769911	0	-0.06272098	0.9979627	0.000752455	1.4639258e-20	-1
0	-0.081969135	0.9965644	0.0009212146	0	0.025132742	0	-0.081969135	0.9965644	0.0009212146	1.9644486e-20	-1
0	-0.09653169	0.99525785	0.0010490055	0	0.018849555	0	-0.09653169	0.99525785	0.0010490055	2.2143612e-20	-1
0	-0.11697195	0.99306077	0.0012282603	0	0.012566371	0	-0.11697195	0.99306077	0.0012282603	2.4638463e-20	-1
0	-0.13059518	0.9913596	0.0013474071	0	0.009424778	0	-0.13059518	0.9913596	0.0013474071	2.588337e-20	-1
0	-0.14755185	0.98897576	0.0014949832	0	0.0062831854	0	-0.14755185	0.98897576	0.0014949832	2.712575e-20	-1
0	-0.16446345	0.986302	0.0016410465	0	0.0037699111	0	-0.16446345	0.986302	0.0016410465	2.8117116e-20	-1
0	-0.17439511	0.98459303	0.001726099	0	0.002513274	0	-0.17439511	0.98459303	0.001726099	2.8611673e-20	-1
0	-0.17982087	0.9836157	0.001772302	0	0.0018849556	0	-0.17982087	0.9836157	0.001772302	2.885861e-20	-1
0	-0.18560283	0.9825402	0.0018213138	0	0.001256637	0	-0.18560283	0.9825402	0.0018213138	2.910529e-20	-1
0	-0.18560283	0.9825402	0.0018213138	0	0.0010053096	0	-0.18560283	0.9825402	0.0018213138	2.920391e-20	-1
0	-0.19170967	0.9813659	0.0018728097	0	0.0006283185	0	-0.19170967	0.9813659	0.0018728097	2.935169e-20	-1
0	-0.19560154	0.980597	0.0019054704	0	0.0002513274	0	-0.19560154	0.980597	0.0019054704	2.949938e-20	-1
0	-0.19693744	0.9803294	0.0019166545	0	0.0001256637	0	-0.19693744	0.9803294	0.0019166545	2.9548585e-20	-1
0	-0.19693744	0.9803294	0.0019166545	0	6.283185e-05	0	-0.19693744	0.9803294	0.0019166545	2.9573184e-20	-1
0	-0.19693744	0.9803294	0.0019166545	0	2.5132742e-05	0	-0.19693744	0.9803294	0.0019166545	2.9587944e-20	-1
0	-0.19693744	0.9803294	0.0019166545	0	1.2566371e-05	0	-0.19693744	0.9803294	0.0019166545	2.9592865e-20	-1
0	-0.19693744	0.9803294	0.0019166545	0	6.2831855e-06	0	-0.19693744	0.9803294	0.0019166545	2.9595324e-20	-1
0	-0.19693744	0.9803294	0.0019166545	0	2.513274e-06	0	-0.19693744	0.9803294	0.0019166545	2.95968e-20	-1
0	-0.19693744	0.9803294	0.0019166545	0	1.256637e-06	0	-0.19693744	0.9803294	0.0019166545	2.959729e-20	-1
0	-0.19693744	0.9803294	0.0019166545	0	6.283185e-07	0	-0.19693744	0.9803294	0.0019166545	2.9597537e-20	-1
0	-0.19693744	0.9803294	0.0019166545	0	2.513274e-07	0	-0.19693744	0.9803294	0.0019166545	2.9597686e-20	-1
0	-0.19693744	0.9803294	0.0019166545	0	1.256637e-07	0	-0.19693744	0.9803294	0.0019166545	2.9597734e-20	-1
0	-0.19693744	0.9803294	0.0019166545	0	0	0	-0.19693744	0.9803294	0.0019166545	2.9597782e-20	-1
0	-0.19693744	0.9803294	0.0019166545	0	-1.256637e-07	0	-0.19693744	0.9803294	0.0019166545	2.959783e-20	-1
0	-0.19693744	0.9803294	0.0019166545	0	-2.513274e-07	0	-0.19693744	0.9803294	0.0019166545	2.9597883e-20	-1
0	-0.19693744	0.9803294	0.0019166545	0	-6.283185e-07	0	-0.19693744	0.9803294	0.0019166545	2.9598028e-20	-1
0	-0.19693744	0.9803294	0.0019166545	0	-1.256637e-06	0	-0.19693744	0.9803294	0.0019166545	2.9598274e-20	-1
0	-0.19693744	0.9803294	0.0019166545	0	-2.513274e-06	0	-0.19693744	0.9803294	0.0019166545	2.9598768e-20	-1
0	-0.19693744	0.9803294	0.0019166545	0	-6.2831855e-06	0	-0.19693744	0.9803294	0.0019166545	2.960024e-20	-1
0	-0.19693744	0.9803294	0.0019166545	0	-1.2566371e-05	0	-0.19693744	0.9803294	0.0019166545	2.9602704e-20	-1
0	-0.19693744	0.9803294	0.0019166545	0	-2.5132742e-05	0	-0.19693744	0.9803294	0.0019166545	2.960762e-20	-1
0	-0.19693744	0.9803294	0.0019166545	0	-6.283185e-05	0	-0.19693744	0.9803294	0.0019166545	2.962238e-20	-1
0	-0.19966106	0.9797778	0.0019394015	0	-0.0001256637	0	-0.19966106	0.9797778	0.0019394015	2.9646954e-20	-1
0	-0.19966106	0.9797778	0.0019394015	0	-0.0002513274	0	-0.19966106	0.9797778	0.0019394015	2.9696126e-20	-1
0	-0.20533311	0.97860384	0.0019865767	0	-0.0006283185	0	-0.20533311	0.97860384	0.0019865767	2.984352e-20	-1
0	-0.2098194	0.97765106	0.0020236748	0	-0.0010053096	0	-0.2098194	0.97765106	0.0020236748	2.999078e-20	-1
0	-0.2098194	0.97765106	0.0020236748	0	-0.001256637	0	-0.2098194	0.97765106	0.0020236748	3.0088908e-20	-1
0	-0.2211581	0.9751466	0.0021165449	0	-0.0018849556	0	-0.2211581	0.9751466	0.0021165449	3.0333796e-20	-1
0	-0.23010656	0.97307223	0.0021889098	0	-0.002513274	0	-0.23010656	0.97307223	0.0021889098	3.0578224e-20	-1
0	-0.2508071	0.9679394	0.0023524724	0	-0.0037699111	0	-0.2508071	0.9679394	0.0023524724	3.106534e-20	-1
0	-0.31335366	0.9495233	0.0028076742	0	-0.0062831854	0	-0.31335366	0.9495233	0.0028076742	3.2029002e-20	-1
0	0.9889351	-0.1477778	0.003855954	0	-0.009424778	0	0.9889351	-0.1477778	0.003855954	2.77264e-20	-1
0	0.11698844	-0.9930588	-0.0012284035	0	-0.012566371	0	0.11698844	-0.9930588	-0.0012284035	2.4638457e-20	-1
0	0.09654234	-0.9952568	-0.001049096	0	-0.018849555	0	0.09654234	-0.9952568	-0.001049096	2.2143612e-20	-1
0	0.0819716	-0.99656415	-0.00092123577	0	-0.025132742	0	0.0819716	-0.99656415	-0.00092123577	1.9644491e-20	-1
0	0.06272428	-0.9979625	-0.00075248146	0	-0.03769911	0	0.06272428	-0.9979625	-0.00075248146	1.463926e-20	-1
0	0.05066763	-0.9986485	-0.00064680696	0	-0.050265484	0	0.05066763	-0.9986485	-0.00064680696	9.629075e-21	-1
0	0.042445056	-0.99903286	-0.0005745906	0	-0.06283186	0	0.042445056	-0.99903286	-0.0005745906	4.6163036e-21	-1
0	0.042445056	-0.99903286	-0.0005745906	0	-0.06283186	0	0.042445056	-0.99903286	-0.0005745906	4.6163036e-21	1
0	0.050664753	-0.99864864	-0.0006467833	0	-0.050265484	0	0.050664753	-0.99864864	-0.0006467833	9.629073e-21	1
0	0.0627207	-0.9979627	-0.000752451	0	-0.03769911	0	0.0627207	-0.9979627	-0.000752451	1.4639258e-20	1
0	0.08196436	-0.99656475	-0.0009211664	0	-0.025132742	0	0.08196436	-0.99656475	-0.0009211664	1.964449e-20	1
0	0.096531615	-0.99525785	-0.0010490022	0	-0.018849555	0	0.096531615	-0.99525785	-0.0010490022	2.2143609e-20	1
0	0.11697766	-0.9930601	-0.0012283095	0	-0.012566371	0	0.11697766	-0.9930601	-0.0012283095	2.4638462e-20	1
0	0.13058387	-0.9913611	-0.0013473084	0	-0.009424778	0	0.13058387	-0.9913611	-0.0013473084	2.5883372e-20	1
0	0.14755182	-0.98897576	-0.0014950025	0	-0.0062831854	0	0.14755182	-0.98897576	-0.0014950025	2.7125747e-20	1
0	0.1644504	-0.98630416	-0.0016409338	0	-0.0037699111	0	0.1644504	-0.98630416	-0.0016409338	2.811711e-20	1
0	0.17439523	-0.98459303	-0.0017261003	0	-0.002513274	0	0.17439523	-0.98459303	-0.0017261003	2.861167e-20	1
0	0.17981192	-0.98361737	-0.001772227	0	-0.0018849556	0	0.17981192	-0.98361737	-0.001772227	2.8858613e-20	1
0	0.18558067	-0.9825444	-0.0018211269	0	-0.001256637	0	0.18558067	-0.9825444	-0.0018211269	2.910529e-20	1
0	0.18558067	-0.9825444	-0.0018211269	0	-0.0010053096	0	0.18558067	-0.9825444	-0.0018211269	2.920391e-20	1
0	0.19172093	-0.9813638	-0.001872906	0	-0.0006283185	0	0.19172093	-0.9813638	-0.001872906	2.935169e-20	1
0	0.19560792	-0.9805957	-0.0019055209	0	-0.0002513274	0	0.19560792	-0.9805957	-0.0019055209	2.9499384e-20	1
0	0.19560792	-0.9805957	-0.0019055209	0	-0.0001256637	0	0.19560792	-0.9805957	-0.0019055209	2.9548594e-20	1
0	0.19560792	-0.9805957	-0.0019055209	0	-6.283185e-05	0	0.19560792	-0.9805957	-0.0019055209	2.95732e-20	1
0	0.19560792	-0.9805957	-0.0019055209	0	-2.5132742e-05	0	0.19560792	-0.9805957	-0.0019055209	2.9587963e-20	1
0	0.19560792	-0.9805957	-0.0019055209	0	-1.2566371e-05	0	0.19560792	-0.9805957	-0.0019055209	2.9592884e-20	1
0	0.19560792	-0.9805957	-0.0019055209	0	-6.2831855e-06	0	0.19560792	-0.9805957	-0.0019055209	2.9595343e-20	1
0	0.19560792	-0.9805957	-0.0019055209	0	-2.513274e-06	0	0.19560792	-0.9805957	-0.0019055209	2.959682e-20	1
0	0.19560792	-0.9805957	-0.0019055209	0	-1.256637e-06	0	0.19560792	-0.9805957	-0.0019055209	2.9597314e-20	1
0	0.19560792	-0.9805957	-0.0019055209	0	-6.283185e-07	0	0.19560792	-0.9805957	-0.0019055209	2.959756e-20	1
0	0.19560792	-0.9805957	-0.0019055209	0	-2.513274e-07	0	0.19560792	-0.9805957	-0.0019055209	2.9597705e-20	1
0	0.19560792	-0.9805957	-0.0019055209	0	-1.256637e-07	0	0.19560792	-0.9805957	-0.0019055209	2.9597757e-20	1
0	0.19560792	-0.9805957	-0.0019055209	0	0	0	0.19560792	-0.9805957	-0.0019055209	2.9597805e-20	1
0	0.19560792	-0.9805957	-0.0019055209	0	1.256637e-07	0	0.19560792	-0.9805957	-0.0019055209	2.9597854e-20	1
0	0.19560792	-0.9805957	-0.0019055209	0	2.513274e-07	0	0.19560792	-0.9805957	-0.0019055209	2.9597902e-20	1
0	0.19560792	-0.9805957	-0.0019055209	0	6.283185e-07	0	0.19560792	-0.9805957	-0.0019055209	2.959805e-20	1
0	0.19560792	-0.9805957	-0.0019055209	0	1.256637e-06	0	0.19560792	-0.9805957	-0.0019055209	2.9598296e-20	1
0	0.19560792	-0.9805957	-0.0019055209	0	2.513274e-06	0	0.19560792	-0.9805957	-0.0019055209	2.959879e-20	1
0	0.19560792	-0.9805957	-0.0019055209	0	6.2831855e-06	0	0.19560792	-0.9805957	-0.0019055209	2.9600264e-20	1
0	0.19560792	-0.9805957	-0.0019055209	0	1.2566371e-05	0	0.19560792	-0.9805957	-0.0019055209	2.9602726e-20	1
0	0.19560792	-0.9805957	-0.0019055209	0	2.5132742e-05	0	0.19560792	-0.9805957	-0.0019055209	2.9607647e-20	1
0	0.19897613	-0.9799173	-0.0019336903	0	6.283185e-05	0	0.19897613	-0.9799173	-0.0019336903	2.962237e-20	1
0	0.19897613	-0.9799173	-0.0019336903	0	0.0001256637	0	0.19897613	-0.9799173	-0.0019336903	2.9646958e-20	1
0	0.19897613	-0.9799173	-0.0019336903	0	0.0002513274	0	0.19897613	-0.9799173	-0.0019336903	2.9696136e-20	1
0	0.20537108	-0.9785959	-0.001986891	0	0.0006283185	0	0.20537108	-0.9785959	-0.001986891	2.9843517e-20	1
0	0.20982951	-0.97764885	-0.0020237556	0	0.0010053096	0	0.20982951	-0.97764885	-0.0020237556	2.999078e-20	1
0	0.21292177	-0.9769795	-0.0020492156	0	0.001256637	0	0.21292177	-0.9769795	-0.0020492156	3.0088872e-20	1
0	0.22119871	-0.97513735	-0.0021168757	0	0.0018849556	0	0.22119871	-0.97513735	-0.0021168757	3.03338e-20	1
0	0.23009524	-0.9730749	-0.0021887757	0	0.002513274	0	0.23009524	-0.9730749	-0.0021887757	3.057823e-20	1
0	0.25087655	-0.9679214	-0.0023530112	0	0.0037699111	0	0.25087655	-0.9679214	-0.0023530112	3.1065337e-20	1
0	0.31348068	-0.94948137	-0.0028085262	0	0.0062831854	0	0.31348068	-0.94948137	-0.0028085262	3.2029002e-20	1
0	0.91285515	0.40796718	0.004019428	0	0.009424778	0	0.91285515	0.40796718	0.004019428	2.6579216e-20	1
0	0.8515705	0.52395576	0.0029025015	0	0.012566371	0	0.8515705	0.52395576	0.0029025015	2.600034e-20	1
0	-0.09651895	0.99525905	0.001048892	0	0.018849555	0	-0.09651895	0.99525905	0.001048892	2.214361e-20	1
0	-0.08196956	0.9965643	0.0009212177	0	0.025132742	0	-0.08196956	0.9965643	0.0009212177	1.9644486e-20	1
0	-0.062726274	0.99796236	0.0007524995	0	0.03769911	0	-0.062726274	0.99796236	0.0007524995	1.463926e-20	1
0	-0.050668236	0.9986484	0.00064681214	0	0.050265484	0	-0.050668236	0.9986484	0.00064681214	9.629074e-21	1
0	-0.04244437	0.9990329	0.0005745836	0	0.06283186	0	-0.04244437	0.9990329	0.0005745836	4.616302e-21	1
