# t (s)	mx ()	my ()	mz ()	B_extx (T)	B_exty (T)	B_extz (T)	mx ()	my ()	mz ()	E_total (J)	branch ()
0	-0.022197723	0.9996871	0.0017837046	0	0.06283186	0	-0.022197723	0.9996871	0.0017837046	4.5399735e-21	-1
0	-0.0262139	0.99958897	0.0018004524	0	0.050265484	0	-0.0262139	0.99958897	0.0018004524	9.556683e-21	-1
0	-0.031995907	0.9994196	0.0018183144	0	0.03769911	0	-0.031995907	0.9994196	0.0018183144	1.4572743e-20	-1
0	-0.041001998	0.9990896	0.0018378529	0	0.025132742	0	-0.041001998	0.9990896	0.0018378529	1.958761e-20	-1
0	-0.047688525	0.9987922	0.0018485485	0	0.018849555	0	-0.047688525	0.9987922	0.0018485485	2.2094228e-20	-1
0	-0.05693403	0.99830705	0.0018601001	0	0.012566371	0	-0.05693403	0.99830705	0.0018601001	2.4599897e-20	-1
0	-0.063016884	0.997941	0.0018662538	0	0.009424778	0	-0.063016884	0.997941	0.0018662538	2.585218e-20	-1
0	-0.0705286	0.9974377	0.0018726827	0	0.0062831854	0	-0.0705286	0.9974377	0.0018726827	2.7103928e-20	-1
0	-0.07796514	0.9968834	0.0018780066	0	0.0037699111	0	-0.07796514	0.9968834	0.0018780066	2.810479e-20	-1
0	-0.082280114	0.99653614	0.0018807035	0	0.002513274	0	-0.082280114	0.99653614	0.0018807035	2.8604994e-20	-1
0	-0.084611624	0.9963407	0.0018820544	0	0.0018849556	0	-0.084611624	0.9963407	0.0018820544	2.8855023e-20	-1
0	-0.08713378	0.9961231	0.0018834176	0	0.001256637	0	-0.08713378	0.9961231	0.0018834176	2.9105003e-20	-1
0	-0.08814257	0.99603426	0.0018839957	0	0.0010053096	0	-0.08814257	0.99603426	0.0018839957	2.920498e-20	-1
0	-0.08970626	0.9958945	0.0018847538	0	0.0006283185	0	-0.08970626	0.9958945	0.0018847538	2.9354924e-20	-1
0	-0.09135829	0.9957442	0.0018855596	0	0.0002513274	0	-0.09135829	0.9957442	0.0018855596	2.950485e-20	-1
0	-0.09135829	0.9957442	0.0018855596	0	0.0001256637	0	-0.09135829	0.9957442	0.0018855596	2.9554824e-20	-1
0	-0.09135829	0.9957442	0.0018855596	0	6.283185e-05	0	-0.09135829	0.9957442	0.0018855596	2.9579807e-20	-1
0	-0.09135829	0.9957442	0.0018855596	0	2.5132742e-05	0	-0.09135829	0.9957442	0.0018855596	2.95948e-20	-1
0	-0.09135829	0.9957442	0.0018855596	0	1.2566371e-05	0	-0.09135829	0.9957442	0.0018855596	2.9599795e-20	-1
0	-0.09135829	0.9957442	0.0018855596	0	6.2831855e-06	0	-0.09135829	0.9957442	0.0018855596	2.9602296e-20	-1
0	-0.092521355	0.9956367	0.0018860993	0	2.513274e-06	0	-0.092521355	0.9956367	0.0018860993	2.960379e-20	-1
0	-0.092521355	0.9956367	0.0018860993	0	1.256637e-06	0	-0.092521355	0.9956367	0.0018860993	2.960429e-20	-1
0	-0.092521355	0.9956367	0.0018860993	0	6.283185e-07	0	-0.092521355	0.9956367	0.0018860993	2.960454e-20	-1
0	-0.092521355	0.9956367	0.0018860993	0	2.513274e-07	0	-0.092521355	0.9956367	0.0018860993	2.9604687e-20	-1
0	-0.092521355	0.9956367	0.0018860993	0	1.256637e-07	0	-0.092521355	0.9956367	0.0018860993	2.960474e-20	-1
0	-0.092521355	0.9956367	0.0018860993	0	0	0	-0.092521355	0.9956367	0.0018860993	2.9604788e-20	-1
0	-0.092521355	0.9956367	0.0018860993	0	-1.256637e-07	0	-0.092521355	0.9956367	0.0018860993	2.960484e-20	-1
0	-0.092521355	0.9956367	0.0018860993	0	-2.513274e-07	0	-0.092521355	0.9956367	0.0018860993	2.9604888e-20	-1
0	-0.092521355	0.9956367	0.0018860993	0	-6.283185e-07	0	-0.092521355	0.9956367	0.0018860993	2.960504e-20	-1
0	-0.092521355	0.9956367	0.0018860993	0	-1.256637e-06	0	-0.092521355	0.9956367	0.0018860993	2.960529e-20	-1
0	-0.092521355	0.9956367	0.0018860993	0	-2.513274e-06	0	-0.092521355	0.9956367	0.0018860993	2.960579e-20	-1
0	-0.092521355	0.9956367	0.0018860993	0	-6.2831855e-06	0	-0.092521355	0.9956367	0.0018860993	2.9607285e-20	-1
0	-0.092521355	0.9956367	0.0018860993	0	-1.2566371e-05	0	-0.092521355	0.9956367	0.0018860993	2.9609786e-20	-1
0	-0.092521355	0.9956367	0.0018860993	0	-2.5132742e-05	0	-0.092521355	0.9956367	0.0018860993	2.9614782e-20	-1
0	-0.092521355	0.9956367	0.0018860993	0	-6.283185e-05	0	-0.092521355	0.9956367	0.0018860993	2.962977e-20	-1
0	-0.092521355	0.9956367	0.0018860993	0	-0.0001256637	0	-0.092521355	0.9956367	0.0018860993	2.9654755e-20	-1
0	-0.092521355	0.9956367	0.0018860993	0	-0.0002513274	0	-0.092521355	0.9956367	0.0018860993	2.970472e-20	-1
0	-0.09549418	0.9953557	0.0018874272	0	-0.0006283185	0	-0.09549418	0.9953557	0.0018874272	2.9854587e-20	-1
0	-0.0973795	0.99517286	0.0018882168	0	-0.0010053096	0	-0.0973795	0.99517286	0.0018882168	3.0004426e-20	-1
0	-0.09868513	0.9950441	0.0018887382	0	-0.001256637	0	-0.09868513	0.9950441	0.0018887382	3.0104308e-20	-1
0	-0.10210483	0.99469876	0.0018900204	0	-0.0018849556	0	-0.10210483	0.99469876	0.0018900204	3.0353945e-20	-1
0	-0.105697855	0.994323	0.001891254	0	-0.002513274	0	-0.105697855	0.994323	0.001891254	3.0603495e-20	-1
0	-0.11383049	0.99342406	0.0018935637	0	-0.0037699111	0	-0.11383049	0.99342406	0.0018935637	3.1102275e-20	-1
0	-0.13475594	0.99080026	0.0018967845	0	-0.0062831854	0	-0.13475594	0.99080026	0.0018967845	3.2098175e-20	-1
0	-0.17793196	0.98395836	0.0018924996	0	-0.009424778	0	-0.17793196	0.98395836	0.0018924996	3.3337634e-20	-1
0	0.056926362	-0.99830747	-0.0018600953	0	-0.012566371	0	0.056926362	-0.99830747	-0.0018600953	2.4599896e-20	-1
0	0.047691084	-0.99879205	-0.0018485487	0	-0.018849555	0	0.047691084	-0.99879205	-0.0018485487	2.2094233e-20	-1
0	0.041003622	-0.9990896	-0.0018378531	0	-0.025132742	0	0.041003622	-0.9990896	-0.0018378531	1.958761e-20	-1
0	0.031997584	-0.99941957	-0.0018183163	0	-0.03769911	0	0.031997584	-0.99941957	-0.0018183163	1.4572741e-20	-1
0	0.026220525	-0.9995888	-0.0018004561	0	-0.050265484	0	0.026220525	-0.9995888	-0.0018004561	9.5566826e-21	-1
0	0.022202346	-0.99968696	-0.0017837062	0	-0.06283186	0	0.022202346	-0.99968696	-0.0017837062	4.539969e-21	-1
0	0.022202346	-0.99968696	-0.0017837062	0	-0.06283186	0	0.022202346	-0.99968696	-0.0017837062	4.539969e-21	1
0	0.026214024	-0.99958897	-0.0018004524	0	-0.050265484	0	0.026214024	-0.99958897	-0.0018004524	9.556679e-21	1
0	0.031995066	-0.9994197	-0.0018183155	0	-0.03769911	0	0.031995066	-0.9994197	-0.0018183155	1.4572743e-20	1
0	0.04100045	-0.9990897	-0.001837855	0	-0.025132742	0	0.04100045	-0.9990897	-0.001837855	1.9587608e-20	1
0	0.0476889	-0.9987922	-0.001848547	0	-0.018849555	0	0.0476889	-0.9987922	-0.001848547	2.2094232e-20	1
0	0.056935508	-0.99830693	-0.0018601001	0	-0.012566371	0	0.056935508	-0.99830693	-0.0018601001	2.4599896e-20	1
0	0.0630182	-0.99794096	-0.0018662555	0	-0.009424778	0	0.0630182	-0.99794096	-0.0018662555	2.5852183e-20	1
0	0.07054679	-0.9974364	-0.0018726888	0	-0.0062831854	0	0.07054679	-0.9974364	-0.0018726888	2.710393e-20	1
0	0.07797027	-0.99688303	-0.0018780105	0	-0.0037699111	0	0.07797027	-0.99688303	-0.0018780105	2.8104793e-20	1
0	0.08228697	-0.9965356	-0.0018807043	0	-0.002513274	0	0.08228697	-0.9965356	-0.0018807043	2.8604994e-20	1
0	0.08462997	-0.99633914	-0.001882059	0	-0.0018849556	0	0.08462997	-0.99633914	-0.001882059	2.885502e-20	1
0	0.087111235	-0.9961251	-0.0018834125	0	-0.001256637	0	0.087111235	-0.9961251	-0.0018834125	2.9105003e-20	1
0	0.087111235	-0.9961251	-0.0018834125	0	-0.0010053096	0	0.087111235	-0.9961251	-0.0018834125	2.9204985e-20	1
0	0.08974382	-0.9958911	-0.0018847496	0	-0.0006283185	0	0.08974382	-0.9958911	-0.0018847496	2.9354924e-20	1
0	0.09139155	-0.9957411	-0.0018855613	0	-0.0002513274	0	0.09139155	-0.9957411	-0.0018855613	2.9504854e-20	1
0	0.09139155	-0.9957411	-0.0018855613	0	-0.0001256637	0	0.09139155	-0.9957411	-0.0018855613	2.9554824e-20	1
0	0.09139155	-0.9957411	-0.0018855613	0	-6.283185e-05	0	0.09139155	-0.9957411	-0.0018855613	2.957981e-20	1
0	0.09139155	-0.9957411	-0.0018855613	0	-2.5132742e-05	0	0.09139155	-0.9957411	-0.0018855613	2.9594803e-20	1
0	0.09139155	-0.9957411	-0.0018855613	0	-1.2566371e-05	0	0.09139155	-0.9957411	-0.0018855613	2.95998e-20	1
0	0.09139155	-0.9957411	-0.0018855613	0	-6.2831855e-06	0	0.09139155	-0.9957411	-0.0018855613	2.9602296e-20	1
0	0.09139155	-0.9957411	-0.0018855613	0	-2.513274e-06	0	0.09139155	-0.9957411	-0.0018855613	2.9603796e-20	1
0	0.09139155	-0.9957411	-0.0018855613	0	-1.256637e-06	0	0.09139155	-0.9957411	-0.0018855613	2.9604297e-20	1
0	0.09139155	-0.9957411	-0.0018855613	0	-6.283185e-07	0	0.09139155	-0.9957411	-0.0018855613	2.9604545e-20	1
0	0.09139155	-0.9957411	-0.0018855613	0	-2.513274e-07	0	0.09139155	-0.9957411	-0.0018855613	2.9604697e-20	1
0	0.09139155	-0.9957411	-0.0018855613	0	-1.256637e-07	0	0.09139155	-0.9957411	-0.0018855613	2.9604746e-20	1
0	0.09139155	-0.9957411	-0.0018855613	0	0	0	0.09139155	-0.9957411	-0.0018855613	2.9604797e-20	1
0	0.09139155	-0.9957411	-0.0018855613	0	1.256637e-07	0	0.09139155	-0.9957411	-0.0018855613	2.9604846e-20	1
0	0.09139155	-0.9957411	-0.0018855613	0	2.513274e-07	0	0.09139155	-0.9957411	-0.0018855613	2.9604898e-20	1
0	0.09139155	-0.9957411	-0.0018855613	0	6.283185e-07	0	0.09139155	-0.9957411	-0.0018855613	2.9605046e-20	1
0	0.09139155	-0.9957411	-0.0018855613	0	1.256637e-06	0	0.09139155	-0.9957411	-0.0018855613	2.9605295e-20	1
0	0.09139155	-0.9957411	-0.0018855613	0	2.513274e-06	0	0.09139155	-0.9957411	-0.0018855613	2.9605796e-20	1
0	0.09139155	-0.9957411	-0.0018855613	0	6.2831855e-06	0	0.09139155	-0.9957411	-0.0018855613	2.9607295e-20	1
0	0.09139155	-0.9957411	-0.0018855613	0	1.2566371e-05	0	0.09139155	-0.9957411	-0.0018855613	2.9609793e-20	1
0	0.09139155	-0.9957411	-0.0018855613	0	2.5132742e-05	0	0.09139155	-0.9957411	-0.0018855613	2.961479e-20	1
0	0.09282337	-0.99560857	-0.0018862376	0	6.283185e-05	0	0.09282337	-0.99560857	-0.0018862376	2.962977e-20	1
0	0.09282337	-0.99560857	-0.0018862376	0	0.0001256637	0	0.09282337	-0.99560857	-0.0018862376	2.9654755e-20	1
0	0.09282337	-0.99560857	-0.0018862376	0	0.0002513274	0	0.09282337	-0.99560857	-0.0018862376	2.9704718e-20	1
0	0.09549479	-0.99535567	-0.0018874307	0	0.0006283185	0	0.09549479	-0.99535567	-0.0018874307	2.9854587e-20	1
0	0.09739454	-0.9951714	-0.0018882182	0	0.0010053096	0	0.09739454	-0.9951714	-0.0018882182	3.000443e-20	1
0	0.09739454	-0.9951714	-0.0018882182	0	0.001256637	0	0.09739454	-0.9951714	-0.0018882182	3.0104314e-20	1
0	0.1020836	-0.9947009	-0.0018900177	0	0.0018849556	0	0.1020836	-0.9947009	-0.0018900177	3.0353948e-20	1
0	0.10566226	-0.99432683	-0.0018912503	0	0.002513274	0	0.10566226	-0.99432683	-0.0018912503	3.0603492e-20	1
0	0.11382203	-0.993425	-0.001893553	0	0.0037699111	0	0.11382203	-0.993425	-0.001893553	3.1102275e-20	1
0	0.13475588	-0.9908003	-0.0018967845	0	0.0062831854	0	0.13475588	-0.9908003	-0.0018967845	3.2098175e-20	1
0	0.17794769	-0.9839556	-0.0018924954	0	0.009424778	0	0.17794769	-0.9839556	-0.0018924954	3.3337634e-20	1
0	0.9080597	0.4185449	0.00019012004	0	0.012566371	0	0.9080597	0.4185449	0.00019012004	2.6145654e-20	1
0	-0.04769906	0.99879164	0.0018485547	0	0.018849555	0	-0.04769906	0.99879164	0.0018485547	2.209423e-20	1
0	-0.04100445	0.99908954	0.0018378533	0	0.025132742	0	-0.04100445	0.99908954	0.0018378533	1.9587606e-20	1
0	-0.03199894	0.9994195	0.0018183177	0	0.03769911	0	-0.03199894	0.9994195	0.0018183177	1.4572741e-20	1
0	-0.026219014	0.99958885	0.001800453	0	0.050265484	0	-0.026219014	0.99958885	0.001800453	9.556681e-21	1
0	-0.022202862	0.99968696	0.0017837073	0	0.06283186	0	-0.022202862	0.99968696	0.0017837073	4.5399707e-21	1
