# t (s)	mx ()	my ()	mz ()	B_extx (T)	B_exty (T)	B_extz (T)	mx ()	my ()	mz ()	E_total (J)	branch ()
0	-0.04897654	0.99873054	0.0026558568	0	0.06283186	0	-0.04897654	0.99873054	0.0026558568	4.5436494e-21	-1
0	-0.05813057	0.9982382	0.0027230429	0	0.050265484	0	-0.05813057	0.9982382	0.0027230429	9.554654e-21	-1
0	-0.07134217	0.9973794	0.0028110058	0	0.03769911	0	-0.07134217	0.9973794	0.0028110058	1.4562379e-20	-1
0	-0.09189914	0.9956934	0.0029353043	0	0.025132742	0	-0.09189914	0.9956934	0.0029353043	1.9564022e-20	-1
0	-0.1070388	0.994178	0.0030204994	0	0.018849555	0	-0.1070388	0.994178	0.0030204994	2.2060703e-20	-1
0	-0.12772687	0.99172986	0.003130551	0	0.012566371	0	-0.12772687	0.99172986	0.003130551	2.455254e-20	-1
0	-0.14114025	0.98990816	0.0031985315	0	0.009424778	0	-0.14114025	0.98990816	0.0031985315	2.57957e-20	-1
0	-0.15750024	0.987435	0.0032781134	0	0.0062831854	0	-0.15750024	0.987435	0.0032781134	2.7036193e-20	-1
0	-0.1734374	0.9847584	0.0033521946	0	0.0037699111	0	-0.1734374	0.9847584	0.0033521946	2.8026004e-20	-1
0	-0.18261412	0.9830966	0.0033933101	0	0.002513274	0	-0.18261412	0.9830966	0.0033933101	2.8519798e-20	-1
0	-0.18756938	0.98216236	0.0034150383	0	0.0018849556	0	-0.18756938	0.98216236	0.0034150383	2.876637e-20	-1
0	-0.19278973	0.9811502	0.0034375638	0	0.001256637	0	-0.19278973	0.9811502	0.0034375638	2.9012685e-20	-1
0	-0.19278973	0.9811502	0.0034375638	0	0.0010053096	0	-0.19278973	0.9811502	0.0034375638	2.911116e-20	-1
0	-0.19833753	0.9800429	0.0034610853	0	0.0006283185	0	-0.19833753	0.9800429	0.0034610853	2.9258745e-20	-1
0	-0.20181762	0.9793316	0.0034756223	0	0.0002513274	0	-0.20181762	0.9793316	0.0034756223	2.9406248e-20	-1
0	-0.20181762	0.9793316	0.0034756223	0	0.0001256637	0	-0.20181762	0.9793316	0.0034756223	2.9455394e-20	-1
0	-0.20181762	0.9793316	0.0034756223	0	6.283185e-05	0	-0.20181762	0.9793316	0.0034756223	2.947997e-20	-1
0	-0.20181762	0.9793316	0.0034756223	0	2.5132742e-05	0	-0.20181762	0.9793316	0.0034756223	2.9494714e-20	-1
0	-0.20181762	0.9793316	0.0034756223	0	1.2566371e-05	0	-0.20181762	0.9793316	0.0034756223	2.949963e-20	-1
0	-0.20181762	0.9793316	0.0034756223	0	6.2831855e-06	0	-0.20181762	0.9793316	0.0034756223	2.9502085e-20	-1
0	-0.20181762	0.9793316	0.0034756223	0	2.513274e-06	0	-0.20181762	0.9793316	0.0034756223	2.950356e-20	-1
0	-0.20181762	0.9793316	0.0034756223	0	1.256637e-06	0	-0.20181762	0.9793316	0.0034756223	2.9504053e-20	-1
0	-0.20181762	0.9793316	0.0034756223	0	6.283185e-07	0	-0.20181762	0.9793316	0.0034756223	2.9504298e-20	-1
0	-0.20181762	0.9793316	0.0034756223	0	2.513274e-07	0	-0.20181762	0.9793316	0.0034756223	2.9504444e-20	-1
0	-0.20181762	0.9793316	0.0034756223	0	1.256637e-07	0	-0.20181762	0.9793316	0.0034756223	2.9504495e-20	-1
0	-0.20181762	0.9793316	0.0034756223	0	0	0	-0.20181762	0.9793316	0.0034756223	2.9504544e-20	-1
0	-0.20181762	0.9793316	0.0034756223	0	-1.256637e-07	0	-0.20181762	0.9793316	0.0034756223	2.9504592e-20	-1
0	-0.20181762	0.9793316	0.0034756223	0	-2.513274e-07	0	-0.20181762	0.9793316	0.0034756223	2.950464e-20	-1
0	-0.20181762	0.9793316	0.0034756223	0	-6.283185e-07	0	-0.20181762	0.9793316	0.0034756223	2.950479e-20	-1
0	-0.20181762	0.9793316	0.0034756223	0	-1.256637e-06	0	-0.20181762	0.9793316	0.0034756223	2.9505035e-20	-1
0	-0.20181762	0.9793316	0.0034756223	0	-2.513274e-06	0	-0.20181762	0.9793316	0.0034756223	2.9505526e-20	-1
0	-0.20181762	0.9793316	0.0034756223	0	-6.2831855e-06	0	-0.20181762	0.9793316	0.0034756223	2.9507e-20	-1
0	-0.20181762	0.9793316	0.0034756223	0	-1.2566371e-05	0	-0.20181762	0.9793316	0.0034756223	2.9509458e-20	-1
0	-0.20181762	0.9793316	0.0034756223	0	-2.5132742e-05	0	-0.20181762	0.9793316	0.0034756223	2.9514373e-20	-1
0	-0.20181762	0.9793316	0.0034756223	0	-6.283185e-05	0	-0.20181762	0.9793316	0.0034756223	2.9529117e-20	-1
0	-0.2054092	0.97858393	0.003490449	0	-0.0001256637	0	-0.2054092	0.97858393	0.003490449	2.9553632e-20	-1
0	-0.2054092	0.97858393	0.003490449	0	-0.0002513274	0	-0.2054092	0.97858393	0.003490449	2.9602742e-20	-1
0	-0.2104238	0.977517	0.0035108395	0	-0.0006283185	0	-0.2104238	0.977517	0.0035108395	2.9749964e-20	-1
0	-0.21435729	0.9766613	0.0035265808	0	-0.0010053096	0	-0.21435729	0.9766613	0.0035265808	2.989707e-20	-1
0	-0.21435729	0.9766613	0.0035265808	0	-0.001256637	0	-0.21435729	0.9766613	0.0035265808	2.99951e-20	-1
0	-0.22415885	0.97445667	0.0035647866	0	-0.0018849556	0	-0.22415885	0.97445667	0.0035647866	3.023979e-20	-1
0	-0.23177797	0.9726713	0.0035935687	0	-0.002513274	0	-0.23177797	0.9726713	0.0035935687	3.0484087e-20	-1
0	-0.2489205	0.9684228	0.0036549815	0	-0.0037699111	0	-0.2489205	0.9684228	0.0036549815	3.0971193e-20	-1
0	-0.29529732	0.95529336	0.0037969928	0	-0.0062831854	0	-0.29529732	0.95529336	0.0037969928	3.193731e-20	-1
0	0.9952074	-0.09701985	0.0023257665	0	-0.009424778	0	0.9952074	-0.09701985	0.0023257665	2.7591188e-20	-1
0	0.12773612	-0.99172866	-0.0031305943	0	-0.012566371	0	0.12773612	-0.99172866	-0.0031305943	2.455254e-20	-1
0	0.10704909	-0.99417686	-0.003020549	0	-0.018849555	0	0.10704909	-0.99417686	-0.003020549	2.2060707e-20	-1
0	0.09190588	-0.99569273	-0.0029353364	0	-0.025132742	0	0.09190588	-0.99569273	-0.0029353364	1.956402e-20	-1
0	0.071345076	-0.99737924	-0.0028110235	0	-0.03769911	0	0.071345076	-0.99737924	-0.0028110235	1.4562379e-20	-1
0	0.05813654	-0.99823785	-0.0027230752	0	-0.050265484	0	0.05813654	-0.99823785	-0.0027230752	9.554654e-21	-1
0	0.048979267	-0.99873036	-0.0026558712	0	-0.06283186	0	0.048979267	-0.99873036	-0.0026558712	4.5436478e-21	-1
0	0.048979267	-0.99873036	-0.0026558712	0	-0.06283186	0	0.048979267	-0.99873036	-0.0026558712	4.5436478e-21	1
0	0.058131672	-0.9982382	-0.0027230482	0	-0.050265484	0	0.058131672	-0.9982382	-0.0027230482	9.554655e-21	1
0	0.071337774	-0.9973798	-0.0028109837	0	-0.03769911	0	0.071337774	-0.9973798	-0.0028109837	1.4562376e-20	1
0	0.091900766	-0.9956932	-0.0029353108	0	-0.025132742	0	0.091900766	-0.9956932	-0.0029353108	1.9564023e-20	1
0	0.107047856	-0.99417704	-0.0030205443	0	-0.018849555	0	0.107047856	-0.99417704	-0.0030205443	2.2060707e-20	1
0	0.12772635	-0.99172986	-0.0031305472	0	-0.012566371	0	0.12772635	-0.99172986	-0.0031305472	2.4552538e-20	1
0	0.14114502	-0.9899075	-0.0031985505	0	-0.009424778	0	0.14114502	-0.9899075	-0.0031985505	2.5795702e-20	1
0	0.15750039	-0.987435	-0.003278114	0	-0.0062831854	0	0.15750039	-0.987435	-0.003278114	2.7036193e-20	1
0	0.17342603	-0.9847604	-0.0033521452	0	-0.0037699111	0	0.17342603	-0.9847604	-0.0033521452	2.8026e-20	1
0	0.18261857	-0.98309577	-0.0033933287	0	-0.002513274	0	0.18261857	-0.98309577	-0.0033933287	2.8519798e-20	1
0	0.1875745	-0.9821614	-0.0034150584	0	-0.0018849556	0	0.1875745	-0.9821614	-0.0034150584	2.8766366e-20	1
0	0.1927836	-0.9811514	-0.003437539	0	-0.001256637	0	0.1927836	-0.9811514	-0.003437539	2.901269e-20	1
0	0.1927836	-0.9811514	-0.003437539	0	-0.0010053096	0	0.1927836	-0.9811514	-0.003437539	2.9111168e-20	1
0	0.19832581	-0.9800452	-0.0034610385	0	-0.0006283185	0	0.19832581	-0.9800452	-0.0034610385	2.9258748e-20	1
0	0.20180577	-0.979334	-0.0034755752	0	-0.0002513274	0	0.20180577	-0.979334	-0.0034755752	2.9406245e-20	1
0	0.20180577	-0.979334	-0.0034755752	0	-0.0001256637	0	0.20180577	-0.979334	-0.0034755752	2.945539e-20	1
0	0.20180577	-0.979334	-0.0034755752	0	-6.283185e-05	0	0.20180577	-0.979334	-0.0034755752	2.9479964e-20	1
0	0.20180577	-0.979334	-0.0034755752	0	-2.5132742e-05	0	0.20180577	-0.979334	-0.0034755752	2.949471e-20	1
0	0.20180577	-0.979334	-0.0034755752	0	-1.2566371e-05	0	0.20180577	-0.979334	-0.0034755752	2.9499626e-20	1
0	0.20180577	-0.979334	-0.0034755752	0	-6.2831855e-06	0	0.20180577	-0.979334	-0.0034755752	2.950208e-20	1
0	0.20180577	-0.979334	-0.0034755752	0	-2.513274e-06	0	0.20180577	-0.979334	-0.0034755752	2.9503555e-20	1
0	0.20180577	-0.979334	-0.0034755752	0	-1.256637e-06	0	0.20180577	-0.979334	-0.0034755752	2.950405e-20	1
0	0.20180577	-0.979334	-0.0034755752	0	-6.283185e-07	0	0.20180577	-0.979334	-0.0034755752	2.9504295e-20	1
0	0.20180577	-0.979334	-0.0034755752	0	-2.513274e-07	0	0.20180577	-0.979334	-0.0034755752	2.950444e-20	1
0	0.20180577	-0.979334	-0.0034755752	0	-1.256637e-07	0	0.20180577	-0.979334	-0.0034755752	2.950449e-20	1
0	0.20180577	-0.979334	-0.0034755752	0	0	0	0.20180577	-0.979334	-0.0034755752	2.950454e-20	1
0	0.20180577	-0.979334	-0.0034755752	0	1.256637e-07	0	0.20180577	-0.979334	-0.0034755752	2.950459e-20	1
0	0.20180577	-0.979334	-0.0034755752	0	2.513274e-07	0	0.20180577	-0.979334	-0.0034755752	2.9504637e-20	1
0	0.20180577	-0.979334	-0.0034755752	0	6.283185e-07	0	0.20180577	-0.979334	-0.0034755752	2.9504786e-20	1
0	0.20180577	-0.979334	-0.0034755752	0	1.256637e-06	0	0.20180577	-0.979334	-0.0034755752	2.9505032e-20	1
0	0.20180577	-0.979334	-0.0034755752	0	2.513274e-06	0	0.20180577	-0.979334	-0.0034755752	2.9505523e-20	1
0	0.20180577	-0.979334	-0.0034755752	0	6.2831855e-06	0	0.20180577	-0.979334	-0.0034755752	2.9506996e-20	1
0	0.20180577	-0.979334	-0.0034755752	0	1.2566371e-05	0	0.20180577	-0.979334	-0.0034755752	2.9509455e-20	1
0	0.20180577	-0.979334	-0.0034755752	0	2.5132742e-05	0	0.20180577	-0.979334	-0.0034755752	2.951437e-20	1
0	0.20481607	-0.9787084	-0.0034880084	0	6.283185e-05	0	0.20481607	-0.9787084	-0.0034880084	2.952907e-20	1
0	0.20481607	-0.9787084	-0.0034880084	0	0.0001256637	0	0.20481607	-0.9787084	-0.0034880084	2.955363e-20	1
0	0.20481607	-0.9787084	-0.0034880084	0	0.0002513274	0	0.20481607	-0.9787084	-0.0034880084	2.9602746e-20	1
0	0.21043956	-0.9775137	-0.0035109008	0	0.0006283185	0	0.21043956	-0.9775137	-0.0035109008	2.9749964e-20	1
0	0.21434136	-0.97666484	-0.00352652	0	0.0010053096	0	0.21434136	-0.97666484	-0.00352652	2.9897073e-20	1
0	0.21434136	-0.97666484	-0.00352652	0	0.001256637	0	0.21434136	-0.97666484	-0.00352652	2.99951e-20	1
0	0.2241472	-0.9744594	-0.0035647827	0	0.0018849556	0	0.2241472	-0.9744594	-0.0035647827	3.023979e-20	1
0	0.23180902	-0.9726638	-0.0035936786	0	0.002513274	0	0.23180902	-0.9726638	-0.0035936786	3.0484084e-20	1
0	0.24891022	-0.9684254	-0.0036549484	0	0.0037699111	0	0.24891022	-0.9684254	-0.0036549484	3.0971196e-20	1
0	0.29528153	-0.9552983	-0.0037969518	0	0.0062831854	0	0.29528153	-0.9552983	-0.0037969518	3.193731e-20	1
0	-0.9952072	0.09702226	-0.0023257658	0	0.009424778	0	-0.9952072	0.09702226	-0.0023257658	2.7591188e-20	1
0	-0.12773684	0.99172854	0.0031306008	0	0.012566371	0	-0.12773684	0.99172854	0.0031306008	2.4552541e-20	1
0	-0.10705197	0.9941766	0.003020564	0	0.018849555	0	-0.10705197	0.9941766	0.003020564	2.2060707e-20	1
0	-0.09190613	0.99569273	0.002935364	0	0.025132742	0	-0.09190613	0.99569273	0.002935364	1.9564022e-20	1
0	-0.07135482	0.9973785	0.0028110708	0	0.03769911	0	-0.07135482	0.9973785	0.0028110708	1.4562377e-20	1
0	-0.0581385	0.9982377	0.0027230838	0	0.050265484	0	-0.0581385	0.9982377	0.0027230838	9.554654e-21	1
0	-0.048979253	0.9987303	0.0026558705	0	0.06283186	0	-0.048979253	0.9987303	0.0026558705	4.5436498e-21	1
