# t (s)	mx ()	my ()	mz ()	B_extx (T)	B_exty (T)	B_extz (T)	mx ()	my ()	mz ()	E_total (J)	branch ()
0	-0.04488986	0.9989208	-0.0032714868	0	0.06283186	0	-0.04488986	0.9989208	-0.0032714868	4.538047e-21	-1
0	-0.053296607	0.9985064	-0.0032886066	0	0.050265484	0	-0.053296607	0.9985064	-0.0032886066	9.550184e-21	-1
0	-0.06543526	0.9977832	-0.0033002305	0	0.03769911	0	-0.06543526	0.9977832	-0.0033002305	1.4559565e-20	-1
0	-0.084345184	0.9963611	-0.00329983	0	0.025132742	0	-0.084345184	0.9963611	-0.00329983	1.9563813e-20	-1
0	-0.09830621	0.9950793	-0.0032902271	0	0.018849555	0	-0.09830621	0.9950793	-0.0032902271	2.2062445e-20	-1
0	-0.117362246	0.9930102	-0.0032682742	0	0.012566371	0	-0.117362246	0.9930102	-0.0032682742	2.4556973e-20	-1
0	-0.12971324	0.9914712	-0.0032496806	0	0.009424778	0	-0.12971324	0.9914712	-0.0032496806	2.5801917e-20	-1
0	-0.14471388	0.9893913	-0.0032232169	0	0.0062831854	0	-0.14471388	0.9893913	-0.0032232169	2.7044604e-20	-1
0	-0.15928018	0.98714936	-0.0031938797	0	0.0037699111	0	-0.15928018	0.98714936	-0.0031938797	2.8036586e-20	-1
0	-0.16767667	0.9857569	-0.0031754728	0	0.002513274	0	-0.16767667	0.9857569	-0.0031754728	2.853164e-20	-1
0	-0.17216021	0.9849831	-0.0031652334	0	0.0018849556	0	-0.17216021	0.9849831	-0.0031652334	2.87789e-20	-1
0	-0.1769077	0.984141	-0.003154071	0	0.001256637	0	-0.1769077	0.984141	-0.003154071	2.902595e-20	-1
0	-0.1769077	0.984141	-0.003154071	0	0.0010053096	0	-0.1769077	0.984141	-0.003154071	2.912473e-20	-1
0	-0.18191421	0.98322713	-0.0031419678	0	0.0006283185	0	-0.18191421	0.98322713	-0.0031419678	2.927278e-20	-1
0	-0.18504812	0.98264176	-0.00313422	0	0.0002513274	0	-0.18504812	0.98264176	-0.00313422	2.942077e-20	-1
0	-0.18504812	0.98264176	-0.00313422	0	0.0001256637	0	-0.18504812	0.98264176	-0.00313422	2.9470083e-20	-1
0	-0.18504812	0.98264176	-0.00313422	0	6.283185e-05	0	-0.18504812	0.98264176	-0.00313422	2.949474e-20	-1
0	-0.18504812	0.98264176	-0.00313422	0	2.5132742e-05	0	-0.18504812	0.98264176	-0.00313422	2.9509536e-20	-1
0	-0.18504812	0.98264176	-0.00313422	0	1.2566371e-05	0	-0.18504812	0.98264176	-0.00313422	2.9514467e-20	-1
0	-0.18504812	0.98264176	-0.00313422	0	6.2831855e-06	0	-0.18504812	0.98264176	-0.00313422	2.9516932e-20	-1
0	-0.18504812	0.98264176	-0.00313422	0	2.513274e-06	0	-0.18504812	0.98264176	-0.00313422	2.9518412e-20	-1
0	-0.18504812	0.98264176	-0.00313422	0	1.256637e-06	0	-0.18504812	0.98264176	-0.00313422	2.9518906e-20	-1
0	-0.18504812	0.98264176	-0.00313422	0	6.283185e-07	0	-0.18504812	0.98264176	-0.00313422	2.9519152e-20	-1
0	-0.18504812	0.98264176	-0.00313422	0	2.513274e-07	0	-0.18504812	0.98264176	-0.00313422	2.95193e-20	-1
0	-0.18504812	0.98264176	-0.00313422	0	1.256637e-07	0	-0.18504812	0.98264176	-0.00313422	2.951935e-20	-1
0	-0.18504812	0.98264176	-0.00313422	0	0	0	-0.18504812	0.98264176	-0.00313422	2.9519397e-20	-1
0	-0.18504812	0.98264176	-0.00313422	0	-1.256637e-07	0	-0.18504812	0.98264176	-0.00313422	2.951945e-20	-1
0	-0.18504812	0.98264176	-0.00313422	0	-2.513274e-07	0	-0.18504812	0.98264176	-0.00313422	2.9519498e-20	-1
0	-0.18504812	0.98264176	-0.00313422	0	-6.283185e-07	0	-0.18504812	0.98264176	-0.00313422	2.9519646e-20	-1
0	-0.18504812	0.98264176	-0.00313422	0	-1.256637e-06	0	-0.18504812	0.98264176	-0.00313422	2.9519892e-20	-1
0	-0.18504812	0.98264176	-0.00313422	0	-2.513274e-06	0	-0.18504812	0.98264176	-0.00313422	2.9520383e-20	-1
0	-0.18504812	0.98264176	-0.00313422	0	-6.2831855e-06	0	-0.18504812	0.98264176	-0.00313422	2.9521863e-20	-1
0	-0.18504812	0.98264176	-0.00313422	0	-1.2566371e-05	0	-0.18504812	0.98264176	-0.00313422	2.9524328e-20	-1
0	-0.18504812	0.98264176	-0.00313422	0	-2.5132742e-05	0	-0.18504812	0.98264176	-0.00313422	2.9529262e-20	-1
0	-0.18504812	0.98264176	-0.00313422	0	-6.283185e-05	0	-0.18504812	0.98264176	-0.00313422	2.9544055e-20	-1
0	-0.18829149	0.982025	-0.0031260634	0	-0.0001256637	0	-0.18829149	0.982025	-0.0031260634	2.9568666e-20	-1
0	-0.18829149	0.982025	-0.0031260634	0	-0.0002513274	0	-0.18829149	0.982025	-0.0031260634	2.9617948e-20	-1
0	-0.19280022	0.9811491	-0.0031144954	0	-0.0006283185	0	-0.19280022	0.9811491	-0.0031144954	2.976571e-20	-1
0	-0.19631788	0.98045087	-0.0031052935	0	-0.0010053096	0	-0.19631788	0.98045087	-0.0031052935	2.991337e-20	-1
0	-0.19631788	0.98045087	-0.0031052935	0	-0.001256637	0	-0.19631788	0.98045087	-0.0031052935	3.001178e-20	-1
0	-0.20508441	0.97865343	-0.0030816756	0	-0.0018849556	0	-0.20508441	0.97865343	-0.0030816756	3.025749e-20	-1
0	-0.21179187	0.9772228	-0.0030629886	0	-0.002513274	0	-0.21179187	0.9772228	-0.0030629886	3.0502883e-20	-1
0	-0.22680126	0.97384644	-0.0030192551	0	-0.0037699111	0	-0.22680126	0.97384644	-0.0030192551	3.0992487e-20	-1
0	-0.26553386	0.9639994	-0.0028952118	0	-0.0062831854	0	-0.26553386	0.9639994	-0.0028952118	3.1965435e-20	-1
0	-0.36278027	0.93174934	-0.0025258157	0	-0.009424778	0	-0.36278027	0.93174934	-0.0025258157	3.3159793e-20	-1
0	0.117358655	-0.99301064	0.0032682805	0	-0.012566371	0	0.117358655	-0.99301064	0.0032682805	2.4556975e-20	-1
0	0.09831038	-0.9950788	0.0032902192	0	-0.018849555	0	0.09831038	-0.9950788	0.0032902192	2.2062443e-20	-1
0	0.084362	-0.9963596	0.003299802	0	-0.025132742	0	0.084362	-0.9963596	0.003299802	1.9563813e-20	-1
0	0.06544763	-0.99778235	0.0033002137	0	-0.03769911	0	0.06544763	-0.99778235	0.0033002137	1.4559561e-20	-1
0	0.053301677	-0.9985062	0.0032885985	0	-0.050265484	0	0.053301677	-0.9985062	0.0032885985	9.550185e-21	-1
0	0.04489273	-0.9989207	0.0032714834	0	-0.06283186	0	0.04489273	-0.9989207	0.0032714834	4.53805e-21	-1
0	0.04489273	-0.9989207	0.0032714834	0	-0.06283186	0	0.04489273	-0.9989207	0.0032714834	4.53805e-21	1
0	0.05329621	-0.99850655	0.0032885699	0	-0.050265484	0	0.05329621	-0.99850655	0.0032885699	9.550186e-21	1
0	0.06543581	-0.9977831	0.003300229	0	-0.03769911	0	0.06543581	-0.9977831	0.003300229	1.4559563e-20	1
0	0.08435112	-0.99636054	0.0032998112	0	-0.025132742	0	0.08435112	-0.99636054	0.0032998112	1.9563817e-20	1
0	0.09830049	-0.9950799	0.0032902446	0	-0.018849555	0	0.09830049	-0.9950799	0.0032902446	2.2062442e-20	1
0	0.1173488	-0.99301183	0.003268301	0	-0.012566371	0	0.1173488	-0.99301183	0.003268301	2.4556976e-20	1
0	0.12970042	-0.99147284	0.003249708	0	-0.009424778	0	0.12970042	-0.99147284	0.003249708	2.5801915e-20	1
0	0.14473435	-0.98938835	0.0032231717	0	-0.0062831854	0	0.14473435	-0.98938835	0.0032231717	2.70446e-20	1
0	0.15928355	-0.9871489	0.0031938711	0	-0.0037699111	0	0.15928355	-0.9871489	0.0031938711	2.8036582e-20	1
0	0.16767609	-0.98575693	0.0031754728	0	-0.002513274	0	0.16767609	-0.98575693	0.0031754728	2.8531644e-20	1
0	0.17215843	-0.98498344	0.003165238	0	-0.0018849556	0	0.17215843	-0.98498344	0.003165238	2.8778896e-20	1
0	0.17693543	-0.984136	0.0031539984	0	-0.001256637	0	0.17693543	-0.984136	0.0031539984	2.9025952e-20	1
0	0.17693543	-0.984136	0.0031539984	0	-0.0010053096	0	0.17693543	-0.984136	0.0031539984	2.9124732e-20	1
0	0.18190487	-0.9832289	0.0031419937	0	-0.0006283185	0	0.18190487	-0.9832289	0.0031419937	2.9272785e-20	1
0	0.18507066	-0.98263747	0.0031341577	0	-0.0002513274	0	0.18507066	-0.98263747	0.0031341577	2.9420766e-20	1
0	0.18507066	-0.98263747	0.0031341577	0	-0.0001256637	0	0.18507066	-0.98263747	0.0031341577	2.947008e-20	1
0	0.18507066	-0.98263747	0.0031341577	0	-6.283185e-05	0	0.18507066	-0.98263747	0.0031341577	2.9494737e-20	1
0	0.18507066	-0.98263747	0.0031341577	0	-2.5132742e-05	0	0.18507066	-0.98263747	0.0031341577	2.9509533e-20	1
0	0.18507066	-0.98263747	0.0031341577	0	-1.2566371e-05	0	0.18507066	-0.98263747	0.0031341577	2.9514463e-20	1
0	0.18507066	-0.98263747	0.0031341577	0	-6.2831855e-06	0	0.18507066	-0.98263747	0.0031341577	2.951693e-20	1
0	0.18507066	-0.98263747	0.0031341577	0	-2.513274e-06	0	0.18507066	-0.98263747	0.0031341577	2.951841e-20	1
0	0.18507066	-0.98263747	0.0031341577	0	-1.256637e-06	0	0.18507066	-0.98263747	0.0031341577	2.95189e-20	1
0	0.18507066	-0.98263747	0.0031341577	0	-6.283185e-07	0	0.18507066	-0.98263747	0.0031341577	2.951915e-20	1
0	0.18507066	-0.98263747	0.0031341577	0	-2.513274e-07	0	0.18507066	-0.98263747	0.0031341577	2.9519297e-20	1
0	0.18507066	-0.98263747	0.0031341577	0	-1.256637e-07	0	0.18507066	-0.98263747	0.0031341577	2.9519346e-20	1
0	0.18507066	-0.98263747	0.0031341577	0	0	0	0.18507066	-0.98263747	0.0031341577	2.9519394e-20	1
0	0.18507066	-0.98263747	0.0031341577	0	1.256637e-07	0	0.18507066	-0.98263747	0.0031341577	2.9519443e-20	1
0	0.18507066	-0.98263747	0.0031341577	0	2.513274e-07	0	0.18507066	-0.98263747	0.0031341577	2.9519494e-20	1
0	0.18507066	-0.98263747	0.0031341577	0	6.283185e-07	0	0.18507066	-0.98263747	0.0031341577	2.951964e-20	1
0	0.18507066	-0.98263747	0.0031341577	0	1.256637e-06	0	0.18507066	-0.98263747	0.0031341577	2.951989e-20	1
0	0.18507066	-0.98263747	0.0031341577	0	2.513274e-06	0	0.18507066	-0.98263747	0.0031341577	2.952038e-20	1
0	0.18507066	-0.98263747	0.0031341577	0	6.2831855e-06	0	0.18507066	-0.98263747	0.0031341577	2.952186e-20	1
0	0.18507066	-0.98263747	0.0031341577	0	1.2566371e-05	0	0.18507066	-0.98263747	0.0031341577	2.9524325e-20	1
0	0.18507066	-0.98263747	0.0031341577	0	2.5132742e-05	0	0.18507066	-0.98263747	0.0031341577	2.9529256e-20	1
0	0.18507066	-0.98263747	0.0031341577	0	6.283185e-05	0	0.18507066	-0.98263747	0.0031341577	2.954405e-20	1
0	0.18828304	-0.9820266	0.0031260876	0	0.0001256637	0	0.18828304	-0.9820266	0.0031260876	2.956866e-20	1
0	0.18828304	-0.9820266	0.0031260876	0	0.0002513274	0	0.18828304	-0.9820266	0.0031260876	2.9617945e-20	1
0	0.19279769	-0.9811496	0.003114503	0	0.0006283185	0	0.19279769	-0.9811496	0.003114503	2.9765707e-20	1
0	0.1962839	-0.98045766	0.0031053904	0	0.0010053096	0	0.1962839	-0.98045766	0.0031053904	2.991337e-20	1
0	0.1987379	-0.9799628	0.0030988683	0	0.001256637	0	0.1987379	-0.9799628	0.0030988683	3.0011754e-20	1
0	0.20505586	-0.9786594	0.003081772	0	0.0018849556	0	0.20505586	-0.9786594	0.003081772	3.025749e-20	1
0	0.21179993	-0.977221	0.0030629667	0	0.002513274	0	0.21179993	-0.977221	0.0030629667	3.0502883e-20	1
0	0.22682032	-0.97384197	0.0030191937	0	0.0037699111	0	0.22682032	-0.97384197	0.0030191937	3.0992483e-20	1
0	0.26552	-0.9640032	0.0028952607	0	0.0062831854	0	0.26552	-0.9640032	0.0028952607	3.1965435e-20	1
0	-0.12969717	0.9914733	-0.003249715	0	0.009424778	0	-0.12969717	0.9914733	-0.003249715	2.5801915e-20	1
0	-0.11736028	0.9930104	-0.0032682754	0	0.012566371	0	-0.11736028	0.9930104	-0.0032682754	2.4556973e-20	1
0	-0.09831055	0.99507886	-0.0032902188	0	0.018849555	0	-0.09831055	0.99507886	-0.0032902188	2.2062443e-20	1
0	-0.08435726	0.99636006	-0.00329981	0	0.025132742	0	-0.08435726	0.99636006	-0.00329981	1.9563812e-20	1
0	-0.06544022	0.9977829	-0.0033002242	0	0.03769911	0	-0.06544022	0.9977829	-0.0033002242	1.4559561e-20	1
0	-0.053297788	0.9985064	-0.003288603	0	0.050265484	0	-0.053297788	0.9985064	-0.003288603	9.550189e-21	1
0	-0.04489315	0.9989207	-0.0032714847	0	0.06283186	0	-0.04489315	0.9989207	-0.0032714847	4.5380477e-21	1
