# t (s)	mx ()	my ()	mz ()	B_extx (T)	B_exty (T)	B_extz (T)	mx ()	my ()	mz ()	E_total (J)	branch ()
0	0.9994589	0.030810986	0.0022180877	0.06283186	0	0	0.9994589	0.030810986	0.0022180877	2.3365492e-21	-1
0	0.9993179	0.035062507	0.0022373814	0.050265484	0	0	0.9993179	0.035062507	0.0022373814	7.352011e-21	-1
0	0.99910426	0.040673755	0.0022573345	0.03769911	0	0	0.99910426	0.040673755	0.0022573345	1.2366595e-20	-1
0	0.9987588	0.048399437	0.0022779112	0.025132742	0	0	0.9987588	0.048399437	0.0022779112	1.7379813e-20	-1
0	0.9984993	0.053474955	0.0022883536	0.018849555	0	0	0.9984993	0.053474955	0.0022883536	1.988564e-20	-1
0	0.99814427	0.059724383	0.0022987542	0.012566371	0	0	0.99814427	0.059724383	0.0022987542	2.2390706e-20	-1
0	0.99791574	0.0634224	0.0023038667	0.009424778	0	0	0.99791574	0.0634224	0.0023038667	2.3642867e-20	-1
0	0.9976405	0.0676083	0.0023088506	0.0062831854	0	0	0.9976405	0.0676083	0.0023088506	2.489471e-20	-1
0	0.99737805	0.07136959	0.0023126926	0.0037699111	0	0	0.99737805	0.07136959	0.0023126926	2.5895912e-20	-1
0	0.9972292	0.073417954	0.0023145415	0.002513274	0	0	0.9972292	0.073417954	0.0023145415	2.6396411e-20	-1
0	0.9971498	0.07448777	0.002315476	0.0018849556	0	0	0.9971498	0.07448777	0.002315476	2.6646631e-20	-1
0	0.997067	0.07558632	0.0023163396	0.001256637	0	0	0.997067	0.07558632	0.0023163396	2.689683e-20	-1
0	0.997067	0.07558632	0.0023163396	0.0010053096	0	0	0.997067	0.07558632	0.0023163396	2.6996905e-20	-1
0	0.9969808	0.07671422	0.002317249	0.0006283185	0	0	0.9969808	0.07671422	0.002317249	2.714701e-20	-1
0	0.99692667	0.07741248	0.0023177422	0.0002513274	0	0	0.99692667	0.07741248	0.0023177422	2.7297102e-20	-1
0	0.99692667	0.07741248	0.0023177422	0.0001256637	0	0	0.99692667	0.07741248	0.0023177422	2.7347134e-20	-1
0	0.99692667	0.07741248	0.0023177422	6.283185e-05	0	0	0.99692667	0.07741248	0.0023177422	2.737215e-20	-1
0	0.99692667	0.07741248	0.0023177422	2.5132742e-05	0	0	0.99692667	0.07741248	0.0023177422	2.738716e-20	-1
0	0.99692667	0.07741248	0.0023177422	1.2566371e-05	0	0	0.99692667	0.07741248	0.0023177422	2.739216e-20	-1
0	0.99692667	0.07741248	0.0023177422	6.2831855e-06	0	0	0.99692667	0.07741248	0.0023177422	2.739466e-20	-1
0	0.99692667	0.07741248	0.0023177422	2.513274e-06	0	0	0.99692667	0.07741248	0.0023177422	2.7396164e-20	-1
0	0.99692667	0.07741248	0.0023177422	1.256637e-06	0	0	0.99692667	0.07741248	0.0023177422	2.7396665e-20	-1
0	0.99692667	0.07741248	0.0023177422	6.283185e-07	0	0	0.99692667	0.07741248	0.0023177422	2.7396913e-20	-1
0	0.99692667	0.07741248	0.0023177422	2.513274e-07	0	0	0.99692667	0.07741248	0.0023177422	2.7397065e-20	-1
0	0.99692667	0.07741248	0.0023177422	1.256637e-07	0	0	0.99692667	0.07741248	0.0023177422	2.7397114e-20	-1
0	0.99692667	0.07741248	0.0023177422	0	0	0	0.99692667	0.07741248	0.0023177422	2.7397165e-20	-1
0	0.99692667	0.07741248	0.0023177422	-1.256637e-07	0	0	0.99692667	0.07741248	0.0023177422	2.7397214e-20	-1
0	0.99692667	0.07741248	0.0023177422	-2.513274e-07	0	0	0.99692667	0.07741248	0.0023177422	2.7397266e-20	-1
0	0.99692667	0.07741248	0.0023177422	-6.283185e-07	0	0	0.99692667	0.07741248	0.0023177422	2.7397414e-20	-1
0	0.99692667	0.07741248	0.0023177422	-1.256637e-06	0	0	0.99692667	0.07741248	0.0023177422	2.7397663e-20	-1
0	0.99692667	0.07741248	0.0023177422	-2.513274e-06	0	0	0.99692667	0.07741248	0.0023177422	2.7398164e-20	-1
0	0.99692667	0.07741248	0.0023177422	-6.2831855e-06	0	0	0.99692667	0.07741248	0.0023177422	2.7399666e-20	-1
0	0.99692667	0.07741248	0.0023177422	-1.2566371e-05	0	0	0.99692667	0.07741248	0.0023177422	2.7402167e-20	-1
0	0.99692667	0.07741248	0.0023177422	-2.5132742e-05	0	0	0.99692667	0.07741248	0.0023177422	2.740717e-20	-1
0	0.99692667	0.07741248	0.0023177422	-6.283185e-05	0	0	0.99692667	0.07741248	0.0023177422	2.742218e-20	-1
0	0.9968715	0.07811935	0.002318232	-0.0001256637	0	0	0.9968715	0.07811935	0.002318232	2.744719e-20	-1
0	0.9968715	0.07811935	0.002318232	-0.0002513274	0	0	0.9968715	0.07811935	0.002318232	2.749722e-20	-1
0	0.99679565	0.07908051	0.0023188964	-0.0006283185	0	0	0.99679565	0.07908051	0.0023188964	2.7647297e-20	-1
0	0.99673676	0.079818144	0.0023193853	-0.0010053096	0	0	0.99673676	0.079818144	0.0023193853	2.779737e-20	-1
0	0.99673676	0.079818144	0.0023193853	-0.001256637	0	0	0.99673676	0.079818144	0.0023193853	2.7897413e-20	-1
0	0.9965926	0.081596315	0.0023204896	-0.0018849556	0	0	0.9965926	0.081596315	0.0023204896	2.814749e-20	-1
0	0.99648345	0.08291701	0.0023212463	-0.002513274	0	0	0.99648345	0.08291701	0.0023212463	2.8397547e-20	-1
0	0.99624896	0.08568533	0.0023226729	-0.0037699111	0	0	0.99624896	0.08568533	0.0023226729	2.8897577e-20	-1
0	0.9957007	0.091830835	0.0023250384	-0.0062831854	0	0	0.9957007	0.091830835	0.0023250384	2.9897244e-20	-1
0	0.9948261	0.100856915	0.0023267784	-0.009424778	0	0	0.9948261	0.100856915	0.0023267784	3.1145958e-20	-1
0	0.99364406	0.11189444	0.0023263202	-0.012566371	0	0	0.99364406	0.11189444	0.0023263202	3.2393388e-20	-1
0	0.9895289	0.14378655	0.0023111016	-0.018849555	0	0	0.9895289	0.14378655	0.0023111016	3.48822e-20	-1
0	0.97807443	0.20783466	0.0022263383	-0.025132742	0	0	0.97807443	0.20783466	0.0022263383	3.7353845e-20	-1
0	0.0037709558	-2.6882335e-06	-1.4208257e-05	-0.03769911	0	0	0.0037709558	-2.6882335e-06	-1.4208257e-05	2.2196376e-18	-1
0	0.005026685	-1.8966675e-06	-1.8946826e-05	-0.050265484	0	0	0.005026685	-1.8966675e-06	-1.8946826e-05	2.2196596e-18	-1
0	0.0062824	-1.1057418e-06	-2.3663044e-05	-0.06283186	0	0	0.0062824	-1.1057418e-06	-2.3663044e-05	2.219688e-18	-1
0	0.0062824	-1.1057418e-06	-2.3663044e-05	-0.06283186	0	0	0.0062824	-1.1057418e-06	-2.3663044e-05	2.219688e-18	1
0	0.005026686	-1.8969586e-06	-1.8939376e-05	-0.050265484	0	0	0.005026686	-1.8969586e-06	-1.8939376e-05	2.2196598e-18	1
0	0.0037709563	-2.6870403e-06	-1.4223158e-05	-0.03769911	0	0	0.0037709563	-2.6870403e-06	-1.4223158e-05	2.2196376e-18	1
0	0.002515207	-3.4703116e-06	-9.49949e-06	-0.025132742	0	0	0.002515207	-3.4703116e-06	-9.49949e-06	2.2196221e-18	1
0	0.0018873453	-3.871275e-06	-7.107854e-06	-0.018849555	0	0	0.0018873453	-3.871275e-06	-7.107854e-06	2.2196163e-18	1
0	0.0012594706	-4.2651372e-06	-4.775822e-06	-0.012566371	0	0	0.0012594706	-4.2651372e-06	-4.775822e-06	2.2196124e-18	1
0	0.0009455335	-4.462723e-06	-3.553927e-06	-0.009424778	0	0	0.0009455335	-4.462723e-06	-3.553927e-06	2.219611e-18	1
0	0.00063159614	-4.6596397e-06	-2.399087e-06	-0.0062831854	0	0	0.00063159614	-4.6596397e-06	-2.399087e-06	2.21961e-18	1
0	0.000380447	-4.8174697e-06	-1.437962e-06	-0.0037699111	0	0	0.000380447	-4.8174697e-06	-1.437962e-06	2.2196095e-18	1
0	0.0002548719	-4.8962247e-06	-9.760261e-07	-0.002513274	0	0	0.0002548719	-4.8962247e-06	-9.760261e-07	2.2196093e-18	1
0	0.0001920849	-4.9354276e-06	-7.376075e-07	-0.0018849556	0	0	0.0001920849	-4.9354276e-06	-7.376075e-07	2.219609e-18	1
0	0.0001292972	-4.9748633e-06	-5.066395e-07	-0.001256637	0	0	0.0001292972	-4.9748633e-06	-5.066395e-07	2.219609e-18	1
0	0.00010418202	-4.9902883e-06	-4.172325e-07	-0.0010053096	0	0	0.00010418202	-4.9902883e-06	-4.172325e-07	2.219609e-18	1
0	6.650976e-05	-5.0144445e-06	-2.6077032e-07	-0.0006283185	0	0	6.650976e-05	-5.0144445e-06	-2.6077032e-07	2.2196093e-18	1
0	2.8837065e-05	-5.038106e-06	-1.2665987e-07	-0.0002513274	0	0	2.8837065e-05	-5.038106e-06	-1.2665987e-07	2.2196093e-18	1
0	1.6280508e-05	-5.0459057e-06	-8.940697e-08	-0.0001256637	0	0	1.6280508e-05	-5.0459057e-06	-8.940697e-08	2.2196093e-18	1
0	1.0000833e-05	-5.0500385e-06	-5.2154064e-08	-6.283185e-05	0	0	1.0000833e-05	-5.0500385e-06	-5.2154064e-08	2.2196093e-18	1
0	6.235525e-06	-5.051872e-06	-5.2154064e-08	-2.5132742e-05	0	0	6.235525e-06	-5.051872e-06	-5.2154064e-08	2.2196093e-18	1
0	4.978152e-06	-5.0530944e-06	-5.2154064e-08	-1.2566371e-05	0	0	4.978152e-06	-5.0530944e-06	-5.2154064e-08	2.2196093e-18	1
0	4.3503824e-06	-5.0534436e-06	-4.4703484e-08	-6.2831855e-06	0	0	4.3503824e-06	-5.0534436e-06	-4.4703484e-08	2.219609e-18	1
0	3.9736624e-06	-5.0537637e-06	-4.4703484e-08	-2.513274e-06	0	0	3.9736624e-06	-5.0537637e-06	-4.4703484e-08	2.219609e-18	1
0	3.8478756e-06	-5.0539675e-06	-4.4703484e-08	-1.256637e-06	0	0	3.8478756e-06	-5.0539675e-06	-4.4703484e-08	2.219609e-18	1
0	3.8478756e-06	-5.0539675e-06	-4.4703484e-08	-6.283185e-07	0	0	3.8478756e-06	-5.0539675e-06	-4.4703484e-08	2.219609e-18	1
0	3.8478756e-06	-5.0539675e-06	-4.4703484e-08	-2.513274e-07	0	0	3.8478756e-06	-5.0539675e-06	-4.4703484e-08	2.219609e-18	1
0	3.8478756e-06	-5.0539675e-06	-4.4703484e-08	-1.256637e-07	0	0	3.8478756e-06	-5.0539675e-06	-4.4703484e-08	2.219609e-18	1
0	3.72238e-06	-5.053822e-06	-4.4703484e-08	0	0	0	3.72238e-06	-5.053822e-06	-4.4703484e-08	2.219609e-18	1
0	3.72238e-06	-5.053822e-06	-4.4703484e-08	1.256637e-07	0	0	3.72238e-06	-5.053822e-06	-4.4703484e-08	2.219609e-18	1
0	3.72238e-06	-5.053822e-06	-4.4703484e-08	2.513274e-07	0	0	3.72238e-06	-5.053822e-06	-4.4703484e-08	2.219609e-18	1
0	3.72238e-06	-5.053822e-06	-4.4703484e-08	6.283185e-07	0	0	3.72238e-06	-5.053822e-06	-4.4703484e-08	2.219609e-18	1
0	3.596826e-06	-5.0539675e-06	-4.4703484e-08	1.256637e-06	0	0	3.596826e-06	-5.0539675e-06	-4.4703484e-08	2.219609e-18	1
0	3.4712139e-06	-5.054084e-06	-4.4703484e-08	2.513274e-06	0	0	3.4712139e-06	-5.054084e-06	-4.4703484e-08	2.219609e-18	1
0	3.0944939e-06	-5.0542294e-06	-4.4703484e-08	6.2831855e-06	0	0	3.0944939e-06	-5.0542294e-06	-4.4703484e-08	2.219609e-18	1
0	2.4667243e-06	-5.054724e-06	-4.4703484e-08	1.2566371e-05	0	0	2.4667243e-06	-5.054724e-06	-4.4703484e-08	2.219609e-18	1
0	1.2107193e-06	-5.0553936e-06	-2.2351742e-08	2.5132742e-05	0	0	1.2107193e-06	-5.0553936e-06	-2.2351742e-08	2.219609e-18	1
0	-2.5509507e-06	-5.0592644e-06	-7.450581e-09	6.283185e-05	0	0	-2.5509507e-06	-5.0592644e-06	-7.450581e-09	2.2196095e-18	1
0	-8.834613e-06	-5.0615927e-06	3.7252903e-08	0.0001256637	0	0	-8.834613e-06	-5.0615927e-06	3.7252903e-08	2.2196093e-18	1
0	-2.1387124e-05	-5.0696544e-06	6.7055225e-08	0.0002513274	0	0	-2.1387124e-05	-5.0696544e-06	6.7055225e-08	2.2196093e-18	1
0	-5.906509e-05	-5.0932285e-06	2.1606684e-07	0.0006283185	0	0	-5.906509e-05	-5.0932285e-06	2.1606684e-07	2.2196093e-18	1
0	-9.673799e-05	-5.11689e-06	3.501773e-07	0.0010053096	0	0	-9.673799e-05	-5.11689e-06	3.501773e-07	2.2196093e-18	1
0	-0.0001218527	-5.1326642e-06	4.5448542e-07	0.001256637	0	0	-0.0001218527	-5.1326642e-06	4.5448542e-07	2.2196093e-18	1
0	-0.00018463991	-5.172071e-06	7.003546e-07	0.0018849556	0	0	-0.00018463991	-5.172071e-06	7.003546e-07	2.2196095e-18	1
0	-0.00024742764	-5.2115356e-06	9.23872e-07	0.002513274	0	0	-0.00024742764	-5.2115356e-06	9.23872e-07	2.2196093e-18	1
0	-0.0003730032	-5.2900577e-06	1.4230609e-06	0.0037699111	0	0	-0.0003730032	-5.2900577e-06	1.4230609e-06	2.2196095e-18	1
0	-0.0006241531	-5.4478587e-06	2.3245811e-06	0.0062831854	0	0	-0.0006241531	-5.4478587e-06	2.3245811e-06	2.21961e-18	1
0	-0.0009380912	-5.6445424e-06	3.553927e-06	0.009424778	0	0	-0.0009380912	-5.6445424e-06	3.553927e-06	2.2196112e-18	1
0	-0.0012520279	-5.841517e-06	4.7013164e-06	0.012566371	0	0	-0.0012520279	-5.841517e-06	4.7013164e-06	2.2196122e-18	1
0	-0.0018799019	-6.235001e-06	7.085502e-06	0.018849555	0	0	-0.0018799019	-6.235001e-06	7.085502e-06	2.2196165e-18	1
0	-0.0025077732	-6.62831e-06	9.447336e-06	0.025132742	0	0	-0.0025077732	-6.62831e-06	9.447336e-06	2.2196217e-18	1
0	-0.0037635125	-7.4149575e-06	1.4200807e-05	0.03769911	0	0	-0.0037635125	-7.4149575e-06	1.4200807e-05	2.2196376e-18	1
0	-0.0050192405	-8.199568e-06	1.8902123e-05	0.050265484	0	0	-0.0050192405	-8.199568e-06	1.8902123e-05	2.2196596e-18	1
0	-0.006274973	-8.980889e-06	2.3625791e-05	0.06283186	0	0	-0.006274973	-8.980889e-06	2.3625791e-05	2.2196877e-18	1
