# t (s)	mx ()	my ()	mz ()	B_extx (T)	B_exty (T)	B_extz (T)	mx ()	my ()	mz ()	E_total (J)	branch ()
0	-0.03876406	0.9991828	-0.00012359268	0	0.06283186	0	-0.03876406	0.9991828	-0.00012359268	4.6201596e-21	-1
0	-0.046025027	0.9988737	-0.00014591741	0	0.050265484	0	-0.046025027	0.9988737	-0.00014591741	9.633857e-21	-1
0	-0.05654083	0.99833256	-0.00017842287	0	0.03769911	0	-0.05654083	0.99833256	-0.00017842287	1.4645485e-20	-1
0	-0.07305957	0.9972582	-0.0002298457	0	0.025132742	0	-0.07305957	0.9972582	-0.0002298457	1.965326e-20	-1
0	-0.08535711	0.99627984	-0.0002683641	0	0.018849555	0	-0.08535711	0.99627984	-0.0002683641	2.2154501e-20	-1
0	-0.10235301	0.9946759	-0.00032179043	0	0.012566371	0	-0.10235301	0.9946759	-0.00032179043	2.4652583e-20	-1
0	-0.1135312	0.9934609	-0.00035699346	0	0.009424778	0	-0.1135312	0.9934609	-0.00035699346	2.5899807e-20	-1
0	-0.1272729	0.9917927	-0.000400259	0	0.0062831854	0	-0.1272729	0.9917927	-0.000400259	2.714524e-20	-1
0	-0.14076838	0.9899658	-0.00044266199	0	0.0037699111	0	-0.14076838	0.9899658	-0.00044266199	2.813983e-20	-1
0	-0.14861766	0.988817	-0.00046725193	0	0.002513274	0	-0.14861766	0.988817	-0.00046725193	2.863637e-20	-1
0	-0.15286256	0.9881691	-0.00048051996	0	0.0018849556	0	-0.15286256	0.9881691	-0.00048051996	2.8884407e-20	-1
0	-0.15738711	0.987458	-0.0004946368	0	0.001256637	0	-0.15738711	0.987458	-0.0004946368	2.913227e-20	-1
0	-0.15924332	0.9871601	-0.00050041906	0	0.0010053096	0	-0.15924332	0.9871601	-0.00050041906	2.9231367e-20	-1
0	-0.16212326	0.9866909	-0.000509387	0	0.0006283185	0	-0.16212326	0.9866909	-0.000509387	2.9379956e-20	-1
0	-0.16512844	0.986192	-0.0005187148	0	0.0002513274	0	-0.16512844	0.986192	-0.0005187148	2.952847e-20	-1
0	-0.16512844	0.986192	-0.0005187148	0	0.0001256637	0	-0.16512844	0.986192	-0.0005187148	2.9577962e-20	-1
0	-0.16512844	0.986192	-0.0005187148	0	6.283185e-05	0	-0.16512844	0.986192	-0.0005187148	2.960271e-20	-1
0	-0.16512844	0.986192	-0.0005187148	0	2.5132742e-05	0	-0.16512844	0.986192	-0.0005187148	2.9617557e-20	-1
0	-0.16512844	0.986192	-0.0005187148	0	1.2566371e-05	0	-0.16512844	0.986192	-0.0005187148	2.9622504e-20	-1
0	-0.16512844	0.986192	-0.0005187148	0	6.2831855e-06	0	-0.16512844	0.986192	-0.0005187148	2.962498e-20	-1
0	-0.16512844	0.986192	-0.0005187148	0	2.513274e-06	0	-0.16512844	0.986192	-0.0005187148	2.9626466e-20	-1
0	-0.16512844	0.986192	-0.0005187148	0	1.256637e-06	0	-0.16512844	0.986192	-0.0005187148	2.962696e-20	-1
0	-0.16512844	0.986192	-0.0005187148	0	6.283185e-07	0	-0.16512844	0.986192	-0.0005187148	2.962721e-20	-1
0	-0.16512844	0.986192	-0.0005187148	0	2.513274e-07	0	-0.16512844	0.986192	-0.0005187148	2.9627357e-20	-1
0	-0.16512844	0.986192	-0.0005187148	0	1.256637e-07	0	-0.16512844	0.986192	-0.0005187148	2.9627406e-20	-1
0	-0.16512844	0.986192	-0.0005187148	0	0	0	-0.16512844	0.986192	-0.0005187148	2.9627454e-20	-1
0	-0.16512844	0.986192	-0.0005187148	0	-1.256637e-07	0	-0.16512844	0.986192	-0.0005187148	2.9627503e-20	-1
0	-0.16512844	0.986192	-0.0005187148	0	-2.513274e-07	0	-0.16512844	0.986192	-0.0005187148	2.9627555e-20	-1
0	-0.16512844	0.986192	-0.0005187148	0	-6.283185e-07	0	-0.16512844	0.986192	-0.0005187148	2.9627703e-20	-1
0	-0.16512844	0.986192	-0.0005187148	0	-1.256637e-06	0	-0.16512844	0.986192	-0.0005187148	2.962795e-20	-1
0	-0.16512844	0.986192	-0.0005187148	0	-2.513274e-06	0	-0.16512844	0.986192	-0.0005187148	2.9628446e-20	-1
0	-0.16512844	0.986192	-0.0005187148	0	-6.2831855e-06	0	-0.16512844	0.986192	-0.0005187148	2.962993e-20	-1
0	-0.16512844	0.986192	-0.0005187148	0	-1.2566371e-05	0	-0.16512844	0.986192	-0.0005187148	2.9632405e-20	-1
0	-0.16512844	0.986192	-0.0005187148	0	-2.5132742e-05	0	-0.16512844	0.986192	-0.0005187148	2.9637355e-20	-1
0	-0.16512844	0.986192	-0.0005187148	0	-6.283185e-05	0	-0.16512844	0.986192	-0.0005187148	2.9652202e-20	-1
0	-0.16512844	0.986192	-0.0005187148	0	-0.0001256637	0	-0.16512844	0.986192	-0.0005187148	2.9676946e-20	-1
0	-0.16928402	0.9854866	-0.00053159957	0	-0.0002513274	0	-0.16928402	0.9854866	-0.00053159957	2.9726367e-20	-1
0	-0.16928402	0.9854866	-0.00053159957	0	-0.0006283185	0	-0.16928402	0.9854866	-0.00053159957	2.987474e-20	-1
0	-0.17596671	0.98431444	-0.0005522483	0	-0.0010053096	0	-0.17596671	0.98431444	-0.0005522483	3.0022934e-20	-1
0	-0.17596671	0.98431444	-0.0005522483	0	-0.001256637	0	-0.17596671	0.98431444	-0.0005522483	3.012173e-20	-1
0	-0.18446475	0.982756	-0.0005783666	0	-0.0018849556	0	-0.18446475	0.982756	-0.0005783666	3.036845e-20	-1
0	-0.19107622	0.9814911	-0.0005985665	0	-0.002513274	0	-0.19107622	0.9814911	-0.0005985665	3.0614895e-20	-1
0	-0.20597169	0.9784713	-0.000643636	0	-0.0037699111	0	-0.20597169	0.9784713	-0.000643636	3.1106725e-20	-1
0	-0.24575031	0.9692389	-0.0007602206	0	-0.0062831854	0	-0.24575031	0.9692389	-0.0007602206	3.2084656e-20	-1
0	0.99470484	-0.102056	-0.0015882857	0	-0.009424778	0	0.99470484	-0.102056	-0.0015882857	2.7497826e-20	-1
0	-0.8850851	-0.46514148	0.0013176766	0	-0.012566371	0	-0.8850851	-0.46514148	0.0013176766	2.5863547e-20	-1
0	0.08537415	-0.9962784	0.00026841465	0	-0.018849555	0	0.08537415	-0.9962784	0.00026841465	2.2154501e-20	-1
0	0.0730734	-0.9972571	0.0002298934	0	-0.025132742	0	0.0730734	-0.9972571	0.0002298934	1.9653262e-20	-1
0	0.05654616	-0.99833226	0.00017843951	0	-0.03769911	0	0.05654616	-0.99833226	0.00017843951	1.4645485e-20	-1
0	0.046025947	-0.9988737	0.00014591904	0	-0.050265484	0	0.046025947	-0.9988737	0.00014591904	9.6338535e-21	-1
0	0.038767632	-0.9991827	0.00012360435	0	-0.06283186	0	0.038767632	-0.9991827	0.00012360435	4.6201587e-21	-1
0	0.03876677	-0.99918276	0.00012359969	0	-0.06283186	0	0.03876677	-0.99918276	0.00012359969	4.6201535e-21	1
0	0.046023276	-0.99887383	0.00014591316	0	-0.050265484	0	0.046023276	-0.99887383	0.00014591316	9.6338535e-21	1
0	0.056546193	-0.99833226	0.00017844033	0	-0.03769911	0	0.056546193	-0.99833226	0.00017844033	1.4645485e-20	1
0	0.07305705	-0.99725837	0.0002298413	0	-0.025132742	0	0.07305705	-0.99725837	0.0002298413	1.9653262e-20	1
0	0.085356325	-0.99627984	0.0002683593	0	-0.018849555	0	0.085356325	-0.99627984	0.0002683593	2.2154501e-20	1
0	0.10233873	-0.9946773	0.00032174552	0	-0.012566371	0	0.10233873	-0.9946773	0.00032174552	2.4652582e-20	1
0	0.11351638	-0.99346256	0.00035694434	0	-0.009424778	0	0.11351638	-0.99346256	0.00035694434	2.5899809e-20	1
0	0.12727413	-0.9917925	0.000400264	0	-0.0062831854	0	0.12727413	-0.9917925	0.000400264	2.714524e-20	1
0	0.14078367	-0.98996365	0.00044271065	0	-0.0037699111	0	0.14078367	-0.98996365	0.00044271065	2.813983e-20	1
0	0.14861381	-0.98881745	0.0004672397	0	-0.002513274	0	0.14861381	-0.98881745	0.0004672397	2.8636366e-20	1
0	0.15287393	-0.9881673	0.000480557	0	-0.0018849556	0	0.15287393	-0.9881673	0.000480557	2.8884404e-20	1
0	0.15736172	-0.98746204	0.00049455767	0	-0.001256637	0	0.15736172	-0.98746204	0.00049455767	2.913227e-20	1
0	0.15923484	-0.9871615	0.00050039333	0	-0.0010053096	0	0.15923484	-0.9871615	0.00050039333	2.923137e-20	1
0	0.16209649	-0.98669523	0.0005092971	0	-0.0006283185	0	0.16209649	-0.98669523	0.0005092971	2.937996e-20	1
0	0.16511908	-0.98619354	0.00051868905	0	-0.0002513274	0	0.16511908	-0.98619354	0.00051868905	2.9528474e-20	1
0	0.16511908	-0.98619354	0.00051868905	0	-0.0001256637	0	0.16511908	-0.98619354	0.00051868905	2.9577966e-20	1
0	0.16511908	-0.98619354	0.00051868905	0	-6.283185e-05	0	0.16511908	-0.98619354	0.00051868905	2.960271e-20	1
0	0.16511908	-0.98619354	0.00051868905	0	-2.5132742e-05	0	0.16511908	-0.98619354	0.00051868905	2.9617557e-20	1
0	0.16511908	-0.98619354	0.00051868905	0	-1.2566371e-05	0	0.16511908	-0.98619354	0.00051868905	2.9622507e-20	1
0	0.16511908	-0.98619354	0.00051868905	0	-6.2831855e-06	0	0.16511908	-0.98619354	0.00051868905	2.9624983e-20	1
0	0.16511908	-0.98619354	0.00051868905	0	-2.513274e-06	0	0.16511908	-0.98619354	0.00051868905	2.9626466e-20	1
0	0.16511908	-0.98619354	0.00051868905	0	-1.256637e-06	0	0.16511908	-0.98619354	0.00051868905	2.9626963e-20	1
0	0.16511908	-0.98619354	0.00051868905	0	-6.283185e-07	0	0.16511908	-0.98619354	0.00051868905	2.962721e-20	1
0	0.16511908	-0.98619354	0.00051868905	0	-2.513274e-07	0	0.16511908	-0.98619354	0.00051868905	2.9627357e-20	1
0	0.16511908	-0.98619354	0.00051868905	0	-1.256637e-07	0	0.16511908	-0.98619354	0.00051868905	2.9627406e-20	1
0	0.16511908	-0.98619354	0.00051868905	0	0	0	0.16511908	-0.98619354	0.00051868905	2.9627458e-20	1
0	0.16511908	-0.98619354	0.00051868905	0	1.256637e-07	0	0.16511908	-0.98619354	0.00051868905	2.9627506e-20	1
0	0.16511908	-0.98619354	0.00051868905	0	2.513274e-07	0	0.16511908	-0.98619354	0.00051868905	2.9627555e-20	1
0	0.16511908	-0.98619354	0.00051868905	0	6.283185e-07	0	0.16511908	-0.98619354	0.00051868905	2.9627703e-20	1
0	0.16511908	-0.98619354	0.00051868905	0	1.256637e-06	0	0.16511908	-0.98619354	0.00051868905	2.9627952e-20	1
0	0.16511908	-0.98619354	0.00051868905	0	2.513274e-06	0	0.16511908	-0.98619354	0.00051868905	2.9628446e-20	1
0	0.16511908	-0.98619354	0.00051868905	0	6.2831855e-06	0	0.16511908	-0.98619354	0.00051868905	2.9629933e-20	1
0	0.16511908	-0.98619354	0.00051868905	0	1.2566371e-05	0	0.16511908	-0.98619354	0.00051868905	2.9632408e-20	1
0	0.16511908	-0.98619354	0.00051868905	0	2.5132742e-05	0	0.16511908	-0.98619354	0.00051868905	2.9637355e-20	1
0	0.16511908	-0.98619354	0.00051868905	0	6.283185e-05	0	0.16511908	-0.98619354	0.00051868905	2.9652202e-20	1
0	0.16511908	-0.98619354	0.00051868905	0	0.0001256637	0	0.16511908	-0.98619354	0.00051868905	2.967695e-20	1
0	0.16928646	-0.98548615	0.0005316073	0	0.0002513274	0	0.16928646	-0.98548615	0.0005316073	2.972637e-20	1
0	0.16928646	-0.98548615	0.0005316073	0	0.0006283185	0	0.16928646	-0.98548615	0.0005316073	2.987474e-20	1
0	0.17597082	-0.9843136	0.00055226055	0	0.0010053096	0	0.17597082	-0.9843136	0.00055226055	3.0022934e-20	1
0	0.17597082	-0.9843136	0.00055226055	0	0.001256637	0	0.17597082	-0.9843136	0.00055226055	3.012173e-20	1
0	0.18446612	-0.9827558	0.0005783633	0	0.0018849556	0	0.18446612	-0.9827558	0.0005783633	3.036845e-20	1
0	0.19107601	-0.9814911	0.0005985662	0	0.002513274	0	0.19107601	-0.9814911	0.0005985662	3.0614895e-20	1
0	0.20596343	-0.97847307	0.00064361235	0	0.0037699111	0	0.20596343	-0.97847307	0.00064361235	3.1106725e-20	1
0	0.24580461	-0.96922517	0.0007603742	0	0.0062831854	0	0.24580461	-0.96922517	0.0007603742	3.2084656e-20	1
0	-0.11353156	0.9934609	-0.0003569855	0	0.009424778	0	-0.11353156	0.9934609	-0.0003569855	2.5899805e-20	1
0	-0.10238467	0.99467254	-0.00032188985	0	0.012566371	0	-0.10238467	0.99467254	-0.00032188985	2.4652582e-20	1
0	-0.085360244	0.9962796	-0.00026837338	0	0.018849555	0	-0.085360244	0.9962796	-0.00026837338	2.2154503e-20	1
0	-0.07306358	0.9972579	-0.00022986365	0	0.025132742	0	-0.07306358	0.9972579	-0.00022986365	1.9653264e-20	1
0	-0.056552805	0.9983319	-0.00017846128	0	0.03769911	0	-0.056552805	0.9983319	-0.00017846128	1.4645486e-20	1
0	-0.04602653	0.9988737	-0.00014592134	0	0.050265484	0	-0.04602653	0.9988737	-0.00014592134	9.633855e-21	1
0	-0.038765825	0.9991828	-0.00012359701	0	0.06283186	0	-0.038765825	0.9991828	-0.00012359701	4.62016e-21	1
