# t (s)	mx ()	my ()	mz ()	B_extx (T)	B_exty (T)	B_extz (T)	mx ()	my ()	mz ()	E_total (J)	branch ()
0	0.122490704	0.99239635	-0.0025176746	0	0.06283186	0	0.122490704	0.99239635	-0.0025176746	2.7856917e-21	-1
0	0.14080977	0.98996055	-0.0025870267	0	0.050265484	0	0.14080977	0.98996055	-0.0025870267	7.760338e-21	-1
0	0.16484934	0.98623884	-0.0026646196	0	0.03769911	0	0.16484934	0.98623884	-0.0026646196	1.27198156e-20	-1
0	0.19739586	0.9802383	-0.0027481061	0	0.025132742	0	0.19739586	0.9802383	-0.0027481061	1.7655467e-20	-1
0	0.21823579	0.9758066	-0.0027894252	0	0.018849555	0	0.21823579	0.9758066	-0.0027894252	2.010983e-20	-1
0	0.24324943	0.96986926	-0.002827004	0	0.012566371	0	0.24324943	0.96986926	-0.002827004	2.2551296e-20	-1
0	0.2577056	0.96612585	-0.0028428528	0	0.009424778	0	0.2577056	0.96612585	-0.0028428528	2.3765838e-20	-1
0	0.27376217	0.96169627	-0.0028554664	0	0.0062831854	0	0.27376217	0.96169627	-0.0028554664	2.4975268e-20	-1
0	0.28789535	0.95755744	-0.0028622695	0	0.0037699111	0	0.28789535	0.95755744	-0.0028622695	2.59385e-20	-1
0	0.2954827	0.95524186	-0.002864258	0	0.002513274	0	0.2954827	0.95524186	-0.002864258	2.6418475e-20	-1
0	0.29941314	0.95401645	-0.002864834	0	0.0018849556	0	0.29941314	0.95401645	-0.002864834	2.6658013e-20	-1
0	0.3034209	0.95274854	-0.0028651073	0	0.001256637	0	0.3034209	0.95274854	-0.0028651073	2.6897245e-20	-1
0	0.3034209	0.95274854	-0.0028651073	0	0.0010053096	0	0.3034209	0.95274854	-0.0028651073	2.6992873e-20	-1
0	0.30753666	0.9514271	-0.0028650514	0	0.0006283185	0	0.30753666	0.9514271	-0.0028650514	2.713615e-20	-1
0	0.30753666	0.9514271	-0.0028650514	0	0.0002513274	0	0.30753666	0.9514271	-0.0028650514	2.7279392e-20	-1
0	0.3109222	0.95032537	-0.0028647464	0	0.0001256637	0	0.3109222	0.95032537	-0.0028647464	2.7327026e-20	-1
0	0.3109222	0.95032537	-0.0028647464	0	6.283185e-05	0	0.3109222	0.95032537	-0.0028647464	2.7350872e-20	-1
0	0.3109222	0.95032537	-0.0028647464	0	2.5132742e-05	0	0.3109222	0.95032537	-0.0028647464	2.736518e-20	-1
0	0.3109222	0.95032537	-0.0028647464	0	1.2566371e-05	0	0.3109222	0.95032537	-0.0028647464	2.736995e-20	-1
0	0.3109222	0.95032537	-0.0028647464	0	6.2831855e-06	0	0.3109222	0.95032537	-0.0028647464	2.7372334e-20	-1
0	0.3109222	0.95032537	-0.0028647464	0	2.513274e-06	0	0.3109222	0.95032537	-0.0028647464	2.7373765e-20	-1
0	0.3109222	0.95032537	-0.0028647464	0	1.256637e-06	0	0.3109222	0.95032537	-0.0028647464	2.7374243e-20	-1
0	0.3109222	0.95032537	-0.0028647464	0	6.283185e-07	0	0.3109222	0.95032537	-0.0028647464	2.737448e-20	-1
0	0.3109222	0.95032537	-0.0028647464	0	2.513274e-07	0	0.3109222	0.95032537	-0.0028647464	2.7374625e-20	-1
0	0.3109222	0.95032537	-0.0028647464	0	1.256637e-07	0	0.3109222	0.95032537	-0.0028647464	2.7374673e-20	-1
0	0.3109222	0.95032537	-0.0028647464	0	0	0	0.3109222	0.95032537	-0.0028647464	2.737472e-20	-1
0	0.3109222	0.95032537	-0.0028647464	0	-1.256637e-07	0	0.3109222	0.95032537	-0.0028647464	2.7374767e-20	-1
0	0.3109222	0.95032537	-0.0028647464	0	-2.513274e-07	0	0.3109222	0.95032537	-0.0028647464	2.7374815e-20	-1
0	0.3109222	0.95032537	-0.0028647464	0	-6.283185e-07	0	0.3109222	0.95032537	-0.0028647464	2.7374958e-20	-1
0	0.3109222	0.95032537	-0.0028647464	0	-1.256637e-06	0	0.3109222	0.95032537	-0.0028647464	2.7375197e-20	-1
0	0.3109222	0.95032537	-0.0028647464	0	-2.513274e-06	0	0.3109222	0.95032537	-0.0028647464	2.7375672e-20	-1
0	0.3109222	0.95032537	-0.0028647464	0	-6.2831855e-06	0	0.3109222	0.95032537	-0.0028647464	2.7377103e-20	-1
0	0.3109222	0.95032537	-0.0028647464	0	-1.2566371e-05	0	0.3109222	0.95032537	-0.0028647464	2.7379488e-20	-1
0	0.3109222	0.95032537	-0.0028647464	0	-2.5132742e-05	0	0.3109222	0.95032537	-0.0028647464	2.7384257e-20	-1
0	0.3109222	0.95032537	-0.0028647464	0	-6.283185e-05	0	0.3109222	0.95032537	-0.0028647464	2.7398564e-20	-1
0	0.3109222	0.95032537	-0.0028647464	0	-0.0001256637	0	0.3109222	0.95032537	-0.0028647464	2.742241e-20	-1
0	0.3109222	0.95032537	-0.0028647464	0	-0.0002513274	0	0.3109222	0.95032537	-0.0028647464	2.7470103e-20	-1
0	0.31611723	0.9486089	-0.0028638379	0	-0.0006283185	0	0.31611723	0.9486089	-0.0028638379	2.7612924e-20	-1
0	0.31611723	0.9486089	-0.0028638379	0	-0.0010053096	0	0.31611723	0.9486089	-0.0028638379	2.7755742e-20	-1
0	0.3205632	0.9471147	-0.0028626348	0	-0.001256637	0	0.3205632	0.9471147	-0.0028626348	2.7850767e-20	-1
0	0.32513326	0.9455546	-0.0028609862	0	-0.0018849556	0	0.32513326	0.9455546	-0.0028609862	2.8088226e-20	-1
0	0.32985115	0.9439182	-0.0028588423	0	-0.002513274	0	0.32985115	0.9439182	-0.0028588423	2.8325285e-20	-1
0	0.3396376	0.9404391	-0.0028530005	0	-0.0037699111	0	0.3396376	0.9404391	-0.0028530005	2.8798128e-20	-1
0	0.3611083	0.9324008	-0.00283352	0	-0.0062831854	0	0.3611083	0.9324008	-0.00283352	2.9738148e-20	-1
0	0.39231932	0.91969717	-0.0027890224	0	-0.009424778	0	0.39231932	0.91969717	-0.0027890224	3.0900363e-20	-1
0	0.4308318	0.9022889	-0.002707954	0	-0.012566371	0	0.4308318	0.9022889	-0.002707954	3.2043956e-20	-1
0	0.5924563	0.80540574	-0.0020696428	0	-0.018849555	0	0.5924563	0.80540574	-0.0020696428	3.4227784e-20	-1
0	-0.19740522	-0.9802364	0.0027481231	0	-0.025132742	0	-0.19740522	-0.9802364	0.0027481231	1.7655467e-20	-1
0	-0.16485593	-0.9862377	0.002664633	0	-0.03769911	0	-0.16485593	-0.9862377	0.002664633	1.2719813e-20	-1
0	-0.14081377	-0.98996	0.002587034	0	-0.050265484	0	-0.14081377	-0.98996	0.002587034	7.760338e-21	-1
0	-0.12249601	-0.99239576	0.0025176909	0	-0.06283186	0	-0.12249601	-0.99239576	0.0025176909	2.7856929e-21	-1
0	-0.12249601	-0.99239576	0.0025176909	0	-0.06283186	0	-0.12249601	-0.99239576	0.0025176909	2.7856929e-21	1
0	-0.14080895	-0.9899607	0.0025870148	0	-0.050265484	0	-0.14080895	-0.9899607	0.0025870148	7.760336e-21	1
0	-0.164848	-0.9862391	0.0026646145	0	-0.03769911	0	-0.164848	-0.9862391	0.0026646145	1.2719816e-20	1
0	-0.19739959	-0.9802375	0.002748113	0	-0.025132742	0	-0.19739959	-0.9802375	0.002748113	1.7655464e-20	1
0	-0.2182364	-0.9758065	0.0027894275	0	-0.018849555	0	-0.2182364	-0.9758065	0.0027894275	2.0109829e-20	1
0	-0.24324939	-0.96986926	0.0028270031	0	-0.012566371	0	-0.24324939	-0.96986926	0.0028270031	2.2551299e-20	1
0	-0.25769806	-0.9661279	0.0028428482	0	-0.009424778	0	-0.25769806	-0.9661279	0.0028428482	2.376584e-20	1
0	-0.27373788	-0.9617032	0.0028554543	0	-0.0062831854	0	-0.27373788	-0.9617032	0.0028554543	2.4975266e-20	1
0	-0.28791344	-0.957552	0.00286227	0	-0.0037699111	0	-0.28791344	-0.957552	0.00286227	2.5938497e-20	1
0	-0.2954707	-0.9552456	0.0028642588	0	-0.002513274	0	-0.2954707	-0.9552456	0.0028642588	2.6418473e-20	1
0	-0.29939917	-0.9540208	0.0028648367	0	-0.0018849556	0	-0.29939917	-0.9540208	0.0028648367	2.6658012e-20	1
0	-0.30343002	-0.95274556	0.0028651054	0	-0.001256637	0	-0.30343002	-0.95274556	0.0028651054	2.6897243e-20	1
0	-0.30343002	-0.95274556	0.0028651054	0	-0.0010053096	0	-0.30343002	-0.95274556	0.0028651054	2.6992871e-20	1
0	-0.30754444	-0.9514246	0.0028650486	0	-0.0006283185	0	-0.30754444	-0.9514246	0.0028650486	2.7136148e-20	1
0	-0.30754444	-0.9514246	0.0028650486	0	-0.0002513274	0	-0.30754444	-0.9514246	0.0028650486	2.7279392e-20	1
0	-0.3109163	-0.9503273	0.0028647492	0	-0.0001256637	0	-0.3109163	-0.9503273	0.0028647492	2.7327023e-20	1
0	-0.3109163	-0.9503273	0.0028647492	0	-6.283185e-05	0	-0.3109163	-0.9503273	0.0028647492	2.735087e-20	1
0	-0.3109163	-0.9503273	0.0028647492	0	-2.5132742e-05	0	-0.3109163	-0.9503273	0.0028647492	2.7365177e-20	1
0	-0.3109163	-0.9503273	0.0028647492	0	-1.2566371e-05	0	-0.3109163	-0.9503273	0.0028647492	2.7369946e-20	1
0	-0.3109163	-0.9503273	0.0028647492	0	-6.2831855e-06	0	-0.3109163	-0.9503273	0.0028647492	2.737233e-20	1
0	-0.3109163	-0.9503273	0.0028647492	0	-2.513274e-06	0	-0.3109163	-0.9503273	0.0028647492	2.7373762e-20	1
0	-0.3109163	-0.9503273	0.0028647492	0	-1.256637e-06	0	-0.3109163	-0.9503273	0.0028647492	2.737424e-20	1
0	-0.3109163	-0.9503273	0.0028647492	0	-6.283185e-07	0	-0.3109163	-0.9503273	0.0028647492	2.7374476e-20	1
0	-0.3109163	-0.9503273	0.0028647492	0	-2.513274e-07	0	-0.3109163	-0.9503273	0.0028647492	2.737462e-20	1
0	-0.3109163	-0.9503273	0.0028647492	0	-1.256637e-07	0	-0.3109163	-0.9503273	0.0028647492	2.7374667e-20	1
0	-0.3109163	-0.9503273	0.0028647492	0	0	0	-0.3109163	-0.9503273	0.0028647492	2.7374715e-20	1
0	-0.3109163	-0.9503273	0.0028647492	0	1.256637e-07	0	-0.3109163	-0.9503273	0.0028647492	2.7374764e-20	1
0	-0.3109163	-0.9503273	0.0028647492	0	2.513274e-07	0	-0.3109163	-0.9503273	0.0028647492	2.7374812e-20	1
0	-0.3109163	-0.9503273	0.0028647492	0	6.283185e-07	0	-0.3109163	-0.9503273	0.0028647492	2.7374954e-20	1
0	-0.3109163	-0.9503273	0.0028647492	0	1.256637e-06	0	-0.3109163	-0.9503273	0.0028647492	2.7375193e-20	1
0	-0.3109163	-0.9503273	0.0028647492	0	2.513274e-06	0	-0.3109163	-0.9503273	0.0028647492	2.737567e-20	1
0	-0.3109163	-0.9503273	0.0028647492	0	6.2831855e-06	0	-0.3109163	-0.9503273	0.0028647492	2.73771e-20	1
0	-0.3109163	-0.9503273	0.0028647492	0	1.2566371e-05	0	-0.3109163	-0.9503273	0.0028647492	2.7379484e-20	1
0	-0.3109163	-0.9503273	0.0028647492	0	2.5132742e-05	0	-0.3109163	-0.9503273	0.0028647492	2.7384254e-20	1
0	-0.3109163	-0.9503273	0.0028647492	0	6.283185e-05	0	-0.3109163	-0.9503273	0.0028647492	2.739856e-20	1
0	-0.3109163	-0.9503273	0.0028647492	0	0.0001256637	0	-0.3109163	-0.9503273	0.0028647492	2.7422407e-20	1
0	-0.3109163	-0.9503273	0.0028647492	0	0.0002513274	0	-0.3109163	-0.9503273	0.0028647492	2.74701e-20	1
0	-0.3161074	-0.94861215	0.0028638428	0	0.0006283185	0	-0.3161074	-0.94861215	0.0028638428	2.7612927e-20	1
0	-0.3161074	-0.94861215	0.0028638428	0	0.0010053096	0	-0.3161074	-0.94861215	0.0028638428	2.7755745e-20	1
0	-0.32057363	-0.94711125	0.0028626285	0	0.001256637	0	-0.32057363	-0.94711125	0.0028626285	2.7850764e-20	1
0	-0.3251354	-0.9455539	0.002860985	0	0.0018849556	0	-0.3251354	-0.9455539	0.002860985	2.8088223e-20	1
0	-0.3298554	-0.9439167	0.0028588397	0	0.002513274	0	-0.3298554	-0.9439167	0.0028588397	2.8325285e-20	1
0	-0.33963484	-0.94044006	0.0028530024	0	0.0037699111	0	-0.33963484	-0.94044006	0.0028530024	2.8798128e-20	1
0	-0.3610884	-0.9324086	0.002833547	0	0.0062831854	0	-0.3610884	-0.9324086	0.002833547	2.9738148e-20	1
0	-0.392324	-0.91969526	0.0027890133	0	0.009424778	0	-0.392324	-0.91969526	0.0027890133	3.0900366e-20	1
0	-0.43079203	-0.90230787	0.0027080588	0	0.012566371	0	-0.43079203	-0.90230787	0.0027080588	3.2043956e-20	1
0	-0.5924986	-0.8053746	0.0020694167	0	0.018849555	0	-0.5924986	-0.8053746	0.0020694167	3.4227787e-20	1
0	0.19740015	0.9802374	-0.0027481145	0	0.025132742	0	0.19740015	0.9802374	-0.0027481145	1.7655466e-20	1
0	0.16485298	0.98623824	-0.0026646266	0	0.03769911	0	0.16485298	0.98623824	-0.0026646266	1.27198156e-20	1
0	0.14081167	0.9899603	-0.0025870285	0	0.050265484	0	0.14081167	0.9899603	-0.0025870285	7.7603395e-21	1
0	0.12249313	0.99239606	-0.0025176834	0	0.06283186	0	0.12249313	0.99239606	-0.0025176834	2.785693e-21	1
