# t (s)	mx ()	my ()	mz ()	B_extx (T)	B_exty (T)	B_extz (T)	mx ()	my ()	mz ()	E_total (J)	branch ()
0	-0.055550866	0.99836683	-0.006833642	0	0.06283186	0	-0.055550866	0.99836683	-0.006833642	3.7159643e-21	-1
0	-0.06461686	0.99781936	-0.0069221784	0	0.050265484	0	-0.06461686	0.99781936	-0.0069221784	8.725008e-21	-1
0	-0.077104494	0.99693	-0.0070225145	0	0.03769911	0	-0.077104494	0.99693	-0.0070225145	1.3730531e-20	-1
0	-0.095329195	0.9953499	-0.007139564	0	0.025132742	0	-0.095329195	0.9953499	-0.007139564	1.8730072e-20	-1
0	-0.10794383	0.9940591	-0.0072063804	0	0.018849555	0	-0.10794383	0.9940591	-0.0072063804	2.1226133e-20	-1
0	-0.12424368	0.9921514	-0.0072797313	0	0.012566371	0	-0.12424368	0.9921514	-0.0072797313	2.3718247e-20	-1
0	-0.13430086	0.99083865	-0.0073188394	0	0.009424778	0	-0.13430086	0.99083865	-0.0073188394	2.4962233e-20	-1
0	-0.14605314	0.9891728	-0.007359286	0	0.0062831854	0	-0.14605314	0.9891728	-0.007359286	2.6204363e-20	-1
0	-0.15703952	0.9874866	-0.007392304	0	0.0037699111	0	-0.15703952	0.9874866	-0.007392304	2.719638e-20	-1
0	-0.16315767	0.98649323	-0.0074088024	0	0.002513274	0	-0.16315767	0.98649323	-0.0074088024	2.769171e-20	-1
0	-0.16637439	0.98595536	-0.0074169757	0	0.0018849556	0	-0.16637439	0.98595536	-0.0074169757	2.7939175e-20	-1
0	-0.16972807	0.98538303	-0.0074251047	0	0.001256637	0	-0.16972807	0.98538303	-0.0074251047	2.8186506e-20	-1
0	-0.16972807	0.98538303	-0.0074251047	0	0.0010053096	0	-0.16972807	0.98538303	-0.0074251047	2.828541e-20	-1
0	-0.17324784	0.9847698	-0.007433201	0	0.0006283185	0	-0.17324784	0.9847698	-0.007433201	2.8433687e-20	-1
0	-0.17542693	0.9843836	-0.00743801	0	0.0002513274	0	-0.17542693	0.9843836	-0.00743801	2.8581924e-20	-1
0	-0.17542693	0.9843836	-0.00743801	0	0.0001256637	0	-0.17542693	0.9843836	-0.00743801	2.8631325e-20	-1
0	-0.17542693	0.9843836	-0.00743801	0	6.283185e-05	0	-0.17542693	0.9843836	-0.00743801	2.8656024e-20	-1
0	-0.17542693	0.9843836	-0.00743801	0	2.5132742e-05	0	-0.17542693	0.9843836	-0.00743801	2.8670846e-20	-1
0	-0.17542693	0.9843836	-0.00743801	0	1.2566371e-05	0	-0.17542693	0.9843836	-0.00743801	2.8675786e-20	-1
0	-0.17542693	0.9843836	-0.00743801	0	6.2831855e-06	0	-0.17542693	0.9843836	-0.00743801	2.8678255e-20	-1
0	-0.17542693	0.9843836	-0.00743801	0	2.513274e-06	0	-0.17542693	0.9843836	-0.00743801	2.8679738e-20	-1
0	-0.17542693	0.9843836	-0.00743801	0	1.256637e-06	0	-0.17542693	0.9843836	-0.00743801	2.8680232e-20	-1
0	-0.17542693	0.9843836	-0.00743801	0	6.283185e-07	0	-0.17542693	0.9843836	-0.00743801	2.8680478e-20	-1
0	-0.17542693	0.9843836	-0.00743801	0	2.513274e-07	0	-0.17542693	0.9843836	-0.00743801	2.8680627e-20	-1
0	-0.17542693	0.9843836	-0.00743801	0	1.256637e-07	0	-0.17542693	0.9843836	-0.00743801	2.8680678e-20	-1
0	-0.17542693	0.9843836	-0.00743801	0	0	0	-0.17542693	0.9843836	-0.00743801	2.8680727e-20	-1
0	-0.17542693	0.9843836	-0.00743801	0	-1.256637e-07	0	-0.17542693	0.9843836	-0.00743801	2.8680775e-20	-1
0	-0.17542693	0.9843836	-0.00743801	0	-2.513274e-07	0	-0.17542693	0.9843836	-0.00743801	2.8680824e-20	-1
0	-0.17542693	0.9843836	-0.00743801	0	-6.283185e-07	0	-0.17542693	0.9843836	-0.00743801	2.8680972e-20	-1
0	-0.17542693	0.9843836	-0.00743801	0	-1.256637e-06	0	-0.17542693	0.9843836	-0.00743801	2.868122e-20	-1
0	-0.17542693	0.9843836	-0.00743801	0	-2.513274e-06	0	-0.17542693	0.9843836	-0.00743801	2.8681715e-20	-1
0	-0.17542693	0.9843836	-0.00743801	0	-6.2831855e-06	0	-0.17542693	0.9843836	-0.00743801	2.8683195e-20	-1
0	-0.17542693	0.9843836	-0.00743801	0	-1.2566371e-05	0	-0.17542693	0.9843836	-0.00743801	2.8685667e-20	-1
0	-0.17542693	0.9843836	-0.00743801	0	-2.5132742e-05	0	-0.17542693	0.9843836	-0.00743801	2.8690608e-20	-1
0	-0.17728454	0.9840504	-0.0074419817	0	-6.283185e-05	0	-0.17728454	0.9840504	-0.0074419817	2.87054e-20	-1
0	-0.17728454	0.9840504	-0.0074419817	0	-0.0001256637	0	-0.17728454	0.9840504	-0.0074419817	2.8730093e-20	-1
0	-0.17728454	0.9840504	-0.0074419817	0	-0.0002513274	0	-0.17728454	0.9840504	-0.0074419817	2.8779478e-20	-1
0	-0.18072547	0.9834238	-0.007449041	0	-0.0006283185	0	-0.18072547	0.9834238	-0.007449041	2.8927563e-20	-1
0	-0.18309492	0.982985	-0.0074536726	0	-0.0010053096	0	-0.18309492	0.982985	-0.0074536726	2.907559e-20	-1
0	-0.18309492	0.982985	-0.0074536726	0	-0.001256637	0	-0.18309492	0.982985	-0.0074536726	2.9174253e-20	-1
0	-0.18889014	0.9818869	-0.0074642207	0	-0.0018849556	0	-0.18889014	0.9818869	-0.0074642207	2.9420717e-20	-1
0	-0.19326085	0.9810353	-0.0074714557	0	-0.002513274	0	-0.19326085	0.9810353	-0.0074714557	2.966699e-20	-1
0	-0.20269635	0.97912776	-0.0074849566	0	-0.0037699111	0	-0.20269635	0.97912776	-0.0074849566	3.0158856e-20	-1
0	-0.22493634	0.9742552	-0.0075055966	0	-0.0062831854	0	-0.22493634	0.9742552	-0.0075055966	3.1139298e-20	-1
0	-0.26265562	0.9647635	-0.0075050425	0	-0.009424778	0	-0.26265562	0.9647635	-0.0075050425	3.2356217e-20	-1
0	-0.32826164	0.94444525	-0.0073970146	0	-0.012566371	0	-0.32826164	0.94444525	-0.0073970146	3.3556032e-20	-1
0	0.10795914	-0.99405754	0.007206426	0	-0.018849555	0	0.10795914	-0.99405754	0.007206426	2.1226135e-20	-1
0	0.09533726	-0.99534917	0.0071396036	0	-0.025132742	0	0.09533726	-0.99534917	0.0071396036	1.8730069e-20	-1
0	0.07710807	-0.9969297	0.0070225243	0	-0.03769911	0	0.07710807	-0.9969297	0.0070225243	1.3730526e-20	-1
0	0.06461826	-0.99781924	0.0069221994	0	-0.050265484	0	0.06461826	-0.99781924	0.0069221994	8.725005e-21	-1
0	0.055555068	-0.9983666	0.0068336558	0	-0.06283186	0	0.055555068	-0.9983666	0.0068336558	3.715967e-21	-1
0	0.055555068	-0.9983666	0.0068336558	0	-0.06283186	0	0.055555068	-0.9983666	0.0068336558	3.715967e-21	1
0	0.06461225	-0.99781966	0.006922162	0	-0.050265484	0	0.06461225	-0.99781966	0.006922162	8.725003e-21	1
0	0.07710454	-0.99693	0.007022514	0	-0.03769911	0	0.07710454	-0.99693	0.007022514	1.3730531e-20	1
0	0.09533301	-0.9953495	0.0071395608	0	-0.025132742	0	0.09533301	-0.9953495	0.0071395608	1.8730072e-20	1
0	0.10794895	-0.9940586	0.007206396	0	-0.018849555	0	0.10794895	-0.9940586	0.007206396	2.1226131e-20	1
0	0.12424192	-0.9921516	0.007279724	0	-0.012566371	0	0.12424192	-0.9921516	0.007279724	2.3718247e-20	1
0	0.13429314	-0.9908397	0.0073188203	0	-0.009424778	0	0.13429314	-0.9908397	0.0073188203	2.4962233e-20	1
0	0.1460636	-0.9891713	0.0073593	0	-0.0062831854	0	0.1460636	-0.9891713	0.0073593	2.6204363e-20	1
0	0.15702689	-0.9874886	0.007392277	0	-0.0037699111	0	0.15702689	-0.9874886	0.007392277	2.719638e-20	1
0	0.16314521	-0.9864954	0.007408781	0	-0.002513274	0	0.16314521	-0.9864954	0.007408781	2.769171e-20	1
0	0.16637602	-0.9859551	0.007416974	0	-0.0018849556	0	0.16637602	-0.9859551	0.007416974	2.7939175e-20	1
0	0.1697439	-0.9853804	0.0074251276	0	-0.001256637	0	0.1697439	-0.9853804	0.0074251276	2.818651e-20	1
0	0.1697439	-0.9853804	0.0074251276	0	-0.0010053096	0	0.1697439	-0.9853804	0.0074251276	2.8285412e-20	1
0	0.17325342	-0.98476875	0.007433217	0	-0.0006283185	0	0.17325342	-0.98476875	0.007433217	2.8433687e-20	1
0	0.17542943	-0.98438317	0.007438011	0	-0.0002513274	0	0.17542943	-0.98438317	0.007438011	2.858192e-20	1
0	0.17542943	-0.98438317	0.007438011	0	-0.0001256637	0	0.17542943	-0.98438317	0.007438011	2.8631322e-20	1
0	0.17542943	-0.98438317	0.007438011	0	-6.283185e-05	0	0.17542943	-0.98438317	0.007438011	2.8656024e-20	1
0	0.17542943	-0.98438317	0.007438011	0	-2.5132742e-05	0	0.17542943	-0.98438317	0.007438011	2.8670843e-20	1
0	0.17542943	-0.98438317	0.007438011	0	-1.2566371e-05	0	0.17542943	-0.98438317	0.007438011	2.8675783e-20	1
0	0.17542943	-0.98438317	0.007438011	0	-6.2831855e-06	0	0.17542943	-0.98438317	0.007438011	2.8678255e-20	1
0	0.17542943	-0.98438317	0.007438011	0	-2.513274e-06	0	0.17542943	-0.98438317	0.007438011	2.8679735e-20	1
0	0.17542943	-0.98438317	0.007438011	0	-1.256637e-06	0	0.17542943	-0.98438317	0.007438011	2.868023e-20	1
0	0.17542943	-0.98438317	0.007438011	0	-6.283185e-07	0	0.17542943	-0.98438317	0.007438011	2.8680478e-20	1
0	0.17542943	-0.98438317	0.007438011	0	-2.513274e-07	0	0.17542943	-0.98438317	0.007438011	2.8680623e-20	1
0	0.17542943	-0.98438317	0.007438011	0	-1.256637e-07	0	0.17542943	-0.98438317	0.007438011	2.8680675e-20	1
0	0.17542943	-0.98438317	0.007438011	0	0	0	0.17542943	-0.98438317	0.007438011	2.8680724e-20	1
0	0.17542943	-0.98438317	0.007438011	0	1.256637e-07	0	0.17542943	-0.98438317	0.007438011	2.8680772e-20	1
0	0.17542943	-0.98438317	0.007438011	0	2.513274e-07	0	0.17542943	-0.98438317	0.007438011	2.8680824e-20	1
0	0.17542943	-0.98438317	0.007438011	0	6.283185e-07	0	0.17542943	-0.98438317	0.007438011	2.868097e-20	1
0	0.17542943	-0.98438317	0.007438011	0	1.256637e-06	0	0.17542943	-0.98438317	0.007438011	2.8681218e-20	1
0	0.17542943	-0.98438317	0.007438011	0	2.513274e-06	0	0.17542943	-0.98438317	0.007438011	2.8681712e-20	1
0	0.17542943	-0.98438317	0.007438011	0	6.2831855e-06	0	0.17542943	-0.98438317	0.007438011	2.8683192e-20	1
0	0.17542943	-0.98438317	0.007438011	0	1.2566371e-05	0	0.17542943	-0.98438317	0.007438011	2.8685664e-20	1
0	0.17542943	-0.98438317	0.007438011	0	2.5132742e-05	0	0.17542943	-0.98438317	0.007438011	2.8690604e-20	1
0	0.17729938	-0.9840478	0.007441951	0	6.283185e-05	0	0.17729938	-0.9840478	0.007441951	2.8705406e-20	1
0	0.17729938	-0.9840478	0.007441951	0	0.0001256637	0	0.17729938	-0.9840478	0.007441951	2.87301e-20	1
0	0.17729938	-0.9840478	0.007441951	0	0.0002513274	0	0.17729938	-0.9840478	0.007441951	2.8779484e-20	1
0	0.18072364	-0.98342407	0.0074490365	0	0.0006283185	0	0.18072364	-0.98342407	0.0074490365	2.8927563e-20	1
0	0.1830961	-0.9829848	0.0074536745	0	0.0010053096	0	0.1830961	-0.9829848	0.0074536745	2.907559e-20	1
0	0.1830961	-0.9829848	0.0074536745	0	0.001256637	0	0.1830961	-0.9829848	0.0074536745	2.9174253e-20	1
0	0.18889494	-0.981886	0.007464211	0	0.0018849556	0	0.18889494	-0.981886	0.007464211	2.942072e-20	1
0	0.19326133	-0.98103523	0.007471456	0	0.002513274	0	0.19326133	-0.98103523	0.007471456	2.966699e-20	1
0	0.2026906	-0.97912896	0.007484956	0	0.0037699111	0	0.2026906	-0.97912896	0.007484956	3.0158856e-20	1
0	0.22493246	-0.97425616	0.0075055975	0	0.0062831854	0	0.22493246	-0.97425616	0.0075055975	3.1139298e-20	1
0	0.26266122	-0.964762	0.007505038	0	0.009424778	0	0.26266122	-0.964762	0.007505038	3.2356217e-20	1
0	0.32842314	-0.9443891	0.0073965536	0	0.012566371	0	0.32842314	-0.9443891	0.0073965536	3.3556032e-20	1
0	-0.10796231	0.9940572	-0.0072064362	0	0.018849555	0	-0.10796231	0.9940572	-0.0072064362	2.1226135e-20	1
0	-0.09533953	0.99534893	-0.0071396064	0	0.025132742	0	-0.09533953	0.99534893	-0.0071396064	1.8730074e-20	1
0	-0.077110045	0.9969296	-0.007022583	0	0.03769911	0	-0.077110045	0.9969296	-0.007022583	1.3730526e-20	1
0	-0.064619154	0.9978192	-0.0069221803	0	0.050265484	0	-0.064619154	0.9978192	-0.0069221803	8.725006e-21	1
0	-0.055552416	0.9983668	-0.0068336455	0	0.06283186	0	-0.055552416	0.9983668	-0.0068336455	3.7159683e-21	1
