# t (s)	mx ()	my ()	mz ()	B_extx (T)	B_exty (T)	B_extz (T)	mx ()	my ()	mz ()	E_total (J)	branch ()
0	0.993239	0.115492664	-0.0004328629	0.06283186	0	0	0.993239	0.115492664	-0.0004328629	2.6351036e-21	-1
0	0.9911573	0.13215534	-0.00044210238	0.050265484	0	0	0.9911573	0.13215534	-0.00044210238	7.614795e-21	-1
0	0.9880091	0.15391584	-0.00045244774	0.03769911	0	0	0.9880091	0.15391584	-0.00045244774	1.2581596e-20	-1
0	0.98298275	0.18327168	-0.00046372518	0.025132742	0	0	0.98298275	0.18327168	-0.00046372518	1.7528353e-20	-1
0	0.9792956	0.20203468	-0.00046943792	0.018849555	0	0	0.9792956	0.20203468	-0.00046943792	1.9990493e-20	-1
0	0.9743725	0.22456348	-0.00047478854	0.012566371	0	0	0.9743725	0.22456348	-0.00047478854	2.2441925e-20	-1
0	0.97127783	0.2375825	-0.0004771339	0.009424778	0	0	0.97127783	0.2375825	-0.0004771339	2.3662511e-20	-1
0	0.96762335	0.25204366	-0.00047908782	0.0062831854	0	0	0.96762335	0.25204366	-0.00047908782	2.4878869e-20	-1
0	0.9642037	0.26481622	-0.0004802377	0.0037699111	0	0	0.9642037	0.26481622	-0.0004802377	2.5848404e-20	-1
0	0.9622984	0.27165335	-0.00048062648	0.002513274	0	0	0.9622984	0.27165335	-0.00048062648	2.6331813e-20	-1
0	0.9612903	0.27519703	-0.00048076746	0.0018849556	0	0	0.9612903	0.27519703	-0.00048076746	2.6573153e-20	-1
0	0.9602426	0.2788282	-0.00048086466	0.001256637	0	0	0.9602426	0.2788282	-0.00048086466	2.6814234e-20	-1
0	0.9602426	0.2788282	-0.00048086466	0.0010053096	0	0	0.9602426	0.2788282	-0.00048086466	2.6910614e-20	-1
0	0.9591534	0.2825498	-0.00048091915	0.0006283185	0	0	0.9591534	0.2825498	-0.00048091915	2.7055049e-20	-1
0	0.95847964	0.28482544	-0.0004809288	0.0002513274	0	0	0.95847964	0.28482544	-0.0004809288	2.7199405e-20	-1
0	0.95847964	0.28482544	-0.0004809288	0.0001256637	0	0	0.95847964	0.28482544	-0.0004809288	2.7247504e-20	-1
0	0.9581361	0.28597832	-0.00048092683	6.283185e-05	0	0	0.9581361	0.28597832	-0.00048092683	2.7271544e-20	-1
0	0.9581361	0.28597832	-0.00048092683	2.5132742e-05	0	0	0.9581361	0.28597832	-0.00048092683	2.7285968e-20	-1
0	0.9581361	0.28597832	-0.00048092683	1.2566371e-05	0	0	0.9581361	0.28597832	-0.00048092683	2.7290776e-20	-1
0	0.9581361	0.28597832	-0.00048092683	6.2831855e-06	0	0	0.9581361	0.28597832	-0.00048092683	2.729318e-20	-1
0	0.9581361	0.28597832	-0.00048092683	2.513274e-06	0	0	0.9581361	0.28597832	-0.00048092683	2.7294624e-20	-1
0	0.9581361	0.28597832	-0.00048092683	1.256637e-06	0	0	0.9581361	0.28597832	-0.00048092683	2.7295102e-20	-1
0	0.9581361	0.28597832	-0.00048092683	6.283185e-07	0	0	0.9581361	0.28597832	-0.00048092683	2.7295345e-20	-1
0	0.9581361	0.28597832	-0.00048092683	2.513274e-07	0	0	0.9581361	0.28597832	-0.00048092683	2.729549e-20	-1
0	0.9581361	0.28597832	-0.00048092683	1.256637e-07	0	0	0.9581361	0.28597832	-0.00048092683	2.7295535e-20	-1
0	0.9581361	0.28597832	-0.00048092683	0	0	0	0.9581361	0.28597832	-0.00048092683	2.7295584e-20	-1
0	0.9581361	0.28597832	-0.00048092683	-1.256637e-07	0	0	0.9581361	0.28597832	-0.00048092683	2.7295632e-20	-1
0	0.9581361	0.28597832	-0.00048092683	-2.513274e-07	0	0	0.9581361	0.28597832	-0.00048092683	2.729568e-20	-1
0	0.9581361	0.28597832	-0.00048092683	-6.283185e-07	0	0	0.9581361	0.28597832	-0.00048092683	2.7295826e-20	-1
0	0.9581361	0.28597832	-0.00048092683	-1.256637e-06	0	0	0.9581361	0.28597832	-0.00048092683	2.7296065e-20	-1
0	0.9581361	0.28597832	-0.00048092683	-2.513274e-06	0	0	0.9581361	0.28597832	-0.00048092683	2.7296547e-20	-1
0	0.9581361	0.28597832	-0.00048092683	-6.2831855e-06	0	0	0.9581361	0.28597832	-0.00048092683	2.7297988e-20	-1
0	0.9581361	0.28597832	-0.00048092683	-1.2566371e-05	0	0	0.9581361	0.28597832	-0.00048092683	2.7300392e-20	-1
0	0.9581361	0.28597832	-0.00048092683	-2.5132742e-05	0	0	0.9581361	0.28597832	-0.00048092683	2.7305203e-20	-1
0	0.9581361	0.28597832	-0.00048092683	-6.283185e-05	0	0	0.9581361	0.28597832	-0.00048092683	2.7319627e-20	-1
0	0.9581361	0.28597832	-0.00048092683	-0.0001256637	0	0	0.9581361	0.28597832	-0.00048092683	2.734367e-20	-1
0	0.9575527	0.2879246	-0.00048091225	-0.0002513274	0	0	0.9575527	0.2879246	-0.00048091225	2.7391714e-20	-1
0	0.95683944	0.29028416	-0.00048087916	-0.0006283185	0	0	0.95683944	0.29028416	-0.00048087916	2.7535828e-20	-1
0	0.9561084	0.29268163	-0.0004808234	-0.0010053096	0	0	0.9561084	0.29268163	-0.0004808234	2.767983e-20	-1
0	0.9556101	0.29430336	-0.00048077473	-0.001256637	0	0	0.9556101	0.29430336	-0.00048077473	2.777577e-20	-1
0	0.9543227	0.29844868	-0.0004806076	-0.0018849556	0	0	0.9543227	0.29844868	-0.0004806076	2.8015396e-20	-1
0	0.9529892	0.302677	-0.00048037607	-0.002513274	0	0	0.9529892	0.302677	-0.00048037607	2.8254693e-20	-1
0	0.9501287	0.3115345	-0.00047968287	-0.0037699111	0	0	0.9501287	0.3115345	-0.00047968287	2.873224e-20	-1
0	0.9435599	0.3308856	-0.00047717872	-0.0062831854	0	0	0.9435599	0.3308856	-0.00047717872	2.9682695e-20	-1
0	0.9332442	0.35893452	-0.0004710654	-0.009424778	0	0	0.9332442	0.35893452	-0.0004710654	3.0860328e-20	-1
0	0.9193443	0.39315408	-0.00045944573	-0.012566371	0	0	0.9193443	0.39315408	-0.00045944573	3.2022956e-20	-1
0	0.8604419	0.509269	-0.00038258458	-0.018849555	0	0	0.8604419	0.509269	-0.00038258458	3.4271747e-20	-1
0	-0.98298216	-0.18327475	0.00046372626	-0.025132742	0	0	-0.98298216	-0.18327475	0.00046372626	1.7528356e-20	-1
0	-0.988008	-0.1539231	0.00045245004	-0.03769911	0	0	-0.988008	-0.1539231	0.00045245004	1.25815964e-20	-1
0	-0.9911572	-0.13215673	0.00044210223	-0.050265484	0	0	-0.9911572	-0.13215673	0.00044210223	7.614796e-21	-1
0	-0.99323857	-0.11549607	0.00043286663	-0.06283186	0	0	-0.99323857	-0.11549607	0.00043286663	2.6351026e-21	-1
0	-0.99323857	-0.11549607	0.00043286663	-0.06283186	0	0	-0.99323857	-0.11549607	0.00043286663	2.6351026e-21	1
0	-0.9911581	-0.13214988	0.00044210092	-0.050265484	0	0	-0.9911581	-0.13214988	0.00044210092	7.614796e-21	1
0	-0.988009	-0.15391645	0.00045244792	-0.03769911	0	0	-0.988009	-0.15391645	0.00045244792	1.2581595e-20	1
0	-0.9829833	-0.18326885	0.0004637249	-0.025132742	0	0	-0.9829833	-0.18326885	0.0004637249	1.7528353e-20	1
0	-0.97929525	-0.20203614	0.00046943684	-0.018849555	0	0	-0.97929525	-0.20203614	0.00046943684	1.9990493e-20	1
0	-0.9743737	-0.22455832	0.0004747778	-0.012566371	0	0	-0.9743737	-0.22455832	0.0004747778	2.2441929e-20	1
0	-0.9712784	-0.23757997	0.00047713518	-0.009424778	0	0	-0.9712784	-0.23757997	0.00047713518	2.3662511e-20	1
0	-0.9676236	-0.25204277	0.00047908787	-0.0062831854	0	0	-0.9676236	-0.25204277	0.00047908787	2.4878869e-20	1
0	-0.9642041	-0.26481465	0.00048023678	-0.0037699111	0	0	-0.9642041	-0.26481465	0.00048023678	2.5848402e-20	1
0	-0.9622989	-0.27165154	0.00048062706	-0.002513274	0	0	-0.9622989	-0.27165154	0.00048062706	2.6331815e-20	1
0	-0.96128964	-0.27519956	0.00048076652	-0.0018849556	0	0	-0.96128964	-0.27519956	0.00048076652	2.6573155e-20	1
0	-0.9602423	-0.27882946	0.00048086507	-0.001256637	0	0	-0.9602423	-0.27882946	0.00048086507	2.6814231e-20	1
0	-0.9602423	-0.27882946	0.00048086507	-0.0010053096	0	0	-0.9602423	-0.27882946	0.00048086507	2.691061e-20	1
0	-0.9591547	-0.28254548	0.00048091938	-0.0006283185	0	0	-0.9591547	-0.28254548	0.00048091938	2.7055044e-20	1
0	-0.9584799	-0.28482458	0.00048092887	-0.0002513274	0	0	-0.9584799	-0.28482458	0.00048092887	2.71994e-20	1
0	-0.9584799	-0.28482458	0.00048092887	-0.0001256637	0	0	-0.9584799	-0.28482458	0.00048092887	2.72475e-20	1
0	-0.9584799	-0.28482458	0.00048092887	-6.283185e-05	0	0	-0.9584799	-0.28482458	0.00048092887	2.7271553e-20	1
0	-0.9584799	-0.28482458	0.00048092887	-2.5132742e-05	0	0	-0.9584799	-0.28482458	0.00048092887	2.7285984e-20	1
0	-0.9584799	-0.28482458	0.00048092887	-1.2566371e-05	0	0	-0.9584799	-0.28482458	0.00048092887	2.7290792e-20	1
0	-0.9584799	-0.28482458	0.00048092887	-6.2831855e-06	0	0	-0.9584799	-0.28482458	0.00048092887	2.72932e-20	1
0	-0.9584799	-0.28482458	0.00048092887	-2.513274e-06	0	0	-0.9584799	-0.28482458	0.00048092887	2.729464e-20	1
0	-0.9584799	-0.28482458	0.00048092887	-1.256637e-06	0	0	-0.9584799	-0.28482458	0.00048092887	2.7295122e-20	1
0	-0.9584799	-0.28482458	0.00048092887	-6.283185e-07	0	0	-0.9584799	-0.28482458	0.00048092887	2.7295364e-20	1
0	-0.9584799	-0.28482458	0.00048092887	-2.513274e-07	0	0	-0.9584799	-0.28482458	0.00048092887	2.7295506e-20	1
0	-0.9584799	-0.28482458	0.00048092887	-1.256637e-07	0	0	-0.9584799	-0.28482458	0.00048092887	2.7295555e-20	1
0	-0.9584799	-0.28482458	0.00048092887	0	0	0	-0.9584799	-0.28482458	0.00048092887	2.7295603e-20	1
0	-0.9584799	-0.28482458	0.00048092887	1.256637e-07	0	0	-0.9584799	-0.28482458	0.00048092887	2.729565e-20	1
0	-0.9584799	-0.28482458	0.00048092887	2.513274e-07	0	0	-0.9584799	-0.28482458	0.00048092887	2.72957e-20	1
0	-0.9584799	-0.28482458	0.00048092887	6.283185e-07	0	0	-0.9584799	-0.28482458	0.00048092887	2.7295842e-20	1
0	-0.9584799	-0.28482458	0.00048092887	1.256637e-06	0	0	-0.9584799	-0.28482458	0.00048092887	2.7296085e-20	1
0	-0.9584799	-0.28482458	0.00048092887	2.513274e-06	0	0	-0.9584799	-0.28482458	0.00048092887	2.7296566e-20	1
0	-0.9584799	-0.28482458	0.00048092887	6.2831855e-06	0	0	-0.9584799	-0.28482458	0.00048092887	2.7298007e-20	1
0	-0.9579969	-0.2864439	0.0004809245	1.2566371e-05	0	0	-0.9579969	-0.2864439	0.0004809245	2.730039e-20	1
0	-0.9579734	-0.28652245	0.000480924	2.5132742e-05	0	0	-0.9579734	-0.28652245	0.000480924	2.73052e-20	1
0	-0.95790434	-0.28675306	0.0004809229	6.283185e-05	0	0	-0.95790434	-0.28675306	0.0004809229	2.731962e-20	1
0	-0.95790434	-0.28675306	0.0004809229	0.0001256637	0	0	-0.95790434	-0.28675306	0.0004809229	2.7343657e-20	1
0	-0.95790434	-0.28675306	0.0004809229	0.0002513274	0	0	-0.95790434	-0.28675306	0.0004809229	2.739173e-20	1
0	-0.9568382	-0.29028833	0.000480878	0.0006283185	0	0	-0.9568382	-0.29028833	0.000480878	2.7535825e-20	1
0	-0.95610905	-0.2926793	0.0004808235	0.0010053096	0	0	-0.95610905	-0.2926793	0.0004808235	2.767983e-20	1
0	-0.95610905	-0.2926793	0.0004808235	0.001256637	0	0	-0.95610905	-0.2926793	0.0004808235	2.777579e-20	1
0	-0.9543289	-0.29842913	0.0004806096	0.0018849556	0	0	-0.9543289	-0.29842913	0.0004806096	2.80154e-20	1
0	-0.9529902	-0.30267408	0.0004803766	0.002513274	0	0	-0.9529902	-0.30267408	0.0004803766	2.825469e-20	1
0	-0.95013225	-0.31152368	0.00047968427	0.0037699111	0	0	-0.95013225	-0.31152368	0.00047968427	2.873224e-20	1
0	-0.94356716	-0.33086476	0.00047718317	0.0062831854	0	0	-0.94356716	-0.33086476	0.00047718317	2.9682695e-20	1
0	-0.93323493	-0.35895872	0.00047105784	0.009424778	0	0	-0.93323493	-0.35895872	0.00047105784	3.0860328e-20	1
0	-0.9193436	-0.3931558	0.00045944532	0.012566371	0	0	-0.9193436	-0.3931558	0.00045944532	3.2022953e-20	1
0	-0.8605225	-0.509133	0.00038271313	0.018849555	0	0	-0.8605225	-0.509133	0.00038271313	3.4271747e-20	1
0	0.9829818	0.1832769	-0.00046372658	0.025132742	0	0	0.9829818	0.1832769	-0.00046372658	1.7528355e-20	1
0	0.9880086	0.15391883	-0.00045245502	0.03769911	0	0	0.9880086	0.15391883	-0.00045245502	1.25816005e-20	1
0	0.9911571	0.1321572	-0.00044210305	0.050265484	0	0	0.9911571	0.1321572	-0.00044210305	7.614795e-21	1
0	0.99323875	0.11549488	-0.00043286633	0.06283186	0	0	0.99323875	0.11549488	-0.00043286633	2.6351018e-21	1
