# t (s)	mx ()	my ()	mz ()	B_extx (T)	B_exty (T)	B_extz (T)	mx ()	my ()	mz ()	E_total (J)	branch ()
0	0.028340735	0.99952996	-0.0025614025	0	0.06283186	0	0.028340735	0.99952996	-0.0025614025	4.524867e-21	-1
0	0.033511076	0.999369	-0.0025734715	0	0.050265484	0	0.033511076	0.999369	-0.0025734715	9.540646e-21	-1
0	0.04095761	0.99909055	-0.0025814227	0	0.03769911	0	0.04095761	0.99909055	-0.0025814227	1.4555358e-20	-1
0	0.052569352	0.99854577	-0.0025810348	0	0.025132742	0	0.052569352	0.99854577	-0.0025810348	1.9568096e-20	-1
0	0.061180755	0.9980544	-0.0025747912	0	0.018849555	0	0.061180755	0.9980544	-0.0025747912	2.2073129e-20	-1
0	0.073063694	0.9972539	-0.0025609662	0	0.012566371	0	0.073063694	0.9972539	-0.0025609662	2.4576583e-20	-1
0	0.08085397	0.9966519	-0.0025494876	0	0.009424778	0	0.08085397	0.9966519	-0.0025494876	2.5827403e-20	-1
0	0.09047133	0.9958242	-0.0025332863	0	0.0062831854	0	0.09047133	0.9958242	-0.0025332863	2.707734e-20	-1
0	0.099903695	0.9949214	-0.0025155626	0	0.0037699111	0	0.099903695	0.9949214	-0.0025155626	2.8076423e-20	-1
0	0.10536631	0.9943572	-0.0025046817	0	0.002513274	0	0.10536631	0.9943572	-0.0025046817	2.857558e-20	-1
0	0.1083659	0.9940345	-0.0024984654	0	0.0018849556	0	0.1083659	0.9940345	-0.0024984654	2.882505e-20	-1
0	0.111446366	0.9936936	-0.0024919736	0	0.001256637	0	0.111446366	0.9936936	-0.0024919736	2.907444e-20	-1
0	0.111446366	0.9936936	-0.0024919736	0	0.0010053096	0	0.111446366	0.9936936	-0.0024919736	2.9174176e-20	-1
0	0.11480132	0.9933113	-0.0024847146	0	0.0006283185	0	0.11480132	0.9933113	-0.0024847146	2.932373e-20	-1
0	0.11688446	0.9930681	-0.0024801358	0	0.0002513274	0	0.11688446	0.9930681	-0.0024801358	2.947326e-20	-1
0	0.11688446	0.9930681	-0.0024801358	0	0.0001256637	0	0.11688446	0.9930681	-0.0024801358	2.9523097e-20	-1
0	0.11688446	0.9930681	-0.0024801358	0	6.283185e-05	0	0.11688446	0.9930681	-0.0024801358	2.9548016e-20	-1
0	0.11688446	0.9930681	-0.0024801358	0	2.5132742e-05	0	0.11688446	0.9930681	-0.0024801358	2.9562967e-20	-1
0	0.11688446	0.9930681	-0.0024801358	0	1.2566371e-05	0	0.11688446	0.9930681	-0.0024801358	2.956795e-20	-1
0	0.11688446	0.9930681	-0.0024801358	0	6.2831855e-06	0	0.11688446	0.9930681	-0.0024801358	2.957044e-20	-1
0	0.11688446	0.9930681	-0.0024801358	0	2.513274e-06	0	0.11688446	0.9930681	-0.0024801358	2.9571936e-20	-1
0	0.11688446	0.9930681	-0.0024801358	0	1.256637e-06	0	0.11688446	0.9930681	-0.0024801358	2.9572434e-20	-1
0	0.11688446	0.9930681	-0.0024801358	0	6.283185e-07	0	0.11688446	0.9930681	-0.0024801358	2.9572686e-20	-1
0	0.11688446	0.9930681	-0.0024801358	0	2.513274e-07	0	0.11688446	0.9930681	-0.0024801358	2.9572835e-20	-1
0	0.11688446	0.9930681	-0.0024801358	0	1.256637e-07	0	0.11688446	0.9930681	-0.0024801358	2.9572883e-20	-1
0	0.11688446	0.9930681	-0.0024801358	0	0	0	0.11688446	0.9930681	-0.0024801358	2.9572935e-20	-1
0	0.11688446	0.9930681	-0.0024801358	0	-1.256637e-07	0	0.11688446	0.9930681	-0.0024801358	2.9572983e-20	-1
0	0.11688446	0.9930681	-0.0024801358	0	-2.513274e-07	0	0.11688446	0.9930681	-0.0024801358	2.9573035e-20	-1
0	0.11688446	0.9930681	-0.0024801358	0	-6.283185e-07	0	0.11688446	0.9930681	-0.0024801358	2.9573184e-20	-1
0	0.11688446	0.9930681	-0.0024801358	0	-1.256637e-06	0	0.11688446	0.9930681	-0.0024801358	2.9573432e-20	-1
0	0.11688446	0.9930681	-0.0024801358	0	-2.513274e-06	0	0.11688446	0.9930681	-0.0024801358	2.957393e-20	-1
0	0.11688446	0.9930681	-0.0024801358	0	-6.2831855e-06	0	0.11688446	0.9930681	-0.0024801358	2.9575426e-20	-1
0	0.11688446	0.9930681	-0.0024801358	0	-1.2566371e-05	0	0.11688446	0.9930681	-0.0024801358	2.9577917e-20	-1
0	0.11688446	0.9930681	-0.0024801358	0	-2.5132742e-05	0	0.11688446	0.9930681	-0.0024801358	2.95829e-20	-1
0	0.11868264	0.99285465	-0.0024761395	0	-6.283185e-05	0	0.11868264	0.99285465	-0.0024761395	2.9597844e-20	-1
0	0.11868264	0.99285465	-0.0024761395	0	-0.0001256637	0	0.11868264	0.99285465	-0.0024761395	2.962276e-20	-1
0	0.11868264	0.99285465	-0.0024761395	0	-0.0002513274	0	0.11868264	0.99285465	-0.0024761395	2.9672584e-20	-1
0	0.12207098	0.99244344	-0.0024684898	0	-0.0006283185	0	0.12207098	0.99244344	-0.0024684898	2.9822016e-20	-1
0	0.12442623	0.99215066	-0.0024630928	0	-0.0010053096	0	0.12442623	0.99215066	-0.0024630928	2.9971406e-20	-1
0	0.12442623	0.99215066	-0.0024630928	0	-0.001256637	0	0.12442623	0.99215066	-0.0024630928	3.007099e-20	-1
0	0.13030863	0.99139464	-0.0024493015	0	-0.0018849556	0	0.13030863	0.99139464	-0.0024493015	3.0319814e-20	-1
0	0.13486904	0.99078405	-0.0024383336	0	-0.002513274	0	0.13486904	0.99078405	-0.0024383336	3.0568508e-20	-1
0	0.14504176	0.98934495	-0.0024130417	0	-0.0037699111	0	0.14504176	0.98934495	-0.0024130417	3.1065385e-20	-1
0	0.17116898	0.9851576	-0.0023433908	0	-0.0062831854	0	0.17116898	0.9851576	-0.0023433908	3.2056473e-20	-1
0	0.22633697	0.9739561	-0.002178114	0	-0.009424778	0	0.22633697	0.9739561	-0.002178114	3.3286627e-20	-1
0	0.894171	-0.4474349	-0.0009526806	0	-0.012566371	0	0.894171	-0.4474349	-0.0009526806	2.6001355e-20	-1
0	-0.061180435	-0.9980544	0.0025748191	0	-0.018849555	0	-0.061180435	-0.9980544	0.0025748191	2.2073134e-20	-1
0	-0.05257523	-0.9985454	0.002581052	0	-0.025132742	0	-0.05257523	-0.9985454	0.002581052	1.9568098e-20	-1
0	-0.040962126	-0.9990903	0.0025814178	0	-0.03769911	0	-0.040962126	-0.9990903	0.0025814178	1.4555354e-20	-1
0	-0.033511583	-0.999369	0.0025734755	0	-0.050265484	0	-0.033511583	-0.999369	0.0025734755	9.540647e-21	-1
0	-0.028342161	-0.99952984	0.0025613902	0	-0.06283186	0	-0.028342161	-0.99952984	0.0025613902	4.5248714e-21	-1
0	-0.028342161	-0.99952984	0.0025613902	0	-0.06283186	0	-0.028342161	-0.99952984	0.0025613902	4.5248714e-21	1
0	-0.033508167	-0.99936914	0.0025734794	0	-0.050265484	0	-0.033508167	-0.99936914	0.0025734794	9.5406454e-21	1
0	-0.040956017	-0.99909055	0.0025814255	0	-0.03769911	0	-0.040956017	-0.99909055	0.0025814255	1.4555353e-20	1
0	-0.05256541	-0.99854594	0.0025810716	0	-0.025132742	0	-0.05256541	-0.99854594	0.0025810716	1.9568096e-20	1
0	-0.06116242	-0.99805546	0.0025748597	0	-0.018849555	0	-0.06116242	-0.99805546	0.0025748597	2.207313e-20	1
0	-0.07306111	-0.9972541	0.0025609778	0	-0.012566371	0	-0.07306111	-0.9972541	0.0025609778	2.4576585e-20	1
0	-0.08085326	-0.996652	0.00254949	0	-0.009424778	0	-0.08085326	-0.996652	0.00254949	2.5827404e-20	1
0	-0.09045672	-0.9958255	0.0025333168	0	-0.0062831854	0	-0.09045672	-0.9958255	0.0025333168	2.707734e-20	1
0	-0.09990003	-0.99492174	0.0025156229	0	-0.0037699111	0	-0.09990003	-0.99492174	0.0025156229	2.8076416e-20	1
0	-0.10538484	-0.9943552	0.002504638	0	-0.002513274	0	-0.10538484	-0.9943552	0.002504638	2.857558e-20	1
0	-0.10834883	-0.9940363	0.0024985159	0	-0.0018849556	0	-0.10834883	-0.9940363	0.0024985159	2.8825047e-20	1
0	-0.111488834	-0.9936888	0.0024918667	0	-0.001256637	0	-0.111488834	-0.9936888	0.0024918667	2.907444e-20	1
0	-0.111488834	-0.9936888	0.0024918667	0	-0.0010053096	0	-0.111488834	-0.9936888	0.0024918667	2.9174176e-20	1
0	-0.11484237	-0.9933065	0.0024846108	0	-0.0006283185	0	-0.11484237	-0.9933065	0.0024846108	2.9323734e-20	1
0	-0.11689924	-0.9930664	0.0024801022	0	-0.0002513274	0	-0.11689924	-0.9930664	0.0024801022	2.947326e-20	1
0	-0.11689924	-0.9930664	0.0024801022	0	-0.0001256637	0	-0.11689924	-0.9930664	0.0024801022	2.9523097e-20	1
0	-0.11689924	-0.9930664	0.0024801022	0	-6.283185e-05	0	-0.11689924	-0.9930664	0.0024801022	2.9548016e-20	1
0	-0.11689924	-0.9930664	0.0024801022	0	-2.5132742e-05	0	-0.11689924	-0.9930664	0.0024801022	2.9562967e-20	1
0	-0.11689924	-0.9930664	0.0024801022	0	-1.2566371e-05	0	-0.11689924	-0.9930664	0.0024801022	2.9567952e-20	1
0	-0.11689924	-0.9930664	0.0024801022	0	-6.2831855e-06	0	-0.11689924	-0.9930664	0.0024801022	2.9570444e-20	1
0	-0.11689924	-0.9930664	0.0024801022	0	-2.513274e-06	0	-0.11689924	-0.9930664	0.0024801022	2.9571936e-20	1
0	-0.11689924	-0.9930664	0.0024801022	0	-1.256637e-06	0	-0.11689924	-0.9930664	0.0024801022	2.9572437e-20	1
0	-0.11689924	-0.9930664	0.0024801022	0	-6.283185e-07	0	-0.11689924	-0.9930664	0.0024801022	2.9572686e-20	1
0	-0.11689924	-0.9930664	0.0024801022	0	-2.513274e-07	0	-0.11689924	-0.9930664	0.0024801022	2.9572835e-20	1
0	-0.11689924	-0.9930664	0.0024801022	0	-1.256637e-07	0	-0.11689924	-0.9930664	0.0024801022	2.9572883e-20	1
0	-0.11689924	-0.9930664	0.0024801022	0	0	0	-0.11689924	-0.9930664	0.0024801022	2.9572935e-20	1
0	-0.11689924	-0.9930664	0.0024801022	0	1.256637e-07	0	-0.11689924	-0.9930664	0.0024801022	2.9572983e-20	1
0	-0.11689924	-0.9930664	0.0024801022	0	2.513274e-07	0	-0.11689924	-0.9930664	0.0024801022	2.9573035e-20	1
0	-0.11689924	-0.9930664	0.0024801022	0	6.283185e-07	0	-0.11689924	-0.9930664	0.0024801022	2.9573184e-20	1
0	-0.11689924	-0.9930664	0.0024801022	0	1.256637e-06	0	-0.11689924	-0.9930664	0.0024801022	2.9573432e-20	1
0	-0.11689924	-0.9930664	0.0024801022	0	2.513274e-06	0	-0.11689924	-0.9930664	0.0024801022	2.957393e-20	1
0	-0.11689924	-0.9930664	0.0024801022	0	6.2831855e-06	0	-0.11689924	-0.9930664	0.0024801022	2.9575426e-20	1
0	-0.11689924	-0.9930664	0.0024801022	0	1.2566371e-05	0	-0.11689924	-0.9930664	0.0024801022	2.9577917e-20	1
0	-0.11689924	-0.9930664	0.0024801022	0	2.5132742e-05	0	-0.11689924	-0.9930664	0.0024801022	2.9582903e-20	1
0	-0.11689924	-0.9930664	0.0024801022	0	6.283185e-05	0	-0.11689924	-0.9930664	0.0024801022	2.9597854e-20	1
0	-0.119038805	-0.992812	0.0024753471	0	0.0001256637	0	-0.119038805	-0.992812	0.0024753471	2.9622753e-20	1
0	-0.119038805	-0.992812	0.0024753471	0	0.0002513274	0	-0.119038805	-0.992812	0.0024753471	2.9672578e-20	1
0	-0.122076765	-0.9924427	0.0024684747	0	0.0006283185	0	-0.122076765	-0.9924427	0.0024684747	2.9822013e-20	1
0	-0.12441779	-0.99215174	0.0024631112	0	0.0010053096	0	-0.12441779	-0.99215174	0.0024631112	2.9971413e-20	1
0	-0.12441779	-0.99215174	0.0024631112	0	0.001256637	0	-0.12441779	-0.99215174	0.0024631112	3.0070994e-20	1
0	-0.13030456	-0.9913952	0.0024493109	0	0.0018849556	0	-0.13030456	-0.9913952	0.0024493109	3.0319817e-20	1
0	-0.13489226	-0.9907809	0.0024382696	0	0.002513274	0	-0.13489226	-0.9907809	0.0024382696	3.0568505e-20	1
0	-0.14503126	-0.98934644	0.0024130652	0	0.0037699111	0	-0.14503126	-0.98934644	0.0024130652	3.1065385e-20	1
0	-0.17118225	-0.98515534	0.0023433524	0	0.0062831854	0	-0.17118225	-0.98515534	0.0023433524	3.2056473e-20	1
0	-0.22630127	-0.97396445	0.0021782257	0	0.009424778	0	-0.22630127	-0.97396445	0.0021782257	3.3286627e-20	1
0	-0.894176	0.44742477	0.0009527204	0	0.012566371	0	-0.894176	0.44742477	0.0009527204	2.6001355e-20	1
0	0.061180435	0.9980544	-0.002574822	0	0.018849555	0	0.061180435	0.9980544	-0.002574822	2.2073134e-20	1
0	0.052573845	0.99854547	-0.0025810557	0	0.025132742	0	0.052573845	0.99854547	-0.0025810557	1.9568098e-20	1
0	0.040959556	0.9990905	-0.0025814194	0	0.03769911	0	0.040959556	0.9990905	-0.0025814194	1.4555358e-20	1
0	0.03351374	0.9993689	-0.002573469	0	0.050265484	0	0.03351374	0.9993689	-0.002573469	9.540646e-21	1
0	0.028342564	0.99952984	-0.0025613997	0	0.06283186	0	0.028342564	0.99952984	-0.0025613997	4.52487e-21	1
