# t (s)	mx ()	my ()	mz ()	B_extx (T)	B_exty (T)	B_extz (T)	mx ()	my ()	mz ()	E_total (J)	branch ()
0	-0.028613143	0.99951196	0.0052314233	0	0.06283186	0	-0.028613143	0.99951196	0.0052314233	4.2239614e-21	-1
0	-0.033568397	0.9993566	0.005280788	0	0.050265484	0	-0.033568397	0.9993566	0.005280788	9.239661e-21	-1
0	-0.04058109	0.9990952	0.0053332904	0	0.03769911	0	-0.04058109	0.9990952	0.0053332904	1.4254345e-20	-1
0	-0.05122749	0.99860454	0.00539016	0	0.025132742	0	-0.05122749	0.99860454	0.00539016	1.9267222e-20	-1
0	-0.058927618	0.99817884	0.005420725	0	0.018849555	0	-0.058927618	0.99817884	0.005420725	2.1772473e-20	-1
0	-0.069278	0.9975128	0.005452933	0	0.012566371	0	-0.069278	0.9975128	0.005452933	2.4276386e-20	-1
0	-0.075923346	0.99702847	0.005469594	0	0.009424778	0	-0.075923346	0.99702847	0.005469594	2.5527603e-20	-1
0	-0.08394742	0.99638414	0.0054864762	0	0.0062831854	0	-0.08394742	0.99638414	0.0054864762	2.6778116e-20	-1
0	-0.09169106	0.9957006	0.005499908	0	0.0037699111	0	-0.09169106	0.9957006	0.005499908	2.7777856e-20	-1
0	-0.09608919	0.9952854	0.0055064894	0	0.002513274	0	-0.09608919	0.9952854	0.0055064894	2.8277447e-20	-1
0	-0.09846303	0.99505305	0.0055097276	0	0.0018849556	0	-0.09846303	0.99505305	0.0055097276	2.8527165e-20	-1
0	-0.10096615	0.994802	0.0055129174	0	0.001256637	0	-0.10096615	0.994802	0.0055129174	2.8776815e-20	-1
0	-0.10096615	0.994802	0.0055129174	0	0.0010053096	0	-0.10096615	0.994802	0.0055129174	2.8876665e-20	-1
0	-0.10356292	0.99453473	0.005516032	0	0.0006283185	0	-0.10356292	0.99453473	0.005516032	2.9026404e-20	-1
0	-0.105213836	0.9943613	0.005517871	0	0.0002513274	0	-0.105213836	0.9943613	0.005517871	2.917612e-20	-1
0	-0.105213836	0.9943613	0.005517871	0	0.0001256637	0	-0.105213836	0.9943613	0.005517871	2.9226023e-20	-1
0	-0.105213836	0.9943613	0.005517871	0	6.283185e-05	0	-0.105213836	0.9943613	0.005517871	2.9250974e-20	-1
0	-0.105213836	0.9943613	0.005517871	0	2.5132742e-05	0	-0.105213836	0.9943613	0.005517871	2.9265944e-20	-1
0	-0.105213836	0.9943613	0.005517871	0	1.2566371e-05	0	-0.105213836	0.9943613	0.005517871	2.9270936e-20	-1
0	-0.105213836	0.9943613	0.005517871	0	6.2831855e-06	0	-0.105213836	0.9943613	0.005517871	2.927343e-20	-1
0	-0.105213836	0.9943613	0.005517871	0	2.513274e-06	0	-0.105213836	0.9943613	0.005517871	2.9274927e-20	-1
0	-0.105213836	0.9943613	0.005517871	0	1.256637e-06	0	-0.105213836	0.9943613	0.005517871	2.9275428e-20	-1
0	-0.105213836	0.9943613	0.005517871	0	6.283185e-07	0	-0.105213836	0.9943613	0.005517871	2.9275676e-20	-1
0	-0.105213836	0.9943613	0.005517871	0	2.513274e-07	0	-0.105213836	0.9943613	0.005517871	2.9275825e-20	-1
0	-0.105213836	0.9943613	0.005517871	0	1.256637e-07	0	-0.105213836	0.9943613	0.005517871	2.9275877e-20	-1
0	-0.105213836	0.9943613	0.005517871	0	0	0	-0.105213836	0.9943613	0.005517871	2.9275925e-20	-1
0	-0.105213836	0.9943613	0.005517871	0	-1.256637e-07	0	-0.105213836	0.9943613	0.005517871	2.9275974e-20	-1
0	-0.105213836	0.9943613	0.005517871	0	-2.513274e-07	0	-0.105213836	0.9943613	0.005517871	2.9276025e-20	-1
0	-0.105213836	0.9943613	0.005517871	0	-6.283185e-07	0	-0.105213836	0.9943613	0.005517871	2.9276174e-20	-1
0	-0.105213836	0.9943613	0.005517871	0	-1.256637e-06	0	-0.105213836	0.9943613	0.005517871	2.9276423e-20	-1
0	-0.105213836	0.9943613	0.005517871	0	-2.513274e-06	0	-0.105213836	0.9943613	0.005517871	2.9276924e-20	-1
0	-0.105213836	0.9943613	0.005517871	0	-6.2831855e-06	0	-0.105213836	0.9943613	0.005517871	2.927842e-20	-1
0	-0.105213836	0.9943613	0.005517871	0	-1.2566371e-05	0	-0.105213836	0.9943613	0.005517871	2.9280914e-20	-1
0	-0.105213836	0.9943613	0.005517871	0	-2.5132742e-05	0	-0.105213836	0.9943613	0.005517871	2.9285906e-20	-1
0	-0.105213836	0.9943613	0.005517871	0	-6.283185e-05	0	-0.105213836	0.9943613	0.005517871	2.9300876e-20	-1
0	-0.10690543	0.9941807	0.005519676	0	-0.0001256637	0	-0.10690543	0.9941807	0.005519676	2.9325818e-20	-1
0	-0.10690543	0.9941807	0.005519676	0	-0.0002513274	0	-0.10690543	0.9941807	0.005519676	2.937571e-20	-1
0	-0.10924454	0.99392605	0.005522021	0	-0.0006283185	0	-0.10924454	0.99392605	0.005522021	2.952536e-20	-1
0	-0.11108324	0.9937221	0.005523702	0	-0.0010053096	0	-0.11108324	0.9937221	0.005523702	2.9674985e-20	-1
0	-0.11108324	0.9937221	0.005523702	0	-0.001256637	0	-0.11108324	0.9937221	0.005523702	2.9774725e-20	-1
0	-0.115567	0.9932102	0.0055275327	0	-0.0018849556	0	-0.115567	0.9932102	0.0055275327	3.0023987e-20	-1
0	-0.11902215	0.99280167	0.005530046	0	-0.002513274	0	-0.11902215	0.99280167	0.005530046	3.027316e-20	-1
0	-0.1265912	0.99186414	0.0055343946	0	-0.0037699111	0	-0.1265912	0.99186414	0.0055343946	3.0771167e-20	-1
0	-0.1452116	0.9893074	0.0055387765	0	-0.0062831854	0	-0.1452116	0.9893074	0.0055387765	3.1765513e-20	-1
0	-0.17929	0.98369825	0.0055257436	0	-0.009424778	0	-0.17929	0.98369825	0.0055257436	3.3003608e-20	-1
0	-0.24895933	0.9684037	0.005422625	0	-0.012566371	0	-0.24895933	0.9684037	0.005422625	3.4230365e-20	-1
0	0.058928177	-0.99817884	-0.005420726	0	-0.018849555	0	0.058928177	-0.99817884	-0.005420726	2.1772471e-20	-1
0	0.05123566	-0.99860406	-0.005390155	0	-0.025132742	0	0.05123566	-0.99860406	-0.005390155	1.9267218e-20	-1
0	0.04058225	-0.9990952	-0.005333295	0	-0.03769911	0	0.04058225	-0.9990952	-0.005333295	1.4254345e-20	-1
0	0.033571564	-0.9993565	-0.005280792	0	-0.050265484	0	0.033571564	-0.9993565	-0.005280792	9.239662e-21	-1
0	0.02861652	-0.99951184	-0.00523143	0	-0.06283186	0	0.02861652	-0.99951184	-0.00523143	4.2239635e-21	-1
0	0.02861652	-0.99951184	-0.00523143	0	-0.06283186	0	0.02861652	-0.99951184	-0.00523143	4.2239635e-21	1
0	0.033568107	-0.9993566	-0.005280789	0	-0.050265484	0	0.033568107	-0.9993566	-0.005280789	9.239658e-21	1
0	0.040579602	-0.9990953	-0.0053332886	0	-0.03769911	0	0.040579602	-0.9990953	-0.0053332886	1.4254345e-20	1
0	0.05122918	-0.9986044	-0.0053901467	0	-0.025132742	0	0.05122918	-0.9986044	-0.0053901467	1.926722e-20	1
0	0.058921643	-0.9981792	-0.0054206965	0	-0.018849555	0	0.058921643	-0.9981792	-0.0054206965	2.177247e-20	1
0	0.06927669	-0.99751294	-0.005452928	0	-0.012566371	0	0.06927669	-0.99751294	-0.005452928	2.4276387e-20	1
0	0.07592201	-0.99702847	-0.005469595	0	-0.009424778	0	0.07592201	-0.99702847	-0.005469595	2.5527601e-20	1
0	0.08394994	-0.9963839	-0.005486468	0	-0.0062831854	0	0.08394994	-0.9963839	-0.005486468	2.6778114e-20	1
0	0.09167807	-0.9957018	-0.0054998826	0	-0.0037699111	0	0.09167807	-0.9957018	-0.0054998826	2.777786e-20	1
0	0.09609983	-0.9952843	-0.005506495	0	-0.002513274	0	0.09609983	-0.9952843	-0.005506495	2.8277454e-20	1
0	0.09846451	-0.99505293	-0.0055097286	0	-0.0018849556	0	0.09846451	-0.99505293	-0.0055097286	2.8527165e-20	1
0	0.10095698	-0.9948029	-0.005512915	0	-0.001256637	0	0.10095698	-0.9948029	-0.005512915	2.8776812e-20	1
0	0.10095698	-0.9948029	-0.005512915	0	-0.0010053096	0	0.10095698	-0.9948029	-0.005512915	2.8876662e-20	1
0	0.10357859	-0.9945331	-0.005516041	0	-0.0006283185	0	0.10357859	-0.9945331	-0.005516041	2.9026404e-20	1
0	0.105213985	-0.9943613	-0.0055178716	0	-0.0002513274	0	0.105213985	-0.9943613	-0.0055178716	2.9176124e-20	1
0	0.105213985	-0.9943613	-0.0055178716	0	-0.0001256637	0	0.105213985	-0.9943613	-0.0055178716	2.9226026e-20	1
0	0.105213985	-0.9943613	-0.0055178716	0	-6.283185e-05	0	0.105213985	-0.9943613	-0.0055178716	2.9250977e-20	1
0	0.105213985	-0.9943613	-0.0055178716	0	-2.5132742e-05	0	0.105213985	-0.9943613	-0.0055178716	2.9265947e-20	1
0	0.105213985	-0.9943613	-0.0055178716	0	-1.2566371e-05	0	0.105213985	-0.9943613	-0.0055178716	2.9270936e-20	1
0	0.105213985	-0.9943613	-0.0055178716	0	-6.2831855e-06	0	0.105213985	-0.9943613	-0.0055178716	2.927343e-20	1
0	0.105213985	-0.9943613	-0.0055178716	0	-2.513274e-06	0	0.105213985	-0.9943613	-0.0055178716	2.927493e-20	1
0	0.105213985	-0.9943613	-0.0055178716	0	-1.256637e-06	0	0.105213985	-0.9943613	-0.0055178716	2.9275428e-20	1
0	0.105213985	-0.9943613	-0.0055178716	0	-6.283185e-07	0	0.105213985	-0.9943613	-0.0055178716	2.9275676e-20	1
0	0.105213985	-0.9943613	-0.0055178716	0	-2.513274e-07	0	0.105213985	-0.9943613	-0.0055178716	2.9275828e-20	1
0	0.105213985	-0.9943613	-0.0055178716	0	-1.256637e-07	0	0.105213985	-0.9943613	-0.0055178716	2.9275877e-20	1
0	0.105213985	-0.9943613	-0.0055178716	0	0	0	0.105213985	-0.9943613	-0.0055178716	2.927593e-20	1
0	0.105213985	-0.9943613	-0.0055178716	0	1.256637e-07	0	0.105213985	-0.9943613	-0.0055178716	2.9275977e-20	1
0	0.105213985	-0.9943613	-0.0055178716	0	2.513274e-07	0	0.105213985	-0.9943613	-0.0055178716	2.9276025e-20	1
0	0.105213985	-0.9943613	-0.0055178716	0	6.283185e-07	0	0.105213985	-0.9943613	-0.0055178716	2.9276177e-20	1
0	0.105213985	-0.9943613	-0.0055178716	0	1.256637e-06	0	0.105213985	-0.9943613	-0.0055178716	2.9276426e-20	1
0	0.105213985	-0.9943613	-0.0055178716	0	2.513274e-06	0	0.105213985	-0.9943613	-0.0055178716	2.9276924e-20	1
0	0.105213985	-0.9943613	-0.0055178716	0	6.2831855e-06	0	0.105213985	-0.9943613	-0.0055178716	2.9278423e-20	1
0	0.105213985	-0.9943613	-0.0055178716	0	1.2566371e-05	0	0.105213985	-0.9943613	-0.0055178716	2.9280917e-20	1
0	0.105213985	-0.9943613	-0.0055178716	0	2.5132742e-05	0	0.105213985	-0.9943613	-0.0055178716	2.9285906e-20	1
0	0.105213985	-0.9943613	-0.0055178716	0	6.283185e-05	0	0.105213985	-0.9943613	-0.0055178716	2.930088e-20	1
0	0.10690315	-0.9941809	-0.005519674	0	0.0001256637	0	0.10690315	-0.9941809	-0.005519674	2.9325815e-20	1
0	0.10690315	-0.9941809	-0.005519674	0	0.0002513274	0	0.10690315	-0.9941809	-0.005519674	2.9375707e-20	1
0	0.10924317	-0.9939263	-0.0055220393	0	0.0006283185	0	0.10924317	-0.9939263	-0.0055220393	2.9525362e-20	1
0	0.11106897	-0.9937237	-0.0055237375	0	0.0010053096	0	0.11106897	-0.9937237	-0.0055237375	2.9674988e-20	1
0	0.11106897	-0.9937237	-0.0055237375	0	0.001256637	0	0.11106897	-0.9937237	-0.0055237375	2.9774728e-20	1
0	0.11557114	-0.9932097	-0.0055275327	0	0.0018849556	0	0.11557114	-0.9932097	-0.0055275327	3.0023987e-20	1
0	0.11902895	-0.99280083	-0.0055300444	0	0.002513274	0	0.11902895	-0.99280083	-0.0055300444	3.027316e-20	1
0	0.12656187	-0.9918679	-0.0055343974	0	0.0037699111	0	0.12656187	-0.9918679	-0.0055343974	3.0771167e-20	1
0	0.14521374	-0.9893071	-0.0055387756	0	0.0062831854	0	0.14521374	-0.9893071	-0.0055387756	3.1765513e-20	1
0	0.17930192	-0.98369604	-0.0055257315	0	0.009424778	0	0.17930192	-0.98369604	-0.0055257315	3.3003605e-20	1
0	0.24890026	-0.9684189	-0.00542276	0	0.012566371	0	0.24890026	-0.9684189	-0.00542276	3.4230365e-20	1
0	-0.058933925	0.9981785	0.0054207286	0	0.018849555	0	-0.058933925	0.9981785	0.0054207286	2.1772473e-20	1
0	-0.05123368	0.9986042	0.005390149	0	0.025132742	0	-0.05123368	0.9986042	0.005390149	1.9267219e-20	1
0	-0.0405849	0.9990951	0.005333295	0	0.03769911	0	-0.0405849	0.9990951	0.005333295	1.4254343e-20	1
0	-0.03357143	0.9993566	0.005280792	0	0.050265484	0	-0.03357143	0.9993566	0.005280792	9.239665e-21	1
0	-0.028615743	0.99951184	0.005231429	0	0.06283186	0	-0.028615743	0.99951184	0.005231429	4.223964e-21	1
