# t (s)	mx ()	my ()	mz ()	B_extx (T)	B_exty (T)	B_extz (T)	mx ()	my ()	mz ()	E_total (J)	branch ()
0	-0.017942725	0.9997741	0.0003910206	0	0.06283186	0	-0.017942725	0.9997741	0.0003910206	4.566173e-21	-1
0	-0.021200389	0.9997095	0.00040108085	0	0.050265484	0	-0.021200389	0.9997095	0.00040108085	9.583395e-21	-1
0	-0.025897082	0.99959797	0.00041436154	0	0.03769911	0	-0.025897082	0.99959797	0.00041436154	1.4600193e-20	-1
0	-0.033238262	0.9993798	0.0004335023	0	0.025132742	0	-0.033238262	0.9993798	0.0004335023	1.96162e-20	-1
0	-0.03872034	0.99918187	0.00044705998	0	0.018849555	0	-0.03872034	0.99918187	0.00044705998	2.212367e-20	-1
0	-0.046337217	0.998857	0.0004652817	0	0.012566371	0	-0.046337217	0.998857	0.0004652817	2.4630493e-20	-1
0	-0.051360644	0.99861085	0.00047703	0	0.009424778	0	-0.051360644	0.99861085	0.00047703	2.5883538e-20	-1
0	-0.05763565	0.9982679	0.00049147947	0	0.0062831854	0	-0.05763565	0.9982679	0.00049147947	2.7136222e-20	-1
0	-0.0638496	0.9978893	0.00050557894	0	0.0037699111	0	-0.0638496	0.9978893	0.00050557894	2.8138003e-20	-1
0	-0.06747016	0.99765074	0.00051374454	0	0.002513274	0	-0.06747016	0.99765074	0.00051374454	2.8638734e-20	-1
0	-0.06945961	0.9975141	0.00051819865	0	0.0018849556	0	-0.06945961	0.9975141	0.00051819865	2.8889053e-20	-1
0	-0.07154788	0.9973663	0.0005228589	0	0.001256637	0	-0.07154788	0.9973663	0.0005228589	2.9139337e-20	-1
0	-0.07154788	0.9973663	0.0005228589	0	0.0010053096	0	-0.07154788	0.9973663	0.0005228589	2.9239442e-20	-1
0	-0.073766455	0.99720454	0.0005277953	0	0.0006283185	0	-0.073766455	0.99720454	0.0005277953	2.938958e-20	-1
0	-0.075172804	0.9970994	0.0005309112	0	0.0002513274	0	-0.075172804	0.9970994	0.0005309112	2.9539705e-20	-1
0	-0.075172804	0.9970994	0.0005309112	0	0.0001256637	0	-0.075172804	0.9970994	0.0005309112	2.9589743e-20	-1
0	-0.075172804	0.9970994	0.0005309112	0	6.283185e-05	0	-0.075172804	0.9970994	0.0005309112	2.9614766e-20	-1
0	-0.075172804	0.9970994	0.0005309112	0	2.5132742e-05	0	-0.075172804	0.9970994	0.0005309112	2.9629778e-20	-1
0	-0.075172804	0.9970994	0.0005309112	0	1.2566371e-05	0	-0.075172804	0.9970994	0.0005309112	2.963478e-20	-1
0	-0.075172804	0.9970994	0.0005309112	0	6.2831855e-06	0	-0.075172804	0.9970994	0.0005309112	2.963728e-20	-1
0	-0.075172804	0.9970994	0.0005309112	0	2.513274e-06	0	-0.075172804	0.9970994	0.0005309112	2.9638783e-20	-1
0	-0.075172804	0.9970994	0.0005309112	0	1.256637e-06	0	-0.075172804	0.9970994	0.0005309112	2.9639284e-20	-1
0	-0.075172804	0.9970994	0.0005309112	0	6.283185e-07	0	-0.075172804	0.9970994	0.0005309112	2.9639532e-20	-1
0	-0.075172804	0.9970994	0.0005309112	0	2.513274e-07	0	-0.075172804	0.9970994	0.0005309112	2.9639684e-20	-1
0	-0.075172804	0.9970994	0.0005309112	0	1.256637e-07	0	-0.075172804	0.9970994	0.0005309112	2.9639733e-20	-1
0	-0.075172804	0.9970994	0.0005309112	0	0	0	-0.075172804	0.9970994	0.0005309112	2.9639785e-20	-1
0	-0.075172804	0.9970994	0.0005309112	0	-1.256637e-07	0	-0.075172804	0.9970994	0.0005309112	2.9639833e-20	-1
0	-0.075172804	0.9970994	0.0005309112	0	-2.513274e-07	0	-0.075172804	0.9970994	0.0005309112	2.9639885e-20	-1
0	-0.075172804	0.9970994	0.0005309112	0	-6.283185e-07	0	-0.075172804	0.9970994	0.0005309112	2.9640033e-20	-1
0	-0.075172804	0.9970994	0.0005309112	0	-1.256637e-06	0	-0.075172804	0.9970994	0.0005309112	2.9640285e-20	-1
0	-0.075172804	0.9970994	0.0005309112	0	-2.513274e-06	0	-0.075172804	0.9970994	0.0005309112	2.9640786e-20	-1
0	-0.075172804	0.9970994	0.0005309112	0	-6.2831855e-06	0	-0.075172804	0.9970994	0.0005309112	2.9642285e-20	-1
0	-0.075172804	0.9970994	0.0005309112	0	-1.2566371e-05	0	-0.075172804	0.9970994	0.0005309112	2.9644786e-20	-1
0	-0.075172804	0.9970994	0.0005309112	0	-2.5132742e-05	0	-0.075172804	0.9970994	0.0005309112	2.964979e-20	-1
0	-0.075172804	0.9970994	0.0005309112	0	-6.283185e-05	0	-0.075172804	0.9970994	0.0005309112	2.9664803e-20	-1
0	-0.07662905	0.9969884	0.0005341328	0	-0.0001256637	0	-0.07662905	0.9969884	0.0005341328	2.968982e-20	-1
0	-0.07662905	0.9969884	0.0005341328	0	-0.0002513274	0	-0.07662905	0.9969884	0.0005341328	2.9739854e-20	-1
0	-0.078652	0.9968307	0.00053860084	0	-0.0006283185	0	-0.078652	0.9968307	0.00053860084	2.9889936e-20	-1
0	-0.08024943	0.99670327	0.00054213894	0	-0.0010053096	0	-0.08024943	0.99670327	0.00054213894	3.0040004e-20	-1
0	-0.08024943	0.99670327	0.00054213894	0	-0.001256637	0	-0.08024943	0.99670327	0.00054213894	3.0140045e-20	-1
0	-0.084260374	0.99637187	0.00055090786	0	-0.0018849556	0	-0.084260374	0.99637187	0.00055090786	3.0390086e-20	-1
0	-0.08734384	0.996106	0.00055763416	0	-0.002513274	0	-0.08734384	0.996106	0.00055763416	3.064007e-20	-1
0	-0.09429566	0.9954714	0.0005726896	0	-0.0037699111	0	-0.09429566	0.9954714	0.0005726896	3.113981e-20	-1
0	-0.11233091	0.9935963	0.00061105815	0	-0.0062831854	0	-0.11233091	0.9935963	0.00061105815	3.213811e-20	-1
0	-0.14959073	0.98866904	0.00068702013	0	-0.009424778	0	-0.14959073	0.98866904	0.00068702013	3.3382085e-20	-1
0	0.9423758	-0.33423406	0.0007352548	0	-0.012566371	0	0.9423758	-0.33423406	0.0007352548	2.686341e-20	-1
0	0.03872794	-0.9991816	-0.0004470741	0	-0.018849555	0	0.03872794	-0.9991816	-0.0004470741	2.212367e-20	-1
0	0.033249903	-0.9993794	-0.00043352798	0	-0.025132742	0	0.033249903	-0.9993794	-0.00043352798	1.9616202e-20	-1
0	0.025898863	-0.9995979	-0.0004143648	0	-0.03769911	0	0.025898863	-0.9995979	-0.0004143648	1.460019e-20	-1
0	0.02120163	-0.9997094	-0.00040108775	0	-0.050265484	0	0.02120163	-0.9997094	-0.00040108775	9.583396e-21	-1
0	0.017945945	-0.999774	-0.00039102527	0	-0.06283186	0	0.017945945	-0.999774	-0.00039102527	4.56617e-21	-1
0	0.017945945	-0.999774	-0.00039102527	0	-0.06283186	0	0.017945945	-0.999774	-0.00039102527	4.56617e-21	1
0	0.021200866	-0.9997095	-0.00040108757	0	-0.050265484	0	0.021200866	-0.9997095	-0.00040108757	9.583395e-21	1
0	0.025895435	-0.999598	-0.0004143571	0	-0.03769911	0	0.025895435	-0.999598	-0.0004143571	1.4600192e-20	1
0	0.03324051	-0.99937975	-0.0004335068	0	-0.025132742	0	0.03324051	-0.99937975	-0.0004335068	1.9616197e-20	1
0	0.03872163	-0.99918187	-0.0004470639	0	-0.018849555	0	0.03872163	-0.99918187	-0.0004470639	2.2123668e-20	1
0	0.046342187	-0.9988568	-0.00046529225	0	-0.012566371	0	0.046342187	-0.9988568	-0.00046529225	2.4630492e-20	1
0	0.051376708	-0.99861	-0.00047706533	0	-0.009424778	0	0.051376708	-0.99861	-0.00047706533	2.5883538e-20	1
0	0.057640508	-0.99826765	-0.00049148983	0	-0.0062831854	0	0.057640508	-0.99826765	-0.00049148983	2.713622e-20	1
0	0.0638447	-0.99788964	-0.00050558394	0	-0.0037699111	0	0.0638447	-0.99788964	-0.00050558394	2.8138e-20	1
0	0.06747776	-0.99765027	-0.00051374873	0	-0.002513274	0	0.06747776	-0.99765027	-0.00051374873	2.863873e-20	1
0	0.06943626	-0.9975157	-0.00051814696	0	-0.0018849556	0	0.06943626	-0.9975157	-0.00051814696	2.8889047e-20	1
0	0.071547806	-0.9973663	-0.0005228592	0	-0.001256637	0	0.071547806	-0.9973663	-0.0005228592	2.9139337e-20	1
0	0.071547806	-0.9973663	-0.0005228592	0	-0.0010053096	0	0.071547806	-0.9973663	-0.0005228592	2.9239442e-20	1
0	0.073769614	-0.9972043	-0.0005278007	0	-0.0006283185	0	0.073769614	-0.9972043	-0.0005278007	2.938958e-20	1
0	0.07516709	-0.99709976	-0.0005309003	0	-0.0002513274	0	0.07516709	-0.99709976	-0.0005309003	2.9539705e-20	1
0	0.07516709	-0.99709976	-0.0005309003	0	-0.0001256637	0	0.07516709	-0.99709976	-0.0005309003	2.9589747e-20	1
0	0.07516709	-0.99709976	-0.0005309003	0	-6.283185e-05	0	0.07516709	-0.99709976	-0.0005309003	2.9614766e-20	1
0	0.07516709	-0.99709976	-0.0005309003	0	-2.5132742e-05	0	0.07516709	-0.99709976	-0.0005309003	2.9629778e-20	1
0	0.07516709	-0.99709976	-0.0005309003	0	-1.2566371e-05	0	0.07516709	-0.99709976	-0.0005309003	2.963478e-20	1
0	0.07516709	-0.99709976	-0.0005309003	0	-6.2831855e-06	0	0.07516709	-0.99709976	-0.0005309003	2.9637284e-20	1
0	0.07516709	-0.99709976	-0.0005309003	0	-2.513274e-06	0	0.07516709	-0.99709976	-0.0005309003	2.9638783e-20	1
0	0.07516709	-0.99709976	-0.0005309003	0	-1.256637e-06	0	0.07516709	-0.99709976	-0.0005309003	2.9639284e-20	1
0	0.07516709	-0.99709976	-0.0005309003	0	-6.283185e-07	0	0.07516709	-0.99709976	-0.0005309003	2.9639536e-20	1
0	0.07516709	-0.99709976	-0.0005309003	0	-2.513274e-07	0	0.07516709	-0.99709976	-0.0005309003	2.9639684e-20	1
0	0.07516709	-0.99709976	-0.0005309003	0	-1.256637e-07	0	0.07516709	-0.99709976	-0.0005309003	2.9639736e-20	1
0	0.07516709	-0.99709976	-0.0005309003	0	0	0	0.07516709	-0.99709976	-0.0005309003	2.9639785e-20	1
0	0.07516709	-0.99709976	-0.0005309003	0	1.256637e-07	0	0.07516709	-0.99709976	-0.0005309003	2.9639836e-20	1
0	0.07516709	-0.99709976	-0.0005309003	0	2.513274e-07	0	0.07516709	-0.99709976	-0.0005309003	2.9639885e-20	1
0	0.07516709	-0.99709976	-0.0005309003	0	6.283185e-07	0	0.07516709	-0.99709976	-0.0005309003	2.9640037e-20	1
0	0.07516709	-0.99709976	-0.0005309003	0	1.256637e-06	0	0.07516709	-0.99709976	-0.0005309003	2.9640285e-20	1
0	0.07516709	-0.99709976	-0.0005309003	0	2.513274e-06	0	0.07516709	-0.99709976	-0.0005309003	2.9640786e-20	1
0	0.07516709	-0.99709976	-0.0005309003	0	6.2831855e-06	0	0.07516709	-0.99709976	-0.0005309003	2.9642285e-20	1
0	0.07516709	-0.99709976	-0.0005309003	0	1.2566371e-05	0	0.07516709	-0.99709976	-0.0005309003	2.964479e-20	1
0	0.07516709	-0.99709976	-0.0005309003	0	2.5132742e-05	0	0.07516709	-0.99709976	-0.0005309003	2.964979e-20	1
0	0.07516709	-0.99709976	-0.0005309003	0	6.283185e-05	0	0.07516709	-0.99709976	-0.0005309003	2.9664803e-20	1
0	0.07661259	-0.99698967	-0.00053409976	0	0.0001256637	0	0.07661259	-0.99698967	-0.00053409976	2.9689816e-20	1
0	0.07661259	-0.99698967	-0.00053409976	0	0.0002513274	0	0.07661259	-0.99698967	-0.00053409976	2.973985e-20	1
0	0.07865572	-0.99683034	-0.0005386017	0	0.0006283185	0	0.07865572	-0.99683034	-0.0005386017	2.9889936e-20	1
0	0.08026782	-0.9967017	-0.0005421557	0	0.0010053096	0	0.08026782	-0.9967017	-0.0005421557	3.0040004e-20	1
0	0.08026782	-0.9967017	-0.0005421557	0	0.001256637	0	0.08026782	-0.9967017	-0.0005421557	3.014004e-20	1
0	0.08423542	-0.996374	-0.0005508552	0	0.0018849556	0	0.08423542	-0.996374	-0.0005508552	3.0390086e-20	1
0	0.08733681	-0.9961066	-0.00055762136	0	0.002513274	0	0.08733681	-0.9961066	-0.00055762136	3.0640066e-20	1
0	0.09430233	-0.99547076	-0.00057270186	0	0.0037699111	0	0.09430233	-0.99547076	-0.00057270186	3.113981e-20	1
0	0.11228207	-0.9936018	-0.00061095814	0	0.0062831854	0	0.11228207	-0.9936018	-0.00061095814	3.213811e-20	1
0	0.14968595	-0.9886546	-0.00068720704	0	0.009424778	0	0.14968595	-0.9886546	-0.00068720704	3.3382085e-20	1
0	0.9110123	0.41208082	0.00088757806	0	0.012566371	0	0.9110123	0.41208082	0.00088757806	2.6232708e-20	1
0	-0.038736045	0.9991813	0.0004470934	0	0.018849555	0	-0.038736045	0.9991813	0.0004470934	2.2123668e-20	1
0	-0.033252895	0.9993793	0.00043353456	0	0.025132742	0	-0.033252895	0.9993793	0.00043353456	1.96162e-20	1
0	-0.02589809	0.9995979	0.00041436078	0	0.03769911	0	-0.02589809	0.9995979	0.00041436078	1.4600193e-20	1
0	-0.021201687	0.9997094	0.00040109112	0	0.050265484	0	-0.021201687	0.9997094	0.00040109112	9.583394e-21	1
0	-0.017947573	0.9997739	0.0003910312	0	0.06283186	0	-0.017947573	0.9997739	0.0003910312	4.566173e-21	1
