# t (s)	mx ()	my ()	mz ()	B_extx (T)	B_exty (T)	B_extz (T)	mx ()	my ()	mz ()	E_total (J)	branch ()
0	0.014985826	0.999807	-0.005682541	0	0.06283186	0	0.014985826	0.999807	-0.005682541	4.129789e-21	-1
0	0.01753335	0.99976444	-0.0057284757	0	0.050265484	0	0.01753335	0.99976444	-0.0057284757	9.147232e-21	-1
0	0.021123417	0.999694	-0.005775028	0	0.03769911	0	0.021123417	0.999694	-0.005775028	1.4164392e-20	-1
0	0.026549485	0.99956346	-0.005821945	0	0.025132742	0	0.026549485	0.99956346	-0.005821945	1.9181073e-20	-1
0	0.030462116	0.9994513	-0.0058452915	0	0.018849555	0	0.030462116	0.9994513	-0.0058452915	2.1689099e-20	-1
0	0.03571047	0.9992769	-0.0058682067	0	0.012566371	0	0.03571047	0.9992769	-0.0058682067	2.419677e-20	-1
0	0.039064508	0.99915093	-0.0058793025	0	0.009424778	0	0.039064508	0.99915093	-0.0058793025	2.5450417e-20	-1
0	0.04312452	0.99898356	-0.0058899727	0	0.0062831854	0	0.04312452	0.99898356	-0.0058899727	2.6703875e-20	-1
0	0.047022656	0.9988073	-0.0058980146	0	0.0037699111	0	0.047022656	0.9988073	-0.0058980146	2.7706473e-20	-1
0	0.04924945	0.9986998	-0.0059017967	0	0.002513274	0	0.04924945	0.9986998	-0.0059017967	2.8207696e-20	-1
0	0.050449334	0.9986398	-0.0059036124	0	0.0018849556	0	0.050449334	0.9986398	-0.0059036124	2.8458286e-20	-1
0	0.051701635	0.9985757	-0.005905372	0	0.001256637	0	0.051701635	0.9985757	-0.005905372	2.8708864e-20	-1
0	0.051701635	0.9985757	-0.005905372	0	0.0010053096	0	0.051701635	0.9985757	-0.005905372	2.880909e-20	-1
0	0.053027086	0.99850607	-0.0059070624	0	0.0006283185	0	0.053027086	0.99850607	-0.0059070624	2.8959425e-20	-1
0	0.05383396	0.9984628	-0.005908055	0	0.0002513274	0	0.05383396	0.9984628	-0.005908055	2.9109752e-20	-1
0	0.05383396	0.9984628	-0.005908055	0	0.0001256637	0	0.05383396	0.9984628	-0.005908055	2.915986e-20	-1
0	0.05383396	0.9984628	-0.005908055	0	6.283185e-05	0	0.05383396	0.9984628	-0.005908055	2.9184913e-20	-1
0	0.05383396	0.9984628	-0.005908055	0	2.5132742e-05	0	0.05383396	0.9984628	-0.005908055	2.9199947e-20	-1
0	0.05383396	0.9984628	-0.005908055	0	1.2566371e-05	0	0.05383396	0.9984628	-0.005908055	2.9204956e-20	-1
0	0.05383396	0.9984628	-0.005908055	0	6.2831855e-06	0	0.05383396	0.9984628	-0.005908055	2.9207463e-20	-1
0	0.05383396	0.9984628	-0.005908055	0	2.513274e-06	0	0.05383396	0.9984628	-0.005908055	2.9208966e-20	-1
0	0.05383396	0.9984628	-0.005908055	0	1.256637e-06	0	0.05383396	0.9984628	-0.005908055	2.9209466e-20	-1
0	0.05383396	0.9984628	-0.005908055	0	6.283185e-07	0	0.05383396	0.9984628	-0.005908055	2.920972e-20	-1
0	0.05383396	0.9984628	-0.005908055	0	2.513274e-07	0	0.05383396	0.9984628	-0.005908055	2.9209867e-20	-1
0	0.05383396	0.9984628	-0.005908055	0	1.256637e-07	0	0.05383396	0.9984628	-0.005908055	2.920992e-20	-1
0	0.05383396	0.9984628	-0.005908055	0	0	0	0.05383396	0.9984628	-0.005908055	2.9209967e-20	-1
0	0.05383396	0.9984628	-0.005908055	0	-1.256637e-07	0	0.05383396	0.9984628	-0.005908055	2.921002e-20	-1
0	0.05383396	0.9984628	-0.005908055	0	-2.513274e-07	0	0.05383396	0.9984628	-0.005908055	2.9210067e-20	-1
0	0.05383396	0.9984628	-0.005908055	0	-6.283185e-07	0	0.05383396	0.9984628	-0.005908055	2.921022e-20	-1
0	0.05383396	0.9984628	-0.005908055	0	-1.256637e-06	0	0.05383396	0.9984628	-0.005908055	2.9210468e-20	-1
0	0.05383396	0.9984628	-0.005908055	0	-2.513274e-06	0	0.05383396	0.9984628	-0.005908055	2.921097e-20	-1
0	0.05383396	0.9984628	-0.005908055	0	-6.2831855e-06	0	0.05383396	0.9984628	-0.005908055	2.9212475e-20	-1
0	0.05383396	0.9984628	-0.005908055	0	-1.2566371e-05	0	0.05383396	0.9984628	-0.005908055	2.921498e-20	-1
0	0.05383396	0.9984628	-0.005908055	0	-2.5132742e-05	0	0.05383396	0.9984628	-0.005908055	2.921999e-20	-1
0	0.05383396	0.9984628	-0.005908055	0	-6.283185e-05	0	0.05383396	0.9984628	-0.005908055	2.9235022e-20	-1
0	0.054693274	0.99841607	-0.005909004	0	-0.0001256637	0	0.054693274	0.99841607	-0.005909004	2.9260073e-20	-1
0	0.054693274	0.99841607	-0.005909004	0	-0.0002513274	0	0.054693274	0.99841607	-0.005909004	2.9310176e-20	-1
0	0.055863887	0.9983512	-0.0059102336	0	-0.0006283185	0	0.055863887	0.9983512	-0.0059102336	2.9460487e-20	-1
0	0.056796342	0.99829847	-0.0059111034	0	-0.0010053096	0	0.056796342	0.99829847	-0.0059111034	2.961079e-20	-1
0	0.056796342	0.99829847	-0.0059111034	0	-0.001256637	0	0.056796342	0.99829847	-0.0059111034	2.971099e-20	-1
0	0.059031006	0.9981686	-0.0059130485	0	-0.0018849556	0	0.059031006	0.9981686	-0.0059130485	2.9961467e-20	-1
0	0.060737126	0.9980662	-0.005914283	0	-0.002513274	0	0.060737126	0.9980662	-0.005914283	3.021192e-20	-1
0	0.064518094	0.9978286	-0.0059163496	0	-0.0037699111	0	0.064518094	0.9978286	-0.0059163496	3.0712744e-20	-1
0	0.07367411	0.99719375	-0.005918169	0	-0.0062831854	0	0.07367411	0.99719375	-0.005918169	3.171397e-20	-1
0	0.08961795	0.99588627	-0.005912836	0	-0.009424778	0	0.08961795	0.99588627	-0.005912836	3.2964333e-20	-1
0	0.11515771	0.99325496	-0.005887332	0	-0.012566371	0	0.11515771	0.99325496	-0.005887332	3.4212365e-20	-1
0	-0.030453917	-0.9994515	0.0058452934	0	-0.018849555	0	-0.030453917	-0.9994515	0.0058452934	2.1689097e-20	-1
0	-0.026559211	-0.9995632	0.0058219437	0	-0.025132742	0	-0.026559211	-0.9995632	0.0058219437	1.9181074e-20	-1
0	-0.021125738	-0.999694	0.005775029	0	-0.03769911	0	-0.021125738	-0.999694	0.005775029	1.4164394e-20	-1
0	-0.017536694	-0.9997644	0.0057284716	0	-0.050265484	0	-0.017536694	-0.9997644	0.0057284716	9.147229e-21	-1
0	-0.01498994	-0.9998069	0.005682547	0	-0.06283186	0	-0.01498994	-0.9998069	0.005682547	4.1297917e-21	-1
0	-0.01498994	-0.9998069	0.005682547	0	-0.06283186	0	-0.01498994	-0.9998069	0.005682547	4.1297917e-21	1
0	-0.017533008	-0.99976444	0.0057284757	0	-0.050265484	0	-0.017533008	-0.99976444	0.0057284757	9.147232e-21	1
0	-0.021122271	-0.999694	0.00577503	0	-0.03769911	0	-0.021122271	-0.999694	0.00577503	1.4164394e-20	1
0	-0.026545681	-0.9995636	0.005821945	0	-0.025132742	0	-0.026545681	-0.9995636	0.005821945	1.9181073e-20	1
0	-0.030454159	-0.99945146	0.0058452934	0	-0.018849555	0	-0.030454159	-0.99945146	0.0058452934	2.1689099e-20	1
0	-0.035708763	-0.9992769	0.0058682077	0	-0.012566371	0	-0.035708763	-0.9992769	0.0058682077	2.4196773e-20	1
0	-0.039075814	-0.9991505	0.0058793053	0	-0.009424778	0	-0.039075814	-0.9991505	0.0058793053	2.5450414e-20	1
0	-0.043114014	-0.998984	0.0058899773	0	-0.0062831854	0	-0.043114014	-0.998984	0.0058899773	2.6703878e-20	1
0	-0.04702767	-0.9988071	0.005898009	0	-0.0037699111	0	-0.04702767	-0.9988071	0.005898009	2.770647e-20	1
0	-0.049246192	-0.9987	0.005901795	0	-0.002513274	0	-0.049246192	-0.9987	0.005901795	2.8207696e-20	1
0	-0.050446153	-0.99864006	0.005903613	0	-0.0018849556	0	-0.050446153	-0.99864006	0.005903613	2.845829e-20	1
0	-0.05170451	-0.99857557	0.005905371	0	-0.001256637	0	-0.05170451	-0.99857557	0.005905371	2.8708867e-20	1
0	-0.05170451	-0.99857557	0.005905371	0	-0.0010053096	0	-0.05170451	-0.99857557	0.005905371	2.880909e-20	1
0	-0.05302684	-0.99850607	0.0059070583	0	-0.0006283185	0	-0.05302684	-0.99850607	0.0059070583	2.8959425e-20	1
0	-0.053837802	-0.9984626	0.005908051	0	-0.0002513274	0	-0.053837802	-0.9984626	0.005908051	2.9109752e-20	1
0	-0.053837802	-0.9984626	0.005908051	0	-0.0001256637	0	-0.053837802	-0.9984626	0.005908051	2.915986e-20	1
0	-0.053837802	-0.9984626	0.005908051	0	-6.283185e-05	0	-0.053837802	-0.9984626	0.005908051	2.9184916e-20	1
0	-0.053837802	-0.9984626	0.005908051	0	-2.5132742e-05	0	-0.053837802	-0.9984626	0.005908051	2.9199947e-20	1
0	-0.053837802	-0.9984626	0.005908051	0	-1.2566371e-05	0	-0.053837802	-0.9984626	0.005908051	2.920496e-20	1
0	-0.053837802	-0.9984626	0.005908051	0	-6.2831855e-06	0	-0.053837802	-0.9984626	0.005908051	2.9207463e-20	1
0	-0.053837802	-0.9984626	0.005908051	0	-2.513274e-06	0	-0.053837802	-0.9984626	0.005908051	2.9208966e-20	1
0	-0.053837802	-0.9984626	0.005908051	0	-1.256637e-06	0	-0.053837802	-0.9984626	0.005908051	2.9209466e-20	1
0	-0.053837802	-0.9984626	0.005908051	0	-6.283185e-07	0	-0.053837802	-0.9984626	0.005908051	2.920972e-20	1
0	-0.053837802	-0.9984626	0.005908051	0	-2.513274e-07	0	-0.053837802	-0.9984626	0.005908051	2.9209867e-20	1
0	-0.053837802	-0.9984626	0.005908051	0	-1.256637e-07	0	-0.053837802	-0.9984626	0.005908051	2.920992e-20	1
0	-0.053837802	-0.9984626	0.005908051	0	0	0	-0.053837802	-0.9984626	0.005908051	2.9209967e-20	1
0	-0.053837802	-0.9984626	0.005908051	0	1.256637e-07	0	-0.053837802	-0.9984626	0.005908051	2.921002e-20	1
0	-0.053837802	-0.9984626	0.005908051	0	2.513274e-07	0	-0.053837802	-0.9984626	0.005908051	2.9210067e-20	1
0	-0.053837802	-0.9984626	0.005908051	0	6.283185e-07	0	-0.053837802	-0.9984626	0.005908051	2.921022e-20	1
0	-0.053837802	-0.9984626	0.005908051	0	1.256637e-06	0	-0.053837802	-0.9984626	0.005908051	2.921047e-20	1
0	-0.053837802	-0.9984626	0.005908051	0	2.513274e-06	0	-0.053837802	-0.9984626	0.005908051	2.9210972e-20	1
0	-0.053837802	-0.9984626	0.005908051	0	6.2831855e-06	0	-0.053837802	-0.9984626	0.005908051	2.9212475e-20	1
0	-0.053837802	-0.9984626	0.005908051	0	1.2566371e-05	0	-0.053837802	-0.9984626	0.005908051	2.921498e-20	1
0	-0.053837802	-0.9984626	0.005908051	0	2.5132742e-05	0	-0.053837802	-0.9984626	0.005908051	2.921999e-20	1
0	-0.053837802	-0.9984626	0.005908051	0	6.283185e-05	0	-0.053837802	-0.9984626	0.005908051	2.9235022e-20	1
0	-0.054681882	-0.99841666	0.0059090103	0	0.0001256637	0	-0.054681882	-0.99841666	0.0059090103	2.9260073e-20	1
0	-0.054681882	-0.99841666	0.0059090103	0	0.0002513274	0	-0.054681882	-0.99841666	0.0059090103	2.931018e-20	1
0	-0.055851027	-0.99835193	0.005910242	0	0.0006283185	0	-0.055851027	-0.99835193	0.005910242	2.946049e-20	1
0	-0.05677393	-0.9982997	0.0059111193	0	0.0010053096	0	-0.05677393	-0.9982997	0.0059111193	2.961079e-20	1
0	-0.05677393	-0.9982997	0.0059111193	0	0.001256637	0	-0.05677393	-0.9982997	0.0059111193	2.971099e-20	1
0	-0.059027724	-0.9981688	0.0059130373	0	0.0018849556	0	-0.059027724	-0.9981688	0.0059130373	2.9961467e-20	1
0	-0.06073977	-0.99806595	0.0059142797	0	0.002513274	0	-0.06073977	-0.99806595	0.0059142797	3.0211922e-20	1
0	-0.064509094	-0.9978292	0.0059163338	0	0.0037699111	0	-0.064509094	-0.9978292	0.0059163338	3.0712738e-20	1
0	-0.07366942	-0.99719405	0.0059181442	0	0.0062831854	0	-0.07366942	-0.99719405	0.0059181442	3.1713966e-20	1
0	-0.08959553	-0.9958883	0.005912865	0	0.009424778	0	-0.08959553	-0.9958883	0.005912865	3.296433e-20	1
0	-0.115121104	-0.9932592	0.0058873957	0	0.012566371	0	-0.115121104	-0.9932592	0.0058873957	3.4212365e-20	1
0	0.030461332	0.9994513	-0.0058452915	0	0.018849555	0	0.030461332	0.9994513	-0.0058452915	2.1689099e-20	1
0	0.026555827	0.9995632	-0.005821955	0	0.025132742	0	0.026555827	0.9995632	-0.005821955	1.9181074e-20	1
0	0.021124981	0.999694	-0.0057750344	0	0.03769911	0	0.021124981	0.999694	-0.0057750344	1.416439e-20	1
0	0.017537277	0.99976444	-0.005728463	0	0.050265484	0	0.017537277	0.99976444	-0.005728463	9.147227e-21	1
0	0.014987123	0.9998069	-0.00568255	0	0.06283186	0	0.014987123	0.9998069	-0.00568255	4.1297885e-21	1
