# t (s)	mx ()	my ()	mz ()	B_extx (T)	B_exty (T)	B_extz (T)	mx ()	my ()	mz ()	E_total (J)	branch ()
0	0.9997207	-0.020592295	-0.0026758872	0.06283186	0	0	0.9997207	-0.020592295	-0.0026758872	2.3479891e-21	-1
0	0.9996574	-0.023428291	-0.0026976503	0.050265484	0	0	0.9996574	-0.023428291	-0.0026976503	7.364945e-21	-1
0	0.9995619	-0.0271671	-0.002719943	0.03769911	0	0	0.9995619	-0.0271671	-0.002719943	1.23815084e-20	-1
0	0.99940777	-0.03231715	-0.0027427236	0.025132742	0	0	0.99940777	-0.03231715	-0.0027427236	1.7397463e-20	-1
0	0.9992919	-0.03570555	-0.0027542561	0.018849555	0	0	0.9992919	-0.03570555	-0.0027542561	1.9905092e-20	-1
0	0.99913377	-0.039873004	-0.0027658036	0.012566371	0	0	0.99913377	-0.039873004	-0.0027658036	2.241238e-20	-1
0	0.9990318	-0.042345174	-0.0027715429	0.009424778	0	0	0.9990318	-0.042345174	-0.0027715429	2.3665855e-20	-1
0	0.99890864	-0.045149017	-0.0027772225	0.0062831854	0	0	0.99890864	-0.045149017	-0.0027772225	2.4919196e-20	-1
0	0.9987916	-0.047664423	-0.002781691	0.0037699111	0	0	0.9987916	-0.047664423	-0.002781691	2.5921742e-20	-1
0	0.99872506	-0.049035035	-0.0027838936	0.002513274	0	0	0.99872506	-0.049035035	-0.0027838936	2.642297e-20	-1
0	0.9986896	-0.049750865	-0.0027849795	0.0018849556	0	0	0.9986896	-0.049750865	-0.0027849795	2.6673571e-20	-1
0	0.9986526	-0.05048681	-0.0027860594	0.001256637	0	0	0.9986526	-0.05048681	-0.0027860594	2.6924163e-20	-1
0	0.9986526	-0.05048681	-0.0027860594	0.0010053096	0	0	0.9986526	-0.05048681	-0.0027860594	2.7024398e-20	-1
0	0.9986142	-0.05123873	-0.0027871311	0.0006283185	0	0	0.9986142	-0.05123873	-0.0027871311	2.717474e-20	-1
0	0.99859035	-0.051701345	-0.002787753	0.0002513274	0	0	0.99859035	-0.051701345	-0.002787753	2.7325088e-20	-1
0	0.99859035	-0.051701345	-0.002787753	0.0001256637	0	0	0.99859035	-0.051701345	-0.002787753	2.7375203e-20	-1
0	0.99859035	-0.051701345	-0.002787753	6.283185e-05	0	0	0.99859035	-0.051701345	-0.002787753	2.740026e-20	-1
0	0.99859035	-0.051701345	-0.002787753	2.5132742e-05	0	0	0.99859035	-0.051701345	-0.002787753	2.7415292e-20	-1
0	0.99859035	-0.051701345	-0.002787753	1.2566371e-05	0	0	0.99859035	-0.051701345	-0.002787753	2.7420304e-20	-1
0	0.99859035	-0.051701345	-0.002787753	6.2831855e-06	0	0	0.99859035	-0.051701345	-0.002787753	2.742281e-20	-1
0	0.99859035	-0.051701345	-0.002787753	2.513274e-06	0	0	0.99859035	-0.051701345	-0.002787753	2.7424314e-20	-1
0	0.99859035	-0.051701345	-0.002787753	1.256637e-06	0	0	0.99859035	-0.051701345	-0.002787753	2.7424815e-20	-1
0	0.99859035	-0.051701345	-0.002787753	6.283185e-07	0	0	0.99859035	-0.051701345	-0.002787753	2.7425067e-20	-1
0	0.99859035	-0.051701345	-0.002787753	2.513274e-07	0	0	0.99859035	-0.051701345	-0.002787753	2.7425215e-20	-1
0	0.99859035	-0.051701345	-0.002787753	1.256637e-07	0	0	0.99859035	-0.051701345	-0.002787753	2.7425267e-20	-1
0	0.99859035	-0.051701345	-0.002787753	0	0	0	0.99859035	-0.051701345	-0.002787753	2.7425315e-20	-1
0	0.99859035	-0.051701345	-0.002787753	-1.256637e-07	0	0	0.99859035	-0.051701345	-0.002787753	2.7425367e-20	-1
0	0.99859035	-0.051701345	-0.002787753	-2.513274e-07	0	0	0.99859035	-0.051701345	-0.002787753	2.7425416e-20	-1
0	0.99859035	-0.051701345	-0.002787753	-6.283185e-07	0	0	0.99859035	-0.051701345	-0.002787753	2.7425567e-20	-1
0	0.99859035	-0.051701345	-0.002787753	-1.256637e-06	0	0	0.99859035	-0.051701345	-0.002787753	2.7425816e-20	-1
0	0.99859035	-0.051701345	-0.002787753	-2.513274e-06	0	0	0.99859035	-0.051701345	-0.002787753	2.742632e-20	-1
0	0.99859035	-0.051701345	-0.002787753	-6.2831855e-06	0	0	0.99859035	-0.051701345	-0.002787753	2.7427823e-20	-1
0	0.99859035	-0.051701345	-0.002787753	-1.2566371e-05	0	0	0.99859035	-0.051701345	-0.002787753	2.7430327e-20	-1
0	0.99859035	-0.051701345	-0.002787753	-2.5132742e-05	0	0	0.99859035	-0.051701345	-0.002787753	2.743534e-20	-1
0	0.9985695	-0.05210141	-0.0027882957	-6.283185e-05	0	0	0.9985695	-0.05210141	-0.0027882957	2.7450373e-20	-1
0	0.9985695	-0.05210141	-0.0027882957	-0.0001256637	0	0	0.9985695	-0.05210141	-0.0027882957	2.747543e-20	-1
0	0.9985695	-0.05210141	-0.0027882957	-0.0002513274	0	0	0.9985695	-0.05210141	-0.0027882957	2.7525543e-20	-1
0	0.9985317	-0.05281982	-0.0027892422	-0.0006283185	0	0	0.9985317	-0.05281982	-0.0027892422	2.767588e-20	-1
0	0.99850535	-0.05331395	-0.0027898746	-0.0010053096	0	0	0.99850535	-0.05331395	-0.0027898746	2.782621e-20	-1
0	0.99850535	-0.05331395	-0.0027898746	-0.001256637	0	0	0.99850535	-0.05331395	-0.0027898746	2.7926432e-20	-1
0	0.9984408	-0.05450728	-0.002791305	-0.0018849556	0	0	0.9984408	-0.05450728	-0.002791305	2.817697e-20	-1
0	0.9983922	-0.05538845	-0.002792315	-0.002513274	0	0	0.9983922	-0.05538845	-0.002792315	2.84275e-20	-1
0	0.9982873	-0.057246312	-0.002794284	-0.0037699111	0	0	0.9982873	-0.057246312	-0.002794284	2.8928516e-20	-1
0	0.99804354	-0.061344028	-0.002797981	-0.0062831854	0	0	0.99804354	-0.061344028	-0.002797981	2.993038e-20	-1
0	0.99765193	-0.06740588	-0.0028019273	-0.009424778	0	0	0.99765193	-0.06740588	-0.0028019273	3.118232e-20	-1
0	0.99712515	-0.07478696	-0.0028047115	-0.012566371	0	0	0.99712515	-0.07478696	-0.0028047115	3.243368e-20	-1
0	0.9953133	-0.09591378	-0.002802818	-0.018849555	0	0	0.9953133	-0.09591378	-0.002802818	3.493373e-20	-1
0	0.99072075	-0.13532493	-0.0027694786	-0.025132742	0	0	0.99072075	-0.13532493	-0.0027694786	3.7426507e-20	-1
0	-0.9995619	0.027169466	0.0027199455	-0.03769911	0	0	-0.9995619	0.027169466	0.0027199455	1.2381508e-20	-1
0	-0.9996574	0.023431364	0.002697655	-0.050265484	0	0	-0.9996574	0.023431364	0.002697655	7.3649415e-21	-1
0	-0.9997207	0.020593973	0.0026758944	-0.06283186	0	0	-0.9997207	0.020593973	0.0026758944	2.3479883e-21	-1
0	-0.9997207	0.020593973	0.0026758944	-0.06283186	0	0	-0.9997207	0.020593973	0.0026758944	2.3479883e-21	1
0	-0.9996574	0.02342783	0.0026976524	-0.050265484	0	0	-0.9996574	0.02342783	0.0026976524	7.364943e-21	1
0	-0.9995619	0.027166773	0.002719935	-0.03769911	0	0	-0.9995619	0.027166773	0.002719935	1.23815084e-20	1
0	-0.99940765	0.032319814	0.002742724	-0.025132742	0	0	-0.99940765	0.032319814	0.002742724	1.7397463e-20	1
0	-0.9992919	0.03570488	0.002754256	-0.018849555	0	0	-0.9992919	0.03570488	0.002754256	1.9905087e-20	1
0	-0.999134	0.039866917	0.0027658027	-0.012566371	0	0	-0.999134	0.039866917	0.0027658027	2.2412378e-20	1
0	-0.9990318	0.042344727	0.0027715433	-0.009424778	0	0	-0.9990318	0.042344727	0.0027715433	2.3665855e-20	1
0	-0.9989089	0.04514376	0.002777222	-0.0062831854	0	0	-0.9989089	0.04514376	0.002777222	2.4919192e-20	1
0	-0.99879193	0.04765525	0.0027816913	-0.0037699111	0	0	-0.99879193	0.04765525	0.0027816913	2.592174e-20	1
0	-0.9987252	0.04903244	0.0027838973	-0.002513274	0	0	-0.9987252	0.04903244	0.0027838973	2.642297e-20	1
0	-0.99868965	0.04974925	0.0027849781	-0.0018849556	0	0	-0.99868965	0.04974925	0.0027849781	2.6673571e-20	1
0	-0.9986528	0.050481867	0.0027860596	-0.001256637	0	0	-0.9986528	0.050481867	0.0027860596	2.692416e-20	1
0	-0.9986528	0.050481867	0.0027860596	-0.0010053096	0	0	-0.9986528	0.050481867	0.0027860596	2.7024396e-20	1
0	-0.99861425	0.051238053	0.002787131	-0.0006283185	0	0	-0.99861425	0.051238053	0.002787131	2.7174744e-20	1
0	-0.9985906	0.05169735	0.0027877693	-0.0002513274	0	0	-0.9985906	0.05169735	0.0027877693	2.7325088e-20	1
0	-0.9985906	0.05169735	0.0027877693	-0.0001256637	0	0	-0.9985906	0.05169735	0.0027877693	2.7375203e-20	1
0	-0.9985906	0.05169735	0.0027877693	-6.283185e-05	0	0	-0.9985906	0.05169735	0.0027877693	2.7400258e-20	1
0	-0.9985906	0.05169735	0.0027877693	-2.5132742e-05	0	0	-0.9985906	0.05169735	0.0027877693	2.7415292e-20	1
0	-0.9985906	0.05169735	0.0027877693	-1.2566371e-05	0	0	-0.9985906	0.05169735	0.0027877693	2.7420304e-20	1
0	-0.9985906	0.05169735	0.0027877693	-6.2831855e-06	0	0	-0.9985906	0.05169735	0.0027877693	2.742281e-20	1
0	-0.9985906	0.05169735	0.0027877693	-2.513274e-06	0	0	-0.9985906	0.05169735	0.0027877693	2.7424314e-20	1
0	-0.9985906	0.05169735	0.0027877693	-1.256637e-06	0	0	-0.9985906	0.05169735	0.0027877693	2.7424815e-20	1
0	-0.9985906	0.05169735	0.0027877693	-6.283185e-07	0	0	-0.9985906	0.05169735	0.0027877693	2.7425067e-20	1
0	-0.9985906	0.05169735	0.0027877693	-2.513274e-07	0	0	-0.9985906	0.05169735	0.0027877693	2.7425215e-20	1
0	-0.9985906	0.05169735	0.0027877693	-1.256637e-07	0	0	-0.9985906	0.05169735	0.0027877693	2.7425267e-20	1
0	-0.9985906	0.05169735	0.0027877693	0	0	0	-0.9985906	0.05169735	0.0027877693	2.7425315e-20	1
0	-0.9985906	0.05169735	0.0027877693	1.256637e-07	0	0	-0.9985906	0.05169735	0.0027877693	2.7425367e-20	1
0	-0.9985906	0.05169735	0.0027877693	2.513274e-07	0	0	-0.9985906	0.05169735	0.0027877693	2.7425416e-20	1
0	-0.9985906	0.05169735	0.0027877693	6.283185e-07	0	0	-0.9985906	0.05169735	0.0027877693	2.7425567e-20	1
0	-0.9985906	0.05169735	0.0027877693	1.256637e-06	0	0	-0.9985906	0.05169735	0.0027877693	2.7425816e-20	1
0	-0.9985906	0.05169735	0.0027877693	2.513274e-06	0	0	-0.9985906	0.05169735	0.0027877693	2.7426317e-20	1
0	-0.9985906	0.05169735	0.0027877693	6.2831855e-06	0	0	-0.9985906	0.05169735	0.0027877693	2.7427823e-20	1
0	-0.9985906	0.05169735	0.0027877693	1.2566371e-05	0	0	-0.9985906	0.05169735	0.0027877693	2.7430327e-20	1
0	-0.9985906	0.05169735	0.0027877693	2.5132742e-05	0	0	-0.9985906	0.05169735	0.0027877693	2.743534e-20	1
0	-0.99856967	0.052098382	0.0027882974	6.283185e-05	0	0	-0.99856967	0.052098382	0.0027882974	2.7450373e-20	1
0	-0.99856967	0.052098382	0.0027882974	0.0001256637	0	0	-0.99856967	0.052098382	0.0027882974	2.747543e-20	1
0	-0.99856967	0.052098382	0.0027882974	0.0002513274	0	0	-0.99856967	0.052098382	0.0027882974	2.7525543e-20	1
0	-0.99853134	0.05282588	0.0027892417	0.0006283185	0	0	-0.99853134	0.05282588	0.0027892417	2.767588e-20	1
0	-0.99850535	0.05331493	0.0027898666	0.0010053096	0	0	-0.99850535	0.05331493	0.0027898666	2.782621e-20	1
0	-0.99850535	0.05331493	0.0027898666	0.001256637	0	0	-0.99850535	0.05331493	0.0027898666	2.792643e-20	1
0	-0.99844086	0.054507174	0.0027913046	0.0018849556	0	0	-0.99844086	0.054507174	0.0027913046	2.8176974e-20	1
0	-0.9983923	0.05538784	0.0027923142	0.002513274	0	0	-0.9983923	0.05538784	0.0027923142	2.8427496e-20	1
0	-0.99828726	0.05724623	0.002794284	0.0037699111	0	0	-0.99828726	0.05724623	0.002794284	2.892852e-20	1
0	-0.99804336	0.0613461	0.0027979803	0.0062831854	0	0	-0.99804336	0.0613461	0.0027979803	2.9930377e-20	1
0	-0.9976522	0.06740163	0.0028019343	0.009424778	0	0	-0.9976522	0.06740163	0.0028019343	3.1182315e-20	1
0	-0.99712515	0.074786976	0.002804718	0.012566371	0	0	-0.99712515	0.074786976	0.002804718	3.2433684e-20	1
0	-0.99531156	0.09593177	0.002802828	0.018849555	0	0	-0.99531156	0.09593177	0.002802828	3.493373e-20	1
0	-0.9907203	0.13532837	0.0027694781	0.025132742	0	0	-0.9907203	0.13532837	0.0027694781	3.7426504e-20	1
0	0.9995619	-0.027167857	-0.0027199383	0.03769911	0	0	0.9995619	-0.027167857	-0.0027199383	1.2381508e-20	1
0	0.9996574	-0.023429137	-0.0026976531	0.050265484	0	0	0.9996574	-0.023429137	-0.0026976531	7.364945e-21	1
0	0.9997207	-0.020594649	-0.0026758884	0.06283186	0	0	0.9997207	-0.020594649	-0.0026758884	2.3479881e-21	1
