# t (s)	mx ()	my ()	mz ()	B_extx (T)	B_exty (T)	B_extz (T)	mx ()	my ()	mz ()	E_total (J)	branch ()
0	-0.01960101	0.999743	-4.852173e-05	0	0.06283186	0	-0.01960101	0.999743	-4.852173e-05	4.571052e-21	-1
0	-0.023177594	0.9996656	-6.1076826e-05	0	0.050265484	0	-0.023177594	0.9996656	-6.1076826e-05	9.588092e-21	-1
0	-0.028346626	0.9995315	-7.942373e-05	0	0.03769911	0	-0.028346626	0.9995315	-7.942373e-05	1.4604615e-20	-1
0	-0.03645528	0.9992676	-0.000108294465	0	0.025132742	0	-0.03645528	0.9992676	-0.000108294465	1.962019e-20	-1
0	-0.042516015	0.9990275	-0.00012995183	0	0.018849555	0	-0.042516015	0.9990275	-0.00012995183	2.2127325e-20	-1
0	-0.050946325	0.99863243	-0.0001601447	0	0.012566371	0	-0.050946325	0.99863243	-0.0001601447	2.4633684e-20	-1
0	-0.056557737	0.99832994	-0.00018026875	0	0.009424778	0	-0.056557737	0.99832994	-0.00018026875	2.5886419e-20	-1
0	-0.06352524	0.99791026	-0.00020526702	0	0.0062831854	0	-0.06352524	0.99791026	-0.00020526702	2.7138697e-20	-1
0	-0.07044779	0.9974449	-0.00023011184	0	0.0037699111	0	-0.07044779	0.9974449	-0.00023011184	2.814008e-20	-1
0	-0.07449467	0.99715054	-0.00024461612	0	0.002513274	0	-0.07449467	0.99715054	-0.00024461612	2.864058e-20	-1
0	-0.07670522	0.9969827	-0.00025254118	0	0.0018849556	0	-0.07670522	0.9969827	-0.00025254118	2.8890763e-20	-1
0	-0.07903655	0.9968004	-0.0002608954	0	0.001256637	0	-0.07903655	0.9968004	-0.0002608954	2.914091e-20	-1
0	-0.08001883	0.996722	-0.00026441424	0	0.0010053096	0	-0.08001883	0.996722	-0.00026441424	2.9240954e-20	-1
0	-0.08153158	0.9965993	-0.0002698315	0	0.0006283185	0	-0.08153158	0.9965993	-0.0002698315	2.9391007e-20	-1
0	-0.08309655	0.99646986	-0.00027543702	0	0.0002513274	0	-0.08309655	0.99646986	-0.00027543702	2.954104e-20	-1
0	-0.0836346	0.9964248	-0.00027736084	0	0.0001256637	0	-0.0836346	0.9964248	-0.00027736084	2.9591045e-20	-1
0	-0.08390992	0.99640167	-0.00027832383	0	6.283185e-05	0	-0.08390992	0.99640167	-0.00027832383	2.9616048e-20	-1
0	-0.08390992	0.99640167	-0.00027832383	0	2.5132742e-05	0	-0.08390992	0.99640167	-0.00027832383	2.963105e-20	-1
0	-0.08390992	0.99640167	-0.00027832383	0	1.2566371e-05	0	-0.08390992	0.99640167	-0.00027832383	2.9636053e-20	-1
0	-0.08390992	0.99640167	-0.00027832383	0	6.2831855e-06	0	-0.08390992	0.99640167	-0.00027832383	2.963855e-20	-1
0	-0.08390992	0.99640167	-0.00027832383	0	2.513274e-06	0	-0.08390992	0.99640167	-0.00027832383	2.9640053e-20	-1
0	-0.08390992	0.99640167	-0.00027832383	0	1.256637e-06	0	-0.08390992	0.99640167	-0.00027832383	2.964055e-20	-1
0	-0.08390992	0.99640167	-0.00027832383	0	6.283185e-07	0	-0.08390992	0.99640167	-0.00027832383	2.9640802e-20	-1
0	-0.08390992	0.99640167	-0.00027832383	0	2.513274e-07	0	-0.08390992	0.99640167	-0.00027832383	2.964095e-20	-1
0	-0.08390992	0.99640167	-0.00027832383	0	1.256637e-07	0	-0.08390992	0.99640167	-0.00027832383	2.9641003e-20	-1
0	-0.08390992	0.99640167	-0.00027832383	0	0	0	-0.08390992	0.99640167	-0.00027832383	2.964105e-20	-1
0	-0.08390992	0.99640167	-0.00027832383	0	-1.256637e-07	0	-0.08390992	0.99640167	-0.00027832383	2.9641103e-20	-1
0	-0.08390992	0.99640167	-0.00027832383	0	-2.513274e-07	0	-0.08390992	0.99640167	-0.00027832383	2.964115e-20	-1
0	-0.08390992	0.99640167	-0.00027832383	0	-6.283185e-07	0	-0.08390992	0.99640167	-0.00027832383	2.9641303e-20	-1
0	-0.08390992	0.99640167	-0.00027832383	0	-1.256637e-06	0	-0.08390992	0.99640167	-0.00027832383	2.9641552e-20	-1
0	-0.08390992	0.99640167	-0.00027832383	0	-2.513274e-06	0	-0.08390992	0.99640167	-0.00027832383	2.9642053e-20	-1
0	-0.08390992	0.99640167	-0.00027832383	0	-6.2831855e-06	0	-0.08390992	0.99640167	-0.00027832383	2.9643552e-20	-1
0	-0.08390992	0.99640167	-0.00027832383	0	-1.2566371e-05	0	-0.08390992	0.99640167	-0.00027832383	2.9646053e-20	-1
0	-0.08390992	0.99640167	-0.00027832383	0	-2.5132742e-05	0	-0.08390992	0.99640167	-0.00027832383	2.965105e-20	-1
0	-0.08390992	0.99640167	-0.00027832383	0	-6.283185e-05	0	-0.08390992	0.99640167	-0.00027832383	2.9666054e-20	-1
0	-0.08390992	0.99640167	-0.00027832383	0	-0.0001256637	0	-0.08390992	0.99640167	-0.00027832383	2.9691057e-20	-1
0	-0.0853045	0.9962832	-0.00028333557	0	-0.0002513274	0	-0.0853045	0.9962832	-0.00028333557	2.9741056e-20	-1
0	-0.087005384	0.9961359	-0.00028941955	0	-0.0006283185	0	-0.087005384	0.9961359	-0.00028941955	2.9891037e-20	-1
0	-0.088793926	0.9959779	-0.0002958125	0	-0.0010053096	0	-0.088793926	0.9959779	-0.0002958125	3.0040996e-20	-1
0	-0.088793926	0.9959779	-0.0002958125	0	-0.001256637	0	-0.088793926	0.9959779	-0.0002958125	3.0140962e-20	-1
0	-0.093268655	0.9955685	-0.0003118043	0	-0.0018849556	0	-0.093268655	0.9955685	-0.0003118043	3.039081e-20	-1
0	-0.09676073	0.99523485	-0.0003242457	0	-0.002513274	0	-0.09676073	0.99523485	-0.0003242457	3.0640586e-20	-1
0	-0.104613915	0.9944393	-0.00035218938	0	-0.0037699111	0	-0.104613915	0.9944393	-0.00035218938	3.113985e-20	-1
0	-0.12506165	0.99207324	-0.00042439208	0	-0.0062831854	0	-0.12506165	0.99207324	-0.00042439208	3.2136894e-20	-1
0	-0.16858606	0.9856055	-0.0005741588	0	-0.009424778	0	-0.16858606	0.9856055	-0.0005741588	3.3378192e-20	-1
0	0.30151603	0.95335233	0.00082751055	0	-0.012566371	0	0.30151603	0.95335233	0.00082751055	3.4862558e-20	-1
0	0.042518057	-0.9990275	0.00012995972	0	-0.018849555	0	0.042518057	-0.9990275	0.00012995972	2.2127325e-20	-1
0	0.036463622	-0.99926734	0.00010832459	0	-0.025132742	0	0.036463622	-0.99926734	0.00010832459	1.9620191e-20	-1
0	0.028354753	-0.99953127	7.945266e-05	0	-0.03769911	0	0.028354753	-0.99953127	7.945266e-05	1.4604617e-20	-1
0	0.023185981	-0.9996654	6.114799e-05	0	-0.050265484	0	0.023185981	-0.9996654	6.114799e-05	9.588093e-21	-1
0	0.019603118	-0.99974287	4.8529117e-05	0	-0.06283186	0	0.019603118	-0.99974287	4.8529117e-05	4.571051e-21	-1
0	0.019603118	-0.99974287	4.8529117e-05	0	-0.06283186	0	0.019603118	-0.99974287	4.8529117e-05	4.571051e-21	1
0	0.02317736	-0.9996656	6.1116865e-05	0	-0.050265484	0	0.02317736	-0.9996656	6.1116865e-05	9.588093e-21	1
0	0.028347287	-0.9995315	7.9427366e-05	0	-0.03769911	0	0.028347287	-0.9995315	7.9427366e-05	1.4604619e-20	1
0	0.036457486	-0.9992676	0.00010830542	0	-0.025132742	0	0.036457486	-0.9992676	0.00010830542	1.962019e-20	1
0	0.042509273	-0.99902785	0.000129928	0	-0.018849555	0	0.042509273	-0.99902785	0.000129928	2.2127329e-20	1
0	0.050967723	-0.99863136	0.00016022111	0	-0.012566371	0	0.050967723	-0.99863136	0.00016022111	2.4633687e-20	1
0	0.05656396	-0.9983295	0.00018028784	0	-0.009424778	0	0.05656396	-0.9983295	0.00018028784	2.5886415e-20	1
0	0.06352404	-0.9979103	0.00020526412	0	-0.0062831854	0	0.06352404	-0.9979103	0.00020526412	2.7138697e-20	1
0	0.07041818	-0.997447	0.0002299978	0	-0.0037699111	0	0.07041818	-0.997447	0.0002299978	2.8140083e-20	1
0	0.07449958	-0.9971502	0.0002446351	0	-0.002513274	0	0.07449958	-0.9971502	0.0002446351	2.8640576e-20	1
0	0.076695934	-0.9969834	0.00025250798	0	-0.0018849556	0	0.076695934	-0.9969834	0.00025250798	2.8890763e-20	1
0	0.07904023	-0.9968002	0.00026090903	0	-0.001256637	0	0.07904023	-0.9968002	0.00026090903	2.914091e-20	1
0	0.08002384	-0.9967216	0.00026442856	0	-0.0010053096	0	0.08002384	-0.9967216	0.00026442856	2.9240954e-20	1
0	0.081529334	-0.99659944	0.00026980252	0	-0.0006283185	0	0.081529334	-0.99659944	0.00026980252	2.9391007e-20	1
0	0.08310154	-0.9964695	0.0002754544	0	-0.0002513274	0	0.08310154	-0.9964695	0.0002754544	2.954104e-20	1
0	0.08310154	-0.9964695	0.0002754544	0	-0.0001256637	0	0.08310154	-0.9964695	0.0002754544	2.9591045e-20	1
0	0.08310154	-0.9964695	0.0002754544	0	-6.283185e-05	0	0.08310154	-0.9964695	0.0002754544	2.961605e-20	1
0	0.08310154	-0.9964695	0.0002754544	0	-2.5132742e-05	0	0.08310154	-0.9964695	0.0002754544	2.9631054e-20	1
0	0.08310154	-0.9964695	0.0002754544	0	-1.2566371e-05	0	0.08310154	-0.9964695	0.0002754544	2.9636053e-20	1
0	0.08310154	-0.9964695	0.0002754544	0	-6.2831855e-06	0	0.08310154	-0.9964695	0.0002754544	2.9638553e-20	1
0	0.08310154	-0.9964695	0.0002754544	0	-2.513274e-06	0	0.08310154	-0.9964695	0.0002754544	2.9640056e-20	1
0	0.08310154	-0.9964695	0.0002754544	0	-1.256637e-06	0	0.08310154	-0.9964695	0.0002754544	2.9640554e-20	1
0	0.08310154	-0.9964695	0.0002754544	0	-6.283185e-07	0	0.08310154	-0.9964695	0.0002754544	2.9640806e-20	1
0	0.08310154	-0.9964695	0.0002754544	0	-2.513274e-07	0	0.08310154	-0.9964695	0.0002754544	2.9640954e-20	1
0	0.08310154	-0.9964695	0.0002754544	0	-1.256637e-07	0	0.08310154	-0.9964695	0.0002754544	2.9641006e-20	1
0	0.08310154	-0.9964695	0.0002754544	0	0	0	0.08310154	-0.9964695	0.0002754544	2.9641054e-20	1
0	0.08310154	-0.9964695	0.0002754544	0	1.256637e-07	0	0.08310154	-0.9964695	0.0002754544	2.9641106e-20	1
0	0.08310154	-0.9964695	0.0002754544	0	2.513274e-07	0	0.08310154	-0.9964695	0.0002754544	2.9641155e-20	1
0	0.08310154	-0.9964695	0.0002754544	0	6.283185e-07	0	0.08310154	-0.9964695	0.0002754544	2.9641303e-20	1
0	0.08310154	-0.9964695	0.0002754544	0	1.256637e-06	0	0.08310154	-0.9964695	0.0002754544	2.9641555e-20	1
0	0.08310154	-0.9964695	0.0002754544	0	2.513274e-06	0	0.08310154	-0.9964695	0.0002754544	2.9642056e-20	1
0	0.08310154	-0.9964695	0.0002754544	0	6.2831855e-06	0	0.08310154	-0.9964695	0.0002754544	2.9643555e-20	1
0	0.08310154	-0.9964695	0.0002754544	0	1.2566371e-05	0	0.08310154	-0.9964695	0.0002754544	2.9646056e-20	1
0	0.08310154	-0.9964695	0.0002754544	0	2.5132742e-05	0	0.08310154	-0.9964695	0.0002754544	2.9651055e-20	1
0	0.08310154	-0.9964695	0.0002754544	0	6.283185e-05	0	0.08310154	-0.9964695	0.0002754544	2.9666057e-20	1
0	0.084760115	-0.99632967	0.0002813873	0	0.0001256637	0	0.084760115	-0.99632967	0.0002813873	2.9691054e-20	1
0	0.084760115	-0.99632967	0.0002813873	0	0.0002513274	0	0.084760115	-0.99632967	0.0002813873	2.9741053e-20	1
0	0.08701266	-0.99613523	0.00028944504	0	0.0006283185	0	0.08701266	-0.99613523	0.00028944504	2.9891037e-20	1
0	0.0887876	-0.9959785	0.00029579055	0	0.0010053096	0	0.0887876	-0.9959785	0.00029579055	3.0041003e-20	1
0	0.09002179	-0.9958676	0.00030019935	0	0.001256637	0	0.09002179	-0.9958676	0.00030019935	3.0140965e-20	1
0	0.093295485	-0.995566	0.00031188855	0	0.0018849556	0	0.093295485	-0.995566	0.00031188855	3.0390813e-20	1
0	0.096763425	-0.9952346	0.0003242562	0	0.002513274	0	0.096763425	-0.9952346	0.0003242562	3.0640586e-20	1
0	0.104584664	-0.99444246	0.00035208362	0	0.0037699111	0	0.104584664	-0.99444246	0.00035208362	3.1139854e-20	1
0	0.1250565	-0.99207383	0.0004243749	0	0.0062831854	0	0.1250565	-0.99207383	0.0004243749	3.2136894e-20	1
0	0.1686433	-0.9855957	0.0005743577	0	0.009424778	0	0.1686433	-0.9855957	0.0005743577	3.3378195e-20	1
0	-0.05095978	0.9986317	-0.0001601921	0	0.012566371	0	-0.05095978	0.9986317	-0.0001601921	2.4633684e-20	1
0	-0.042516053	0.9990275	-0.00012995223	0	0.018849555	0	-0.042516053	0.9990275	-0.00012995223	2.2127329e-20	1
0	-0.036461875	0.99926746	-0.000108323584	0	0.025132742	0	-0.036461875	0.99926746	-0.000108323584	1.9620193e-20	1
0	-0.028351743	0.9995314	-7.943817e-05	0	0.03769911	0	-0.028351743	0.9995314	-7.943817e-05	1.4604619e-20	1
0	-0.023184085	0.99966544	-6.114128e-05	0	0.050265484	0	-0.023184085	0.99966544	-6.114128e-05	9.588094e-21	1
0	-0.019603195	0.99974287	-4.852985e-05	0	0.06283186	0	-0.019603195	0.99974287	-4.852985e-05	4.571051e-21	1
