# t (s)	mx ()	my ()	mz ()	B_extx (T)	B_exty (T)	B_extz (T)	mx ()	my ()	mz ()	E_total (J)	branch ()
0	-0.019616406	0.99973506	0.0039157835	0	0.06283186	0	-0.019616406	0.99973506	0.0039157835	4.376751e-21	-1
0	-0.023088817	0.9996599	0.0039602704	0	0.050265484	0	-0.023088817	0.9996599	0.0039602704	9.393752e-21	-1
0	-0.028048776	0.999532	0.0040107565	0	0.03769911	0	-0.028048776	0.999532	0.0040107565	1.4410263e-20	-1
0	-0.035697695	0.9992869	0.0040714126	0	0.025132742	0	-0.035697695	0.9992869	0.0040714126	1.9425876e-20	-1
0	-0.041323166	0.9990693	0.0041081957	0	0.018849555	0	-0.041323166	0.9990693	0.0041081957	2.1933087e-20	-1
0	-0.049037095	0.9987196	0.0041520726	0	0.012566371	0	-0.049037095	0.9987196	0.0041520726	2.44396e-20	-1
0	-0.05407327	0.99845904	0.004177845	0	0.009424778	0	-0.05407327	0.99845904	0.004177845	2.5692466e-20	-1
0	-0.060255043	0.99810445	0.0042071743	0	0.0062831854	0	-0.060255043	0.99810445	0.0042071743	2.6944948e-20	-1
0	-0.06632314	0.99771905	0.004233988	0	0.0037699111	0	-0.06632314	0.99771905	0.004233988	2.7946565e-20	-1
0	-0.06984228	0.9974786	0.004248782	0	0.002513274	0	-0.06984228	0.9974786	0.004248782	2.844721e-20	-1
0	-0.071732596	0.99734426	0.004256534	0	0.0018849556	0	-0.071732596	0.99734426	0.004256534	2.8697484e-20	-1
0	-0.07372631	0.9971986	0.004264569	0	0.001256637	0	-0.07372631	0.9971986	0.004264569	2.8947728e-20	-1
0	-0.07372631	0.9971986	0.004264569	0	0.0010053096	0	-0.07372631	0.9971986	0.004264569	2.9047817e-20	-1
0	-0.075865835	0.99703795	0.004272973	0	0.0006283185	0	-0.075865835	0.99703795	0.004272973	2.9197928e-20	-1
0	-0.07720812	0.9969348	0.004278225	0	0.0002513274	0	-0.07720812	0.9969348	0.004278225	2.934803e-20	-1
0	-0.07720812	0.9969348	0.004278225	0	0.0001256637	0	-0.07720812	0.9969348	0.004278225	2.939806e-20	-1
0	-0.07720812	0.9969348	0.004278225	0	6.283185e-05	0	-0.07720812	0.9969348	0.004278225	2.9423076e-20	-1
0	-0.07720812	0.9969348	0.004278225	0	2.5132742e-05	0	-0.07720812	0.9969348	0.004278225	2.9438085e-20	-1
0	-0.07720812	0.9969348	0.004278225	0	1.2566371e-05	0	-0.07720812	0.9969348	0.004278225	2.944309e-20	-1
0	-0.07720812	0.9969348	0.004278225	0	6.2831855e-06	0	-0.07720812	0.9969348	0.004278225	2.944559e-20	-1
0	-0.07720812	0.9969348	0.004278225	0	2.513274e-06	0	-0.07720812	0.9969348	0.004278225	2.944709e-20	-1
0	-0.07720812	0.9969348	0.004278225	0	1.256637e-06	0	-0.07720812	0.9969348	0.004278225	2.944759e-20	-1
0	-0.07720812	0.9969348	0.004278225	0	6.283185e-07	0	-0.07720812	0.9969348	0.004278225	2.9447843e-20	-1
0	-0.07720812	0.9969348	0.004278225	0	2.513274e-07	0	-0.07720812	0.9969348	0.004278225	2.9447992e-20	-1
0	-0.07720812	0.9969348	0.004278225	0	1.256637e-07	0	-0.07720812	0.9969348	0.004278225	2.9448043e-20	-1
0	-0.07720812	0.9969348	0.004278225	0	0	0	-0.07720812	0.9969348	0.004278225	2.9448092e-20	-1
0	-0.07720812	0.9969348	0.004278225	0	-1.256637e-07	0	-0.07720812	0.9969348	0.004278225	2.944814e-20	-1
0	-0.07720812	0.9969348	0.004278225	0	-2.513274e-07	0	-0.07720812	0.9969348	0.004278225	2.9448192e-20	-1
0	-0.07720812	0.9969348	0.004278225	0	-6.283185e-07	0	-0.07720812	0.9969348	0.004278225	2.944834e-20	-1
0	-0.07720812	0.9969348	0.004278225	0	-1.256637e-06	0	-0.07720812	0.9969348	0.004278225	2.9448593e-20	-1
0	-0.07720812	0.9969348	0.004278225	0	-2.513274e-06	0	-0.07720812	0.9969348	0.004278225	2.9449094e-20	-1
0	-0.07720812	0.9969348	0.004278225	0	-6.2831855e-06	0	-0.07720812	0.9969348	0.004278225	2.9450593e-20	-1
0	-0.07720812	0.9969348	0.004278225	0	-1.2566371e-05	0	-0.07720812	0.9969348	0.004278225	2.9453094e-20	-1
0	-0.07720812	0.9969348	0.004278225	0	-2.5132742e-05	0	-0.07720812	0.9969348	0.004278225	2.94581e-20	-1
0	-0.078369066	0.99684405	0.004282684	0	-6.283185e-05	0	-0.078369066	0.99684405	0.004282684	2.94731e-20	-1
0	-0.078369066	0.99684405	0.004282684	0	-0.0001256637	0	-0.078369066	0.99684405	0.004282684	2.9498114e-20	-1
0	-0.078369066	0.99684405	0.004282684	0	-0.0002513274	0	-0.078369066	0.99684405	0.004282684	2.9548142e-20	-1
0	-0.080531895	0.99667144	0.0042908955	0	-0.0006283185	0	-0.080531895	0.99667144	0.0042908955	2.9698204e-20	-1
0	-0.0820286	0.99654925	0.0042964877	0	-0.0010053096	0	-0.0820286	0.99654925	0.0042964877	2.9848247e-20	-1
0	-0.0820286	0.99654925	0.0042964877	0	-0.001256637	0	-0.0820286	0.99654925	0.0042964877	2.994827e-20	-1
0	-0.08577192	0.9962337	0.004310189	0	-0.0018849556	0	-0.08577192	0.9962337	0.004310189	3.0198274e-20	-1
0	-0.08866936	0.99597967	0.00432051	0	-0.002513274	0	-0.08866936	0.99597967	0.00432051	3.0448224e-20	-1
0	-0.09512248	0.9953835	0.0043426976	0	-0.0037699111	0	-0.09512248	0.9953835	0.0043426976	3.0947912e-20	-1
0	-0.11149196	0.9936814	0.004394355	0	-0.0062831854	0	-0.11149196	0.9936814	0.004394355	3.1946193e-20	-1
0	-0.14356014	0.9895536	0.0044786204	0	-0.009424778	0	-0.14356014	0.9895536	0.0044786204	3.319066e-20	-1
0	-0.22899011	0.97332644	0.0046021743	0	-0.012566371	0	-0.22899011	0.97332644	0.0046021743	3.4425467e-20	-1
0	0.041337516	-0.99906874	-0.0041082473	0	-0.018849555	0	0.041337516	-0.99906874	-0.0041082473	2.1933088e-20	-1
0	0.035703745	-0.99928665	-0.004071436	0	-0.025132742	0	0.035703745	-0.99928665	-0.004071436	1.9425878e-20	-1
0	0.028052563	-0.99953187	-0.0040107695	0	-0.03769911	0	0.028052563	-0.99953187	-0.0040107695	1.441026e-20	-1
0	0.023090642	-0.9996599	-0.003960278	0	-0.050265484	0	0.023090642	-0.9996599	-0.003960278	9.393754e-21	-1
0	0.019619178	-0.999735	-0.003915795	0	-0.06283186	0	0.019619178	-0.999735	-0.003915795	4.376752e-21	-1
0	0.019619178	-0.999735	-0.003915795	0	-0.06283186	0	0.019619178	-0.999735	-0.003915795	4.376752e-21	1
0	0.023090698	-0.9996599	-0.003960277	0	-0.050265484	0	0.023090698	-0.9996599	-0.003960277	9.393754e-21	1
0	0.028043296	-0.9995321	-0.004010735	0	-0.03769911	0	0.028043296	-0.9995321	-0.004010735	1.441026e-20	1
0	0.03570132	-0.9992868	-0.004071431	0	-0.025132742	0	0.03570132	-0.9992868	-0.004071431	1.942588e-20	1
0	0.04132061	-0.99906945	-0.004108187	0	-0.018849555	0	0.04132061	-0.99906945	-0.004108187	2.1933088e-20	1
0	0.049035817	-0.9987196	-0.0041520717	0	-0.012566371	0	0.049035817	-0.9987196	-0.0041520717	2.4439602e-20	1
0	0.05407118	-0.99845916	-0.0041778376	0	-0.009424778	0	0.05407118	-0.99845916	-0.0041778376	2.5692464e-20	1
0	0.06025952	-0.9981042	-0.004207192	0	-0.0062831854	0	0.06025952	-0.9981042	-0.004207192	2.6944945e-20	1
0	0.066333115	-0.99771833	-0.004234017	0	-0.0037699111	0	0.066333115	-0.99771833	-0.004234017	2.7946562e-20	1
0	0.0698447	-0.99747837	-0.00424879	0	-0.002513274	0	0.0698447	-0.99747837	-0.00424879	2.844721e-20	1
0	0.07173973	-0.9973437	-0.0042565595	0	-0.0018849556	0	0.07173973	-0.9973437	-0.0042565595	2.8697484e-20	1
0	0.0737441	-0.9971973	-0.0042646267	0	-0.001256637	0	0.0737441	-0.9971973	-0.0042646267	2.8947725e-20	1
0	0.0737441	-0.9971973	-0.0042646267	0	-0.0010053096	0	0.0737441	-0.9971973	-0.0042646267	2.9047814e-20	1
0	0.07586516	-0.997038	-0.0042730058	0	-0.0006283185	0	0.07586516	-0.997038	-0.0042730058	2.9197928e-20	1
0	0.077209756	-0.99693465	-0.0042782286	0	-0.0002513274	0	0.077209756	-0.99693465	-0.0042782286	2.934803e-20	1
0	0.077209756	-0.99693465	-0.0042782286	0	-0.0001256637	0	0.077209756	-0.99693465	-0.0042782286	2.939806e-20	1
0	0.077209756	-0.99693465	-0.0042782286	0	-6.283185e-05	0	0.077209756	-0.99693465	-0.0042782286	2.9423076e-20	1
0	0.077209756	-0.99693465	-0.0042782286	0	-2.5132742e-05	0	0.077209756	-0.99693465	-0.0042782286	2.9438085e-20	1
0	0.077209756	-0.99693465	-0.0042782286	0	-1.2566371e-05	0	0.077209756	-0.99693465	-0.0042782286	2.944309e-20	1
0	0.077209756	-0.99693465	-0.0042782286	0	-6.2831855e-06	0	0.077209756	-0.99693465	-0.0042782286	2.944559e-20	1
0	0.077209756	-0.99693465	-0.0042782286	0	-2.513274e-06	0	0.077209756	-0.99693465	-0.0042782286	2.944709e-20	1
0	0.077209756	-0.99693465	-0.0042782286	0	-1.256637e-06	0	0.077209756	-0.99693465	-0.0042782286	2.944759e-20	1
0	0.077209756	-0.99693465	-0.0042782286	0	-6.283185e-07	0	0.077209756	-0.99693465	-0.0042782286	2.9447843e-20	1
0	0.077209756	-0.99693465	-0.0042782286	0	-2.513274e-07	0	0.077209756	-0.99693465	-0.0042782286	2.9447992e-20	1
0	0.077209756	-0.99693465	-0.0042782286	0	-1.256637e-07	0	0.077209756	-0.99693465	-0.0042782286	2.944804e-20	1
0	0.077209756	-0.99693465	-0.0042782286	0	0	0	0.077209756	-0.99693465	-0.0042782286	2.9448092e-20	1
0	0.077209756	-0.99693465	-0.0042782286	0	1.256637e-07	0	0.077209756	-0.99693465	-0.0042782286	2.944814e-20	1
0	0.077209756	-0.99693465	-0.0042782286	0	2.513274e-07	0	0.077209756	-0.99693465	-0.0042782286	2.9448192e-20	1
0	0.077209756	-0.99693465	-0.0042782286	0	6.283185e-07	0	0.077209756	-0.99693465	-0.0042782286	2.944834e-20	1
0	0.077209756	-0.99693465	-0.0042782286	0	1.256637e-06	0	0.077209756	-0.99693465	-0.0042782286	2.9448593e-20	1
0	0.077209756	-0.99693465	-0.0042782286	0	2.513274e-06	0	0.077209756	-0.99693465	-0.0042782286	2.9449094e-20	1
0	0.077209756	-0.99693465	-0.0042782286	0	6.2831855e-06	0	0.077209756	-0.99693465	-0.0042782286	2.9450593e-20	1
0	0.077209756	-0.99693465	-0.0042782286	0	1.2566371e-05	0	0.077209756	-0.99693465	-0.0042782286	2.9453094e-20	1
0	0.077209756	-0.99693465	-0.0042782286	0	2.5132742e-05	0	0.077209756	-0.99693465	-0.0042782286	2.94581e-20	1
0	0.077209756	-0.99693465	-0.0042782286	0	6.283185e-05	0	0.077209756	-0.99693465	-0.0042782286	2.9473108e-20	1
0	0.07859376	-0.9968263	-0.004283551	0	0.0001256637	0	0.07859376	-0.9968263	-0.004283551	2.949811e-20	1
0	0.07859376	-0.9968263	-0.004283551	0	0.0002513274	0	0.07859376	-0.9968263	-0.004283551	2.9548135e-20	1
0	0.08051436	-0.99667287	-0.004290836	0	0.0006283185	0	0.08051436	-0.99667287	-0.004290836	2.9698207e-20	1
0	0.08203256	-0.9965489	-0.0042965002	0	0.0010053096	0	0.08203256	-0.9965489	-0.0042965002	2.9848244e-20	1
0	0.08203256	-0.9965489	-0.0042965002	0	0.001256637	0	0.08203256	-0.9965489	-0.0042965002	2.9948268e-20	1
0	0.08576822	-0.99623406	-0.0043101767	0	0.0018849556	0	0.08576822	-0.99623406	-0.0043101767	3.0198274e-20	1
0	0.08868426	-0.99597836	-0.0043205535	0	0.002513274	0	0.08868426	-0.99597836	-0.0043205535	3.0448224e-20	1
0	0.09512102	-0.9953836	-0.0043426873	0	0.0037699111	0	0.09512102	-0.9953836	-0.0043426873	3.0947912e-20	1
0	0.111491136	-0.9936815	-0.0043943534	0	0.0062831854	0	0.111491136	-0.9936815	-0.0043943534	3.1946197e-20	1
0	0.14357416	-0.98955154	-0.0044786492	0	0.009424778	0	0.14357416	-0.98955154	-0.0044786492	3.3190658e-20	1
0	0.2293798	-0.97323453	-0.0046023857	0	0.012566371	0	0.2293798	-0.97323453	-0.0046023857	3.4425464e-20	1
0	-0.041329548	0.99906904	0.0041082175	0	0.018849555	0	-0.041329548	0.99906904	0.0041082175	2.1933088e-20	1
0	-0.03570526	0.99928653	0.0040714424	0	0.025132742	0	-0.03570526	0.99928653	0.0040714424	1.9425876e-20	1
0	-0.028050575	0.999532	0.004010764	0	0.03769911	0	-0.028050575	0.999532	0.004010764	1.441026e-20	1
0	-0.023090716	0.9996599	0.003960278	0	0.050265484	0	-0.023090716	0.9996599	0.003960278	9.3937555e-21	1
0	-0.019618103	0.999735	0.0039157905	0	0.06283186	0	-0.019618103	0.999735	0.0039157905	4.37675e-21	1
