# t (s)	mx ()	my ()	mz ()	B_extx (T)	B_exty (T)	B_extz (T)	mx ()	my ()	mz ()	E_total (J)	branch ()
0	0.12633839	0.9919063	-0.0035604653	0	0.06283186	0	0.12633839	0.9919063	-0.0035604653	4.528036e-21	-1
0	0.1914236	0.981416	-0.0040513743	0	0.050265484	0	0.1914236	0.981416	-0.0040513743	9.483588e-21	-1
0	0.28555864	0.958249	-0.0047080684	0	0.03769911	0	0.28555864	0.958249	-0.0047080684	1.4357044e-20	-1
0	0.39409292	0.9189275	-0.0053548412	0	0.025132742	0	0.39409292	0.9189275	-0.0053548412	1.9074433e-20	-1
0	0.45059216	0.89256835	-0.005626487	0	0.018849555	0	0.45059216	0.89256835	-0.005626487	2.1348213e-20	-1
0	0.5086911	0.8607674	-0.00584618	0	0.012566371	0	0.5086911	0.8607674	-0.00584618	2.3549263e-20	-1
0	0.5385897	0.84237576	-0.0059318645	0	0.009424778	0	0.5385897	0.84237576	-0.0059318645	2.4617866e-20	-1
0	0.5693524	0.82188994	-0.005998228	0	0.0062831854	0	0.5693524	0.82188994	-0.005998228	2.5662114e-20	-1
0	0.59480715	0.8036555	-0.0060349125	0	0.0037699111	0	0.59480715	0.8036555	-0.0060349125	2.6478037e-20	-1
0	0.6078931	0.79380107	-0.0060468954	0	0.002513274	0	0.6078931	0.79380107	-0.0060468954	2.6878901e-20	-1
0	0.6145327	0.78867114	-0.0060511366	0	0.0018849556	0	0.6145327	0.78867114	-0.0060511366	2.7077442e-20	-1
0	0.6212498	0.7833899	-0.0060541052	0	0.001256637	0	0.6212498	0.7833899	-0.0060541052	2.7274675e-20	-1
0	0.6212498	0.7833899	-0.0060541052	0	0.0010053096	0	0.6212498	0.7833899	-0.0060541052	2.7353302e-20	-1
0	0.6280652	0.77793545	-0.006055742	0	0.0006283185	0	0.6280652	0.77793545	-0.006055742	2.7470568e-20	-1
0	0.6280652	0.77793545	-0.006055742	0	0.0002513274	0	0.6280652	0.77793545	-0.006055742	2.7587688e-20	-1
0	0.633567	0.7734606	-0.0060560424	0	0.0001256637	0	0.633567	0.7734606	-0.0060560424	2.762628e-20	-1
0	0.633567	0.7734606	-0.0060560424	0	6.283185e-05	0	0.633567	0.7734606	-0.0060560424	2.7645688e-20	-1
0	0.633567	0.7734606	-0.0060560424	0	2.5132742e-05	0	0.633567	0.7734606	-0.0060560424	2.7657333e-20	-1
0	0.633567	0.7734606	-0.0060560424	0	1.2566371e-05	0	0.633567	0.7734606	-0.0060560424	2.7661217e-20	-1
0	0.633567	0.7734606	-0.0060560424	0	6.2831855e-06	0	0.633567	0.7734606	-0.0060560424	2.7663156e-20	-1
0	0.633567	0.7734606	-0.0060560424	0	2.513274e-06	0	0.633567	0.7734606	-0.0060560424	2.7664322e-20	-1
0	0.633567	0.7734606	-0.0060560424	0	1.256637e-06	0	0.633567	0.7734606	-0.0060560424	2.766471e-20	-1
0	0.633567	0.7734606	-0.0060560424	0	6.283185e-07	0	0.633567	0.7734606	-0.0060560424	2.7664904e-20	-1
0	0.633567	0.7734606	-0.0060560424	0	2.513274e-07	0	0.633567	0.7734606	-0.0060560424	2.766502e-20	-1
0	0.633567	0.7734606	-0.0060560424	0	1.256637e-07	0	0.633567	0.7734606	-0.0060560424	2.766506e-20	-1
0	0.633567	0.7734606	-0.0060560424	0	0	0	0.633567	0.7734606	-0.0060560424	2.7665098e-20	-1
0	0.633567	0.7734606	-0.0060560424	0	-1.256637e-07	0	0.633567	0.7734606	-0.0060560424	2.7665136e-20	-1
0	0.633567	0.7734606	-0.0060560424	0	-2.513274e-07	0	0.633567	0.7734606	-0.0060560424	2.7665175e-20	-1
0	0.633567	0.7734606	-0.0060560424	0	-6.283185e-07	0	0.633567	0.7734606	-0.0060560424	2.766529e-20	-1
0	0.633567	0.7734606	-0.0060560424	0	-1.256637e-06	0	0.633567	0.7734606	-0.0060560424	2.7665485e-20	-1
0	0.633567	0.7734606	-0.0060560424	0	-2.513274e-06	0	0.633567	0.7734606	-0.0060560424	2.7665873e-20	-1
0	0.633567	0.7734606	-0.0060560424	0	-6.2831855e-06	0	0.633567	0.7734606	-0.0060560424	2.766704e-20	-1
0	0.633567	0.7734606	-0.0060560424	0	-1.2566371e-05	0	0.633567	0.7734606	-0.0060560424	2.7668978e-20	-1
0	0.633567	0.7734606	-0.0060560424	0	-2.5132742e-05	0	0.633567	0.7734606	-0.0060560424	2.7672862e-20	-1
0	0.633567	0.7734606	-0.0060560424	0	-6.283185e-05	0	0.633567	0.7734606	-0.0060560424	2.7684504e-20	-1
0	0.633567	0.7734606	-0.0060560424	0	-0.0001256637	0	0.633567	0.7734606	-0.0060560424	2.7703914e-20	-1
0	0.633567	0.7734606	-0.0060560424	0	-0.0002513274	0	0.633567	0.7734606	-0.0060560424	2.774273e-20	-1
0	0.6419521	0.7665144	-0.0060546957	0	-0.0006283185	0	0.6419521	0.7665144	-0.0060546957	2.7858138e-20	-1
0	0.6419521	0.7665144	-0.0060546957	0	-0.0010053096	0	0.6419521	0.7665144	-0.0060546957	2.797354e-20	-1
0	0.6490768	0.76048994	-0.006051804	0	-0.001256637	0	0.6490768	0.76048994	-0.006051804	2.8049724e-20	-1
0	0.65630364	0.7542614	-0.0060472013	0	-0.0018849556	0	0.65630364	0.7542614	-0.0060472013	2.8239775e-20	-1
0	0.6636364	0.74781716	-0.006040778	0	-0.002513274	0	0.6636364	0.74781716	-0.006040778	2.8428236e-20	-1
0	0.67879343	0.73408556	-0.0060217036	0	-0.0037699111	0	0.67879343	0.73408556	-0.0060217036	2.8800128e-20	-1
0	0.71150124	0.7024294	-0.005952413	0	-0.0062831854	0	0.71150124	0.7024294	-0.005952413	2.9521582e-20	-1
0	0.7602761	0.64932775	-0.0057699205	0	-0.009424778	0	0.7602761	0.64932775	-0.0057699205	3.0371804e-20	-1
0	0.6434194	-0.7653071	-0.0006008139	0	-0.012566371	0	0.6434194	-0.7653071	-0.0006008139	2.3643224e-20	-1
0	0.57397485	-0.81868875	-0.00047416985	0	-0.018849555	0	0.57397485	-0.81868875	-0.00047416985	2.1655147e-20	-1
0	0.49195415	-0.8704629	-0.00024148641	0	-0.025132742	0	0.49195415	-0.8704629	-0.00024148641	1.9536001e-20	-1
0	-0.28558612	-0.9582408	0.0047082426	0	-0.03769911	0	-0.28558612	-0.9582408	0.0047082426	1.4357046e-20	-1
0	-0.19144349	-0.9814121	0.004051516	0	-0.050265484	0	-0.19144349	-0.9814121	0.004051516	9.483592e-21	-1
0	-0.12635195	-0.99190456	0.003560565	0	-0.06283186	0	-0.12635195	-0.99190456	0.003560565	4.5280368e-21	-1
0	-0.12635195	-0.99190456	0.003560565	0	-0.06283186	0	-0.12635195	-0.99190456	0.003560565	4.5280368e-21	1
0	-0.19142438	-0.98141587	0.004051381	0	-0.050265484	0	-0.19142438	-0.98141587	0.004051381	9.483589e-21	1
0	-0.28559107	-0.9582393	0.0047082743	0	-0.03769911	0	-0.28559107	-0.9582393	0.0047082743	1.4357046e-20	1
0	-0.39408195	-0.9189322	0.0053547956	0	-0.025132742	0	-0.39408195	-0.9189322	0.0053547956	1.9074434e-20	1
0	-0.45059544	-0.8925667	0.005626498	0	-0.018849555	0	-0.45059544	-0.8925667	0.005626498	2.1348212e-20	1
0	-0.5086721	-0.86077857	0.005846124	0	-0.012566371	0	-0.5086721	-0.86077857	0.005846124	2.3549265e-20	1
0	-0.5385942	-0.8423729	0.0059318943	0	-0.009424778	0	-0.5385942	-0.8423729	0.0059318943	2.4617866e-20	1
0	-0.5693711	-0.821877	0.0059982594	0	-0.0062831854	0	-0.5693711	-0.821877	0.0059982594	2.5662114e-20	1
0	-0.59482443	-0.8036427	0.0060349265	0	-0.0037699111	0	-0.59482443	-0.8036427	0.0060349265	2.6478042e-20	1
0	-0.60789126	-0.7938025	0.006046908	0	-0.002513274	0	-0.60789126	-0.7938025	0.006046908	2.6878898e-20	1
0	-0.6145308	-0.7886727	0.006051134	0	-0.0018849556	0	-0.6145308	-0.7886727	0.006051134	2.7077442e-20	1
0	-0.6212541	-0.78338647	0.0060541057	0	-0.001256637	0	-0.6212541	-0.78338647	0.0060541057	2.727468e-20	1
0	-0.6212541	-0.78338647	0.0060541057	0	-0.0010053096	0	-0.6212541	-0.78338647	0.0060541057	2.735331e-20	1
0	-0.62806034	-0.77793944	0.006055743	0	-0.0006283185	0	-0.62806034	-0.77793944	0.006055743	2.7470568e-20	1
0	-0.62806034	-0.77793944	0.006055743	0	-0.0002513274	0	-0.62806034	-0.77793944	0.006055743	2.758769e-20	1
0	-0.63357055	-0.77345777	0.006056041	0	-0.0001256637	0	-0.63357055	-0.77345777	0.006056041	2.762628e-20	1
0	-0.63357055	-0.77345777	0.006056041	0	-6.283185e-05	0	-0.63357055	-0.77345777	0.006056041	2.7645688e-20	1
0	-0.63357055	-0.77345777	0.006056041	0	-2.5132742e-05	0	-0.63357055	-0.77345777	0.006056041	2.7657333e-20	1
0	-0.63357055	-0.77345777	0.006056041	0	-1.2566371e-05	0	-0.63357055	-0.77345777	0.006056041	2.7661214e-20	1
0	-0.63357055	-0.77345777	0.006056041	0	-6.2831855e-06	0	-0.63357055	-0.77345777	0.006056041	2.7663156e-20	1
0	-0.63357055	-0.77345777	0.006056041	0	-2.513274e-06	0	-0.63357055	-0.77345777	0.006056041	2.766432e-20	1
0	-0.63357055	-0.77345777	0.006056041	0	-1.256637e-06	0	-0.63357055	-0.77345777	0.006056041	2.766471e-20	1
0	-0.63357055	-0.77345777	0.006056041	0	-6.283185e-07	0	-0.63357055	-0.77345777	0.006056041	2.7664904e-20	1
0	-0.63357055	-0.77345777	0.006056041	0	-2.513274e-07	0	-0.63357055	-0.77345777	0.006056041	2.766502e-20	1
0	-0.63357055	-0.77345777	0.006056041	0	-1.256637e-07	0	-0.63357055	-0.77345777	0.006056041	2.766506e-20	1
0	-0.63357055	-0.77345777	0.006056041	0	0	0	-0.63357055	-0.77345777	0.006056041	2.7665098e-20	1
0	-0.63357055	-0.77345777	0.006056041	0	1.256637e-07	0	-0.63357055	-0.77345777	0.006056041	2.7665136e-20	1
0	-0.63357055	-0.77345777	0.006056041	0	2.513274e-07	0	-0.63357055	-0.77345777	0.006056041	2.7665175e-20	1
0	-0.63357055	-0.77345777	0.006056041	0	6.283185e-07	0	-0.63357055	-0.77345777	0.006056041	2.766529e-20	1
0	-0.63357055	-0.77345777	0.006056041	0	1.256637e-06	0	-0.63357055	-0.77345777	0.006056041	2.7665485e-20	1
0	-0.63357055	-0.77345777	0.006056041	0	2.513274e-06	0	-0.63357055	-0.77345777	0.006056041	2.7665873e-20	1
0	-0.63357055	-0.77345777	0.006056041	0	6.2831855e-06	0	-0.63357055	-0.77345777	0.006056041	2.7667036e-20	1
0	-0.63357055	-0.77345777	0.006056041	0	1.2566371e-05	0	-0.63357055	-0.77345777	0.006056041	2.7668978e-20	1
0	-0.63357055	-0.77345777	0.006056041	0	2.5132742e-05	0	-0.63357055	-0.77345777	0.006056041	2.767286e-20	1
0	-0.63357055	-0.77345777	0.006056041	0	6.283185e-05	0	-0.63357055	-0.77345777	0.006056041	2.7684504e-20	1
0	-0.63357055	-0.77345777	0.006056041	0	0.0001256637	0	-0.63357055	-0.77345777	0.006056041	2.7703914e-20	1
0	-0.63357055	-0.77345777	0.006056041	0	0.0002513274	0	-0.63357055	-0.77345777	0.006056041	2.774273e-20	1
0	-0.64195	-0.7665162	0.0060546966	0	0.0006283185	0	-0.64195	-0.7665162	0.0060546966	2.7858138e-20	1
0	-0.64195	-0.7665162	0.0060546966	0	0.0010053096	0	-0.64195	-0.7665162	0.0060546966	2.797354e-20	1
0	-0.64908075	-0.7604866	0.0060518	0	0.001256637	0	-0.64908075	-0.7604866	0.0060518	2.8049724e-20	1
0	-0.656278	-0.75428367	0.0060472274	0	0.0018849556	0	-0.656278	-0.75428367	0.0060472274	2.8239775e-20	1
0	-0.66363966	-0.7478142	0.0060407743	0	0.002513274	0	-0.66363966	-0.7478142	0.0060407743	2.8428236e-20	1
0	-0.67879385	-0.7340852	0.0060217027	0	0.0037699111	0	-0.67879385	-0.7340852	0.0060217027	2.8800128e-20	1
0	-0.7114867	-0.7024442	0.0059524565	0	0.0062831854	0	-0.7114867	-0.7024442	0.0059524565	2.9521585e-20	1
0	-0.7602532	-0.6493545	0.005770021	0	0.009424778	0	-0.7602532	-0.6493545	0.005770021	3.0371804e-20	1
0	0.92320067	-0.38401264	-0.00072919927	0	0.012566371	0	0.92320067	-0.38401264	-0.00072919927	2.988943e-20	1
0	-0.5739486	0.81870717	0.0004741089	0	0.018849555	0	-0.5739486	0.81870717	0.0004741089	2.1655147e-20	1
0	-0.49195844	0.87046045	0.00024150091	0	0.025132742	0	-0.49195844	0.87046045	0.00024150091	1.9536e-20	1
0	0.28556144	0.9582482	-0.004708086	0	0.03769911	0	0.28556144	0.9582482	-0.004708086	1.4357046e-20	1
0	0.1914406	0.98141265	-0.0040514944	0	0.050265484	0	0.1914406	0.98141265	-0.0040514944	9.483588e-21	1
0	0.12634693	0.9919052	-0.0035605282	0	0.06283186	0	0.12634693	0.9919052	-0.0035605282	4.528037e-21	1
