# t (s)	mx ()	my ()	mz ()	B_extx (T)	B_exty (T)	B_extz (T)	mx ()	my ()	mz ()	E_total (J)	branch ()
0	-0.053530406	0.9984999	-0.00028462996	0	0.06283186	0	-0.053530406	0.9984999	-0.00028462996	4.6786907e-21	-1
0	-0.06405331	0.9978789	-0.00034576422	0	0.050265484	0	-0.06405331	0.9978789	-0.00034576422	9.688249e-21	-1
0	-0.079462826	0.9967686	-0.0004364954	0	0.03769911	0	-0.079462826	0.9967686	-0.0004364954	1.4693615e-20	-1
0	-0.1038712	0.9945189	-0.0005826063	0	0.025132742	0	-0.1038712	0.9945189	-0.0005826063	1.969098e-20	-1
0	-0.12209059	0.9924449	-0.00069311965	0	0.018849555	0	-0.12209059	0.9924449	-0.00069311965	2.2184076e-20	-1
0	-0.14719684	0.9890299	-0.0008466436	0	0.012566371	0	-0.14719684	0.9890299	-0.0008466436	2.4670465e-20	-1
0	-0.16357282	0.9864516	-0.0009471277	0	0.009424778	0	-0.16357282	0.9864516	-0.0009471277	2.590979e-20	-1
0	-0.1835902	0.98292005	-0.001069844	0	0.0062831854	0	-0.1835902	0.98292005	-0.001069844	2.714532e-20	-1
0	-0.20315647	0.9790601	-0.001189182	0	0.0037699111	0	-0.20315647	0.9790601	-0.001189182	2.8130038e-20	-1
0	-0.21444392	0.9766481	-0.0012575848	0	0.002513274	0	-0.21444392	0.9766481	-0.0012575848	2.862079e-20	-1
0	-0.22054327	0.9752878	-0.0012943549	0	0.0018849556	0	-0.22054327	0.9752878	-0.0012943549	2.8865686e-20	-1
0	-0.22697365	0.97381026	-0.0013329523	0	0.001256637	0	-0.22697365	0.97381026	-0.0013329523	2.911023e-20	-1
0	-0.22697365	0.97381026	-0.0013329523	0	0.0010053096	0	-0.22697365	0.97381026	-0.0013329523	2.920797e-20	-1
0	-0.23379254	0.97219455	-0.0013736801	0	0.0006283185	0	-0.23379254	0.97219455	-0.0013736801	2.935438e-20	-1
0	-0.23808494	0.9711515	-0.0013992009	0	0.0002513274	0	-0.23808494	0.9711515	-0.0013992009	2.9500673e-20	-1
0	-0.23808494	0.9711515	-0.0013992009	0	0.0001256637	0	-0.23808494	0.9711515	-0.0013992009	2.9549412e-20	-1
0	-0.23808494	0.9711515	-0.0013992009	0	6.283185e-05	0	-0.23808494	0.9711515	-0.0013992009	2.957378e-20	-1
0	-0.23808494	0.9711515	-0.0013992009	0	2.5132742e-05	0	-0.23808494	0.9711515	-0.0013992009	2.9588402e-20	-1
0	-0.23808494	0.9711515	-0.0013992009	0	1.2566371e-05	0	-0.23808494	0.9711515	-0.0013992009	2.9593275e-20	-1
0	-0.23808494	0.9711515	-0.0013992009	0	6.2831855e-06	0	-0.23808494	0.9711515	-0.0013992009	2.959571e-20	-1
0	-0.23808494	0.9711515	-0.0013992009	0	2.513274e-06	0	-0.23808494	0.9711515	-0.0013992009	2.9597175e-20	-1
0	-0.23808494	0.9711515	-0.0013992009	0	1.256637e-06	0	-0.23808494	0.9711515	-0.0013992009	2.9597663e-20	-1
0	-0.23808494	0.9711515	-0.0013992009	0	6.283185e-07	0	-0.23808494	0.9711515	-0.0013992009	2.9597905e-20	-1
0	-0.23808494	0.9711515	-0.0013992009	0	2.513274e-07	0	-0.23808494	0.9711515	-0.0013992009	2.959805e-20	-1
0	-0.23808494	0.9711515	-0.0013992009	0	1.256637e-07	0	-0.23808494	0.9711515	-0.0013992009	2.95981e-20	-1
0	-0.23808494	0.9711515	-0.0013992009	0	0	0	-0.23808494	0.9711515	-0.0013992009	2.9598148e-20	-1
0	-0.23808494	0.9711515	-0.0013992009	0	-1.256637e-07	0	-0.23808494	0.9711515	-0.0013992009	2.9598196e-20	-1
0	-0.23808494	0.9711515	-0.0013992009	0	-2.513274e-07	0	-0.23808494	0.9711515	-0.0013992009	2.9598248e-20	-1
0	-0.23808494	0.9711515	-0.0013992009	0	-6.283185e-07	0	-0.23808494	0.9711515	-0.0013992009	2.9598393e-20	-1
0	-0.23808494	0.9711515	-0.0013992009	0	-1.256637e-06	0	-0.23808494	0.9711515	-0.0013992009	2.9598636e-20	-1
0	-0.23808494	0.9711515	-0.0013992009	0	-2.513274e-06	0	-0.23808494	0.9711515	-0.0013992009	2.9599123e-20	-1
0	-0.23808494	0.9711515	-0.0013992009	0	-6.2831855e-06	0	-0.23808494	0.9711515	-0.0013992009	2.9600587e-20	-1
0	-0.23808494	0.9711515	-0.0013992009	0	-1.2566371e-05	0	-0.23808494	0.9711515	-0.0013992009	2.9603023e-20	-1
0	-0.23808494	0.9711515	-0.0013992009	0	-2.5132742e-05	0	-0.23808494	0.9711515	-0.0013992009	2.9607896e-20	-1
0	-0.24179608	0.97023344	-0.001421189	0	-6.283185e-05	0	-0.24179608	0.97023344	-0.001421189	2.9622456e-20	-1
0	-0.24179608	0.97023344	-0.001421189	0	-0.0001256637	0	-0.24179608	0.97023344	-0.001421189	2.9646803e-20	-1
0	-0.24179608	0.97023344	-0.001421189	0	-0.0002513274	0	-0.24179608	0.97023344	-0.001421189	2.9695493e-20	-1
0	-0.24875581	0.96847105	-0.0014622145	0	-0.0006283185	0	-0.24875581	0.96847105	-0.0014622145	2.9841368e-20	-1
0	-0.25363278	0.96720445	-0.0014907923	0	-0.0010053096	0	-0.25363278	0.96720445	-0.0014907923	2.9987084e-20	-1
0	-0.25699988	0.96631455	-0.0015104319	0	-0.001256637	0	-0.25699988	0.96631455	-0.0015104319	3.0084116e-20	-1
0	-0.26584226	0.96391773	-0.0015616482	0	-0.0018849556	0	-0.26584226	0.96391773	-0.0015616482	3.0326293e-20	-1
0	-0.2754019	0.96122813	-0.0016163815	0	-0.002513274	0	-0.2754019	0.96122813	-0.0016163815	3.0567833e-20	-1
0	-0.29715353	0.9547235	-0.0017381208	0	-0.0037699111	0	-0.29715353	0.9547235	-0.0017381208	3.104866e-20	-1
0	-0.35998917	0.93283343	-0.002061775	0	-0.0062831854	0	-0.35998917	0.93283343	-0.002061775	3.1997404e-20	-1
0	0.16355848	-0.986454	0.0009470403	0	-0.009424778	0	0.16355848	-0.986454	0.0009470403	2.5909788e-20	-1
0	0.14721483	-0.98902726	0.0008467543	0	-0.012566371	0	0.14721483	-0.98902726	0.0008467543	2.4670461e-20	-1
0	0.122096576	-0.99244416	0.00069315796	0	-0.018849555	0	0.122096576	-0.99244416	0.00069315796	2.2184078e-20	-1
0	0.10387774	-0.99451816	0.0005826527	0	-0.025132742	0	0.10387774	-0.99451816	0.0005826527	1.969098e-20	-1
0	0.07946712	-0.99676824	0.0004365148	0	-0.03769911	0	0.07946712	-0.99676824	0.0004365148	1.4693612e-20	-1
0	0.06405668	-0.9978787	0.00034578354	0	-0.050265484	0	0.06405668	-0.9978787	0.00034578354	9.688249e-21	-1
0	0.05353243	-0.99849975	0.00028464192	0	-0.06283186	0	0.05353243	-0.99849975	0.00028464192	4.6786927e-21	-1
0	0.05353243	-0.99849975	0.00028464192	0	-0.06283186	0	0.05353243	-0.99849975	0.00028464192	4.6786927e-21	1
0	0.064052925	-0.9978789	0.0003457695	0	-0.050265484	0	0.064052925	-0.9978789	0.0003457695	9.688247e-21	1
0	0.07946345	-0.9967685	0.000436498	0	-0.03769911	0	0.07946345	-0.9967685	0.000436498	1.4693613e-20	1
0	0.10386638	-0.99451935	0.00058258185	0	-0.025132742	0	0.10386638	-0.99451935	0.00058258185	1.9690981e-20	1
0	0.12209179	-0.99244475	0.00069312716	0	-0.018849555	0	0.12209179	-0.99244475	0.00069312716	2.2184076e-20	1
0	0.14719781	-0.98902977	0.00084667274	0	-0.012566371	0	0.14719781	-0.98902977	0.00084667274	2.4670465e-20	1
0	0.16356403	-0.98645306	0.00094707264	0	-0.009424778	0	0.16356403	-0.98645306	0.00094707264	2.5909786e-20	1
0	0.1835963	-0.98291886	0.001069878	0	-0.0062831854	0	0.1835963	-0.98291886	0.001069878	2.714532e-20	1
0	0.20310724	-0.9790703	0.0011888982	0	-0.0037699111	0	0.20310724	-0.9790703	0.0011888982	2.8130034e-20	1
0	0.21443494	-0.97665006	0.0012575267	0	-0.002513274	0	0.21443494	-0.97665006	0.0012575267	2.8620785e-20	1
0	0.22051872	-0.97529334	0.001294205	0	-0.0018849556	0	0.22051872	-0.97529334	0.001294205	2.8865682e-20	1
0	0.2270047	-0.97380304	0.0013331377	0	-0.001256637	0	0.2270047	-0.97380304	0.0013331377	2.911023e-20	1
0	0.2270047	-0.97380304	0.0013331377	0	-0.0010053096	0	0.2270047	-0.97380304	0.0013331377	2.920797e-20	1
0	0.23379213	-0.97219455	0.0013736784	0	-0.0006283185	0	0.23379213	-0.97219455	0.0013736784	2.9354378e-20	1
0	0.23808722	-0.9711509	0.001399216	0	-0.0002513274	0	0.23808722	-0.9711509	0.001399216	2.9500673e-20	1
0	0.23808722	-0.9711509	0.001399216	0	-0.0001256637	0	0.23808722	-0.9711509	0.001399216	2.9549412e-20	1
0	0.23808722	-0.9711509	0.001399216	0	-6.283185e-05	0	0.23808722	-0.9711509	0.001399216	2.9573778e-20	1
0	0.23808722	-0.9711509	0.001399216	0	-2.5132742e-05	0	0.23808722	-0.9711509	0.001399216	2.95884e-20	1
0	0.23808722	-0.9711509	0.001399216	0	-1.2566371e-05	0	0.23808722	-0.9711509	0.001399216	2.9593275e-20	1
0	0.23808722	-0.9711509	0.001399216	0	-6.2831855e-06	0	0.23808722	-0.9711509	0.001399216	2.959571e-20	1
0	0.23808722	-0.9711509	0.001399216	0	-2.513274e-06	0	0.23808722	-0.9711509	0.001399216	2.9597172e-20	1
0	0.23808722	-0.9711509	0.001399216	0	-1.256637e-06	0	0.23808722	-0.9711509	0.001399216	2.959766e-20	1
0	0.23808722	-0.9711509	0.001399216	0	-6.283185e-07	0	0.23808722	-0.9711509	0.001399216	2.9597905e-20	1
0	0.23808722	-0.9711509	0.001399216	0	-2.513274e-07	0	0.23808722	-0.9711509	0.001399216	2.959805e-20	1
0	0.23808722	-0.9711509	0.001399216	0	-1.256637e-07	0	0.23808722	-0.9711509	0.001399216	2.95981e-20	1
0	0.23808722	-0.9711509	0.001399216	0	0	0	0.23808722	-0.9711509	0.001399216	2.9598148e-20	1
0	0.23808722	-0.9711509	0.001399216	0	1.256637e-07	0	0.23808722	-0.9711509	0.001399216	2.9598196e-20	1
0	0.23808722	-0.9711509	0.001399216	0	2.513274e-07	0	0.23808722	-0.9711509	0.001399216	2.9598245e-20	1
0	0.23808722	-0.9711509	0.001399216	0	6.283185e-07	0	0.23808722	-0.9711509	0.001399216	2.9598393e-20	1
0	0.23808722	-0.9711509	0.001399216	0	1.256637e-06	0	0.23808722	-0.9711509	0.001399216	2.9598636e-20	1
0	0.23808722	-0.9711509	0.001399216	0	2.513274e-06	0	0.23808722	-0.9711509	0.001399216	2.9599123e-20	1
0	0.23808722	-0.9711509	0.001399216	0	6.2831855e-06	0	0.23808722	-0.9711509	0.001399216	2.9600584e-20	1
0	0.23808722	-0.9711509	0.001399216	0	1.2566371e-05	0	0.23808722	-0.9711509	0.001399216	2.960302e-20	1
0	0.23808722	-0.9711509	0.001399216	0	2.5132742e-05	0	0.23808722	-0.9711509	0.001399216	2.9607896e-20	1
0	0.24178872	-0.9702352	0.0014211489	0	6.283185e-05	0	0.24178872	-0.9702352	0.0014211489	2.9622456e-20	1
0	0.24178872	-0.9702352	0.0014211489	0	0.0001256637	0	0.24178872	-0.9702352	0.0014211489	2.9646803e-20	1
0	0.24178872	-0.9702352	0.0014211489	0	0.0002513274	0	0.24178872	-0.9702352	0.0014211489	2.9695493e-20	1
0	0.24876264	-0.9684694	0.0014622547	0	0.0006283185	0	0.24876264	-0.9684694	0.0014622547	2.984137e-20	1
0	0.25361854	-0.96720815	0.0014907089	0	0.0010053096	0	0.25361854	-0.96720815	0.0014907089	2.9987087e-20	1
0	0.25361854	-0.96720815	0.0014907089	0	0.001256637	0	0.25361854	-0.96720815	0.0014907089	3.0084165e-20	1
0	0.2658425	-0.9639176	0.0015616496	0	0.0018849556	0	0.2658425	-0.9639176	0.0015616496	3.0326293e-20	1
0	0.27540267	-0.9612279	0.0016163869	0	0.002513274	0	0.27540267	-0.9612279	0.0016163869	3.0567833e-20	1
0	0.29714206	-0.95472705	0.0017380577	0	0.0037699111	0	0.29714206	-0.95472705	0.0017380577	3.1048657e-20	1
0	0.36004603	-0.9328115	0.0020620492	0	0.0062831854	0	0.36004603	-0.9328115	0.0020620492	3.19974e-20	1
0	-0.9983387	0.056318145	0.002966342	0	0.009424778	0	-0.9983387	0.056318145	0.002966342	2.7806465e-20	1
0	-0.14718772	0.98903126	-0.0008465874	0	0.012566371	0	-0.14718772	0.98903126	-0.0008465874	2.467046e-20	1
0	-0.122102484	0.99244344	-0.0006931922	0	0.018849555	0	-0.122102484	0.99244344	-0.0006931922	2.2184078e-20	1
0	-0.10387748	0.99451816	-0.00058264105	0	0.025132742	0	-0.10387748	0.99451816	-0.00058264105	1.9690983e-20	1
0	-0.079467356	0.99676824	-0.0004365219	0	0.03769911	0	-0.079467356	0.99676824	-0.0004365219	1.4693616e-20	1
0	-0.06405713	0.9978786	-0.00034578654	0	0.050265484	0	-0.06405713	0.9978786	-0.00034578654	9.688246e-21	1
0	-0.053534508	0.99849963	-0.00028465342	0	0.06283186	0	-0.053534508	0.99849963	-0.00028465342	4.6786903e-21	1
